9.9973E-05 9.9973E-05 0.113067 0.4812 0.339394 9.9973E-05 0.0660381
0.0136396 9.9982E-05 0.0985776 0.196728 0.289181 9.9982E-05 0.401674
9.9982E-05 0.0843777 0.307423 0.237869 0.260432 9.9982E-05 0.109698
9.9982E-05 0.0854402 0.620343 0.162314 0.0487017 9.9982E-05 0.0830018
9.9973E-05 9.9973E-05 0.324212 0.188455 0.463038 0.0239952 9.9973E-05
9.9973E-05 0.10383 0.475495 0.330492 0.0898825 9.9973E-05 9.9973E-05
0.757633 0.0803683 9.9964E-05 9.9964E-05 9.9964E-05 9.9964E-05 0.161599
0.684107 0.117369 9.9964E-05 9.9964E-05 0.198124 9.9964E-05 9.9964E-05
0.844305 9.9973E-05 0.0828711 9.9973E-05 9.9973E-05 0.0102165 0.0623079
0.949644 0.0387433 9.9964E-05 9.9964E-05 0.0112125 9.9964E-05 9.9964E-05
0.740803 0.00250371 0.0290542 0.000691078 9.9982E-05 9.9982E-05 0.226748
0.727028 9.99729E-05 9.99729E-05 0.0492998 0.0448669 9.99729E-05 0.178505
0.77605 9.9964E-05 0.058354 9.9964E-05 9.9964E-05 0.165196 9.9964E-05
0.886455 0.0561495 9.99641E-05 9.99641E-05 9.99641E-05 0.0569961 9.99641E-05
0.816867 0.0995766 9.9964E-05 9.9964E-05 9.9964E-05 9.9964E-05 0.0831569
0.785169 9.99641E-05 9.99641E-05 9.99641E-05 0.0235603 9.99641E-05 0.19087
9.9982E-05 0.279678 0.0682855 0.341706 0.284785 0.0253464 9.9982E-05
0.0353381 0.779202 0.0797777 0.00613404 0.0932858 0.00616262 9.9991E-05
9.9973E-05 0.310707 0.165063 0.480113 9.9973E-05 0.0438167 9.9973E-05
9.9982E-05 0.338796 0.24113 0.25302 0.0641317 0.102722 9.9982E-05
9.9982E-05 0.630368 0.164069 0.0243867 0.180391 0.000585597 9.9982E-05
9.9973E-05 0.607112 0.100872 0.273355 9.9973E-05 0.0183613 9.9973E-05
0.0321229 9.9973E-05 9.9973E-05 0.614773 0.169691 9.9973E-05 0.183114
9.9955E-05 9.9955E-05 9.9955E-05 0.76797 0.23153 9.9955E-05 9.9955E-05
9.9973E-05 9.9973E-05 0.0441367 0.901403 0.0525379 0.00162254 9.9973E-05
9.997E-05 0.120388 0.236921 0.509497 0.132894 9.997E-05 9.997E-05
9.9982E-05 0.0832694 0.0035213 0.443032 0.313544 0.156433 9.9982E-05
9.9973E-05 9.9973E-05 0.200571 0.396767 0.288335 0.114027 9.9973E-05
0.043485 0.309105 9.9973E-05 9.9973E-05 0.596758 9.9973E-05 0.0503519
0.124294 0.463172 0.0642059 9.9982E-05 0.344518 9.9982E-05 0.00360999
9.9964E-05 0.328508 0.363644 9.9964E-05 9.9964E-05 9.9964E-05 0.307448
0.044668 0.314881 0.472815 9.9982E-05 0.13591 9.9982E-05 0.0315262
9.9973E-05 0.335787 0.489767 0.09886 0.0752864 9.9973E-05 9.9973E-05
0.0408868 9.9973E-05 9.9973E-05 0.89579 0.0551338 9.9973E-05 0.00788937
9.99549E-05 9.99549E-05 9.99549E-05 0.70238 9.99549E-05 9.99549E-05 0.29712
0.00293073 0.25836 0.17347 0.380608 0.139648 0.043709 0.00127421
9.9982E-05 0.0196853 0.108211 0.407613 9.9982E-05 0.28551 0.178781
9.9982E-05 0.09327 0.123677 0.589994 0.0710951 0.121764 9.9982E-05
9.9982E-05 0.223836 9.9982E-05 0.556137 0.0237797 0.061836 0.134212
9.9982E-05 0.26175 0.185252 0.492606 0.0296518 0.0305404 9.9982E-05
9.9973E-05 9.9973E-05 0.307706 0.332815 0.164616 9.9973E-05 0.194563
9.9982E-05 9.9982E-05 0.365897 0.234446 0.295587 0.0749924 0.0288775
9.9982E-05 0.141409 0.588869 0.17743 9.9982E-05 0.075698 0.0163937
0.00798955 9.9991E-05 0.205374 0.310495 0.321944 0.0768981 0.0771988
9.998E-05 0.0790702 0.382842 0.373898 0.162233 9.998E-05 0.00175645
9.9964E-05 0.171457 0.464071 0.364072 9.9964E-05 9.9964E-05 9.9964E-05
9.9964E-05 0.900093 9.9964E-05 0.0320287 9.9964E-05 0.0674783 9.9964E-05
9.9973E-05 0.628419 0.0704124 9.9973E-05 0.039955 9.9973E-05 0.260914
9.9955E-05 0.593254 9.9955E-05 9.9955E-05 9.9955E-05 9.9955E-05 0.406246
9.996E-05 0.505507 9.996E-05 9.996E-05 0.255062 9.996E-05 0.239031
9.9964E-05 0.802627 0.110154 9.9964E-05 9.9964E-05 9.9964E-05 0.0868192
0.0907805 0.362304 9.9973E-05 0.300424 0.246191 9.9973E-05 9.9973E-05
9.9973E-05 0.660493 9.9973E-05 0.223046 0.0794677 0.0366929 9.9973E-05
9.9982E-05 0.333631 9.9982E-05 0.526944 0.134289 0.00181533 0.00312122
9.9964E-05 0.280969 9.9964E-05 0.569156 0.149475 9.9964E-05 9.9964E-05
9.9982E-05 0.205874 0.237017 0.402549 0.0811117 0.0732487 9.9982E-05
0.517691 9.9982E-05 9.9982E-05 0.333469 0.00249386 0.0894668 0.0566795
0.630502 9.9973E-05 9.9973E-05 0.152968 0.0368331 0.179398 9.9973E-05
9.9964E-05 9.9964E-05 9.9964E-05 0.0650357 0.0223232 0.912241 9.9964E-05
0.239689 0.10799 9.9982E-05 0.000289899 9.9982E-05 0.496796 0.155035
0.19831 9.9973E-05 9.9973E-05 9.9973E-05 0.00545051 0.646639 0.1493
9.99639E-05 0.141187 9.99639E-05 9.99639E-05 9.99639E-05 0.725618 0.132794
0.333553 0.0471754 9.99729E-05 0.0066465 9.99729E-05 9.99729E-05 0.612325
0.338076 9.9982E-05 0.122391 0.0409387 9.9982E-05 0.175445 0.32295
0.791835 9.99639E-05 0.11964 9.99639E-05 9.99639E-05 9.99639E-05 0.0881248
0.923745 0.00159135 9.9973E-05 0.00991431 9.9973E-05 0.064449 9.9973E-05
0.709338 0.0129682 0.0459944 0.131209 9.9991E-05 0.0775895 0.0228004
0.477447 9.99641E-05 9.99641E-05 0.110405 9.99641E-05 0.411748 9.99641E-05
0.348861 9.997E-05 9.997E-05 0.112479 9.997E-05 0.218114 0.320246
0.57055 9.9973E-05 9.9973E-05 0.101914 9.9973E-05 0.291081 0.0361545
0.372525 9.998E-05 0.0235264 0.153892 9.998E-05 0.135766 0.314091
0.578126 9.9964E-05 9.9964E-05 0.142307 9.9964E-05 0.279167 9.9964E-05
0.400755 9.9982E-05 9.9982E-05 0.0434838 0.0257594 0.177629 0.352173
0.171757 0.152168 0.0117718 9.9991E-05 0.00665695 0.643312 0.0142347
0.149273 0.0697627 9.9973E-05 0.138565 9.9973E-05 0.642099 9.9973E-05
0.00437708 0.0827571 9.9973E-05 9.9973E-05 9.9973E-05 0.800679 0.111887
0.128112 9.9973E-05 0.0676553 9.9973E-05 9.9973E-05 0.639449 0.164484
9.9955E-05 9.9955E-05 0.0358114 9.9955E-05 9.9955E-05 0.963689 9.9955E-05
0.347089 9.9973E-05 9.9973E-05 0.063902 9.9973E-05 0.551578 0.0371312
0.360938 0.0952658 9.99729E-05 9.99729E-05 9.99729E-05 0.26239 0.281106
0.0140926 0.0817314 0.0339279 9.9991E-05 0.0128536 0.733898 0.123397
9.9973E-05 9.9973E-05 0.0660244 0.116102 0.751571 0.066003 9.9973E-05
9.9973E-05 9.9973E-05 9.9973E-05 0.070846 0.704623 0.00848478 0.215747
9.9973E-05 9.9973E-05 9.9973E-05 0.0141686 0.742266 0.0634524 0.179813
0.0397244 0.0643435 0.245125 9.9982E-05 0.62459 0.0260171 9.9982E-05
0.0422543 0.242974 0.0182101 9.9973E-05 0.696262 9.9973E-05 9.9973E-05
9.9964E-05 0.0753394 9.9964E-05 9.9964E-05 0.200327 9.9964E-05 0.723933
9.99641E-05 9.99641E-05 0.610899 9.99641E-05 0.151395 9.99641E-05 0.237306
0.0190393 0.0424476 0.505879 0.0175197 0.197267 9.9991E-05 0.217748
9.9973E-05 0.0282285 0.643694 9.9973E-05 0.301261 9.9973E-05 0.026517
9.99639E-05 9.99639E-05 0.29356 9.99639E-05 0.455965 9.99639E-05 0.250075
9.9964E-05 9.9964E-05 0.880798 9.9964E-05 0.0778717 0.0409305 9.9964E-05
9.9955E-05 9.9955E-05 0.933679 0.0658212 9.9955E-05 9.9955E-05 9.9955E-05
0.00720956 0.0313861 0.61942 0.0973356 0.244449 9.9982E-05 9.9982E-05
9.9991E-05 0.0131143 0.756274 0.0625268 0.11477 0.00416753 0.0490472
9.99639E-05 0.190222 0.647468 9.99639E-05 9.99639E-05 9.99639E-05 0.161911
9.9982E-05 0.0631593 0.709171 0.122271 0.0721399 9.9982E-05 0.0330591
0.0215271 9.9973E-05 0.77321 9.9973E-05 0.189035 0.0159284 9.9973E-05
9.9964E-05 9.9964E-05 0.750248 0.0924702 0.156882 9.9964E-05 9.9964E-05
0.00389837 9.9973E-05 0.481376 0.164447 0.349978 9.9973E-05 9.9973E-05
9.9973E-05 0.22662 9.9973E-05 0.0162763 0.701519 9.9973E-05 0.055285
9.9973E-05 0.0923287 0.0135568 0.063811 0.830004 9.9973E-05 9.9973E-05
9.9973E-05 0.0701531 9.9973E-05 0.0664536 0.812328 9.9973E-05 0.0507657
9.9964E-05 9.9964E-05 9.9964E-05 0.0943359 0.797383 9.9964E-05 0.107881
0.0193341 0.0425909 0.103856 9.9991E-05 0.757448 0.0324077 0.0442638
9.9982E-05 0.0535758 0.0927327 0.0685457 0.758422 0.0265235 9.9982E-05
9.9964E-05 0.175451 9.9964E-05 0.164778 0.659371 9.9964E-05 9.9964E-05
9.9973E-05 0.0458264 0.0378189 9.9973E-05 0.883868 0.0321869 9.9973E-05
9.9973E-05 0.0193107 0.174312 9.9973E-05 0.716186 0.0898915 9.9973E-05
9.99639E-05 9.99639E-05 0.273221 0.0408574 0.685522 9.99639E-05 9.99639E-05
9.9973E-05 9.9973E-05 0.123452 0.117454 0.725518 0.033276 9.9973E-05
9.9964E-05 9.9964E-05 0.0812849 0.0458598 0.872455 9.9964E-05 9.9964E-05
9.9982E-05 0.115643 0.169062 0.097752 0.586672 9.9982E-05 0.0306704
9.9973E-05 0.179157 0.0978796 9.9973E-05 0.672053 0.0506104 9.9973E-05
9.9982E-05 0.0436178 0.228426 0.0565571 0.585513 9.9982E-05 0.0856865
9.99731E-05 0.0631086 0.276744 0.0182427 0.641605 9.99731E-05 9.99731E-05
0.057596 0.0490983 0.141401 9.9973E-05 0.751605 9.9973E-05 9.9973E-05
9.9973E-05 9.9973E-05 0.0175697 0.081784 0.875493 0.0248531 9.9973E-05
9.9973E-05 0.0321696 0.208994 9.9973E-05 0.741684 9.9973E-05 0.0168525
9.9964E-05 9.9964E-05 9.9964E-05 0.177036 0.600051 9.9964E-05 0.222512
9.997E-05 9.997E-05 0.0128671 0.0954161 0.678937 9.997E-05 0.21248
9.9982E-05 9.9982E-05 0.0573868 0.0397591 0.788083 0.0143471 0.100224
9.9964E-05 9.9964E-05 0.262362 9.9964E-05 0.729453 0.00778424 9.9964E-05
0.0264557 9.9982E-05 0.213258 0.0329152 0.671764 0.0554073 9.9982E-05
9.9973E-05 9.9973E-05 0.137372 0.0929743 0.71088 0.0584744 9.9973E-05
9.9973E-05 0.0139862 0.123635 9.9973E-05 0.833851 0.0282272 9.9973E-05
0.14728 9.9973E-05 9.9973E-05 0.177085 0.538075 0.13726 9.9973E-05
0.0388689 9.9964E-05 9.9964E-05 9.9964E-05 0.603704 0.357027 9.9964E-05
9.9973E-05 0.0781148 0.0320645 9.9973E-05 0.866554 9.9973E-05 0.0229667
9.9964E-05 9.9964E-05 9.9964E-05 0.0278657 0.772269 9.9964E-05 0.199465
9.9973E-05 9.9973E-05 0.0588096 0.0861525 0.689757 9.9973E-05 0.164981
9.9964E-05 9.9964E-05 9.9964E-05 0.113916 0.780203 9.9964E-05 0.105482
9.9964E-05 9.9964E-05 9.9964E-05 0.0988014 0.685113 9.9964E-05 0.215685
9.9964E-05 0.0635868 9.9964E-05 9.9964E-05 0.919152 0.0168616 9.9964E-05
9.9964E-05 9.9964E-05 9.9964E-05 0.0676769 0.813734 9.9964E-05 0.11819
0.0434926 9.9973E-05 0.0847294 0.00592082 0.865557 9.9973E-05 9.9973E-05
9.9982E-05 0.0460584 0.114476 0.0367996 0.66411 9.9982E-05 0.138356
9.9955E-05 9.9955E-05 9.9955E-05 9.9955E-05 0.854619 9.9955E-05 0.144881
0.0326449 9.99819E-05 9.99819E-05 9.99819E-05 0.0215519 0.379755 0.565748
0.29867 9.9982E-05 0.0323809 9.9982E-05 0.00704568 0.447028 0.214676
0.341825 0.103221 0.00191237 9.9982E-05 9.9982E-05 0.334895 0.217947
9.99729E-05 0.00937957 9.99729E-05 9.99729E-05 0.071128 0.740955 0.178238
0.0439334 9.9982E-05 0.0521636 9.9982E-05 0.0405263 0.763715 0.0994615
0.0983126 0.00282823 9.9973E-05 9.9973E-05 9.9973E-05 0.846928 0.0516315
0.36757 9.9982E-05 0.0145321 0.042643 9.9982E-05 0.387997 0.187058
0.329441 9.99729E-05 0.00260612 9.99729E-05 9.99729E-05 0.314919 0.352733
0.194221 9.9964E-05 9.9964E-05 9.9964E-05 9.9964E-05 0.00338952 0.80199
0.188833 0.0120881 9.9982E-05 9.9982E-05 0.0953108 0.686335 0.0172334
0.0386985 9.99641E-05 9.99641E-05 0.0616535 9.99641E-05 0.899248 9.99641E-05
9.99551E-05 9.99551E-05 9.99551E-05 0.0466002 9.99551E-05 0.9529 9.99551E-05
0.0926505 9.99731E-05 0.0144934 9.99731E-05 0.0364422 0.856114 9.99731E-05
