0.597784 9.9991E-05 0.402116
0.458621 0.00485055 0.536529
0.603492 9.9991E-05 0.396408
0.599621 0.0262043 0.374175
0.902315 0.0975852 9.9991E-05
0.689785 9.9991E-05 0.310115
9.999E-05 0.58971 0.41019
0.158937 0.604769 0.236293
0.00556194 0.785102 0.209336
9.9991E-05 0.711489 0.288411
9.9991E-05 0.693123 0.306777
0.0221378 0.685435 0.292427
9.9991E-05 0.878999 0.120901
9.9991E-05 0.837509 0.162391
9.9991E-05 0.724169 0.275731
9.9991E-05 0.705423 0.294477
0.523533 0.0196678 0.456799
0.201916 0.0380449 0.76004
0.263873 0.0631731 0.672954
0.451981 0.0914226 0.456596
0.409339 0.0463637 0.544297
0.234728 0.0375068 0.727765
0.405844 0.0785119 0.515644
0.590538 0.0924958 0.316966
0.472368 0.0944399 0.433192
0.562669 9.9991E-05 0.437231
0.584588 0.165569 0.249844
0.699167 0.158178 0.142655
0.647115 0.0569811 0.295904
0.546055 0.0892765 0.364668
0.176313 9.9991E-05 0.823587
0.517784 0.0655085 0.416707
0.528286 9.9991E-05 0.471614
0.328896 0.0623452 0.608758
0.103778 9.9991E-05 0.896122
0.427307 0.0725397 0.500154
0.180159 0.322355 0.497486
0.388586 0.160609 0.450805
0.263949 0.0556942 0.680357
0.403298 0.0677465 0.528956
0.546792 9.9991E-05 0.453108
0.701357 0.0804653 0.218178
0.554774 0.129397 0.315829
0.698752 0.197474 0.103774
0.633747 9.9991E-05 0.366153
0.46365 0.0185559 0.517795
0.0157039 0.0879119 0.896384
0.20359 0.0225075 0.773903
0.0777174 9.9991E-05 0.922183
0.341893 9.9991E-05 0.658007
0.136408 0.0509601 0.812632
0.365781 0.105619 0.528599
0.212529 0.0905463 0.696925
0.339982 9.9991E-05 0.659918
0.348539 9.9991E-05 0.651361
0.509667 0.0768689 0.413464
0.115424 0.637414 0.247161
0.108979 0.787235 0.103786
0.0435547 0.956345 9.9991E-05
9.9991E-05 0.810382 0.189518
0.0539517 0.92328 0.0227682
0.0442483 0.815703 0.140048
9.9991E-05 0.371859 0.628041
9.9991E-05 0.547583 0.452317
0.0214716 0.76315 0.215378
9.9991E-05 0.856004 0.143896
0.0123071 0.712755 0.274938
9.9991E-05 0.989304 0.0105958
9.9991E-05 0.592688 0.407212
9.9991E-05 0.801115 0.198785
0.0769213 0.567531 0.355548
0.0485613 0.828562 0.122877
0.0641809 0.657239 0.27858
0.0784275 0.868676 0.0528967
0.0488916 0.84919 0.101918
0.031378 0.897808 0.0708145
0.0380246 0.885762 0.0762135
0.0256831 0.974217 9.9991E-05
9.9991E-05 0.959195 0.0407054
9.9991E-05 0.650318 0.349582
0.0604683 0.878271 0.0612604
0.924424 0.075476 9.9991E-05
0.821009 0.0512297 0.127762
0.851887 0.0814838 0.0666293
0.901539 0.07735 0.021111
0.783636 0.0531302 0.163234
0.369357 9.99911E-05 0.630543
0.641074 0.100345 0.258581
0.645976 0.0598501 0.294174
0.873412 0.0604332 0.0661545
0.828343 9.9991E-05 0.171557
0.834466 0.165434 9.9991E-05
0.814474 0.0984671 0.0870592
0.828279 0.0385992 0.133121
0.742503 0.110867 0.14663
0.533205 0.0188595 0.447935
0.700089 0.0534571 0.246454
0.839274 0.160626 9.9991E-05
0.827919 0.126204 0.0458772
0.807959 0.0741771 0.117864
0.753323 9.9991E-05 0.246577
0.956794 9.9991E-05 0.043106
0.876713 9.9991E-05 0.123187
0.894445 9.9991E-05 0.105455
0.898722 0.101178 9.9991E-05
0.974219 9.9991E-05 0.025681
0.847962 0.000379394 0.151658
0.941074 0.0588261 9.9991E-05
0.918247 0.0816534 9.9991E-05
0.962364 0.0375363 9.9991E-05
0.959068 0.0408319 9.9991E-05
0.9998 9.999E-05 9.999E-05
0.800379 9.9991E-05 0.199521
0.847429 0.0445742 0.107997
0.833446 9.9991E-05 0.166454
0.923695 0.0336552 0.0426498
0.978537 0.0213627 9.9991E-05
0.9998 9.999E-05 9.999E-05
0.988345 0.00851225 0.00314228
0.787472 9.9991E-05 0.212428
0.816208 9.9991E-05 0.183692
0.90482 0.0354282 0.0597514
0.9998 9.999E-05 9.999E-05
0.873253 0.126647 9.9991E-05
0.933602 0.0662984 9.9991E-05
0.960961 0.0389392 9.9991E-05
0.645556 0.354344 9.9991E-05
0.627102 0.372798 9.9991E-05
0.969661 9.9991E-05 0.0302392
0.855522 9.9991E-05 0.144378
0.836463 0.0160172 0.147519
0.939905 0.0257608 0.0343339
0.758458 9.9991E-05 0.241442
0.995672 0.00422784 9.9991E-05
0.884636 9.9991E-05 0.115264
0.992282 0.00761799 9.9991E-05
0.801437 9.9991E-05 0.198463
0.958851 0.0410493 9.9991E-05
0.0410934 0.507308 0.451598
9.9991E-05 0.840223 0.159677
9.9991E-05 0.701967 0.297934
0.104048 0.842887 0.0530654
0.146895 0.853005 9.9991E-05
0.0108852 0.989015 9.9991E-05
0.0108805 0.789336 0.199783
9.9991E-05 0.70223 0.29767
9.9991E-05 0.338221 0.661679
0.114528 0.885372 9.9991E-05
9.999E-05 0.9998 9.999E-05
9.999E-05 0.9998 9.999E-05
0.014389 0.985511 9.9991E-05
