0.150684 0.327503 0.101804 9.9991E-05 0.419909
0.189587 0.0355081 0.487031 9.9991E-05 0.287774
0.17649 0.267303 0.135928 9.9991E-05 0.420178
9.9982E-05 0.284323 0.0719197 9.9982E-05 0.643558
0.395543 0.112366 9.9991E-05 0.0238093 0.468181
0.0435939 0.310983 9.9982E-05 9.9982E-05 0.645223
9.9973E-05 9.9973E-05 0.650395 0.349305 9.9973E-05
0.129281 0.0899533 0.316031 0.464635 9.9991E-05
9.9973E-05 9.9973E-05 0.456686 0.543014 9.9973E-05
9.9982E-05 0.00423313 0.461005 0.534562 9.9982E-05
9.99729E-05 9.99729E-05 0.579515 0.420185 9.99729E-05
9.99729E-05 9.99729E-05 0.558294 0.441406 9.99729E-05
9.9973E-05 9.9973E-05 0.301009 0.698691 9.9973E-05
9.9982E-05 0.010857 0.272801 0.716142 9.9982E-05
9.9973E-05 9.9973E-05 0.519626 0.480074 9.9973E-05
9.9973E-05 9.9973E-05 0.560561 0.439139 9.9973E-05
0.285328 0.555569 0.0115363 0.0400883 0.107479
0.101975 0.446338 0.311905 0.0385751 0.101207
9.9991E-05 0.737795 0.0411955 0.0728538 0.148056
9.9982E-05 0.547958 9.9982E-05 0.113411 0.338431
0.0457307 0.397845 0.173635 0.0390152 0.343774
9.999E-05 0.660583 0.0494646 0.0446238 0.245228
0.166267 0.467584 0.248788 9.9991E-05 0.117261
0.291711 0.495931 9.9991E-05 0.0797225 0.132536
9.9982E-05 0.686604 9.9982E-05 0.0596617 0.253534
0.0330228 0.61196 9.9982E-05 9.9982E-05 0.354818
0.267799 0.529226 9.9991E-05 0.147664 0.0552106
0.162084 0.358849 9.9991E-05 0.114562 0.364405
0.523298 0.180376 0.172989 0.0334203 0.0899167
0.263652 0.21076 0.256313 0.0309594 0.238316
9.9982E-05 0.052428 0.52356 9.9982E-05 0.423812
0.0463094 0.117873 0.259769 9.9991E-05 0.575948
0.015004 0.252258 0.13233 9.9991E-05 0.600308
9.9991E-05 0.765484 0.022814 0.0321514 0.17945
9.9973E-05 0.662695 0.337005 9.9973E-05 9.9973E-05
0.0470734 0.586559 0.0907447 0.0342686 0.241354
9.9991E-05 0.337988 0.22158 0.252811 0.187521
0.0174016 0.586089 0.0112586 0.138167 0.247084
0.0151529 0.674813 0.161228 0.0253131 0.123494
9.9982E-05 0.649598 9.9982E-05 0.0735246 0.276677
0.162136 0.281377 0.169088 9.9991E-05 0.387299
0.228432 0.237269 0.00322043 0.0630703 0.468008
9.9991E-05 0.192452 0.0481376 0.0883512 0.670959
0.368523 0.111025 0.0354101 0.154864 0.330177
9.9982E-05 0.373597 0.0205274 9.9982E-05 0.605676
9.9982E-05 0.381329 0.0544946 9.9982E-05 0.563977
9.9982E-05 0.653121 0.274332 0.0723472 9.9982E-05
0.143579 0.230659 0.524731 9.9991E-05 0.100931
0.12893 0.223369 0.647501 9.9982E-05 9.9982E-05
0.333764 0.292108 0.373928 9.9982E-05 9.9982E-05
9.9982E-05 0.435762 0.358727 9.9982E-05 0.205311
0.216126 0.601107 0.12003 0.0626372 9.9991E-05
0.0553134 0.744954 0.113142 0.0864904 9.9991E-05
0.197485 0.753556 0.0234066 0.0254526 9.9991E-05
0.164686 0.737587 0.0688199 0.0288068 9.9991E-05
9.9982E-05 0.595644 9.9982E-05 0.061841 0.342315
0.0142182 0.20797 0.328326 0.449386 9.9991E-05
0.0330533 0.148947 0.122331 0.695569 9.9991E-05
0.0577371 9.9982E-05 9.9982E-05 0.930421 0.0116418
9.9982E-05 0.106654 0.265792 0.627353 9.9982E-05
9.9973E-05 9.9973E-05 0.220462 0.779238 9.9973E-05
0.0420809 0.0418676 0.207273 0.708679 9.9991E-05
9.9973E-05 9.9973E-05 0.897816 0.101884 9.9973E-05
9.9982E-05 9.9982E-05 0.545441 0.377172 0.0771876
9.9982E-05 9.9982E-05 0.494547 0.498598 0.00665439
9.9973E-05 9.9973E-05 0.342142 0.657559 9.9973E-05
9.9991E-05 0.0711401 0.341854 0.558367 0.0285387
9.99821E-05 0.11364 0.0354473 0.850713 9.99821E-05
9.9982E-05 0.0170713 0.52896 0.453769 9.9982E-05
9.9982E-05 0.0284375 0.307139 0.664223 9.9982E-05
9.9991E-05 0.0408777 0.554788 0.372411 0.0318234
0.0198364 0.0995324 0.172158 0.699752 0.00872019
0.0231378 9.9982E-05 0.558781 0.417882 9.9982E-05
0.00136458 9.9991E-05 0.146843 0.786511 0.0651815
9.9982E-05 0.193104 0.0235959 0.7831 9.9982E-05
9.9982E-05 0.051811 0.160352 0.787637 9.9982E-05
9.9982E-05 9.9982E-05 0.270279 0.677375 0.052146
9.9973E-05 9.9973E-05 9.9973E-05 0.949473 0.0502267
9.9973E-05 9.9973E-05 0.192355 0.807345 9.9973E-05
9.99729E-05 9.99729E-05 0.533432 0.466268 9.99729E-05
9.9982E-05 9.9982E-05 0.165414 0.760052 0.0743345
0.622649 0.0923657 9.9991E-05 0.065723 0.219162
0.818913 0.0607915 0.106429 0.0137663 9.9991E-05
0.830934 9.9982E-05 0.0778192 0.091047 9.9982E-05
0.620467 0.000448762 9.9991E-05 0.108156 0.270829
0.621226 0.0511094 0.118719 0.0139215 0.195024
0.317743 9.99731E-05 0.681957 9.99731E-05 9.99731E-05
0.0794837 9.9982E-05 0.25474 9.9982E-05 0.665576
0.141645 9.9982E-05 0.296302 9.9982E-05 0.561853
0.246412 9.9982E-05 0.0560517 9.9982E-05 0.697336
0.542975 9.9982E-05 0.15988 9.9982E-05 0.296945
0.0423297 9.9982E-05 9.9982E-05 0.0433374 0.914133
9.9982E-05 0.0520122 9.9982E-05 0.0345612 0.913227
0.137903 0.0632631 9.9991E-05 0.0354842 0.76325
0.0364357 0.0307565 0.0757327 0.00846753 0.848608
9.9973E-05 9.9973E-05 0.342115 9.9973E-05 0.657585
0.00179411 0.116419 0.0961621 9.9991E-05 0.785524
0.0762846 9.9982E-05 9.9982E-05 0.0619288 0.861587
0.0598516 9.9982E-05 9.9982E-05 0.0596205 0.880328
0.208685 0.0891602 0.0224469 0.00100305 0.678705
0.640066 0.16633 0.134716 9.9991E-05 0.0587881
0.719425 0.0558766 9.9982E-05 9.9982E-05 0.224498
0.836809 0.159246 0.00374437 9.9982E-05 9.9982E-05
0.849663 0.0907757 0.0316727 9.9991E-05 0.0277888
0.611026 9.9991E-05 0.0969766 0.0383897 0.253508
0.665869 0.103819 9.9991E-05 0.00189776 0.228315
0.594483 0.262997 9.9991E-05 0.0216951 0.120725
0.699224 9.9982E-05 9.9982E-05 0.0473543 0.253222
0.609952 9.9982E-05 9.9982E-05 0.0775584 0.31229
0.574925 0.0108214 9.9982E-05 9.9982E-05 0.414054
0.673688 9.9982E-05 9.9982E-05 0.0554766 0.270635
0.7528 9.9973E-05 9.9973E-05 9.9973E-05 0.2469
0.447511 0.158722 0.0405825 9.9991E-05 0.353084
0.721966 0.045857 9.9991E-05 0.0919927 0.140084
0.573601 0.0237461 0.0955108 9.9991E-05 0.307042
0.65186 9.9982E-05 9.9982E-05 0.0119682 0.335972
0.697013 9.9982E-05 9.9982E-05 0.048854 0.253933
0.806254 0.0349137 9.9991E-05 0.0272837 0.131449
0.596162 9.9982E-05 0.000134539 9.9982E-05 0.403503
0.750501 0.0567812 0.192517 9.9982E-05 9.9982E-05
0.779428 9.9982E-05 0.161799 9.9982E-05 0.0585727
0.77903 9.9991E-05 0.0862784 0.00207687 0.132515
0.656207 9.9982E-05 9.9982E-05 0.00454562 0.339047
0.512789 0.0626058 9.9991E-05 0.110455 0.31405
0.579981 9.9982E-05 9.9982E-05 0.0667373 0.353082
0.733002 9.9982E-05 9.9982E-05 0.0303321 0.236466
0.619109 0.0214671 9.9991E-05 0.32877 0.0305548
0.538081 9.9982E-05 9.9982E-05 0.355977 0.105742
0.803534 9.9991E-05 0.071312 0.00096129 0.124093
0.850964 9.9973E-05 0.148736 9.9973E-05 9.9973E-05
0.676921 9.9982E-05 0.15845 9.9982E-05 0.164429
0.818625 9.9982E-05 0.102216 9.9982E-05 0.0789589
0.762804 0.0899967 0.147 9.9982E-05 9.9982E-05
0.799795 9.9982E-05 9.9982E-05 0.0440407 0.155964
0.80772 0.007349 0.122926 9.9991E-05 0.0619052
0.746448 9.9982E-05 9.9982E-05 0.0244361 0.228916
0.640577 0.0891819 0.0761031 9.9991E-05 0.194038
0.918726 9.9973E-05 0.0809741 9.9973E-05 9.9973E-05
0.0547321 9.9982E-05 0.626164 0.318904 9.9982E-05
9.9973E-05 9.9973E-05 0.385778 0.613922 9.9973E-05
9.9982E-05 0.0250474 0.470314 0.504438 9.9982E-05
0.0333955 9.9991E-05 0.216531 0.66026 0.0897142
0.0266651 9.9991E-05 0.0840684 0.79589 0.0932762
9.9973E-05 9.9973E-05 0.09324 0.90646 9.9973E-05
9.9982E-05 9.9982E-05 0.363502 0.629641 0.00665644
9.9973E-05 9.9973E-05 0.564111 0.435589 9.9973E-05
9.99731E-05 9.99731E-05 0.98148 0.0182199 9.99731E-05
0.102197 9.9982E-05 0.107266 0.790337 9.9982E-05
9.99731E-05 0.0368219 9.99731E-05 0.962878 9.99731E-05
9.9973E-05 0.0481471 9.9973E-05 0.951553 9.9973E-05
9.9973E-05 9.9973E-05 9.9973E-05 0.918918 0.0807818
