0.424662 0.158809 0.41643 9.9991E-05
0.107357 0.547931 0.344612 9.9991E-05
0.379049 0.162771 0.45808 9.9991E-05
0.429526 0.0992464 0.434312 0.0369155
0.249706 9.9991E-05 0.711868 0.0383267
0.586362 9.9982E-05 0.413438 9.9982E-05
9.9982E-05 0.535875 9.9982E-05 0.463925
0.00756889 0.33083 0.128919 0.532682
9.9982E-05 0.383193 9.9982E-05 0.616607
9.9982E-05 0.356901 9.9982E-05 0.642899
9.9982E-05 0.473832 9.9982E-05 0.525968
9.9982E-05 0.474362 9.9982E-05 0.525438
9.9982E-05 0.231787 9.9982E-05 0.768013
0.00737402 0.189718 9.9991E-05 0.802808
9.9982E-05 0.406377 9.9982E-05 0.593423
9.9982E-05 0.504601 9.9982E-05 0.495199
0.642582 0.116686 0.240632 9.9991E-05
0.53682 0.373391 0.0557125 0.0340768
0.771903 0.143762 0.000637835 0.0836975
0.818805 9.9991E-05 0.109844 0.0712511
0.602215 0.215273 0.161065 0.0214472
0.805763 0.16243 9.9991E-05 0.031707
0.489945 0.296118 0.187291 0.0266465
0.568576 9.9991E-05 0.351427 0.0798971
0.783381 0.00831344 0.154302 0.0540032
0.783822 0.00906124 0.207017 9.9991E-05
0.596058 9.9991E-05 0.280347 0.123495
0.477001 9.9991E-05 0.407852 0.115047
0.196713 0.245348 0.534727 0.0232117
0.306363 0.244983 0.360018 0.0886362
0.454076 0.545724 9.9982E-05 9.9982E-05
0.353812 0.231652 0.366174 0.0483629
0.563814 0.144441 0.291645 9.9991E-05
0.80499 0.117352 0.0181188 0.0595392
0.598553 0.401247 9.9982E-05 9.9982E-05
0.623075 0.127905 0.189538 0.0594817
0.488449 0.224081 9.9991E-05 0.28737
0.64952 0.0493165 0.165271 0.135893
0.727631 0.235275 0.0159893 0.0211044
0.82414 0.0701962 0.0611575 0.0445058
0.397189 0.251803 0.350908 9.9991E-05
0.360087 0.0416014 0.500564 0.0977484
0.489835 0.0849001 0.27827 0.146995
0.169227 0.0718679 0.563188 0.195717
0.539255 0.0977377 0.362908 9.9991E-05
0.740655 0.110287 0.148958 9.9991E-05
0.596667 0.336978 9.9991E-05 0.0662557
0.282557 0.627771 0.0874677 0.00220421
0.208484 0.749967 0.0414488 9.9991E-05
0.3378 0.467915 0.194186 9.9991E-05
0.571026 0.428774 9.9982E-05 9.9982E-05
0.520004 0.237349 0.20069 0.0419558
0.712271 0.21543 9.9991E-05 0.072199
0.742564 0.109582 0.097361 0.0504932
0.736554 0.198812 0.0307615 0.0338733
0.879228 9.9991E-05 0.0829948 0.0376776
0.170709 0.268432 9.9991E-05 0.560759
0.067752 0.0995221 0.122073 0.710653
0.0355294 9.9991E-05 0.0280961 0.936274
0.0354159 0.247101 9.9991E-05 0.717384
9.9982E-05 0.172276 9.9982E-05 0.827524
0.077144 0.1719 0.00364777 0.747308
9.9982E-05 0.807135 9.9982E-05 0.192665
0.050983 0.477335 9.9991E-05 0.471582
9.9991E-05 0.376351 0.00445764 0.619092
9.9982E-05 0.218029 9.9982E-05 0.781771
0.10209 0.238492 9.9991E-05 0.659318
0.0718788 0.000489315 9.9991E-05 0.927532
0.00619755 0.453163 9.9991E-05 0.54054
0.000951744 0.264273 9.9991E-05 0.734675
9.9991E-05 0.524068 0.0123887 0.463443
0.0561981 0.173774 0.026089 0.743939
9.9982E-05 0.4984 9.9982E-05 0.5014
0.049666 0.0848162 0.0464717 0.819046
0.185814 9.9982E-05 9.9982E-05 0.813986
0.096683 0.0902873 9.9991E-05 0.81293
9.9991E-05 0.173972 0.0132251 0.812702
9.9982E-05 9.9982E-05 0.0418082 0.957992
9.9982E-05 0.122777 9.9982E-05 0.877023
9.9982E-05 0.480175 9.9982E-05 0.519625
0.0961832 0.116551 9.9991E-05 0.787166
0.109873 9.9991E-05 0.82231 0.0677171
0.00749585 0.232807 0.752999 0.0066986
9.9991E-05 0.148223 0.791201 0.060476
0.0858821 0.0228068 0.780096 0.111215
0.0876125 0.152872 0.737049 0.0224668
9.9982E-05 0.756585 0.243215 9.9982E-05
0.124472 0.312842 0.531472 0.0312144
0.164004 0.261242 0.553047 0.0217064
0.119068 0.0910558 0.756168 0.0337083
9.9982E-05 0.232166 0.767634 9.9982E-05
0.0952221 9.9991E-05 0.749896 0.154782
0.400455 9.9991E-05 0.537914 0.0615313
0.331661 9.9991E-05 0.621214 0.0470253
0.28456 0.0347111 0.624767 0.0559623
0.225187 0.360111 0.414601 9.9991E-05
0.410366 0.119145 0.470389 9.9991E-05
0.186251 9.9991E-05 0.696021 0.117628
0.283161 9.9991E-05 0.611109 0.10563
0.245794 0.0785705 0.650925 0.0247113
0.104103 0.208457 0.687339 9.9991E-05
0.0438334 0.0863025 0.869764 9.9991E-05
0.0518779 0.103122 0.8449 9.9991E-05
9.9982E-05 0.159128 0.840672 9.9982E-05
9.9991E-05 0.151386 0.806948 0.0415663
0.170307 9.9991E-05 0.806927 0.0226658
0.276831 9.9991E-05 0.707244 0.0158254
0.00535067 9.9991E-05 0.918798 0.0757514
0.0608032 9.9991E-05 0.855905 0.0831918
0.0351787 9.9991E-05 0.9154 0.0493211
0.126338 9.9991E-05 0.840976 0.0325858
0.0225501 9.9982E-05 0.97725 9.9982E-05
0.237643 0.0863068 0.675951 9.9991E-05
0.0487789 0.0767446 0.795879 0.0785973
0.103964 0.137916 0.758019 9.9991E-05
0.0948673 9.9991E-05 0.861131 0.0439013
0.0713554 0.000623814 0.92088 0.00714043
9.9982E-05 9.9982E-05 0.97935 0.0204503
0.0312164 0.0534109 0.894504 0.0208685
9.9982E-05 0.261838 0.737962 9.9982E-05
9.9982E-05 0.207606 0.792194 9.9982E-05
0.0262667 0.139238 0.824186 0.0103088
9.9982E-05 9.9982E-05 0.978033 0.0217673
0.0550966 9.9991E-05 0.798506 0.146298
0.0203035 9.9991E-05 0.883957 0.0956398
9.9982E-05 9.9982E-05 0.92974 0.0700597
0.0128648 9.9991E-05 0.660114 0.326921
9.9982E-05 9.9982E-05 0.591173 0.408627
9.9982E-05 0.104091 0.895709 9.9982E-05
9.9982E-05 0.252792 0.747008 9.9982E-05
9.9982E-05 0.234674 0.765127 9.9982E-05
9.9982E-05 0.139147 0.860653 9.9982E-05
9.9982E-05 0.300108 0.699692 9.9982E-05
9.9982E-05 9.9982E-05 0.955858 0.043942
9.9982E-05 0.177854 0.821946 9.9982E-05
0.0534014 0.00881549 0.928035 0.00974779
0.126116 0.130552 0.743232 9.9991E-05
9.9982E-05 0.172218 0.827582 9.9982E-05
9.9991E-05 0.626586 0.00547759 0.367836
9.9982E-05 0.288431 9.9982E-05 0.711369
9.9982E-05 0.388738 9.9982E-05 0.611062
0.0478218 0.109717 0.0804663 0.761994
9.9991E-05 0.0356649 0.162487 0.801748
9.9991E-05 0.0239576 0.0137974 0.962145
9.9991E-05 0.348499 0.00734328 0.644058
9.9982E-05 0.487621 9.9982E-05 0.512179
9.9982E-05 0.865644 9.9982E-05 0.134156
9.9991E-05 0.0994163 0.0678166 0.832667
0.0566659 9.9982E-05 9.9982E-05 0.943134
0.0503545 9.9982E-05 9.9982E-05 0.949446
0.0596036 9.9991E-05 0.00838476 0.931912
