9.9982E-05 9.9982E-05 0.257236 0.00959713 0.375931 0.0934158 0.177582 0.0860384
0.0252991 9.9991E-05 0.055647 0.249655 0.121041 0.371672 0.0209941 0.155592
0.102599 0.013636 0.177685 9.9991E-05 0.0905808 0.123053 0.181205 0.311141
0.0425721 0.0120588 9.9982E-05 0.0174191 0.441814 0.0950451 9.9982E-05 0.390891
9.995E-05 9.995E-05 0.186489 9.995E-05 9.995E-05 9.995E-05 0.490227 0.322784
0.00205046 9.9973E-05 0.146674 9.9973E-05 0.392 9.9973E-05 0.0832069 0.375768
0.0502873 9.9955E-05 9.9955E-05 0.869121 0.080092 9.9955E-05 9.9955E-05 9.9955E-05
0.029434 0.129879 0.0300282 0.608749 9.9982E-05 0.0115348 0.190175 9.9982E-05
9.9964E-05 0.220826 9.9964E-05 0.709669 9.9964E-05 0.0370996 9.9964E-05 0.0320053
9.9955E-05 0.158325 9.9955E-05 0.715014 0.126161 9.9955E-05 9.9955E-05 9.9955E-05
9.996E-05 0.0539727 9.996E-05 0.858176 0.0627085 0.0247429 9.996E-05 9.996E-05
9.99549E-05 9.99549E-05 0.110877 0.851403 9.99549E-05 9.99549E-05 0.0372194 9.99549E-05
9.9955E-05 0.317791 9.9955E-05 0.661213 0.0204965 9.9955E-05 9.9955E-05 9.9955E-05
9.99551E-05 0.381814 9.99551E-05 0.59147 0.0262161 9.99551E-05 9.99551E-05 9.99551E-05
0.0109713 0.176634 9.997E-05 0.742566 0.0459756 0.0235535 9.997E-05 9.997E-05
9.99551E-05 0.0510429 9.99551E-05 0.906143 9.99551E-05 0.0423145 9.99551E-05 9.99551E-05
0.217002 9.9964E-05 0.379862 9.9964E-05 9.9964E-05 9.9964E-05 0.369907 0.0328301
0.649073 0.0449056 0.0112008 9.9982E-05 0.176736 9.9982E-05 0.102557 0.0153274
0.223401 0.0389315 0.557995 9.997E-05 0.070077 9.997E-05 9.997E-05 0.109296
0.183599 0.092058 0.190307 9.9982E-05 0.307778 9.9982E-05 0.109169 0.116889
0.523895 0.0117486 9.9973E-05 9.9973E-05 0.182584 9.9973E-05 0.261588 0.0198848
0.438841 0.0369192 0.102037 9.99639E-05 0.421803 9.99639E-05 9.99639E-05 9.99639E-05
9.9964E-05 9.9964E-05 0.660098 0.0826072 9.9964E-05 0.136415 0.12048 9.9964E-05
9.996E-05 9.996E-05 0.61347 9.996E-05 0.113505 0.0552615 0.217364 9.996E-05
9.996E-05 9.996E-05 0.668889 9.996E-05 0.250181 9.996E-05 0.052619 0.0279102
9.995E-05 9.995E-05 0.141493 9.995E-05 0.825522 9.995E-05 0.0324846 9.995E-05
0.0405289 0.089782 0.426269 9.9964E-05 9.9964E-05 9.9964E-05 0.44302 9.9964E-05
9.9973E-05 0.0737431 0.329196 9.9973E-05 0.135998 9.9973E-05 0.399764 0.0609987
0.194629 9.997E-05 9.997E-05 0.0575341 0.187436 0.123504 0.436596 9.997E-05
0.292211 9.9973E-05 9.9973E-05 0.119959 0.198968 0.049481 0.33908 9.9973E-05
0.501972 9.9964E-05 9.9964E-05 0.146523 0.000192003 9.9964E-05 9.9964E-05 0.350913
0.240537 9.9973E-05 0.0439461 0.0997499 9.9973E-05 9.9973E-05 0.16343 0.452037
0.30788 9.9973E-05 0.0569079 9.9973E-05 0.169178 9.9973E-05 0.158596 0.307138
9.9946E-05 9.9946E-05 0.738043 9.9946E-05 0.261358 9.9946E-05 9.9946E-05 9.9946E-05
0.00893995 9.9964E-05 0.751778 0.0856401 9.9964E-05 0.153242 9.9964E-05 9.9964E-05
0.168006 0.0215493 0.492626 9.9973E-05 9.9973E-05 9.9973E-05 0.279639 0.0378793
0.116758 0.193393 0.39494 0.0656502 9.9973E-05 9.9973E-05 9.9973E-05 0.22896
0.000727462 0.0445355 0.742905 9.9973E-05 9.9973E-05 9.9973E-05 0.0891939 0.122339
0.136565 0.075315 0.467037 9.9982E-05 0.214616 0.0872453 9.9982E-05 0.0190224
0.170832 0.0235477 0.5942 9.9982E-05 0.0351419 9.9982E-05 0.0432899 0.132789
9.995E-05 9.995E-05 9.995E-05 9.995E-05 0.59292 0.393711 9.995E-05 0.012869
9.9973E-05 0.112116 9.9973E-05 9.9973E-05 0.358498 0.181608 0.142936 0.204543
0.110723 0.0915919 9.9964E-05 9.9964E-05 0.410408 9.9964E-05 9.9964E-05 0.386877
9.997E-05 0.141497 0.101475 9.997E-05 0.22577 0.403265 9.997E-05 0.127692
9.9955E-05 9.9955E-05 9.9955E-05 0.00665023 0.955244 9.9955E-05 9.9955E-05 0.0376059
0.0566414 9.9955E-05 9.9955E-05 9.9955E-05 0.802731 9.9955E-05 9.9955E-05 0.140128
0.807411 0.0339653 0.158124 9.9955E-05 9.9955E-05 9.9955E-05 9.9955E-05 9.9955E-05
0.718924 9.9964E-05 9.9964E-05 0.0321721 9.9964E-05 0.18218 9.9964E-05 0.0663239
0.787417 9.9946E-05 9.9946E-05 9.9946E-05 9.9946E-05 0.211983 9.9946E-05 9.9946E-05
0.560124 9.9955E-05 9.9955E-05 9.9955E-05 9.9955E-05 0.425575 0.0138021 9.9955E-05
0.759869 0.0171631 9.9982E-05 0.0126074 0.136761 9.9982E-05 0.0544862 0.0189137
0.243996 0.0451422 0.221935 9.9982E-05 0.212319 0.215784 0.0606241 9.9982E-05
0.51885 0.0545907 0.258977 9.9973E-05 0.0855372 9.9973E-05 0.0817449 9.9973E-05
0.0766788 0.0214956 0.302964 9.9973E-05 0.43326 0.165301 9.9973E-05 9.9973E-05
0.135078 0.00481248 0.396575 9.9973E-05 0.278002 0.185233 9.9973E-05 9.9973E-05
0.0597017 0.116679 0.212415 9.9982E-05 0.469761 9.9982E-05 0.121945 0.019299
9.9973E-05 0.26303 0.222921 0.399015 0.00645827 0.108275 9.9973E-05 9.9973E-05
9.9964E-05 0.438921 0.125968 0.358172 9.9964E-05 9.9964E-05 0.0765392 9.9964E-05
9.9955E-05 0.880696 0.0327444 9.9955E-05 9.9955E-05 0.0860601 9.9955E-05 9.9955E-05
0.0476072 0.454965 9.9973E-05 0.345784 0.0293845 0.121959 9.9973E-05 9.9973E-05
9.9955E-05 0.565313 9.9955E-05 0.397543 9.9955E-05 0.0366446 9.9955E-05 9.9955E-05
0.157593 0.605424 9.99639E-05 0.179935 9.99639E-05 0.056648 9.99639E-05 9.99639E-05
0.137296 9.99549E-05 9.99549E-05 0.726904 9.99549E-05 0.135301 9.99549E-05 9.99549E-05
0.0158843 9.996E-05 0.0866884 0.776853 9.996E-05 9.996E-05 9.996E-05 0.120174
9.9955E-05 0.137422 9.9955E-05 0.768073 9.9955E-05 9.9955E-05 9.9955E-05 0.0940051
0.00948043 0.351988 9.9955E-05 0.638032 9.9955E-05 9.9955E-05 9.9955E-05 9.9955E-05
9.997E-05 0.227557 0.102966 0.583929 0.0843292 9.997E-05 0.000919008 9.997E-05
9.99551E-05 0.624727 0.1352 0.239574 9.99551E-05 9.99551E-05 9.99551E-05 9.99551E-05
9.9973E-05 0.155616 0.17158 0.605659 9.9973E-05 0.0553871 9.9973E-05 0.0114579
9.9955E-05 0.302987 0.119749 0.576764 9.9955E-05 9.9955E-05 9.9955E-05 9.9955E-05
9.9964E-05 0.0226889 0.183379 0.685867 9.9964E-05 9.9964E-05 9.9964E-05 0.107666
9.9955E-05 0.405286 0.152305 0.441909 9.9955E-05 9.9955E-05 9.9955E-05 9.9955E-05
9.9955E-05 9.9955E-05 0.100698 0.838425 9.9955E-05 9.9955E-05 0.0603773 9.9955E-05
0.0807539 0.620252 9.9964E-05 0.219684 9.9964E-05 9.9964E-05 0.0789107 9.9964E-05
0.0500418 0.640738 0.0734063 0.142444 0.0930706 9.9973E-05 9.9973E-05 9.9973E-05
0.136852 0.669496 9.9964E-05 0.148926 9.9964E-05 9.9964E-05 9.9964E-05 0.0443259
9.9955E-05 0.443678 9.9955E-05 0.428775 9.9955E-05 9.9955E-05 9.9955E-05 0.127047
9.9955E-05 0.939882 9.9955E-05 0.00124993 9.9955E-05 9.9955E-05 9.9955E-05 0.0583683
9.9955E-05 0.62729 9.9955E-05 0.294226 9.9955E-05 0.0779843 9.9955E-05 9.9955E-05
0.124782 0.0844251 0.0335073 0.756886 9.996E-05 9.996E-05 9.996E-05 9.996E-05
0.0884493 0.652657 9.9964E-05 0.151702 0.106792 9.9964E-05 9.9964E-05 9.9964E-05
9.99641E-05 0.0225155 9.99641E-05 9.99641E-05 0.20043 9.99641E-05 0.773483 0.00317168
9.996E-05 0.0637388 9.996E-05 9.996E-05 0.0856854 0.652011 0.198165 9.996E-05
9.9964E-05 0.117771 9.9964E-05 9.9964E-05 0.00919026 0.619132 0.253506 9.9964E-05
0.103401 0.0451606 9.9964E-05 9.9964E-05 9.9964E-05 9.9964E-05 0.661512 0.189527
0.207524 9.9964E-05 9.9964E-05 0.00392691 9.9964E-05 0.186813 0.601337 9.9964E-05
0.394912 9.99551E-05 9.99551E-05 0.010559 9.99551E-05 0.59403 9.99551E-05 9.99551E-05
0.0616731 9.996E-05 9.996E-05 0.0257107 9.996E-05 0.270042 9.996E-05 0.642174
0.0777667 0.00601148 9.997E-05 0.0165274 9.997E-05 0.419814 9.997E-05 0.479581
0.0512852 9.9964E-05 9.9964E-05 9.9964E-05 9.9964E-05 0.0411755 0.262302 0.644837
0.0382833 9.99639E-05 9.99639E-05 9.99639E-05 9.99639E-05 0.462375 0.123851 0.375091
9.9955E-05 0.0298738 9.9955E-05 9.9955E-05 9.9955E-05 9.9955E-05 0.0462842 0.923342
9.9946E-05 9.9946E-05 9.9946E-05 9.9946E-05 0.106252 9.9946E-05 9.9946E-05 0.893148
9.996E-05 9.996E-05 0.107837 9.996E-05 0.0854472 9.996E-05 0.196304 0.610012
9.9955E-05 9.9955E-05 0.074117 9.9955E-05 9.9955E-05 0.0781878 9.9955E-05 0.847195
0.332774 9.99549E-05 9.99549E-05 0.0226718 9.99549E-05 9.99549E-05 9.99549E-05 0.644054
0.124675 9.998E-05 0.0653967 9.998E-05 0.0172211 0.0335106 0.0554136 0.703583
9.9955E-05 0.0421205 9.9955E-05 9.9955E-05 9.9955E-05 9.9955E-05 0.183471 0.773909
9.9955E-05 9.9955E-05 0.0922735 9.9955E-05 9.9955E-05 9.9955E-05 0.100823 0.806404
9.998E-05 9.998E-05 0.0213968 0.0147969 0.183183 0.124869 0.179866 0.475688
0.188258 9.9973E-05 9.9973E-05 9.9973E-05 0.0757601 0.272272 0.450837 0.0125723
9.9955E-05 9.9955E-05 9.9955E-05 9.9955E-05 0.230666 0.20286 0.565975 9.9955E-05
0.0360136 9.9964E-05 0.0818757 9.9964E-05 9.9964E-05 0.402945 0.478766 9.9964E-05
9.995E-05 9.995E-05 9.995E-05 9.995E-05 0.0498058 0.421233 0.528461 9.995E-05
0.124464 9.997E-05 9.997E-05 0.0370575 9.997E-05 0.0414404 0.697191 0.0995465
0.0382911 9.996E-05 0.00613361 9.996E-05 0.0806924 9.996E-05 0.874483 9.996E-05
0.0617266 9.9964E-05 0.179936 9.9964E-05 0.00368575 9.9964E-05 0.754252 9.9964E-05
0.0635807 9.99551E-05 9.99551E-05 0.00346653 9.99551E-05 9.99551E-05 0.932453 9.99551E-05
0.0429538 9.9964E-05 0.0404503 9.9964E-05 9.9964E-05 9.9964E-05 0.828283 0.0879125
9.9964E-05 9.9964E-05 9.9964E-05 9.9964E-05 0.0535434 0.0328223 0.667456 0.245778
9.9964E-05 9.9964E-05 0.0393013 9.9964E-05 0.0938676 9.9964E-05 0.851789 0.0146427
9.9973E-05 9.9973E-05 0.0106056 9.9973E-05 0.00638243 0.0753381 0.839674 0.0677004
0.0831794 9.99729E-05 9.99729E-05 9.99729E-05 0.288504 0.183333 0.418281 0.0264034
0.110585 0.014518 9.997E-05 9.997E-05 9.997E-05 0.228265 0.541117 0.105216
0.049302 9.9973E-05 0.0936591 9.9973E-05 9.9973E-05 0.170262 0.565955 0.120522
0.0631125 9.997E-05 0.00236887 9.997E-05 9.997E-05 0.0907846 0.63901 0.204424
9.99551E-05 9.99551E-05 9.99551E-05 9.99551E-05 0.140732 0.10907 0.749698 9.99551E-05
9.9955E-05 9.9955E-05 0.058155 9.9955E-05 9.9955E-05 0.10675 0.834595 9.9955E-05
0.00371824 9.9964E-05 9.9964E-05 9.9964E-05 9.9964E-05 0.143045 0.618464 0.234373
9.9955E-05 9.9955E-05 0.151629 9.9955E-05 9.9955E-05 0.566614 0.281257 9.9955E-05
9.9955E-05 9.9955E-05 9.9955E-05 9.9955E-05 9.9955E-05 0.559008 0.245131 0.195362
9.9964E-05 9.9964E-05 0.0463565 9.9964E-05 9.9964E-05 0.319089 0.520307 0.113848
9.9964E-05 9.9964E-05 9.9964E-05 9.9964E-05 0.141392 0.0162658 0.77397 0.0679722
9.9973E-05 0.0225101 0.0545114 0.0345538 9.9973E-05 9.9973E-05 0.699789 0.188335
9.997E-05 0.00449211 0.076851 9.997E-05 9.997E-05 0.111708 0.568311 0.238338
9.9964E-05 9.9964E-05 9.9964E-05 0.012571 9.9964E-05 0.0790887 0.792684 0.115257
9.996E-05 0.132748 0.195372 0.0634292 9.996E-05 9.996E-05 0.608051 9.996E-05
9.9964E-05 0.244775 0.0449161 0.0997518 9.9964E-05 9.9964E-05 0.610157 9.9964E-05
0.0518991 9.9964E-05 9.9964E-05 9.9964E-05 9.9964E-05 0.178629 0.714214 0.0548572
0.0229752 9.996E-05 9.996E-05 9.996E-05 9.996E-05 0.590959 0.350043 0.035623
9.998E-05 9.998E-05 0.044584 0.0208399 0.00388915 0.3866 0.459081 0.0848059
9.9964E-05 9.9964E-05 0.0514761 9.9964E-05 9.9964E-05 0.536931 0.371317 0.0398758
9.99549E-05 9.99549E-05 9.99549E-05 9.99549E-05 0.0891694 0.723462 0.186869 9.99549E-05
0.0445382 9.9964E-05 9.9964E-05 9.9964E-05 9.9964E-05 0.0667747 0.85774 0.0305476
9.9964E-05 9.9964E-05 9.9964E-05 9.9964E-05 0.0876608 0.454708 0.430351 0.0268801
9.99639E-05 9.99639E-05 9.99639E-05 9.99639E-05 0.200299 0.152593 0.625241 0.0214675
0.075435 9.9973E-05 9.9973E-05 9.9973E-05 0.0794757 0.261254 0.487569 0.0959666
9.995E-05 9.995E-05 9.995E-05 0.0224893 9.995E-05 0.372235 0.604776 9.995E-05
0.0742204 0.102721 9.9973E-05 0.610381 9.9973E-05 0.188811 9.9973E-05 0.0235665
0.011918 0.39969 9.997E-05 0.554285 0.0107398 9.997E-05 0.0230678 9.997E-05
0.113719 0.269391 9.998E-05 0.564825 0.0190675 0.0191778 9.998E-05 0.0136195
0.0331901 0.669781 9.99639E-05 0.110887 9.99639E-05 0.185743 9.99639E-05 9.99639E-05
0.0401996 0.727795 9.997E-05 0.052676 9.997E-05 0.118565 9.997E-05 0.0604636
9.9955E-05 0.759661 9.9955E-05 0.216146 9.9955E-05 9.9955E-05 0.0236932 9.9955E-05
9.9964E-05 0.29128 9.9964E-05 0.565605 9.9964E-05 0.0528403 9.9964E-05 0.0898755
9.9964E-05 0.100111 0.0331168 0.799279 9.9964E-05 9.9964E-05 9.9964E-05 0.0670933
9.994E-05 9.994E-05 9.994E-05 0.704693 9.994E-05 0.294707 9.994E-05 9.994E-05
9.9964E-05 0.616013 9.9964E-05 0.28233 9.9964E-05 9.9964E-05 0.0844488 0.0168085
9.99462E-05 0.931987 0.0674133 9.99462E-05 9.99462E-05 9.99462E-05 9.99462E-05 9.99462E-05
9.9946E-05 0.95131 0.0480899 9.9946E-05 9.9946E-05 9.9946E-05 9.9946E-05 9.9946E-05
0.00262511 0.925562 9.99641E-05 9.99641E-05 9.99641E-05 9.99641E-05 0.00628112 0.0651319
