0.168251 0.385068 0.446581 9.9991E-05
0.519872 0.370863 0.109165 9.9991E-05
0.172008 0.44601 0.377717 0.0042648
0.0893315 0.399496 0.470838 0.040334
9.999E-05 0.665299 0.270391 0.0642094
9.9982E-05 0.405851 0.593949 9.9982E-05
0.533117 9.9982E-05 9.9982E-05 0.466683
0.298665 0.152091 9.9991E-05 0.549144
0.3573 9.9982E-05 9.9982E-05 0.6425
0.336649 9.9982E-05 9.9982E-05 0.663151
0.461783 9.9982E-05 9.9982E-05 0.538017
0.475691 9.9982E-05 9.9982E-05 0.524109
0.198954 9.9982E-05 9.9982E-05 0.800846
0.181022 9.9982E-05 9.9982E-05 0.818778
0.427557 9.9982E-05 9.9982E-05 0.572243
0.470726 9.9982E-05 9.9982E-05 0.529074
0.0837203 0.278318 0.621141 0.0168209
0.384627 0.053262 0.525941 0.0361694
0.147541 9.9991E-05 0.778783 0.0735754
9.9991E-05 0.174596 0.706409 0.118895
0.217161 0.250851 0.517187 0.0148011
0.167435 9.9991E-05 0.81008 0.0223853
0.241468 0.212413 0.502159 0.0439606
0.0183619 0.375232 0.563875 0.042531
9.9991E-05 0.109066 0.833833 0.0570005
0.0111022 0.199098 0.789699 9.9991E-05
9.9991E-05 0.279627 0.586603 0.13367
9.9991E-05 0.328808 0.556189 0.114904
0.233778 0.60771 0.134232 0.0242802
0.308529 0.392732 0.234349 0.06439
0.545102 0.00958359 0.445214 9.9991E-05
0.23586 0.364908 0.34753 0.0517015
0.142402 0.317404 0.540094 9.9991E-05
0.102813 0.0567183 0.794235 0.046234
0.397712 9.9982E-05 0.602088 9.9982E-05
0.126123 0.203409 0.624071 0.046397
0.174752 9.9991E-05 0.516992 0.308156
0.0571299 0.165705 0.632111 0.145054
0.288703 9.9982E-05 0.711097 9.9982E-05
0.043133 0.0676147 0.833896 0.0553562
0.208718 0.344277 0.446905 9.9991E-05
0.0501635 0.527926 0.340657 0.0812533
0.0925482 0.33137 0.431013 0.145069
0.0831918 0.5112 0.26819 0.137418
0.0967598 0.321955 0.581185 9.9991E-05
0.10054 0.124214 0.775146 9.9991E-05
0.385349 9.9991E-05 0.544808 0.0697432
0.631577 0.0991913 0.269132 9.9991E-05
0.763079 0.0643824 0.172438 9.9991E-05
0.528384 0.270891 0.200625 9.9991E-05
0.474437 9.9982E-05 0.525363 9.9982E-05
0.251727 0.167517 0.515883 0.0648736
0.219285 0.0425163 0.682535 0.0556631
0.191317 0.0944064 0.714176 9.9991E-05
0.206455 0.0893455 0.704099 9.9991E-05
9.9991E-05 0.165347 0.745429 0.0891233
0.247302 0.00757229 0.204572 0.540553
0.111769 0.0578883 0.0795325 0.75081
9.9991E-05 0.0388741 0.0154777 0.945548
0.229188 9.9991E-05 0.0330436 0.737669
0.145691 0.0168974 9.9991E-05 0.837311
0.139946 0.0455228 0.0748205 0.739711
0.785894 9.9982E-05 9.9982E-05 0.213906
0.463984 9.9991E-05 0.0809711 0.454945
0.357925 9.9982E-05 9.9982E-05 0.641875
0.227448 9.9982E-05 9.9982E-05 0.772352
0.256569 9.9991E-05 0.106532 0.636799
9.99821E-05 9.99821E-05 0.0793664 0.920434
0.449239 9.9991E-05 0.0150885 0.535573
0.199072 9.9991E-05 0.00421957 0.796608
0.476549 0.0255503 9.9991E-05 0.497801
0.153754 9.9991E-05 0.0987187 0.747427
0.448665 9.9982E-05 9.9982E-05 0.551135
0.0720708 0.0602848 0.0555844 0.81206
9.9982E-05 9.9982E-05 0.199973 0.799827
0.0687408 9.9991E-05 0.0688002 0.862359
0.15554 0.0270985 9.9991E-05 0.817262
9.9982E-05 0.0259426 9.9982E-05 0.973857
0.123614 9.9982E-05 9.9982E-05 0.876186
0.468365 9.9982E-05 9.9982E-05 0.531435
0.120072 0.0162451 0.0347409 0.828942
9.9991E-05 0.828781 0.112071 0.0590477
0.222759 0.755235 0.00354247 0.0184636
0.182144 0.783407 9.9991E-05 0.0343495
0.0280796 0.822385 0.0389821 0.110553
0.164809 0.759042 0.054688 0.0214613
0.759399 0.240401 9.9982E-05 9.9982E-05
0.227536 0.59089 0.0854438 0.09613
0.265179 0.513616 0.203675 0.0175295
0.0701452 0.77357 0.119482 0.0368022
0.257946 0.741854 9.9982E-05 9.9982E-05
9.9991E-05 0.719312 0.0913448 0.189243
9.9991E-05 0.526067 0.417364 0.0564696
9.9991E-05 0.605359 0.34794 0.0466008
0.0284096 0.624083 0.282121 0.065386
0.407167 0.374246 0.218487 9.9991E-05
0.137603 0.450674 0.363663 0.0480602
9.9991E-05 0.667496 0.215587 0.116816
9.9991E-05 0.581498 0.334564 0.0838383
0.0456989 0.642158 0.280206 0.0319373
0.230074 0.659169 0.110657 9.9991E-05
0.0614273 0.882456 0.056017 9.9991E-05
0.125688 0.840586 0.0336261 9.9991E-05
0.164138 0.835662 9.9982E-05 9.9982E-05
0.143323 0.829424 9.9991E-05 0.0271528
9.9991E-05 0.881183 0.0910236 0.0276934
9.9982E-05 0.730969 0.268831 9.9982E-05
9.9982E-05 0.937016 9.9982E-05 0.0627842
9.9982E-05 0.903496 9.9982E-05 0.0963039
9.9991E-05 0.887182 0.0720225 0.0406956
9.9991E-05 0.860435 0.0969334 0.0425319
9.9982E-05 0.995385 9.9982E-05 0.00441526
0.130849 0.68414 0.184912 9.9991E-05
0.0586604 0.774354 0.100361 0.0666249
0.154631 0.713285 0.131984 9.9991E-05
0.0509116 0.865957 0.0675415 0.0155899
0.0341807 0.895789 0.0226835 0.0473467
9.9991E-05 0.935503 0.0311367 0.0332601
0.0610221 0.913966 0.0233462 0.00166598
0.268415 0.731385 9.9982E-05 9.9982E-05
0.236436 0.763364 9.9982E-05 9.9982E-05
0.125073 0.874727 9.9982E-05 9.9982E-05
9.9991E-05 0.97033 0.020043 0.00952733
9.9991E-05 0.815126 0.0659454 0.118828
9.9991E-05 0.890039 0.0438229 0.0660378
0.00895043 0.952482 9.9991E-05 0.0384676
9.9991E-05 0.6498 0.0592043 0.290896
9.9982E-05 0.572927 9.9982E-05 0.426873
0.113872 0.885928 9.9982E-05 9.9982E-05
0.242853 0.756947 9.9982E-05 9.9982E-05
0.258922 0.740878 9.9982E-05 9.9982E-05
0.133505 0.866295 9.9982E-05 9.9982E-05
0.32375 0.67605 9.9982E-05 9.9982E-05
0.0150504 0.973589 9.9991E-05 0.011261
0.15555 0.84425 9.9982E-05 9.9982E-05
0.0228272 0.893085 0.0514483 0.0326398
0.171638 0.731698 0.096564 9.9991E-05
0.169709 0.830091 9.9982E-05 9.9982E-05
0.594713 0.00440763 9.9991E-05 0.400779
0.281054 9.9982E-05 9.9982E-05 0.718746
0.368009 9.9991E-05 0.0216749 0.610216
0.116332 0.115417 0.0148622 0.753389
9.9982E-05 0.139631 9.9982E-05 0.860169
0.00246637 0.00469829 9.9991E-05 0.992735
0.29529 0.00430239 9.9991E-05 0.700308
0.456653 9.9982E-05 9.9982E-05 0.543147
0.869561 9.9982E-05 9.9982E-05 0.130239
0.0826529 0.0907954 9.9991E-05 0.826452
9.99821E-05 9.99821E-05 0.058791 0.941009
9.9982E-05 9.9982E-05 0.0746452 0.925155
9.9991E-05 0.0113613 0.0448644 0.943674
