0.732966 0.262768 0.0042663
0.467878 0.532022 9.9991E-05
0.726549 0.220148 0.0533025
0.744964 0.164852 0.0901838
0.902466 9.9991E-05 0.0974345
0.895656 0.00915494 0.0951892
9.999E-05 0.582473 0.417427
0.172824 0.320515 0.506661
9.9991E-05 0.364152 0.635748
9.9991E-05 0.417322 0.582578
9.9991E-05 0.509575 0.490325
9.9991E-05 0.506889 0.493011
9.9991E-05 0.22205 0.77785
9.9991E-05 0.197417 0.802483
9.9991E-05 0.45409 0.54581
9.9991E-05 0.491999 0.507901
0.718505 0.163525 0.11797
0.403487 0.485253 0.11126
0.511707 0.268483 0.21981
0.693008 0.0481407 0.258851
0.578896 0.318244 0.10286
0.533736 0.287995 0.178269
0.594746 0.322803 0.0824514
0.704789 0.118826 0.176386
0.711179 0.0551742 0.233647
0.798205 0.104243 0.0975518
0.738445 9.9991E-05 0.261455
0.747665 9.9991E-05 0.252235
0.723207 0.236467 0.0403263
0.566661 0.372267 0.0610713
0.330291 0.643804 0.0259051
0.621756 0.270874 0.107369
0.714152 0.285748 9.9991E-05
0.589093 0.203719 0.207187
0.34545 0.581128 0.0734219
0.64566 0.190974 0.163366
0.331566 0.28376 0.384674
0.614314 0.158815 0.226871
0.522241 0.332509 0.14525
0.629894 0.149678 0.220428
0.696126 0.303774 9.9991E-05
0.805547 0.041702 0.152751
0.627336 0.121651 0.251014
0.723339 0.0795751 0.197086
0.784664 0.178257 0.0370787
0.662256 0.191141 0.146603
0.258274 0.563601 0.178125
0.299206 0.700694 9.9991E-05
0.208169 0.791731 9.9991E-05
0.460222 0.539678 9.9991E-05
0.380685 0.553426 0.0658888
0.515308 0.325066 0.159627
0.517772 0.295226 0.187002
0.637194 0.213142 0.149664
0.598365 0.277502 0.124133
0.757266 9.9991E-05 0.242634
0.168662 0.264355 0.566983
0.164237 0.0878979 0.747866
0.0461149 9.9991E-05 0.953785
0.0224943 0.236474 0.741032
9.9991E-05 0.167041 0.832859
0.0580811 0.186552 0.755366
9.9991E-05 0.848402 0.151498
0.0162897 0.567838 0.415872
9.9991E-05 0.389225 0.610675
9.9991E-05 0.261398 0.738502
0.0473839 0.302251 0.650365
0.0232856 0.0164674 0.960247
9.9991E-05 0.479335 0.520565
9.9991E-05 0.231504 0.768396
0.0981207 0.465693 0.436187
0.0646536 0.173697 0.761649
9.9991E-05 0.512428 0.487472
0.0598542 0.0842957 0.85585
0.100536 0.0268681 0.872596
0.0093436 0.149444 0.841213
0.0325524 0.193604 0.773844
0.0160767 9.9991E-05 0.983823
9.9991E-05 0.122896 0.877004
9.9991E-05 0.473082 0.526818
0.0868289 0.0845937 0.828577
0.91668 9.9991E-05 0.08322
0.802499 0.183335 0.0141657
0.862989 0.11034 0.026671
0.884354 0.0100052 0.105641
0.823342 0.176558 9.9991E-05
0.312644 0.687256 9.9991E-05
0.654101 0.304466 0.0414335
0.669153 0.321662 0.00918592
0.872547 0.0639416 0.0635112
0.767476 0.232424 9.9991E-05
0.820415 9.9991E-05 0.179485
0.849121 9.9991E-05 0.150779
0.899003 0.0163982 0.0845985
0.811445 0.0574064 0.131149
0.580853 0.419047 9.9991E-05
0.786879 0.148244 0.0648775
0.833014 9.9991E-05 0.166886
0.868574 9.9991E-05 0.131326
0.872311 0.0635151 0.064174
0.822616 0.177284 9.9991E-05
0.946378 0.0535221 9.9991E-05
0.926601 0.0732986 9.9991E-05
0.883644 0.116256 9.9991E-05
0.847657 0.12598 0.0263634
0.961176 9.9991E-05 0.0387237
0.937949 0.0199132 0.0421376
0.948491 9.9991E-05 0.0514094
0.92503 9.9991E-05 0.0748702
0.992566 9.9991E-05 0.00733363
0.977204 9.9991E-05 0.0226963
0.9998 9.999E-05 9.999E-05
0.886262 0.113638 9.9991E-05
0.863198 0.0887282 0.0480737
0.874321 0.125579 9.9991E-05
0.94122 0.0467032 0.0120766
0.981902 9.9991E-05 0.0179981
0.994326 9.9991E-05 0.00557398
0.958067 0.0245776 0.0173551
0.796383 0.203517 9.9991E-05
0.781834 0.218066 9.9991E-05
0.887321 0.112579 9.9991E-05
0.9998 9.999E-05 9.999E-05
0.907836 9.9991E-05 0.0920636
0.925008 9.9991E-05 0.0748923
0.958318 9.9991E-05 0.0415825
0.687066 9.9991E-05 0.312834
0.591413 9.9991E-05 0.408487
0.926158 0.0737418 9.9991E-05
0.785707 0.214193 9.9991E-05
0.823447 0.176453 9.9991E-05
0.874413 0.125487 9.9991E-05
0.702043 0.297857 9.9991E-05
0.987472 9.9991E-05 0.0124285
0.830626 0.169274 9.9991E-05
0.984291 0.0156089 9.9991E-05
0.851916 0.147984 9.9991E-05
0.882571 0.117329 9.9991E-05
0.0263263 0.649556 0.324118
9.9991E-05 0.309773 0.690127
9.9991E-05 0.405275 0.594625
0.133774 0.0904051 0.775821
0.139115 0.0246448 0.83624
9.9991E-05 0.0194974 0.980403
0.015201 0.310374 0.674425
9.9991E-05 0.459699 0.540201
9.9991E-05 0.927503 0.0723973
0.107532 0.0811942 0.811274
9.999E-05 9.999E-05 0.9998
0.00344903 9.9991E-05 0.996451
0.0528021 9.9991E-05 0.947098
