0.0671274 0.2567 9.99549E-05 0.415762 9.99549E-05 0.259912 9.99549E-05 9.99549E-05 9.99549E-05
0.375603 0.0853774 0.0258097 0.265874 0.103731 0.0179349 0.12547 9.9982E-05 9.9982E-05
0.16144 0.231337 0.209105 0.397618 9.9955E-05 9.9955E-05 9.9955E-05 9.9955E-05 9.9955E-05
0.117906 9.9973E-05 0.410434 0.0860839 9.9973E-05 0.353101 9.9973E-05 0.0156729 0.0165026
9.9964E-05 0.396951 0.387643 0.143309 9.9964E-05 9.9964E-05 0.016622 0.0550747 9.9964E-05
9.9964E-05 9.9964E-05 0.49316 0.159057 9.9964E-05 0.197481 0.0561937 0.0937072 9.9964E-05
0.0457123 9.9955E-05 9.9955E-05 9.9955E-05 0.833182 0.106793 9.9955E-05 0.0138127 9.9955E-05
9.9955E-05 0.105579 9.9955E-05 9.9955E-05 0.628774 9.9955E-05 0.042834 0.222313 9.9955E-05
0.013411 9.9964E-05 0.0557077 9.9964E-05 0.793395 0.0323898 9.9964E-05 9.9964E-05 0.104697
9.9955E-05 9.9955E-05 9.9955E-05 9.9955E-05 0.834385 0.137881 9.9955E-05 0.0179418 0.00929213
9.9946E-05 9.9946E-05 9.9946E-05 9.9946E-05 0.861709 0.0774441 0.0602476 9.9946E-05 9.9946E-05
9.997E-05 0.0128836 0.0150227 0.0287781 0.855328 9.997E-05 0.0696829 0.0180051 9.997E-05
9.99461E-05 0.043572 9.99461E-05 9.99461E-05 0.666527 9.99461E-05 9.99461E-05 9.99461E-05 0.289301
9.99461E-05 9.99461E-05 9.99461E-05 9.99461E-05 0.617437 9.99461E-05 9.99461E-05 0.166435 0.215528
0.102805 9.9955E-05 9.9955E-05 9.9955E-05 0.720433 0.0473701 9.9955E-05 9.9955E-05 0.128892
9.99371E-05 9.99371E-05 9.99371E-05 9.99371E-05 0.873983 9.99371E-05 0.125318 9.99371E-05 9.99371E-05
9.99549E-05 9.99549E-05 0.208352 0.0162381 9.99549E-05 9.99549E-05 0.182732 0.592178 9.99549E-05
0.319581 9.9964E-05 9.9964E-05 9.9964E-05 0.0133783 9.9964E-05 0.0658647 0.582785 0.0179905
0.0174353 9.9964E-05 0.192196 0.293075 9.9964E-05 0.0113164 9.9964E-05 0.485578 9.9964E-05
9.9946E-05 9.9946E-05 0.301494 9.9946E-05 9.9946E-05 0.0896548 9.9946E-05 0.608251 9.9946E-05
0.184329 0.262696 9.99549E-05 9.99549E-05 9.99549E-05 0.040751 9.99549E-05 0.511724 9.99549E-05
0.0850255 9.99459E-05 9.99459E-05 9.99459E-05 9.99459E-05 0.232911 9.99459E-05 0.681464 9.99459E-05
0.0226051 0.0843462 0.0204384 0.643905 0.0723609 9.9982E-05 0.109499 0.0466445 9.9982E-05
9.9955E-05 0.195745 9.9955E-05 0.658389 9.9955E-05 0.0676243 0.0777413 9.9955E-05 9.9955E-05
9.9964E-05 0.00168135 0.144238 0.629794 9.9964E-05 0.112069 9.9964E-05 0.111817 9.9964E-05
9.9955E-05 0.0531105 9.9955E-05 0.0789863 9.9955E-05 0.586216 9.9955E-05 0.281188 9.9955E-05
9.9964E-05 0.262776 0.00388878 0.162014 9.9964E-05 9.9964E-05 9.9964E-05 0.545706 0.0252157
9.997E-05 0.249483 0.260552 0.141223 9.997E-05 0.0417322 9.997E-05 0.260613 0.0460964
0.223498 0.398301 9.9964E-05 9.9964E-05 9.9964E-05 0.0391023 0.0756274 0.263071 9.9964E-05
0.228075 0.328929 9.9964E-05 9.9964E-05 0.0553276 0.147393 9.9964E-05 0.239875 9.9964E-05
0.448649 9.995E-05 0.268683 9.995E-05 0.0778474 9.995E-05 9.995E-05 0.204321 9.995E-05
0.127336 0.0937335 0.496036 9.99639E-05 0.0880201 9.99639E-05 9.99639E-05 0.194475 9.99639E-05
0.104466 0.0279694 0.508557 9.9955E-05 9.9955E-05 9.9955E-05 9.9955E-05 0.358508 9.9955E-05
9.99459E-05 9.99459E-05 9.99459E-05 0.759807 9.99459E-05 0.201875 9.99459E-05 0.0377189 9.99459E-05
0.188488 9.99459E-05 9.99459E-05 0.809769 0.00114366 9.99459E-05 9.99459E-05 9.99459E-05 9.99459E-05
0.0376568 0.192297 0.121326 0.272598 0.00464156 9.9973E-05 9.9973E-05 0.371181 9.9973E-05
0.204086 9.99549E-05 0.0833336 0.438048 9.99549E-05 9.99549E-05 9.99549E-05 9.99549E-05 0.274032
9.9955E-05 9.9955E-05 0.13149 0.579362 9.9955E-05 9.9955E-05 9.9955E-05 0.25778 0.0308688
0.17884 9.9973E-05 0.0231629 0.395443 9.9973E-05 0.162317 9.9973E-05 0.179496 0.0604414
9.9955E-05 9.9955E-05 0.200675 0.219011 9.9955E-05 0.00698066 9.9955E-05 0.572834 9.9955E-05
0.0425255 9.9946E-05 9.9946E-05 9.9946E-05 9.9946E-05 0.720933 0.235942 9.9946E-05 9.9946E-05
0.0236476 0.214271 0.0825785 9.9973E-05 9.9973E-05 0.554334 0.0265411 9.9973E-05 0.0983283
0.106888 9.9955E-05 0.27485 9.9955E-05 9.9955E-05 0.470029 9.9955E-05 9.9955E-05 0.147733
9.9955E-05 9.9955E-05 0.220457 9.9955E-05 9.9955E-05 0.241051 0.435384 9.9955E-05 0.102608
9.994E-05 0.0770474 9.994E-05 9.994E-05 0.00135625 0.920997 9.994E-05 9.994E-05 9.994E-05
0.0346907 9.9973E-05 0.068882 0.0219117 9.9973E-05 0.789896 9.9973E-05 0.0545213 0.0297988
0.280791 9.9946E-05 9.9946E-05 9.9946E-05 0.0558306 9.9946E-05 9.9946E-05 0.662779 9.9946E-05
0.491753 9.99549E-05 9.99549E-05 9.99549E-05 0.0754596 9.99549E-05 0.137585 0.294702 9.99549E-05
0.795298 9.99369E-05 9.99369E-05 9.99369E-05 9.99369E-05 9.99369E-05 9.99369E-05 0.204002 9.99369E-05
0.619231 0.0654748 9.9955E-05 9.9955E-05 9.9955E-05 0.114627 9.9955E-05 0.200167 9.9955E-05
0.473385 9.99549E-05 9.99549E-05 9.99549E-05 9.99549E-05 0.0238536 9.99549E-05 0.471975 0.0302866
9.9964E-05 9.9964E-05 9.9964E-05 0.10819 0.0724504 0.0942237 0.34239 0.382346 9.9964E-05
0.161429 0.0669912 9.9964E-05 0.062937 9.9964E-05 9.9964E-05 9.9964E-05 0.667007 0.0412356
9.9955E-05 9.9955E-05 9.9955E-05 0.0281401 9.9955E-05 0.120413 0.282408 0.568539 9.9955E-05
9.99549E-05 9.99549E-05 9.99549E-05 0.0606393 9.99549E-05 0.0814323 0.3129 0.544529 9.99549E-05
9.9964E-05 0.0178142 0.191088 9.9964E-05 9.9964E-05 0.223328 9.9964E-05 0.521459 0.045911
9.9955E-05 9.9955E-05 9.9955E-05 0.319728 0.430702 0.0600645 9.9955E-05 9.9955E-05 0.189006
9.9964E-05 0.0494417 9.9964E-05 0.106529 0.373416 0.0954001 9.9964E-05 9.9964E-05 0.374813
9.994E-05 9.994E-05 9.994E-05 0.0114007 9.994E-05 9.994E-05 0.0660816 9.994E-05 0.921918
9.9955E-05 9.9955E-05 9.9955E-05 9.9955E-05 0.409254 9.9955E-05 0.117716 0.0741316 0.398399
9.9955E-05 9.9955E-05 0.0304051 9.9955E-05 0.412311 9.9955E-05 0.0476699 9.9955E-05 0.509115
0.0630184 9.9964E-05 9.9964E-05 9.9964E-05 0.189582 9.9964E-05 0.0355886 0.131081 0.58033
0.346077 9.99459E-05 9.99459E-05 0.0407452 0.612578 9.99459E-05 9.99459E-05 9.99459E-05 9.99459E-05
9.9955E-05 9.9955E-05 0.165396 0.0693076 0.740997 9.9955E-05 9.9955E-05 0.0237997 9.9955E-05
9.9946E-05 9.9946E-05 0.135139 9.9946E-05 0.823189 9.9946E-05 9.9946E-05 9.9946E-05 0.0410727
9.9946E-05 9.9946E-05 9.9946E-05 9.9946E-05 0.695349 0.0498841 9.9946E-05 9.9946E-05 0.254167
9.9964E-05 9.9964E-05 9.9964E-05 0.0725322 0.541613 0.149856 9.9964E-05 0.00611115 0.229488
9.99461E-05 9.99461E-05 9.99461E-05 0.187863 0.192506 9.99461E-05 9.99461E-05 9.99461E-05 0.619031
0.0555083 9.9955E-05 9.9955E-05 0.169924 0.656796 9.9955E-05 9.9955E-05 9.9955E-05 0.117272
9.9955E-05 9.9955E-05 9.9955E-05 0.105637 0.582743 9.9955E-05 9.9955E-05 0.0439681 0.267152
0.0134539 9.99551E-05 0.0792847 0.194914 0.711848 9.99551E-05 9.99551E-05 9.99551E-05 9.99551E-05
9.9964E-05 0.0196543 0.000294027 0.188436 0.453178 9.9964E-05 9.9964E-05 9.9964E-05 0.338038
9.9946E-05 0.0976432 9.9946E-05 0.0903203 0.811437 9.9946E-05 9.9946E-05 9.9946E-05 9.9946E-05
9.9964E-05 0.00506296 0.0607674 9.9964E-05 0.268719 9.9964E-05 9.9964E-05 0.114171 0.55088
9.9964E-05 9.9964E-05 9.9964E-05 0.0692703 0.129008 0.0617587 9.9964E-05 0.129724 0.609839
0.0684227 9.99549E-05 9.99549E-05 9.99549E-05 0.189517 9.99549E-05 9.99549E-05 0.0894194 0.652141
9.9946E-05 9.9946E-05 0.182762 9.9946E-05 0.39098 9.9946E-05 9.9946E-05 9.9946E-05 0.425658
0.0137761 9.9946E-05 0.0233118 9.9946E-05 9.9946E-05 9.9946E-05 9.9946E-05 9.9946E-05 0.962312
9.9964E-05 9.9964E-05 9.9964E-05 0.00401445 0.330286 0.0136566 0.0446876 9.9964E-05 0.606955
0.062217 9.9964E-05 9.9964E-05 0.0100055 0.794899 9.9964E-05 9.9964E-05 0.121999 0.0104794
0.0724301 9.9955E-05 9.9955E-05 9.9955E-05 0.121625 0.143775 9.9955E-05 9.9955E-05 0.661671
9.99551E-05 0.794452 9.99551E-05 9.99551E-05 9.99551E-05 0.0926357 9.99551E-05 0.0551279 0.0572845
9.9946E-05 9.9946E-05 9.9946E-05 9.9946E-05 9.9946E-05 9.9946E-05 0.88505 0.0845327 0.0298176
9.9955E-05 9.9955E-05 0.0318341 9.9955E-05 9.9955E-05 9.9955E-05 0.848501 0.0217028 0.0974622
0.0781572 0.587958 0.209539 0.0671245 9.9982E-05 9.9982E-05 0.0139468 0.00377977 0.0392955
0.215833 0.651226 9.996E-05 9.996E-05 0.0195433 0.0575806 9.996E-05 0.0554172 9.996E-05
0.949161 9.9937E-05 9.9937E-05 9.9937E-05 9.9937E-05 9.9937E-05 0.0501396 9.9937E-05 9.9937E-05
0.262244 9.9973E-05 0.408948 9.9973E-05 0.016197 0.129233 0.159415 9.9973E-05 0.0236633
0.264197 9.9973E-05 0.414789 0.0895152 0.0174632 0.11501 0.0987264 9.9973E-05 9.9973E-05
0.0886032 0.20178 0.614194 9.9964E-05 9.9964E-05 0.0716719 0.0233513 9.9964E-05 9.9964E-05
0.31761 0.177569 0.307676 9.99549E-05 9.99549E-05 9.99549E-05 0.196645 9.99549E-05 9.99549E-05
0.0102246 0.0249838 0.937675 9.9964E-05 9.9964E-05 9.9964E-05 0.00630837 9.9964E-05 0.0204089
9.9955E-05 9.9955E-05 0.912219 9.9955E-05 9.9955E-05 0.0568424 9.9955E-05 0.0220396 0.00839911
9.99639E-05 0.24947 0.569065 0.137543 9.99639E-05 0.0207883 9.99639E-05 0.0227344 9.99639E-05
0.0883621 9.9955E-05 0.792015 0.0681384 9.9955E-05 9.9955E-05 0.0509846 9.9955E-05 9.9955E-05
0.417627 9.99639E-05 0.516757 9.99639E-05 0.0113779 0.0428773 9.99639E-05 9.99639E-05 0.0109608
0.127755 0.0524272 0.577731 0.0198953 9.9973E-05 0.110565 9.9973E-05 0.111326 9.9973E-05
9.9955E-05 0.184523 0.7314 9.9955E-05 9.9955E-05 0.0604217 9.9955E-05 9.9955E-05 0.0231553
9.9964E-05 0.146421 0.714388 0.125647 0.0113089 9.9964E-05 0.00183494 9.9964E-05 9.9964E-05
9.9964E-05 0.101513 0.477106 0.059594 9.9964E-05 0.195422 0.165966 9.9964E-05 9.9964E-05
0.23334 0.494177 9.996E-05 9.996E-05 9.996E-05 0.121187 0.0947653 0.0561311 9.996E-05
0.0164244 0.55771 9.9964E-05 0.00158892 9.9964E-05 0.1514 0.272477 9.9964E-05 9.9964E-05
0.00722274 0.419199 9.9973E-05 0.141387 9.9973E-05 0.00929598 0.400862 0.0217331 9.9973E-05
0.000935007 0.388353 0.0730525 9.9973E-05 9.9973E-05 0.0320726 0.501355 0.00393241 9.9973E-05
0.206238 0.731551 0.0469673 9.9964E-05 0.00995272 9.9964E-05 9.9964E-05 9.9964E-05 0.00489148
9.9955E-05 0.859233 9.9955E-05 0.028784 9.9955E-05 0.0289323 9.9955E-05 0.0825508 9.9955E-05
9.9955E-05 0.688984 9.9955E-05 0.124126 9.9955E-05 0.0159202 9.9955E-05 0.17047 9.9955E-05
9.9946E-05 0.961114 9.9946E-05 9.9946E-05 0.0270556 9.9946E-05 9.9946E-05 0.0112305 9.9946E-05
0.0444104 0.763496 0.104531 0.0797405 9.9964E-05 9.9964E-05 9.9964E-05 9.9964E-05 0.00742235
9.9964E-05 0.549588 0.357109 0.0210384 9.9964E-05 9.9964E-05 0.0702226 0.0016428 9.9964E-05
9.9946E-05 0.740876 0.138907 0.119617 9.9946E-05 9.9946E-05 9.9946E-05 9.9946E-05 9.9946E-05
9.9955E-05 0.710637 0.0762246 0.0552045 9.9955E-05 9.9955E-05 0.157434 9.9955E-05 9.9955E-05
0.123963 0.485268 0.0518005 9.99639E-05 9.99639E-05 0.318555 0.0200139 9.99639E-05 9.99639E-05
9.9955E-05 0.267481 0.212164 9.9955E-05 9.9955E-05 9.9955E-05 0.344958 0.174897 9.9955E-05
0.118072 0.426802 0.240174 0.101519 9.997E-05 9.997E-05 0.107903 0.00522927 9.997E-05
0.0843185 0.632192 0.19384 0.0469219 9.9973E-05 0.00159048 0.0408374 9.9973E-05 9.9973E-05
0.0424757 0.830453 9.99461E-05 9.99461E-05 9.99461E-05 0.126472 9.99461E-05 9.99461E-05 9.99461E-05
9.9955E-05 0.732356 0.0299911 0.0500421 9.9955E-05 9.9955E-05 0.187111 9.9955E-05 9.9955E-05
0.116858 0.628929 0.192779 9.996E-05 9.996E-05 0.0315631 0.0294715 9.996E-05 9.996E-05
9.9946E-05 0.0790768 9.9946E-05 0.246943 9.9946E-05 9.9946E-05 0.673381 9.9946E-05 9.9946E-05
0.0401339 0.00378347 0.202465 9.9955E-05 9.9955E-05 9.9955E-05 0.753118 9.9955E-05 9.9955E-05
9.9955E-05 0.239964 0.195807 9.9955E-05 9.9955E-05 9.9955E-05 0.532504 0.0312253 9.9955E-05
9.9955E-05 0.581542 0.299884 9.9955E-05 9.9955E-05 0.0106711 0.107403 9.9955E-05 9.9955E-05
9.9973E-05 0.465865 0.363408 0.0221103 0.0252399 9.9973E-05 0.100397 9.9973E-05 0.0226795
9.9955E-05 0.495688 0.213827 0.165679 9.9955E-05 9.9955E-05 0.124307 9.9955E-05 9.9955E-05
9.996E-05 0.634819 0.154979 9.996E-05 0.00878667 9.996E-05 0.163697 0.0373188 9.996E-05
9.9955E-05 0.569446 9.9955E-05 0.232005 0.0941806 9.9955E-05 9.9955E-05 9.9955E-05 0.103869
9.9955E-05 0.572628 0.0852878 9.9955E-05 0.146415 9.9955E-05 9.9955E-05 9.9955E-05 0.195169
0.0812384 0.642726 0.0849806 9.9964E-05 9.9964E-05 9.9964E-05 0.182964 0.00769182 9.9964E-05
0.0857106 0.274973 9.99549E-05 9.99549E-05 9.99549E-05 0.0232237 0.615592 9.99549E-05 9.99549E-05
0.0737794 0.382548 0.0416914 0.161452 9.9973E-05 0.0212134 0.319016 9.9973E-05 9.9973E-05
0.0340076 0.338885 9.9964E-05 0.0921127 9.9964E-05 0.126465 0.40813 9.9964E-05 9.9964E-05
0.102049 0.0706638 9.9955E-05 9.9955E-05 9.9955E-05 0.16331 0.663477 9.9955E-05 9.9955E-05
0.0785694 0.915422 9.9946E-05 9.9946E-05 9.9946E-05 9.9946E-05 9.9946E-05 9.9946E-05 0.00540872
0.0529186 0.332807 0.00259743 9.9964E-05 9.9964E-05 0.172353 0.438923 9.9964E-05 9.9964E-05
9.99549E-05 0.512073 0.147201 9.99549E-05 9.99549E-05 0.112584 0.227643 9.99549E-05 9.99549E-05
0.159589 0.363718 0.196282 0.0270748 9.997E-05 9.997E-05 0.25044 0.00259612 9.997E-05
0.0658932 0.589325 9.9955E-05 9.9955E-05 0.0131861 9.9955E-05 0.331096 9.9955E-05 9.9955E-05
0.134839 9.9964E-05 9.9964E-05 0.0218965 0.622293 9.9964E-05 0.194881 9.9964E-05 0.0256907
0.0316099 0.0119546 9.9964E-05 9.9964E-05 0.574471 9.9964E-05 0.0566933 9.9964E-05 0.324872
0.11062 9.9964E-05 9.9964E-05 9.9964E-05 0.605316 0.0443317 9.9964E-05 0.024591 0.214741
0.137436 9.99639E-05 9.99639E-05 9.99639E-05 0.114806 9.99639E-05 0.0576703 0.0581305 0.631558
0.119502 9.9964E-05 0.0606611 9.9964E-05 0.0681282 9.9964E-05 0.0146041 9.9964E-05 0.736705
0.0372184 0.00946073 9.9955E-05 9.9955E-05 0.182967 9.9955E-05 9.9955E-05 9.9955E-05 0.769854
9.9955E-05 9.9955E-05 0.0526714 9.9955E-05 0.529417 9.9955E-05 0.086998 9.9955E-05 0.330414
0.0843593 9.9964E-05 0.0399809 0.00537581 0.79513 9.9964E-05 9.9964E-05 9.9964E-05 0.0747541
0.42198 9.99372E-05 9.99372E-05 9.99372E-05 0.57732 9.99372E-05 9.99372E-05 9.99372E-05 9.99372E-05
0.0234608 0.0996316 9.9964E-05 9.9964E-05 0.247992 9.9964E-05 0.0148029 9.9964E-05 0.613713
9.99372E-05 9.99372E-05 9.99372E-05 9.99372E-05 9.99372E-05 9.99372E-05 9.99372E-05 0.0748405 0.92446
9.99461E-05 9.99461E-05 9.99461E-05 0.0277216 9.99461E-05 9.99461E-05 9.99461E-05 0.0205116 0.951167
9.99551E-05 0.0123625 0.0531388 9.99551E-05 9.99551E-05 9.99551E-05 9.99551E-05 0.00811182 0.925887
