9.99459E-05 0.0709869 9.99459E-05 9.99459E-05 9.99459E-05 0.637111 9.99459E-05 0.00055595 9.99459E-05 0.290747
0.0209862 0.284301 9.99639E-05 9.99639E-05 9.99639E-05 0.293501 0.123237 0.150215 9.99639E-05 0.12736
9.9964E-05 0.0938623 9.9964E-05 0.110195 0.0530212 0.338344 0.0858286 9.9964E-05 9.9964E-05 0.31835
9.9973E-05 0.0539487 0.0556068 0.510539 0.0613303 0.187863 9.9973E-05 0.0866109 9.9973E-05 0.0438008
9.9946E-05 9.9946E-05 9.9946E-05 0.134949 9.9946E-05 0.250801 9.9946E-05 9.9946E-05 0.0188732 0.594777
9.9964E-05 0.014346 0.00314801 0.400489 0.0632476 0.368152 9.9964E-05 9.9964E-05 9.9964E-05 0.150218
0.694706 0.0400903 9.9955E-05 9.9955E-05 0.0095421 9.9955E-05 0.243639 0.0115225 9.9955E-05 9.9955E-05
0.53002 9.9955E-05 9.9955E-05 9.9955E-05 0.117733 9.9955E-05 0.171972 9.9955E-05 0.0366074 0.143168
0.730951 0.0633337 0.195697 9.9946E-05 9.9946E-05 0.00941922 9.9946E-05 9.9946E-05 9.9946E-05 9.9946E-05
0.820316 9.9946E-05 0.0581097 9.9946E-05 9.9946E-05 0.089533 0.0314412 9.9946E-05 9.9946E-05 9.9946E-05
0.80084 0.00194213 9.99549E-05 9.99549E-05 9.99549E-05 0.054774 0.121543 0.0204012 9.99549E-05 9.99549E-05
0.298606 9.99549E-05 0.0229149 9.99549E-05 0.0470909 9.99549E-05 0.587036 9.99549E-05 9.99549E-05 0.043852
0.559523 9.9937E-05 9.9937E-05 9.9937E-05 9.9937E-05 9.9937E-05 0.132831 9.9937E-05 0.306947 9.9937E-05
0.790558 9.9937E-05 9.9937E-05 9.9937E-05 0.0529699 9.9937E-05 9.9937E-05 9.9937E-05 0.155772 9.9937E-05
0.859922 0.0479561 0.00111628 9.9964E-05 9.9964E-05 0.0199235 0.0486489 9.9964E-05 9.9964E-05 0.0220338
0.667614 0.00360236 9.99461E-05 9.99461E-05 9.99461E-05 9.99461E-05 0.299305 0.0288791 9.99461E-05 9.99461E-05
9.9946E-05 9.9946E-05 9.9946E-05 9.9946E-05 0.594267 9.9946E-05 0.059889 0.0631129 9.9946E-05 0.282132
9.9955E-05 0.270279 0.0184088 9.9955E-05 0.601281 9.9955E-05 0.0642964 0.0452352 9.9955E-05 9.9955E-05
9.9964E-05 0.0586838 0.00734931 0.108173 0.445943 0.333164 9.9964E-05 9.9964E-05 0.0462867 9.9964E-05
9.9937E-05 9.9937E-05 9.9937E-05 0.246177 0.655029 9.9937E-05 9.9937E-05 9.9937E-05 9.9937E-05 0.0980938
0.0497851 0.227869 9.99549E-05 0.0531609 0.491493 9.99549E-05 9.99549E-05 9.99549E-05 9.99549E-05 0.177193
0.0092846 0.135646 9.9946E-05 0.127506 0.726963 9.9946E-05 9.9946E-05 9.9946E-05 9.9946E-05 9.9946E-05
0.00196178 9.9964E-05 0.0121863 9.9964E-05 0.0222291 0.619124 0.167262 9.9964E-05 9.9964E-05 0.176838
9.9946E-05 9.9946E-05 9.9946E-05 9.9946E-05 9.9946E-05 0.651929 9.9946E-05 0.113212 0.0442318 0.190027
9.99461E-05 9.99461E-05 9.99461E-05 9.99461E-05 0.167093 0.682433 9.99461E-05 9.99461E-05 0.033434 0.11644
9.9946E-05 9.9946E-05 9.9946E-05 0.215216 0.378619 0.237545 9.9946E-05 0.16802 9.9946E-05 9.9946E-05
9.9946E-05 9.9946E-05 9.9946E-05 9.9946E-05 0.526981 0.0365438 9.9946E-05 9.9946E-05 0.0939893 0.341886
9.9955E-05 9.9955E-05 9.9955E-05 0.142974 0.258449 0.168468 9.9955E-05 9.9955E-05 0.0737169 0.355893
0.0894349 0.210132 9.9955E-05 9.9955E-05 0.1814 9.9955E-05 9.9955E-05 0.125701 9.9955E-05 0.392833
0.114362 0.27636 9.9964E-05 0.078673 0.296441 9.9964E-05 9.9964E-05 0.0358118 9.9964E-05 0.197952
9.9946E-05 0.214224 9.9946E-05 0.276231 0.166207 9.9946E-05 0.342739 9.9946E-05 9.9946E-05 9.9946E-05
9.99549E-05 0.0485892 9.99549E-05 0.241583 0.200364 9.99549E-05 0.213291 9.99549E-05 9.99549E-05 0.295673
9.9964E-05 0.0676578 9.9964E-05 0.413841 0.323298 9.9964E-05 0.023712 0.0219043 9.9964E-05 0.149187
0.0215238 9.9937E-05 9.9937E-05 9.9937E-05 0.071181 0.906596 9.9937E-05 9.9937E-05 9.9937E-05 9.9937E-05
9.99369E-05 0.0657956 9.99369E-05 9.99369E-05 9.99369E-05 0.76732 0.166184 9.99369E-05 9.99369E-05 9.99369E-05
9.9955E-05 9.9955E-05 9.9955E-05 0.0836002 0.452544 0.156565 0.0921285 9.9955E-05 9.9955E-05 0.214663
9.99549E-05 0.138702 9.99549E-05 0.110623 9.99549E-05 0.342626 0.142424 9.99549E-05 0.265125 9.99549E-05
9.9955E-05 9.9955E-05 9.9955E-05 9.9955E-05 0.268538 0.526246 0.0387381 9.9955E-05 0.0669039 0.099074
0.0407579 0.194156 9.9964E-05 9.9964E-05 0.23026 0.379012 9.9964E-05 0.0705598 0.0848546 9.9964E-05
9.9955E-05 9.9955E-05 0.019081 0.176924 0.484981 0.272144 9.9955E-05 9.9955E-05 9.9955E-05 0.04637
9.99461E-05 9.99461E-05 9.99461E-05 0.375459 0.0130409 0.0422403 9.99461E-05 0.56866 9.99461E-05 9.99461E-05
9.9955E-05 9.9955E-05 9.9955E-05 0.527092 0.0709484 9.9955E-05 9.9955E-05 0.31021 0.0899095 0.00134061
9.9955E-05 0.128264 9.9955E-05 0.547589 9.9955E-05 0.142358 9.9955E-05 9.9955E-05 0.158687 0.0226023
9.9955E-05 9.9955E-05 0.10569 0.240946 9.9955E-05 0.0616024 9.9955E-05 0.537565 0.0536962 9.9955E-05
0.0342157 9.99551E-05 9.99551E-05 0.544668 0.129274 0.0673294 9.99551E-05 0.224013 9.99551E-05 9.99551E-05
9.9955E-05 0.0731146 9.9955E-05 0.503332 0.114034 0.305157 9.9955E-05 9.9955E-05 0.00386253 9.9955E-05
9.9946E-05 0.176692 0.0107749 9.9946E-05 0.701923 9.9946E-05 0.11001 9.9946E-05 9.9946E-05 9.9946E-05
9.99459E-05 0.523511 9.99459E-05 9.99459E-05 0.326688 9.99459E-05 0.13725 0.0119509 9.99459E-05 9.99459E-05
9.9928E-05 0.791002 9.9928E-05 9.9928E-05 0.208198 9.9928E-05 9.9928E-05 9.9928E-05 9.9928E-05 9.9928E-05
9.99549E-05 0.694413 9.99549E-05 9.99549E-05 0.178548 0.0642088 9.99549E-05 0.0515445 9.99549E-05 0.0107852
9.99369E-05 0.494073 0.0170952 9.99369E-05 0.488132 9.99369E-05 9.99369E-05 9.99369E-05 9.99369E-05 9.99369E-05
0.117695 9.9946E-05 0.000456589 9.9946E-05 0.491347 9.9946E-05 9.9946E-05 0.389901 9.9946E-05 9.9946E-05
9.9955E-05 0.156144 0.0639147 9.9955E-05 0.747292 9.9955E-05 9.9955E-05 0.00931481 9.9955E-05 0.0228347
9.9937E-05 9.9937E-05 9.9937E-05 9.9937E-05 0.580246 0.0562403 9.9937E-05 0.362814 9.9937E-05 9.9937E-05
0.000155012 9.99459E-05 9.99459E-05 9.99459E-05 0.608612 0.00283102 9.99459E-05 0.387803 9.99459E-05 9.99459E-05
9.9955E-05 9.9955E-05 9.9955E-05 0.233846 0.556024 0.0476948 9.9955E-05 9.9955E-05 0.0434958 0.118439
0.228036 9.9946E-05 0.412763 9.9946E-05 9.9946E-05 0.31768 0.0409217 9.9946E-05 9.9946E-05 9.9946E-05
0.427896 9.9955E-05 0.257031 9.9955E-05 9.9955E-05 0.136115 9.9955E-05 9.9955E-05 0.106938 0.0715196
9.9937E-05 9.9937E-05 0.539988 9.9937E-05 9.9937E-05 9.9937E-05 9.9937E-05 9.9937E-05 0.408226 0.0510865
0.14078 9.9946E-05 0.719058 9.9946E-05 0.0711585 9.9946E-05 9.9946E-05 0.0684037 9.9946E-05 9.9946E-05
0.0358612 9.9946E-05 0.61752 9.9946E-05 9.9946E-05 9.9946E-05 0.249241 9.9946E-05 0.0967778 9.9946E-05
9.9946E-05 9.9946E-05 0.721346 9.9946E-05 0.133014 9.9946E-05 0.115728 9.9946E-05 0.029313 9.9946E-05
0.00929878 0.229666 9.99369E-05 9.99369E-05 9.99369E-05 9.99369E-05 0.760336 9.99369E-05 9.99369E-05 9.99369E-05
9.99459E-05 9.99459E-05 9.99459E-05 0.0269078 0.0725037 9.99459E-05 0.83207 9.99459E-05 0.0679192 9.99459E-05
0.410069 9.9946E-05 0.193262 0.0517146 9.9946E-05 9.9946E-05 0.344355 9.9946E-05 9.9946E-05 9.9946E-05
0.657155 9.9937E-05 0.289093 9.9937E-05 9.9937E-05 0.0530519 9.9937E-05 9.9937E-05 9.9937E-05 9.9937E-05
0.218097 0.0323815 9.9964E-05 9.9964E-05 0.0140218 0.0936357 0.322557 9.9964E-05 0.318908 9.9964E-05
0.339263 9.99371E-05 9.99371E-05 9.99371E-05 9.99371E-05 0.107168 9.99371E-05 9.99371E-05 0.55287 9.99371E-05
0.16299 9.9955E-05 0.0649589 9.9955E-05 9.9955E-05 0.120561 0.50703 9.9955E-05 0.14396 9.9955E-05
0.177691 9.9964E-05 0.0851447 9.9964E-05 0.0181176 0.0194501 0.405146 9.9964E-05 0.294051 9.9964E-05
0.151266 9.9946E-05 9.9946E-05 9.9946E-05 9.9946E-05 0.0916365 0.715785 9.9946E-05 0.0407125 9.9946E-05
9.9955E-05 9.9955E-05 0.0725551 9.9955E-05 9.9955E-05 0.00958631 0.464398 9.9955E-05 0.43116 0.0218011
0.0212557 9.9955E-05 0.0185343 9.9955E-05 9.9955E-05 0.0226131 0.885873 9.9955E-05 0.0512244 9.9955E-05
9.99549E-05 9.99549E-05 0.223551 9.99549E-05 0.0737144 9.99549E-05 0.216724 9.99549E-05 0.483307 0.00220416
0.0253035 0.0365237 9.9964E-05 9.9964E-05 0.073095 0.0250077 0.0646318 9.9964E-05 0.775038 9.9964E-05
9.9955E-05 9.9955E-05 0.510856 0.0115376 0.0498931 9.9955E-05 0.141988 9.9955E-05 0.285226 9.9955E-05
9.99459E-05 9.99459E-05 0.26164 0.0396086 9.99459E-05 9.99459E-05 0.37798 9.99459E-05 0.320172 9.99459E-05
9.9928E-05 9.9928E-05 0.499658 9.9928E-05 9.9928E-05 9.9928E-05 9.9928E-05 9.9928E-05 0.499542 9.9928E-05
0.187311 9.9955E-05 0.625884 9.9955E-05 9.9955E-05 0.0341795 9.9955E-05 0.0180747 0.134051 9.9955E-05
0.0390014 9.9946E-05 0.364507 9.9946E-05 0.0530255 9.9946E-05 0.542867 9.9946E-05 9.9946E-05 9.9946E-05
9.99371E-05 0.0155684 0.921859 0.0618736 9.99371E-05 9.99371E-05 9.99371E-05 9.99371E-05 9.99371E-05 9.99371E-05
9.99641E-05 0.00168542 9.99641E-05 0.106455 0.0579529 9.99641E-05 9.99641E-05 0.0653399 0.0385213 0.729646
9.9955E-05 9.9955E-05 0.0235888 9.9955E-05 0.0253642 9.9955E-05 9.9955E-05 0.884457 0.0350517 0.0310388
9.9937E-05 9.9937E-05 9.9937E-05 9.9937E-05 9.9937E-05 9.9937E-05 9.9937E-05 0.802981 0.076232 0.120087
0.0231117 0.112366 9.9955E-05 0.0715566 9.9955E-05 9.9955E-05 9.9955E-05 9.9955E-05 0.0485318 0.743934
0.0951548 0.307516 9.9955E-05 0.0760818 0.0132448 9.9955E-05 9.9955E-05 9.9955E-05 9.9955E-05 0.507502
9.99201E-05 0.999101 9.99201E-05 9.99201E-05 9.99201E-05 9.99201E-05 9.99201E-05 9.99201E-05 9.99201E-05 9.99201E-05
9.99461E-05 0.168303 9.99461E-05 0.620601 9.99461E-05 9.99461E-05 0.0520553 0.158441 9.99461E-05 9.99461E-05
0.074051 0.182735 0.00393773 0.488878 9.9973E-05 0.0229234 9.9973E-05 0.204856 9.9973E-05 0.022319
9.9946E-05 0.110387 9.9946E-05 0.53918 9.9946E-05 9.9946E-05 0.0242972 9.9946E-05 9.9946E-05 0.325537
9.99459E-05 0.317174 9.99459E-05 0.216928 9.99459E-05 9.99459E-05 9.99459E-05 0.123466 9.99459E-05 0.341831
9.9937E-05 9.9937E-05 0.0410134 0.681017 9.9937E-05 9.9937E-05 9.9937E-05 9.9937E-05 9.9937E-05 0.27727
9.9937E-05 9.9937E-05 9.9937E-05 0.939127 9.9937E-05 9.9937E-05 9.9937E-05 9.9937E-05 0.0331036 0.0270695
0.0362725 0.00571002 9.99639E-05 0.435631 0.0179735 0.139899 9.99639E-05 9.99639E-05 9.99639E-05 0.364114
9.9964E-05 0.0536069 0.0278614 0.652967 9.9964E-05 0.0271219 0.0536267 9.9964E-05 9.9964E-05 0.184416
0.0498484 0.363723 9.99459E-05 0.545918 9.99459E-05 9.99459E-05 0.0399104 9.99459E-05 9.99459E-05 9.99459E-05
0.000195524 0.0859973 0.0432305 0.673883 0.0249046 0.0723331 9.9973E-05 9.9973E-05 9.9973E-05 0.0991556
0.026174 9.9946E-05 9.9946E-05 0.678144 9.9946E-05 9.9946E-05 9.9946E-05 9.9946E-05 0.0328284 0.262254
9.9964E-05 9.9964E-05 9.9964E-05 0.587271 0.00602991 0.0611488 0.0177113 9.9964E-05 0.0157045 0.311735
0.0219758 9.99549E-05 9.99549E-05 0.498339 9.99549E-05 0.0810861 9.99549E-05 0.186526 9.99549E-05 0.211573
0.027053 0.22627 9.9973E-05 0.00935624 0.0809971 0.0226904 9.9973E-05 0.225237 9.9973E-05 0.408097
9.9955E-05 0.0340132 9.9955E-05 0.0190381 9.9955E-05 0.0382658 9.9955E-05 0.314659 9.9955E-05 0.593524
9.9946E-05 0.0763963 9.9946E-05 9.9946E-05 9.9946E-05 0.108558 9.9946E-05 0.353494 9.9946E-05 0.460952
9.9937E-05 0.0339792 9.9937E-05 9.9937E-05 9.9937E-05 9.9937E-05 9.9937E-05 0.527454 9.9937E-05 0.437867
9.99369E-05 0.227192 0.048494 9.99369E-05 9.99369E-05 9.99369E-05 9.99369E-05 9.99369E-05 9.99369E-05 0.723615
9.99371E-05 9.99371E-05 9.99371E-05 9.99371E-05 0.152707 0.000419445 9.99371E-05 9.99371E-05 9.99371E-05 0.846174
9.9946E-05 0.0319546 9.9946E-05 9.9946E-05 0.189138 0.103343 9.9946E-05 9.9946E-05 9.9946E-05 0.674965
9.9946E-05 0.0444535 9.9946E-05 9.9946E-05 0.051639 9.9946E-05 9.9946E-05 9.9946E-05 0.0170048 0.886303
9.9955E-05 0.0404322 0.0338954 0.00306381 9.9955E-05 0.050223 9.9955E-05 9.9955E-05 9.9955E-05 0.871886
9.9955E-05 9.9955E-05 9.9955E-05 0.127739 0.0282332 0.0209223 9.9955E-05 0.0421152 9.9955E-05 0.780491
9.9946E-05 9.9946E-05 9.9946E-05 0.124059 9.9946E-05 0.0858281 9.9946E-05 0.0996616 9.9946E-05 0.689852
9.99371E-05 9.99371E-05 9.99371E-05 9.99371E-05 9.99371E-05 0.0565561 9.99371E-05 0.060297 9.99371E-05 0.882447
9.9964E-05 0.125938 9.9964E-05 0.183437 0.000750187 0.11751 9.9964E-05 0.127091 9.9964E-05 0.444874
9.9955E-05 0.0437211 9.9955E-05 0.0744498 0.149713 9.9955E-05 9.9955E-05 0.291397 9.9955E-05 0.440219
9.9955E-05 0.12693 9.9955E-05 0.0511067 9.9955E-05 0.168995 9.9955E-05 0.0481436 9.9955E-05 0.604325
9.99731E-05 0.0748417 9.99731E-05 0.147052 0.0125987 0.00440001 0.0542068 0.0400012 9.99731E-05 0.666599
9.99551E-05 0.095765 0.00951646 0.117449 9.99551E-05 9.99551E-05 9.99551E-05 0.106777 9.99551E-05 0.669993
9.99461E-05 9.99461E-05 9.99461E-05 9.99461E-05 9.99461E-05 0.0227329 9.99461E-05 0.136748 0.0126152 0.827304
9.99459E-05 0.145294 9.99459E-05 0.143877 9.99459E-05 9.99459E-05 9.99459E-05 0.0102855 9.99459E-05 0.699944
9.9946E-05 9.9946E-05 9.9946E-05 9.9946E-05 9.9946E-05 0.137006 0.0607393 0.498142 9.9946E-05 0.303512
9.9964E-05 0.0252415 9.9964E-05 0.015218 9.9964E-05 0.00188502 0.0628284 0.55155 9.9964E-05 0.342877
9.9955E-05 9.9955E-05 9.9955E-05 9.9955E-05 0.00514007 0.00221778 0.0486249 0.368699 9.9955E-05 0.574819
9.9937E-05 9.9937E-05 9.9937E-05 0.121963 9.9937E-05 9.9937E-05 9.9937E-05 0.0957464 9.9937E-05 0.781591
9.9973E-05 9.9973E-05 9.9973E-05 0.11056 0.0207691 0.0389742 0.0417015 0.0179453 0.0659532 0.703797
9.9955E-05 9.9955E-05 0.0335864 0.0214369 9.9955E-05 0.179459 9.9955E-05 0.0247115 9.9955E-05 0.740306
9.9946E-05 9.9946E-05 9.9946E-05 9.9946E-05 0.0260099 9.9946E-05 0.0680788 0.0723202 9.9946E-05 0.832991
0.0915161 9.994E-05 0.189557 9.994E-05 9.994E-05 0.167557 9.994E-05 9.994E-05 9.994E-05 0.55077
0.00226036 9.9955E-05 0.245541 9.9955E-05 9.9955E-05 9.9955E-05 0.0982491 9.9955E-05 0.0204171 0.633033
9.9946E-05 0.0847748 9.9946E-05 9.9946E-05 9.9946E-05 9.9946E-05 0.0393753 0.133353 9.9946E-05 0.741897
9.99369E-05 0.123545 9.99369E-05 9.99369E-05 9.99369E-05 9.99369E-05 9.99369E-05 0.546845 9.99369E-05 0.32891
9.9964E-05 0.00642844 9.9964E-05 0.00376845 9.9964E-05 0.0926233 0.0810495 0.340715 9.9964E-05 0.475015
9.9946E-05 0.0375813 9.9946E-05 9.9946E-05 9.9946E-05 0.137761 9.9946E-05 0.419536 9.9946E-05 0.404523
9.9946E-05 0.133484 9.9946E-05 9.9946E-05 9.9946E-05 0.0377566 9.9946E-05 0.695548 9.9946E-05 0.132612
0.0124959 0.0765127 9.9946E-05 9.9946E-05 9.9946E-05 9.9946E-05 9.9946E-05 0.100112 9.9946E-05 0.810279
9.9955E-05 0.065007 9.9955E-05 0.0697852 9.9955E-05 0.03061 9.9955E-05 0.498255 9.9955E-05 0.335843
0.0199406 9.9946E-05 9.9946E-05 0.0713674 9.9946E-05 9.9946E-05 9.9946E-05 0.302985 9.9946E-05 0.605108
9.99549E-05 0.126603 9.99549E-05 0.0385586 9.99549E-05 0.0799501 9.99549E-05 0.252694 9.99549E-05 0.501695
9.9946E-05 0.0911932 9.9946E-05 9.9946E-05 9.9946E-05 9.9946E-05 0.0334821 0.299675 9.9946E-05 0.57505
9.9946E-05 0.0466853 0.193532 9.9946E-05 9.9946E-05 9.9946E-05 0.647535 0.111648 9.9946E-05 9.9946E-05
0.0847175 0.0233254 0.604959 9.9964E-05 9.9964E-05 0.0100776 0.274198 9.9964E-05 9.9964E-05 0.00232289
0.0544506 0.0658582 0.599774 0.00156111 9.9973E-05 0.0226516 0.247981 0.00742282 9.9973E-05 9.9973E-05
9.9964E-05 0.073558 0.807325 0.00118773 9.9964E-05 9.9964E-05 9.9964E-05 0.0439923 0.0719225 0.00161468
0.0688183 0.00166243 0.693641 0.0174255 9.9964E-05 9.9964E-05 9.9964E-05 9.9964E-05 0.139161 0.078892
9.9928E-05 9.9928E-05 0.870882 9.9928E-05 9.9928E-05 9.9928E-05 9.9928E-05 9.9928E-05 0.128319 9.9928E-05
0.172029 9.9955E-05 0.0554881 9.9955E-05 9.9955E-05 9.9955E-05 0.403839 0.0633747 0.304769 9.9955E-05
0.231117 9.9946E-05 0.0793767 9.9946E-05 9.9946E-05 9.9946E-05 0.611859 9.9946E-05 0.0770476 9.9946E-05
9.99372E-05 0.163424 9.99372E-05 9.99372E-05 9.99372E-05 9.99372E-05 0.799451 0.0364259 9.99372E-05 9.99372E-05
0.0439239 0.0178175 0.128163 9.99639E-05 9.99639E-05 9.99639E-05 0.200575 9.99639E-05 0.55967 0.0494499
9.99201E-05 9.99201E-05 9.99201E-05 9.99201E-05 9.99201E-05 9.99201E-05 9.99201E-05 9.99201E-05 0.999101 9.99201E-05
9.9946E-05 9.9946E-05 0.261814 9.9946E-05 0.00223127 0.0197669 9.9946E-05 9.9946E-05 0.715588 9.9946E-05
0.0560102 9.9937E-05 9.9937E-05 0.0107245 9.9937E-05 9.9937E-05 9.9937E-05 9.9937E-05 0.932566 9.9937E-05
