9.99549E-05 0.229306 0.44231 9.99549E-05 0.118326 0.209558 9.99549E-05 9.99549E-05 9.99549E-05
9.9973E-05 0.0313264 0.201468 0.09301 0.2748 0.211342 9.9973E-05 0.187753 9.9973E-05
9.9964E-05 0.352245 0.340769 9.9964E-05 9.9964E-05 0.225283 0.00543716 0.0758666 9.9964E-05
9.9955E-05 9.9955E-05 0.138943 9.9955E-05 0.136238 0.342498 0.381821 9.9955E-05 9.9955E-05
9.9955E-05 0.57066 0.149126 9.9955E-05 9.9955E-05 0.169848 0.109866 9.9955E-05 9.9955E-05
9.9973E-05 0.115516 0.264924 9.9973E-05 0.0402658 0.201451 0.343146 9.9973E-05 0.0343978
9.9946E-05 9.9946E-05 9.9946E-05 0.88714 0.0635697 9.9946E-05 9.9946E-05 9.9946E-05 0.0486909
9.9955E-05 0.0895541 9.9955E-05 0.677737 0.0236154 9.9955E-05 9.9955E-05 9.9955E-05 0.208593
0.0861251 9.9955E-05 9.9955E-05 0.806332 0.0232592 9.9955E-05 0.0837837 9.9955E-05 9.9955E-05
0.0341008 9.99461E-05 9.99461E-05 0.812256 9.99461E-05 9.99461E-05 9.99461E-05 9.99461E-05 0.153044
9.9955E-05 9.9955E-05 0.0214375 0.87817 0.0809568 0.0189363 9.9955E-05 9.9955E-05 9.9955E-05
9.9946E-05 0.0885983 0.0406189 0.870183 9.9946E-05 9.9946E-05 9.9946E-05 9.9946E-05 9.9946E-05
0.264771 9.99461E-05 9.99461E-05 0.700263 9.99461E-05 9.99461E-05 0.0343666 9.99461E-05 9.99461E-05
0.194585 9.9946E-05 9.9946E-05 0.686072 9.9946E-05 9.9946E-05 9.9946E-05 9.9946E-05 0.118744
0.0381983 9.9946E-05 9.9946E-05 0.769793 9.9946E-05 0.191409 9.9946E-05 9.9946E-05 9.9946E-05
9.99372E-05 9.99372E-05 9.99372E-05 0.894154 0.105146 9.99372E-05 9.99372E-05 9.99372E-05 9.99372E-05
9.996E-05 0.336088 0.0705925 9.996E-05 0.0412952 0.0688889 9.996E-05 9.996E-05 0.482736
0.0083618 9.9964E-05 9.9964E-05 0.00465437 9.9964E-05 0.348039 9.9964E-05 0.193174 0.445371
0.0170836 9.9964E-05 0.364213 9.9964E-05 9.9964E-05 9.9964E-05 0.131109 0.0834128 0.403782
9.9946E-05 0.0715031 9.9946E-05 9.9946E-05 9.9946E-05 9.9946E-05 0.264237 9.9946E-05 0.66366
9.99549E-05 0.185002 9.99549E-05 9.99549E-05 9.99549E-05 0.233237 9.99549E-05 0.143079 0.438182
9.9955E-05 9.9955E-05 9.9955E-05 9.9955E-05 9.9955E-05 0.195417 0.0884427 0.0288808 0.68676
9.9964E-05 0.0798336 0.620458 0.0818498 0.0483254 0.169133 9.9964E-05 9.9964E-05 9.9964E-05
9.9946E-05 0.18918 0.684789 9.9946E-05 0.125431 9.9946E-05 9.9946E-05 9.9946E-05 9.9946E-05
9.99461E-05 0.146968 0.676707 9.99461E-05 9.99461E-05 9.99461E-05 9.99461E-05 9.99461E-05 0.175725
9.99549E-05 9.99549E-05 0.117052 9.99549E-05 0.18449 9.99549E-05 0.268822 9.99549E-05 0.429136
0.0266664 0.344398 0.0945767 9.9955E-05 9.9955E-05 9.9955E-05 9.9955E-05 9.9955E-05 0.533859
0.0165554 0.298141 0.149455 9.9964E-05 9.9964E-05 9.9964E-05 0.158506 9.9964E-05 0.376943
9.9973E-05 0.260419 9.9973E-05 0.027653 0.25011 0.306458 9.9973E-05 0.0290649 0.125996
9.9973E-05 0.149268 9.9973E-05 0.0822658 0.148805 0.329198 9.9973E-05 0.0966177 0.193546
9.9937E-05 9.9937E-05 9.9937E-05 9.9937E-05 9.9937E-05 0.971869 9.9937E-05 0.0274318 9.9937E-05
9.99369E-05 0.203132 9.99369E-05 9.99369E-05 9.99369E-05 0.796168 9.99369E-05 9.99369E-05 9.99369E-05
9.99549E-05 0.0835556 9.99549E-05 9.99549E-05 9.99549E-05 0.761325 0.0842123 9.99549E-05 0.070407
9.99459E-05 9.99459E-05 0.846775 9.99459E-05 0.0164571 9.99459E-05 9.99459E-05 9.99459E-05 0.136168
9.99549E-05 9.99549E-05 0.80406 0.00881284 9.99549E-05 0.0111349 9.99549E-05 0.175493 9.99549E-05
9.9973E-05 0.169169 0.236102 0.005235 9.9973E-05 0.111143 0.12233 9.9973E-05 0.355721
0.292433 9.99549E-05 0.516026 9.99549E-05 9.99549E-05 0.0401585 9.99549E-05 0.150883 9.99549E-05
0.046444 0.0701922 0.529995 9.9964E-05 9.9964E-05 9.9964E-05 0.0814375 9.9964E-05 0.271531
0.0441197 9.9973E-05 0.446914 9.9973E-05 0.0701893 0.0658217 9.9973E-05 0.155823 0.216832
9.9955E-05 9.9955E-05 0.173782 9.9955E-05 9.9955E-05 0.0908363 0.194021 9.9955E-05 0.540861
9.9964E-05 9.9964E-05 0.0439259 9.9964E-05 0.544075 9.9964E-05 0.293111 0.026435 0.0920527
0.0380294 9.99757E-05 0.0305022 9.99757E-05 0.20531 9.99757E-05 0.565846 0.0415731 0.118439
0.0954773 9.9973E-05 0.0783665 9.9973E-05 9.9973E-05 0.117858 0.532637 0.0814149 0.0939469
0.122917 9.9955E-05 0.101591 9.9955E-05 0.484684 9.9955E-05 0.290308 9.9955E-05 9.9955E-05
9.99551E-05 9.99551E-05 9.99551E-05 9.99551E-05 0.205941 0.117768 0.449956 9.99551E-05 0.225835
9.9955E-05 9.9955E-05 0.15737 9.9955E-05 9.9955E-05 0.265318 0.392188 9.9955E-05 0.184625
0.00831731 9.9964E-05 9.9964E-05 0.0196961 9.9964E-05 0.0689687 9.9964E-05 0.213671 0.688947
9.99639E-05 9.99639E-05 9.99639E-05 0.0660089 0.055855 0.101889 9.99639E-05 0.487564 0.288283
9.9946E-05 9.9946E-05 9.9946E-05 9.9946E-05 9.9946E-05 0.0514396 9.9946E-05 0.738199 0.209761
9.99459E-05 9.99459E-05 9.99459E-05 9.99459E-05 0.0939712 9.99459E-05 9.99459E-05 0.622171 0.283259
9.99459E-05 9.99459E-05 9.99459E-05 9.99459E-05 9.99459E-05 0.0574514 9.99459E-05 0.436077 0.505872
9.9964E-05 9.9964E-05 0.0940765 0.105511 0.379697 9.9964E-05 9.9964E-05 0.0104932 0.409823
0.0453235 0.0618407 0.0259883 9.9973E-05 9.9973E-05 0.0263727 9.9973E-05 0.184002 0.656173
9.9946E-05 9.9946E-05 0.124842 9.9946E-05 0.330524 9.9946E-05 9.9946E-05 9.9946E-05 0.544035
9.99459E-05 9.99459E-05 0.0657635 9.99459E-05 0.364565 9.99459E-05 9.99459E-05 9.99459E-05 0.569072
9.9964E-05 0.0390632 9.9964E-05 9.9964E-05 0.0184082 0.125145 0.221954 9.9964E-05 0.59503
0.237022 9.9955E-05 0.276809 0.38392 0.101749 9.9955E-05 9.9955E-05 9.9955E-05 9.9955E-05
0.361004 0.0646921 0.183683 0.390121 9.9955E-05 9.9955E-05 9.9955E-05 9.9955E-05 9.9955E-05
0.895619 9.9946E-05 0.0329788 9.9946E-05 0.0708022 9.9946E-05 9.9946E-05 9.9946E-05 9.9946E-05
0.401361 9.9955E-05 9.9955E-05 0.399883 0.0928892 9.9955E-05 9.9955E-05 9.9955E-05 0.105367
0.49498 9.9955E-05 9.9955E-05 0.443857 0.0444411 9.9955E-05 0.0162221 9.9955E-05 9.9955E-05
0.573884 9.9973E-05 9.9973E-05 0.184051 0.0419124 0.127513 9.9973E-05 0.00520271 0.0671359
9.99549E-05 9.99549E-05 0.0404818 0.632626 9.99549E-05 0.036159 9.99549E-05 0.290233 9.99549E-05
0.0109397 9.9955E-05 0.111992 0.718997 9.9955E-05 0.157571 9.9955E-05 9.9955E-05 9.9955E-05
0.0311484 9.9955E-05 0.0580705 0.830227 9.9955E-05 9.9955E-05 0.0800541 9.9955E-05 9.9955E-05
0.238142 9.9946E-05 0.0591509 0.702107 9.9946E-05 9.9946E-05 9.9946E-05 9.9946E-05 9.9946E-05
0.211348 9.9973E-05 0.179982 0.550142 9.9973E-05 9.9973E-05 0.0161841 0.00545616 0.0365884
0.609578 9.99462E-05 0.215522 0.174301 9.99462E-05 9.99462E-05 9.99462E-05 9.99462E-05 9.99462E-05
0.186592 9.9955E-05 0.221989 0.549046 9.9955E-05 9.9955E-05 9.9955E-05 0.041873 9.9955E-05
0.297731 9.9946E-05 0.180252 0.521417 9.9946E-05 9.9946E-05 9.9946E-05 9.9946E-05 9.9946E-05
9.9955E-05 9.9955E-05 0.256114 0.697544 9.9955E-05 9.9955E-05 0.0247809 0.0210617 9.9955E-05
0.460214 0.0390989 0.154617 0.345569 9.9955E-05 9.9955E-05 9.9955E-05 9.9955E-05 9.9955E-05
9.9955E-05 0.0457017 0.108988 0.834197 9.9955E-05 9.9955E-05 9.9955E-05 0.0106134 9.9955E-05
0.581998 9.9964E-05 9.9964E-05 0.235838 9.9964E-05 0.0222195 0.0250665 9.9964E-05 0.134478
0.71927 0.0170162 0.0868798 0.0788069 9.9973E-05 0.0282793 9.9973E-05 9.9973E-05 0.0694476
0.748917 9.9964E-05 9.9964E-05 0.0818477 9.9964E-05 9.9964E-05 0.0218856 0.0877658 0.0591845
0.505809 9.9955E-05 9.9955E-05 0.335162 9.9955E-05 9.9955E-05 0.125844 0.0326845 9.9955E-05
0.958561 0.0407393 9.9937E-05 9.9937E-05 9.9937E-05 9.9937E-05 9.9937E-05 9.9937E-05 9.9937E-05
0.562521 9.9955E-05 0.0173884 0.384415 0.0351756 9.9955E-05 9.9955E-05 9.9955E-05 9.9955E-05
0.0721073 9.9955E-05 9.9955E-05 0.730076 9.9955E-05 9.9955E-05 9.9955E-05 0.0814735 0.115843
0.733511 9.9955E-05 9.9955E-05 0.0248775 9.9955E-05 0.109549 9.9955E-05 0.131563 9.9955E-05
9.99641E-05 0.854615 0.0174324 9.99641E-05 9.99641E-05 9.99641E-05 0.00852148 0.0113897 0.107641
0.0497262 0.0421238 9.9955E-05 9.9955E-05 0.82893 9.9955E-05 9.9955E-05 9.9955E-05 0.0787204
0.0915139 0.177154 9.9946E-05 9.9946E-05 0.730733 9.9946E-05 9.9946E-05 9.9946E-05 9.9946E-05
0.0565253 0.733898 0.0340695 9.9973E-05 9.9973E-05 9.9973E-05 0.0343451 0.120142 0.0207202
9.9955E-05 0.633601 9.9955E-05 9.9955E-05 9.9955E-05 9.9955E-05 0.00288589 0.256576 0.106438
9.9937E-05 0.0157837 9.9937E-05 9.9937E-05 9.9937E-05 9.9937E-05 9.9937E-05 0.983517 9.9937E-05
9.9964E-05 0.0106929 9.9964E-05 0.0408776 0.167259 9.9964E-05 0.518669 0.262101 9.9964E-05
9.9973E-05 9.9973E-05 0.0607909 0.0433595 0.196027 0.0215779 0.436104 0.241841 9.9973E-05
9.9955E-05 0.314919 9.9955E-05 9.9955E-05 9.9955E-05 0.0740725 0.513459 0.0970493 9.9955E-05
9.99549E-05 0.367862 9.99549E-05 9.99549E-05 0.0394619 9.99549E-05 0.252981 0.339195 9.99549E-05
0.0063264 0.0749611 9.9964E-05 0.000701661 9.9964E-05 9.9964E-05 0.874558 0.0430528 9.9964E-05
9.9946E-05 9.9946E-05 0.0010333 9.9946E-05 9.9946E-05 0.0565077 0.941859 9.9946E-05 9.9946E-05
9.99639E-05 0.319288 0.127979 9.99639E-05 9.99639E-05 0.154859 0.396447 9.99639E-05 0.00102747
9.9991E-05 0.105266 0.044481 0.00397524 0.00216779 0.114464 0.640164 0.0865438 0.00283829
9.99549E-05 0.00334042 9.99549E-05 9.99549E-05 9.99549E-05 0.358511 0.342212 0.295437 9.99549E-05
9.9964E-05 0.100248 0.0131207 9.9964E-05 9.9964E-05 0.214091 0.580175 0.0919645 9.9964E-05
9.9955E-05 0.180701 9.9955E-05 0.0376414 9.9955E-05 9.9955E-05 0.769074 0.012084 9.9955E-05
0.00139683 0.204582 0.0311062 9.9955E-05 9.9955E-05 9.9955E-05 0.762415 9.9955E-05 9.9955E-05
9.9973E-05 0.153822 0.0641937 0.0254349 0.224181 0.0138234 0.518246 9.9973E-05 9.9973E-05
9.99549E-05 0.367951 9.99549E-05 9.99549E-05 0.270002 9.99549E-05 9.99549E-05 0.202542 0.159006
9.9955E-05 0.529393 9.9955E-05 9.9955E-05 0.366273 0.0950802 9.9955E-05 9.9955E-05 0.00875381
9.9964E-05 0.41534 0.0176843 9.9964E-05 0.482282 9.9964E-05 9.9964E-05 0.018192 0.066102
9.9946E-05 0.32101 9.9946E-05 9.9946E-05 0.587859 9.9946E-05 0.0905317 9.9946E-05 9.9946E-05
9.99459E-05 0.748625 9.99459E-05 0.0162664 9.99459E-05 9.99459E-05 9.99459E-05 0.234509 9.99459E-05
9.99461E-05 0.866755 0.0260569 9.99461E-05 9.99461E-05 9.99461E-05 9.99461E-05 9.99461E-05 0.106588
9.9964E-05 0.635439 0.0744345 9.9964E-05 0.0479592 9.9964E-05 9.9964E-05 0.0243118 0.217455
9.9964E-05 0.88085 9.9964E-05 0.0288218 9.9964E-05 0.0486545 9.9964E-05 0.00759981 0.033674
0.0134435 0.800356 0.0781463 9.9964E-05 9.9964E-05 0.0444671 9.9964E-05 0.0631877 9.9964E-05
9.9964E-05 0.740147 0.0200036 9.9964E-05 0.0529192 0.072971 0.11356 9.9964E-05 9.9964E-05
9.9964E-05 0.773839 0.091972 9.9964E-05 0.00813211 0.0545808 0.0710763 9.9964E-05 9.9964E-05
9.9946E-05 0.858681 0.0569776 9.9946E-05 0.083742 9.9946E-05 9.9946E-05 9.9946E-05 9.9946E-05
9.9973E-05 0.360831 0.0165473 9.9973E-05 0.259223 0.298615 0.0641285 9.9973E-05 0.000356015
9.9955E-05 0.422615 9.9955E-05 9.9955E-05 0.296828 9.9955E-05 0.10833 9.9955E-05 0.171726
9.9964E-05 0.596253 0.0809734 9.9964E-05 0.0742563 0.236516 9.9964E-05 0.0116016 9.9964E-05
9.99731E-05 0.697433 0.0109108 9.99731E-05 0.0185959 0.0875416 0.118771 0.0664477 9.99731E-05
9.99641E-05 0.737963 9.99641E-05 9.99641E-05 0.0912554 0.0190603 0.0605328 0.0907883 9.99641E-05
0.00820185 0.854387 0.0284325 9.9973E-05 0.0217613 9.9973E-05 9.9973E-05 0.0657795 0.0211383
9.99549E-05 0.645519 9.99549E-05 9.99549E-05 0.0471496 9.99549E-05 0.177874 0.128958 9.99549E-05
9.9955E-05 0.232152 0.200486 9.9955E-05 0.551876 9.9955E-05 9.9955E-05 0.0149866 9.9955E-05
9.9964E-05 0.263613 0.0660612 9.9964E-05 0.575487 9.9964E-05 0.0423149 0.052124 9.9964E-05
9.99461E-05 0.622865 0.06835 9.99461E-05 0.308185 9.99461E-05 9.99461E-05 9.99461E-05 9.99461E-05
9.99461E-05 0.818599 9.99461E-05 9.99461E-05 0.0454784 9.99461E-05 0.135323 9.99461E-05 9.99461E-05
0.0391264 0.674569 0.0728169 0.00392412 0.0154277 0.0911934 0.102743 9.9982E-05 9.9982E-05
0.0098516 0.73158 0.172428 9.9964E-05 0.0598796 9.9964E-05 0.0258609 9.9964E-05 9.9964E-05
9.9964E-05 0.769586 9.9964E-05 0.0439929 0.0651663 0.0915058 0.0293488 9.9964E-05 9.9964E-05
0.0991957 0.608124 0.166056 0.126124 9.9955E-05 9.9955E-05 9.9955E-05 9.9955E-05 9.9955E-05
0.23924 0.61305 9.9946E-05 0.14711 9.9946E-05 9.9946E-05 9.9946E-05 9.9946E-05 9.9946E-05
9.9955E-05 0.741766 9.9955E-05 9.9955E-05 0.124595 0.0187052 9.9955E-05 0.114434 9.9955E-05
9.9955E-05 0.246278 9.9955E-05 9.9955E-05 0.700134 0.0275652 9.9955E-05 0.0255226 9.9955E-05
9.9973E-05 0.440916 0.132892 0.0392513 0.330275 0.0117256 9.9973E-05 0.0446404 9.9973E-05
9.9955E-05 0.399854 0.121223 9.9955E-05 0.459742 9.9955E-05 0.0186806 9.9955E-05 9.9955E-05
9.9955E-05 0.0452625 9.9955E-05 9.9955E-05 0.896787 0.0401021 9.9955E-05 9.9955E-05 0.0173491
9.9964E-05 0.817184 9.9964E-05 9.9964E-05 0.107017 0.0160315 0.00179791 0.0575701 9.9964E-05
9.9955E-05 0.251281 0.00653825 9.9955E-05 0.63071 9.9955E-05 0.110971 9.9955E-05 9.9955E-05
9.9955E-05 0.52116 9.9955E-05 9.9955E-05 0.315637 0.0374323 0.125271 9.9955E-05 9.9955E-05
9.99639E-05 0.397986 0.0111001 9.99639E-05 0.337304 0.238788 9.99639E-05 0.0144224 9.99639E-05
9.9964E-05 0.512583 9.9964E-05 0.0321604 0.435104 0.000955731 9.9964E-05 0.0187967 9.9964E-05
0.113524 9.9955E-05 9.9955E-05 0.548061 0.182055 9.9955E-05 9.9955E-05 0.155859 9.9955E-05
0.339558 0.0129448 0.0325042 0.51697 0.0286446 0.0597901 9.9982E-05 0.00938805 9.9982E-05
0.217225 9.9964E-05 9.9964E-05 0.598139 0.0318148 9.9964E-05 9.9964E-05 0.131022 0.0213994
0.59361 9.99639E-05 9.99639E-05 0.150261 0.076099 0.154312 9.99639E-05 0.0253181 9.99639E-05
0.674465 0.0468145 9.9964E-05 0.155399 9.9964E-05 9.9964E-05 0.0459128 0.0770088 9.9964E-05
0.775549 9.9946E-05 9.9946E-05 0.171555 9.9946E-05 0.052296 9.9946E-05 9.9946E-05 9.9946E-05
0.295913 9.9964E-05 0.00612571 0.567624 0.118555 0.0113832 9.9964E-05 9.9964E-05 9.9964E-05
0.0774761 9.9964E-05 0.0749374 0.752401 9.9964E-05 9.9964E-05 0.034366 0.0604196 9.9964E-05
9.99461E-05 9.99461E-05 9.99461E-05 0.565222 0.00427786 9.99461E-05 9.99461E-05 0.4299 9.99461E-05
0.627038 0.0889839 9.99549E-05 0.252525 9.99549E-05 9.99549E-05 9.99549E-05 0.030954 9.99549E-05
0.903915 9.99372E-05 9.99372E-05 9.99372E-05 9.99372E-05 9.99372E-05 9.99372E-05 9.99372E-05 0.0953856
0.955873 9.99461E-05 0.0150413 9.99461E-05 9.99461E-05 9.99461E-05 9.99461E-05 9.99461E-05 0.0284862
0.895316 9.99551E-05 9.99551E-05 0.0068031 9.99551E-05 9.99551E-05 0.0323139 9.99551E-05 0.0650676
