0.776765 0.198376 0.0248593
0.450123 0.549777 9.9991E-05
0.755355 0.185746 0.0588985
0.740007 0.155669 0.104324
0.891563 9.9991E-05 0.108337
0.868936 0.00192092 0.129143
9.999E-05 0.601341 0.398559
0.126899 0.368252 0.504849
9.9991E-05 0.392671 0.607229
9.9991E-05 0.41122 0.58868
9.9991E-05 0.515842 0.484058
9.9991E-05 0.514826 0.485074
9.9991E-05 0.263049 0.736851
9.9991E-05 0.272395 0.727505
9.9991E-05 0.456535 0.543365
9.9991E-05 0.563498 0.436402
0.714042 0.110987 0.174971
0.451263 0.41032 0.138416
0.578324 0.1689 0.252776
0.726586 9.9991E-05 0.273314
0.610292 0.258373 0.131334
0.560045 0.218047 0.221908
0.572726 0.331618 0.095656
0.784156 0.0514793 0.164364
0.732279 9.9991E-05 0.267621
0.819637 0.0452548 0.135108
0.707316 9.9991E-05 0.292584
0.752207 9.9991E-05 0.247693
0.692968 0.249662 0.0573703
0.581965 0.332758 0.0852771
0.399671 0.565624 0.0347042
0.659572 0.23535 0.105078
0.758168 0.2336 0.00823209
0.608058 0.149499 0.242443
0.402118 0.496757 0.101125
0.666298 0.158443 0.175259
0.360449 0.24254 0.39701
0.578667 0.131028 0.290306
0.53224 0.265856 0.201903
0.649837 0.10715 0.243014
0.725318 0.274582 9.9991E-05
0.805234 0.044618 0.150148
0.679238 0.0902662 0.230496
0.712778 0.126096 0.161126
0.794797 0.136897 0.0683059
0.689586 0.155423 0.154991
0.329404 0.46363 0.206966
0.333575 0.666325 9.9991E-05
0.250392 0.749508 9.9991E-05
0.469616 0.530284 9.9991E-05
0.408026 0.492366 0.0996084
0.522137 0.359249 0.118614
0.522613 0.236574 0.240813
0.647613 0.164617 0.18777
0.631554 0.246402 0.122044
0.708572 9.9991E-05 0.291328
0.102966 0.331455 0.565579
0.108062 0.15049 0.741448
0.0170109 9.9991E-05 0.982889
0.0140227 0.284041 0.701937
9.9991E-05 0.168727 0.831173
0.0664241 0.188128 0.745448
9.9991E-05 0.865791 0.13411
0.0205303 0.547522 0.431948
9.9991E-05 0.415249 0.584651
9.9991E-05 0.292469 0.707431
0.0104191 0.330226 0.659355
9.9991E-05 0.0853774 0.914523
9.9991E-05 0.484078 0.515822
9.9991E-05 0.257559 0.742341
0.0262476 0.524743 0.44901
0.0766742 0.223262 0.700063
9.9991E-05 0.523061 0.476839
0.0595526 0.106078 0.83437
0.0972774 0.0207722 0.88195
0.0526849 0.0872178 0.860097
0.000115629 0.210882 0.789003
9.999E-05 9.999E-05 0.9998
9.9991E-05 0.129729 0.870171
9.9991E-05 0.52153 0.47837
0.0471639 0.120138 0.832698
0.918953 9.9991E-05 0.0809466
0.808405 0.191495 9.9991E-05
0.839384 0.142467 0.0181485
0.878675 0.0116641 0.109661
0.785579 0.214321 9.9991E-05
0.269906 0.729994 9.9991E-05
0.668226 0.307164 0.0246102
0.693381 0.289141 0.0174782
0.86507 0.0802164 0.0547136
0.766529 0.233371 9.9991E-05
0.851228 9.9991E-05 0.148672
0.85491 9.9991E-05 0.14499
0.891374 9.9991E-05 0.108526
0.855879 0.0554169 0.0887041
0.598218 0.395191 0.00659071
0.812802 0.132845 0.0543533
0.839856 9.9991E-05 0.160044
0.83583 9.9991E-05 0.16407
0.873509 0.0496599 0.0768314
0.789658 0.210242 9.9991E-05
0.92764 0.07226 9.9991E-05
0.893113 0.106787 9.9991E-05
0.867258 0.132642 9.9991E-05
0.835506 0.146944 0.0175499
0.957556 9.9991E-05 0.0423442
0.914676 0.00633513 0.0789892
0.927769 9.9991E-05 0.0721312
0.919955 9.9991E-05 0.0799451
0.99703 9.9991E-05 0.00286961
0.959322 9.9991E-05 0.0405783
0.9998 9.999E-05 9.999E-05
0.873454 0.126446 9.9991E-05
0.883803 0.0737512 0.0424455
0.895434 0.104466 9.9991E-05
0.898187 0.0709818 0.0308312
0.973049 0.0206057 0.00634573
0.976242 0.01061 0.0131479
0.926589 0.0733112 9.9991E-05
0.74092 0.25898 9.9991E-05
0.805662 0.194238 9.9991E-05
0.892657 0.107243 9.9991E-05
0.9998 9.999E-05 9.999E-05
0.884767 9.9991E-05 0.115133
0.953011 9.9991E-05 0.0468888
0.94393 9.9991E-05 0.0559705
0.678852 9.9991E-05 0.321048
0.605946 9.9991E-05 0.393954
0.910409 0.0894909 9.9991E-05
0.768942 0.230958 9.9991E-05
0.81266 0.18724 9.9991E-05
0.837783 0.162117 9.9991E-05
0.710221 0.289679 9.9991E-05
0.975062 0.0159848 0.00895295
0.79753 0.20237 9.9991E-05
0.943229 0.0566707 9.9991E-05
0.85683 0.14307 9.9991E-05
0.825781 0.174119 9.9991E-05
0.0305369 0.618849 0.350614
9.9991E-05 0.337761 0.66214
9.9991E-05 0.419284 0.580616
0.117587 0.160708 0.721705
0.12123 0.0636 0.81517
9.9991E-05 0.047062 0.952838
9.9991E-05 0.332563 0.667337
9.9991E-05 0.502576 0.497324
9.9991E-05 0.944901 0.0549991
0.0846424 0.116664 0.798694
9.999E-05 9.999E-05 0.9998
9.999E-05 9.999E-05 0.9998
0.0280973 9.9991E-05 0.971803
