9.9991E-05 0.763359 0.236541
9.9991E-05 0.475189 0.524711
0.0532937 0.747205 0.199501
0.0794924 0.747472 0.173036
0.0987021 0.901198 9.9991E-05
0.115954 0.883946 9.9991E-05
0.399004 9.9991E-05 0.600896
0.467317 0.161053 0.37163
0.601397 9.9991E-05 0.398503
0.564672 9.9991E-05 0.435228
0.509502 9.9991E-05 0.490398
0.447025 9.9991E-05 0.552875
0.73591 9.9991E-05 0.26399
0.766958 9.9991E-05 0.232942
0.518427 9.9991E-05 0.481473
0.467279 9.9991E-05 0.532621
0.116704 0.697751 0.185546
0.114044 0.420099 0.465858
0.208875 0.509294 0.28183
0.235494 0.70522 0.0592864
0.09736 0.607753 0.294887
0.165771 0.563721 0.270507
0.135095 0.557499 0.307405
0.171767 0.760582 0.0676505
0.235376 0.687439 0.0771847
0.10824 0.795549 0.096211
0.281558 0.718342 9.9991E-05
0.247895 0.752005 9.9991E-05
0.0465958 0.729205 0.224199
0.0670096 0.584979 0.348012
9.9991E-05 0.37663 0.62327
0.115254 0.621165 0.263582
9.9991E-05 0.743001 0.256899
0.176174 0.599319 0.224507
0.0773648 0.352039 0.570596
0.149112 0.658453 0.192434
0.381347 0.359938 0.258715
0.248901 0.610453 0.140646
0.154645 0.503063 0.342291
0.169182 0.654722 0.176096
9.9991E-05 0.696598 0.303302
0.130969 0.787021 0.0820101
0.215221 0.691621 0.0931579
0.201048 0.703272 0.0956794
0.0379491 0.776594 0.185457
0.120841 0.674469 0.20469
0.151407 0.269059 0.579533
9.9991E-05 0.325236 0.674664
9.9991E-05 0.235277 0.764623
9.9991E-05 0.47379 0.52611
0.081897 0.382877 0.535226
0.1104 0.541008 0.348592
0.190767 0.50447 0.304763
0.114996 0.602845 0.28216
0.1096 0.582087 0.308312
0.230373 0.747557 0.0220693
0.556984 0.160715 0.282301
0.743227 0.0487613 0.208011
0.962896 0.0370043 9.9991E-05
0.733541 0.0224709 0.243988
0.827363 9.9991E-05 0.172537
0.733239 0.0602577 0.206503
0.13265 9.9991E-05 0.86725
0.421757 0.00652026 0.571723
0.573086 9.9991E-05 0.426814
0.681769 9.9991E-05 0.318131
0.61927 0.0467769 0.333953
0.939781 0.0175307 0.0426881
0.505956 9.9991E-05 0.493944
0.730659 9.9991E-05 0.269241
0.424454 0.0593031 0.516243
0.773197 0.0430763 0.183727
0.441948 9.9991E-05 0.557952
0.836574 0.105437 0.0579896
0.863653 0.113807 0.0225401
0.836917 0.00549919 0.157584
0.801995 9.9991E-05 0.197905
0.9998 9.999E-05 9.999E-05
0.860746 9.9991E-05 0.139154
0.48424 9.9991E-05 0.51566
0.796191 0.0676 0.136209
0.104122 0.895778 9.9991E-05
0.0106125 0.792334 0.197054
0.0256785 0.843926 0.130395
0.134829 0.863126 0.00204506
9.9991E-05 0.787864 0.212036
9.9991E-05 0.324419 0.675481
0.03521 0.68642 0.27837
0.00155857 0.640837 0.357604
0.0595475 0.849756 0.0906969
9.9991E-05 0.778668 0.221232
0.186306 0.813594 9.9991E-05
0.138802 0.861098 9.9991E-05
0.0981598 0.90174 9.9991E-05
0.105196 0.811514 0.0832898
0.00413739 0.606819 0.389043
0.0753655 0.829864 0.0947708
0.15513 0.84477 9.9991E-05
0.143714 0.856186 9.9991E-05
0.0502239 0.841415 0.108361
9.9991E-05 0.827997 0.171903
9.9991E-05 0.958339 0.0415606
9.9991E-05 0.925073 0.0748272
9.9991E-05 0.858598 0.141302
0.0104708 0.8173 0.172229
0.0387018 0.961198 9.9991E-05
0.061002 0.938898 9.9991E-05
0.0679479 0.931952 9.9991E-05
0.0854519 0.914448 9.9991E-05
0.00214587 0.997754 9.9991E-05
0.04324 0.95666 9.9991E-05
9.999E-05 0.9998 9.999E-05
9.9991E-05 0.866748 0.133152
0.0533726 0.874296 0.0723314
9.9991E-05 0.850777 0.149123
0.0298511 0.953503 0.0166463
0.00692696 0.958945 0.0341281
9.999E-05 0.9998 9.999E-05
0.0140973 0.946567 0.0393356
9.9991E-05 0.775686 0.224214
9.9991E-05 0.81703 0.18287
9.9991E-05 0.864755 0.135145
0.00177267 0.998127 9.9991E-05
0.100431 0.887642 0.0119274
0.0684072 0.931493 9.9991E-05
0.0387867 0.950527 0.0106864
0.309689 0.690211 9.9991E-05
0.377891 0.621308 0.000801405
9.9991E-05 0.88781 0.11209
9.9991E-05 0.786617 0.213283
9.9991E-05 0.813032 0.186868
9.9991E-05 0.872141 0.127759
9.9991E-05 0.700036 0.299864
0.0177921 0.951512 0.0306956
9.9991E-05 0.830364 0.169536
0.00708949 0.977365 0.0155456
9.9991E-05 0.846502 0.153398
9.9991E-05 0.808861 0.191039
0.362428 0.0449833 0.592589
0.695797 9.9991E-05 0.304103
0.5558 9.9991E-05 0.4441
0.773416 0.0976221 0.128962
0.820251 0.133078 0.0466707
0.964307 9.9991E-05 0.035593
0.62852 0.0249172 0.346563
0.492797 9.9991E-05 0.507103
0.0777505 9.9991E-05 0.922149
0.875581 0.0649951 0.0594239
0.9998 9.999E-05 9.999E-05
0.9998 9.999E-05 9.999E-05
0.977885 0.0220152 9.9991E-05
