0.0505975 9.9991E-05 0.221123 0.0030004 0.408004 0.317175
0.216099 9.9991E-05 0.394833 0.150072 0.109618 0.129277
9.999E-05 0.00940379 0.0831018 0.191087 0.291531 0.424776
9.999E-05 0.0182755 0.0910324 0.144794 0.360126 0.385672
9.9973E-05 0.0288069 9.9973E-05 9.9973E-05 0.221241 0.749652
9.9991E-05 0.00160402 0.037141 0.103647 0.439857 0.417651
0.891356 9.9973E-05 0.0126445 0.0956991 9.9973E-05 9.9973E-05
0.45582 0.257163 0.128565 0.0737151 0.0192515 0.0654859
0.732704 0.231236 0.0357603 9.9973E-05 9.9973E-05 9.9973E-05
0.744052 0.187231 9.9982E-05 0.0242106 0.0443069 9.9982E-05
0.859388 0.1084 0.0319119 9.9973E-05 9.9973E-05 9.9973E-05
0.90439 0.00502496 9.9982E-05 9.9982E-05 0.024335 0.0660496
0.584915 0.413008 9.9973E-05 9.9973E-05 9.9973E-05 0.00177715
0.568906 0.408978 0.0184879 9.9982E-05 0.00342836 9.9982E-05
0.737109 0.196382 0.00479339 0.0615156 9.9982E-05 9.9982E-05
0.851284 0.0869083 0.0615076 9.99731E-05 9.99731E-05 9.99731E-05
0.003449 0.00374736 0.0108345 0.211936 0.429011 0.341022
9.999E-05 0.113619 0.057043 0.710157 0.109609 0.00947243
0.032313 0.0349956 9.9991E-05 0.226745 0.669868 0.0359793
9.9982E-05 0.113761 9.9982E-05 0.160297 0.473422 0.252321
9.9982E-05 0.011361 9.9982E-05 0.533031 0.158277 0.297131
9.9982E-05 0.07235 9.9982E-05 0.485604 0.427959 0.0138869
0.200382 9.9982E-05 0.199193 9.9982E-05 0.471489 0.128736
9.9982E-05 0.0245263 0.249252 9.9982E-05 0.675143 0.0508782
0.00939812 9.9982E-05 0.0105234 9.9982E-05 0.828978 0.1509
9.9982E-05 9.9982E-05 0.0827631 0.0609817 0.673554 0.182501
9.9982E-05 0.129132 9.9982E-05 0.00549266 0.452907 0.412268
9.9973E-05 0.0783246 9.9973E-05 9.9973E-05 0.469582 0.451794
9.9982E-05 0.0683299 0.270698 0.303037 9.9982E-05 0.357735
9.999E-05 0.0611842 0.139018 0.499543 0.00830142 0.291853
0.10236 9.9982E-05 9.9982E-05 0.650963 0.135799 0.110677
0.0644149 9.9982E-05 9.9982E-05 0.364156 0.0761487 0.49508
9.9973E-05 9.9973E-05 9.9973E-05 0.341267 0.295206 0.363227
0.0459462 9.9973E-05 0.0579519 9.9973E-05 0.895802 9.9973E-05
0.252751 9.9973E-05 0.0578913 9.9973E-05 0.689058 9.9973E-05
0.0299084 0.0290871 9.9991E-05 0.195334 0.461845 0.283725
0.162631 0.203236 9.9991E-05 0.1642 0.441327 0.0285053
0.0378095 0.0979036 0.0507483 0.0228311 0.693205 0.0975024
0.0180811 0.0885726 0.153213 0.152638 0.587395 9.9991E-05
9.9982E-05 0.0675264 9.9982E-05 0.184476 0.649107 0.0986899
9.9973E-05 9.9973E-05 0.533381 0.078976 0.387343 9.9973E-05
9.9991E-05 0.0898298 0.10003 0.049533 0.322614 0.437894
9.9982E-05 0.136989 9.9982E-05 0.197213 0.313856 0.351742
9.9982E-05 0.155006 0.488853 9.9982E-05 0.251522 0.10442
9.9982E-05 9.9982E-05 0.106391 0.0754503 0.519433 0.298526
9.9973E-05 9.9973E-05 9.9973E-05 0.250493 0.578725 0.170482
9.9973E-05 0.0712458 9.9973E-05 0.741942 0.186512 9.9973E-05
0.027291 9.9973E-05 0.176104 0.796305 9.9973E-05 9.9973E-05
0.000681599 9.9973E-05 0.153043 0.845976 9.9973E-05 9.9973E-05
9.9964E-05 9.9964E-05 0.347543 0.652057 9.9964E-05 9.9964E-05
9.9973E-05 0.0284651 9.9973E-05 0.829488 0.141747 9.9973E-05
0.00976701 0.0633051 0.35124 0.179367 0.396221 9.9991E-05
9.9973E-05 0.0942691 9.9973E-05 0.452867 0.452564 9.9973E-05
9.9982E-05 0.0439118 0.230463 0.0777772 0.647648 9.9982E-05
9.9982E-05 0.025312 0.243258 0.145192 0.586038 9.9982E-05
9.9982E-05 0.0747195 9.9982E-05 0.0660368 0.577644 0.2814
0.478799 0.217777 0.0898247 9.9991E-05 0.200368 0.0131308
0.353375 0.477366 0.0258435 9.9991E-05 0.0782201 0.0650953
9.9964E-05 0.904857 0.0947436 9.9964E-05 9.9964E-05 9.9964E-05
0.309673 0.529604 0.133016 0.0275075 9.9982E-05 9.9982E-05
0.397838 0.578745 0.0231169 9.9973E-05 9.9973E-05 9.9973E-05
0.174873 0.610808 0.0335163 0.180603 9.9982E-05 9.9982E-05
0.801204 9.9973E-05 0.0486139 0.149883 9.9973E-05 9.9973E-05
0.801714 0.00741099 9.9991E-05 0.0406959 0.0615374 0.0885415
0.780504 0.177669 9.9973E-05 9.9973E-05 9.9973E-05 0.0415267
0.656013 0.326783 9.9973E-05 9.9973E-05 0.0169042 9.9973E-05
0.580281 0.259332 9.9982E-05 9.9982E-05 0.146492 0.0136956
0.262634 0.627273 9.99731E-05 9.99731E-05 0.109793 9.99731E-05
0.70773 0.144679 9.9973E-05 9.9973E-05 0.147291 9.9973E-05
0.586421 0.390704 9.9973E-05 9.9973E-05 0.0225752 9.9973E-05
0.799071 9.9973E-05 9.9973E-05 9.9973E-05 0.122135 0.0784946
0.459435 0.397849 9.9982E-05 9.9982E-05 0.0889702 0.0535464
0.910084 0.00956494 9.9973E-05 9.9973E-05 9.9973E-05 0.080051
0.250058 0.653399 9.9982E-05 0.062313 9.9982E-05 0.0340297
0.147453 0.728422 9.9982E-05 0.000607367 0.123318 9.9982E-05
0.163089 0.700655 9.9982E-05 0.1216 9.9982E-05 0.0144548
0.352653 0.547511 9.9982E-05 0.0233985 9.9982E-05 0.0762377
0.00191611 0.929304 9.9982E-05 0.00182472 9.9982E-05 0.0667556
0.317631 0.662231 0.0198379 9.9973E-05 9.9973E-05 9.9973E-05
0.779981 0.122306 9.9973E-05 0.0974133 9.9973E-05 9.9973E-05
0.12599 0.724899 9.9973E-05 0.148811 9.9973E-05 9.9973E-05
9.99821E-05 0.0180983 0.10834 9.99821E-05 0.0754223 0.797939
9.9973E-05 0.155267 0.820721 9.9973E-05 9.9973E-05 0.0237126
9.9973E-05 0.121965 0.751126 9.9973E-05 9.9973E-05 0.126609
0.0138408 0.0399709 0.0164415 0.136525 9.9991E-05 0.793122
9.9973E-05 9.9973E-05 0.126461 0.287456 9.9973E-05 0.585783
0.0322846 9.99731E-05 0.420611 0.546805 9.99731E-05 9.99731E-05
0.0589561 0.0371376 0.260183 0.267635 9.9991E-05 0.375988
0.0857178 9.9991E-05 0.315511 0.223308 0.0160477 0.359316
0.0145581 9.9982E-05 0.0249063 0.192339 9.9982E-05 0.767997
9.9973E-05 9.9973E-05 0.354629 0.190465 9.9973E-05 0.454607
0.0504761 0.110631 9.9973E-05 9.9973E-05 9.9973E-05 0.838593
9.9973E-05 0.0486167 9.9973E-05 9.9973E-05 0.300959 0.650124
9.9973E-05 9.9973E-05 9.9973E-05 0.0592535 0.234586 0.705861
0.0301483 0.0204194 0.000913803 0.114174 0.174202 0.660142
0.0353634 9.9973E-05 9.9973E-05 0.561185 9.9973E-05 0.403152
9.9973E-05 9.9973E-05 9.9973E-05 0.190472 0.231035 0.578192
0.0251389 0.0480415 9.9982E-05 9.9982E-05 0.10759 0.81903
9.9982E-05 0.0542595 9.9982E-05 0.0140279 0.207318 0.724194
0.0413683 9.9982E-05 0.120409 9.9982E-05 0.256494 0.581529
9.9982E-05 9.9982E-05 0.398684 0.22266 0.00310017 0.375355
9.9982E-05 9.9982E-05 0.397641 0.0587054 0.023141 0.520312
9.9982E-05 9.9982E-05 0.542127 0.0579711 0.062118 0.337584
9.9964E-05 9.9964E-05 0.540188 9.9964E-05 9.9964E-05 0.459412
0.038818 9.9982E-05 0.0783781 0.164176 9.9982E-05 0.718428
9.9973E-05 9.9973E-05 9.9973E-05 0.0914978 0.0516612 0.856541
9.9982E-05 9.9982E-05 0.10224 0.0919653 0.184351 0.621244
9.9973E-05 9.9973E-05 0.0892358 0.0567821 9.9973E-05 0.853682
9.9982E-05 0.00254362 0.0500962 0.0652289 9.9982E-05 0.881931
9.9973E-05 9.9973E-05 0.10179 9.9973E-05 0.0499332 0.847977
9.9973E-05 9.9973E-05 0.0740187 9.9973E-05 0.0828926 0.842789
9.9973E-05 9.9973E-05 0.164517 9.9973E-05 0.0161613 0.819022
9.9982E-05 9.9982E-05 0.25025 0.137508 0.0996483 0.512394
9.9982E-05 0.0521057 0.303629 0.116559 9.9982E-05 0.527506
9.9982E-05 9.9982E-05 0.20069 0.107368 0.0699975 0.621744
9.9982E-05 9.9982E-05 0.10423 0.0963002 0.0171567 0.782113
9.9973E-05 9.9973E-05 0.189574 0.0835997 9.9973E-05 0.726527
9.9982E-05 0.00741407 0.237058 0.000357324 9.9982E-05 0.754971
9.9973E-05 9.9973E-05 0.158504 0.0918757 9.9973E-05 0.749321
0.0355787 9.9982E-05 0.695462 9.9982E-05 0.0767833 0.191976
9.9973E-05 9.9973E-05 0.688208 0.00559709 9.9973E-05 0.305895
9.9982E-05 0.0260095 0.493336 9.9982E-05 0.0134893 0.466965
9.9964E-05 9.9964E-05 0.153637 9.9964E-05 9.9964E-05 0.845963
0.0696158 0.0390499 0.0657083 0.00587144 0.00524684 0.814508
0.0229289 0.013749 0.205407 9.9991E-05 0.0485169 0.709299
0.0121881 9.9982E-05 0.118607 0.0451113 9.9982E-05 0.823894
0.0403497 0.183978 0.0924626 9.9991E-05 0.10996 0.573149
0.15203 0.221534 0.0140243 9.9982E-05 9.9982E-05 0.612211
9.9973E-05 9.9973E-05 0.214367 0.118052 9.9973E-05 0.667281
9.9973E-05 9.9973E-05 0.669971 0.0665093 9.9973E-05 0.26322
0.0783891 9.9973E-05 0.46448 9.9973E-05 9.9973E-05 0.456831
9.9982E-05 0.0125319 0.624278 9.9982E-05 0.00805193 0.354938
9.9973E-05 9.9973E-05 0.895409 0.0809103 0.0233805 9.9973E-05
9.9973E-05 9.9973E-05 0.15193 0.0388179 9.9973E-05 0.808952
9.9973E-05 9.9973E-05 0.59914 9.9973E-05 0.0213911 0.379169
9.9973E-05 9.9973E-05 0.292165 9.9973E-05 0.00758044 0.699955
9.9982E-05 9.9982E-05 0.343813 0.132454 0.0472177 0.476315
0.0468694 9.9973E-05 0.45126 9.9973E-05 9.9973E-05 0.501571
0.69003 0.0767922 0.211284 0.021694 9.9982E-05 9.9982E-05
0.59176 0.340316 0.0676248 9.9973E-05 9.9973E-05 9.9973E-05
0.600395 0.251836 0.0271992 0.12037 9.9982E-05 9.9982E-05
0.158001 0.635087 0.120775 0.0859372 9.9982E-05 9.9982E-05
0.116904 0.746004 0.0847446 9.9982E-05 9.9982E-05 0.0521475
0.208558 0.783336 9.9973E-05 0.00780627 9.9973E-05 9.9973E-05
0.577145 0.35851 0.0527469 9.9982E-05 0.0113982 9.9982E-05
0.821999 0.146224 9.9973E-05 9.9973E-05 9.9973E-05 0.0314768
0.818727 9.99641E-05 0.180874 9.99641E-05 9.99641E-05 9.99641E-05
0.270688 0.620174 9.9982E-05 0.0457024 9.9982E-05 0.0632353
9.99641E-05 0.964738 9.99641E-05 9.99641E-05 0.0348623 9.99641E-05
9.9964E-05 0.970951 9.9964E-05 9.9964E-05 0.0286495 9.9964E-05
9.9973E-05 0.9259 9.9973E-05 0.0288629 9.9973E-05 0.0449376
