0.751962 0.026487 0.221551
0.442707 9.9991E-05 0.557193
0.719624 0.0309726 0.249404
0.728107 0.106177 0.165717
0.933012 0.066888 9.9991E-05
0.891132 0.104615 0.00425252
9.999E-05 0.469094 0.530806
0.143056 0.554726 0.302218
9.9991E-05 0.662497 0.337403
9.9991E-05 0.65213 0.34777
9.9991E-05 0.525673 0.474227
0.00575737 0.52327 0.470972
9.9991E-05 0.798942 0.200958
9.9991E-05 0.800147 0.199753
9.9991E-05 0.575167 0.424733
9.9991E-05 0.516224 0.483676
0.742589 0.134674 0.122737
0.413042 0.149017 0.437941
0.496495 0.256303 0.247203
0.709864 0.270298 0.0198382
0.601468 0.118751 0.27978
0.580758 0.183242 0.236
0.57834 0.106422 0.315238
0.743768 0.220347 0.0358851
0.72141 0.249929 0.0286612
0.821906 0.131511 0.0465825
0.724615 0.275285 9.9991E-05
0.746519 0.253381 9.9991E-05
0.764787 0.0321142 0.203099
0.580412 0.108046 0.311542
0.341171 0.0552841 0.603545
0.613347 0.138831 0.247822
0.714502 0.0217953 0.263703
0.627048 0.215749 0.157203
0.379949 0.121131 0.498919
0.64186 0.182328 0.175812
0.311253 0.411057 0.27769
0.567621 0.280956 0.151422
0.503491 0.176147 0.320362
0.641475 0.22504 0.133485
0.721566 9.9991E-05 0.278334
0.794771 0.14423 0.0609988
0.68364 0.224644 0.0917167
0.705347 0.186903 0.107751
0.772294 0.059092 0.168614
0.70561 0.130055 0.164336
0.273716 0.195399 0.530886
0.28264 0.0301104 0.687249
0.189529 9.9991E-05 0.810371
0.427912 9.9991E-05 0.571988
0.387265 0.0618996 0.550835
0.5444 0.14402 0.31158
0.512295 0.203592 0.284113
0.630158 0.162005 0.207836
0.576908 0.128358 0.294734
0.739371 0.260529 9.9991E-05
0.195612 0.576541 0.227846
0.11352 0.765645 0.120835
0.0452917 0.954608 9.9991E-05
0.0231706 0.739868 0.236961
0.00290112 0.845184 0.151915
0.0921117 0.752793 0.155095
9.9991E-05 0.193948 0.805952
0.0101498 0.467578 0.522272
9.9991E-05 0.642312 0.357588
9.9991E-05 0.749284 0.250616
0.020878 0.670287 0.308835
0.00810453 0.974862 0.0170339
9.9991E-05 0.55785 0.44205
9.9991E-05 0.726304 0.273596
0.0637308 0.482705 0.453564
0.034619 0.801279 0.164102
9.9991E-05 0.515262 0.484638
0.0581417 0.84363 0.0982279
0.0963594 0.903541 9.9991E-05
0.0102689 0.867984 0.121747
0.0346891 0.780583 0.184728
9.999E-05 0.9998 9.999E-05
9.9991E-05 0.859875 0.140025
9.9991E-05 0.527942 0.471958
0.0803628 0.837971 0.0816659
0.925651 0.0742485 9.9991E-05
0.795881 9.9991E-05 0.204019
0.800866 0.0280176 0.171116
0.89942 0.10048 9.9991E-05
0.822097 0.020964 0.156939
0.238925 9.9991E-05 0.760975
0.683417 0.0413926 0.27519
0.656303 0.0277581 0.315939
0.869688 0.0561707 0.0741409
0.762054 9.9991E-05 0.237846
0.835362 0.164538 9.9991E-05
0.853209 0.146691 9.9991E-05
0.881849 0.118051 9.9991E-05
0.822516 0.104642 0.0728423
0.559312 0.0376748 0.403013
0.804136 0.074689 0.121175
0.848998 0.150902 9.9991E-05
0.837745 0.162155 9.9991E-05
0.870183 0.0915456 0.0382719
0.786575 9.9991E-05 0.213325
0.942366 9.9991E-05 0.0575342
0.914872 9.9991E-05 0.0850281
0.849225 9.9991E-05 0.150676
0.811118 0.0367747 0.152108
0.974845 0.0250546 9.9991E-05
0.971065 0.0203403 0.00859503
0.966632 0.0332681 9.9991E-05
0.927406 0.0724943 9.99996E-05
0.960873 0.0390274 9.9991E-05
0.958662 0.0412379 9.9991E-05
0.9998 9.999E-05 9.999E-05
0.87417 9.9991E-05 0.12573
0.878309 0.0717532 0.0499374
0.862575 9.9991E-05 0.137325
0.937779 0.00606748 0.0561533
0.99126 0.00349558 0.00524485
0.99979 0.000109947 9.9991E-05
0.929012 9.9991E-05 0.0708876
0.732781 9.9991E-05 0.267119
0.785955 9.9991E-05 0.213945
0.888562 9.9991E-05 0.111338
0.9998 9.999E-05 9.999E-05
0.902816 0.0947446 0.00243968
0.928763 0.060543 0.010694
0.953419 0.0347555 0.0118258
0.682331 0.317569 9.9991E-05
0.630254 0.369646 9.9991E-05
0.905654 9.9991E-05 0.0942459
0.807563 9.9991E-05 0.192337
0.790385 9.9991E-05 0.209515
0.855459 9.9991E-05 0.144441
0.708913 9.9991E-05 0.290987
0.996774 0.00312571 9.9991E-05
0.835178 9.9991E-05 0.164722
0.993845 9.9991E-05 0.00605466
0.840308 9.9991E-05 0.159592
0.844343 9.9991E-05 0.155557
9.9991E-05 0.374641 0.62526
9.9991E-05 0.686131 0.313769
9.9991E-05 0.603332 0.396568
0.112079 0.76676 0.121161
0.0927466 0.825354 0.0818995
0.0112143 0.957376 0.0314098
0.00258436 0.695818 0.301598
9.9991E-05 0.535471 0.464429
9.9991E-05 0.127986 0.871914
0.116826 0.829868 0.0533051
9.999E-05 0.9998 9.999E-05
9.999E-05 0.9998 9.999E-05
0.0123935 0.987507 9.9991E-05
