0.0184341 0.0658666 0.00532636 0.472216 0.13198 9.9991E-05 0.306077
9.9982E-05 0.436494 0.0478533 0.130007 0.156891 9.9982E-05 0.228554
0.0606623 0.143025 9.9982E-05 0.243461 0.321565 9.9982E-05 0.231087
0.0659697 0.03101 9.9982E-05 0.230158 0.596893 9.9982E-05 0.0757694
9.9973E-05 9.9973E-05 9.9973E-05 0.170542 0.280523 0.0376126 0.511022
0.0679974 9.9973E-05 9.9973E-05 0.334292 0.503014 9.9973E-05 0.0943965
0.0850585 0.155806 0.758735 9.9964E-05 9.9964E-05 9.9964E-05 9.9964E-05
0.14551 9.9964E-05 0.697146 9.9964E-05 9.9964E-05 9.9964E-05 0.156944
9.9964E-05 0.0462092 0.868165 9.9964E-05 0.0852254 9.9964E-05 9.9964E-05
0.0891433 9.9964E-05 0.884528 0.0259287 9.9964E-05 9.9964E-05 9.9964E-05
9.99639E-05 0.185038 0.775838 9.99639E-05 0.0387241 9.99639E-05 9.99639E-05
9.999E-05 0.202365 0.679137 0.0665368 0.0085254 0.0143637 0.0289726
9.9964E-05 9.9964E-05 0.878317 9.9964E-05 9.9964E-05 0.11246 0.00882332
0.0296108 9.99551E-05 0.969889 9.99551E-05 9.99551E-05 9.99551E-05 9.99551E-05
0.0921386 0.0668836 0.783706 9.9982E-05 0.0497567 0.00731493 9.9982E-05
0.00110279 0.190549 0.800004 9.9973E-05 9.9973E-05 9.9973E-05 0.00804448
0.249121 9.9982E-05 9.9982E-05 0.372865 0.0229825 0.0305634 0.324268
0.727232 0.0247757 9.9991E-05 0.0166082 0.0639207 0.0616929 0.10567
0.276714 9.9973E-05 9.9973E-05 0.527498 0.131974 0.063514 9.9973E-05
0.279572 9.9982E-05 9.9982E-05 0.328912 0.26505 0.0668429 0.0594225
0.601402 9.9982E-05 0.000611764 0.046043 0.19363 9.9982E-05 0.158114
0.617226 9.9964E-05 9.9964E-05 0.228795 0.153579 9.9964E-05 9.9964E-05
9.9982E-05 0.1991 0.0398924 0.556148 0.0641804 9.9982E-05 0.140479
9.9964E-05 9.9964E-05 9.9964E-05 0.720627 9.9964E-05 0.00477617 0.274197
9.9964E-05 9.9964E-05 9.9964E-05 0.85946 0.126849 9.9964E-05 0.0132907
0.110568 9.9973E-05 9.9973E-05 0.561278 0.171221 9.9973E-05 0.156632
0.0881221 9.9973E-05 9.9973E-05 0.4413 9.9973E-05 0.165458 0.304819
0.0188506 9.9982E-05 9.9982E-05 0.450381 0.117218 0.0857653 0.327585
0.276553 9.9973E-05 0.0977766 9.9973E-05 0.0256729 9.9973E-05 0.599698
0.401635 9.99731E-05 0.109445 9.99731E-05 0.111188 9.99731E-05 0.377433
0.299801 0.340449 9.9964E-05 9.9964E-05 0.35935 9.9964E-05 9.9964E-05
0.261733 0.0579843 0.0086827 9.9991E-05 0.56759 0.0396202 0.0642901
0.321568 9.9973E-05 9.9973E-05 0.0810187 0.582279 9.9973E-05 0.0148343
9.9964E-05 0.0103875 9.9964E-05 0.927517 0.0616953 9.9964E-05 9.9964E-05
9.99549E-05 0.3121 9.99549E-05 0.6874 9.99549E-05 9.99549E-05 9.99549E-05
0.219243 9.9991E-05 0.0148303 0.419761 0.127655 0.0202788 0.198132
9.9973E-05 0.221723 9.9973E-05 0.376124 0.0937437 0.30811 9.9973E-05
0.103825 9.9982E-05 9.9982E-05 0.588661 0.152083 0.101376 0.053855
0.163028 0.0975866 9.9991E-05 0.543739 0.163572 0.0311759 0.000798532
0.274156 9.9973E-05 9.9973E-05 0.487511 0.214498 0.0235353 9.9973E-05
9.9973E-05 0.220175 9.9973E-05 0.307629 0.351623 9.9973E-05 0.120272
0.0228626 0.033817 9.9991E-05 0.189767 0.372395 0.105101 0.275957
0.118014 9.9982E-05 9.9982E-05 0.196455 0.569322 0.103766 0.0122435
9.999E-05 0.0527924 0.022112 0.312447 0.186787 0.0776343 0.348127
0.0929449 0.00191328 9.9982E-05 0.317223 0.460522 9.9982E-05 0.127196
0.117373 0.00140876 9.9973E-05 0.390232 0.490686 9.9973E-05 9.9973E-05
0.797637 9.9964E-05 9.9964E-05 0.0956895 9.9964E-05 0.106273 9.9964E-05
0.582428 0.266322 9.9973E-05 9.9973E-05 0.0718011 9.9973E-05 0.0791493
0.586573 0.390826 9.9964E-05 9.9964E-05 9.9964E-05 9.9964E-05 0.0222006
0.497053 0.23075 9.9964E-05 9.9964E-05 9.9964E-05 9.9964E-05 0.271797
0.768483 0.0579416 0.0156731 9.9973E-05 0.157602 9.9973E-05 9.9973E-05
0.335986 9.9973E-05 0.0653881 0.388536 9.9973E-05 9.9973E-05 0.20979
0.616127 9.9973E-05 9.9973E-05 0.244089 9.9973E-05 0.0592036 0.0802807
0.266927 9.9964E-05 9.9964E-05 0.566333 9.9964E-05 9.9964E-05 0.16634
0.267052 9.9973E-05 0.00923146 0.596224 9.9973E-05 9.9973E-05 0.127192
0.212341 9.9982E-05 9.9982E-05 0.450433 0.257981 0.0600195 0.0190256
9.9982E-05 0.0621479 0.479325 0.286924 9.9982E-05 0.157545 0.0138576
9.9973E-05 9.9973E-05 0.546611 0.176271 9.9973E-05 0.260744 0.0160744
9.9964E-05 9.9964E-05 9.9964E-05 0.0489661 9.9964E-05 0.898044 0.0525904
0.140923 0.0609477 0.266228 0.0407838 9.9982E-05 0.490918 9.9982E-05
9.9973E-05 0.13998 0.22391 9.9973E-05 9.9973E-05 0.633745 0.00206538
0.202871 0.0925562 9.9964E-05 9.9964E-05 9.9964E-05 0.704173 9.9964E-05
0.0684153 0.560379 0.370806 9.99639E-05 9.99639E-05 9.99639E-05 9.99639E-05
0.0447801 0.330775 0.298938 0.0907095 0.0163641 0.218334 9.9991E-05
9.9973E-05 0.157669 0.637897 9.9973E-05 0.0712442 0.132889 9.9973E-05
0.0670095 9.9964E-05 0.896214 9.9964E-05 9.9964E-05 0.0363763 9.9964E-05
0.00185953 0.0856009 0.584965 0.169098 0.0132769 0.145099 9.9991E-05
9.99641E-05 9.99641E-05 0.509741 0.0963257 9.99641E-05 0.393533 9.99641E-05
9.9973E-05 0.326612 0.269877 0.101905 9.9973E-05 0.301306 9.9973E-05
9.997E-05 0.0878322 0.480452 0.150743 9.997E-05 0.280673 9.997E-05
9.9973E-05 0.334111 0.268477 0.154168 9.9973E-05 0.242944 9.9973E-05
9.9982E-05 0.0215349 0.491473 0.148197 0.000891118 0.337705 9.9982E-05
9.997E-05 0.345605 0.414857 0.0323053 9.997E-05 0.206932 9.997E-05
0.0957691 0.0212886 0.153945 9.9991E-05 0.0243527 0.66964 0.0349048
0.0430578 9.9973E-05 0.201087 0.160296 9.9973E-05 0.595259 9.9973E-05
0.100832 0.0870844 9.9964E-05 9.9964E-05 9.9964E-05 0.811684 9.9964E-05
9.9973E-05 0.115754 0.199106 9.9973E-05 0.103957 0.580883 9.9973E-05
9.9955E-05 9.9955E-05 9.9955E-05 9.9955E-05 0.059277 0.940223 9.9955E-05
9.9964E-05 9.9964E-05 0.403858 0.0665954 9.9964E-05 0.529147 9.9964E-05
0.131401 0.244337 0.384367 9.99729E-05 9.99729E-05 0.239595 9.99729E-05
0.0986573 9.9973E-05 0.152612 9.9973E-05 0.0960129 0.652418 9.9973E-05
0.0273565 9.9973E-05 9.9973E-05 0.0765468 9.9973E-05 0.0856688 0.810128
9.9973E-05 0.202697 9.9973E-05 0.0950316 9.9973E-05 0.0273234 0.674648
9.9973E-05 0.188136 9.9973E-05 0.0261412 9.9973E-05 0.0549443 0.730479
0.0772333 9.9982E-05 0.0173433 9.9982E-05 0.189995 0.0541999 0.661029
0.242159 9.9973E-05 0.0887231 9.9973E-05 0.0515523 9.9973E-05 0.617266
0.129252 0.678055 9.99647E-05 9.99647E-05 9.99647E-05 9.99647E-05 0.192293
9.99731E-05 0.22289 9.99731E-05 9.99731E-05 0.64089 0.00619776 0.129722
0.030867 0.253946 0.022362 0.00935302 0.533881 9.9991E-05 0.149491
0.0329117 0.0297261 9.9973E-05 9.9973E-05 0.654198 9.9973E-05 0.282864
9.9964E-05 0.26146 9.9964E-05 9.9964E-05 0.271063 9.9964E-05 0.467077
9.9964E-05 9.9964E-05 9.9964E-05 9.9964E-05 0.816333 0.0537399 0.129527
9.9964E-05 9.9964E-05 9.9964E-05 0.0200024 0.947907 0.0316905 9.9964E-05
0.0199601 9.9982E-05 0.0193664 0.0847991 0.646068 9.9982E-05 0.229606
0.00491715 0.0431138 9.9991E-05 0.076241 0.73714 0.0258418 0.112646
0.162658 0.152166 9.99639E-05 9.99639E-05 0.684777 9.99639E-05 9.99639E-05
0.0928616 0.0328734 9.9982E-05 0.0424678 0.769606 9.9982E-05 0.0619917
9.996E-05 9.996E-05 9.996E-05 9.996E-05 0.714608 0.0487131 0.236279
9.997E-05 9.997E-05 9.997E-05 0.0553941 0.694611 0.0283526 0.221343
9.9973E-05 9.9973E-05 0.0145762 0.178089 0.537504 9.9973E-05 0.269531
0.226239 0.0409275 0.0254666 0.0207935 9.9982E-05 9.9982E-05 0.686373
0.0914969 9.9973E-05 9.9973E-05 0.0363178 0.0441442 9.9973E-05 0.827741
0.110922 0.0105503 9.9973E-05 0.080774 9.9973E-05 9.9973E-05 0.797454
9.9964E-05 0.131873 9.9964E-05 0.0599439 9.9964E-05 9.9964E-05 0.807783
0.109489 0.0292787 0.00971199 9.9991E-05 0.152031 0.0296568 0.669732
0.0571852 9.9982E-05 9.9982E-05 0.0844012 0.0366661 0.00341398 0.818134
0.143207 9.9964E-05 9.9964E-05 0.154705 9.9964E-05 9.9964E-05 0.701688
0.0529715 9.9982E-05 0.0178444 9.9982E-05 0.0134804 0.0330283 0.882475
0.0514942 9.9973E-05 9.9973E-05 9.9973E-05 0.118462 0.0799044 0.749839
9.9982E-05 9.9982E-05 0.00751355 0.0119714 0.239002 0.0190217 0.722291
9.997E-05 9.997E-05 9.997E-05 0.115554 0.0957853 0.0178808 0.77048
9.9964E-05 9.9964E-05 9.9964E-05 0.0699861 0.00209383 9.9964E-05 0.92752
0.15779 9.9973E-05 9.9973E-05 0.0741734 0.216427 9.9973E-05 0.55131
0.116923 9.9973E-05 9.9973E-05 9.9973E-05 0.109609 0.0831067 0.690061
0.0376408 0.0682081 9.9982E-05 0.0621611 0.256887 9.9982E-05 0.574903
0.0744851 0.00441803 9.9982E-05 0.0390716 0.22431 9.9982E-05 0.657515
0.0529886 9.9973E-05 0.0023011 9.9973E-05 0.130728 9.9973E-05 0.813682
9.9964E-05 9.9964E-05 9.9964E-05 0.0588085 9.9964E-05 0.0658026 0.874989
0.0244693 0.0236735 9.9973E-05 9.9973E-05 0.261569 9.9973E-05 0.689989
9.9964E-05 0.25574 9.9964E-05 0.184323 9.9964E-05 9.9964E-05 0.559537
9.9964E-05 0.250151 9.9964E-05 0.0964781 9.9964E-05 9.9964E-05 0.652971
9.9973E-05 0.139838 9.9973E-05 0.0582395 9.9973E-05 0.0185104 0.783112
9.9955E-05 9.9955E-05 9.9955E-05 9.9955E-05 0.217955 9.9955E-05 0.781545
9.9982E-05 9.9982E-05 0.077118 0.0116413 0.217317 0.0448814 0.648843
9.9973E-05 9.9973E-05 9.9973E-05 0.104298 0.157997 0.0677376 0.669667
0.0155246 9.9973E-05 9.9973E-05 9.9973E-05 0.113145 0.0380137 0.833017
9.9973E-05 9.9973E-05 0.12123 0.140852 9.9973E-05 0.143361 0.594258
9.9964E-05 9.9964E-05 0.083345 9.9964E-05 9.9964E-05 0.311574 0.604681
0.111973 0.0343056 9.9964E-05 9.9964E-05 9.9964E-05 9.9964E-05 0.853321
9.9964E-05 0.201268 9.9964E-05 0.0355612 9.9964E-05 9.9964E-05 0.762771
9.9964E-05 0.179532 9.9964E-05 0.113159 9.9964E-05 9.9964E-05 0.706909
9.9964E-05 0.103862 9.9964E-05 0.139375 9.9964E-05 9.9964E-05 0.756363
9.9964E-05 0.246688 9.9964E-05 0.102413 9.9964E-05 9.9964E-05 0.650499
0.0750427 9.9964E-05 9.9964E-05 9.9964E-05 9.9964E-05 0.0150368 0.909521
9.9964E-05 0.117067 9.9964E-05 0.0946513 9.9964E-05 9.9964E-05 0.787882
9.9973E-05 9.9973E-05 0.044872 0.026126 0.0598709 9.9973E-05 0.868831
0.075136 0.117698 9.9982E-05 0.0419167 0.117946 9.9982E-05 0.647103
9.9955E-05 0.156101 9.9955E-05 9.9955E-05 9.9955E-05 9.9955E-05 0.8434
9.99729E-05 0.539108 0.106327 9.99729E-05 9.99729E-05 0.352828 0.00143793
0.0040538 0.192862 0.362097 9.9982E-05 0.0127472 0.42804 9.9982E-05
0.0927386 0.21649 0.384473 9.99729E-05 9.99729E-05 0.305998 9.99729E-05
0.0423506 0.126741 0.0580233 9.9991E-05 0.0380876 0.696475 0.0382223
9.9982E-05 0.0793025 0.0704685 9.9982E-05 0.100142 0.718367 0.0315201
9.9973E-05 0.0297538 0.0778328 9.9973E-05 9.9973E-05 0.847438 0.0446759
9.9982E-05 0.22091 0.319059 0.0127948 9.9982E-05 0.420111 0.0269257
9.99639E-05 0.357572 0.366292 9.99639E-05 9.99639E-05 0.275736 9.99639E-05
9.9964E-05 0.788287 0.20446 9.9964E-05 9.9964E-05 0.006853 9.9964E-05
0.00854453 0.0290363 0.21057 9.9982E-05 9.9982E-05 0.659771 0.0918782
9.996E-05 9.996E-05 0.0347559 0.0917899 9.996E-05 0.873054 9.996E-05
9.99551E-05 9.99551E-05 9.99551E-05 0.0744047 9.99551E-05 0.925096 9.99551E-05
9.99641E-05 9.99641E-05 0.105791 9.99641E-05 0.0587568 0.835052 9.99641E-05
