9.99549E-05 0.422747 9.99549E-05 0.0536997 0.2081 9.99549E-05 0.314953 9.99549E-05 9.99549E-05
0.131472 0.0400455 0.297108 9.9964E-05 0.354841 9.9964E-05 0.176133 9.9964E-05 9.9964E-05
0.0131719 0.251684 0.148183 9.9973E-05 0.051426 9.9973E-05 0.423705 9.9973E-05 0.11153
0.0728446 0.277432 9.9982E-05 0.0225076 0.0907904 0.00739432 0.0681301 9.9982E-05 0.460701
9.9955E-05 0.215503 9.9955E-05 9.9955E-05 9.9955E-05 0.0182685 0.711147 9.9955E-05 0.0545823
0.0444726 0.409117 9.9964E-05 9.9964E-05 0.0101065 9.9964E-05 0.269413 9.9964E-05 0.266491
0.0970545 9.9955E-05 0.0915716 0.786221 0.0246536 9.9955E-05 9.9955E-05 9.9955E-05 9.9955E-05
0.0506202 0.0104358 0.124379 0.557189 9.9973E-05 0.100156 0.15692 9.9973E-05 9.9973E-05
9.9946E-05 9.9946E-05 9.9946E-05 0.858241 9.9946E-05 0.0891279 9.9946E-05 9.9946E-05 0.0520311
9.99371E-05 0.0586293 9.99371E-05 0.940671 9.99371E-05 9.99371E-05 9.99371E-05 9.99371E-05 9.99371E-05
9.9955E-05 9.9955E-05 0.118586 0.848978 0.0317958 9.9955E-05 9.9955E-05 9.9955E-05 0.000141106
9.99639E-05 0.033667 0.505417 0.34233 9.99639E-05 0.0813228 0.0368639 9.99639E-05 9.99639E-05
9.9946E-05 9.9946E-05 0.126229 0.565341 9.9946E-05 9.9946E-05 9.9946E-05 0.30783 9.9946E-05
9.9937E-05 9.9937E-05 9.9937E-05 0.75191 9.9937E-05 9.9937E-05 9.9937E-05 0.24739 9.9937E-05
0.0512328 9.9955E-05 0.03735 0.886344 9.9955E-05 9.9955E-05 0.0245732 9.9955E-05 9.9955E-05
0.0169102 9.99551E-05 0.188823 0.734978 0.0587887 9.99551E-05 9.99551E-05 9.99551E-05 9.99551E-05
0.156947 0.459251 0.0439688 9.9964E-05 9.9964E-05 9.9964E-05 0.328953 0.0104809 9.9964E-05
0.612161 0.185406 9.9955E-05 9.9955E-05 9.9955E-05 0.0831789 0.118755 9.9955E-05 9.9955E-05
0.206456 0.625531 0.0222505 9.9964E-05 9.9964E-05 9.9964E-05 9.9964E-05 0.0687696 0.0765932
0.155909 0.49269 9.9964E-05 9.9964E-05 9.9964E-05 9.9964E-05 0.175802 0.089248 0.0859518
0.498045 0.206036 9.99639E-05 9.99639E-05 9.99639E-05 9.99639E-05 0.208817 0.0264354 0.0602672
0.467413 0.421966 9.99549E-05 9.99549E-05 9.99549E-05 9.99549E-05 9.99549E-05 0.0408247 0.0692966
9.9964E-05 0.527666 0.191234 0.038616 0.0859578 9.9964E-05 0.156127 9.9964E-05 9.9964E-05
9.9955E-05 0.599448 0.0824095 9.9955E-05 0.0830638 9.9955E-05 0.234579 9.9955E-05 9.9955E-05
9.99551E-05 0.83184 9.99551E-05 0.00314709 9.99551E-05 9.99551E-05 0.16416 0.000352913 9.99551E-05
0.0172778 0.661533 9.9964E-05 9.9964E-05 0.128103 9.9964E-05 0.104069 9.9964E-05 0.0886176
9.9955E-05 0.482726 9.9955E-05 9.9955E-05 9.9955E-05 0.0978627 0.397966 0.0209455 9.9955E-05
9.9964E-05 0.455936 9.9964E-05 0.0258056 9.9964E-05 9.9964E-05 0.34972 0.0467188 0.121419
0.272979 9.9955E-05 9.9955E-05 0.100886 0.189391 9.9955E-05 0.436244 9.9955E-05 9.9955E-05
0.431091 0.00755304 9.9982E-05 0.0533719 0.128714 9.9982E-05 0.246572 0.0710628 0.0614353
0.362889 0.0563951 0.325213 9.9955E-05 9.9955E-05 9.9955E-05 9.9955E-05 9.9955E-05 0.255003
0.162117 0.078534 0.165177 9.99639E-05 9.99639E-05 9.99639E-05 0.303542 9.99639E-05 0.290231
0.25916 0.278848 9.9955E-05 9.9955E-05 9.9955E-05 9.9955E-05 0.19612 9.9955E-05 0.265372
9.9946E-05 0.855411 0.0658268 9.9946E-05 0.0781621 9.9946E-05 9.9946E-05 9.9946E-05 9.9946E-05
9.9946E-05 0.620701 0.332974 9.9946E-05 0.0457249 9.9946E-05 9.9946E-05 9.9946E-05 9.9946E-05
0.0414063 0.568042 0.105138 9.9973E-05 9.9973E-05 9.9973E-05 0.25539 0.0143756 0.0153483
9.9955E-05 0.305111 0.314073 9.9955E-05 9.9955E-05 9.9955E-05 9.9955E-05 0.202595 0.177721
9.9955E-05 0.647984 0.159827 9.9955E-05 9.9955E-05 0.0175075 0.174181 9.9955E-05 9.9955E-05
0.10784 0.501277 0.014518 0.0297458 0.226363 9.9973E-05 9.9973E-05 0.119956 9.9973E-05
0.0410291 0.697703 9.9973E-05 0.0313948 9.9973E-05 0.0436452 0.048212 9.9973E-05 0.137716
9.9946E-05 0.225113 9.9946E-05 9.9946E-05 0.504151 9.9946E-05 9.9946E-05 9.9946E-05 0.270136
9.9964E-05 0.155723 9.9964E-05 9.9964E-05 0.232343 9.9964E-05 0.0225943 0.104572 0.484368
0.125111 0.181046 9.9955E-05 9.9955E-05 9.9955E-05 9.9955E-05 9.9955E-05 0.122897 0.570446
9.9964E-05 0.131957 9.9964E-05 9.9964E-05 0.466734 0.0761408 9.9964E-05 0.078634 0.246134
9.9964E-05 0.370494 9.9964E-05 0.0111523 0.1927 9.9964E-05 0.0228251 9.9964E-05 0.40243
0.145015 0.456302 9.9946E-05 9.9946E-05 9.9946E-05 9.9946E-05 9.9946E-05 9.9946E-05 0.398084
0.659909 0.241407 9.9955E-05 9.9955E-05 9.9955E-05 0.065027 9.9955E-05 0.0331573 9.9955E-05
0.708535 9.9955E-05 0.0594225 9.9955E-05 0.132875 0.0986676 9.9955E-05 9.9955E-05 9.9955E-05
0.785402 9.9946E-05 0.0269187 9.9946E-05 0.18708 9.9946E-05 9.9946E-05 9.9946E-05 9.9946E-05
0.604165 9.9937E-05 9.9937E-05 9.9937E-05 0.395136 9.9937E-05 9.9937E-05 9.9937E-05 9.9937E-05
0.789241 0.124759 9.99639E-05 9.99639E-05 9.99639E-05 9.99639E-05 0.0361999 0.0397215 0.00967943
0.165956 0.381862 9.9973E-05 0.0747844 0.336986 0.0210965 9.9973E-05 0.0190152 9.9973E-05
0.455518 0.416165 9.9964E-05 9.9964E-05 9.9964E-05 0.00252757 0.0489159 0.0764741 9.9964E-05
0.0654282 0.510376 9.9955E-05 9.9955E-05 0.335008 9.9955E-05 9.9955E-05 0.0886877 9.9955E-05
0.0750336 0.559335 9.9955E-05 9.9955E-05 0.302112 0.0630191 9.9955E-05 9.9955E-05 9.9955E-05
0.0368671 0.604685 9.9964E-05 9.9964E-05 9.9964E-05 9.9964E-05 0.141469 0.0925322 0.124047
9.9964E-05 0.206262 0.101039 0.335989 0.066682 0.289627 9.9964E-05 9.9964E-05 9.9964E-05
9.9964E-05 0.0642959 0.0391184 0.4911 9.9964E-05 9.9964E-05 0.0991227 0.305963 9.9964E-05
9.9946E-05 9.9946E-05 9.9946E-05 9.9946E-05 9.9946E-05 0.596213 0.0341447 0.369043 9.9946E-05
9.9955E-05 0.0298706 9.9955E-05 0.197065 0.0771714 0.695394 9.9955E-05 9.9955E-05 9.9955E-05
9.9955E-05 9.9955E-05 0.0781531 0.0678234 0.0219438 0.83158 9.9955E-05 9.9955E-05 9.9955E-05
0.118027 0.0186717 9.9946E-05 9.9946E-05 9.9946E-05 0.862702 9.9946E-05 9.9946E-05 9.9946E-05
0.168293 9.99459E-05 0.776177 0.0549308 9.99459E-05 9.99459E-05 9.99459E-05 9.99459E-05 9.99459E-05
0.00678615 9.99729E-05 0.778569 9.99729E-05 9.99729E-05 0.00627625 0.0379482 0.158901 0.0112202
9.99639E-05 9.99639E-05 0.311528 0.480324 9.99639E-05 0.0994472 9.99639E-05 0.0411066 0.067194
9.9946E-05 9.9946E-05 9.9946E-05 0.762886 9.9946E-05 0.0884311 9.9946E-05 0.148083 9.9946E-05
9.9955E-05 0.0902105 0.32519 0.258676 9.9955E-05 9.9955E-05 9.9955E-05 0.325424 9.9955E-05
9.99461E-05 9.99461E-05 0.0711237 0.291668 9.99461E-05 9.99461E-05 9.99461E-05 0.636608 9.99461E-05
9.9964E-05 0.0337881 0.587429 0.15258 0.0196199 9.9964E-05 9.9964E-05 0.206183 9.9964E-05
9.99778E-05 0.0175152 0.29578 0.243539 9.99778E-05 0.164595 0.00574502 0.272525 9.99778E-05
9.9964E-05 0.0551406 0.770192 0.0481513 9.9964E-05 9.9964E-05 0.0145315 0.111584 9.9964E-05
9.9973E-05 0.0384409 0.334744 0.0753833 9.9973E-05 0.221739 0.0262231 0.30317 9.9973E-05
9.9964E-05 9.9964E-05 0.775186 0.0295767 9.9964E-05 0.149552 0.0150701 0.030215 9.9964E-05
0.0487323 9.9982E-05 0.0933197 0.0326382 9.9982E-05 0.490948 0.00184733 0.29287 0.0394442
0.0605813 9.99459E-05 0.1421 9.99459E-05 9.99459E-05 9.99459E-05 9.99459E-05 0.796719 9.99459E-05
0.0191155 9.9964E-05 0.0460398 9.9964E-05 9.9964E-05 0.71734 9.9964E-05 0.177508 0.0395968
9.9955E-05 9.9955E-05 0.256466 9.9955E-05 9.9955E-05 0.468407 9.9955E-05 0.205722 0.0689054
9.9937E-05 9.9937E-05 9.9937E-05 9.9937E-05 9.9937E-05 0.559266 9.9937E-05 0.440035 9.9937E-05
9.9955E-05 9.9955E-05 9.9955E-05 0.248161 0.0344691 0.532899 9.9955E-05 0.183971 9.9955E-05
0.0949531 9.9955E-05 0.433191 0.113863 9.9955E-05 0.357493 9.9955E-05 9.9955E-05 9.9955E-05
0.106462 9.9964E-05 9.9964E-05 0.0574895 9.9964E-05 0.546079 9.9964E-05 0.23839 0.051179
0.0534396 0.0751718 9.99731E-05 9.99731E-05 9.99731E-05 0.009068 0.793347 0.025201 0.0434722
9.9955E-05 9.9955E-05 9.9955E-05 9.9955E-05 0.728905 0.0123735 0.184062 0.0741597 9.9955E-05
9.9946E-05 9.9946E-05 9.9946E-05 9.9946E-05 0.711674 9.9946E-05 0.181787 0.105939 9.9946E-05
0.121858 9.9964E-05 9.9964E-05 0.00656595 9.9964E-05 9.9964E-05 0.780104 0.0542222 0.0368506
0.287971 9.9964E-05 9.9964E-05 0.0750142 0.0588623 9.9964E-05 0.555411 9.9964E-05 0.0223414
0.478 9.99461E-05 0.138177 9.99461E-05 0.383224 9.99461E-05 9.99461E-05 9.99461E-05 9.99461E-05
0.042655 9.99551E-05 0.112809 9.99551E-05 0.225592 9.99551E-05 9.99551E-05 9.99551E-05 0.618444
0.0499 9.9955E-05 9.9955E-05 0.0699128 0.359415 9.9955E-05 9.9955E-05 9.9955E-05 0.520273
0.113825 9.9955E-05 9.9955E-05 9.9955E-05 0.047405 9.9955E-05 0.226907 9.9955E-05 0.611363
0.112923 9.9964E-05 0.01035 9.9964E-05 0.31835 9.9964E-05 0.160307 9.9964E-05 0.397671
9.9946E-05 9.9946E-05 9.9946E-05 9.9946E-05 9.9946E-05 9.9946E-05 0.143841 0.0357969 0.819763
9.9946E-05 0.0977532 9.9946E-05 9.9946E-05 9.9946E-05 9.9946E-05 9.9946E-05 0.00635502 0.895292
9.99549E-05 0.172543 9.99549E-05 0.043432 9.99549E-05 9.99549E-05 0.412518 9.99549E-05 0.371006
0.014917 0.0829804 0.0336574 9.9982E-05 0.0171938 0.0280276 0.130961 9.9982E-05 0.692063
0.373126 9.99549E-05 0.00861415 0.0164499 9.99549E-05 9.99549E-05 9.99549E-05 9.99549E-05 0.601311
0.108639 0.171015 9.9964E-05 0.0129434 9.9964E-05 9.9964E-05 0.0654783 9.9964E-05 0.641525
9.99459E-05 9.99459E-05 9.99459E-05 9.99459E-05 9.99459E-05 9.99459E-05 0.240527 0.0362024 0.722671
9.9955E-05 0.0720539 9.9955E-05 9.9955E-05 9.9955E-05 9.9955E-05 0.192252 0.0534044 0.68179
9.99639E-05 0.144928 9.99639E-05 0.0297739 0.203739 9.99639E-05 0.139853 9.99639E-05 0.481307
0.200251 0.0110744 9.9973E-05 0.0506333 0.369966 9.9973E-05 0.35223 9.9973E-05 0.0155455
0.0697194 9.9946E-05 9.9946E-05 9.9946E-05 0.336939 9.9946E-05 0.592742 9.9946E-05 9.9946E-05
0.0448669 0.0542218 9.9955E-05 9.9955E-05 0.466105 9.9955E-05 0.434307 9.9955E-05 9.9955E-05
9.9946E-05 9.9946E-05 9.9946E-05 9.9946E-05 0.602584 9.9946E-05 0.354553 9.9946E-05 0.0422631
0.181605 9.9955E-05 0.0520141 9.9955E-05 9.9955E-05 9.9955E-05 0.759715 9.9955E-05 0.00616593
0.0649898 0.0628233 9.9955E-05 9.9955E-05 9.9955E-05 9.9955E-05 0.860803 0.0108838 9.9955E-05
0.126775 0.180217 9.9955E-05 9.9955E-05 0.0158061 9.9955E-05 0.676702 9.9955E-05 9.9955E-05
0.0902729 9.9946E-05 9.9946E-05 9.9946E-05 9.9946E-05 9.9946E-05 0.899496 0.00963192 9.9946E-05
0.0226341 9.9964E-05 0.0347678 0.00813782 9.9964E-05 9.9964E-05 0.897084 0.0369765 9.9964E-05
9.9973E-05 0.0150437 0.00822784 0.00320302 0.00180667 9.9973E-05 0.887502 9.9973E-05 0.0839166
9.9964E-05 0.10145 0.0114502 9.9964E-05 0.0367588 9.9964E-05 0.827975 9.9964E-05 0.0219653
9.99371E-05 9.99371E-05 9.99371E-05 9.99371E-05 0.0736693 9.99371E-05 0.925631 9.99371E-05 9.99371E-05
0.0906642 0.0990085 9.9964E-05 9.9964E-05 0.272579 9.9964E-05 0.483498 9.9964E-05 0.0538497
0.0937607 9.9964E-05 9.9964E-05 9.9964E-05 0.274527 0.0543776 0.499257 9.9964E-05 0.0776774
0.104853 0.0107138 0.0201323 9.9973E-05 0.170604 9.9973E-05 0.676179 9.9973E-05 0.0172187
0.0858495 9.99641E-05 0.0286794 9.99641E-05 0.0310772 9.99641E-05 0.679584 9.99641E-05 0.17441
0.0290447 9.99641E-05 9.99641E-05 0.0163961 0.192301 9.99641E-05 0.627233 9.99641E-05 0.134625
0.0115078 0.0214885 0.0354565 9.9964E-05 0.0977154 9.9964E-05 0.833432 9.9964E-05 9.9964E-05
0.0542995 9.99549E-05 9.99549E-05 9.99549E-05 0.126231 9.99549E-05 0.621358 9.99549E-05 0.197612
9.9955E-05 0.0204694 0.101898 9.9955E-05 0.526916 9.9955E-05 0.350217 9.9955E-05 9.9955E-05
9.9946E-05 9.9946E-05 0.0821745 9.9946E-05 0.500175 9.9946E-05 0.417051 9.9946E-05 9.9946E-05
9.99461E-05 9.99461E-05 0.08917 9.99461E-05 0.31481 9.99461E-05 0.595421 9.99461E-05 9.99461E-05
9.99461E-05 9.99461E-05 9.99461E-05 9.99461E-05 0.0357288 9.99461E-05 0.897267 9.99461E-05 0.0664044
9.9973E-05 0.0655167 9.9973E-05 0.000983756 0.132447 9.9973E-05 0.633142 0.0898534 0.0777568
9.9973E-05 0.0438181 0.0108736 9.9973E-05 0.150633 0.0515564 0.702292 9.9973E-05 0.040527
0.0235433 9.9964E-05 9.9964E-05 9.9964E-05 0.0888381 0.0208811 0.839281 9.9964E-05 0.0270569
9.9955E-05 0.0814175 9.9955E-05 0.134864 9.9955E-05 0.136179 0.64704 9.9955E-05 9.9955E-05
9.9955E-05 9.9955E-05 0.0143206 9.9955E-05 0.0589219 0.348207 0.578051 9.9955E-05 9.9955E-05
0.0994015 9.9964E-05 0.000184402 9.9964E-05 0.196564 9.9964E-05 0.671387 9.9964E-05 0.0320633
0.0107387 9.99459E-05 9.99459E-05 9.99459E-05 0.671549 9.99459E-05 0.317112 9.99459E-05 9.99459E-05
9.9946E-05 9.9946E-05 0.106242 9.9946E-05 0.390092 9.9946E-05 0.503067 9.9946E-05 9.9946E-05
9.9955E-05 9.9955E-05 9.9955E-05 9.9955E-05 0.531474 0.0302381 0.357029 9.9955E-05 0.0807585
0.0276493 0.00547298 9.9964E-05 0.00985545 0.850933 9.9964E-05 0.105689 9.9964E-05 9.9964E-05
0.0703568 9.9946E-05 9.9946E-05 9.9946E-05 0.1672 9.9946E-05 0.761843 9.9946E-05 9.9946E-05
9.9946E-05 9.9946E-05 9.9946E-05 9.9946E-05 0.622195 9.9946E-05 0.309358 9.9946E-05 0.0678479
9.9964E-05 0.00254241 9.9964E-05 0.00163407 0.287479 9.9964E-05 0.608176 9.9964E-05 0.0997686
0.113331 0.0230528 9.9964E-05 9.9964E-05 0.29982 9.9964E-05 0.558817 9.9964E-05 0.00457972
9.9946E-05 9.9946E-05 0.0428024 9.9946E-05 0.422538 9.9946E-05 0.53406 9.9946E-05 9.9946E-05
0.0548329 9.9955E-05 0.616147 9.9955E-05 0.118069 0.210451 9.9955E-05 9.9955E-05 9.9955E-05
9.9955E-05 9.9955E-05 0.183524 0.232201 9.9955E-05 0.532468 0.0513078 9.9955E-05 9.9955E-05
0.11044 9.9955E-05 0.212698 0.204693 9.9955E-05 0.47167 9.9955E-05 9.9955E-05 9.9955E-05
9.9973E-05 0.0168281 9.9973E-05 0.0516335 0.0574052 0.799267 0.000797739 9.9973E-05 0.0737688
9.995E-05 9.995E-05 9.995E-05 0.0742943 9.995E-05 0.634895 9.995E-05 0.170764 0.119547
9.99371E-05 9.99371E-05 9.99371E-05 9.99371E-05 9.99371E-05 0.904657 9.99371E-05 0.0946432 9.99371E-05
9.9964E-05 9.9964E-05 0.383369 0.127975 0.032624 0.281575 9.9964E-05 0.174057 9.9964E-05
9.9955E-05 9.9955E-05 0.613292 0.179051 9.9955E-05 0.0962363 9.9955E-05 0.11092 9.9955E-05
9.99372E-05 9.99372E-05 0.881829 9.99372E-05 0.117471 9.99372E-05 9.99372E-05 9.99372E-05 9.99372E-05
9.9964E-05 9.9964E-05 0.0990949 0.0542777 9.9964E-05 0.499246 0.0694452 0.277536 9.9964E-05
9.993E-05 9.993E-05 9.993E-05 9.993E-05 9.993E-05 9.993E-05 9.993E-05 0.999201 9.993E-05
9.9946E-05 9.9946E-05 9.9946E-05 9.9946E-05 0.00315355 0.342198 9.9946E-05 0.654048 9.9946E-05
9.9955E-05 9.9955E-05 9.9955E-05 0.0427633 9.9955E-05 0.190247 9.9955E-05 0.739867 0.0266228
