0.01556 9.9991E-05 0.078541 0.509776 0.396023
0.213256 9.9991E-05 0.325725 0.112924 0.347995
0.0638367 9.9991E-05 0.0908308 0.414373 0.430859
0.133784 0.0436858 9.9991E-05 0.470104 0.352326
9.9982E-05 0.0679305 9.9982E-05 0.286918 0.644952
0.00599016 0.0240379 9.9991E-05 0.595433 0.374439
0.0733643 9.9973E-05 0.926336 9.9973E-05 9.9973E-05
0.0748562 0.195221 0.557737 0.0521135 0.120072
0.0101333 0.249449 0.740218 9.9982E-05 9.9982E-05
0.011726 0.239864 0.747652 0.000658185 9.9991E-05
9.9973E-05 0.0947305 0.90497 9.9973E-05 9.9973E-05
9.999E-05 0.0268832 0.902742 0.067462 0.0028129
9.9973E-05 0.392657 0.607043 9.9973E-05 9.9973E-05
9.9982E-05 0.446198 0.506833 0.0467689 9.9982E-05
9.9982E-05 0.237387 0.756869 0.005544 9.9982E-05
9.9982E-05 0.064741 0.922931 9.9982E-05 0.0121277
0.113175 0.060778 0.00679951 0.520197 0.299051
0.60083 0.130374 9.9982E-05 0.268596 9.9982E-05
0.168551 0.0799931 9.9982E-05 0.751256 9.9982E-05
0.11862 0.146455 9.9991E-05 0.628201 0.106623
0.401473 0.0749794 9.9991E-05 0.378868 0.144579
0.314176 0.0594839 9.9982E-05 0.62614 9.9982E-05
9.9982E-05 9.9982E-05 0.278947 0.545043 0.17581
9.9982E-05 9.9982E-05 0.0653079 0.646083 0.288409
9.9982E-05 9.9982E-05 0.0960917 0.844223 0.0594854
0.0207773 9.9982E-05 9.9982E-05 0.796611 0.182411
9.9982E-05 0.148612 9.9982E-05 0.575089 0.276099
9.9982E-05 0.122426 9.9982E-05 0.529409 0.347966
0.269842 0.0597655 0.0534421 0.101679 0.515271
0.452196 0.115885 9.9991E-05 0.124339 0.30748
0.527322 9.9982E-05 0.137093 0.335385 9.9982E-05
0.237441 0.0376405 0.0949759 0.293559 0.336384
0.222997 9.9982E-05 9.9982E-05 0.518357 0.258446
9.9973E-05 9.9973E-05 0.105975 0.893725 9.9973E-05
9.9973E-05 9.9973E-05 0.301306 0.698394 9.9973E-05
0.0950732 0.0445662 0.0893306 0.593857 0.177173
0.11044 0.240415 0.144616 0.50443 9.9991E-05
9.9991E-05 0.063222 0.151252 0.710556 0.0748702
0.183994 0.00506462 0.126814 0.684027 9.9991E-05
0.142143 0.0602693 9.9982E-05 0.797387 9.9982E-05
0.208664 9.9982E-05 9.9982E-05 0.449139 0.341997
0.0529982 0.0908268 9.9991E-05 0.42105 0.435025
0.155495 0.147029 9.9991E-05 0.423222 0.274154
9.9991E-05 0.0826536 0.126056 0.290479 0.500711
0.0467078 9.9991E-05 0.00812798 0.581026 0.364038
0.183209 0.0293149 9.9991E-05 0.699864 0.0875117
0.546614 0.155273 9.9982E-05 0.297914 9.9982E-05
0.822756 0.0667953 0.00997531 0.0776967 0.0227766
0.9996 9.997E-05 9.997E-05 9.997E-05 9.997E-05
0.752834 9.9982E-05 9.9982E-05 0.0719119 0.175054
0.661281 0.0985234 9.9982E-05 0.239996 9.9982E-05
0.177418 9.9991E-05 0.161484 0.479172 0.181825
0.370463 0.132531 9.9982E-05 0.496806 9.9982E-05
0.211814 0.0172413 9.9991E-05 0.72376 0.0470853
0.161377 9.9991E-05 0.0875294 0.696854 0.0541395
0.0139101 0.0882136 9.9991E-05 0.765975 0.131801
9.9991E-05 0.284119 0.480973 0.206283 0.0285251
9.9991E-05 0.490798 0.37919 0.0997861 0.0301259
9.9991E-05 0.882332 0.0587113 0.0233694 0.0354878
0.0251809 0.518012 0.357351 0.099356 9.9991E-05
9.9973E-05 0.633213 0.366487 9.9973E-05 9.9973E-05
0.151212 0.622304 0.201448 0.00279598 0.0222399
0.195626 9.9973E-05 0.804074 9.9973E-05 9.9973E-05
9.9982E-05 0.0675837 0.795448 0.136768 9.9982E-05
9.9982E-05 0.224979 0.764282 9.9982E-05 0.0105394
9.9973E-05 0.403958 0.595742 9.9973E-05 9.9973E-05
9.9982E-05 0.301181 0.508498 0.19012 9.9982E-05
9.99821E-05 0.682707 0.248621 0.0684721 9.99821E-05
9.9982E-05 0.191124 0.723166 0.0855098 9.9982E-05
9.9982E-05 0.356077 0.629433 0.01429 9.9982E-05
9.9991E-05 0.0253403 0.82688 0.13552 0.0121603
9.9982E-05 0.502952 0.380398 0.11645 9.9982E-05
9.9982E-05 0.0652549 0.904472 9.9982E-05 0.0300729
0.1116 0.728716 0.1491 9.9991E-05 0.0104844
9.9982E-05 0.712597 0.168776 0.118427 9.9982E-05
0.152232 0.752087 0.0954805 9.9982E-05 9.9982E-05
0.0077063 0.623322 0.367438 9.9991E-05 0.00143389
9.9973E-05 0.992564 9.9973E-05 9.9973E-05 0.00713576
9.9973E-05 0.645279 0.354421 9.9973E-05 9.9973E-05
0.0735333 0.199117 0.72715 9.9982E-05 9.9982E-05
0.140037 0.724839 0.115314 0.01971 9.9991E-05
9.9982E-05 0.0927408 9.9982E-05 0.108573 0.798487
0.050834 9.99821E-05 0.168889 9.99821E-05 0.780077
9.99731E-05 9.99731E-05 0.156406 9.99731E-05 0.843294
0.0929774 0.135234 9.9982E-05 9.9982E-05 0.771589
0.307379 0.0591689 9.9982E-05 9.9982E-05 0.633252
0.801871 9.9982E-05 0.0187086 9.9982E-05 0.179221
0.188422 9.9991E-05 0.159296 0.0594594 0.592723
0.197778 9.9991E-05 0.148159 0.130119 0.523844
0.159941 0.0682416 9.9991E-05 0.03043 0.741287
0.26452 9.9973E-05 9.9973E-05 9.9973E-05 0.73518
9.9982E-05 0.185848 9.9982E-05 0.0864482 0.727504
9.9982E-05 0.106586 9.9982E-05 0.378028 0.515186
9.9982E-05 0.0471274 9.9982E-05 0.331337 0.621336
0.0712173 0.0865601 9.9991E-05 0.278458 0.563664
0.465244 0.0288851 0.0311568 0.125571 0.349144
0.167446 0.0517789 9.9991E-05 0.3235 0.457175
9.9982E-05 0.14528 9.9982E-05 0.143393 0.711127
9.9982E-05 0.128398 9.9982E-05 0.269509 0.601894
9.9982E-05 9.9982E-05 0.0668162 0.317076 0.615908
0.273822 9.9991E-05 0.0153614 0.104483 0.606233
0.0811509 9.9982E-05 9.9982E-05 0.0187131 0.899936
0.0974427 9.9982E-05 9.9982E-05 0.0569026 0.845455
0.10303 9.9982E-05 0.0138299 9.9982E-05 0.88294
0.197 0.0369924 0.0101509 9.9991E-05 0.755757
9.9982E-05 0.033989 9.9982E-05 0.111267 0.854544
0.0523741 0.05673 9.9991E-05 0.220978 0.669817
0.0135227 0.0992592 9.9982E-05 9.9982E-05 0.887018
0.00496671 0.0955413 9.9991E-05 0.0325791 0.866813
9.9982E-05 0.0281916 9.9982E-05 0.0602549 0.911354
9.9982E-05 0.0355697 9.9982E-05 0.155615 0.808615
9.9982E-05 0.035807 9.9982E-05 0.0106432 0.95335
0.171466 9.9982E-05 9.9982E-05 0.186875 0.641459
0.1315 0.097351 9.9991E-05 0.0060107 0.765038
0.109413 9.9991E-05 0.0351426 0.115299 0.740045
0.0398127 0.0433459 9.9991E-05 0.0717909 0.84495
0.0987165 0.0372412 9.9982E-05 9.9982E-05 0.863842
9.9982E-05 0.0620674 9.9982E-05 0.0198186 0.917914
0.120342 0.0159726 9.9982E-05 9.9982E-05 0.863485
9.9982E-05 9.9982E-05 0.146555 0.0357381 0.817507
0.0875331 9.9982E-05 0.0712438 9.9982E-05 0.841023
0.028804 9.9982E-05 0.0887412 9.9982E-05 0.882255
9.9982E-05 0.0239906 9.9982E-05 0.0159721 0.959837
9.9982E-05 0.106649 9.9982E-05 0.103227 0.789924
9.9982E-05 0.0786764 9.9982E-05 0.0658197 0.855304
9.9982E-05 0.0749738 0.00394232 9.9982E-05 0.920884
9.9991E-05 0.253988 0.0242867 0.10739 0.614236
9.9982E-05 0.295215 0.0888815 9.9982E-05 0.615704
0.132654 9.9973E-05 9.9973E-05 9.9973E-05 0.867046
0.182582 9.9982E-05 0.0163081 9.9982E-05 0.80091
9.9982E-05 9.9982E-05 0.125204 0.0209644 0.853632
9.9982E-05 9.9982E-05 0.0956705 0.0019522 0.902177
0.341039 9.9973E-05 9.9973E-05 9.9973E-05 0.658661
0.108217 0.0288204 9.9982E-05 9.9982E-05 0.862763
0.122589 9.9991E-05 0.0553911 0.0355311 0.786388
0.0318759 0.00188855 0.031776 0.0195434 0.914916
0.195059 9.9982E-05 9.9982E-05 0.101836 0.702905
0.108264 9.9982E-05 0.0499708 9.9982E-05 0.841566
0.104974 0.0599265 0.767134 9.9991E-05 0.0678656
0.019688 0.408153 0.563707 9.9991E-05 0.00835167
0.181536 0.293551 0.520352 9.9991E-05 0.00446064
0.138174 0.642341 0.171419 9.9991E-05 0.047966
0.0230907 0.763267 0.108619 9.9991E-05 0.104923
0.0023651 0.783202 0.214233 9.9982E-05 9.9982E-05
9.9991E-05 0.336287 0.589267 0.0613147 0.0130311
9.9982E-05 0.153275 0.821732 9.9982E-05 0.0247932
0.167919 9.99731E-05 0.831781 9.99731E-05 9.99731E-05
0.00195427 0.678818 0.246274 9.9991E-05 0.0728541
9.99731E-05 0.974438 9.99731E-05 0.0252623 9.99731E-05
9.9973E-05 0.964655 9.9973E-05 0.0350452 9.9973E-05
0.00568681 0.946177 9.9991E-05 0.015977 0.0320589
