0.229314 0.15688 9.99639E-05 0.453333 0.146449 9.99639E-05 0.013624 9.99639E-05 9.99639E-05
0.171613 0.0597463 0.227334 0.218693 0.0930973 9.9973E-05 0.229217 9.9973E-05 9.9973E-05
0.155158 0.36412 9.9973E-05 0.333896 9.9973E-05 0.0647111 0.0790204 0.00279489 9.9973E-05
9.9973E-05 0.361264 9.9973E-05 0.0777168 0.373958 0.083773 0.0748982 0.0280903 9.9973E-05
0.271229 0.509782 9.9955E-05 0.073314 9.9955E-05 0.145175 9.9955E-05 9.9955E-05 9.9955E-05
9.9964E-05 0.492248 9.9964E-05 0.164456 0.198528 0.133516 0.0108516 9.9964E-05 9.9964E-05
9.9946E-05 9.9946E-05 0.752036 9.9946E-05 0.016911 9.9946E-05 9.9946E-05 9.9946E-05 0.230453
0.0984095 9.9955E-05 0.465812 9.9955E-05 9.9955E-05 0.12501 9.9955E-05 9.9955E-05 0.310269
9.99459E-05 9.99459E-05 0.446435 9.99459E-05 9.99459E-05 9.99459E-05 0.0892388 9.99459E-05 0.463727
9.9964E-05 9.9964E-05 0.523224 9.9964E-05 0.0378077 0.000621442 9.9964E-05 0.0531348 0.384812
9.99459E-05 9.99459E-05 0.636115 9.99459E-05 0.0359697 9.99459E-05 9.99459E-05 9.99459E-05 0.327316
9.99639E-05 0.0698528 0.714684 9.99639E-05 9.99639E-05 0.0231568 9.99639E-05 0.01285 0.179056
9.9937E-05 9.9937E-05 0.376944 9.9937E-05 9.9937E-05 9.9937E-05 9.9937E-05 9.9937E-05 0.622356
9.99369E-05 9.99369E-05 0.272138 9.99369E-05 9.99369E-05 9.99369E-05 9.99369E-05 9.99369E-05 0.727163
9.99459E-05 9.99459E-05 0.481071 9.99459E-05 9.99459E-05 9.99459E-05 0.0811797 9.99459E-05 0.43715
0.00845994 9.99461E-05 0.686066 9.99461E-05 9.99461E-05 9.99461E-05 9.99461E-05 9.99461E-05 0.304874
0.245363 0.0863546 0.0445864 0.000241784 9.9964E-05 0.623055 9.9964E-05 9.9964E-05 9.9964E-05
9.9955E-05 9.9955E-05 0.0283689 9.9955E-05 9.9955E-05 0.505853 0.412065 0.053213 9.9955E-05
9.9973E-05 0.14583 9.9973E-05 0.288945 0.0635939 0.387542 0.0685679 9.9973E-05 0.0452207
9.9955E-05 0.211271 9.9955E-05 9.9955E-05 0.0834563 0.702081 9.9955E-05 9.9955E-05 0.00269159
0.0486363 0.157436 9.9964E-05 9.9964E-05 9.9964E-05 0.501067 0.290732 9.9964E-05 0.00172932
9.9964E-05 9.9964E-05 0.00451565 9.9964E-05 0.116312 0.709765 0.155475 0.0135329 9.9964E-05
0.112248 0.103261 0.128669 0.571903 9.9964E-05 0.0835198 9.9964E-05 9.9964E-05 9.9964E-05
0.225516 0.0514439 9.9955E-05 0.685515 9.9955E-05 9.9955E-05 9.9955E-05 0.0370245 9.9955E-05
9.9964E-05 0.127184 9.9964E-05 0.51844 0.0525359 0.293624 9.9964E-05 9.9964E-05 0.0078159
9.99459E-05 0.0831938 9.99459E-05 9.99459E-05 0.539896 0.376311 9.99459E-05 9.99459E-05 9.99459E-05
0.163357 0.139015 9.9955E-05 9.9955E-05 9.9955E-05 0.667784 9.9955E-05 0.0293447 9.9955E-05
0.106884 0.378668 9.9973E-05 0.050094 0.0680755 0.339566 9.9973E-05 9.9973E-05 0.056412
0.507314 9.9973E-05 0.0387052 9.9973E-05 0.0484193 0.186075 0.168948 9.9973E-05 0.0502396
0.233979 0.0131054 9.9973E-05 9.9973E-05 0.0971416 0.201204 0.323265 9.9973E-05 0.131004
9.9964E-05 0.22791 0.252099 9.9964E-05 0.00910721 0.145814 0.36467 9.9964E-05 9.9964E-05
0.0575506 0.40945 0.17535 9.99639E-05 9.99639E-05 0.255636 0.101614 9.99639E-05 9.99639E-05
9.9964E-05 0.38959 0.0226484 9.9964E-05 0.0843513 0.356845 0.146166 9.9964E-05 9.9964E-05
9.99549E-05 9.99549E-05 9.99549E-05 0.7713 0.108171 0.0564177 9.99549E-05 9.99549E-05 0.0636114
9.99459E-05 9.99459E-05 0.0689185 0.887464 9.99459E-05 9.99459E-05 0.0430176 9.99459E-05 9.99459E-05
0.0546802 0.221825 0.0643149 0.199148 9.9964E-05 0.459631 9.9964E-05 9.9964E-05 9.9964E-05
9.9964E-05 0.0362138 9.9964E-05 0.50851 9.9964E-05 9.9964E-05 0.142541 0.285729 0.0266059
0.0184121 0.111266 9.9964E-05 0.511772 9.9964E-05 0.317899 9.9964E-05 0.0402516 9.9964E-05
9.9964E-05 9.9964E-05 9.9964E-05 0.422916 0.187427 0.116387 0.175478 9.9964E-05 0.097392
9.9955E-05 0.181648 9.9955E-05 0.227011 9.9955E-05 0.579403 0.0114379 9.9955E-05 9.9955E-05
9.9937E-05 9.9937E-05 9.9937E-05 9.9937E-05 0.952245 9.9937E-05 0.0470556 9.9937E-05 9.9937E-05
0.0805254 0.221733 9.9955E-05 9.9955E-05 0.590053 9.9955E-05 9.9955E-05 0.107188 9.9955E-05
9.99639E-05 0.369819 9.99639E-05 9.99639E-05 0.357662 0.0196445 0.0969631 9.99639E-05 0.155512
0.201958 0.143957 9.9964E-05 9.9964E-05 0.488936 9.9964E-05 9.9964E-05 0.13676 0.0279896
9.9946E-05 0.143239 9.9946E-05 9.9946E-05 0.765284 0.0908773 9.9946E-05 9.9946E-05 9.9946E-05
9.9973E-05 0.171811 9.9973E-05 0.0351125 0.58579 0.176138 0.00130903 0.0295388 9.9973E-05
9.9955E-05 9.9955E-05 0.0543493 9.9955E-05 9.9955E-05 0.615646 0.27748 0.0520253 9.9955E-05
9.99549E-05 9.99549E-05 0.0935539 9.99549E-05 9.99549E-05 0.238052 0.654366 0.0135288 9.99549E-05
9.9946E-05 9.9946E-05 0.010331 9.9946E-05 9.9946E-05 0.1674 0.821669 9.9946E-05 9.9946E-05
0.0342011 9.9964E-05 9.9964E-05 0.0251771 0.117221 0.10705 0.715951 9.9964E-05 9.9964E-05
9.99459E-05 9.99459E-05 9.99459E-05 9.99459E-05 9.99459E-05 0.392003 0.552342 9.99459E-05 0.0550556
0.152566 9.9964E-05 0.119575 0.112031 0.237595 0.377833 9.9964E-05 9.9964E-05 9.9964E-05
9.9955E-05 9.9955E-05 9.9955E-05 0.0553423 9.9955E-05 0.696164 0.201741 0.0462529 9.9955E-05
0.0205874 9.9973E-05 0.000406228 0.0979722 0.391372 0.487401 9.9973E-05 9.9973E-05 0.00196176
0.0651656 9.9964E-05 0.0501488 0.123591 0.244149 0.516546 9.9964E-05 9.9964E-05 9.9964E-05
9.99549E-05 0.183648 9.99549E-05 9.99549E-05 0.165825 0.610092 9.99549E-05 9.99549E-05 0.0399354
9.9955E-05 9.9955E-05 0.219658 0.359235 9.9955E-05 9.9955E-05 9.9955E-05 0.299896 0.120712
0.0435637 9.9964E-05 0.145673 0.147465 9.9964E-05 9.9964E-05 9.9964E-05 0.0838791 0.579019
0.0131773 9.9955E-05 9.9955E-05 0.0107277 9.9955E-05 9.9955E-05 9.9955E-05 0.672767 0.302828
9.9955E-05 9.9955E-05 0.175208 9.9955E-05 0.0864287 0.0790464 9.9955E-05 0.658817 9.9955E-05
9.9946E-05 9.9946E-05 0.250629 9.9946E-05 9.9946E-05 9.9946E-05 9.9946E-05 0.683602 0.0651688
9.9946E-05 9.9946E-05 0.177047 9.9946E-05 9.9946E-05 0.0935098 9.9946E-05 0.728844 9.9946E-05
9.99459E-05 9.99459E-05 0.820645 0.0581327 9.99459E-05 9.99459E-05 0.120623 9.99459E-05 9.99459E-05
9.9955E-05 0.0973168 0.699455 9.9955E-05 9.9955E-05 0.0706113 9.9955E-05 0.132117 9.9955E-05
9.9964E-05 0.04804 0.518484 0.00829475 9.9964E-05 9.9964E-05 9.9964E-05 0.19894 0.225842
9.99549E-05 9.99549E-05 0.353755 0.0260065 9.99549E-05 9.99549E-05 9.99549E-05 0.146432 0.473307
9.9964E-05 0.000253361 0.363845 0.166489 9.9964E-05 9.9964E-05 9.9964E-05 0.0892194 0.379794
9.99461E-05 9.99461E-05 9.99461E-05 0.177069 9.99461E-05 9.99461E-05 9.99461E-05 0.1061 0.716231
9.9955E-05 9.9955E-05 0.515588 0.18876 9.9955E-05 9.9955E-05 9.9955E-05 0.0867628 0.208389
9.9964E-05 9.9964E-05 0.423416 0.0558365 9.9964E-05 0.005461 9.9964E-05 0.20816 0.306726
9.9964E-05 0.0510246 0.629759 0.135969 9.9964E-05 9.9964E-05 9.9964E-05 0.0605706 0.122277
9.9955E-05 9.9955E-05 0.192251 0.178688 9.9955E-05 9.9955E-05 9.9955E-05 0.326248 0.302313
9.9946E-05 9.9946E-05 0.772249 0.0682481 9.9946E-05 9.9946E-05 9.9946E-05 0.158903 9.9946E-05
9.9955E-05 9.9955E-05 0.0897448 9.9955E-05 9.9955E-05 0.14606 9.9955E-05 0.600366 0.163329
9.9955E-05 9.9955E-05 9.9955E-05 0.0725292 9.9955E-05 0.0763173 9.9955E-05 0.228771 0.621883
9.9946E-05 9.9946E-05 9.9946E-05 0.00582427 9.9946E-05 9.9946E-05 0.0678467 0.925729 9.9946E-05
9.9955E-05 0.0778653 0.184148 9.9955E-05 9.9955E-05 9.9955E-05 9.9955E-05 0.627781 0.109706
9.9946E-05 0.00504872 9.9946E-05 9.9946E-05 9.9946E-05 9.9946E-05 9.9946E-05 0.70693 0.287422
9.9955E-05 9.9955E-05 0.134702 0.0630277 9.9955E-05 9.9955E-05 9.9955E-05 0.572903 0.228867
9.9946E-05 9.9946E-05 0.652186 9.9946E-05 9.9946E-05 0.0820896 9.9946E-05 0.265125 9.9946E-05
9.9955E-05 9.9955E-05 9.9955E-05 9.9955E-05 0.109967 9.9955E-05 0.0320688 0.821249 0.0362152
0.621453 0.195846 9.99641E-05 9.99641E-05 9.99641E-05 0.167343 9.99641E-05 0.00364929 0.011309
0.622685 9.99461E-05 0.111301 9.99461E-05 0.265414 9.99461E-05 9.99461E-05 9.99461E-05 9.99461E-05
0.726264 9.9955E-05 0.112274 9.9955E-05 0.152089 9.9955E-05 9.9955E-05 0.00887229 9.9955E-05
0.56005 0.297446 9.9964E-05 9.9964E-05 9.9964E-05 0.00522338 0.0481961 9.9964E-05 0.0886849
0.484672 0.0827581 9.9973E-05 9.9973E-05 0.0185625 0.0941138 0.263718 9.9973E-05 0.055876
0.0382652 9.99371E-05 9.99371E-05 9.99371E-05 9.99371E-05 9.99371E-05 0.961035 9.99371E-05 9.99371E-05
0.147722 0.397078 0.0826088 0.000601848 0.0905826 9.99731E-05 0.281106 9.99731E-05 9.99731E-05
0.0522457 0.377638 0.0501487 0.0992302 0.138585 9.9973E-05 0.281853 9.9973E-05 9.9973E-05
0.14375 0.645853 9.9955E-05 9.9955E-05 0.0914143 9.9955E-05 0.118483 9.9955E-05 9.9955E-05
0.306757 0.325343 9.99549E-05 0.0338305 9.99549E-05 9.99549E-05 0.333569 9.99549E-05 9.99549E-05
9.99371E-05 0.978332 0.0209685 9.99371E-05 9.99371E-05 9.99371E-05 9.99371E-05 9.99371E-05 9.99371E-05
9.9937E-05 0.886767 9.9937E-05 9.9937E-05 0.112533 9.9937E-05 9.9937E-05 9.9937E-05 9.9937E-05
0.0745534 0.701309 9.9973E-05 0.11039 9.9973E-05 0.0565248 0.0326441 9.9973E-05 0.0242782
9.9973E-05 0.747374 0.0125905 0.0681168 9.9973E-05 0.051271 0.0945582 0.0257893 9.9973E-05
9.99459E-05 0.510939 0.0260815 9.99459E-05 9.99459E-05 9.99459E-05 0.46238 9.99459E-05 9.99459E-05
9.99645E-05 0.661571 9.99645E-05 0.0568252 0.0511055 0.0672747 0.162823 9.99645E-05 9.99645E-05
0.0402422 0.829637 9.9955E-05 9.9955E-05 0.102482 9.9955E-05 9.9955E-05 9.9955E-05 0.0271385
0.0370439 0.843569 9.9955E-05 0.0959564 9.9955E-05 0.022931 9.9955E-05 9.9955E-05 9.9955E-05
0.119653 0.512702 0.0233782 0.146949 0.196919 9.9964E-05 9.9964E-05 9.9964E-05 9.9964E-05
0.54138 0.0179354 9.9973E-05 9.9973E-05 0.130278 0.0919915 0.190762 9.9973E-05 0.0273529
0.704264 0.080921 9.9955E-05 9.9955E-05 0.179556 9.9955E-05 0.0347591 9.9955E-05 9.9955E-05
0.724592 9.9955E-05 9.9955E-05 0.157746 9.9955E-05 0.00468331 0.112479 9.9955E-05 9.9955E-05
0.72509 9.9946E-05 9.9946E-05 9.9946E-05 0.265642 0.00866804 9.9946E-05 9.9946E-05 9.9946E-05
0.536667 0.254034 9.9955E-05 9.9955E-05 9.9955E-05 9.9955E-05 0.191928 0.0168704 9.9955E-05
0.593917 0.217983 9.9955E-05 9.9955E-05 9.9955E-05 0.168072 9.9955E-05 9.9955E-05 0.0195285
0.617029 0.0311322 9.9964E-05 0.0540158 9.9964E-05 0.270646 9.9964E-05 9.9964E-05 0.026777
0.672386 0.213614 9.9955E-05 9.9955E-05 9.9955E-05 0.073149 9.9955E-05 9.9955E-05 0.040351
0.607571 0.264988 9.9973E-05 0.0490875 9.9973E-05 0.000287797 9.9973E-05 0.00990524 0.0678606
0.538362 0.417352 9.99549E-05 9.99549E-05 9.99549E-05 0.041671 9.99549E-05 0.00211496 9.99549E-05
0.608457 0.27955 9.9964E-05 0.0342434 9.9964E-05 0.0680137 9.9964E-05 9.9964E-05 0.00933586
0.703061 0.213426 9.9955E-05 0.0717761 9.9955E-05 0.0112373 9.9955E-05 9.9955E-05 9.9955E-05
0.461819 0.13141 9.9973E-05 0.000621827 0.265365 0.0459716 0.0945123 9.9973E-05 9.9973E-05
0.580948 0.16743 9.9964E-05 9.9964E-05 9.9964E-05 0.134223 0.0684497 0.0485491 9.9964E-05
0.525342 0.221369 0.00046998 0.101725 9.9973E-05 0.0779207 0.0728731 9.9973E-05 9.9973E-05
0.514546 0.34546 9.9973E-05 0.0198787 9.9973E-05 0.0558619 0.0603617 0.00359214 9.9973E-05
0.629602 0.21604 9.9964E-05 9.9964E-05 0.141652 9.9964E-05 9.9964E-05 0.00934357 0.00296234
0.730299 0.143553 9.9964E-05 9.9964E-05 9.9964E-05 0.0975389 9.9964E-05 0.00579689 0.0224117
0.495561 0.367312 9.99549E-05 9.99549E-05 0.0346768 9.99549E-05 0.101951 9.99549E-05 9.99549E-05
0.667475 9.9946E-05 0.0452266 0.286698 9.9946E-05 9.9946E-05 9.9946E-05 9.9946E-05 9.9946E-05
0.601937 0.109967 0.00614731 0.0873238 0.118383 9.9973E-05 0.0759418 9.9973E-05 9.9973E-05
0.712093 0.110493 0.084182 0.0927314 9.99551E-05 9.99551E-05 9.99551E-05 9.99551E-05 9.99551E-05
0.656497 0.323057 9.9946E-05 9.9946E-05 0.0198465 9.9946E-05 9.9946E-05 9.9946E-05 9.9946E-05
0.523818 0.327169 9.996E-05 0.0430497 9.996E-05 0.0138546 9.996E-05 9.996E-05 0.0917087
0.527522 0.278189 9.99549E-05 0.170688 9.99549E-05 9.99549E-05 9.99549E-05 0.0231017 9.99549E-05
0.637111 0.323387 9.9946E-05 9.9946E-05 9.9946E-05 0.0389028 9.9946E-05 9.9946E-05 9.9946E-05
0.447595 0.0726551 9.9964E-05 0.216065 9.9964E-05 9.9964E-05 9.9964E-05 0.202076 0.0612089
0.45252 0.163291 0.0142991 9.9964E-05 9.9964E-05 0.0277426 9.9964E-05 0.341748 9.9964E-05
0.713137 0.155547 9.9955E-05 9.9955E-05 9.9955E-05 0.0315364 0.0992793 9.9955E-05 9.9955E-05
0.679485 9.9955E-05 9.9955E-05 0.0743555 0.101185 9.9955E-05 0.144474 9.9955E-05 9.9955E-05
0.57924 0.103812 0.0554981 0.15384 0.10721 9.9964E-05 9.9964E-05 9.9964E-05 9.9964E-05
0.653053 9.9955E-05 9.9955E-05 0.127869 0.198454 9.9955E-05 0.0201238 9.9955E-05 9.9955E-05
0.568904 9.9955E-05 9.9955E-05 0.0457862 0.232028 9.9955E-05 0.152781 9.9955E-05 9.9955E-05
0.756791 0.115234 9.99549E-05 9.99549E-05 9.99549E-05 9.99549E-05 0.0723094 9.99549E-05 0.0551662
0.594927 9.9964E-05 0.0189876 0.0648025 0.310302 9.9964E-05 0.0105808 9.9964E-05 9.9964E-05
0.637351 0.193095 9.9946E-05 9.9946E-05 0.168954 9.9946E-05 9.9946E-05 9.9946E-05 9.9946E-05
0.581538 0.12912 9.9964E-05 0.132072 0.0249999 9.9964E-05 0.13187 9.9964E-05 9.9964E-05
0.885535 9.99371E-05 0.113766 9.99371E-05 9.99371E-05 9.99371E-05 9.99371E-05 9.99371E-05 9.99371E-05
0.124329 9.99461E-05 0.662298 9.99461E-05 9.99461E-05 9.99461E-05 9.99461E-05 0.212773 9.99461E-05
9.9946E-05 0.00520052 0.375916 9.9946E-05 9.9946E-05 9.9946E-05 9.9946E-05 0.618283 9.9946E-05
9.9955E-05 9.9955E-05 0.441889 9.9955E-05 0.069288 9.9955E-05 0.00231058 0.486012 9.9955E-05
9.9982E-05 9.9982E-05 0.0598941 0.033781 0.0111059 0.00683529 0.0943967 0.772063 0.0217241
9.9964E-05 0.0934797 9.9964E-05 0.0310434 9.9964E-05 9.9964E-05 0.0215524 0.798466 0.0550588
0.00458805 9.9955E-05 0.000798335 9.9955E-05 9.9955E-05 9.9955E-05 9.9955E-05 0.912922 0.0811918
9.9964E-05 0.0231943 0.480665 9.9964E-05 0.00430758 9.9964E-05 9.9964E-05 0.247196 0.244237
9.9955E-05 0.0306495 0.667845 9.9955E-05 9.9955E-05 9.9955E-05 9.9955E-05 0.174011 0.126995
9.99372E-05 9.99372E-05 0.872831 9.99372E-05 9.99372E-05 9.99372E-05 0.12647 9.99372E-05 9.99372E-05
0.0692393 9.9955E-05 0.145002 9.9955E-05 9.9955E-05 9.9955E-05 9.9955E-05 0.627491 0.157768
9.99461E-05 9.99461E-05 9.99461E-05 9.99461E-05 9.99461E-05 0.00871313 9.99461E-05 0.24018 0.750507
9.99461E-05 9.99461E-05 9.99461E-05 0.0371736 9.99461E-05 9.99461E-05 9.99461E-05 0.657539 0.304688
9.9946E-05 0.0538068 9.9946E-05 9.9946E-05 9.9946E-05 9.9946E-05 9.9946E-05 0.328822 0.616771
