9.9991E-05 0.464562 0.384992 0.150346
9.9991E-05 0.114961 0.363543 0.521396
9.9991E-05 0.407277 0.447512 0.145111
9.999E-05 0.486739 0.387024 0.126137
0.0613658 0.25022 0.688314 9.9991E-05
9.9982E-05 0.58571 0.41409 9.9982E-05
0.446139 9.9982E-05 9.9982E-05 0.553661
0.521101 0.00390369 0.131855 0.343141
0.655189 9.9982E-05 9.9982E-05 0.344611
0.633215 9.9982E-05 9.9982E-05 0.366585
0.521667 9.9982E-05 9.9982E-05 0.478133
0.537531 9.99819E-05 9.99819E-05 0.462269
0.783504 9.9982E-05 9.9982E-05 0.216296
0.790929 9.9982E-05 9.9982E-05 0.208871
0.590752 9.9982E-05 9.9982E-05 0.409048
0.520733 9.9982E-05 9.9982E-05 0.479067
0.0264105 0.607562 0.247445 0.118582
0.0585559 0.447996 0.0947425 0.398706
0.0406558 0.814339 9.9991E-05 0.144905
0.0930984 0.741607 0.165075 0.000219484
0.0145263 0.545425 0.167678 0.27237
9.9982E-05 0.807132 9.9982E-05 0.192668
0.0520727 0.520022 0.179507 0.248399
0.0714949 0.595613 0.332792 9.9991E-05
0.0670277 0.806127 0.126745 9.9991E-05
9.9991E-05 0.825375 0.162288 0.0122373
0.155648 0.573264 0.270988 9.9991E-05
0.151474 0.463071 0.385355 9.9991E-05
0.0248665 0.152787 0.562667 0.25968
0.076606 0.207224 0.388428 0.327743
9.9991E-05 0.423075 0.0154602 0.561365
0.0490634 0.332373 0.375435 0.243128
9.9991E-05 0.500127 0.293465 0.206308
0.0236306 0.841747 0.0256072 0.109015
9.9982E-05 0.63022 9.9982E-05 0.369581
0.0443351 0.619804 0.175308 0.160553
0.261708 0.534534 9.9991E-05 0.203658
0.120774 0.732095 0.0656433 0.0814885
0.00230701 0.737104 9.9991E-05 0.260489
0.0663329 0.805004 0.0557891 0.0728742
9.9991E-05 0.405046 0.342207 0.252647
0.0859128 0.37182 0.50833 0.0339376
0.145049 0.43907 0.325642 0.0902393
0.161226 0.203461 0.558351 0.076962
9.9991E-05 0.624545 0.287706 0.087649
9.9991E-05 0.736663 0.146433 0.116805
0.0740222 0.54297 9.9991E-05 0.382908
9.9991E-05 0.222616 0.112341 0.664943
9.9991E-05 0.156564 0.0744783 0.768857
9.9991E-05 0.166722 0.2898 0.543378
0.00667636 0.517422 0.00387773 0.472023
0.0233362 0.573427 0.115531 0.287706
0.0815993 0.720317 9.9991E-05 0.197983
0.0186714 0.722352 0.0809514 0.178025
0.0271561 0.688959 0.060523 0.223362
0.0470368 0.832853 0.12001 9.9991E-05
0.533966 0.177768 9.9991E-05 0.288166
0.72892 0.11968 0.00655322 0.144847
0.914369 0.0472626 0.0382688 9.9991E-05
0.680851 0.0642427 9.9991E-05 0.254806
0.811539 9.9982E-05 9.9982E-05 0.188261
0.741789 0.082713 9.9991E-05 0.175398
0.214762 9.9982E-05 9.9982E-05 0.785038
0.456137 0.0683728 9.9991E-05 0.47539
0.608084 9.9982E-05 9.9982E-05 0.391716
0.772947 9.9982E-05 9.9982E-05 0.226853
0.606078 0.107697 9.9991E-05 0.286125
0.889115 0.107993 9.9991E-05 0.00279144
0.529369 0.00979764 9.9991E-05 0.460733
0.735335 0.0178762 0.0126532 0.234135
0.469563 0.0324651 0.0660981 0.431874
0.775221 0.0593513 9.9991E-05 0.165328
0.509129 9.9982E-05 9.9982E-05 0.490671
0.830971 0.0177681 0.0644645 0.0867959
0.784403 0.215397 9.9982E-05 9.9982E-05
0.79992 0.121449 9.9991E-05 0.0785313
0.775158 9.9991E-05 0.0305701 0.194172
0.976272 9.9982E-05 0.0235282 9.9982E-05
0.87201 9.9982E-05 9.9982E-05 0.12779
0.538092 9.9982E-05 9.9982E-05 0.461708
0.774686 0.141716 9.9991E-05 0.0834982
0.0924562 0.134262 0.773182 9.9991E-05
0.0487465 9.9991E-05 0.72071 0.230443
0.0526254 9.9991E-05 0.790943 0.156332
0.115199 0.0652581 0.801345 0.0181982
0.0166536 0.0683172 0.75426 0.160769
9.9982E-05 9.9982E-05 0.240763 0.759037
0.0637986 0.0660641 0.591337 0.2788
9.9991E-05 0.136221 0.51162 0.352059
0.0428272 0.0644834 0.793537 0.0991529
9.9982E-05 9.9982E-05 0.732294 0.267506
0.193129 0.0813132 0.725458 9.9991E-05
0.0679014 0.41324 0.518759 9.9991E-05
0.0326935 0.369773 0.596815 0.000718673
0.104206 0.310655 0.565112 0.0200266
0.00134276 0.184396 0.410651 0.40361
9.9991E-05 0.416583 0.469844 0.113473
0.106798 0.192462 0.70064 9.9991E-05
0.0962567 0.314622 0.589021 9.9991E-05
0.0447854 0.252041 0.639099 0.0640742
9.9991E-05 0.107477 0.683972 0.208451
9.9991E-05 0.0591326 0.884545 0.056222
9.9991E-05 0.0802572 0.840127 0.0795163
9.9982E-05 9.9982E-05 0.839864 0.159936
0.0519821 9.9991E-05 0.79773 0.150188
0.00875484 0.18969 0.801455 9.9991E-05
0.00765365 0.298741 0.693505 9.9991E-05
0.0770845 9.9982E-05 0.922716 9.9982E-05
0.0678444 0.0516159 0.88044 9.9991E-05
0.0341559 0.0649855 0.900759 9.9991E-05
0.0433169 0.116023 0.840561 9.9991E-05
0.0019199 9.9982E-05 0.99788 9.9982E-05
9.9991E-05 0.247699 0.635691 0.11651
0.0514082 0.0629608 0.770518 0.115113
9.9991E-05 0.12813 0.75206 0.11971
0.0425865 0.0977574 0.819836 0.0398203
0.0445344 0.00428992 0.923695 0.0274807
0.0453685 0.0302234 0.924308 9.9991E-05
0.0158882 0.0281252 0.889443 0.0665439
9.9982E-05 9.9982E-05 0.76242 0.23738
9.9982E-05 9.9982E-05 0.780045 0.219755
0.0125636 9.9991E-05 0.87053 0.116807
0.0348683 0.0129258 0.952106 9.9991E-05
0.107579 0.0762262 0.816095 9.9991E-05
0.0947541 0.0399887 0.865157 9.9991E-05
0.0405905 9.9991E-05 0.955703 0.00360642
0.32379 0.0547933 0.621316 9.9991E-05
0.389889 9.9982E-05 0.609911 9.9982E-05
9.9982E-05 9.9982E-05 0.877865 0.121935
9.9982E-05 9.9982E-05 0.766008 0.233792
9.9982E-05 9.9982E-05 0.775552 0.224248
9.9982E-05 9.9982E-05 0.808914 0.190886
9.9982E-05 9.9982E-05 0.677583 0.322217
0.0472511 9.9991E-05 0.936713 0.0159359
9.9982E-05 9.9982E-05 0.799144 0.200656
0.0216052 0.0370799 0.929159 0.0121557
9.9991E-05 0.0912562 0.743755 0.164889
9.9982E-05 9.9982E-05 0.832289 0.167511
0.391484 9.9991E-05 0.0172136 0.591203
0.674767 9.9982E-05 9.9982E-05 0.325033
0.58346 9.9982E-05 9.9982E-05 0.41634
0.743851 0.0328348 0.0507773 0.172537
0.798045 9.9991E-05 0.159831 0.0420243
0.922347 9.9982E-05 9.9982E-05 0.0774526
0.688401 9.9991E-05 0.0236105 0.287888
0.529224 9.9982E-05 9.9982E-05 0.470576
0.144584 9.9982E-05 9.9982E-05 0.855216
0.828461 9.9991E-05 0.0878052 0.0836334
0.95178 0.0480202 9.99821E-05 9.99821E-05
0.926783 0.0730169 9.9982E-05 9.9982E-05
0.929573 0.0478772 0.0224493 9.9991E-05
