0.0462147 0.17407 0.779715
9.999E-05 0.559154 0.440746
0.0416866 0.188699 0.769615
0.102629 0.146784 0.750587
0.0816498 9.9991E-05 0.91825
0.0904544 9.9991E-05 0.909446
0.43499 0.56491 9.9991E-05
0.52024 0.350929 0.128831
0.607528 0.392372 9.9991E-05
0.630316 0.369584 9.9991E-05
0.505961 0.49394 9.9991E-05
0.518677 0.481223 9.9991E-05
0.782667 0.217233 9.9991E-05
0.80418 0.19572 9.9991E-05
0.569881 0.430019 9.9991E-05
0.497629 0.502271 9.9991E-05
0.157193 0.134493 0.708314
0.142136 0.402904 0.45496
0.252766 0.18435 0.562884
0.284531 0.018289 0.69718
0.121774 0.257348 0.620878
0.229865 0.18147 0.588665
0.125863 0.293591 0.580545
0.1993 0.0267349 0.773965
0.231615 0.0504757 0.717909
0.146181 0.0277496 0.826069
0.261859 9.9991E-05 0.738041
0.224722 9.9991E-05 0.775178
0.0485673 0.227046 0.724386
0.0796552 0.313827 0.606518
0.0253666 0.626465 0.348168
0.114292 0.250401 0.635308
0.0394125 0.185854 0.774733
0.244347 0.130954 0.624699
0.105888 0.52919 0.364922
0.189629 0.14953 0.660841
0.412448 0.271482 0.31607
0.261644 0.135144 0.603212
0.157018 0.314004 0.528978
0.22734 0.113567 0.659093
9.9991E-05 0.292039 0.707861
0.134628 0.080196 0.785176
0.210043 0.110402 0.679555
0.204931 0.0936121 0.701457
0.0926547 0.129315 0.77803
0.112064 0.136054 0.751882
0.259597 0.428949 0.311454
0.00401212 0.675066 0.320921
9.9991E-05 0.778506 0.221394
9.9991E-05 0.544614 0.455286
0.0873574 0.512183 0.400459
0.150572 0.295659 0.55377
0.211428 0.279205 0.509367
0.185512 0.177174 0.637314
0.183429 0.270095 0.546476
0.264634 9.9991E-05 0.735266
0.58754 0.284379 0.128081
0.776928 0.0981515 0.12492
0.944057 9.9991E-05 0.0558432
0.747393 0.24759 0.00501701
0.830597 0.169303 9.9991E-05
0.743503 0.202792 0.0537056
0.160196 0.839704 9.9991E-05
0.46295 0.525779 0.0112707
0.615874 0.384026 9.9991E-05
0.741623 0.258277 9.9991E-05
0.657539 0.279567 0.0628934
0.982378 0.0175219 9.9991E-05
0.536692 0.463208 9.9991E-05
0.725385 0.274515 9.9991E-05
0.455413 0.514644 0.0299425
0.710598 0.210495 0.078907
0.481693 0.518207 9.9991E-05
0.829527 0.0811879 0.089285
0.888594 9.9991E-05 0.111306
0.85431 0.101454 0.0442365
0.783955 0.20697 0.00907534
0.9998 9.999E-05 9.999E-05
0.883494 0.116406 9.9991E-05
0.491734 0.508166 9.9991E-05
0.791221 0.110464 0.0983152
0.0750468 9.9991E-05 0.924853
9.9991E-05 0.242375 0.757525
0.0379917 0.170934 0.791074
0.0994471 0.00776412 0.892789
9.9991E-05 0.17754 0.82236
9.9991E-05 0.756186 0.243714
0.0360174 0.326201 0.637782
0.0254008 0.282534 0.692065
0.0539049 0.0956217 0.850473
9.9991E-05 0.231328 0.768572
0.159087 9.9991E-05 0.840813
0.162902 9.9991E-05 0.836998
0.103574 9.9991E-05 0.896326
0.121971 0.0508864 0.827143
9.9991E-05 0.43441 0.56549
0.075871 0.145901 0.778228
0.149651 9.9991E-05 0.850249
0.132054 9.9991E-05 0.867846
0.0700851 0.0620048 0.86791
9.9991E-05 0.197552 0.802348
9.9991E-05 0.0578334 0.942067
9.9991E-05 0.106066 0.893834
9.9991E-05 0.146887 0.853013
0.0234671 0.154463 0.82207
0.0237961 9.9991E-05 0.976104
0.0688887 9.9991E-05 0.931011
0.0418593 9.9991E-05 0.958041
0.0474557 9.9991E-05 0.952444
0.0162804 9.9991E-05 0.98362
0.0405779 9.9991E-05 0.959322
9.999E-05 9.999E-05 0.9998
9.9991E-05 0.108711 0.891189
0.0675152 0.0681403 0.864344
9.9991E-05 0.150333 0.849567
0.0320991 0.0487668 0.919134
9.9991E-05 0.00214212 0.997758
0.00297776 0.00031089 0.996711
9.9991E-05 0.0689058 0.930994
9.9991E-05 0.266772 0.733128
9.9991E-05 0.220653 0.779247
9.9991E-05 0.144201 0.855699
9.999E-05 9.999E-05 0.9998
0.116683 9.9991E-05 0.883217
0.0669244 9.9991E-05 0.932976
0.0390664 0.0139515 0.946982
0.312588 9.9991E-05 0.687312
0.383221 9.9991E-05 0.616679
9.9991E-05 0.12461 0.87529
9.9991E-05 0.231752 0.768148
9.9991E-05 0.228743 0.771157
9.9991E-05 0.14952 0.85038
9.9991E-05 0.320311 0.679589
0.00261877 0.00289378 0.994487
9.9991E-05 0.165119 0.834781
9.9991E-05 0.0367644 0.963136
9.9991E-05 0.138787 0.861113
9.9991E-05 0.171172 0.828728
0.371982 0.627918 9.9991E-05
0.674135 0.325765 9.9991E-05
0.574483 0.425417 9.9991E-05
0.766958 0.10494 0.128101
0.826386 0.0240293 0.149585
0.990852 0.0025231 0.00662487
0.666154 0.320889 0.0129567
0.510004 0.489896 9.9991E-05
0.0799389 0.919961 9.9991E-05
0.848953 0.073832 0.077215
0.9998 9.999E-05 9.999E-05
0.9998 9.999E-05 9.999E-05
0.94364 9.9991E-05 0.0562597
