0.166761 9.9982E-05 0.0118205 0.0211684 0.0173623 0.543753 9.9982E-05 0.238935
0.301198 9.9973E-05 0.220309 9.9973E-05 0.233471 0.216344 9.9973E-05 0.0283774
0.0115941 0.0567162 0.0712175 9.9982E-05 0.11293 0.352652 9.9982E-05 0.394691
0.0106345 9.9973E-05 9.9973E-05 9.9973E-05 0.158538 0.475168 0.0622131 0.293146
9.9955E-05 9.9955E-05 9.9955E-05 9.9955E-05 9.9955E-05 0.280145 0.0229081 0.696447
0.0148619 0.0480973 9.9982E-05 9.9982E-05 0.0205427 0.579992 0.022956 0.313351
0.00810691 9.9964E-05 0.251673 0.635867 0.103953 9.9964E-05 9.9964E-05 9.9964E-05
0.0167985 0.217285 0.109029 0.571993 9.9973E-05 9.9973E-05 9.9973E-05 0.0845941
9.9955E-05 9.9955E-05 9.9955E-05 0.888506 0.107394 9.9955E-05 9.9955E-05 0.00359974
9.9964E-05 0.0243962 0.0225764 0.866346 0.086282 9.9964E-05 9.9964E-05 9.9964E-05
0.0753277 9.9964E-05 0.199915 0.708986 0.0153715 9.9964E-05 9.9964E-05 9.9964E-05
9.99549E-05 9.99549E-05 0.591 0.347603 9.99549E-05 9.99549E-05 9.99549E-05 0.0608967
9.9964E-05 9.9964E-05 0.0735668 0.735391 9.9964E-05 9.9964E-05 0.155485 0.0351574
9.9955E-05 0.0727309 9.9955E-05 0.872772 9.9955E-05 9.9955E-05 0.0539975 9.9955E-05
0.0172905 9.9964E-05 0.0497052 0.839262 0.0933419 9.9964E-05 9.9964E-05 9.9964E-05
0.105959 9.99551E-05 0.305268 0.588273 9.99551E-05 9.99551E-05 9.99551E-05 9.99551E-05
0.130727 0.604005 0.000185409 9.9964E-05 9.9964E-05 9.9964E-05 9.9964E-05 0.264682
0.0462287 0.581864 0.0406945 9.9964E-05 0.330813 9.9964E-05 9.9964E-05 9.9964E-05
0.0109493 0.51739 0.083051 9.9982E-05 9.9982E-05 0.308804 0.000222393 0.0793835
9.9964E-05 0.624534 9.9964E-05 9.9964E-05 9.9964E-05 0.089778 0.0270267 0.258261
9.99639E-05 0.518665 9.99639E-05 0.00468202 0.2871 9.99639E-05 9.99639E-05 0.189153
9.9955E-05 0.724283 9.9955E-05 9.9955E-05 0.165463 0.109755 9.9955E-05 9.9955E-05
0.100266 0.0651916 0.259396 9.9973E-05 9.9973E-05 0.458668 9.9973E-05 0.116178
0.206355 0.0267032 0.0499183 9.9982E-05 9.9982E-05 0.55451 0.0395074 0.122806
9.99641E-05 0.173131 9.99641E-05 0.0857802 9.99641E-05 0.666636 9.99641E-05 0.0740532
0.123186 0.297109 9.9964E-05 9.9964E-05 9.9964E-05 0.513532 9.9964E-05 0.0657727
9.9964E-05 0.614628 0.00654842 9.9964E-05 9.9964E-05 9.9964E-05 0.0648706 0.313553
9.9973E-05 0.293987 9.9973E-05 0.0248187 9.9973E-05 0.216904 0.0515218 0.412469
0.24216 0.239146 9.9973E-05 0.0443682 0.203005 9.9973E-05 9.9973E-05 0.271022
0.0567079 0.212005 9.9973E-05 0.139668 0.325757 9.9973E-05 9.9973E-05 0.265563
9.9964E-05 0.0780663 0.282959 9.9964E-05 0.400356 0.238218 9.9964E-05 9.9964E-05
9.9973E-05 0.247453 0.189298 9.9973E-05 0.0969365 0.0465395 9.9973E-05 0.419474
9.9964E-05 0.314259 9.9964E-05 9.9964E-05 0.120554 0.258599 9.9964E-05 0.306188
0.0108964 0.0555298 0.011091 0.0928865 9.9973E-05 0.829296 9.9973E-05 9.9973E-05
0.00673827 9.9964E-05 0.319982 9.9964E-05 0.00138957 0.67149 9.9964E-05 9.9964E-05
9.9964E-05 0.433343 0.130308 9.9964E-05 9.9964E-05 0.210212 9.9964E-05 0.225738
9.9973E-05 0.0872481 0.28708 9.9973E-05 0.0541236 0.387437 0.183811 9.9973E-05
9.9973E-05 0.405004 0.120728 9.9973E-05 9.9973E-05 0.375475 0.0047446 0.0937487
0.061074 0.207198 9.9982E-05 0.0870188 0.148829 0.488174 0.00750688 9.9982E-05
9.9964E-05 0.493308 9.9964E-05 9.9964E-05 0.029202 0.344174 9.9964E-05 0.132917
0.388675 9.9955E-05 9.9955E-05 9.9955E-05 0.129141 0.481684 9.9955E-05 9.9955E-05
0.159194 9.9973E-05 9.9973E-05 9.9973E-05 0.0843698 0.341806 0.12932 0.285011
9.99639E-05 9.99639E-05 9.99639E-05 9.99639E-05 0.196542 0.482471 0.135248 0.18534
0.499177 9.9973E-05 9.9973E-05 0.037252 9.9973E-05 0.229551 0.140954 0.0927669
0.146361 0.0541851 9.9982E-05 0.041217 0.0185253 0.570731 9.9982E-05 0.168781
9.9964E-05 0.0244719 9.9964E-05 9.9964E-05 0.1854 0.731935 0.0577931 9.9964E-05
9.9955E-05 0.688693 0.071452 9.9955E-05 0.239355 9.9955E-05 9.9955E-05 9.9955E-05
0.0332126 0.308637 0.143487 9.99639E-05 0.514263 9.99639E-05 9.99639E-05 9.99639E-05
9.9955E-05 0.148743 0.0507936 9.9955E-05 0.799963 9.9955E-05 9.9955E-05 9.9955E-05
0.0961265 0.189387 9.9955E-05 9.9955E-05 0.713987 9.9955E-05 9.9955E-05 9.9955E-05
9.99549E-05 0.472213 9.99549E-05 9.99549E-05 0.512772 9.99549E-05 0.0145153 9.99549E-05
0.418405 0.507765 9.9955E-05 0.0733303 9.9955E-05 9.9955E-05 9.9955E-05 9.9955E-05
0.0469328 0.66395 9.9973E-05 9.9973E-05 0.191303 0.0360835 0.0614308 9.9973E-05
0.336712 0.582604 9.9955E-05 9.9955E-05 9.9955E-05 0.080184 9.9955E-05 9.9955E-05
0.341139 0.58279 9.99549E-05 9.99549E-05 9.99549E-05 0.075572 9.99549E-05 9.99549E-05
9.9964E-05 0.544671 9.9964E-05 9.9964E-05 9.9964E-05 0.2472 0.0125477 0.195181
0.0723371 9.9973E-05 0.126233 0.451688 9.9973E-05 0.191646 0.157796 9.9973E-05
9.9964E-05 9.9964E-05 9.9964E-05 0.702882 9.9964E-05 0.0963377 0.132874 0.0675064
0.0203541 9.9964E-05 9.9964E-05 0.0236893 9.9964E-05 0.0361087 0.919448 9.9964E-05
0.0886502 0.068667 0.18407 0.218243 9.9973E-05 9.9973E-05 0.44007 9.9973E-05
0.00152244 9.9964E-05 0.277389 0.131208 9.9964E-05 9.9964E-05 0.589481 9.9964E-05
9.9964E-05 0.132504 0.228524 9.9964E-05 0.0431238 9.9964E-05 0.595448 9.9964E-05
9.99459E-05 9.99459E-05 0.78518 9.99459E-05 0.214221 9.99459E-05 9.99459E-05 9.99459E-05
9.9964E-05 0.0827848 0.831098 9.9964E-05 9.9964E-05 9.9964E-05 0.0568051 0.0289122
9.9955E-05 9.9955E-05 0.395057 0.551299 9.9955E-05 9.9955E-05 9.9955E-05 0.053144
9.9964E-05 9.9964E-05 0.0392174 0.890056 9.9964E-05 0.00934079 0.0609858 9.9964E-05
9.9982E-05 0.0729937 0.251535 0.38161 9.9982E-05 0.0987886 0.155362 0.0395113
9.99551E-05 9.99551E-05 9.99551E-05 0.354763 9.99551E-05 0.128149 0.516589 9.99551E-05
9.9964E-05 9.9964E-05 0.541663 0.21809 9.9964E-05 0.107407 0.13244 9.9964E-05
9.9964E-05 0.0629247 0.36703 0.289954 9.9964E-05 9.9964E-05 0.279692 9.9964E-05
9.997E-05 9.997E-05 0.672899 0.176455 9.997E-05 0.0578561 0.0235651 0.0689242
9.9982E-05 0.0384877 0.291334 0.20482 9.9982E-05 0.0323562 0.396624 0.0361771
9.9964E-05 9.9964E-05 0.818311 0.0587423 9.9964E-05 9.9964E-05 0.0777069 0.0448397
9.9973E-05 0.138467 0.21055 0.0149684 9.9973E-05 9.9973E-05 0.628235 0.00748013
9.9973E-05 0.162907 0.0455598 0.142701 9.9973E-05 0.0115632 0.636969 9.9973E-05
9.9964E-05 0.0108828 0.117612 9.9964E-05 0.113877 9.9964E-05 0.757228 9.9964E-05
9.9955E-05 9.9955E-05 0.370998 9.9955E-05 9.9955E-05 9.9955E-05 0.587331 0.0411712
9.99461E-05 9.99461E-05 9.99461E-05 9.99461E-05 9.99461E-05 9.99461E-05 0.942127 0.0572737
0.0198483 9.9964E-05 0.0702275 0.3566 9.9964E-05 9.9964E-05 0.552924 9.9964E-05
9.9964E-05 0.0850898 0.619936 0.19515 9.9964E-05 9.9964E-05 0.0994242 9.9964E-05
9.9964E-05 9.9964E-05 0.0202342 0.178548 0.183624 9.9964E-05 0.617194 9.9964E-05
0.0801353 0.150447 9.99641E-05 9.99641E-05 9.99641E-05 9.99641E-05 0.000901095 0.768117
0.878665 0.0427945 9.9955E-05 9.9955E-05 9.9955E-05 9.9955E-05 0.0780406 9.9955E-05
0.761618 9.9955E-05 9.9955E-05 9.9955E-05 9.9955E-05 9.9955E-05 0.100557 0.137325
9.9964E-05 0.00722891 9.9964E-05 0.0662194 0.0954556 9.9964E-05 9.9964E-05 0.830696
9.9964E-05 0.00287742 9.9964E-05 0.0690195 0.327738 9.9964E-05 9.9964E-05 0.599965
0.0496659 9.99461E-05 9.99461E-05 9.99461E-05 0.949734 9.99461E-05 9.99461E-05 9.99461E-05
0.100133 9.9982E-05 0.00574062 9.9982E-05 0.337045 0.223738 0.0470276 0.286116
0.108085 9.9973E-05 9.9973E-05 0.0411335 0.354023 0.258787 9.9973E-05 0.237671
9.9964E-05 9.9964E-05 9.9964E-05 9.9964E-05 0.212481 0.120225 0.0325696 0.634324
0.0937599 9.9973E-05 0.00329608 9.9973E-05 0.340515 0.0315269 9.9973E-05 0.530602
9.9964E-05 9.9964E-05 9.9964E-05 9.9964E-05 0.0970831 0.184113 0.10059 0.617814
9.9964E-05 9.9964E-05 9.9964E-05 9.9964E-05 0.00921801 0.441121 0.0673217 0.48194
9.99639E-05 9.99639E-05 9.99639E-05 0.0414703 0.0140869 0.338781 9.99639E-05 0.605262
9.9964E-05 9.9964E-05 9.9964E-05 9.9964E-05 0.140496 0.23788 0.0724387 0.548786
9.99639E-05 9.99639E-05 9.99639E-05 9.99639E-05 0.558959 0.156823 0.0479976 0.23582
9.99639E-05 9.99639E-05 9.99639E-05 9.99639E-05 0.240645 0.347688 0.0140471 0.397219
9.9964E-05 9.9964E-05 9.9964E-05 9.9964E-05 0.0554045 0.26397 0.0878737 0.592352
9.9973E-05 9.9973E-05 0.00915629 9.9973E-05 0.0130254 0.275489 0.0660086 0.636021
0.10295 9.9973E-05 0.012046 0.0457353 9.9973E-05 0.330162 9.9973E-05 0.508806
0.296288 0.0921557 9.99639E-05 9.99639E-05 0.268979 9.99639E-05 9.99639E-05 0.342177
0.445719 0.0288684 9.9973E-05 9.9973E-05 0.0126953 0.0341079 9.9973E-05 0.47831
0.520032 0.0549022 9.9973E-05 9.9973E-05 0.0318448 0.0168993 9.9973E-05 0.376022
0.559056 0.0112467 9.9955E-05 9.9955E-05 9.9955E-05 9.9955E-05 9.9955E-05 0.429197
9.9955E-05 9.9955E-05 0.0268745 9.9955E-05 0.246963 9.9955E-05 9.9955E-05 0.725663
0.00491051 0.141225 9.9955E-05 9.9955E-05 9.9955E-05 9.9955E-05 9.9955E-05 0.853365
0.0667816 0.210772 9.9973E-05 9.9973E-05 0.00280082 0.0726354 9.9973E-05 0.64671
9.9964E-05 0.0624177 9.9964E-05 0.00897463 0.0230331 9.9964E-05 9.9964E-05 0.905175
9.9973E-05 9.9973E-05 0.0182401 0.0163239 0.070229 9.9973E-05 0.00886146 0.886046
0.0851255 9.9964E-05 0.0124931 9.9964E-05 9.9964E-05 0.108841 9.9964E-05 0.793141
0.0837309 9.9964E-05 9.9964E-05 9.9964E-05 9.9964E-05 0.115041 0.0156858 0.785143
0.16649 9.99461E-05 9.99461E-05 9.99461E-05 9.99461E-05 9.99461E-05 9.99461E-05 0.83291
0.221396 9.99639E-05 9.99639E-05 9.99639E-05 0.123843 0.231489 9.99639E-05 0.422872
0.358315 0.209144 9.9973E-05 9.9973E-05 0.0156929 9.9973E-05 0.00357193 0.412977
0.162599 9.9964E-05 9.9964E-05 9.9964E-05 0.107251 0.1236 9.9964E-05 0.60615
9.9973E-05 0.0301896 0.0176854 9.9973E-05 0.105328 0.0966807 9.9973E-05 0.749816
0.0742534 9.99551E-05 9.99551E-05 9.99551E-05 0.138997 9.99551E-05 9.99551E-05 0.78625
0.154989 0.0690951 9.9955E-05 9.9955E-05 9.9955E-05 9.9955E-05 9.9955E-05 0.775417
0.035896 9.99549E-05 9.99549E-05 9.99549E-05 0.197305 9.99549E-05 9.99549E-05 0.766299
0.686985 9.9955E-05 0.0698822 9.9955E-05 9.9955E-05 9.9955E-05 9.9955E-05 0.242633
0.583066 9.9973E-05 0.0440792 9.9973E-05 0.0214728 0.0109964 9.9973E-05 0.340085
0.407727 9.9955E-05 0.0591598 9.9955E-05 9.9955E-05 9.9955E-05 9.9955E-05 0.532614
0.116433 9.9955E-05 9.9955E-05 9.9955E-05 9.9955E-05 0.0326573 9.9955E-05 0.85041
0.0266446 0.0420566 0.0593677 9.9982E-05 9.9982E-05 0.0954634 0.0385868 0.737681
0.153287 9.9973E-05 0.0239046 9.9973E-05 9.9973E-05 0.109603 0.0266136 0.686291
0.138522 0.0165003 0.0490896 9.9964E-05 9.9964E-05 9.9964E-05 9.9964E-05 0.795488
0.0476703 0.0194623 9.9973E-05 0.237339 9.9973E-05 9.9973E-05 0.027882 0.667347
0.00334851 9.9973E-05 0.147168 0.00725018 9.9973E-05 9.9973E-05 0.210023 0.63191
0.19482 9.9964E-05 0.00598186 9.9964E-05 0.113204 9.9964E-05 9.9964E-05 0.685594
0.613262 9.9964E-05 9.9964E-05 0.00384579 0.113802 9.9964E-05 9.9964E-05 0.26869
0.432455 9.9964E-05 0.0870226 9.9964E-05 9.9964E-05 0.0171135 9.9964E-05 0.463009
0.505377 9.9955E-05 9.9955E-05 9.9955E-05 9.9955E-05 0.119897 9.9955E-05 0.374226
0.917563 0.00149899 9.9955E-05 9.9955E-05 0.0804387 9.9955E-05 9.9955E-05 9.9955E-05
0.147303 9.9964E-05 9.9964E-05 0.00461975 0.0766784 9.9964E-05 9.9964E-05 0.770999
0.587042 9.9964E-05 9.9964E-05 9.9964E-05 0.0365709 0.0286989 9.9964E-05 0.347288
0.328736 9.9955E-05 9.9955E-05 9.9955E-05 9.9955E-05 0.000782568 9.9955E-05 0.669982
0.329768 9.99639E-05 9.99639E-05 9.99639E-05 0.151429 0.0711425 9.99639E-05 0.44726
0.386086 9.9964E-05 0.0319041 9.9964E-05 0.0545338 9.9964E-05 9.9964E-05 0.527077
0.140473 9.9964E-05 0.682154 9.9964E-05 0.0506281 9.9964E-05 0.126345 9.9964E-05
0.0248545 9.9964E-05 0.420281 0.188257 9.9964E-05 9.9964E-05 0.366207 9.9964E-05
9.99639E-05 9.99639E-05 0.380548 0.217684 0.10271 9.99639E-05 0.298658 9.99639E-05
0.0072866 9.9982E-05 0.0792468 0.026371 0.182307 0.0161555 0.688433 9.9982E-05
9.9973E-05 9.9973E-05 0.049837 0.167732 0.0904374 9.9973E-05 0.633831 0.0578633
9.9964E-05 9.9964E-05 0.117454 0.0506949 0.0169836 9.9964E-05 0.814468 9.9964E-05
0.0385736 9.9973E-05 0.402686 0.231725 9.9973E-05 0.0016486 0.325066 9.9973E-05
9.9973E-05 9.9973E-05 0.638803 0.176901 0.0154151 9.9973E-05 0.153136 0.0154457
9.99462E-05 9.99462E-05 0.82238 9.99462E-05 0.17702 9.99462E-05 9.99462E-05 9.99462E-05
9.9973E-05 9.9973E-05 0.205036 0.105876 0.0105541 9.9973E-05 0.615352 0.0628819
9.99551E-05 0.0336832 9.99551E-05 0.0624056 9.99551E-05 9.99551E-05 0.903411 9.99551E-05
9.99461E-05 9.99461E-05 9.99461E-05 9.99461E-05 9.99461E-05 0.0312708 0.96813 9.99461E-05
9.9964E-05 0.0485795 9.9964E-05 0.0934502 9.9964E-05 9.9964E-05 0.846394 0.0111768
