9.99639E-05 0.0280885 9.99639E-05 0.234249 0.511048 0.220649 9.99639E-05 0.00556628 9.99639E-05
9.9973E-05 0.321131 9.9973E-05 0.157313 0.23416 0.111071 0.0911824 9.9973E-05 0.0848424
0.050876 0.152165 9.9964E-05 0.40183 0.292685 9.9964E-05 9.9964E-05 0.102045 9.9964E-05
0.0127896 0.107902 0.000567897 0.0939203 0.200493 0.123183 9.9982E-05 0.460944 9.9982E-05
0.0209977 9.9955E-05 9.9955E-05 0.674388 0.161148 9.9955E-05 9.9955E-05 0.142967 9.9955E-05
0.0602232 9.9964E-05 9.9964E-05 0.183071 0.294302 0.0700408 9.9964E-05 0.391964 9.9964E-05
0.0141758 0.027969 9.9955E-05 9.9955E-05 9.9955E-05 0.122421 9.9955E-05 9.9955E-05 0.834935
0.1912 9.9964E-05 9.9964E-05 0.0399716 9.9964E-05 0.034227 0.11189 9.9964E-05 0.622311
9.9955E-05 9.9955E-05 0.0595246 9.9955E-05 9.9955E-05 0.129577 9.9955E-05 0.00249577 0.807903
0.00782672 9.9946E-05 9.9946E-05 9.9946E-05 9.9946E-05 0.14407 9.9946E-05 9.9946E-05 0.847504
9.9982E-05 0.0470208 9.9982E-05 0.0218559 0.00022366 0.010806 0.0340945 0.00435008 0.881449
9.9955E-05 9.9955E-05 9.9955E-05 0.00745067 0.0559612 9.9955E-05 0.101623 9.9955E-05 0.834466
9.99461E-05 9.99461E-05 0.253462 9.99461E-05 9.99461E-05 0.00712904 9.99461E-05 9.99461E-05 0.73881
0.0690301 9.99461E-05 0.218798 9.99461E-05 9.99461E-05 9.99461E-05 9.99461E-05 9.99461E-05 0.711573
0.0230672 0.0156124 9.9955E-05 9.9955E-05 9.9955E-05 0.097536 9.9955E-05 9.9955E-05 0.863285
0.0153241 9.99461E-05 9.99461E-05 9.99461E-05 9.99461E-05 9.99461E-05 0.12082 9.99461E-05 0.863256
0.518518 9.9955E-05 9.9955E-05 0.334597 0.0360216 9.9955E-05 0.110364 9.9955E-05 9.9955E-05
0.676841 0.210137 9.9955E-05 0.0383773 9.9955E-05 9.9955E-05 0.0741451 9.9955E-05 9.9955E-05
0.344351 0.0158453 9.9973E-05 9.9973E-05 0.36376 9.9973E-05 0.0394664 0.18988 0.0463978
0.601362 9.9955E-05 9.9955E-05 0.0726284 0.0544822 9.9955E-05 9.9955E-05 0.271027 9.9955E-05
0.583776 0.0612085 9.99549E-05 9.99549E-05 9.99549E-05 0.288874 9.99549E-05 0.0656421 9.99549E-05
0.783384 9.9946E-05 9.9946E-05 9.9946E-05 9.9946E-05 0.0895743 9.9946E-05 0.126442 9.9946E-05
9.9964E-05 0.0224726 9.9964E-05 0.179119 0.557677 0.126819 9.9964E-05 9.9964E-05 0.113513
9.9946E-05 9.9946E-05 9.9946E-05 0.304031 0.621992 9.9946E-05 0.0733774 9.9946E-05 9.9946E-05
0.0187541 9.9964E-05 9.9964E-05 0.168842 0.763188 0.0435695 9.9964E-05 0.00524669 9.9964E-05
0.293711 9.9964E-05 9.9964E-05 9.9964E-05 0.279892 0.145861 0.0538164 0.22632 9.9964E-05
0.37952 9.9955E-05 0.068326 0.415952 0.135702 9.9955E-05 9.9955E-05 9.9955E-05 9.9955E-05
0.166598 9.9982E-05 0.0559218 0.363577 0.225677 0.0658313 9.9982E-05 0.121768 0.000427805
0.199927 0.0672383 9.9973E-05 0.109043 9.9973E-05 0.542752 0.0482754 9.9973E-05 0.0324636
0.235712 0.0578857 9.99551E-05 9.99551E-05 9.99551E-05 0.617329 9.99551E-05 9.99551E-05 0.0885731
0.304055 0.505761 9.9955E-05 9.9955E-05 9.9955E-05 9.9955E-05 9.9955E-05 0.181958 0.00772679
0.265037 0.196425 9.99639E-05 0.290685 9.99639E-05 9.99639E-05 9.99639E-05 0.202368 0.0450853
0.367718 0.107256 9.99549E-05 0.222141 9.99549E-05 9.99549E-05 9.99549E-05 0.302384 9.99549E-05
9.9955E-05 9.9955E-05 0.0155159 0.0425693 0.918214 0.0232009 9.9955E-05 9.9955E-05 9.9955E-05
9.99369E-05 0.233969 9.99369E-05 9.99369E-05 0.765331 9.99369E-05 9.99369E-05 9.99369E-05 9.99369E-05
0.366412 9.9964E-05 9.9964E-05 0.180318 0.271518 0.125334 9.9964E-05 0.0560184 9.9964E-05
9.99639E-05 0.215363 0.290462 0.020183 0.408977 9.99639E-05 9.99639E-05 0.0646143 9.99639E-05
0.192059 9.9955E-05 0.0961503 0.154068 0.557223 9.9955E-05 9.9955E-05 9.9955E-05 9.9955E-05
0.098541 0.0637173 0.0646006 9.9964E-05 0.523702 0.249039 9.9964E-05 9.9964E-05 9.9964E-05
0.438589 9.9964E-05 9.9964E-05 0.0503655 0.315153 0.0637498 9.9964E-05 0.131742 9.9964E-05
9.9964E-05 0.0625821 9.9964E-05 9.9964E-05 0.197477 0.149399 0.297059 0.293083 9.9964E-05
0.147493 9.9973E-05 0.0459595 9.9973E-05 0.0394359 0.117436 0.177158 0.472217 9.9973E-05
0.10654 0.0539581 0.122085 9.9973E-05 0.107646 0.118222 9.9973E-05 0.491249 9.9973E-05
9.9955E-05 9.9955E-05 0.0852721 9.9955E-05 0.105516 9.9955E-05 0.495035 0.313678 9.9955E-05
0.16795 9.9964E-05 9.9964E-05 9.9964E-05 0.132863 0.209189 0.0332862 0.456312 9.9964E-05
0.21236 0.0865391 9.9964E-05 9.9964E-05 0.22834 0.0127567 9.9964E-05 0.459604 9.9964E-05
0.799926 0.199374 9.9937E-05 9.9937E-05 9.9937E-05 9.9937E-05 9.9937E-05 9.9937E-05 9.9937E-05
0.416346 0.458843 9.99639E-05 0.00835193 9.99639E-05 9.99639E-05 0.103606 9.99639E-05 0.0124539
0.247114 0.707127 9.99459E-05 9.99459E-05 9.99459E-05 0.0451593 9.99459E-05 9.99459E-05 9.99459E-05
0.119843 0.376716 9.99459E-05 9.99459E-05 9.99459E-05 0.502841 9.99459E-05 9.99459E-05 9.99459E-05
0.593221 0.296499 9.99459E-05 9.99459E-05 9.99459E-05 0.10968 9.99459E-05 9.99459E-05 9.99459E-05
0.450313 9.9964E-05 9.9964E-05 9.9964E-05 0.132758 0.00901612 0.37327 9.9964E-05 0.0342425
0.592681 0.0256283 0.0313387 9.9964E-05 0.087724 0.262228 9.9964E-05 9.9964E-05 9.9964E-05
0.481264 9.9946E-05 9.9946E-05 9.9946E-05 0.192663 9.9946E-05 0.325474 9.9946E-05 9.9946E-05
0.48514 9.99459E-05 9.99459E-05 9.99459E-05 0.186942 9.99459E-05 0.327319 9.99459E-05 9.99459E-05
0.542746 9.9964E-05 0.00487142 0.136957 0.095085 9.9964E-05 9.9964E-05 0.219941 9.9964E-05
9.9955E-05 9.9955E-05 0.146227 9.9955E-05 0.291657 0.0716559 9.9955E-05 9.9955E-05 0.489961
9.9955E-05 9.9955E-05 0.357245 9.9955E-05 0.125062 0.119015 9.9955E-05 9.9955E-05 0.398178
9.9955E-05 9.9955E-05 0.900103 0.0131671 0.0079623 9.9955E-05 0.0782675 9.9955E-05 9.9955E-05
0.133803 9.9955E-05 0.397156 9.9955E-05 9.9955E-05 9.9955E-05 0.0720013 9.9955E-05 0.39654
9.9946E-05 9.9946E-05 0.493254 9.9946E-05 9.9946E-05 9.9946E-05 0.0677861 9.9946E-05 0.438361
0.12139 0.112996 0.646327 9.99639E-05 9.99639E-05 9.99639E-05 0.00664163 9.99639E-05 0.112246
9.99459E-05 0.467061 9.99459E-05 9.99459E-05 0.00474424 9.99459E-05 9.99459E-05 9.99459E-05 0.527595
0.0229494 0.151874 0.0283579 0.104958 0.0330419 9.9982E-05 9.9982E-05 0.0155519 0.643067
9.9946E-05 0.0237068 9.9946E-05 9.9946E-05 9.9946E-05 9.9946E-05 9.9946E-05 0.133119 0.842575
9.9946E-05 9.9946E-05 0.130841 9.9946E-05 9.9946E-05 0.0558132 9.9946E-05 9.9946E-05 0.812746
0.029427 9.9964E-05 0.100075 9.9964E-05 0.114493 9.9964E-05 9.9964E-05 0.0748297 0.680775
9.99462E-05 9.99462E-05 0.575195 9.99462E-05 0.158141 9.99462E-05 9.99462E-05 9.99462E-05 0.266065
9.9955E-05 0.211339 0.175805 9.9955E-05 0.15864 9.9955E-05 9.9955E-05 9.9955E-05 0.453716
0.0451293 9.9955E-05 0.214078 9.9955E-05 0.0692745 9.9955E-05 9.9955E-05 9.9955E-05 0.671019
9.9964E-05 0.153836 0.0325962 0.0511786 0.156678 9.9964E-05 9.9964E-05 9.9964E-05 0.605311
9.9964E-05 9.9964E-05 0.337254 0.00675714 0.114761 0.0485815 9.9964E-05 9.9964E-05 0.492247
9.9964E-05 0.0759976 9.9964E-05 0.0851727 0.0336736 9.9964E-05 0.034108 9.9964E-05 0.770648
0.182779 9.9964E-05 0.55674 0.00250322 9.9964E-05 9.9964E-05 9.9964E-05 0.0292235 0.228355
0.168566 9.9964E-05 0.582453 9.9964E-05 0.0349267 9.9964E-05 9.9964E-05 0.00372566 0.209928
0.0514061 0.085783 0.68979 9.9973E-05 9.9973E-05 0.00191713 9.9973E-05 0.041028 0.129776
9.9955E-05 0.0200251 0.470598 9.9955E-05 9.9955E-05 9.9955E-05 9.9955E-05 0.150236 0.358641
9.9946E-05 9.9946E-05 0.943379 0.0291578 9.9946E-05 9.9946E-05 9.9946E-05 0.0268632 9.9946E-05
9.9964E-05 9.9964E-05 0.566101 9.9964E-05 0.0289177 0.00198555 0.0274019 9.9964E-05 0.375194
0.0725781 0.122795 0.0675731 9.9964E-05 9.9964E-05 0.0281254 9.9964E-05 9.9964E-05 0.708528
9.9955E-05 0.0305371 0.707468 9.9955E-05 9.9955E-05 0.162873 9.9955E-05 9.9955E-05 0.0986225
0.0787096 9.99641E-05 0.0150225 0.745782 9.99641E-05 0.115881 0.0442052 9.99641E-05 9.99641E-05
0.0435382 9.9955E-05 0.0480402 9.9955E-05 9.9955E-05 0.0391713 0.868751 9.9955E-05 9.9955E-05
0.0371767 9.9955E-05 0.0558452 0.0465549 9.9955E-05 9.9955E-05 0.859923 9.9955E-05 9.9955E-05
9.9973E-05 0.0100926 0.0213001 0.691624 9.9973E-05 0.186861 9.9973E-05 0.063542 0.0262799
0.0209301 9.9964E-05 0.00266726 0.125681 9.9964E-05 0.811911 9.9964E-05 9.9964E-05 0.0384103
9.9937E-05 0.888636 9.9937E-05 9.9937E-05 9.9937E-05 0.110665 9.9937E-05 9.9937E-05 9.9937E-05
9.9964E-05 0.258178 9.9964E-05 9.9964E-05 9.9964E-05 0.0314235 0.135933 0.560112 0.0139535
9.9973E-05 0.234273 9.9973E-05 9.9973E-05 0.07281 0.220253 0.0417876 0.410933 0.0196433
9.9964E-05 0.10486 9.9964E-05 0.238386 9.9964E-05 0.0523235 0.0328954 0.571135 9.9964E-05
9.996E-05 0.274061 9.996E-05 0.15711 9.996E-05 0.115618 0.181591 0.27122 9.996E-05
9.9964E-05 9.9964E-05 0.0195732 0.108974 9.9964E-05 9.9964E-05 0.0414979 0.811581 0.0179742
9.9946E-05 9.9946E-05 9.9946E-05 0.0130129 0.0414428 9.9946E-05 9.9946E-05 0.944945 9.9946E-05
9.99549E-05 9.99549E-05 9.99549E-05 0.244995 0.0922734 0.178309 9.99549E-05 0.483923 9.99549E-05
0.0142129 0.103359 9.9982E-05 0.190198 0.0365593 0.0153632 0.0397892 0.600319 9.9982E-05
9.99549E-05 0.362579 9.99549E-05 9.99549E-05 9.99549E-05 0.104873 9.99549E-05 0.531578 0.000470827
0.00456583 0.108921 9.99639E-05 9.99639E-05 0.0900638 0.183076 9.99639E-05 0.612974 9.99639E-05
9.9955E-05 9.9955E-05 0.00813931 0.152563 9.9955E-05 0.0831364 9.9955E-05 0.755661 9.9955E-05
9.9955E-05 9.9955E-05 0.0138417 0.285519 0.0199201 9.9955E-05 9.9955E-05 0.68022 9.9955E-05
9.99639E-05 9.99639E-05 9.99639E-05 0.0760922 0.112693 0.108506 0.16223 0.540079 9.99639E-05
9.9964E-05 0.012385 9.9964E-05 9.9964E-05 0.0344121 0.821247 0.128072 0.00348418 9.9964E-05
9.9955E-05 9.9955E-05 9.9955E-05 0.360946 0.0248678 0.452891 0.160795 9.9955E-05 9.9955E-05
9.9955E-05 9.9955E-05 9.9955E-05 0.196172 0.0360507 0.497142 0.270136 9.9955E-05 9.9955E-05
9.9964E-05 9.9964E-05 9.9964E-05 0.17209 9.9964E-05 0.231271 0.511698 0.0840946 0.000447368
9.99549E-05 0.185678 9.99549E-05 0.58704 9.99549E-05 0.220252 9.99549E-05 0.00653086 9.99549E-05
0.0303126 9.9946E-05 9.9946E-05 0.59218 9.9946E-05 0.376908 9.9946E-05 9.9946E-05 9.9946E-05
0.0574069 9.9955E-05 9.9955E-05 0.384275 0.116932 0.440886 9.9955E-05 9.9955E-05 9.9955E-05
0.0092218 9.9955E-05 9.9955E-05 0.611509 9.9955E-05 0.360709 9.9955E-05 9.9955E-05 0.0180604
9.9955E-05 0.0308117 0.0590899 0.75169 9.9955E-05 0.157908 9.9955E-05 9.9955E-05 9.9955E-05
9.9955E-05 9.9955E-05 9.9955E-05 0.779283 0.00654739 0.0599795 9.9955E-05 0.15369 9.9955E-05
9.9964E-05 9.9964E-05 9.9964E-05 0.867393 0.0571034 0.0417716 0.0135175 0.0198142 9.9964E-05
9.99461E-05 9.99461E-05 9.99461E-05 0.848114 9.99461E-05 0.0919641 0.0593224 9.99461E-05 9.99461E-05
9.99639E-05 0.0887423 9.99639E-05 0.279552 0.0852081 0.44466 9.99639E-05 0.101438 9.99639E-05
0.142078 9.997E-05 0.0246306 0.179751 9.997E-05 0.186503 0.318874 0.147864 9.997E-05
9.9955E-05 0.159127 9.9955E-05 0.713053 0.0725922 0.0547279 9.9955E-05 9.9955E-05 9.9955E-05
0.0386923 0.0305746 9.9973E-05 0.5531 9.9973E-05 0.216584 0.100089 0.0606604 9.9973E-05
9.99551E-05 9.99551E-05 9.99551E-05 0.391415 9.99551E-05 0.517249 0.0556182 0.0352181 9.99551E-05
0.000937268 9.9955E-05 9.9955E-05 0.668577 9.9955E-05 0.197973 0.132013 9.9955E-05 9.9955E-05
9.99639E-05 0.0411754 9.99639E-05 0.524842 9.99639E-05 0.253619 0.0434021 0.136561 9.99639E-05
9.9955E-05 0.0225596 9.9955E-05 0.220001 0.109931 9.9955E-05 0.647009 9.9955E-05 9.9955E-05
9.9946E-05 0.095386 9.9946E-05 0.31597 9.9946E-05 9.9946E-05 0.588044 9.9946E-05 9.9946E-05
9.994E-05 0.0665387 9.994E-05 0.529678 9.994E-05 9.994E-05 0.403183 9.994E-05 9.994E-05
9.9946E-05 9.9946E-05 9.9946E-05 0.794327 9.9946E-05 9.9946E-05 0.0831243 0.121949 9.9946E-05
9.9991E-05 0.0281945 0.0154876 0.688065 0.0145029 0.0435599 0.00432065 0.148186 0.0575833
9.9964E-05 0.0182513 9.9964E-05 0.736193 0.108406 9.9964E-05 0.0669452 0.0698043 9.9964E-05
0.00120327 0.000504931 9.9982E-05 0.781903 9.9982E-05 0.0613626 0.0823492 0.0258922 0.0465849
9.9955E-05 9.9955E-05 0.0301373 0.636258 0.125492 9.9955E-05 9.9955E-05 9.9955E-05 0.207612
9.9955E-05 9.9955E-05 0.210385 0.569537 9.9955E-05 0.0728748 9.9955E-05 9.9955E-05 0.146703
9.9955E-05 0.0793716 9.9955E-05 0.559232 9.9955E-05 0.193404 0.167492 9.9955E-05 9.9955E-05
9.99549E-05 0.0506168 9.99549E-05 0.135316 9.99549E-05 0.295938 0.51763 9.99549E-05 9.99549E-05
9.9973E-05 0.0518209 9.9973E-05 0.287826 0.0802003 0.22706 0.329141 0.0236521 9.9973E-05
9.995E-05 9.995E-05 9.995E-05 0.094816 0.136213 0.380467 0.388004 9.995E-05 9.995E-05
9.9955E-05 0.0889368 9.9955E-05 9.9955E-05 0.0129614 0.361702 0.5359 9.9955E-05 9.9955E-05
9.99459E-05 9.99459E-05 9.99459E-05 0.43226 9.99459E-05 0.544884 0.0222554 9.99459E-05 9.99459E-05
9.9955E-05 9.9955E-05 9.9955E-05 9.9955E-05 0.00535546 0.486983 0.43822 0.0689423 9.9955E-05
9.99549E-05 9.99549E-05 9.99549E-05 0.456674 9.99549E-05 0.191556 0.276049 0.0752213 9.99549E-05
9.99639E-05 0.21776 9.99639E-05 0.527347 0.0277423 0.0998689 0.126882 9.99639E-05 9.99639E-05
9.9955E-05 0.0519229 9.9955E-05 0.245051 9.9955E-05 0.326898 0.375629 9.9955E-05 9.9955E-05
9.99549E-05 0.328909 0.155656 9.99549E-05 9.99549E-05 9.99549E-05 0.104247 9.99549E-05 0.410687
9.9955E-05 0.116979 0.358953 0.0519051 9.9955E-05 9.9955E-05 9.9955E-05 9.9955E-05 0.471663
0.0050194 0.171569 0.229661 9.998E-05 9.998E-05 0.0134011 0.0183193 0.0347343 0.527096
9.99639E-05 0.149369 0.678419 9.99639E-05 9.99639E-05 0.0631429 0.0368573 9.99639E-05 0.0718115
9.9964E-05 0.126257 0.704802 0.0511958 9.9964E-05 9.9964E-05 9.9964E-05 0.01418 0.103165
9.9946E-05 0.0347921 0.796283 9.9946E-05 9.9946E-05 9.9946E-05 9.9946E-05 9.9946E-05 0.168325
9.9955E-05 9.9955E-05 0.250422 9.9955E-05 9.9955E-05 9.9955E-05 0.14761 0.011069 0.590398
9.9964E-05 0.126712 0.0733188 9.9964E-05 9.9964E-05 9.9964E-05 0.0254425 0.0446304 0.729497
9.99371E-05 0.554181 9.99371E-05 9.99371E-05 9.99371E-05 9.99371E-05 9.99371E-05 9.99371E-05 0.44512
9.9964E-05 0.0359373 0.612463 0.0515519 9.9964E-05 9.9964E-05 0.0393802 9.9964E-05 0.260267
0.0275388 9.99462E-05 0.929497 9.99462E-05 0.0423648 9.99462E-05 9.99462E-05 9.99462E-05 9.99462E-05
0.00181679 9.99461E-05 0.933436 9.99461E-05 0.0641474 9.99461E-05 9.99461E-05 9.99461E-05 9.99461E-05
0.0505945 9.99551E-05 0.926152 9.99551E-05 9.99551E-05 0.0157493 9.99551E-05 0.00700486 9.99551E-05
