0.128633 0.415101 0.0269223 9.99639E-05 0.225332 9.99639E-05 9.99639E-05 9.99639E-05 0.203612
0.159399 0.0171329 0.328144 9.9982E-05 0.112121 9.9982E-05 0.0337137 0.0372657 0.312023
0.261916 0.252897 0.132388 9.9964E-05 0.30659 9.9964E-05 9.9964E-05 0.0458086 9.9964E-05
0.624654 0.150103 9.9964E-05 0.0401282 9.9964E-05 9.9964E-05 9.9964E-05 0.017765 0.16695
0.191701 0.142158 9.9955E-05 0.0154296 0.650211 9.9955E-05 9.9955E-05 9.9955E-05 9.9955E-05
0.568507 0.254206 9.9964E-05 9.9964E-05 0.132667 9.9964E-05 9.9964E-05 0.00182809 0.0423919
9.9946E-05 9.9946E-05 0.155834 9.9946E-05 9.9946E-05 9.9946E-05 0.740237 0.10333 9.9946E-05
9.9982E-05 0.00990294 9.9982E-05 0.0387808 0.062338 0.0157667 0.664147 0.111398 0.0974665
0.0338317 9.9955E-05 9.9955E-05 9.9955E-05 9.9955E-05 0.063542 0.887461 9.9955E-05 0.0146653
9.9955E-05 0.00197366 9.9955E-05 9.9955E-05 9.9955E-05 0.0937476 0.846281 0.0574979 9.9955E-05
9.99459E-05 9.99459E-05 0.150854 9.99459E-05 9.99459E-05 9.99459E-05 0.815819 9.99459E-05 0.0327274
9.99639E-05 0.0588872 0.372596 9.99639E-05 0.0260526 0.164222 0.377843 9.99639E-05 9.99639E-05
9.9946E-05 9.9946E-05 9.9946E-05 0.209628 9.9946E-05 0.0741189 0.715654 9.9946E-05 9.9946E-05
9.99371E-05 9.99371E-05 9.99371E-05 0.247411 9.99371E-05 9.99371E-05 0.751889 9.99371E-05 9.99371E-05
9.9955E-05 9.9955E-05 0.044197 0.045031 9.9955E-05 9.9955E-05 0.81622 0.0940521 9.9955E-05
9.99551E-05 9.99551E-05 0.110625 9.99551E-05 9.99551E-05 9.99551E-05 0.827734 0.0313828 0.029759
0.0120457 0.432075 9.9955E-05 9.9955E-05 0.318606 9.9955E-05 9.9955E-05 0.236774 9.9955E-05
0.0895731 0.0871545 9.9973E-05 0.046005 0.0690567 9.9973E-05 9.9973E-05 0.707301 0.000609861
0.104752 0.580138 9.9964E-05 0.062463 0.023824 9.9964E-05 9.9964E-05 0.228423 9.9964E-05
0.251656 0.32706 9.9964E-05 0.0877802 0.162489 9.9964E-05 9.9964E-05 0.170615 9.9964E-05
0.110374 0.14324 9.99639E-05 9.99639E-05 0.193445 9.99639E-05 0.02425 0.528292 9.99639E-05
0.162986 0.347061 9.9964E-05 0.0133093 9.9964E-05 0.010585 9.9964E-05 0.465659 9.9964E-05
9.9955E-05 0.569799 0.192575 9.9955E-05 0.124629 9.9955E-05 9.9955E-05 9.9955E-05 0.112497
9.9946E-05 0.649208 9.9946E-05 9.9946E-05 0.232606 9.9946E-05 9.9946E-05 9.9946E-05 0.117586
0.0296839 0.851428 9.99461E-05 9.99461E-05 0.118289 9.99461E-05 9.99461E-05 9.99461E-05 9.99461E-05
0.284243 0.535453 9.9964E-05 9.9964E-05 0.0244078 9.9964E-05 9.9964E-05 0.0321687 0.123328
9.9964E-05 0.464446 9.9964E-05 0.0108536 0.359818 0.106725 9.9964E-05 0.0577575 9.9964E-05
0.119066 0.390563 9.9964E-05 0.0360016 0.405266 9.9964E-05 0.0487038 9.9964E-05 9.9964E-05
9.9964E-05 9.9964E-05 9.9964E-05 0.0134565 0.375895 9.9964E-05 0.0555997 0.323199 0.23145
0.0978508 9.9973E-05 9.9973E-05 0.0950266 0.208882 9.9973E-05 0.013049 0.395257 0.189635
0.401949 9.9946E-05 0.32219 9.9946E-05 9.9946E-05 9.9946E-05 9.9946E-05 0.275261 9.9946E-05
0.412976 9.9973E-05 0.133867 9.9973E-05 0.220103 0.0181155 0.0103878 0.20425 9.9973E-05
0.546106 0.116217 9.99549E-05 9.99549E-05 0.0980454 9.99549E-05 9.99549E-05 0.239132 9.99549E-05
0.0301813 0.857427 0.00571516 9.9964E-05 9.9964E-05 9.9964E-05 0.010292 9.9964E-05 0.095985
9.99459E-05 0.631498 0.357457 9.99459E-05 9.99459E-05 9.99459E-05 9.99459E-05 9.99459E-05 0.0104447
0.104323 0.487017 0.0580546 0.0047222 0.21381 9.9973E-05 9.9973E-05 0.131773 9.9973E-05
0.147457 0.324774 0.287988 0.235392 9.9964E-05 9.9964E-05 9.9964E-05 0.00398906 9.9964E-05
0.0120151 0.669972 0.0686252 0.0707374 0.136709 9.9973E-05 9.9973E-05 0.0416421 9.9973E-05
0.0931495 0.478279 9.9973E-05 0.075089 9.9973E-05 9.9973E-05 0.01844 0.129795 0.204948
0.161109 0.59844 9.9973E-05 9.9973E-05 0.00772414 0.0487719 0.0183317 0.165323 9.9973E-05
0.398735 0.0805741 9.9946E-05 9.9946E-05 9.9946E-05 9.9946E-05 9.9946E-05 9.9946E-05 0.520091
0.45565 0.0738515 9.9964E-05 0.110278 0.0818854 9.9964E-05 9.9964E-05 9.9964E-05 0.277935
0.590672 0.0780703 0.0176228 0.123997 0.0780188 9.9973E-05 9.9973E-05 0.111319 9.9973E-05
0.203624 0.134613 9.9973E-05 0.123126 9.9973E-05 0.0258815 0.00274906 9.9973E-05 0.509706
0.596031 0.226398 9.99551E-05 9.99551E-05 9.99551E-05 9.99551E-05 0.0362572 9.99551E-05 0.140814
0.646696 0.26903 9.99461E-05 9.99461E-05 9.99461E-05 9.99461E-05 9.99461E-05 0.0836745 9.99461E-05
9.9955E-05 0.214539 9.9955E-05 0.0304534 9.9955E-05 0.0500155 9.9955E-05 0.704492 9.9955E-05
9.99549E-05 9.99549E-05 0.0892079 9.99549E-05 9.99549E-05 0.0380375 9.99549E-05 0.696265 0.17599
9.9946E-05 9.9946E-05 0.0998217 9.9946E-05 9.9946E-05 9.9946E-05 9.9946E-05 0.750448 0.14913
9.9937E-05 9.9937E-05 9.9937E-05 9.9937E-05 9.9937E-05 9.9937E-05 9.9937E-05 0.609838 0.389462
0.104822 0.0871731 9.9973E-05 9.9973E-05 0.00905754 0.00257851 0.032938 0.763131 9.9973E-05
9.9982E-05 0.417926 9.9982E-05 0.0118671 0.000851106 0.0413805 0.0404961 0.206903 0.280376
9.9955E-05 0.356347 9.9955E-05 0.0613997 0.0738252 9.9955E-05 9.9955E-05 0.507929 9.9955E-05
9.9955E-05 0.512433 9.9955E-05 0.0430155 9.9955E-05 9.9955E-05 9.9955E-05 0.180626 0.263426
9.99549E-05 0.521363 9.99549E-05 9.99549E-05 9.99549E-05 0.057158 9.99549E-05 0.144198 0.276781
0.245514 0.457047 9.9964E-05 0.0702394 0.13352 9.9964E-05 9.9964E-05 0.0932801 9.9964E-05
9.9955E-05 0.21786 9.9955E-05 9.9955E-05 9.9955E-05 0.444563 0.190673 9.9955E-05 0.146403
9.9964E-05 0.112744 9.9964E-05 0.247496 0.0661115 0.13374 0.439508 9.9964E-05 9.9964E-05
9.9955E-05 9.9955E-05 9.9955E-05 0.749044 0.0131269 0.171218 9.9955E-05 9.9955E-05 0.0661116
9.9964E-05 0.0277828 9.9964E-05 9.9964E-05 9.9964E-05 0.765013 0.068212 0.0427609 0.0958318
9.9946E-05 9.9946E-05 0.0613462 9.9946E-05 9.9946E-05 0.86582 0.0722338 9.9946E-05 9.9946E-05
0.0136342 0.0143564 9.9964E-05 9.9964E-05 9.9964E-05 0.911243 9.9964E-05 0.0527576 0.00760929
9.99549E-05 9.99549E-05 0.838912 9.99549E-05 9.99549E-05 0.08219 0.0230122 0.0553865 9.99549E-05
9.99549E-05 0.0594475 0.671552 0.212106 9.99549E-05 0.0563942 9.99549E-05 9.99549E-05 9.99549E-05
0.0136561 9.99549E-05 0.213199 9.99549E-05 9.99549E-05 0.204704 0.567941 9.99549E-05 9.99549E-05
9.9946E-05 0.00337918 9.9946E-05 9.9946E-05 9.9946E-05 0.306806 0.689216 9.9946E-05 9.9946E-05
0.0418516 0.096312 0.160732 0.107067 9.9973E-05 0.181196 0.412541 9.9973E-05 9.9973E-05
9.99461E-05 0.100604 9.99461E-05 0.601131 9.99461E-05 9.99461E-05 0.297665 9.99461E-05 9.99461E-05
9.9955E-05 0.0262253 0.560575 0.31218 9.9955E-05 9.9955E-05 0.10052 9.9955E-05 9.9955E-05
9.9964E-05 0.130913 0.110786 0.0709533 9.9964E-05 0.367229 0.319719 9.9964E-05 9.9964E-05
9.9964E-05 0.129189 0.574701 0.222329 0.0138574 9.9964E-05 0.059523 9.9964E-05 9.9964E-05
9.9964E-05 0.118586 0.0982381 0.224277 9.9964E-05 0.350854 0.207645 9.9964E-05 9.9964E-05
9.99549E-05 0.0245998 0.559513 9.99549E-05 9.99549E-05 0.299942 0.115446 9.99549E-05 9.99549E-05
9.9973E-05 9.9973E-05 0.0297431 0.393107 0.0222638 0.431237 0.0297951 0.0935539 9.9973E-05
9.99549E-05 0.0259799 0.0910861 0.784579 9.99549E-05 9.99549E-05 9.99549E-05 0.0978553 9.99549E-05
0.0434603 9.9964E-05 0.0166556 0.256811 9.9964E-05 0.639705 9.9964E-05 0.0429684 9.9964E-05
0.0588197 9.9955E-05 0.183913 0.314128 9.9955E-05 0.442639 9.9955E-05 9.9955E-05 9.9955E-05
9.9946E-05 9.9946E-05 9.9946E-05 0.58694 0.00116226 0.411298 9.9946E-05 9.9946E-05 9.9946E-05
9.9955E-05 0.0117968 9.9955E-05 0.132501 9.9955E-05 0.610838 0.244365 9.9955E-05 9.9955E-05
9.996E-05 0.00699689 0.328436 9.996E-05 9.996E-05 0.504376 0.0366903 0.1231 9.996E-05
0.0316941 9.99641E-05 9.99641E-05 0.20088 0.0189366 0.696084 9.99641E-05 0.0520048 9.99641E-05
0.0452881 0.117514 9.99641E-05 0.0282742 0.788638 9.99641E-05 9.99641E-05 0.0198864 9.99641E-05
0.0178072 9.9955E-05 9.9955E-05 0.105089 0.0487231 9.9955E-05 9.9955E-05 9.9955E-05 0.82788
9.99459E-05 9.99459E-05 9.99459E-05 0.10737 0.136842 9.99459E-05 9.99459E-05 9.99459E-05 0.755188
0.0662186 9.9964E-05 9.9964E-05 0.0141033 0.792181 9.9964E-05 0.027678 0.0994192 9.9964E-05
9.9955E-05 9.9955E-05 9.9955E-05 9.9955E-05 0.537492 9.9955E-05 0.0916895 0.24988 0.120439
9.99461E-05 9.99461E-05 0.353162 9.99461E-05 9.99461E-05 9.99461E-05 9.99461E-05 0.303038 0.3432
0.590024 9.99551E-05 0.148419 9.99551E-05 0.0812915 9.99551E-05 9.99551E-05 9.99551E-05 0.179765
0.513327 9.9964E-05 0.0438012 9.9964E-05 9.9964E-05 9.9964E-05 0.0911687 0.0115592 0.339744
0.519374 9.9955E-05 0.0122255 9.9955E-05 0.425646 9.9955E-05 9.9955E-05 0.0422549 9.9955E-05
0.187878 9.9964E-05 0.120601 9.9964E-05 0.348031 9.9964E-05 9.9964E-05 0.0253292 0.317761
0.631791 9.9946E-05 9.9946E-05 0.0628562 0.304754 9.9946E-05 9.9946E-05 9.9946E-05 9.9946E-05
0.853714 9.9946E-05 9.9946E-05 0.0595511 0.0861351 9.9946E-05 9.9946E-05 9.9946E-05 9.9946E-05
0.499019 0.0884223 9.99549E-05 9.99549E-05 0.374719 9.99549E-05 0.0373395 9.99549E-05 9.99549E-05
0.628528 0.0092574 0.0421536 9.9964E-05 0.258124 0.0615374 9.9964E-05 9.9964E-05 9.9964E-05
0.661632 9.99459E-05 0.0885988 9.99459E-05 9.99459E-05 9.99459E-05 9.99459E-05 0.249169 9.99459E-05
0.731746 0.0336464 9.9982E-05 9.9982E-05 0.126344 0.0112426 0.0614018 0.0249521 0.0104673
0.579504 9.9955E-05 9.9955E-05 0.019234 0.366215 0.0345469 9.9955E-05 9.9955E-05 9.9955E-05
0.575157 0.0357955 9.9955E-05 0.0553927 0.333155 9.9955E-05 9.9955E-05 9.9955E-05 9.9955E-05
0.49418 0.0983584 9.99639E-05 9.99639E-05 0.222767 9.99639E-05 0.0179818 9.99639E-05 0.166313
0.0277062 9.9955E-05 9.9955E-05 9.9955E-05 0.432793 9.9955E-05 9.9955E-05 0.195914 0.343087
0.0689004 9.9955E-05 9.9955E-05 9.9955E-05 0.560077 9.9955E-05 9.9955E-05 0.0451619 0.325361
9.9955E-05 0.0455925 9.9955E-05 9.9955E-05 0.440995 9.9955E-05 9.9955E-05 0.0726552 0.440258
9.9937E-05 9.9937E-05 9.9937E-05 9.9937E-05 0.439126 9.9937E-05 9.9937E-05 9.9937E-05 0.560175
9.9955E-05 9.9955E-05 0.025019 9.9955E-05 0.763742 0.000921177 9.9955E-05 0.209818 9.9955E-05
9.9946E-05 0.0565497 9.9946E-05 9.9946E-05 0.856921 9.9946E-05 9.9946E-05 0.0859292 9.9946E-05
9.9946E-05 0.185962 9.9946E-05 9.9946E-05 0.684268 9.9946E-05 9.9946E-05 0.129171 9.9946E-05
9.99551E-05 9.99551E-05 9.99551E-05 9.99551E-05 0.91764 0.00185059 0.0177674 0.0622424 9.99551E-05
9.9955E-05 9.9955E-05 0.0115164 0.0242219 0.895201 9.9955E-05 9.9955E-05 0.068561 9.9955E-05
0.171373 0.0338276 9.9955E-05 9.9955E-05 0.773238 9.9955E-05 9.9955E-05 9.9955E-05 0.0210617
0.0370812 0.122522 9.9955E-05 0.00521861 0.834679 9.9955E-05 9.9955E-05 9.9955E-05 9.9955E-05
9.9946E-05 0.00283306 9.9946E-05 9.9946E-05 0.93569 9.9946E-05 9.9946E-05 9.9946E-05 0.0608771
0.282442 0.0177681 9.9964E-05 9.9964E-05 0.335059 9.9964E-05 9.9964E-05 0.0772458 0.287086
0.0767194 9.9964E-05 9.9964E-05 9.9964E-05 0.526889 0.0544839 9.9964E-05 0.112645 0.228863
0.197295 0.0301006 0.0667658 9.9973E-05 0.544748 9.9973E-05 9.9973E-05 0.0155946 0.145196
0.128705 0.038246 0.0342702 9.9973E-05 0.708959 9.9973E-05 9.9973E-05 0.0398485 0.0496719
0.0676187 9.99551E-05 9.99551E-05 9.99551E-05 0.704315 9.99551E-05 9.99551E-05 0.0532658 0.174301
9.9946E-05 0.0728595 9.9946E-05 9.9946E-05 0.867183 9.9946E-05 9.9946E-05 9.9946E-05 0.0593576
0.136281 9.9964E-05 0.0136847 9.9964E-05 0.725945 9.9964E-05 9.9964E-05 0.0120992 0.11159
9.9955E-05 0.0493254 0.0836397 9.9955E-05 0.329591 9.9955E-05 9.9955E-05 9.9955E-05 0.536944
0.0438048 9.9955E-05 0.0910513 9.9955E-05 0.324055 9.9955E-05 9.9955E-05 9.9955E-05 0.540589
9.99461E-05 9.99461E-05 0.0738891 9.99461E-05 0.62112 9.99461E-05 9.99461E-05 9.99461E-05 0.304391
0.0770527 9.99461E-05 9.99461E-05 9.99461E-05 0.887701 9.99461E-05 9.99461E-05 9.99461E-05 0.034647
0.152459 0.0115155 0.0189227 0.0778391 0.693139 9.9973E-05 9.9973E-05 9.9973E-05 0.0458243
0.0247159 0.120197 0.0215297 9.9973E-05 0.747292 0.000807708 9.9973E-05 9.9973E-05 0.0851583
0.0145054 9.9973E-05 0.0406126 9.9973E-05 0.867881 0.0201891 9.9973E-05 0.002004 0.054508
9.9955E-05 0.195373 9.9955E-05 9.9955E-05 0.57269 0.126345 0.105092 9.9955E-05 9.9955E-05
9.9946E-05 9.9946E-05 9.9946E-05 0.0455415 0.62059 0.333269 9.9946E-05 9.9946E-05 9.9946E-05
9.9946E-05 9.9946E-05 9.9946E-05 9.9946E-05 0.730067 9.9946E-05 9.9946E-05 0.116314 0.153019
9.99459E-05 9.99459E-05 9.99459E-05 9.99459E-05 0.315967 9.99459E-05 9.99459E-05 0.0538051 0.629628
9.9964E-05 0.0220705 0.0926644 9.9964E-05 0.469875 9.9964E-05 0.00643327 9.9964E-05 0.408557
9.9955E-05 0.0471649 9.9955E-05 9.9955E-05 0.40505 9.9955E-05 0.0142294 9.9955E-05 0.533056
9.9955E-05 0.0530936 9.9955E-05 9.9955E-05 0.0564414 9.9955E-05 9.9955E-05 0.014825 0.87514
9.9946E-05 9.9946E-05 9.9946E-05 9.9946E-05 0.805675 9.9946E-05 9.9946E-05 0.0706991 0.123026
0.0481311 9.9964E-05 9.9964E-05 9.9964E-05 0.325398 9.9964E-05 0.0132566 0.00986428 0.60295
0.0941702 9.9955E-05 9.9955E-05 9.9955E-05 0.597642 9.9955E-05 0.00853435 9.9955E-05 0.299153
0.138795 0.023622 9.9964E-05 9.9964E-05 0.415716 9.9964E-05 9.9964E-05 0.0793898 0.342077
9.9946E-05 9.9946E-05 0.0674177 9.9946E-05 0.56802 9.9946E-05 9.9946E-05 9.9946E-05 0.363962
9.9955E-05 9.9955E-05 0.63661 0.0103394 9.9955E-05 0.276158 9.9955E-05 9.9955E-05 0.0763935
9.9946E-05 9.9946E-05 0.127069 9.9946E-05 9.9946E-05 0.633151 0.239179 9.9946E-05 9.9946E-05
9.9955E-05 9.9955E-05 0.251097 9.9955E-05 9.9955E-05 0.638249 0.0398991 0.0702556 9.9955E-05
0.122933 9.9955E-05 9.9955E-05 0.079898 9.9955E-05 0.719907 0.0767626 9.9955E-05 9.9955E-05
9.9955E-05 9.9955E-05 9.9955E-05 0.352067 0.1407 0.465304 0.0414293 9.9955E-05 9.9955E-05
9.9937E-05 9.9937E-05 9.9937E-05 0.187481 9.9937E-05 0.81182 9.9937E-05 9.9937E-05 9.9937E-05
9.9955E-05 9.9955E-05 0.304815 0.254936 9.9955E-05 0.213571 0.226178 9.9955E-05 9.9955E-05
9.99549E-05 9.99549E-05 0.531729 0.196835 9.99549E-05 0.0613402 0.209596 9.99549E-05 9.99549E-05
9.993E-05 9.993E-05 0.999201 9.993E-05 9.993E-05 9.993E-05 9.993E-05 9.993E-05 9.993E-05
9.99639E-05 9.99639E-05 0.02971 0.429968 0.0909537 0.342978 0.105991 9.99639E-05 9.99639E-05
9.99371E-05 0.0018967 9.99371E-05 0.997404 9.99371E-05 9.99371E-05 9.99371E-05 9.99371E-05 9.99371E-05
9.9946E-05 0.0112906 9.9946E-05 0.683737 9.9946E-05 0.304372 9.9946E-05 9.9946E-05 9.9946E-05
9.9946E-05 9.9946E-05 9.9946E-05 0.898992 9.9946E-05 9.9946E-05 0.0662816 0.0341269 9.9946E-05
