0.0725827 0.22883 0.232697 9.9982E-05 0.0209406 0.44475 9.9982E-05
0.0942349 0.058919 0.407017 9.9991E-05 0.150229 0.0503107 0.239189
0.215397 0.261343 0.149251 9.9991E-05 0.0889645 0.278947 0.00599714
0.57098 9.9982E-05 0.140193 0.0119199 0.0341455 0.242561 9.9982E-05
0.151946 0.67512 9.9964E-05 9.9964E-05 9.9964E-05 0.172534 9.9964E-05
0.411593 0.169204 0.053731 9.9982E-05 0.0244381 0.340835 9.9982E-05
9.9964E-05 9.9964E-05 0.0132963 9.9964E-05 0.0570476 9.9964E-05 0.929256
9.999E-05 0.167351 0.0373305 0.135686 0.0281151 0.0239716 0.607446
0.0316442 9.9973E-05 0.0581174 0.2129 9.9973E-05 9.9973E-05 0.697038
9.9964E-05 9.9964E-05 9.9964E-05 0.200658 9.9964E-05 0.069514 0.729429
9.9964E-05 9.9964E-05 0.0639118 0.0701279 9.9964E-05 9.9964E-05 0.865561
9.9973E-05 0.0259616 9.9973E-05 0.0102044 9.9973E-05 0.0484911 0.915043
9.9964E-05 0.00361026 9.9964E-05 0.421641 9.9964E-05 9.9964E-05 0.574349
9.99641E-05 9.99641E-05 9.99641E-05 0.401052 9.99641E-05 0.0360099 0.562538
9.9973E-05 9.9973E-05 0.0386665 0.162682 0.0709764 9.9973E-05 0.727375
9.99641E-05 9.99641E-05 0.0646111 0.0450775 9.99641E-05 9.99641E-05 0.889912
9.9964E-05 0.354648 9.9964E-05 9.9964E-05 0.17225 0.472702 9.9964E-05
9.9973E-05 0.100629 9.9973E-05 0.0451448 0.698462 0.155465 9.9973E-05
0.148496 9.9973E-05 9.9973E-05 0.0417952 0.183455 0.625954 9.9973E-05
0.137219 0.168025 9.9982E-05 0.0695368 0.130237 0.494782 9.9982E-05
9.9973E-05 0.244452 9.9973E-05 0.00114878 0.452297 0.301803 9.9973E-05
9.9973E-05 0.0559339 9.9973E-05 0.00143222 0.430734 0.5116 9.9973E-05
9.9973E-05 0.0830575 0.204157 9.9973E-05 9.9973E-05 0.539813 0.172673
9.9964E-05 0.171129 0.201792 9.9964E-05 9.9964E-05 0.626679 9.9964E-05
0.00839482 0.0726796 0.0760513 9.9973E-05 9.9973E-05 0.842574 9.9973E-05
0.0784513 0.108923 0.149515 9.9973E-05 9.9973E-05 0.662811 9.9973E-05
9.9973E-05 0.388568 9.9973E-05 0.0866185 0.0118289 0.512685 9.9973E-05
0.0928851 0.403767 9.9982E-05 0.0333103 9.9982E-05 0.465383 0.00445503
9.9982E-05 0.425477 0.210192 0.0406852 0.307211 0.0162347 9.9982E-05
9.999E-05 0.365413 0.0802735 0.0173691 0.412958 0.0797351 0.0441516
0.350484 9.9973E-05 9.9973E-05 9.9973E-05 0.544933 0.000952903 0.10333
0.309784 0.255556 9.9982E-05 9.9982E-05 0.288198 0.0717367 0.0745249
0.409402 0.0919879 9.9973E-05 9.9973E-05 0.292517 0.205793 9.9973E-05
9.9964E-05 9.9964E-05 0.140753 9.9964E-05 9.9964E-05 0.850926 0.00792125
9.9964E-05 9.9964E-05 0.157261 9.9964E-05 9.9964E-05 0.634235 0.208104
0.0504885 0.25622 9.9982E-05 9.9982E-05 0.130014 0.536427 0.0266506
0.165956 9.9982E-05 9.9982E-05 0.193619 0.0958635 0.373039 0.171324
0.107469 0.103704 9.9991E-05 0.0224943 0.00471718 0.659844 0.101671
0.0334159 9.9991E-05 0.172645 0.0518346 0.19641 0.544838 0.000756474
0.15542 0.0142735 9.9982E-05 0.0252134 0.133657 0.671236 9.9982E-05
0.23187 9.9973E-05 0.54693 9.9973E-05 0.018137 0.202764 9.9973E-05
0.365725 0.0958493 0.208593 0.0864367 9.9982E-05 0.243197 9.9982E-05
0.515625 0.0499277 9.9982E-05 0.112188 0.0964944 0.225566 9.9982E-05
0.155182 9.9973E-05 0.532438 0.131883 9.9973E-05 0.180196 9.9973E-05
0.379163 0.00139358 0.205094 9.9973E-05 9.9973E-05 0.414049 9.9973E-05
0.424055 9.9973E-05 0.035332 9.9973E-05 0.107625 0.432688 9.9973E-05
9.9964E-05 9.9964E-05 9.9964E-05 0.0725416 0.647888 0.279171 9.9964E-05
0.0269107 9.9973E-05 0.153977 9.9973E-05 0.756841 9.9973E-05 0.0619706
9.9955E-05 9.9955E-05 0.137304 9.9955E-05 0.862197 9.9955E-05 9.9955E-05
9.9964E-05 9.9964E-05 0.344897 9.9964E-05 0.623607 0.0310959 9.9964E-05
0.0167568 0.0183481 9.9982E-05 0.0283322 0.778047 0.158316 9.9982E-05
9.9973E-05 9.9973E-05 0.358784 0.0830174 0.166895 0.391004 9.9973E-05
9.9973E-05 0.0139505 9.9973E-05 0.0588577 0.466928 0.459963 9.9973E-05
9.9973E-05 9.9973E-05 0.254657 0.0248795 0.121014 0.59915 9.9973E-05
9.99639E-05 9.99639E-05 0.255887 9.99639E-05 0.112907 0.630806 9.99639E-05
0.136402 0.156393 9.9982E-05 0.0564364 0.0724306 0.578137 9.9982E-05
9.9973E-05 9.9973E-05 0.1404 0.311586 9.9973E-05 0.175163 0.372551
9.9982E-05 0.0371334 0.0152615 0.498516 9.9982E-05 0.161608 0.287282
0.0297919 9.9973E-05 0.0429462 0.921159 9.9973E-05 0.005803 9.9973E-05
9.9982E-05 9.9982E-05 0.115484 0.499503 0.0547373 0.0551866 0.274889
0.0473797 9.9964E-05 9.9964E-05 0.578264 9.9964E-05 9.9964E-05 0.373957
9.9973E-05 9.9973E-05 0.0241991 0.676455 0.18467 9.9973E-05 0.114376
9.9964E-05 9.9964E-05 0.040028 9.9964E-05 0.200353 9.9964E-05 0.759219
0.0887354 0.00670738 9.9991E-05 0.00475707 0.00103679 0.105564 0.793099
0.119147 9.9964E-05 9.9964E-05 0.16806 9.9964E-05 9.9964E-05 0.712392
9.9964E-05 9.9964E-05 9.9964E-05 0.368685 9.9964E-05 0.0182314 0.612684
0.000957657 0.034635 9.9982E-05 0.223311 9.9982E-05 0.15975 0.581146
9.99641E-05 9.99641E-05 9.99641E-05 0.66832 9.99641E-05 0.10507 0.22621
9.9973E-05 9.9973E-05 0.0815038 0.188117 9.9973E-05 0.0831347 0.646945
9.9964E-05 9.9964E-05 9.9964E-05 0.396736 9.9964E-05 0.112785 0.49008
0.0420667 9.9973E-05 9.9973E-05 0.0327931 9.9973E-05 0.155893 0.768947
9.9973E-05 0.035703 9.9973E-05 0.452684 9.9973E-05 0.127771 0.383542
9.9955E-05 0.0963049 9.9955E-05 9.9955E-05 9.9955E-05 9.9955E-05 0.903195
0.00240842 0.0469848 9.9982E-05 0.688873 0.0911924 9.9982E-05 0.170341
9.9973E-05 9.9973E-05 9.9973E-05 0.716247 0.0431588 0.16139 0.0789043
0.0251826 9.9973E-05 9.9973E-05 0.749929 0.130673 9.9973E-05 0.0939154
0.136936 9.9964E-05 9.9964E-05 0.565224 9.9964E-05 9.9964E-05 0.29744
0.0454954 0.0143306 9.9964E-05 0.939774 9.9964E-05 9.9964E-05 9.9964E-05
9.9973E-05 9.9973E-05 0.0653637 0.67388 0.00668563 9.9973E-05 0.25377
9.9973E-05 9.9973E-05 9.9973E-05 0.169518 0.114372 0.0337014 0.682109
0.025765 9.9982E-05 0.0627252 0.752276 0.139088 9.9982E-05 0.0199458
9.99731E-05 0.868232 0.0173904 0.001113 9.99731E-05 0.112964 9.99731E-05
9.9964E-05 0.124631 0.785353 0.0896156 9.9964E-05 9.9964E-05 9.9964E-05
9.9964E-05 0.285118 0.633878 0.0806033 9.9964E-05 9.9964E-05 9.9964E-05
0.084718 0.779099 9.9973E-05 0.0350913 0.100792 9.9973E-05 9.9973E-05
9.9964E-05 0.602032 0.098499 9.9964E-05 0.299069 9.9964E-05 9.9964E-05
9.99551E-05 9.99551E-05 0.438059 9.99551E-05 0.561441 9.99551E-05 9.99551E-05
0.62659 9.99731E-05 0.265342 9.99731E-05 0.0388429 9.99731E-05 0.0689247
0.487167 9.9973E-05 0.408891 9.9973E-05 0.0566118 9.9973E-05 0.0470309
0.605222 0.31128 0.0162084 9.9973E-05 0.0669899 9.9973E-05 9.9973E-05
0.336771 0.260599 0.323288 9.9973E-05 0.0790421 9.9973E-05 9.9973E-05
0.841474 0.130689 9.996E-05 0.027437 9.996E-05 9.996E-05 9.996E-05
0.899008 9.9955E-05 9.9955E-05 9.9955E-05 9.9955E-05 0.100493 9.9955E-05
0.527606 0.332079 9.996E-05 9.996E-05 9.996E-05 0.139915 9.996E-05
0.761975 0.126329 0.0310985 9.9991E-05 0.00587211 0.0603076 0.0143174
0.614217 9.99549E-05 9.99549E-05 9.99549E-05 0.385284 9.99549E-05 9.99549E-05
0.710842 0.0108 0.0209264 9.9982E-05 0.103933 0.153299 9.9982E-05
0.71566 0.217249 9.9964E-05 0.0666909 9.9964E-05 9.9964E-05 9.9964E-05
0.648273 0.254412 9.9973E-05 0.0199658 9.9973E-05 0.0770493 9.9973E-05
0.510446 0.170927 0.170562 9.9982E-05 9.9982E-05 0.122944 0.0249213
0.00123384 0.378881 0.369352 9.9982E-05 0.217963 0.0323703 9.9982E-05
0.00359233 0.557798 0.385226 9.9973E-05 0.0530842 9.9973E-05 9.9973E-05
9.9973E-05 0.465635 0.476796 9.9973E-05 0.0101402 0.0471288 9.9973E-05
9.9973E-05 0.462009 0.519578 9.9973E-05 0.0172249 0.000888039 9.9973E-05
0.0057995 0.726878 0.0190371 9.9982E-05 0.203757 9.9982E-05 0.0443281
9.9964E-05 0.878246 9.9964E-05 9.9964E-05 0.0273957 0.0939585 9.9964E-05
9.9973E-05 0.693683 0.00239002 9.9973E-05 0.0611586 0.242468 9.9973E-05
9.9964E-05 0.927236 9.9964E-05 9.9964E-05 0.0447132 9.9964E-05 0.0276511
0.0214908 0.898631 9.9982E-05 0.0043063 0.0568244 9.9982E-05 0.0185479
0.195353 0.765975 0.038272 9.9964E-05 9.9964E-05 9.9964E-05 9.9964E-05
0.00338956 0.889073 9.9964E-05 9.9964E-05 9.9964E-05 0.107137 9.9964E-05
0.0341963 0.870469 0.0949347 9.9964E-05 9.9964E-05 9.9964E-05 9.9964E-05
0.138629 0.415569 0.206959 9.9982E-05 0.138332 0.100311 9.9982E-05
0.091847 0.52169 0.24522 0.04156 0.0994833 9.9982E-05 9.9982E-05
0.173436 0.540012 0.163545 9.9982E-05 0.0977254 0.0250821 9.9982E-05
0.158675 0.638775 0.078852 9.9991E-05 0.0383507 0.0825468 0.00269995
0.0604712 0.743673 0.141461 9.9973E-05 0.0540948 9.9973E-05 9.9973E-05
9.9973E-05 0.816462 0.164584 0.0173802 9.9973E-05 0.00127388 9.9973E-05
0.19348 0.647507 0.0969247 9.9973E-05 0.0617883 9.9973E-05 9.9973E-05
9.9964E-05 0.274998 0.682007 9.9964E-05 9.9964E-05 0.0425946 9.9964E-05
0.120558 0.31143 0.567612 9.9964E-05 9.9964E-05 9.9964E-05 9.9964E-05
0.0865505 0.560511 0.338707 9.9973E-05 9.9973E-05 9.9973E-05 0.0139313
0.139162 0.781381 0.0790572 9.9964E-05 9.9964E-05 9.9964E-05 9.9964E-05
0.253049 0.648881 0.0298692 0.0237733 9.9982E-05 9.9982E-05 0.0442282
0.117882 0.684014 0.141446 0.00470744 9.9982E-05 0.0517501 9.9982E-05
0.0858868 0.844536 0.00927978 9.9982E-05 0.0233385 9.9982E-05 0.0367592
9.9973E-05 0.63964 9.9973E-05 0.173143 9.9973E-05 0.172248 0.0146678
9.9964E-05 0.632775 9.9964E-05 0.248986 9.9964E-05 9.9964E-05 0.117839
0.0101589 0.719845 0.158707 9.9973E-05 0.110989 9.9973E-05 9.9973E-05
0.0129154 0.341341 0.590226 9.9973E-05 0.0552181 9.9973E-05 9.9973E-05
0.0758571 0.435965 0.45102 9.9973E-05 9.9973E-05 9.9973E-05 0.0368577
0.0135215 0.420267 0.565812 9.9964E-05 9.9964E-05 9.9964E-05 9.9964E-05
9.9973E-05 0.144511 0.784744 9.9973E-05 0.0659961 0.0044489 9.9973E-05
9.9964E-05 0.82622 0.112651 9.9964E-05 0.0607287 9.9964E-05 9.9964E-05
0.108556 0.287705 0.60334 9.9964E-05 9.9964E-05 9.9964E-05 9.9964E-05
0.108032 0.601377 0.290191 9.9964E-05 9.9964E-05 9.9964E-05 9.9964E-05
0.142203 0.433397 0.307631 9.9982E-05 0.112655 0.00391319 9.9982E-05
9.9973E-05 0.611122 0.36606 9.9973E-05 0.00383012 9.9973E-05 0.0186882
9.9973E-05 9.9973E-05 0.156655 0.0936002 0.0843199 9.9973E-05 0.665125
9.9982E-05 0.0293641 0.0133355 0.447182 0.0565895 9.9982E-05 0.453329
0.036054 9.9982E-05 0.0083287 0.314134 0.0974915 9.9982E-05 0.543792
0.0272493 9.9982E-05 0.114287 0.682018 0.104049 9.9982E-05 0.0721965
0.0765707 9.9982E-05 0.0745239 0.759089 0.0403279 9.9982E-05 0.0492885
9.9973E-05 0.0109185 9.9973E-05 0.84303 0.0502298 9.9973E-05 0.0955213
0.0297087 9.9973E-05 0.0560604 0.365558 9.9973E-05 9.9973E-05 0.548373
0.0748643 0.0042167 9.9973E-05 0.133865 9.9973E-05 9.9973E-05 0.786754
9.99641E-05 9.99641E-05 0.207986 9.99641E-05 0.0465031 9.99641E-05 0.745111
9.9973E-05 0.0965699 9.9973E-05 0.691608 0.0195642 9.9973E-05 0.191958
9.99551E-05 9.99551E-05 9.99551E-05 0.896466 9.99551E-05 0.103035 9.99551E-05
9.99551E-05 9.99551E-05 9.99551E-05 0.956399 9.99551E-05 0.0431009 9.99551E-05
0.0118304 0.0309256 9.9982E-05 0.922648 0.00371395 0.0306818 9.9982E-05
