0.0537458 9.9982E-05 0.227754 0.446312 0.271988 9.9982E-05
0.162071 9.9991E-05 0.409701 0.0851827 0.0901729 0.252773
0.177267 9.9991E-05 0.0426942 0.245382 0.474858 0.0596989
0.16372 0.0352891 0.0898417 0.34664 0.364409 9.9991E-05
9.9973E-05 0.0187746 9.9973E-05 0.240576 0.74035 9.9973E-05
0.114165 9.9982E-05 0.0259686 0.46792 0.391746 9.9982E-05
0.0471418 0.0684347 0.0395471 9.9982E-05 9.9982E-05 0.844676
0.0462956 0.264547 0.124496 0.0114472 0.0732289 0.479985
9.9973E-05 0.321264 0.0382831 9.9973E-05 9.9973E-05 0.640153
0.0532643 0.249699 9.9982E-05 0.0151138 9.9982E-05 0.681723
9.9973E-05 0.154772 0.0446432 9.9973E-05 9.9973E-05 0.800285
9.998E-05 0.0344357 9.998E-05 0.0291623 0.0742355 0.861967
9.9973E-05 0.420183 9.9973E-05 9.9973E-05 0.0089462 0.570571
9.9973E-05 0.514233 9.9973E-05 0.0238024 9.9973E-05 0.461665
0.153652 0.250751 9.997E-05 9.997E-05 9.997E-05 0.595297
9.99731E-05 0.120074 0.0656758 9.99731E-05 9.99731E-05 0.81395
0.226074 9.9982E-05 9.9982E-05 0.419279 0.34909 0.00535745
0.656459 0.0986662 0.0845521 0.120915 0.0393076 9.9991E-05
0.227626 0.0919934 9.9982E-05 0.640765 0.039415 9.9982E-05
0.197219 0.072514 9.9982E-05 0.506617 0.22345 9.9982E-05
0.542197 0.00971822 9.9982E-05 0.216073 0.231811 9.9982E-05
0.461804 0.0313487 9.9973E-05 0.506547 9.9973E-05 9.9973E-05
9.998E-05 9.998E-05 0.227564 0.527142 0.0593093 0.185785
9.9982E-05 0.000259787 0.223359 0.640968 0.135213 9.9982E-05
9.9982E-05 9.9982E-05 0.0728456 0.84219 0.0586759 0.0260889
0.0433239 9.9982E-05 0.138515 0.737582 0.0803793 9.9982E-05
0.0455017 0.118293 9.9982E-05 0.444115 0.39189 9.9982E-05
9.9982E-05 0.0364982 9.9982E-05 0.51751 0.427431 0.0183606
0.313497 0.0474059 0.280154 9.998E-05 0.358743 9.998E-05
0.457023 0.0567466 0.157114 0.0400867 0.288929 9.9991E-05
0.576214 9.9982E-05 9.9982E-05 0.129703 0.114599 0.179284
0.329792 9.9982E-05 9.9982E-05 0.106885 0.462843 0.10028
0.334127 9.9973E-05 9.9973E-05 0.290103 0.37547 9.9973E-05
9.9973E-05 9.9973E-05 0.0500714 0.891683 9.9973E-05 0.0579454
9.9973E-05 9.9973E-05 0.0808956 0.656259 9.9973E-05 0.262546
0.130898 9.9982E-05 9.9982E-05 0.53401 0.267405 0.0674875
0.0901364 0.175435 9.999E-05 0.445886 0.0759671 0.212476
9.9991E-05 0.0458589 0.00262026 0.692316 0.114651 0.144454
0.192545 0.0663033 0.123116 0.600074 9.999E-05 0.0178607
0.173217 0.0290176 9.9982E-05 0.703725 0.0938404 9.9982E-05
0.0749073 9.9973E-05 0.530156 0.394637 9.9973E-05 9.9973E-05
0.0393918 0.082165 0.166589 0.346571 0.365183 9.999E-05
0.221233 0.0994424 9.9982E-05 0.305094 0.374031 9.9982E-05
9.998E-05 0.156043 0.481575 0.230059 0.132123 9.998E-05
0.0302006 9.998E-05 0.149703 0.549761 0.270135 9.998E-05
0.174526 9.9973E-05 9.9973E-05 0.614773 0.210402 9.9973E-05
0.700137 0.0701191 9.9973E-05 0.229444 9.9973E-05 9.9973E-05
0.822432 9.9973E-05 0.137153 9.9973E-05 9.9973E-05 0.0401157
0.890137 9.9964E-05 0.109463 9.9964E-05 9.9964E-05 9.9964E-05
0.701086 9.9973E-05 0.289801 0.00881356 9.9973E-05 9.9973E-05
0.81269 0.0476897 9.9973E-05 0.13932 9.9973E-05 9.9973E-05
0.242178 0.0610564 0.313803 0.374351 9.9991E-05 0.00851171
0.480283 0.121828 9.9973E-05 0.397589 9.9973E-05 9.9973E-05
0.0915172 0.0261658 0.228844 0.653273 9.9982E-05 9.9982E-05
0.125053 0.0394545 0.254707 0.580586 9.998E-05 9.998E-05
0.0762461 0.0874196 9.998E-05 0.604108 0.232026 9.998E-05
9.998E-05 0.313972 0.0928677 0.209779 9.998E-05 0.383181
9.9982E-05 0.436854 9.9982E-05 0.139558 0.0536872 0.369701
9.9964E-05 0.926678 0.0729221 9.9964E-05 9.9964E-05 9.9964E-05
0.0374584 0.575417 0.14375 9.998E-05 9.998E-05 0.243175
9.9973E-05 0.590018 0.0123206 9.9973E-05 9.9973E-05 0.397361
0.14502 0.651737 0.0709141 9.9982E-05 9.9982E-05 0.132129
0.1749 9.9973E-05 0.0205707 9.9973E-05 9.9973E-05 0.80423
0.0144084 0.0550121 9.9991E-05 0.0769834 0.0736985 0.779798
9.9973E-05 0.188961 9.9973E-05 9.9973E-05 0.0581029 0.752636
0.0313671 0.433595 9.9973E-05 9.9973E-05 9.9973E-05 0.534738
9.998E-05 0.219463 9.998E-05 0.205787 0.0352915 0.539258
9.99731E-05 0.675602 9.99731E-05 0.0906639 9.99731E-05 0.233434
9.997E-05 0.163309 9.997E-05 0.139535 9.997E-05 0.696856
9.997E-05 0.384273 9.997E-05 0.0516181 9.997E-05 0.563809
9.9982E-05 0.0160283 9.9982E-05 0.161801 0.0274583 0.794512
9.998E-05 0.448254 9.998E-05 0.070773 0.0294487 0.451324
9.9982E-05 0.0133878 9.9982E-05 0.0211446 0.0662631 0.899004
0.0299924 0.626947 9.998E-05 9.998E-05 0.0805079 0.262353
9.9973E-05 0.632558 9.9973E-05 0.187197 9.9973E-05 0.179945
0.115992 0.694545 9.9982E-05 0.0107228 9.9982E-05 0.17854
9.997E-05 0.534327 9.997E-05 9.997E-05 0.0655196 0.399854
0.0208419 0.954691 9.9973E-05 9.9973E-05 0.0241667 9.9973E-05
9.9973E-05 0.702755 0.029125 9.9973E-05 9.9973E-05 0.267821
0.0574445 0.167701 9.9982E-05 0.0113848 9.9982E-05 0.763269
0.202911 0.708318 9.998E-05 9.998E-05 0.0167146 0.0718569
0.0640357 0.0311654 0.106126 0.0110205 0.787553 9.9991E-05
9.9964E-05 0.142604 0.856996 9.9964E-05 9.9964E-05 9.9964E-05
9.997E-05 0.094098 0.759911 9.997E-05 0.145691 9.997E-05
0.146628 0.051068 9.9973E-05 9.9973E-05 0.802004 9.9973E-05
0.278933 9.9973E-05 0.158117 9.9973E-05 0.562649 9.9973E-05
0.588176 9.99731E-05 0.372782 9.99731E-05 9.99731E-05 0.0387419
0.227022 9.9991E-05 0.184252 0.00737688 0.465309 0.11594
0.229963 9.999E-05 0.241867 0.0584807 0.379241 0.0903488
0.213107 9.997E-05 9.997E-05 9.997E-05 0.77489 0.0117031
0.210126 9.9973E-05 0.296095 9.9973E-05 0.493479 9.9973E-05
9.99731E-05 0.0880123 9.99731E-05 0.0414373 0.87025 9.99731E-05
0.00263578 0.0347704 9.9982E-05 0.307871 0.654523 9.9982E-05
0.0820763 0.00676721 9.9982E-05 0.19245 0.718507 9.9982E-05
0.107895 9.998E-05 9.998E-05 0.167142 0.680172 0.044591
0.583377 9.997E-05 9.997E-05 9.997E-05 0.411522 0.00480154
0.204995 9.99719E-05 9.99719E-05 0.227271 0.567434 9.99719E-05
0.00244333 0.0829103 9.9982E-05 0.12268 0.791767 9.9982E-05
9.9982E-05 0.0175715 9.9982E-05 0.226818 0.755157 0.000253648
9.998E-05 9.998E-05 0.14289 0.270969 0.544619 0.0413212
0.242953 9.9982E-05 0.37645 0.0334474 0.346949 9.9982E-05
0.0578678 9.9982E-05 0.439399 0.0291091 0.473424 9.9982E-05
0.0288222 9.998E-05 0.538917 0.0953249 0.336736 9.998E-05
9.9964E-05 9.9964E-05 0.595057 9.9964E-05 0.404543 9.9964E-05
0.197152 9.998E-05 0.0196133 9.998E-05 0.773199 0.00983531
0.0669286 9.9973E-05 9.9973E-05 0.112847 0.819925 9.9973E-05
0.092375 9.9982E-05 0.106578 0.193746 0.607101 9.9982E-05
0.057977 9.9973E-05 0.069315 9.9973E-05 0.872408 9.9973E-05
0.137653 9.9973E-05 9.9973E-05 9.9973E-05 0.851521 0.0105255
0.0113043 9.9982E-05 0.0951959 0.0184456 0.874854 9.9982E-05
9.998E-05 0.0106892 0.0925482 0.0854898 0.811073 9.998E-05
9.9964E-05 9.9964E-05 0.187582 9.9964E-05 0.812018 9.9964E-05
0.156656 9.998E-05 0.245333 0.12592 0.471891 9.998E-05
0.109767 0.0633494 0.351574 9.998E-05 0.475109 9.998E-05
0.112698 9.9982E-05 0.206874 0.0989445 0.581284 9.9982E-05
0.104761 9.9973E-05 0.118831 9.9973E-05 0.776108 9.9973E-05
0.108357 9.9973E-05 0.168019 9.9973E-05 0.723325 9.9973E-05
0.00539321 9.997E-05 0.249993 9.997E-05 0.744314 9.997E-05
0.0861206 9.9973E-05 0.148167 9.9973E-05 0.765413 9.9973E-05
9.9973E-05 9.9973E-05 0.703239 9.9973E-05 0.204121 0.0923403
9.9973E-05 9.9973E-05 0.636286 9.9973E-05 0.346452 0.0169619
9.9973E-05 9.9973E-05 0.413457 9.9973E-05 0.554001 0.032242
9.9964E-05 9.9964E-05 0.126176 9.9964E-05 0.873424 9.9964E-05
9.9982E-05 9.9982E-05 0.060643 0.0771209 0.801139 0.060897
9.9982E-05 0.024244 0.184182 0.0430501 0.748324 9.9982E-05
0.0322114 9.9973E-05 0.135594 9.9973E-05 0.831894 9.9973E-05
9.9991E-05 0.217232 0.128631 0.112399 0.526021 0.0156173
9.9973E-05 0.256983 9.9973E-05 9.9973E-05 0.624335 0.118382
0.0596691 9.9973E-05 0.25883 9.9973E-05 0.681201 9.9973E-05
0.0783721 9.9973E-05 0.700789 9.9973E-05 0.220539 9.9973E-05
9.9973E-05 9.9973E-05 0.403209 9.9973E-05 0.530961 0.0655302
9.9973E-05 9.9973E-05 0.597765 0.0655892 0.336346 9.9973E-05
0.0609416 9.9982E-05 0.9122 0.00196743 0.0246908 9.9982E-05
0.0380686 9.9973E-05 0.205686 9.9973E-05 0.755945 9.9973E-05
0.0180233 9.9982E-05 0.645214 0.0184845 0.318078 9.9982E-05
9.9973E-05 9.9973E-05 0.30045 0.0294952 0.669754 9.9973E-05
0.161902 9.9982E-05 0.353307 0.0277637 0.456827 9.9982E-05
9.9973E-05 9.9973E-05 0.496283 9.9973E-05 0.465861 0.037557
0.0538608 0.0496316 0.174617 9.9982E-05 9.9982E-05 0.721691
0.047387 0.48414 0.0402633 9.9991E-05 0.0328737 0.395236
0.0991795 0.35255 0.0405836 9.998E-05 9.998E-05 0.507487
0.131013 0.64285 0.0688506 9.9982E-05 9.9982E-05 0.157086
0.0447464 0.666617 0.0412611 9.9991E-05 0.109252 0.138024
0.00731846 0.810672 9.9973E-05 9.9973E-05 9.9973E-05 0.181709
9.9973E-05 0.378359 0.047942 9.9973E-05 9.9973E-05 0.573399
9.9973E-05 0.136113 9.9973E-05 9.9973E-05 0.0511146 0.812472
0.00083306 9.99731E-05 0.156645 9.99731E-05 9.99731E-05 0.842222
9.9973E-05 0.629541 9.9973E-05 9.9973E-05 0.1038 0.266359
9.99641E-05 0.944151 9.99641E-05 0.0554491 9.99641E-05 9.99641E-05
9.9964E-05 0.938274 9.9964E-05 0.0613259 9.9964E-05 9.9964E-05
9.9973E-05 0.916116 9.9973E-05 0.00639087 0.077193 9.9973E-05
