0.257372 0.103111 9.9991E-05 0.227164 0.412253
0.179223 0.446829 9.9991E-05 0.245454 0.128395
0.458125 0.15395 9.9991E-05 0.0529672 0.334857
0.373136 0.07164 0.0108412 0.14017 0.404213
0.745452 9.9982E-05 0.0265238 9.9982E-05 0.227824
0.411984 9.9982E-05 9.9982E-05 0.0432078 0.544609
9.9973E-05 0.613597 0.386103 9.9973E-05 9.9973E-05
0.0218082 0.295981 0.517424 0.146061 0.0187253
9.9973E-05 0.404569 0.595131 9.9973E-05 9.9973E-05
9.9973E-05 0.418534 0.581166 9.9973E-05 9.9973E-05
9.9973E-05 0.522995 0.476705 9.9973E-05 9.9973E-05
0.00441529 0.525645 0.46974 9.9982E-05 9.9982E-05
9.9973E-05 0.231419 0.768281 9.9973E-05 9.9973E-05
9.9973E-05 0.270964 0.728736 9.9973E-05 9.9973E-05
9.9973E-05 0.45488 0.54482 9.9973E-05 9.9973E-05
9.9973E-05 0.519529 0.480172 9.9973E-05 9.9973E-05
0.330771 0.0578208 0.00920885 0.0414666 0.560733
0.135225 0.383582 0.0095404 9.9991E-05 0.471553
0.0992254 0.125463 0.0713057 9.9991E-05 0.703906
0.228352 9.9982E-05 0.0906921 9.9982E-05 0.680756
0.315901 0.209902 9.9982E-05 9.9982E-05 0.473997
0.0214889 0.204865 9.9982E-05 9.9982E-05 0.773446
0.161899 0.240911 0.0190956 0.144089 0.434005
0.142041 9.9991E-05 0.0913731 0.298299 0.468187
0.0780877 9.9991E-05 0.0626955 0.139876 0.719241
0.0593489 9.9982E-05 9.9982E-05 0.188716 0.751735
0.347802 9.9982E-05 0.118444 9.9982E-05 0.533554
0.45565 9.9982E-05 0.0922361 9.9982E-05 0.451914
0.345441 0.171168 0.0394004 0.304251 0.13974
0.335675 0.314731 0.0426491 0.0912775 0.215667
0.124786 0.559492 9.9982E-05 9.9982E-05 0.315522
0.435224 0.282759 9.9982E-05 9.9982E-05 0.281818
0.382295 0.181419 9.9982E-05 9.9982E-05 0.436086
9.9982E-05 9.9982E-05 0.0755997 0.207664 0.716537
9.9982E-05 0.328322 9.9982E-05 0.0610654 0.610412
0.285873 0.135367 0.0151061 9.9991E-05 0.563555
0.0636419 0.202501 0.257734 9.9991E-05 0.476022
0.138579 0.105935 0.09347 9.9991E-05 0.661916
9.9991E-05 0.11693 0.0619074 0.156992 0.66407
0.0582686 0.0372968 0.0479085 0.0392966 0.81723
9.9982E-05 0.0126507 9.9982E-05 0.565345 0.421804
0.410552 9.9991E-05 0.0590078 0.191575 0.338765
0.401093 0.0760186 0.0871844 9.9991E-05 0.435604
0.116776 9.9991E-05 0.179959 0.519199 0.183966
0.20853 0.0077772 9.9991E-05 0.223455 0.560138
0.178304 0.0727639 9.9991E-05 0.0341575 0.714675
9.9982E-05 0.37573 0.0083561 9.9982E-05 0.615714
0.0935222 0.574803 9.9991E-05 0.0956099 0.235965
0.00333378 0.694152 9.9991E-05 0.144189 0.158225
0.00870606 0.410385 9.9991E-05 0.325983 0.254826
0.106524 0.420631 9.9982E-05 9.9982E-05 0.472644
9.9991E-05 0.0553497 0.118981 0.403288 0.422281
0.0514295 0.182395 0.0549209 0.0321643 0.67909
9.9982E-05 9.9982E-05 0.0755328 0.325806 0.598462
9.9991E-05 0.0164006 0.0545311 0.32641 0.602559
0.145056 9.9982E-05 0.0597687 9.9982E-05 0.794975
9.9991E-05 0.172636 0.57627 0.146692 0.104302
0.0049149 0.102234 0.761575 0.116742 0.0145344
0.0345217 9.9982E-05 0.953714 9.9982E-05 0.0115644
9.9982E-05 0.19982 0.694388 0.105591 9.9982E-05
9.9982E-05 0.163471 0.829728 0.00660076 9.9982E-05
0.0595499 0.194152 0.712677 9.9991E-05 0.0335207
9.9973E-05 0.886396 0.113304 9.9973E-05 9.9973E-05
0.0202826 0.566683 0.373661 9.9991E-05 0.0392734
9.99729E-05 0.43379 0.56591 9.99729E-05 9.99729E-05
9.9973E-05 0.286619 0.713081 9.9973E-05 9.9973E-05
0.00221502 0.284432 0.592833 9.9991E-05 0.12042
9.9991E-05 0.0416293 0.90302 0.0152179 0.040033
9.9982E-05 0.454442 0.520621 9.9982E-05 0.0247367
9.9982E-05 0.2451 0.720775 9.9982E-05 0.0339253
0.0523359 0.515963 0.425497 9.9991E-05 0.00610449
0.0599858 0.209066 0.687204 9.9991E-05 0.0436443
9.9973E-05 0.548875 0.450825 9.9973E-05 9.9973E-05
0.0323101 0.109119 0.80603 9.9991E-05 0.0524413
9.9973E-05 9.9973E-05 0.834154 9.9973E-05 0.165547
0.0355569 0.114383 0.832346 9.9991E-05 0.0176138
0.086086 0.188674 0.72504 9.9982E-05 9.9982E-05
0.0420123 9.9973E-05 0.957688 9.9973E-05 9.9973E-05
9.9982E-05 0.127079 0.852004 0.0207171 9.9982E-05
9.99729E-05 0.518192 0.481508 9.99729E-05 9.99729E-05
0.0327221 0.119094 0.750893 9.9991E-05 0.0971912
0.801084 9.9991E-05 0.0549222 0.069702 0.0741917
9.9982E-05 9.9982E-05 0.0848595 0.863737 0.051203
0.184249 9.9982E-05 0.113981 0.70157 9.9982E-05
0.858354 0.0691099 0.0344498 0.0255731 0.0125137
0.659552 0.177526 9.9991E-05 0.148485 0.0143369
0.0916319 0.648212 9.99821E-05 0.259956 9.99821E-05
0.569724 0.332469 0.00279345 0.0744665 0.0205466
0.392093 0.248621 9.9991E-05 0.220361 0.138824
0.814054 0.133076 9.9982E-05 9.9982E-05 0.0526708
0.635785 0.18049 9.9982E-05 0.183525 9.9982E-05
0.85559 0.0128101 0.11605 9.9991E-05 0.0154502
0.676699 9.9982E-05 0.0178151 9.9982E-05 0.305286
0.735356 9.9973E-05 9.9973E-05 9.9973E-05 0.264344
0.701319 0.0667117 0.00922995 9.9991E-05 0.222639
0.512415 0.403918 9.9982E-05 9.9982E-05 0.0834672
0.596622 0.137019 9.9982E-05 9.9982E-05 0.266159
0.807558 9.9982E-05 0.0805487 9.9982E-05 0.111694
0.772226 9.9982E-05 0.0652036 9.9982E-05 0.162371
0.634967 0.0370256 9.9991E-05 0.10389 0.224018
0.34661 0.0965894 9.9991E-05 0.422786 0.133914
0.476344 9.9982E-05 9.9982E-05 0.468378 0.0550773
0.337696 9.9982E-05 9.9982E-05 0.535073 0.127031
0.431877 9.9973E-05 9.9973E-05 0.567823 9.9973E-05
0.810332 0.189368 9.9973E-05 9.9973E-05 9.9973E-05
0.847517 9.9982E-05 9.9982E-05 0.0304699 0.121813
0.561129 9.9982E-05 9.9982E-05 0.202155 0.236516
0.899234 9.9982E-05 0.0130757 0.08749 9.9982E-05
0.935078 0.0558044 0.00891722 9.9982E-05 9.9982E-05
0.88186 9.9982E-05 9.9982E-05 0.108308 0.00963133
0.838152 9.9991E-05 0.00216019 0.0899864 0.0696012
0.856647 9.9973E-05 9.9973E-05 0.143053 9.9973E-05
0.465655 0.0397045 9.9991E-05 0.290391 0.20415
0.524819 9.9991E-05 0.0613618 0.354607 0.0591118
0.679918 0.0924517 9.9991E-05 0.170261 0.0572692
0.877116 0.0724492 9.9982E-05 0.0502345 9.9982E-05
0.772748 9.9982E-05 0.00135576 0.225696 9.9982E-05
0.807762 9.9973E-05 9.9973E-05 0.191938 9.9973E-05
0.806601 0.0551393 9.9982E-05 0.138059 9.9982E-05
0.228151 0.0821528 9.9982E-05 0.689496 9.9982E-05
0.347783 0.0236127 9.9982E-05 0.628404 9.9982E-05
0.573082 9.9982E-05 0.0223168 0.404401 9.9982E-05
0.878144 9.9973E-05 9.9973E-05 0.121556 9.9973E-05
0.819391 0.00337432 0.0721527 0.056997 0.0480851
0.785861 9.9982E-05 0.043839 0.1701 9.9982E-05
0.865994 0.0059833 0.00409397 0.123828 9.9991E-05
0.553886 9.9982E-05 0.282649 0.163265 9.9982E-05
0.608556 0.00662093 0.350092 0.0346307 9.9991E-05
0.706946 0.0368538 9.9982E-05 0.256001 9.9982E-05
0.281139 0.0509093 9.9982E-05 0.667752 9.9982E-05
0.458809 0.135538 9.9982E-05 0.405453 9.9982E-05
0.375028 9.9982E-05 0.00437401 0.620398 9.9982E-05
9.9982E-05 0.0333124 9.9982E-05 0.944799 0.0216883
0.767276 0.00720938 9.9982E-05 0.225315 9.9982E-05
0.318909 9.9973E-05 9.9973E-05 0.680791 9.9973E-05
0.578793 9.9982E-05 9.9982E-05 0.370951 0.0500562
0.472328 0.0499699 9.9991E-05 0.40244 0.0751619
0.442914 0.0313007 9.9982E-05 0.525586 9.9982E-05
9.9982E-05 0.599419 0.342353 0.0580276 9.9982E-05
9.9973E-05 0.333819 0.665881 9.9973E-05 9.9973E-05
9.9982E-05 0.403905 0.579265 0.0166301 9.9982E-05
0.00924608 0.125235 0.759813 0.105606 9.9991E-05
0.131175 0.0840624 0.784563 9.9982E-05 9.9982E-05
0.0410047 0.0220886 0.936707 9.9982E-05 9.9982E-05
9.9982E-05 0.335164 0.651262 0.0133747 9.9982E-05
9.9973E-05 0.525962 0.473738 9.9973E-05 9.9973E-05
9.99731E-05 0.933459 0.0662407 9.99731E-05 9.99731E-05
0.0880112 0.0947307 0.817058 9.9982E-05 9.9982E-05
9.99731E-05 9.99731E-05 0.96147 9.99731E-05 0.0382299
9.9973E-05 9.9973E-05 0.953264 9.9973E-05 0.0464361
0.0407257 9.9982E-05 0.92271 9.9982E-05 0.0363647
