9.9973E-05 9.9973E-05 0.464342 9.9973E-05 0.40225 0.133108
9.9982E-05 0.0246705 0.0967409 9.9982E-05 0.416047 0.462342
9.9982E-05 0.0148096 0.385759 9.9982E-05 0.474636 0.124595
0.0427039 0.0859639 0.425533 9.9991E-05 0.384971 0.060729
0.0548057 9.9973E-05 0.293883 9.9973E-05 0.651012 9.9973E-05
0.0232351 0.0315296 0.486096 9.9982E-05 0.458939 9.9982E-05
9.9973E-05 0.1008 9.9973E-05 0.733678 9.9973E-05 0.165222
9.9973E-05 0.113382 9.9973E-05 0.756961 0.129357 9.9973E-05
0.006053 0.0183764 9.9991E-05 0.912918 0.061067 0.00148601
9.9982E-05 0.0833915 0.0195351 0.887125 9.9982E-05 0.00974804
9.9973E-05 9.9973E-05 9.9973E-05 0.781952 0.0022428 0.215505
9.9982E-05 9.9982E-05 0.0126571 0.627169 0.0317988 0.328175
0.119216 9.9973E-05 9.9973E-05 0.853487 0.026997 9.9973E-05
0.0807981 9.9973E-05 0.0322819 0.88662 9.9973E-05 9.9973E-05
9.9973E-05 0.0799973 9.9973E-05 0.819304 9.9973E-05 0.100399
9.9973E-05 0.0502336 9.9973E-05 0.747187 9.9973E-05 0.202279
0.0439076 0.185703 0.510596 9.9982E-05 0.259594 9.9982E-05
0.112017 0.661699 0.174236 9.9982E-05 0.0518478 9.9982E-05
0.0415437 0.218387 0.709062 0.0125865 9.9991E-05 0.0183209
0.10426 0.163043 0.626167 9.9982E-05 0.106331 9.9982E-05
0.0567098 0.49053 0.26918 9.9982E-05 0.18338 9.9982E-05
0.0552047 0.441563 0.502932 9.9973E-05 9.9973E-05 9.9973E-05
9.9982E-05 9.9982E-05 0.521963 0.0283394 0.185844 0.263653
9.9973E-05 9.9973E-05 0.719281 9.9973E-05 0.172527 0.107892
9.99731E-05 9.99731E-05 0.89898 0.0362221 0.0644976 9.99731E-05
9.9973E-05 0.102195 0.715107 9.9973E-05 0.182399 9.9973E-05
0.167048 0.0276656 0.512004 9.9982E-05 0.293082 9.9982E-05
0.0233696 9.9982E-05 0.557661 0.115082 0.303687 9.9982E-05
9.9982E-05 0.274509 0.0328592 0.149818 0.542614 9.9982E-05
9.9982E-05 0.428911 0.0478201 0.185607 0.337462 9.9982E-05
9.9982E-05 0.325228 0.24221 9.9982E-05 0.0156575 0.416704
0.0719808 0.25443 0.190309 0.00242089 0.350984 0.129875
9.9982E-05 0.273279 0.427884 9.9982E-05 0.280678 0.0179591
9.9973E-05 9.9973E-05 0.870297 0.0434724 9.9973E-05 0.0859302
9.99639E-05 9.99639E-05 0.612922 9.99639E-05 9.99639E-05 0.386678
9.9991E-05 0.14024 0.599476 0.0506951 0.166475 0.0430141
0.24225 0.0202049 0.451574 9.9982E-05 9.9982E-05 0.285772
0.0913939 9.9982E-05 0.731485 9.9982E-05 0.0465509 0.13037
0.0222481 0.178747 0.688766 0.00102425 9.9991E-05 0.109115
0.0206316 0.184603 0.745228 0.0377698 0.011668 9.9991E-05
9.9982E-05 0.136128 0.456887 9.9982E-05 0.303187 0.103598
0.103056 0.0734819 0.346851 9.9982E-05 0.476411 9.9982E-05
0.1506 0.17434 0.432731 9.9991E-05 0.230595 0.0116327
0.115382 9.9991E-05 0.285593 0.0456194 0.445361 0.107945
9.9982E-05 0.115793 0.555468 0.0201239 0.308415 9.9982E-05
0.00303188 0.213404 0.675536 9.9991E-05 0.105685 0.00224411
0.112782 0.670416 0.216503 9.9973E-05 9.9973E-05 9.9973E-05
0.0151698 0.742967 0.0183994 9.9991E-05 0.0591742 0.16419
9.9964E-05 0.834689 9.9964E-05 9.9964E-05 9.9964E-05 0.164911
9.9973E-05 0.763005 9.9973E-05 9.9973E-05 0.22895 0.007745
0.0479928 0.755622 0.163129 0.0330563 9.9982E-05 9.9982E-05
9.9991E-05 0.253286 0.398513 0.13245 0.140923 0.0747279
0.107793 0.48716 0.404746 9.9973E-05 9.9973E-05 9.9973E-05
9.9982E-05 0.161213 0.77594 9.9982E-05 0.0221771 0.0404699
9.9991E-05 0.209193 0.647581 0.0693418 0.0475257 0.0262591
0.0869796 0.0854302 0.708749 9.9982E-05 0.118641 9.9982E-05
0.0536588 9.9991E-05 0.243323 0.611667 0.0224749 0.0687766
0.12164 9.9973E-05 0.14146 0.736601 9.9973E-05 9.9973E-05
0.877304 9.9982E-05 0.00587463 0.0488336 0.0677877 9.9982E-05
0.457706 0.0895567 0.0466737 0.269524 9.9991E-05 0.136439
0.582006 9.9973E-05 9.9973E-05 0.288924 9.9973E-05 0.128771
0.734657 0.141844 9.9973E-05 9.9973E-05 9.9973E-05 0.123199
9.99729E-05 0.0563175 9.99729E-05 0.175416 9.99729E-05 0.767967
0.256185 9.9982E-05 0.0517794 0.166512 9.9982E-05 0.525324
0.0129704 9.9982E-05 9.9982E-05 0.799955 0.0200216 0.166853
0.0677927 0.0166857 0.0102788 0.905043 9.9982E-05 9.9982E-05
0.0464205 9.9982E-05 0.169233 0.68153 9.9982E-05 0.102616
0.391847 9.99731E-05 0.143005 0.464848 9.99731E-05 9.99731E-05
0.276837 9.9982E-05 0.0502074 0.235084 9.9982E-05 0.437671
0.289829 9.9982E-05 0.0503978 0.49053 9.9982E-05 0.169043
0.156215 9.9982E-05 0.102133 0.26769 9.9982E-05 0.473762
0.358189 9.9991E-05 0.0783808 0.443317 0.0164077 0.103606
0.0948983 9.99729E-05 9.99729E-05 0.436341 9.99729E-05 0.46846
0.699887 0.0934184 9.9991E-05 0.134666 0.0076708 0.064258
0.629731 0.0256352 0.134881 0.209553 9.9982E-05 9.9982E-05
0.728043 0.127598 9.9982E-05 0.0510098 9.9982E-05 0.0931488
0.583619 9.9973E-05 9.9973E-05 0.208488 9.9973E-05 0.207593
0.979995 9.9964E-05 9.9964E-05 9.9964E-05 0.0196047 9.9964E-05
0.583674 9.9973E-05 9.9973E-05 0.348289 9.9973E-05 0.0677371
0.247056 0.0677967 9.9982E-05 0.310478 9.9982E-05 0.374469
0.730039 0.19386 9.9982E-05 0.0683452 0.00755657 9.9982E-05
0.107809 0.00596286 0.0411112 9.9982E-05 0.844917 9.9982E-05
0.000275337 0.0145067 0.00150481 9.9991E-05 0.748033 0.23558
0.0175842 9.9973E-05 9.9973E-05 9.9973E-05 0.75794 0.224176
0.108323 0.0635875 0.033882 9.9982E-05 0.794007 9.9982E-05
9.9973E-05 0.283293 9.9973E-05 0.0813719 0.635035 9.9973E-05
9.99731E-05 0.423688 9.99731E-05 9.99731E-05 0.187386 0.388626
0.0253747 0.157433 0.0507808 0.0196671 0.578981 0.167763
9.9991E-05 0.138367 0.125758 0.055915 0.496923 0.182937
0.07054 0.144665 0.0625853 9.9982E-05 0.72201 9.9982E-05
9.9973E-05 0.100082 9.9973E-05 9.9973E-05 0.711454 0.188165
0.164364 9.9973E-05 0.10824 9.9973E-05 0.727095 9.9973E-05
0.0703978 9.9973E-05 0.458887 9.9973E-05 0.470415 9.9973E-05
9.9982E-05 0.00253651 0.315712 0.0692619 0.612289 9.9982E-05
0.0572893 9.9982E-05 0.28124 9.9982E-05 0.567145 0.0941253
0.0228604 0.408054 0.0255265 0.0103111 0.415978 0.11727
9.9982E-05 0.161845 0.374802 9.9982E-05 0.426076 0.0370773
0.135017 9.9973E-05 0.200975 9.9973E-05 0.663708 9.9973E-05
0.095477 9.9973E-05 0.347448 9.9973E-05 0.556775 9.9973E-05
9.9982E-05 9.9982E-05 0.354533 0.0462282 0.565381 0.0336582
9.9982E-05 0.300427 0.037813 0.0261755 0.635385 9.9982E-05
9.9973E-05 0.110491 0.0178538 9.9973E-05 0.871355 9.9973E-05
9.9982E-05 0.126662 0.0100227 9.9982E-05 0.819031 0.0440842
9.9982E-05 0.0853749 9.9982E-05 0.000657127 0.838445 0.0753229
9.9973E-05 0.191012 9.9973E-05 0.0411692 0.767519 9.9973E-05
0.037596 0.0413967 0.0992986 9.9982E-05 0.821509 9.9982E-05
0.028861 0.126613 0.176803 9.9982E-05 0.667523 9.9982E-05
0.0419886 0.0416174 9.9982E-05 0.0544461 0.861748 9.9982E-05
0.119828 0.024307 9.9973E-05 9.9973E-05 0.855565 9.9973E-05
0.0315875 9.9982E-05 0.0481005 0.0244156 0.895697 9.9982E-05
0.0582521 9.9973E-05 0.114188 9.9973E-05 0.82726 9.9973E-05
0.00635519 9.9973E-05 0.0476091 9.9973E-05 0.945736 9.9973E-05
9.9973E-05 0.159089 0.172259 9.9973E-05 0.668352 9.9973E-05
0.0835012 0.155497 0.00977035 9.9982E-05 0.751031 9.9982E-05
9.9982E-05 0.0404578 0.082528 9.9982E-05 0.783066 0.0937485
0.0460075 0.0255183 0.0837033 9.9982E-05 0.844571 9.9982E-05
9.99731E-05 0.101301 9.99731E-05 0.0197279 0.878671 9.99731E-05
0.063267 0.0122043 0.0187113 9.9982E-05 0.905617 9.9982E-05
0.00530713 0.0825252 0.0413596 0.0240523 0.846656 9.9991E-05
9.9964E-05 9.9964E-05 9.9964E-05 9.9964E-05 0.706178 0.293423
9.9964E-05 9.9964E-05 9.9964E-05 9.9964E-05 0.748128 0.251472
9.9964E-05 9.9964E-05 9.9964E-05 9.9964E-05 0.841292 0.158308
0.0326286 9.9973E-05 0.0412961 9.9973E-05 0.925775 9.9973E-05
0.0812882 9.9991E-05 0.109249 0.0424128 0.760797 0.00615287
0.0650918 9.9982E-05 0.101637 9.9982E-05 0.822553 0.0105176
0.0480753 0.0118563 0.00156643 0.0185883 0.906431 0.0134822
0.0372209 9.9982E-05 0.115208 0.264219 0.583152 9.9982E-05
0.354242 9.9973E-05 9.9973E-05 0.0505497 0.594908 9.9973E-05
9.9973E-05 0.0813197 9.9973E-05 9.9973E-05 0.902035 0.0163449
9.9973E-05 0.0788808 9.9973E-05 9.9973E-05 0.79309 0.127729
9.9982E-05 9.9982E-05 0.00186155 0.00995572 0.809825 0.178158
9.9964E-05 9.9964E-05 9.9964E-05 9.9964E-05 0.86887 0.13073
9.9973E-05 0.110447 9.9973E-05 9.9973E-05 0.667343 0.22191
9.9964E-05 0.112317 9.9964E-05 9.9964E-05 0.887283 9.9964E-05
9.9982E-05 0.0317814 0.0423962 9.9982E-05 0.803267 0.122355
9.9982E-05 9.9982E-05 0.0321765 0.0281651 0.887758 0.0517005
9.9982E-05 0.110863 0.0644204 9.9982E-05 0.751742 0.0727755
9.9964E-05 9.9964E-05 9.9964E-05 9.9964E-05 0.834355 0.165245
0.282662 0.00405207 9.9973E-05 9.9973E-05 9.9973E-05 0.712986
0.480254 9.9973E-05 9.9973E-05 0.213457 9.9973E-05 0.305989
0.230669 0.109809 9.9982E-05 0.413198 9.9982E-05 0.246124
0.667137 0.043728 9.9991E-05 0.0559171 0.0800293 0.153089
0.671778 9.9982E-05 9.9982E-05 0.162258 0.111665 0.0540994
0.801468 0.0274492 9.9982E-05 0.127845 9.9982E-05 0.0430383
0.375901 9.9982E-05 0.00130889 0.294972 9.9982E-05 0.327619
0.232417 9.99729E-05 9.99729E-05 0.314878 9.99729E-05 0.452406
9.996E-05 9.996E-05 9.996E-05 9.996E-05 9.996E-05 0.9995
0.631715 0.00461042 9.9991E-05 0.18827 0.086164 0.0891408
0.954409 9.99641E-05 0.0451913 9.99641E-05 9.99641E-05 9.99641E-05
0.936652 9.99641E-05 0.0629478 9.99641E-05 9.99641E-05 9.99641E-05
0.887882 9.9982E-05 0.0406996 0.0671326 0.00408601 9.9982E-05
