9.99549E-05 0.340454 9.99549E-05 9.99549E-05 0.412748 0.134473 0.111825 9.99549E-05 9.99549E-05
9.99639E-05 0.258274 9.99639E-05 9.99639E-05 0.149685 9.99639E-05 0.268103 0.105689 0.217849
9.9955E-05 0.399715 9.9955E-05 9.9955E-05 0.297802 0.231272 9.9955E-05 9.9955E-05 0.0707113
0.156824 0.662111 0.0115727 9.9964E-05 0.132414 9.9964E-05 0.0366788 9.9964E-05 9.9964E-05
9.9955E-05 0.342924 0.00137813 9.9955E-05 0.150532 0.504666 9.9955E-05 9.9955E-05 9.9955E-05
0.157121 0.520106 0.00463235 9.9964E-05 0.268748 0.0489925 9.9964E-05 9.9964E-05 9.9964E-05
9.9955E-05 9.9955E-05 9.9955E-05 0.0313322 9.9955E-05 9.9955E-05 0.059912 0.877983 0.0302731
9.9955E-05 9.9955E-05 9.9955E-05 0.213456 9.9955E-05 0.131922 0.00545873 0.648664 9.9955E-05
0.0257478 0.0253277 0.0753845 9.9964E-05 9.9964E-05 9.9964E-05 0.0340494 0.839091 9.9964E-05
9.99461E-05 9.99461E-05 0.0274436 0.11254 9.99461E-05 9.99461E-05 9.99461E-05 0.859417 9.99461E-05
9.9946E-05 0.0724697 9.9946E-05 9.9946E-05 9.9946E-05 9.9946E-05 0.0340301 0.892901 9.9946E-05
0.0294012 9.9964E-05 9.9964E-05 9.9964E-05 0.0491905 0.0395829 0.0478452 0.83358 9.9964E-05
0.0699773 9.99461E-05 0.234133 9.99461E-05 9.99461E-05 9.99461E-05 9.99461E-05 0.69529 9.99461E-05
9.99461E-05 9.99461E-05 0.2212 0.131784 9.99461E-05 9.99461E-05 9.99461E-05 0.646416 9.99461E-05
9.9946E-05 0.11708 0.0424317 9.9946E-05 9.9946E-05 9.9946E-05 9.9946E-05 0.839889 9.9946E-05
9.99372E-05 9.99372E-05 9.99372E-05 9.99372E-05 9.99372E-05 9.99372E-05 0.0664816 0.932819 9.99372E-05
9.9964E-05 0.0832739 9.9964E-05 0.429978 0.151094 0.318452 0.0168023 9.9964E-05 9.9964E-05
9.9955E-05 0.194491 9.9955E-05 0.563924 9.9955E-05 9.9955E-05 9.9955E-05 0.0543605 0.186725
0.176983 9.99549E-05 9.99549E-05 0.408248 0.370733 9.99549E-05 9.99549E-05 9.99549E-05 0.0435369
0.246753 9.99549E-05 9.99549E-05 0.562111 0.08395 0.106686 9.99549E-05 9.99549E-05 9.99549E-05
0.0177553 0.0424226 9.99639E-05 0.522923 9.99639E-05 0.249852 9.99639E-05 9.99639E-05 0.166648
0.0729811 0.0599448 9.9955E-05 0.790258 9.9955E-05 9.9955E-05 9.9955E-05 9.9955E-05 0.0763169
9.996E-05 0.108737 9.996E-05 9.996E-05 0.654019 0.0547632 0.118268 0.0638127 9.996E-05
9.9946E-05 9.9946E-05 9.9946E-05 9.9946E-05 0.658357 0.267695 0.0733478 9.9946E-05 9.9946E-05
0.086901 9.9955E-05 9.9955E-05 0.0546627 0.765795 0.0921416 9.9955E-05 9.9955E-05 9.9955E-05
0.172134 0.0836577 9.9964E-05 0.386611 0.191366 9.9964E-05 0.165832 9.9964E-05 9.9964E-05
9.9955E-05 9.9955E-05 0.0267333 0.401813 0.208968 0.361987 9.9955E-05 9.9955E-05 9.9955E-05
0.118285 9.9964E-05 0.0237105 0.176806 0.282988 0.397811 9.9964E-05 9.9964E-05 9.9964E-05
9.9973E-05 0.216845 9.9973E-05 0.206318 9.9973E-05 0.256435 0.177042 0.0151228 0.127937
9.99641E-05 0.395689 9.99641E-05 0.174708 9.99641E-05 0.175057 9.99641E-05 0.0733523 0.180795
9.9946E-05 0.696063 9.9946E-05 9.9946E-05 9.9946E-05 9.9946E-05 9.9946E-05 0.0689967 0.23434
9.9964E-05 0.741463 9.9964E-05 0.035171 9.9964E-05 0.112115 9.9964E-05 0.107214 0.00363628
9.9937E-05 0.918601 9.9937E-05 0.0806992 9.9937E-05 9.9937E-05 9.9937E-05 9.9937E-05 9.9937E-05
9.9955E-05 0.0959596 9.9955E-05 0.0513182 0.789997 9.9955E-05 0.0622256 9.9955E-05 9.9955E-05
9.99369E-05 9.99369E-05 9.99369E-05 9.99369E-05 0.823087 9.99369E-05 9.99369E-05 9.99369E-05 0.176213
0.151076 0.0742198 9.9982E-05 0.348199 0.241752 0.13759 9.9982E-05 0.0192502 0.0277128
0.0604419 9.99549E-05 0.256403 9.99549E-05 0.495465 9.99549E-05 9.99549E-05 9.99549E-05 0.18719
0.0641621 9.9964E-05 0.0454611 0.19942 0.617549 0.0730086 9.9964E-05 9.9964E-05 9.9964E-05
0.0629437 9.9973E-05 0.0468507 0.291258 0.406497 9.9973E-05 0.0772058 9.9973E-05 0.114945
0.102121 0.112043 0.0119449 0.444231 0.30781 0.0215508 9.9973E-05 9.9973E-05 9.9973E-05
0.342467 0.0322933 9.9964E-05 0.102147 0.00728607 9.9964E-05 0.515406 9.9964E-05 9.9964E-05
0.582374 9.9964E-05 0.0409292 0.127566 9.9964E-05 9.9964E-05 0.239681 9.9964E-05 0.00904956
0.599563 0.0805865 0.0500201 0.132659 0.035512 9.9973E-05 9.9973E-05 9.9973E-05 0.101359
0.367131 9.9955E-05 0.094458 9.9955E-05 0.0411955 9.9955E-05 0.496716 9.9955E-05 9.9955E-05
0.351937 0.145362 9.9955E-05 0.27696 9.9955E-05 9.9955E-05 0.22524 9.9955E-05 9.9955E-05
0.19765 0.524457 9.9964E-05 0.134851 0.140055 9.9964E-05 9.9964E-05 9.9964E-05 0.00258833
9.9946E-05 9.9946E-05 9.9946E-05 0.740482 9.9946E-05 9.9946E-05 9.9946E-05 0.0293724 0.229546
9.99639E-05 0.0606329 9.99639E-05 0.381286 9.99639E-05 9.99639E-05 0.0701171 0.0275102 0.460054
9.99369E-05 9.99369E-05 9.99369E-05 0.236957 9.99369E-05 9.99369E-05 9.99369E-05 9.99369E-05 0.762344
9.99549E-05 9.99549E-05 9.99549E-05 0.341576 9.99549E-05 0.0259133 0.126355 9.99549E-05 0.505656
9.99459E-05 9.99459E-05 0.0215339 0.567813 9.99459E-05 9.99459E-05 9.99459E-05 9.99459E-05 0.410054
9.9955E-05 9.9955E-05 9.9955E-05 0.438542 0.08405 9.9955E-05 0.404437 0.072471 9.9955E-05
9.9964E-05 9.9964E-05 0.0366979 0.664645 0.0861231 0.0935525 9.9964E-05 9.9964E-05 0.118581
0.0626355 9.9955E-05 9.9955E-05 0.476114 0.157758 9.9955E-05 0.302993 9.9955E-05 9.9955E-05
9.99459E-05 9.99459E-05 9.99459E-05 0.516068 0.133467 9.99459E-05 0.349866 9.99459E-05 9.99459E-05
0.126865 0.300665 0.0133825 0.464782 0.0475177 0.0464879 9.9973E-05 9.9973E-05 9.9973E-05
9.9955E-05 9.9955E-05 0.231011 9.9955E-05 0.270613 9.9955E-05 0.100221 0.397655 9.9955E-05
0.0371862 9.9973E-05 0.402551 9.9973E-05 0.151362 0.0068806 0.000978083 0.400742 9.9973E-05
9.9955E-05 9.9955E-05 0.886295 9.9955E-05 0.0898834 0.0201056 0.00321593 9.9955E-05 9.9955E-05
9.9955E-05 9.9955E-05 0.447634 0.0873165 9.9955E-05 9.9955E-05 0.117116 0.347434 9.9955E-05
9.9946E-05 9.9946E-05 0.550744 9.9946E-05 9.9946E-05 9.9946E-05 0.0564832 0.392173 9.9946E-05
9.9973E-05 0.096468 0.636061 0.0572205 9.9973E-05 9.9973E-05 0.0416955 0.145502 0.022753
9.99459E-05 9.99459E-05 9.99459E-05 9.99459E-05 0.0527279 9.99459E-05 9.99459E-05 0.604955 0.341718
0.105903 0.125928 9.9955E-05 9.9955E-05 0.0578285 9.9955E-05 9.9955E-05 0.709841 9.9955E-05
0.106882 9.9955E-05 0.0410486 9.9955E-05 0.0280556 9.9955E-05 9.9955E-05 0.823514 9.9955E-05
9.9946E-05 9.9946E-05 0.231564 9.9946E-05 0.0284511 9.9946E-05 9.9946E-05 0.739386 9.9946E-05
0.0480693 9.9964E-05 0.222951 0.0618248 0.127413 9.9964E-05 9.9964E-05 0.539342 9.9964E-05
9.99461E-05 9.99461E-05 0.541835 9.99461E-05 0.20588 9.99461E-05 9.99461E-05 0.251686 9.99461E-05
9.9955E-05 9.9955E-05 0.149623 9.9955E-05 0.161505 9.9955E-05 9.9955E-05 0.553542 0.13483
9.9955E-05 9.9955E-05 0.243736 0.0331512 0.119322 9.9955E-05 9.9955E-05 0.603291 9.9955E-05
0.0604322 9.995E-05 9.995E-05 9.995E-05 0.197086 9.995E-05 9.995E-05 0.693162 0.0488199
9.9946E-05 9.9946E-05 0.417978 9.9946E-05 0.202498 9.9946E-05 9.9946E-05 0.378924 9.9946E-05
9.9964E-05 9.9964E-05 9.9964E-05 9.9964E-05 0.0478563 0.075776 0.00775996 0.864379 0.00382885
0.0644325 9.9955E-05 0.560287 0.110549 9.9955E-05 9.9955E-05 9.9955E-05 0.264232 9.9955E-05
9.9964E-05 0.0386318 0.624686 0.147104 0.0459771 9.9964E-05 9.9964E-05 0.143201 9.9964E-05
9.99549E-05 9.99549E-05 0.796109 0.0542976 9.99549E-05 9.99549E-05 9.99549E-05 0.027292 0.121802
0.159211 9.9946E-05 0.467538 9.9946E-05 9.9946E-05 9.9946E-05 9.9946E-05 0.372651 9.9946E-05
9.9937E-05 0.067692 0.931608 9.9937E-05 9.9937E-05 9.9937E-05 9.9937E-05 9.9937E-05 9.9937E-05
9.9964E-05 9.9964E-05 0.620209 9.9964E-05 0.0378438 9.9964E-05 0.0204948 0.309724 0.0113288
9.9964E-05 9.9964E-05 0.0975523 0.0776693 0.0188134 9.9964E-05 9.9964E-05 0.69622 0.109345
9.9946E-05 0.0858759 0.781844 9.9946E-05 9.9946E-05 9.9946E-05 9.9946E-05 9.9946E-05 0.131681
0.0234092 0.0371987 0.0163505 0.096744 0.0368737 0.785734 9.9982E-05 9.9982E-05 0.00348977
9.9946E-05 9.9946E-05 0.0810752 0.0641726 9.9946E-05 9.9946E-05 0.854152 9.9946E-05 9.9946E-05
9.9946E-05 9.9946E-05 0.0909392 9.9946E-05 9.9946E-05 0.150886 0.757575 9.9946E-05 9.9946E-05
0.0371951 0.0359432 0.0296342 0.0499502 0.0144622 0.758421 9.9982E-05 9.9982E-05 0.074194
9.99459E-05 9.99459E-05 9.99459E-05 0.169624 9.99459E-05 0.596162 9.99459E-05 9.99459E-05 0.233614
9.9937E-05 9.9937E-05 9.9937E-05 9.9937E-05 9.9937E-05 0.0243665 9.9937E-05 9.9937E-05 0.974934
0.564483 9.9973E-05 0.0120142 9.9973E-05 9.9973E-05 0.0423782 0.0463836 0.0116021 0.322839
0.380683 0.14479 9.997E-05 9.997E-05 0.0161581 9.997E-05 0.235698 0.0331379 0.189233
0.44176 0.137154 9.9955E-05 9.9955E-05 9.9955E-05 0.330905 9.9955E-05 9.9955E-05 0.0896811
0.300151 9.99549E-05 9.99549E-05 9.99549E-05 9.99549E-05 0.277262 0.0960056 9.99549E-05 0.326082
0.82698 9.9946E-05 0.0220822 9.9946E-05 9.9946E-05 0.150338 9.9946E-05 9.9946E-05 9.9946E-05
0.87024 0.12906 9.9937E-05 9.9937E-05 9.9937E-05 9.9937E-05 9.9937E-05 9.9937E-05 9.9937E-05
0.239083 0.332936 9.99549E-05 9.99549E-05 0.0936242 0.333858 9.99549E-05 9.99549E-05 9.99549E-05
0.573999 0.0888772 9.99639E-05 9.99639E-05 0.0649673 0.191814 9.99639E-05 9.99639E-05 0.0799426
0.241492 0.435158 9.99549E-05 9.99549E-05 9.99549E-05 9.99549E-05 9.99549E-05 0.0102391 0.312611
0.411787 0.476054 9.9964E-05 9.9964E-05 0.00608355 0.0360484 9.9964E-05 9.9964E-05 0.0696274
0.7307 9.99459E-05 9.99459E-05 9.99459E-05 9.99459E-05 0.256302 9.99459E-05 0.0123981 9.99459E-05
0.623152 0.00424959 9.9955E-05 9.9955E-05 0.113299 0.2588 9.9955E-05 9.9955E-05 9.9955E-05
0.515481 0.0726756 9.9973E-05 9.9973E-05 0.0583645 0.132923 0.209869 0.0103871 9.9973E-05
0.0901459 9.99639E-05 9.99639E-05 0.124671 9.99639E-05 0.296845 0.304591 9.99639E-05 0.183348
9.9946E-05 0.273343 9.9946E-05 9.9946E-05 9.9946E-05 0.340664 0.385393 9.9946E-05 9.9946E-05
9.9955E-05 9.9955E-05 9.9955E-05 0.0617394 0.0333064 0.385354 0.5191 9.9955E-05 9.9955E-05
0.0925393 9.9955E-05 9.9955E-05 0.0318045 9.9955E-05 0.268127 0.607029 9.9955E-05 9.9955E-05
9.9946E-05 9.9946E-05 0.0131411 9.9946E-05 9.9946E-05 0.73875 9.9946E-05 9.9946E-05 0.24751
9.9955E-05 0.063096 9.9955E-05 0.110999 0.0296393 0.795766 9.9955E-05 9.9955E-05 9.9955E-05
9.9964E-05 0.0916689 9.9964E-05 0.180124 0.0868201 0.610723 0.0302644 9.9964E-05 9.9964E-05
9.99551E-05 9.99551E-05 9.99551E-05 0.0375567 9.99551E-05 0.942811 9.99551E-05 0.0019319 0.0172004
9.9955E-05 0.0655059 9.9955E-05 9.9955E-05 0.0843594 0.816801 9.9955E-05 9.9955E-05 0.0328335
9.9955E-05 0.226035 9.9955E-05 9.9955E-05 0.0251887 0.730409 0.0178672 9.9955E-05 9.9955E-05
0.0310945 0.103644 9.996E-05 9.996E-05 0.0646758 0.733209 0.0669774 9.996E-05 9.996E-05
9.9946E-05 9.9946E-05 9.9946E-05 9.9946E-05 0.0467752 0.842679 0.109946 9.9946E-05 9.9946E-05
9.99459E-05 0.539885 9.99459E-05 9.99459E-05 9.99459E-05 0.243472 0.216043 9.99459E-05 9.99459E-05
0.0967116 9.9964E-05 0.0109529 0.191616 9.9964E-05 0.340348 0.359971 9.9964E-05 9.9964E-05
9.9955E-05 0.460811 9.9955E-05 9.9955E-05 0.038976 0.387683 0.112031 9.9955E-05 9.9955E-05
0.147155 9.99641E-05 9.99641E-05 0.0234064 0.0551264 0.699092 9.99641E-05 9.99641E-05 0.0748209
0.0399374 9.99551E-05 9.99551E-05 9.99551E-05 9.99551E-05 0.810529 0.040485 9.99551E-05 0.108549
0.0345019 9.9973E-05 9.9973E-05 0.027275 0.0232701 0.792302 0.104322 9.9973E-05 0.0180292
0.160422 9.99549E-05 9.99549E-05 9.99549E-05 9.99549E-05 0.697535 0.0215665 9.99549E-05 0.119976
9.9946E-05 9.9946E-05 9.9946E-05 9.9946E-05 0.159364 0.212402 0.627634 9.9946E-05 9.9946E-05
0.0875005 9.99568E-05 9.99568E-05 9.99568E-05 9.99568E-05 0.199114 0.660194 9.99568E-05 0.052691
9.9964E-05 0.00453657 9.9964E-05 9.9964E-05 0.0821237 0.523939 0.363526 9.9964E-05 0.0254751
0.0167121 0.146436 9.9955E-05 9.9955E-05 9.9955E-05 0.785726 0.0506264 9.9955E-05 9.9955E-05
0.0932779 0.142172 9.997E-05 9.997E-05 0.037283 0.663597 0.0423572 0.0210126 9.997E-05
0.138648 9.996E-05 0.00261056 9.996E-05 0.142444 0.655799 0.0600993 9.996E-05 9.996E-05
0.0441905 9.9964E-05 9.9964E-05 0.0132341 9.9964E-05 0.822438 0.0989913 0.0207463 9.9964E-05
9.9955E-05 9.9955E-05 0.137314 9.9955E-05 0.218017 0.591082 9.9955E-05 0.0530874 9.9955E-05
9.9955E-05 9.9955E-05 0.269306 9.9955E-05 0.00264364 0.621374 9.9955E-05 0.106176 9.9955E-05
9.9946E-05 9.9946E-05 9.9946E-05 9.9946E-05 9.9946E-05 0.75155 0.137912 9.9946E-05 0.109938
9.995E-05 0.0397601 9.995E-05 9.995E-05 9.995E-05 0.258197 0.644629 9.995E-05 0.0569143
0.0554663 9.9964E-05 9.9964E-05 9.9964E-05 0.0970038 0.444477 0.334675 9.9964E-05 0.0679788
0.0296 9.9955E-05 9.9955E-05 9.9955E-05 0.0968591 0.34963 0.523411 9.9955E-05 9.9955E-05
9.9955E-05 0.0796911 9.9955E-05 9.9955E-05 9.9955E-05 0.068768 0.829599 9.9955E-05 0.0214419
9.9955E-05 9.9955E-05 9.9955E-05 0.0158778 9.9955E-05 0.821345 0.126265 9.9955E-05 0.0360117
0.121286 9.9955E-05 9.9955E-05 9.9955E-05 9.9955E-05 0.29502 0.561112 9.9955E-05 0.022083
0.0524391 0.117089 9.9955E-05 9.9955E-05 9.9955E-05 0.564999 0.264973 9.9955E-05 9.9955E-05
9.99549E-05 0.410445 9.99549E-05 9.99549E-05 9.99549E-05 0.225342 0.31233 9.99549E-05 0.051383
9.9946E-05 9.9946E-05 9.9946E-05 9.9946E-05 9.9946E-05 0.541361 0.383322 9.9946E-05 0.074718
9.9964E-05 9.9964E-05 0.161906 9.9964E-05 0.0250565 9.9964E-05 0.141983 0.425785 0.244869
9.9973E-05 0.0846565 0.353962 9.9973E-05 0.0216011 9.9973E-05 0.025425 0.512207 0.00184802
9.99549E-05 9.99549E-05 0.255274 9.99549E-05 9.99549E-05 9.99549E-05 0.0677394 0.562676 0.11381
9.99639E-05 0.117619 0.624547 9.99639E-05 9.99639E-05 9.99639E-05 0.036309 0.145622 0.0755025
9.9964E-05 9.9964E-05 0.785295 9.9964E-05 9.9964E-05 0.0556746 0.0496431 0.0113571 0.0976306
9.9964E-05 0.005565 0.829844 9.9964E-05 9.9964E-05 9.9964E-05 0.00174669 0.128072 0.034372
0.0185137 9.9955E-05 0.305987 9.9955E-05 9.9955E-05 9.9955E-05 0.12633 0.54867 9.9955E-05
0.073938 9.9964E-05 0.0500742 9.9964E-05 0.0072332 9.9964E-05 9.9964E-05 0.796536 0.0718189
9.99371E-05 9.99371E-05 9.99371E-05 9.99371E-05 9.99371E-05 9.99371E-05 9.99371E-05 0.525846 0.473455
9.99459E-05 9.99459E-05 0.628261 9.99459E-05 9.99459E-05 0.118621 9.99459E-05 0.252518 9.99459E-05
9.99372E-05 9.99372E-05 0.907012 0.0922885 9.99372E-05 9.99372E-05 9.99372E-05 9.99372E-05 9.99372E-05
9.99461E-05 9.99461E-05 0.894131 0.0651034 0.0401662 9.99461E-05 9.99461E-05 9.99461E-05 9.99461E-05
0.0396842 9.99461E-05 0.901164 0.0585523 9.99461E-05 9.99461E-05 9.99461E-05 9.99461E-05 9.99461E-05
