0.0327941 0.0162673 0.119471 0.196585 9.9982E-05 0.220042 0.00422115 0.41042 9.9982E-05
0.293627 9.9982E-05 0.0144486 0.136892 9.9982E-05 0.188981 0.0778222 0.205182 0.0828477
0.156072 0.0869264 0.184051 0.278693 9.9964E-05 9.9964E-05 9.9964E-05 0.293858 9.9964E-05
0.0442505 0.0854392 0.610012 9.9982E-05 0.0125224 0.172779 0.0175299 0.0572675 9.9982E-05
9.9955E-05 9.9955E-05 0.270514 0.549993 0.032631 9.9955E-05 9.9955E-05 0.146362 9.9955E-05
0.00619416 0.113845 0.564867 0.0368406 9.9973E-05 0.0694661 9.9973E-05 0.208488 9.9973E-05
0.0285386 0.0532409 9.9964E-05 9.9964E-05 9.9964E-05 0.0273583 0.531338 9.9964E-05 0.359124
9.9964E-05 0.10178 9.9964E-05 0.157235 9.9964E-05 0.0163647 0.549737 9.9964E-05 0.174484
0.0561793 9.99549E-05 0.0354973 9.99549E-05 9.99549E-05 9.99549E-05 0.790205 9.99549E-05 0.117619
9.9946E-05 0.100983 9.9946E-05 9.9946E-05 9.9946E-05 9.9946E-05 0.664929 9.9946E-05 0.233489
0.0646015 9.99549E-05 9.99549E-05 9.99549E-05 9.99549E-05 0.0302622 0.657378 9.99549E-05 0.247259
9.9955E-05 9.9955E-05 9.9955E-05 0.0302296 9.9955E-05 9.9955E-05 0.215918 0.0298099 0.723543
9.9955E-05 9.9955E-05 9.9955E-05 0.00997795 0.190616 9.9955E-05 0.636734 9.9955E-05 0.162172
9.9946E-05 0.0862148 9.9946E-05 9.9946E-05 0.0209991 9.9946E-05 0.892186 9.9946E-05 9.9946E-05
0.0882815 9.99459E-05 9.99459E-05 9.99459E-05 9.99459E-05 9.99459E-05 0.740313 9.99459E-05 0.170806
0.0100812 9.99551E-05 9.99551E-05 9.99551E-05 9.99551E-05 0.0546408 0.553689 9.99551E-05 0.381089
9.9955E-05 0.418388 9.9955E-05 0.393119 9.9955E-05 9.9955E-05 9.9955E-05 0.169049 0.0189441
0.157737 0.701529 0.00948199 0.00595485 9.9973E-05 0.0779021 9.9973E-05 9.9973E-05 0.0470951
9.9964E-05 0.353643 0.174339 9.9964E-05 0.0353338 0.0375737 9.9964E-05 0.39871 9.9964E-05
9.9964E-05 0.485774 0.238641 0.123475 0.0320452 9.9964E-05 9.9964E-05 0.119665 9.9964E-05
0.104708 0.594779 0.0917231 0.20829 9.99549E-05 9.99549E-05 9.99549E-05 9.99549E-05 9.99549E-05
9.9937E-05 0.790632 0.208669 9.9937E-05 9.9937E-05 9.9937E-05 9.9937E-05 9.9937E-05 9.9937E-05
9.9955E-05 9.9955E-05 9.9955E-05 0.198641 9.9955E-05 0.0899207 9.9955E-05 0.579807 0.131132
9.9964E-05 9.9964E-05 0.0270525 0.203645 0.0369301 0.108485 9.9964E-05 0.623487 9.9964E-05
9.99641E-05 0.0110634 0.0616155 0.148908 9.99641E-05 9.99641E-05 0.0474594 0.730553 9.99641E-05
9.9955E-05 0.283417 0.352072 9.9955E-05 9.9955E-05 0.158369 9.9955E-05 0.205641 9.9955E-05
9.9955E-05 0.306011 9.9955E-05 0.379281 0.0768844 9.9955E-05 9.9955E-05 0.237324 9.9955E-05
9.9973E-05 0.132953 0.153322 0.402207 0.0291734 9.9973E-05 0.00785559 0.274188 9.9973E-05
0.0792693 0.247215 9.9964E-05 0.34636 9.9964E-05 0.222999 0.103758 9.9964E-05 9.9964E-05
0.171221 0.30795 9.9964E-05 0.302102 9.9964E-05 0.0828105 0.135517 9.9964E-05 9.9964E-05
0.238705 0.240522 0.281463 9.9955E-05 9.9955E-05 9.9955E-05 9.9955E-05 9.9955E-05 0.23881
0.0215073 0.281076 0.302125 0.246363 9.99639E-05 9.99639E-05 9.99639E-05 9.99639E-05 0.148528
9.9955E-05 0.403566 0.410207 0.128878 9.9955E-05 0.0568489 9.9955E-05 9.9955E-05 9.9955E-05
9.9955E-05 9.9955E-05 0.0936087 9.9955E-05 9.9955E-05 0.0160273 0.00556413 0.8843 9.9955E-05
0.179485 9.99459E-05 9.99459E-05 9.99459E-05 9.99459E-05 9.99459E-05 9.99459E-05 0.782938 0.0369776
9.9964E-05 0.295808 0.0930485 0.248601 9.9964E-05 9.9964E-05 9.9964E-05 0.304656 0.0574865
0.173209 9.9964E-05 0.0586678 9.9964E-05 0.251552 9.9964E-05 9.9964E-05 0.435281 0.0808897
9.9973E-05 0.10714 0.107446 0.117262 0.0687165 9.9973E-05 9.9973E-05 0.574273 0.0248616
0.155794 0.151496 0.130969 9.9973E-05 0.0332474 0.0514678 9.9973E-05 0.476726 9.9973E-05
9.9964E-05 0.309654 0.20254 0.0655447 0.0315264 9.9964E-05 9.9964E-05 0.390335 9.9964E-05
0.0141477 0.0624988 0.341627 9.9964E-05 9.9964E-05 0.516643 9.9964E-05 0.0646832 9.9964E-05
0.0210688 0.061158 0.455095 0.0842867 0.0862661 0.267165 9.9982E-05 0.02476 9.9982E-05
0.105772 0.0610365 0.61269 0.0132134 0.103106 9.9973E-05 9.9973E-05 0.103882 9.9973E-05
9.9955E-05 9.9955E-05 0.191868 9.9955E-05 0.166773 0.572289 9.9955E-05 0.0685697 9.9955E-05
9.99551E-05 0.187313 0.550816 9.99551E-05 9.99551E-05 0.244809 9.99551E-05 0.0165629 9.99551E-05
0.0821357 0.156558 0.561269 9.9955E-05 9.9955E-05 9.9955E-05 9.9955E-05 0.199537 9.9955E-05
0.063412 0.840343 9.9946E-05 9.9946E-05 9.9946E-05 9.9946E-05 9.9946E-05 9.9946E-05 0.0956458
0.395782 0.388472 9.99549E-05 9.99549E-05 9.99549E-05 0.0983829 9.99549E-05 9.99549E-05 0.116864
0.672529 0.326772 9.99369E-05 9.99369E-05 9.99369E-05 9.99369E-05 9.99369E-05 9.99369E-05 9.99369E-05
0.568547 0.257865 9.9964E-05 0.0212907 9.9964E-05 0.0989993 9.9964E-05 0.052898 9.9964E-05
0.322534 0.597921 9.99459E-05 9.99459E-05 9.99459E-05 9.99459E-05 0.0789454 9.99459E-05 9.99459E-05
9.9964E-05 0.398477 9.9964E-05 9.9964E-05 0.0143036 0.40974 0.0673066 0.109773 9.9964E-05
0.0150523 0.758198 9.9973E-05 0.0392253 0.0310112 0.098435 9.9973E-05 0.0577786 9.9973E-05
9.9955E-05 0.391479 9.9955E-05 9.9955E-05 0.0230277 0.310773 9.9955E-05 0.27422 9.9955E-05
9.99459E-05 0.389563 9.99459E-05 9.99459E-05 9.99459E-05 0.336451 9.99459E-05 0.273385 9.99459E-05
9.9973E-05 0.384014 0.278154 0.0823411 0.0623603 0.0181308 9.9973E-05 0.1747 9.9973E-05
9.9964E-05 9.9964E-05 9.9964E-05 9.9964E-05 0.254648 0.110022 0.156948 0.217817 0.260165
9.9955E-05 9.9955E-05 9.9955E-05 0.00689787 0.248721 9.9955E-05 0.530223 0.213658 9.9955E-05
9.9964E-05 9.9964E-05 0.00241639 9.9964E-05 0.858573 0.0360603 0.0325549 0.0699954 9.9964E-05
9.99639E-05 0.0855826 9.99639E-05 9.99639E-05 0.411717 0.121984 0.159223 9.99639E-05 0.221094
9.99459E-05 9.99459E-05 9.99459E-05 9.99459E-05 0.583106 9.99459E-05 0.00546787 9.99459E-05 0.410826
9.99549E-05 0.108481 9.99549E-05 9.99549E-05 0.527784 0.0529232 9.99549E-05 9.99549E-05 0.310313
0.221153 9.99369E-05 9.99369E-05 9.99369E-05 9.99369E-05 9.99369E-05 9.99369E-05 9.99369E-05 0.778147
9.9955E-05 0.0845364 0.0433241 9.9955E-05 9.9955E-05 9.9955E-05 9.9955E-05 0.0155147 0.856125
9.9964E-05 9.9964E-05 0.0551975 9.9964E-05 0.0640939 9.9964E-05 0.348356 0.0157932 0.516159
9.9955E-05 9.9955E-05 9.9955E-05 9.9955E-05 0.107492 9.9955E-05 0.694335 0.0124307 0.185242
9.9964E-05 9.9964E-05 0.0400067 9.9964E-05 0.195239 9.9964E-05 0.24049 0.170623 0.353241
9.99461E-05 9.99461E-05 9.99461E-05 9.99461E-05 0.373206 9.99461E-05 0.518825 0.107369 9.99461E-05
0.0283592 9.9964E-05 9.9964E-05 9.9964E-05 0.124288 9.9964E-05 0.208176 0.144437 0.49434
9.9964E-05 9.9964E-05 9.9964E-05 0.00880633 0.349541 9.9964E-05 0.169436 0.0897959 0.38202
9.9964E-05 9.9964E-05 0.00120299 9.9964E-05 0.0867332 9.9964E-05 0.0971644 0.141795 0.672704
9.9955E-05 9.9955E-05 9.9955E-05 9.9955E-05 0.365825 9.9955E-05 0.141152 0.163154 0.329369
9.9955E-05 9.9955E-05 9.9955E-05 0.0468692 0.0198067 9.9955E-05 9.9955E-05 0.0280133 0.904811
9.9964E-05 0.118575 9.9964E-05 0.00996534 0.579763 9.9964E-05 0.00843465 9.9964E-05 0.282862
9.9955E-05 0.16486 9.9955E-05 9.9955E-05 0.580579 9.9955E-05 0.238209 0.0158527 9.9955E-05
0.0238205 0.0717192 0.00993207 9.9964E-05 0.654728 9.9964E-05 9.9964E-05 9.9964E-05 0.2394
9.9946E-05 9.9946E-05 0.0899083 9.9946E-05 0.430679 9.9946E-05 9.9946E-05 9.9946E-05 0.478813
0.0214853 9.9955E-05 0.000982138 9.9955E-05 0.968554 9.9955E-05 9.9955E-05 9.9955E-05 0.00847838
9.9955E-05 9.9955E-05 9.9955E-05 9.9955E-05 0.532847 9.9955E-05 0.229662 0.0675801 0.169411
9.9955E-05 0.102561 9.9955E-05 9.9955E-05 0.111947 9.9955E-05 0.0268026 9.9955E-05 0.758189
0.0923955 0.0814876 0.0757636 9.9973E-05 0.658855 9.9973E-05 0.044928 9.9973E-05 0.04627
9.99641E-05 0.0655341 0.0781872 0.793354 0.0123791 9.99641E-05 9.99641E-05 0.0501455 9.99641E-05
9.9955E-05 0.0428237 9.9955E-05 0.0604024 0.0804679 0.815806 9.9955E-05 9.9955E-05 9.9955E-05
9.9955E-05 9.9955E-05 0.00779872 0.184407 0.101323 0.705972 9.9955E-05 9.9955E-05 9.9955E-05
0.10281 0.00779969 0.0357191 0.739036 9.9973E-05 9.9973E-05 0.095937 0.0183984 9.9973E-05
0.219738 0.0674764 9.9964E-05 0.636334 9.9964E-05 0.0205168 0.0555354 9.9964E-05 9.9964E-05
0.999201 9.993E-05 9.993E-05 9.993E-05 9.993E-05 9.993E-05 9.993E-05 9.993E-05 9.993E-05
0.251964 9.9973E-05 0.474377 0.0362029 9.9973E-05 0.150388 0.0792374 9.9973E-05 0.00753118
0.257029 9.9964E-05 0.467477 9.9964E-05 9.9964E-05 0.206415 0.0513945 0.017285 9.9964E-05
0.0937513 9.9955E-05 0.579946 0.317022 9.9955E-05 9.9955E-05 9.9955E-05 9.9955E-05 0.00878062
0.369986 9.99639E-05 0.157833 0.394195 9.99639E-05 0.0547674 9.99639E-05 0.0228188 9.99639E-05
9.9946E-05 9.9946E-05 0.71379 0.257445 0.0281655 9.9946E-05 9.9946E-05 9.9946E-05 9.9946E-05
9.9946E-05 9.9946E-05 0.949873 9.9946E-05 0.0283732 9.9946E-05 9.9946E-05 0.0211542 9.9946E-05
9.99549E-05 9.99549E-05 0.575954 0.28009 9.99549E-05 9.99549E-05 0.0334295 0.110027 9.99549E-05
0.0620506 9.9964E-05 0.70411 0.156928 9.9964E-05 9.9964E-05 9.9964E-05 0.0165006 0.0600111
0.327815 0.036208 0.574026 9.99639E-05 9.99639E-05 9.99639E-05 0.0219241 9.99639E-05 0.039627
0.10938 9.9964E-05 0.758949 0.0687399 9.9964E-05 9.9964E-05 0.0267033 0.0358277 9.9964E-05
9.9946E-05 9.9946E-05 0.737077 0.224758 9.9946E-05 9.9946E-05 0.0375649 9.9946E-05 9.9946E-05
9.9964E-05 9.9964E-05 0.620829 0.270392 0.0250176 9.9964E-05 9.9964E-05 0.0802836 0.00307802
9.99639E-05 9.99639E-05 0.508559 0.160945 9.99639E-05 0.238683 0.0215482 0.0698646 9.99639E-05
0.150332 0.129791 9.99639E-05 0.382609 9.99639E-05 0.306085 0.0307822 9.99639E-05 9.99639E-05
9.9955E-05 0.0386207 0.0874223 0.449396 9.9955E-05 0.424061 9.9955E-05 9.9955E-05 9.9955E-05
9.9955E-05 0.0715398 9.9955E-05 0.312131 9.9955E-05 0.557265 9.9955E-05 0.0585647 9.9955E-05
9.9946E-05 9.9946E-05 9.9946E-05 0.388796 9.9946E-05 0.586751 9.9946E-05 9.9946E-05 0.023853
0.216713 9.9946E-05 9.9946E-05 0.766976 9.9946E-05 9.9946E-05 9.9946E-05 9.9946E-05 0.0157113
9.9946E-05 0.104624 9.9946E-05 0.84886 9.9946E-05 9.9946E-05 9.9946E-05 0.0459164 9.9946E-05
9.9955E-05 0.149003 9.9955E-05 0.690355 9.9955E-05 0.0384066 9.9955E-05 0.121736 9.9955E-05
0.0106043 0.0475781 9.9955E-05 0.90454 9.9955E-05 9.9955E-05 0.0367783 9.9955E-05 9.9955E-05
0.0824367 9.9964E-05 9.9964E-05 0.832367 0.0250111 9.9964E-05 0.0131201 0.0466655 9.9964E-05
9.9964E-05 9.9964E-05 0.185111 0.722404 9.9964E-05 0.0788405 0.0106159 0.00262867 9.9964E-05
9.9955E-05 9.9955E-05 0.10511 0.751004 9.9955E-05 0.0317822 9.9955E-05 0.111604 9.9955E-05
9.9946E-05 9.9946E-05 9.9946E-05 0.818326 9.9946E-05 0.147509 9.9946E-05 0.0335651 9.9946E-05
0.0548831 0.0883835 0.251575 0.273971 9.9973E-05 0.300264 9.9973E-05 0.030624 9.9973E-05
9.9955E-05 0.157112 0.147819 0.339401 9.9955E-05 0.355169 9.9955E-05 9.9955E-05 9.9955E-05
0.135858 9.9964E-05 0.0884587 0.607342 9.9964E-05 0.0552977 9.9964E-05 0.112645 9.9964E-05
0.0672442 9.99551E-05 9.99551E-05 0.807896 9.99551E-05 9.99551E-05 9.99551E-05 0.0928795 0.0314807
0.104626 0.00725571 0.0503915 0.742041 9.99641E-05 0.0952862 9.99641E-05 9.99641E-05 9.99641E-05
0.0119635 9.9955E-05 9.9955E-05 0.801818 9.9955E-05 0.110915 9.9955E-05 0.0748039 9.9955E-05
0.148943 9.99459E-05 0.123812 0.726645 9.99459E-05 9.99459E-05 9.99459E-05 9.99459E-05 9.99459E-05
9.99461E-05 9.99461E-05 9.99461E-05 0.232785 9.99461E-05 0.567115 9.99461E-05 0.199501 9.99461E-05
0.130296 9.9955E-05 9.9955E-05 0.352035 9.9955E-05 0.49204 9.9955E-05 0.0251287 9.9955E-05
0.0667353 9.9964E-05 9.9964E-05 0.576886 9.9964E-05 0.320351 9.9964E-05 0.0257765 0.00985132
9.9946E-05 9.9946E-05 0.134639 0.75989 9.9946E-05 0.104872 9.9946E-05 9.9946E-05 9.9946E-05
9.9991E-05 0.00786764 0.212319 0.653933 0.0011291 0.0309233 0.0190038 0.0156351 0.059089
9.9964E-05 9.9964E-05 0.104424 0.666084 9.9964E-05 0.0785308 9.9964E-05 0.127231 0.023331
9.9955E-05 9.9955E-05 0.0223846 0.874295 9.9955E-05 0.0562623 9.9955E-05 9.9955E-05 0.046558
9.9955E-05 9.9955E-05 9.9955E-05 0.594869 0.0741211 9.9955E-05 0.139899 0.190612 9.9955E-05
9.9946E-05 9.9946E-05 9.9946E-05 0.603341 0.22372 9.9946E-05 9.9946E-05 9.9946E-05 0.172339
0.132745 9.9946E-05 9.9946E-05 0.749698 9.9946E-05 0.116957 9.9946E-05 9.9946E-05 9.9946E-05
0.0724462 9.99459E-05 9.99459E-05 0.278145 9.99459E-05 0.648809 9.99459E-05 9.99459E-05 9.99459E-05
0.0854995 9.9964E-05 9.9964E-05 0.398091 9.9964E-05 0.388125 9.9964E-05 0.109756 0.0181289
0.00936682 9.9973E-05 0.0176287 0.312528 9.9973E-05 0.588303 0.0031337 0.0687401 9.9973E-05
0.0328423 0.050355 9.9955E-05 0.0364661 9.9955E-05 0.879837 9.9955E-05 9.9955E-05 9.9955E-05
0.0929661 9.9946E-05 9.9946E-05 0.808694 9.9946E-05 0.0977399 9.9946E-05 9.9946E-05 9.9946E-05
9.9946E-05 9.9946E-05 0.0275845 0.243625 9.9946E-05 0.72819 9.9946E-05 9.9946E-05 9.9946E-05
9.9955E-05 9.9955E-05 0.100746 0.539153 9.9955E-05 0.351289 0.00831302 9.9955E-05 9.9955E-05
0.128141 0.0402304 0.122519 0.399646 9.99639E-05 0.309063 9.99639E-05 9.99639E-05 9.99639E-05
0.0451491 9.9955E-05 9.9955E-05 0.520808 9.9955E-05 0.411726 9.9955E-05 9.9955E-05 0.021817
0.0614191 9.9964E-05 9.9964E-05 0.000206504 0.0737483 0.122789 9.9964E-05 9.9964E-05 0.741437
9.9955E-05 0.0125749 9.9955E-05 9.9955E-05 0.36844 9.9955E-05 0.0673003 9.9955E-05 0.551185
0.075822 0.0113705 9.9973E-05 9.9973E-05 0.20581 0.0404195 0.14262 9.9973E-05 0.523659
0.122308 0.0189579 0.0118784 9.99819E-05 0.674835 0.0740068 0.0087567 9.99819E-05 0.0890573
0.122255 9.9964E-05 9.9964E-05 0.0596194 0.699896 9.9964E-05 0.0233553 9.9964E-05 0.0944748
9.9955E-05 0.0203906 9.9955E-05 9.9955E-05 0.737448 9.9955E-05 0.0566849 9.9955E-05 0.184976
9.9955E-05 9.9955E-05 9.9955E-05 9.9955E-05 0.24625 0.0678593 0.253549 9.9955E-05 0.431842
0.0227991 9.9964E-05 0.0100818 9.9964E-05 0.136643 9.9964E-05 0.121423 9.9964E-05 0.708654
0.365425 9.99371E-05 9.99371E-05 9.99371E-05 9.99371E-05 9.99371E-05 9.99371E-05 9.99371E-05 0.633875
0.0127108 9.9964E-05 9.9964E-05 0.10207 0.634792 9.9964E-05 0.0792667 9.9964E-05 0.17076
9.994E-05 9.994E-05 9.994E-05 9.994E-05 0.835677 9.994E-05 0.159086 0.00463765 9.994E-05
9.9955E-05 0.0110636 9.9955E-05 9.9955E-05 0.926596 0.00626572 9.9955E-05 0.0555745 9.9955E-05
9.99461E-05 9.99461E-05 9.99461E-05 0.0187179 0.842053 9.99461E-05 0.138629 9.99461E-05 9.99461E-05
