9.9973E-05 0.25082 0.190484 9.9973E-05 0.143906 0.105677 0.0156341 0.293179 9.9973E-05
0.109069 0.0540251 0.353647 0.219922 0.155784 9.9982E-05 0.0420346 0.0653184 9.9982E-05
0.0696789 0.223061 0.077193 0.0535366 0.346096 0.172963 9.9982E-05 0.0572723 9.9982E-05
0.0305743 9.9964E-05 0.0491284 9.9964E-05 0.499108 9.9964E-05 0.0375642 0.383226 9.9964E-05
9.995E-05 0.217101 0.00674867 9.995E-05 0.356164 0.419486 9.995E-05 9.995E-05 9.995E-05
9.9955E-05 0.217798 0.0905893 9.9955E-05 0.544165 9.9955E-05 9.9955E-05 0.146948 9.9955E-05
0.0838964 9.9955E-05 0.0036573 0.201058 9.9955E-05 9.9955E-05 0.710889 9.9955E-05 9.9955E-05
0.092807 0.0697556 0.0232081 0.0608534 9.9982E-05 0.148599 0.559654 9.9982E-05 0.0449226
0.0440599 9.9964E-05 0.00157936 0.0257845 0.0609241 9.9964E-05 0.867252 9.9964E-05 9.9964E-05
0.069333 9.9955E-05 9.9955E-05 0.00611904 9.9955E-05 9.9955E-05 0.863377 0.0606714 9.9955E-05
9.9955E-05 9.9955E-05 0.0163521 0.242156 0.0250612 9.9955E-05 0.71593 9.9955E-05 9.9955E-05
9.99549E-05 0.0790949 9.99549E-05 0.529634 9.99549E-05 0.0220713 0.3687 9.99549E-05 9.99549E-05
9.9955E-05 9.9955E-05 9.9955E-05 0.0699358 9.9955E-05 0.0263825 0.7258 9.9955E-05 0.177382
9.99461E-05 0.0384281 9.99461E-05 9.99461E-05 9.99461E-05 9.99461E-05 0.89061 9.99461E-05 0.0703625
0.0640191 9.9955E-05 9.9955E-05 0.0680301 0.0359161 9.9955E-05 0.831535 9.9955E-05 9.9955E-05
0.00732749 9.99551E-05 0.0705098 0.195785 9.99551E-05 9.99551E-05 0.725878 9.99551E-05 9.99551E-05
0.102496 0.514725 0.00104643 0.0373536 0.123044 0.221035 9.9973E-05 9.9973E-05 9.9973E-05
0.597234 0.152726 9.9964E-05 9.9964E-05 9.9964E-05 0.0273396 9.9964E-05 0.16374 0.0585611
0.148037 0.640164 9.9964E-05 9.9964E-05 0.186074 9.9964E-05 9.9964E-05 0.00837497 0.0169497
0.0720157 0.371742 9.9973E-05 9.9973E-05 0.124469 0.204712 9.9973E-05 0.140477 0.0862847
0.381619 0.201785 9.99639E-05 9.99639E-05 9.99639E-05 0.229166 9.99639E-05 0.169232 0.0177977
0.322664 0.303818 9.99549E-05 9.99549E-05 9.99549E-05 9.99549E-05 9.99549E-05 0.345489 0.0275294
9.9955E-05 0.571452 0.206165 0.131342 0.0905414 9.9955E-05 9.9955E-05 9.9955E-05 9.9955E-05
9.9964E-05 0.521286 0.201065 0.00246359 9.9964E-05 0.136687 9.9964E-05 0.138099 9.9964E-05
9.99641E-05 0.690988 0.0838081 9.99641E-05 0.134498 9.99641E-05 0.00567781 0.084628 9.99641E-05
9.9955E-05 0.328088 0.000666305 9.9955E-05 9.9955E-05 0.135579 9.9955E-05 0.535167 9.9955E-05
9.9946E-05 0.616002 9.9946E-05 9.9946E-05 9.9946E-05 0.332825 9.9946E-05 9.9946E-05 0.0505736
9.9964E-05 0.40388 9.9964E-05 9.9964E-05 0.120091 0.32102 0.0800432 0.0745664 9.9964E-05
0.264299 0.0138286 0.0792829 9.9973E-05 9.9973E-05 0.461678 0.0749336 0.105678 9.9973E-05
0.397409 9.9964E-05 9.9964E-05 9.9964E-05 9.9964E-05 0.279947 0.11737 0.204351 0.000523456
0.360173 9.994E-05 9.994E-05 0.276601 0.362626 9.994E-05 9.994E-05 9.994E-05 9.994E-05
0.202108 0.0526579 9.99639E-05 0.144883 0.451221 0.14873 9.99639E-05 9.99639E-05 9.99639E-05
0.203941 0.208053 9.9955E-05 9.9955E-05 0.587396 0.000109969 9.9955E-05 9.9955E-05 9.9955E-05
9.9955E-05 0.740547 0.0843045 9.9955E-05 0.0309454 9.9955E-05 9.9955E-05 0.143704 9.9955E-05
9.9946E-05 0.584719 0.066886 0.347795 9.9946E-05 9.9946E-05 9.9946E-05 9.9946E-05 9.9946E-05
0.0993894 0.503884 9.9964E-05 0.0490435 0.14073 0.206553 9.9964E-05 9.9964E-05 9.9964E-05
9.9964E-05 0.293583 9.9964E-05 0.255645 0.15061 9.9964E-05 9.9964E-05 0.105132 0.194629
9.9964E-05 0.696846 9.9964E-05 0.104736 0.171468 0.0148603 9.9964E-05 9.9964E-05 0.011691
0.110922 0.399531 0.150147 0.0268577 0.00525332 9.9991E-05 0.0596703 0.228381 0.0191379
0.155519 0.657616 9.9955E-05 9.9955E-05 0.175415 0.0109494 9.9955E-05 9.9955E-05 9.9955E-05
9.9937E-05 9.9937E-05 0.308653 9.9937E-05 9.9937E-05 9.9937E-05 9.9937E-05 0.690647 9.9937E-05
9.9964E-05 9.9964E-05 0.0209222 0.0322312 9.9964E-05 0.304721 9.9964E-05 0.582193 0.0595326
0.104875 9.9955E-05 9.9955E-05 9.9955E-05 0.360395 9.9955E-05 9.9955E-05 0.404796 0.129433
9.99549E-05 9.99549E-05 0.476394 9.99549E-05 0.124695 9.99549E-05 9.99549E-05 0.232379 0.166032
9.9937E-05 9.9937E-05 9.9937E-05 9.9937E-05 9.9937E-05 0.10159 9.9937E-05 0.897711 9.9937E-05
9.9955E-05 0.0110957 9.9955E-05 0.0378871 0.0588503 9.9955E-05 9.9955E-05 0.891667 9.9955E-05
0.626285 0.27143 9.9946E-05 9.9946E-05 9.9946E-05 9.9946E-05 9.9946E-05 9.9946E-05 0.101685
0.697553 0.0129169 0.124666 0.107175 0.051562 9.9973E-05 9.9973E-05 9.9973E-05 0.00582753
0.881281 9.9937E-05 0.118019 9.9937E-05 9.9937E-05 9.9937E-05 9.9937E-05 9.9937E-05 9.9937E-05
0.664615 0.0261545 0.240824 9.9955E-05 9.9955E-05 9.9955E-05 9.9955E-05 0.0679063 9.9955E-05
0.746782 0.143782 9.99729E-05 9.99729E-05 9.99729E-05 0.00783839 0.0216522 0.0565494 0.0230966
0.171105 0.335037 0.266913 9.9964E-05 9.9964E-05 9.9964E-05 0.107145 0.119401 9.9964E-05
0.389086 0.46671 9.9955E-05 9.9955E-05 9.9955E-05 0.0646888 9.9955E-05 9.9955E-05 0.0790155
0.0767537 0.495834 0.238632 9.9964E-05 9.9964E-05 9.9964E-05 9.9964E-05 0.180042 0.0083386
0.108957 0.55774 0.286018 9.9964E-05 9.9964E-05 9.9964E-05 0.0193751 0.0275101 9.9964E-05
9.9964E-05 0.425216 9.9964E-05 9.9964E-05 0.0804485 0.147421 9.9964E-05 0.283421 0.0630924
9.9973E-05 0.152946 0.117214 0.0660528 9.9973E-05 9.9973E-05 0.40356 0.0642962 0.195632
9.9964E-05 0.0197344 9.9964E-05 9.9964E-05 9.9964E-05 0.0677876 0.592021 0.0809491 0.239108
9.9955E-05 0.0330532 0.058857 9.9955E-05 9.9955E-05 9.9955E-05 0.0571771 9.9955E-05 0.850413
0.0427065 0.0357655 0.11628 0.0649754 9.9973E-05 9.9973E-05 0.24269 9.9973E-05 0.497283
9.99549E-05 9.99549E-05 0.025895 0.201931 9.99549E-05 9.99549E-05 0.148471 9.99549E-05 0.623203
0.0998699 9.9964E-05 0.0257757 0.196405 0.0192528 9.9964E-05 9.9964E-05 9.9964E-05 0.658296
0.127739 9.99459E-05 9.99459E-05 0.86607 9.99459E-05 9.99459E-05 0.00559066 9.99459E-05 9.99459E-05
9.99549E-05 0.085659 9.99549E-05 0.717842 0.010149 9.99549E-05 9.99549E-05 9.99549E-05 0.18585
9.99549E-05 9.99549E-05 9.99549E-05 0.297893 0.0768605 9.99549E-05 0.544135 9.99549E-05 0.0806116
0.0571054 9.9955E-05 9.9955E-05 0.0203444 9.9955E-05 9.9955E-05 0.784105 9.9955E-05 0.137945
9.9973E-05 0.0302185 9.9973E-05 0.200926 9.9973E-05 0.0026627 0.428376 0.163028 0.174489
9.99462E-05 0.116264 9.99462E-05 9.99462E-05 9.99462E-05 9.99462E-05 0.430775 9.99462E-05 0.452361
9.9955E-05 0.0922768 9.9955E-05 0.536555 9.9955E-05 9.9955E-05 0.211887 9.9955E-05 0.158781
9.9955E-05 0.133205 9.9955E-05 0.246104 9.9955E-05 9.9955E-05 0.336431 9.9955E-05 0.28376
9.9955E-05 0.18758 9.9955E-05 0.648817 9.9955E-05 9.9955E-05 0.115454 9.9955E-05 0.0476492
9.9964E-05 0.140627 9.9964E-05 0.252754 9.9964E-05 0.0378804 0.163786 9.9964E-05 0.404553
9.99639E-05 0.0203247 9.99639E-05 0.725357 9.99639E-05 0.0312489 0.137337 9.99639E-05 0.0853317
0.0227613 9.9973E-05 9.9973E-05 0.195964 9.9973E-05 0.0545517 0.0274003 0.00899928 0.690023
9.9955E-05 0.128587 9.9955E-05 9.9955E-05 9.9955E-05 9.9955E-05 0.180898 0.0679445 0.622071
0.107686 9.9955E-05 9.9955E-05 0.146366 9.9955E-05 9.9955E-05 9.9955E-05 0.0144552 0.730993
9.99459E-05 9.99459E-05 9.99459E-05 0.344939 0.0506631 9.99459E-05 9.99459E-05 9.99459E-05 0.603798
9.9937E-05 9.9937E-05 9.9937E-05 9.9937E-05 0.0426545 9.9937E-05 9.9937E-05 9.9937E-05 0.956646
9.9964E-05 0.00185416 0.0274527 0.094113 9.9964E-05 9.9964E-05 0.309753 9.9964E-05 0.566427
0.0524711 0.0470443 9.9964E-05 0.515292 9.9964E-05 9.9964E-05 0.151123 9.9964E-05 0.23367
0.0467409 9.9955E-05 9.9955E-05 0.090986 9.9955E-05 9.9955E-05 9.9955E-05 0.170836 0.690937
0.0111788 0.145908 9.99641E-05 9.99641E-05 9.99641E-05 0.748902 9.99641E-05 0.0922356 0.00137576
9.9955E-05 9.9955E-05 0.866024 9.9955E-05 0.0200564 0.0164748 9.9955E-05 9.9955E-05 0.0969451
9.9955E-05 9.9955E-05 0.804603 9.9955E-05 0.00591064 0.0809226 9.9955E-05 9.9955E-05 0.108064
0.0861423 0.0178843 9.9964E-05 9.9964E-05 0.165086 0.687652 0.0428354 9.9964E-05 9.9964E-05
0.231666 9.9964E-05 0.00171864 9.9964E-05 9.9964E-05 0.672027 0.0763696 0.0178181 9.9964E-05
0.590243 9.99461E-05 0.270354 0.138803 9.99461E-05 9.99461E-05 9.99461E-05 9.99461E-05 9.99461E-05
0.0811399 9.99731E-05 0.151504 0.139961 0.468567 0.0716169 9.99731E-05 0.0869109 9.99731E-05
0.107533 9.99551E-05 0.257817 9.99551E-05 0.556227 9.99551E-05 0.0779226 9.99551E-05 9.99551E-05
0.0742667 9.9964E-05 9.9964E-05 0.0339706 0.547069 0.331649 9.9964E-05 0.0126454 9.9964E-05
0.127579 9.9964E-05 0.292611 0.0381014 0.320255 0.221054 9.9964E-05 9.9964E-05 9.9964E-05
9.9946E-05 9.9946E-05 9.9946E-05 9.9946E-05 0.856506 0.080444 9.9946E-05 9.9946E-05 0.06245
9.9955E-05 0.0138713 9.9955E-05 9.9955E-05 0.92911 9.9955E-05 9.9955E-05 0.0268695 0.0296491
9.99549E-05 0.0625484 9.99549E-05 9.99549E-05 0.781715 0.126493 0.0287435 9.99549E-05 9.99549E-05
0.00443626 0.0245427 0.0675972 0.0181546 0.865282 0.0011744 9.9982E-05 9.9982E-05 0.0186126
0.382777 9.99549E-05 9.99549E-05 0.00288089 0.606774 9.99549E-05 0.00706804 9.99549E-05 9.99549E-05
0.117587 0.0321084 9.9964E-05 9.9964E-05 0.813956 9.9964E-05 0.0131054 0.0228433 9.9964E-05
9.9946E-05 9.9946E-05 9.9946E-05 9.9946E-05 0.580703 0.330268 9.9946E-05 9.9946E-05 0.0884289
9.9955E-05 0.0183435 9.9955E-05 9.9955E-05 0.812295 0.123374 9.9955E-05 9.9955E-05 0.0454881
9.9973E-05 0.0712092 0.177962 9.9973E-05 0.602266 0.102218 0.0344771 0.0115684 9.9973E-05
0.187036 9.9973E-05 0.301468 9.9973E-05 0.0292472 0.363923 0.0506801 0.0673458 9.9973E-05
0.0517345 9.9964E-05 0.327766 9.9964E-05 0.0956889 0.438417 9.9964E-05 0.0859939 9.9964E-05
0.0387696 0.0657708 0.544378 9.9955E-05 9.9955E-05 0.350582 9.9955E-05 9.9955E-05 9.9955E-05
0.01422 9.9955E-05 0.542139 9.9955E-05 9.9955E-05 0.431687 9.9955E-05 0.0114545 9.9955E-05
0.172077 9.9955E-05 9.9955E-05 0.0587436 0.00735756 0.761323 9.9955E-05 9.9955E-05 9.9955E-05
9.9937E-05 0.146126 9.9937E-05 9.9937E-05 9.9937E-05 0.853174 9.9937E-05 9.9937E-05 9.9937E-05
0.0775843 0.253756 9.9946E-05 9.9946E-05 9.9946E-05 0.66806 9.9946E-05 9.9946E-05 9.9946E-05
0.0374764 9.99461E-05 9.99461E-05 9.99461E-05 9.99461E-05 0.915491 0.0464331 9.99461E-05 9.99461E-05
0.00330083 9.9964E-05 9.9964E-05 0.060067 0.133121 0.790877 9.9964E-05 9.9964E-05 0.0122345
9.9946E-05 9.9946E-05 0.0580099 9.9946E-05 0.334309 0.607082 9.9946E-05 9.9946E-05 9.9946E-05
9.9955E-05 0.124552 9.9955E-05 9.9955E-05 0.0340424 0.806844 9.9955E-05 0.0340628 9.9955E-05
9.9955E-05 0.0327851 0.122271 9.9955E-05 0.0627521 0.781692 9.9955E-05 9.9955E-05 9.9955E-05
0.10055 9.9964E-05 0.220125 9.9964E-05 0.210521 0.2678 9.9964E-05 0.200604 9.9964E-05
0.0906696 0.0207495 0.258548 9.9973E-05 0.162723 0.420894 9.9973E-05 9.9973E-05 0.046117
0.0808227 0.0329765 0.216598 9.9964E-05 0.292777 0.376426 9.9964E-05 9.9964E-05 9.9964E-05
0.0352258 0.0292316 0.0373256 0.0141696 0.131179 0.707968 9.9982E-05 0.0447005 9.9982E-05
0.10551 9.99641E-05 0.0686794 9.99641E-05 9.99641E-05 0.711567 0.0134243 0.100419 9.99641E-05
9.9946E-05 0.0445592 0.119668 9.9946E-05 9.9946E-05 0.835174 9.9946E-05 9.9946E-05 9.9946E-05
0.0475897 9.99639E-05 0.0851035 9.99639E-05 0.160605 0.646119 9.99639E-05 0.0601831 9.99639E-05
9.9955E-05 0.0649163 0.707803 0.0641851 9.9955E-05 0.162596 9.9955E-05 9.9955E-05 9.9955E-05
9.9955E-05 9.9955E-05 0.588087 0.0618496 0.139455 0.210109 9.9955E-05 9.9955E-05 9.9955E-05
9.9955E-05 9.9955E-05 0.424816 0.0517356 0.146651 0.376297 9.9955E-05 9.9955E-05 9.9955E-05
9.9955E-05 9.9955E-05 0.064259 9.9955E-05 0.204022 0.67656 9.9955E-05 0.0546599 9.9955E-05
9.9982E-05 0.0422521 0.0665824 0.0360684 0.260568 0.560589 0.0136528 9.9982E-05 0.0200865
9.9964E-05 0.0475946 0.190342 9.9964E-05 0.23398 0.503557 9.9964E-05 9.9964E-05 0.0241267
9.9955E-05 9.9955E-05 0.0668598 0.0527205 0.0927377 0.787182 9.9955E-05 9.9955E-05 9.9955E-05
9.9964E-05 0.195408 0.0090459 9.9964E-05 9.9964E-05 0.582688 0.10089 9.9964E-05 0.111568
9.9973E-05 0.0799605 9.9973E-05 0.0958718 0.0341441 0.553693 0.0148552 9.9973E-05 0.221176
0.0884898 9.9964E-05 0.173441 0.00921708 0.0424598 0.685993 9.9964E-05 9.9964E-05 9.9964E-05
0.074886 9.99459E-05 0.644042 9.99459E-05 9.99459E-05 0.280472 9.99459E-05 9.99459E-05 9.99459E-05
9.9964E-05 9.9964E-05 0.333066 0.0539917 0.112922 0.433704 9.9964E-05 0.0659164 9.9964E-05
9.9955E-05 9.9955E-05 0.505506 9.9955E-05 9.9955E-05 0.378651 0.00625918 0.109084 9.9955E-05
0.0918973 9.9955E-05 0.802312 9.9955E-05 9.9955E-05 0.058144 9.9955E-05 0.0471464 9.9955E-05
0.101939 9.9946E-05 0.0329751 9.9946E-05 9.9946E-05 0.864486 9.9946E-05 9.9946E-05 9.9946E-05
0.0122437 9.9964E-05 0.531291 9.9964E-05 0.0414484 0.310861 9.9964E-05 0.103756 9.9964E-05
9.9955E-05 9.9955E-05 0.203449 9.9955E-05 0.0793536 0.624939 9.9955E-05 0.0917594 9.9955E-05
0.12421 9.99549E-05 0.363521 9.99549E-05 0.284845 0.226924 9.99549E-05 9.99549E-05 9.99549E-05
0.0356351 9.9955E-05 0.339427 0.0712946 9.9955E-05 0.553143 9.9955E-05 9.9955E-05 9.9955E-05
0.0115789 9.9955E-05 0.0948717 0.705725 9.9955E-05 9.9955E-05 9.9955E-05 9.9955E-05 0.187324
0.0381083 9.9964E-05 0.00507277 0.31085 9.9964E-05 9.9964E-05 0.237759 9.9964E-05 0.40781
0.1493 9.9964E-05 9.9964E-05 0.307032 9.9964E-05 9.9964E-05 0.26635 0.02828 0.248638
0.0758244 9.99729E-05 0.0884752 0.0430967 0.0475719 9.99729E-05 0.0972545 9.99729E-05 0.647477
9.9964E-05 9.9964E-05 0.127344 0.0700132 0.0259601 9.9964E-05 0.0937425 9.9964E-05 0.682541
9.9946E-05 9.9946E-05 9.9946E-05 0.123726 9.9946E-05 9.9946E-05 0.057129 9.9946E-05 0.818545
9.9973E-05 0.0321358 0.040556 0.372973 0.00353819 9.9973E-05 0.2058 9.9973E-05 0.344697
9.9955E-05 9.9955E-05 9.9955E-05 0.608974 9.9955E-05 0.00622 0.251663 9.9955E-05 0.132643
9.993E-05 9.993E-05 9.993E-05 0.999201 9.993E-05 9.993E-05 9.993E-05 9.993E-05 9.993E-05
0.00205215 9.9973E-05 0.0147661 0.12655 9.9973E-05 0.0786544 0.140038 9.9973E-05 0.63764
9.99461E-05 0.102346 9.99461E-05 9.99461E-05 9.99461E-05 9.99461E-05 0.0349041 9.99461E-05 0.86215
9.99371E-05 0.0923165 9.99371E-05 9.99371E-05 9.99371E-05 9.99371E-05 9.99371E-05 9.99371E-05 0.906984
9.99551E-05 0.035343 9.99551E-05 9.99551E-05 9.99551E-05 0.0296277 0.121284 9.99551E-05 0.813246
