0.277853 0.722047 9.9991E-05
0.528539 0.471361 9.9991E-05
0.236351 0.709978 0.0536717
0.213158 0.700812 0.0860299
9.9991E-05 0.892603 0.107297
0.0517231 0.880962 0.0673152
0.558554 9.9991E-05 0.441346
0.336896 0.131915 0.531188
0.33324 9.9991E-05 0.66666
0.40265 9.9991E-05 0.59725
0.484261 9.9991E-05 0.515639
0.480221 0.00795167 0.511827
0.202446 9.9991E-05 0.797454
0.218729 9.9991E-05 0.781171
0.471041 9.9991E-05 0.528859
0.490059 9.9991E-05 0.509841
0.236847 0.677335 0.0858178
0.536103 0.397771 0.0661258
0.370339 0.464247 0.165414
0.140937 0.630783 0.228281
0.359419 0.545888 0.0946929
0.410849 0.473127 0.116024
0.368202 0.52846 0.103338
0.138837 0.703735 0.157428
0.154074 0.639052 0.206875
0.195559 0.735165 0.0692756
0.036643 0.690756 0.272601
9.9991E-05 0.765635 0.234265
0.301052 0.698392 0.000556379
0.347737 0.587998 0.0642654
0.673249 0.326651 9.9991E-05
0.309992 0.593456 0.0965528
0.309509 0.690391 9.9991E-05
0.321585 0.525682 0.152733
0.658539 0.308733 0.0327274
0.296541 0.593667 0.109792
0.335636 0.299471 0.364893
0.205578 0.586813 0.207609
0.41051 0.4835 0.10599
0.235401 0.593828 0.170771
0.335225 0.664675 9.9991E-05
0.110073 0.760314 0.129612
0.207293 0.643114 0.149594
0.130167 0.686727 0.183107
0.23684 0.761229 0.00193173
0.25433 0.676771 0.0688992
0.69327 0.210986 0.095744
0.725811 0.274089 9.9991E-05
0.806152 0.193748 9.9991E-05
0.56451 0.43539 9.9991E-05
0.614458 0.329491 0.0560515
0.391696 0.532347 0.0759572
0.430663 0.430139 0.139199
0.358007 0.568274 0.0737189
0.409962 0.505517 0.0845219
0.0873712 0.681734 0.230894
0.270479 0.15825 0.571271
0.188399 0.0560963 0.755505
9.9991E-05 0.0588479 0.941052
0.252 0.0397099 0.70829
0.123185 9.9991E-05 0.876715
0.165911 0.06579 0.768298
0.834346 9.9991E-05 0.165554
0.539694 9.9991E-05 0.460206
0.371166 9.9991E-05 0.628734
0.262581 9.9991E-05 0.737319
0.367079 0.0135302 0.619391
0.085399 9.9991E-05 0.914501
0.45888 9.9991E-05 0.54102
0.243577 9.9991E-05 0.756323
0.443007 0.0694486 0.487545
0.149258 0.0835145 0.767227
0.517405 0.00374616 0.478849
0.0611948 0.100655 0.83815
0.0680214 0.0684712 0.863507
0.0749629 0.0577392 0.867298
0.209803 9.99993E-05 0.790097
9.9991E-05 0.0433161 0.956584
0.124655 9.9991E-05 0.875245
0.481699 9.9991E-05 0.518201
0.119945 0.0312888 0.848766
9.9991E-05 0.930123 0.0697774
0.183051 0.816849 9.9991E-05
0.0967021 0.85877 0.0445283
9.9991E-05 0.90479 0.0951095
0.153713 0.820895 0.0253918
0.691577 0.308323 9.9991E-05
0.248235 0.672827 0.0789378
0.316478 0.655847 0.0276755
0.0851548 0.867673 0.0471717
0.205024 0.794876 9.9991E-05
9.9991E-05 0.803147 0.196753
9.9991E-05 0.848391 0.151509
0.0179583 0.880194 0.101848
0.0316759 0.838084 0.13024
0.42279 0.562104 0.0151062
0.178068 0.765508 0.0564236
9.9991E-05 0.833325 0.166575
9.9991E-05 0.823241 0.176659
0.0993933 0.832483 0.0681233
0.217586 0.782314 9.9991E-05
0.0653643 0.934536 9.9991E-05
0.0691436 0.930756 9.9991E-05
0.13724 0.86266 9.9991E-05
0.0978906 0.841557 0.0605524
9.9991E-05 0.953206 0.0466944
0.016779 0.942918 0.040303
9.9991E-05 0.944073 0.0558272
9.9991E-05 0.904007 0.0958931
9.9991E-05 0.947878 0.0520216
9.9991E-05 0.951969 0.0479305
9.999E-05 0.9998 9.999E-05
0.133906 0.865994 9.9991E-05
0.0827955 0.891452 0.0257525
0.144449 0.855451 9.9991E-05
0.0414797 0.923915 0.0346056
0.0271954 0.956126 0.0166787
9.999E-05 0.9998 9.999E-05
0.0411132 0.958787 9.99962E-05
0.23311 0.76679 9.9991E-05
0.169996 0.829904 9.9991E-05
0.0670643 0.903208 0.0297281
9.999E-05 0.9998 9.999E-05
0.0147833 0.880502 0.104714
9.9991E-05 0.926564 0.0733358
0.0210192 0.96295 0.0160309
9.9991E-05 0.665407 0.334493
9.9991E-05 0.603673 0.396227
0.0668527 0.933047 9.9991E-05
0.212173 0.787728 9.9991E-05
0.175517 0.824383 9.9991E-05
0.116461 0.883439 9.9991E-05
0.295792 0.704108 9.9991E-05
9.9991E-05 0.992149 0.00775083
0.179775 0.820125 9.9991E-05
0.0170892 0.974578 0.008333
0.178866 0.821034 9.9991E-05
0.135374 0.864526 9.9991E-05
0.598029 0.0400532 0.361917
0.308943 9.9991E-05 0.690957
0.416304 9.9991E-05 0.583596
0.102149 0.160713 0.737138
0.0124499 0.141834 0.845716
9.9991E-05 0.0253743 0.974526
0.282941 0.0375863 0.679473
0.451148 9.9991E-05 0.548752
0.882727 9.9991E-05 0.117173
0.0453268 0.0913753 0.863298
9.999E-05 9.999E-05 0.9998
9.999E-05 9.999E-05 0.9998
9.9991E-05 0.0360206 0.963879
