9.99639E-05 9.99639E-05 9.99639E-05 0.128009 0.411125 0.316025 9.99639E-05 0.144442
0.0887559 0.0403094 9.9982E-05 0.356054 0.08636 0.189644 9.9982E-05 0.238677
9.9955E-05 9.9955E-05 9.9955E-05 0.266057 0.28105 0.452393 9.9955E-05 9.9955E-05
9.9982E-05 0.0239708 0.0141119 0.150431 0.3968 0.395009 9.9982E-05 0.0194772
9.9964E-05 9.9964E-05 0.0248788 0.0100164 0.221325 0.74338 9.9964E-05 9.9964E-05
9.9964E-05 0.0483036 9.9964E-05 9.9964E-05 0.468236 0.448742 9.9964E-05 0.0343187
0.872978 0.0196486 9.9955E-05 0.106874 9.9955E-05 9.9955E-05 9.9955E-05 9.9955E-05
0.785253 0.0293485 0.0128007 9.9973E-05 0.0620851 0.110212 9.9973E-05 9.9973E-05
0.781223 9.9964E-05 0.0735326 9.9964E-05 9.9964E-05 0.0403365 0.104508 9.9964E-05
0.538829 0.0644742 9.9955E-05 9.9955E-05 9.9955E-05 9.9955E-05 0.396197 9.9955E-05
0.881207 9.9955E-05 9.9955E-05 0.0878477 9.9955E-05 9.9955E-05 0.0304455 9.9955E-05
0.376642 9.99729E-05 0.0435248 0.28694 9.99729E-05 0.0136504 0.278942 9.99729E-05
0.35845 9.9955E-05 0.108491 9.9955E-05 9.9955E-05 9.9955E-05 0.532559 9.9955E-05
0.668208 9.99551E-05 0.191824 9.99551E-05 9.99551E-05 9.99551E-05 0.139469 9.99551E-05
0.88769 0.000707931 0.0616391 0.040238 0.00942528 9.9973E-05 9.9973E-05 9.9973E-05
0.966094 9.99461E-05 9.99461E-05 0.0333066 9.99461E-05 9.99461E-05 9.99461E-05 9.99461E-05
0.019573 0.185719 0.0113108 9.9982E-05 0.432165 0.343284 9.9982E-05 0.00774818
0.010556 0.66535 0.0544566 9.9982E-05 0.118709 0.12426 9.9982E-05 0.026468
9.9964E-05 0.249741 9.9964E-05 0.0281945 0.655025 9.9964E-05 0.0666402 9.9964E-05
9.99639E-05 0.176622 0.11754 9.99639E-05 0.473844 0.231594 9.99639E-05 9.99639E-05
9.99639E-05 0.497036 9.99639E-05 9.99639E-05 0.147029 0.314649 0.0408865 9.99639E-05
9.9955E-05 0.431769 0.0383045 9.9955E-05 0.529427 9.9955E-05 9.9955E-05 9.9955E-05
0.0419609 9.9973E-05 9.9973E-05 0.253706 0.496734 0.0582826 9.9973E-05 0.149017
9.9964E-05 9.9964E-05 9.9964E-05 9.9964E-05 0.549011 0.151995 0.0934689 0.205126
0.0299777 9.99641E-05 9.99641E-05 9.99641E-05 0.865508 0.0356816 9.99641E-05 0.0684326
0.00476958 0.00537389 9.9973E-05 9.9973E-05 0.723402 0.127189 9.9973E-05 0.138965
9.9964E-05 0.0202847 0.130008 9.9964E-05 0.546995 0.302312 9.9964E-05 9.9964E-05
0.00337579 9.9973E-05 0.0220948 9.9973E-05 0.462332 0.427852 0.0840457 9.9973E-05
0.130824 0.256665 9.9973E-05 9.9973E-05 0.00607618 0.377806 9.9973E-05 0.228329
0.046062 0.412621 9.9973E-05 9.9973E-05 9.9973E-05 0.361496 0.0898807 0.0896401
9.9964E-05 0.230648 9.9964E-05 0.509158 0.124977 0.134817 9.9964E-05 9.9964E-05
9.9973E-05 0.163976 0.0414402 0.244161 0.0910277 0.459095 9.9973E-05 9.9973E-05
9.9964E-05 0.177205 9.9964E-05 0.122187 0.265916 0.434292 9.9964E-05 9.9964E-05
0.00901572 9.9973E-05 9.9973E-05 0.0465193 0.817823 9.9973E-05 0.0403829 0.0859593
9.99459E-05 9.99459E-05 9.99459E-05 0.426421 0.572979 9.99459E-05 9.99459E-05 9.99459E-05
0.00823934 0.0961658 9.9982E-05 0.104646 0.519822 0.260296 0.0106304 9.9982E-05
9.9964E-05 9.9964E-05 0.172156 0.355444 0.425459 9.9964E-05 0.0465405 9.9964E-05
0.034698 9.9973E-05 0.0628976 0.124008 0.665881 0.112215 9.9973E-05 9.9973E-05
9.9982E-05 0.129248 0.00121179 0.0884456 0.637047 9.9982E-05 0.0179311 0.125917
0.0692035 0.136634 0.00934781 9.9973E-05 0.681265 0.10325 9.9973E-05 9.9973E-05
9.9964E-05 0.00943783 9.9964E-05 0.0415653 0.372465 9.9964E-05 9.9964E-05 0.576132
9.9982E-05 0.00534695 0.0904091 0.0346879 0.318936 0.338616 9.9982E-05 0.211804
9.9973E-05 0.137233 0.108274 0.0659826 0.351718 0.336493 9.9973E-05 9.9973E-05
9.9955E-05 9.9955E-05 0.198569 9.9955E-05 0.244827 9.9955E-05 9.9955E-05 0.556104
0.0394979 0.0491189 9.99731E-05 9.99731E-05 0.537923 0.208301 9.99731E-05 0.164859
9.9964E-05 0.0729751 9.9964E-05 0.108792 0.614386 0.203448 9.9964E-05 9.9964E-05
9.9955E-05 0.701644 0.0790859 9.9955E-05 0.218771 9.9955E-05 9.9955E-05 9.9955E-05
9.9964E-05 0.706877 0.0424079 0.0814103 9.9964E-05 9.9964E-05 9.9964E-05 0.168905
9.9955E-05 0.764816 9.9955E-05 0.173081 9.9955E-05 9.9955E-05 9.9955E-05 0.0616033
9.9946E-05 0.665386 9.9946E-05 9.9946E-05 9.9946E-05 9.9946E-05 9.9946E-05 0.334014
0.0157568 0.70894 9.9973E-05 9.9973E-05 0.171968 0.0291616 0.0738736 9.9973E-05
0.0765317 0.252025 0.0256838 9.9973E-05 0.395255 9.9973E-05 9.9973E-05 0.250205
9.9964E-05 0.537032 0.0865188 9.9964E-05 0.352754 0.0232954 9.9964E-05 9.9964E-05
9.9973E-05 0.110195 0.0423899 9.9973E-05 0.56531 9.9973E-05 0.00505744 0.276748
0.0576095 0.133626 9.99729E-05 9.99729E-05 0.562844 9.99729E-05 0.00839071 0.23723
9.996E-05 0.0919335 0.0845334 9.996E-05 0.655979 0.167155 9.996E-05 9.996E-05
9.9964E-05 9.9964E-05 9.9964E-05 0.0197836 0.0668159 9.9964E-05 0.670989 0.242012
0.0419745 9.9973E-05 0.0173455 9.9973E-05 0.0711233 9.9973E-05 0.799321 0.0699359
0.068071 9.9964E-05 0.890522 9.9964E-05 0.0313706 9.9964E-05 9.9964E-05 0.00963608
0.227974 0.100289 0.530236 0.0397704 0.0100746 9.9982E-05 9.9982E-05 0.0914555
0.154184 9.99639E-05 0.626493 0.14442 9.99639E-05 9.99639E-05 0.0745026 9.99639E-05
9.99639E-05 0.122541 0.736343 0.122085 9.99639E-05 9.99639E-05 9.99639E-05 0.0186309
0.0934109 0.0458817 9.99639E-05 0.748048 9.99639E-05 9.99639E-05 0.112259 9.99639E-05
0.0380871 9.9982E-05 0.209472 0.58038 0.0160351 0.0118315 0.143994 9.9982E-05
0.202532 9.99549E-05 9.99549E-05 0.198867 9.99549E-05 9.99549E-05 0.598101 9.99549E-05
0.100835 0.0852545 9.9955E-05 9.9955E-05 9.9955E-05 9.9955E-05 0.813411 9.9955E-05
9.9973E-05 0.0295227 9.9973E-05 0.0748775 0.0153829 9.9973E-05 0.846984 0.032933
0.0574254 9.99641E-05 0.251199 9.99641E-05 0.027574 9.99641E-05 0.663402 9.99641E-05
0.0594098 9.9973E-05 0.137506 0.456767 0.0379995 9.9973E-05 0.308018 9.9973E-05
0.108604 9.9973E-05 0.15804 0.0755674 9.9973E-05 9.9973E-05 0.623213 0.0342757
9.9955E-05 9.9955E-05 9.9955E-05 0.5072 9.9955E-05 0.0558163 0.436484 9.9955E-05
9.9973E-05 0.025 0.0776693 9.9973E-05 0.0214704 0.0451475 0.830413 9.9973E-05
0.0520852 9.9973E-05 0.0203036 0.428962 9.9973E-05 0.0399821 0.458367 9.9973E-05
0.112696 0.0164373 0.649398 0.0598529 9.9982E-05 0.0379243 0.123491 9.9982E-05
9.9964E-05 0.0586066 0.339027 9.9964E-05 0.0847313 9.9964E-05 0.517235 9.9964E-05
9.99639E-05 0.143906 0.61525 0.0171461 9.99639E-05 9.99639E-05 0.223298 9.99639E-05
9.9964E-05 9.9964E-05 0.414597 0.185607 9.9964E-05 0.0252335 0.374162 9.9964E-05
9.9946E-05 9.9946E-05 0.980442 9.9946E-05 9.9946E-05 0.018958 9.9946E-05 9.9946E-05
0.266936 9.9964E-05 0.611719 0.025719 9.9964E-05 9.9964E-05 0.0952257 9.9964E-05
0.147629 0.0824555 0.186746 0.35095 9.99729E-05 9.99729E-05 0.231919 9.99729E-05
9.9964E-05 0.128024 0.747368 0.12037 0.00383771 9.9964E-05 9.9964E-05 9.9964E-05
9.99731E-05 0.0438569 0.0598179 9.99731E-05 0.112183 0.747376 9.99731E-05 0.036467
9.9946E-05 9.9946E-05 0.129584 9.9946E-05 9.9946E-05 9.9946E-05 9.9946E-05 0.869817
9.9955E-05 9.9955E-05 0.134369 9.9955E-05 9.9955E-05 0.0931572 9.9955E-05 0.771974
0.0381741 0.16693 9.9964E-05 9.9964E-05 9.9964E-05 0.78156 0.0129362 9.9964E-05
0.0460937 0.27588 9.9964E-05 9.9964E-05 9.9964E-05 0.551057 9.9964E-05 0.126569
9.99551E-05 0.32433 9.99551E-05 0.437938 9.99551E-05 9.99551E-05 9.99551E-05 0.237233
9.9982E-05 0.0523351 0.0131729 0.315919 0.00968184 0.491822 9.9982E-05 0.116869
9.9982E-05 0.0696607 0.027191 0.240853 0.0647033 0.375146 9.9982E-05 0.222246
9.9955E-05 0.129142 9.9955E-05 0.07238 9.9955E-05 0.797978 9.9955E-05 9.9955E-05
9.9964E-05 0.0755081 9.9964E-05 0.177866 9.9964E-05 0.53448 9.9964E-05 0.211746
9.99551E-05 9.99551E-05 0.0931174 0.0558338 9.99551E-05 0.850549 9.99551E-05 9.99551E-05
9.9964E-05 9.9964E-05 0.0452077 0.0351415 0.320611 0.59864 9.9964E-05 9.9964E-05
0.0511854 0.0017792 9.9964E-05 9.9964E-05 0.231921 0.714714 9.9964E-05 9.9964E-05
9.9964E-05 9.9964E-05 0.0184976 0.177178 0.18299 0.620935 9.9964E-05 9.9964E-05
9.9955E-05 0.384787 9.9955E-05 0.180706 9.9955E-05 0.434008 9.9955E-05 9.9955E-05
9.9964E-05 0.145619 9.9964E-05 0.104194 0.248658 0.501129 9.9964E-05 9.9964E-05
9.9973E-05 9.9973E-05 0.0118385 0.0243587 0.124432 0.751852 0.087219 9.9973E-05
9.9964E-05 9.9964E-05 0.0487428 0.0793934 0.161804 0.70966 9.9964E-05 9.9964E-05
9.9964E-05 9.9964E-05 9.9964E-05 0.102643 0.228639 0.515494 9.9964E-05 0.152825
0.0008908 0.25891 9.9973E-05 9.9973E-05 0.038177 0.296486 9.9973E-05 0.405237
9.996E-05 0.0600023 9.996E-05 9.996E-05 0.0194002 0.485543 9.996E-05 0.434655
9.9964E-05 0.0549251 9.9964E-05 9.9964E-05 0.0740392 0.306727 9.9964E-05 0.563909
9.9973E-05 0.0135288 9.9973E-05 9.9973E-05 0.00724008 0.365984 0.0268028 0.586144
9.9955E-05 0.188617 9.9955E-05 0.0523755 9.9955E-05 0.758508 9.9955E-05 9.9955E-05
9.9964E-05 0.0712926 9.9964E-05 9.9964E-05 0.0700149 0.849425 0.00886732 9.9964E-05
9.9964E-05 0.135883 9.9964E-05 9.9964E-05 0.196443 0.570072 9.9964E-05 0.097202
9.9964E-05 0.0786326 9.9964E-05 9.9964E-05 9.9964E-05 0.859883 0.0206922 0.0403921
0.0385091 0.0652304 9.9973E-05 0.0318534 9.9973E-05 0.859976 9.9973E-05 0.00413112
0.000550198 0.0253334 0.0096897 0.00712538 9.9982E-05 0.890079 9.9982E-05 0.0670226
9.9964E-05 9.9964E-05 0.0251674 9.9964E-05 0.0471557 0.879538 9.9964E-05 0.0477393
9.9946E-05 9.9946E-05 9.9946E-05 9.9946E-05 9.9946E-05 0.844705 9.9946E-05 0.154695
9.99639E-05 0.125269 9.99639E-05 9.99639E-05 0.1523 0.435657 9.99639E-05 0.286373
9.9964E-05 0.155153 0.0500557 9.9964E-05 9.9964E-05 0.492545 9.9964E-05 0.301846
9.9973E-05 0.0988969 9.9973E-05 0.083222 0.0182862 0.659286 9.9973E-05 0.140009
9.997E-05 0.0703907 9.997E-05 0.0506512 0.00143821 0.786943 9.997E-05 0.0902771
9.99641E-05 0.0887715 9.99641E-05 9.99641E-05 9.99641E-05 0.684584 0.0178375 0.208407
9.9973E-05 0.0192699 0.00510122 9.9973E-05 0.00180319 0.767095 9.9973E-05 0.20643
9.9955E-05 0.0863579 9.9955E-05 9.9955E-05 9.9955E-05 0.779641 9.9955E-05 0.133501
9.9955E-05 9.9955E-05 9.9955E-05 0.112238 9.9955E-05 0.195129 9.9955E-05 0.692133
9.9955E-05 9.9955E-05 9.9955E-05 0.11056 9.9955E-05 0.30923 9.9955E-05 0.57971
9.9964E-05 9.9964E-05 0.000224729 0.119185 9.9964E-05 0.537755 9.9964E-05 0.342435
9.9955E-05 9.9955E-05 9.9955E-05 9.9955E-05 0.0133652 0.808329 9.9955E-05 0.177806
9.9982E-05 9.9982E-05 0.0377201 0.0462729 0.0589101 0.741965 0.044412 0.07052
9.9973E-05 9.9973E-05 0.0301694 0.0441209 0.0175446 0.759013 9.9973E-05 0.148853
0.0495984 0.0300562 9.9973E-05 0.00887914 9.9973E-05 0.803499 9.9973E-05 0.107667
0.112355 9.9982E-05 0.0377748 9.9982E-05 0.0787584 0.618133 0.138551 0.0142287
0.0802938 9.9973E-05 0.301759 9.9973E-05 9.9973E-05 0.576178 0.000298543 0.0411712
9.9955E-05 0.129366 9.9955E-05 9.9955E-05 9.9955E-05 0.628369 9.9955E-05 0.241765
0.00288606 0.0605157 9.9964E-05 9.9964E-05 9.9964E-05 0.272405 9.9964E-05 0.663793
9.9964E-05 9.9964E-05 9.9964E-05 0.110281 9.9964E-05 0.438313 0.0100365 0.440969
0.0165554 9.9964E-05 9.9964E-05 9.9964E-05 9.9964E-05 0.346228 0.0148875 0.62193
9.9946E-05 0.0921628 9.9946E-05 9.9946E-05 9.9946E-05 9.9946E-05 9.9946E-05 0.907238
9.9955E-05 0.110402 9.9955E-05 9.9955E-05 9.9955E-05 0.761783 9.9955E-05 0.127315
9.9973E-05 0.0417181 9.9973E-05 0.00281426 9.9973E-05 0.278745 0.0276292 0.648793
0.0105427 0.0100638 9.9982E-05 9.9982E-05 0.0163565 0.616478 0.00385778 0.342501
9.9964E-05 0.141375 9.9964E-05 9.9964E-05 0.0174778 0.522851 9.9964E-05 0.317897
0.0300476 9.9964E-05 9.9964E-05 0.0168271 9.9964E-05 0.457995 9.9964E-05 0.49473
9.99549E-05 9.99549E-05 0.311346 0.65136 9.99549E-05 9.99549E-05 9.99549E-05 0.0367944
0.0961159 9.99639E-05 0.390225 0.257374 9.99639E-05 9.99639E-05 0.255886 9.99639E-05
0.0768812 0.125098 0.244859 0.230518 9.99729E-05 9.99729E-05 0.322344 9.99729E-05
9.9991E-05 0.0243661 0.668614 0.0729491 0.0138361 0.0365753 0.090355 0.0932047
0.104501 9.9964E-05 0.750667 0.0272084 9.9964E-05 0.117223 9.9964E-05 9.9964E-05
0.077204 9.9955E-05 0.86446 0.0578358 9.9955E-05 9.9955E-05 9.9955E-05 9.9955E-05
0.36697 9.9955E-05 0.387553 0.244977 9.9955E-05 9.9955E-05 9.9955E-05 9.9955E-05
0.288299 9.99639E-05 0.199808 0.418727 9.99639E-05 9.99639E-05 0.0927665 9.99639E-05
0.0645252 9.99461E-05 9.99461E-05 0.934875 9.99461E-05 9.99461E-05 9.99461E-05 9.99461E-05
0.262534 9.9964E-05 0.656389 0.000890129 9.9964E-05 0.079787 9.9964E-05 9.9964E-05
9.99551E-05 9.99551E-05 0.778113 9.99551E-05 0.0875625 9.99551E-05 0.133825 9.99551E-05
9.99461E-05 9.99461E-05 0.959123 9.99461E-05 0.0402774 9.99461E-05 9.99461E-05 9.99461E-05
0.137924 9.99641E-05 0.819529 9.99641E-05 0.0322117 0.00993532 9.99641E-05 9.99641E-05
