0.178045 0.212891 0.00976916 9.9973E-05 9.9973E-05 0.41738 0.163162 9.9973E-05 0.0184527
0.0906734 0.406455 0.342654 9.9973E-05 0.045961 0.0472045 0.0667525 9.9973E-05 9.9973E-05
0.26819 9.9964E-05 0.130975 9.9964E-05 0.0858648 0.211635 0.302935 9.9964E-05 9.9964E-05
0.669595 0.0995633 0.0227728 9.9973E-05 0.0106121 0.150515 9.9973E-05 9.9973E-05 0.046641
0.233453 9.9955E-05 9.9955E-05 9.9955E-05 9.9955E-05 0.173872 0.576095 0.0160801 9.9955E-05
0.621926 9.9955E-05 9.9955E-05 9.9955E-05 0.00555974 0.286349 0.0856655 9.9955E-05 9.9955E-05
9.99549E-05 0.0255049 0.170712 9.99549E-05 0.0911786 9.99549E-05 9.99549E-05 9.99549E-05 0.712104
9.9982E-05 0.0266716 0.0430963 9.9982E-05 0.0734081 0.0233855 0.153733 0.0126999 0.666806
0.0549684 9.9946E-05 9.9946E-05 0.115554 9.9946E-05 9.9946E-05 9.9946E-05 9.9946E-05 0.828878
9.9955E-05 9.9955E-05 9.9955E-05 0.0712999 0.0587097 0.0698292 9.9955E-05 9.9955E-05 0.799661
9.99459E-05 0.0324277 0.231949 9.99459E-05 9.99459E-05 9.99459E-05 9.99459E-05 9.99459E-05 0.735024
9.99639E-05 9.99639E-05 0.513848 0.0745979 9.99639E-05 0.0420785 0.00540414 9.99639E-05 0.363672
9.9946E-05 9.9946E-05 0.149037 9.9946E-05 9.9946E-05 9.9946E-05 9.9946E-05 0.283179 0.567184
9.9955E-05 9.9955E-05 9.9955E-05 9.9955E-05 9.9955E-05 0.00838243 0.00402131 0.134118 0.852979
0.021566 9.9955E-05 0.087064 9.9955E-05 0.0642049 9.9955E-05 9.9955E-05 9.9955E-05 0.826665
9.99551E-05 0.0127545 0.268969 9.99551E-05 0.0565915 9.99551E-05 9.99551E-05 9.99551E-05 0.661185
9.9964E-05 9.9964E-05 0.00387648 9.9964E-05 0.157129 0.418971 0.392706 0.0269173 9.9964E-05
0.0224765 0.0825993 9.9982E-05 0.0198079 0.64075 0.0831673 0.0715998 0.0793995 9.9982E-05
0.153719 9.9955E-05 9.9955E-05 9.9955E-05 0.23101 0.523192 9.9955E-05 0.0915788 9.9955E-05
0.210414 9.9964E-05 9.9964E-05 9.9964E-05 0.157363 0.379562 0.140924 0.111337 9.9964E-05
0.0559317 9.99639E-05 9.99639E-05 9.99639E-05 0.516059 0.177577 0.248123 9.99639E-05 0.00190992
0.1564 9.9964E-05 9.9964E-05 0.0129703 0.484051 0.306942 9.9964E-05 0.0392362 9.9964E-05
9.9955E-05 0.0436282 0.248526 9.9955E-05 9.9955E-05 0.5325 0.174846 9.9955E-05 9.9955E-05
9.9946E-05 0.0770861 9.9946E-05 9.9946E-05 9.9946E-05 0.641754 0.28056 9.9946E-05 9.9946E-05
0.0256832 9.99461E-05 9.99461E-05 9.99461E-05 9.99461E-05 0.804075 0.169642 9.99461E-05 9.99461E-05
0.361103 0.0998826 9.9964E-05 9.9964E-05 0.00967766 0.510803 0.0181346 9.9964E-05 9.9964E-05
9.9955E-05 9.9955E-05 9.9955E-05 9.9955E-05 0.000301665 0.432816 0.426616 0.139767 9.9955E-05
0.130494 9.9964E-05 9.9964E-05 9.9964E-05 9.9964E-05 0.395128 0.370787 0.0926315 0.0105595
0.0480089 0.213638 9.9964E-05 9.9964E-05 0.290998 9.9964E-05 0.359695 9.9964E-05 0.0872613
0.13578 0.126402 9.9964E-05 9.9964E-05 0.383308 9.9964E-05 0.211161 9.9964E-05 0.142949
0.361485 9.9946E-05 0.375368 9.9946E-05 0.262547 9.9946E-05 9.9946E-05 9.9946E-05 9.9946E-05
0.35914 9.9973E-05 0.188889 0.000285912 0.148381 0.0520725 0.250931 9.9973E-05 9.9973E-05
0.530915 9.9964E-05 0.0218564 9.9964E-05 0.180267 0.173152 0.0934102 9.9964E-05 9.9964E-05
0.0688594 0.0584963 9.9955E-05 9.9955E-05 9.9955E-05 0.829727 9.9955E-05 9.9955E-05 0.0424178
9.9946E-05 0.00810313 0.337638 9.9946E-05 9.9946E-05 0.653659 9.9946E-05 9.9946E-05 9.9946E-05
0.0667438 9.9973E-05 0.0374271 0.0155105 0.13229 0.478505 0.269224 9.9973E-05 9.9973E-05
0.14207 9.9955E-05 0.301859 9.9955E-05 9.9955E-05 0.316623 9.9955E-05 0.238949 9.9955E-05
0.0262323 9.9973E-05 0.0639546 9.9973E-05 0.0200861 0.67794 0.157158 0.0543293 9.9973E-05
0.0626219 0.162568 0.036972 9.9973E-05 0.148822 0.508955 9.9973E-05 0.0797614 9.9973E-05
0.157918 9.9964E-05 9.9964E-05 0.050779 0.0941802 0.628004 0.0687187 9.9964E-05 9.9964E-05
0.341763 0.51321 9.99461E-05 9.99461E-05 9.99461E-05 0.144428 9.99461E-05 9.99461E-05 9.99461E-05
0.399736 0.241091 9.9964E-05 9.9964E-05 9.9964E-05 0.0692253 0.125199 0.164349 9.9964E-05
0.545159 9.9973E-05 0.0201961 9.9973E-05 0.0893516 0.055075 0.101766 0.188152 9.9973E-05
0.192985 0.483693 9.9964E-05 0.0621715 9.9964E-05 0.197405 9.9964E-05 0.0633466 9.9964E-05
0.552373 0.19823 9.99551E-05 9.99551E-05 9.99551E-05 0.23179 9.99551E-05 9.99551E-05 0.0171068
0.61487 9.9955E-05 9.9955E-05 9.9955E-05 0.0969254 0.277215 9.9955E-05 0.0104901 9.9955E-05
9.9955E-05 9.9955E-05 9.9955E-05 0.0235257 0.697988 0.232514 9.9955E-05 0.0454726 9.9955E-05
9.9946E-05 0.176052 0.124901 9.9946E-05 0.698447 9.9946E-05 9.9946E-05 9.9946E-05 9.9946E-05
9.9946E-05 0.128014 0.130909 9.9946E-05 0.740477 9.9946E-05 9.9946E-05 9.9946E-05 9.9946E-05
9.9937E-05 0.405727 9.9937E-05 9.9937E-05 0.593574 9.9937E-05 9.9937E-05 9.9937E-05 9.9937E-05
0.093915 9.9973E-05 9.9973E-05 9.9973E-05 0.769696 0.0709701 0.0333054 0.0151262 0.0166877
9.9973E-05 0.328797 9.9973E-05 0.0735874 0.179722 0.371139 0.0130161 9.9973E-05 0.0334386
9.9964E-05 9.9964E-05 9.9964E-05 0.0231314 0.493626 0.330474 0.0899667 0.0624024 9.9964E-05
9.9955E-05 0.337151 9.9955E-05 9.9955E-05 0.0983745 0.437925 9.9955E-05 0.12605 9.9955E-05
9.99549E-05 0.26145 9.99549E-05 9.99549E-05 0.140796 0.571123 9.99549E-05 9.99549E-05 0.0261312
0.242772 9.9964E-05 9.9964E-05 9.9964E-05 0.0877401 0.468766 0.125314 0.0750088 9.9964E-05
9.9964E-05 0.0472593 0.0573636 0.298616 9.9964E-05 0.263148 9.9964E-05 9.9964E-05 0.333214
9.996E-05 9.996E-05 9.996E-05 0.237392 9.996E-05 0.137557 0.0425226 0.133686 0.448442
9.9955E-05 9.9955E-05 9.9955E-05 0.516974 9.9955E-05 0.0370373 0.00272749 0.442761 9.9955E-05
9.9955E-05 0.0911943 9.9955E-05 0.68564 9.9955E-05 0.0400607 9.9955E-05 9.9955E-05 0.182606
9.9955E-05 9.9955E-05 0.107748 0.760586 9.9955E-05 9.9955E-05 9.9955E-05 0.0345238 0.0966422
9.9955E-05 9.9955E-05 9.9955E-05 0.872761 0.0994358 0.0189661 0.0083372 9.9955E-05 9.9955E-05
9.99459E-05 9.99459E-05 0.871717 9.99459E-05 0.0953769 9.99459E-05 9.99459E-05 9.99459E-05 0.0323062
9.99639E-05 9.99639E-05 0.763791 9.99639E-05 0.00136334 0.010992 0.00768233 0.215772 9.99639E-05
0.0490204 9.99549E-05 0.262629 0.213267 9.99549E-05 9.99549E-05 9.99549E-05 9.99549E-05 0.474584
9.9955E-05 9.9955E-05 9.9955E-05 0.234777 0.03146 0.0306797 9.9955E-05 9.9955E-05 0.702584
0.00379176 9.9982E-05 0.225127 0.0347999 9.9982E-05 0.0997169 0.0280494 0.218197 0.390118
9.99461E-05 9.99461E-05 9.99461E-05 9.99461E-05 9.99461E-05 0.0373169 9.99461E-05 0.538712 0.423371
9.9955E-05 9.9955E-05 0.560623 9.9955E-05 9.9955E-05 0.0482302 9.9955E-05 0.293316 0.097331
9.9964E-05 9.9964E-05 0.191041 0.333144 9.9964E-05 0.103497 9.9964E-05 0.0914152 0.280502
9.9946E-05 9.9946E-05 0.714725 9.9946E-05 9.9946E-05 0.10601 9.9946E-05 0.178666 9.9946E-05
9.9973E-05 9.9973E-05 0.225623 0.13485 9.9973E-05 0.0495097 0.0414624 0.37163 0.176625
9.9955E-05 9.9955E-05 0.661458 0.213431 9.9955E-05 9.9955E-05 9.9955E-05 0.0294908 0.0951205
9.99549E-05 9.99549E-05 0.0988459 0.395989 0.139704 9.99549E-05 9.99549E-05 0.364961 9.99549E-05
9.99459E-05 9.99459E-05 0.133973 9.99459E-05 0.0959024 9.99459E-05 9.99459E-05 0.769524 9.99459E-05
9.9955E-05 9.9955E-05 0.0510636 0.534007 0.0858961 9.9955E-05 9.9955E-05 0.328534 9.9955E-05
0.0631167 9.99549E-05 0.268569 0.351339 9.99549E-05 9.99549E-05 9.99549E-05 0.316475 9.99549E-05
9.9937E-05 9.9937E-05 9.9937E-05 0.637329 9.9937E-05 9.9937E-05 9.9937E-05 0.361971 9.9937E-05
9.9946E-05 9.9946E-05 9.9946E-05 0.614707 9.9946E-05 9.9946E-05 9.9946E-05 0.123474 0.261219
9.99549E-05 9.99549E-05 0.463533 0.383484 0.0738014 9.99549E-05 9.99549E-05 9.99549E-05 0.0786818
0.0710749 9.9964E-05 9.9964E-05 0.795966 0.0745168 0.0001427 9.9964E-05 0.0579 9.9964E-05
0.0282432 9.99641E-05 9.99641E-05 9.99641E-05 0.0446956 0.0185588 0.832846 0.0752562 9.99641E-05
9.9937E-05 0.88171 9.9937E-05 9.9937E-05 9.9937E-05 9.9937E-05 9.9937E-05 0.117591 9.9937E-05
9.9946E-05 0.760777 9.9946E-05 9.9946E-05 9.9946E-05 9.9946E-05 0.13733 0.101293 9.9946E-05
0.0915681 9.9955E-05 9.9955E-05 9.9955E-05 0.0775637 9.9955E-05 0.747143 9.9955E-05 0.0832253
0.0406448 0.195884 9.9964E-05 9.9964E-05 0.25369 9.9964E-05 0.435118 9.9964E-05 0.0742631
9.99462E-05 0.371551 0.25713 9.99462E-05 0.370719 9.99462E-05 9.99462E-05 9.99462E-05 9.99462E-05
0.564058 0.217431 0.172952 9.99641E-05 0.0272412 9.99641E-05 0.0179175 9.99641E-05 9.99641E-05
0.519929 0.312228 0.0906096 9.9964E-05 0.0165853 9.9964E-05 9.9964E-05 9.9964E-05 0.0602482
0.574403 9.9955E-05 0.0198206 9.9955E-05 0.0738337 9.9955E-05 0.331443 9.9955E-05 9.9955E-05
0.221074 0.321903 0.0873704 9.996E-05 0.0633604 9.996E-05 0.305892 9.996E-05 9.996E-05
0.678801 9.9946E-05 9.9946E-05 0.0627893 9.9946E-05 9.9946E-05 0.25781 9.9946E-05 9.9946E-05
0.878024 9.9955E-05 9.9955E-05 9.9955E-05 9.9955E-05 0.0100891 0.0456693 0.0657183 9.9955E-05
0.577777 9.99549E-05 9.99549E-05 9.99549E-05 9.99549E-05 0.0693615 0.309556 9.99549E-05 0.0428059
0.768243 9.9955E-05 0.0676172 0.0275587 9.9955E-05 9.9955E-05 0.136082 9.9955E-05 9.9955E-05
0.622138 9.99459E-05 0.0580857 9.99459E-05 0.319177 9.99459E-05 9.99459E-05 9.99459E-05 9.99459E-05
0.701193 9.9973E-05 9.9973E-05 0.00796278 0.123055 0.0622469 0.0956846 9.9973E-05 0.00955769
0.639587 9.9946E-05 9.9946E-05 0.0563373 9.9946E-05 9.9946E-05 0.303476 9.9946E-05 9.9946E-05
0.683474 9.9964E-05 0.0180862 9.9964E-05 9.9964E-05 0.0199579 0.269004 0.00907784 9.9964E-05
0.509131 0.191489 9.996E-05 9.996E-05 9.996E-05 0.100296 0.166488 9.996E-05 0.0321963
0.0659619 0.408368 9.9964E-05 9.9964E-05 0.206792 9.9964E-05 0.28568 9.9964E-05 0.0327983
0.13791 0.416864 9.9955E-05 9.9955E-05 0.006654 9.9955E-05 0.438072 9.9955E-05 9.9955E-05
9.9955E-05 0.479633 9.9955E-05 9.9955E-05 0.027282 0.0846346 0.407951 9.9955E-05 9.9955E-05
9.9964E-05 0.556582 9.9964E-05 9.9964E-05 0.0145208 0.0174953 0.40039 0.0106121 9.9964E-05
9.9946E-05 9.9946E-05 0.0726786 9.9946E-05 0.139002 9.9946E-05 0.78772 9.9946E-05 9.9946E-05
9.9946E-05 9.9946E-05 9.9946E-05 9.9946E-05 0.0745618 0.0656667 0.859172 9.9946E-05 9.9946E-05
9.9946E-05 9.9946E-05 9.9946E-05 9.9946E-05 0.0848006 0.205999 0.708601 9.9946E-05 9.9946E-05
9.99461E-05 9.99461E-05 9.99461E-05 9.99461E-05 0.063877 9.99461E-05 0.881429 9.99461E-05 0.0540946
0.0386008 9.9964E-05 0.0676218 9.9964E-05 0.00370407 0.0044451 0.885228 9.9964E-05 9.9964E-05
0.213445 0.042874 0.00446604 9.9955E-05 9.9955E-05 9.9955E-05 0.738715 9.9955E-05 9.9955E-05
0.0341834 0.00574028 9.9964E-05 9.9964E-05 9.9964E-05 0.108432 0.837435 0.0138092 9.9964E-05
9.9946E-05 0.0619923 9.9946E-05 9.9946E-05 9.9946E-05 0.0489548 0.888453 9.9946E-05 9.9946E-05
0.370419 0.30271 9.99549E-05 9.99549E-05 0.098925 9.99549E-05 0.227447 9.99549E-05 9.99549E-05
0.109849 0.282572 9.9973E-05 0.0147691 0.121773 9.9973E-05 0.470523 0.000214908 9.9973E-05
0.157694 0.160435 0.0135815 9.9973E-05 0.0522037 0.0507992 0.564986 9.9973E-05 9.9973E-05
0.183564 0.0551539 0.00117424 9.99641E-05 0.0890301 9.99641E-05 0.670678 9.99641E-05 9.99641E-05
0.0507931 0.159429 9.99641E-05 9.99641E-05 0.0589379 9.99641E-05 0.724463 9.99641E-05 0.0059768
9.9955E-05 0.122844 9.9955E-05 9.9955E-05 9.9955E-05 0.0369348 0.831889 0.00783266 9.9955E-05
0.121769 0.127621 0.0152999 9.9964E-05 0.0592012 9.9964E-05 0.675709 9.9964E-05 9.9964E-05
9.9955E-05 0.497849 0.109318 9.9955E-05 9.9955E-05 0.0385667 0.353767 9.9955E-05 9.9955E-05
0.00101641 0.569655 0.0960438 9.9955E-05 9.9955E-05 9.9955E-05 0.332785 9.9955E-05 9.9955E-05
9.99551E-05 0.292745 0.0712066 9.99551E-05 9.99551E-05 0.00112773 0.634421 9.99551E-05 9.99551E-05
0.213326 0.065086 9.9946E-05 9.9946E-05 9.9946E-05 9.9946E-05 0.720988 9.9946E-05 9.9946E-05
0.182103 0.04059 0.0502233 9.9973E-05 9.9973E-05 0.0170908 0.652781 0.0569121 9.9973E-05
0.0927422 0.0920107 0.00145104 0.040444 9.997E-05 0.0638378 0.709214 9.997E-05 9.997E-05
0.0324316 0.0632967 0.0376302 0.00448026 0.00211766 9.9973E-05 0.859744 9.9973E-05 9.9973E-05
9.9955E-05 9.9955E-05 9.9955E-05 0.157612 9.9955E-05 0.154136 0.595327 9.9955E-05 0.0924248
9.9955E-05 0.0505363 9.9955E-05 0.330829 9.9955E-05 9.9955E-05 0.571343 9.9955E-05 0.0467918
9.9955E-05 0.20989 0.0207018 9.9955E-05 0.0905121 9.9955E-05 0.678397 9.9955E-05 9.9955E-05
9.9955E-05 0.657465 0.0364798 9.9955E-05 0.0223606 9.9955E-05 0.283194 9.9955E-05 9.9955E-05
0.0507577 0.387639 0.0905595 9.9964E-05 9.9964E-05 9.9964E-05 0.456872 9.9964E-05 0.0137718
0.0386921 0.555341 9.9964E-05 9.9964E-05 9.9964E-05 0.0168804 0.356629 9.9964E-05 0.0320579
9.9955E-05 0.904409 9.9955E-05 9.9955E-05 0.022716 0.0222277 0.050148 9.9955E-05 9.9955E-05
9.9955E-05 0.143833 9.9955E-05 9.9955E-05 0.0862635 9.9955E-05 0.74191 9.9955E-05 0.0274938
0.0607052 0.64168 9.9955E-05 9.9955E-05 9.9955E-05 9.9955E-05 0.271488 9.9955E-05 0.0256268
0.106008 0.3029 9.9946E-05 9.9946E-05 9.9946E-05 9.9946E-05 0.590492 9.9946E-05 9.9946E-05
0.156417 0.381449 9.9964E-05 9.9964E-05 0.083754 0.0077925 0.370187 9.9964E-05 9.9964E-05
9.9946E-05 0.410359 0.0578472 9.9946E-05 9.9946E-05 9.9946E-05 0.531194 9.9946E-05 9.9946E-05
9.9946E-05 0.107733 0.60649 0.285178 9.9946E-05 9.9946E-05 9.9946E-05 9.9946E-05 9.9946E-05
9.9955E-05 9.9955E-05 0.208852 0.627424 0.00453664 9.9955E-05 9.9955E-05 9.9955E-05 0.158688
9.9964E-05 0.0324424 0.256783 0.573884 0.0682544 9.9964E-05 9.9964E-05 9.9964E-05 0.0682362
0.103374 0.0528413 9.9955E-05 0.791826 9.9955E-05 9.9955E-05 9.9955E-05 0.0514588 9.9955E-05
0.00313114 9.9964E-05 9.9964E-05 0.781789 9.9964E-05 9.9964E-05 0.115041 0.0913125 0.00832637
9.9937E-05 9.9937E-05 9.9937E-05 0.873211 9.9937E-05 9.9937E-05 9.9937E-05 0.126089 9.9937E-05
9.99639E-05 0.0297933 0.324223 0.103414 9.99639E-05 9.99639E-05 9.99639E-05 0.268459 0.273712
9.9955E-05 9.9955E-05 0.537368 0.160174 9.9955E-05 9.9955E-05 9.9955E-05 0.104721 0.197238
9.99372E-05 0.0193039 0.979997 9.99372E-05 9.99372E-05 9.99372E-05 9.99372E-05 9.99372E-05 9.99372E-05
9.9964E-05 9.9964E-05 0.072598 0.409561 9.9964E-05 9.9964E-05 0.0920037 0.363648 0.0617896
9.99371E-05 9.99371E-05 9.99371E-05 9.99371E-05 9.99371E-05 9.99371E-05 9.99371E-05 0.979532 0.0197687
9.9955E-05 0.0190598 9.9955E-05 0.245547 9.9955E-05 0.0145694 9.9955E-05 0.720324 9.9955E-05
9.9964E-05 9.9964E-05 9.9964E-05 0.0272238 0.0177192 9.9964E-05 0.014365 0.837783 0.102509
