0.215869 0.250281 0.0428684 9.99549E-05 9.99549E-05 9.99549E-05 0.0985022 9.99549E-05 0.391979 9.99549E-05
9.99639E-05 0.01455 0.0916336 0.129526 0.221716 9.99639E-05 0.318215 9.99639E-05 0.223959 9.99639E-05
9.9955E-05 0.243542 0.222249 9.9955E-05 9.9955E-05 0.11145 0.16704 9.9955E-05 0.255219 9.9955E-05
0.292527 9.9955E-05 0.459655 0.0532384 0.111575 0.0825052 9.9955E-05 9.9955E-05 9.9955E-05 9.9955E-05
9.9946E-05 0.438941 0.347069 9.9946E-05 0.00339487 9.9946E-05 9.9946E-05 9.9946E-05 0.209996 9.9946E-05
0.115383 0.00378083 0.464252 9.9964E-05 0.0615268 0.125386 9.9964E-05 9.9964E-05 0.229272 9.9964E-05
9.9946E-05 9.9946E-05 9.9946E-05 0.70427 9.9946E-05 0.0643464 0.0517708 0.179013 9.9946E-05 9.9946E-05
9.9955E-05 0.11064 9.9955E-05 0.608667 0.0674116 0.107063 9.9955E-05 0.105719 9.9955E-05 9.9955E-05
9.99549E-05 9.99549E-05 0.0462951 0.774187 9.99549E-05 9.99549E-05 0.0484602 0.0412891 9.99549E-05 0.0892692
0.0695988 9.9937E-05 9.9937E-05 0.741336 9.9937E-05 9.9937E-05 9.9937E-05 0.188365 9.9937E-05 9.9937E-05
9.99639E-05 9.99639E-05 0.0186039 0.790846 0.0275631 9.99639E-05 0.0613363 0.0788295 0.0224215 9.99639E-05
9.99549E-05 0.0379501 9.99549E-05 0.218899 0.0557948 9.99549E-05 9.99549E-05 0.661599 0.025258 9.99549E-05
0.0296326 9.9946E-05 9.9946E-05 0.511112 9.9946E-05 9.9946E-05 9.9946E-05 0.239834 9.9946E-05 0.218822
9.9937E-05 9.9937E-05 9.9937E-05 0.835113 9.9937E-05 0.0114578 9.9937E-05 9.9937E-05 9.9937E-05 0.15273
9.9955E-05 9.9955E-05 0.0234364 0.835896 9.9955E-05 0.0274421 0.0661073 0.046618 9.9955E-05 9.9955E-05
9.99461E-05 9.99461E-05 9.99461E-05 0.757014 0.0611118 9.99461E-05 0.0400173 0.141257 9.99461E-05 9.99461E-05
9.99549E-05 0.191766 0.129727 9.99549E-05 0.0780501 0.396981 9.99549E-05 9.99549E-05 0.202976 9.99549E-05
0.0315625 9.9964E-05 0.0132601 0.0130493 0.126872 0.715381 0.0994748 9.9964E-05 9.9964E-05 9.9964E-05
0.0312124 9.9955E-05 0.166338 9.9955E-05 9.9955E-05 0.373281 9.9955E-05 9.9955E-05 0.412619 0.0160506
0.246896 0.0922505 0.136438 9.996E-05 9.996E-05 0.383064 9.996E-05 9.996E-05 0.0650474 0.0759054
0.111719 0.233589 0.012735 9.99549E-05 9.99549E-05 0.559415 0.0820424 9.99549E-05 9.99549E-05 9.99549E-05
0.404818 9.9928E-05 9.9928E-05 9.9928E-05 9.9928E-05 0.594383 9.9928E-05 9.9928E-05 9.9928E-05 9.9928E-05
9.9982E-05 0.139796 0.0131864 0.00917485 0.0650793 0.00425945 0.0568924 0.0476083 0.663803 9.9982E-05
0.0853804 0.130731 9.9946E-05 9.9946E-05 0.123192 9.9946E-05 9.9946E-05 9.9946E-05 0.660097 9.9946E-05
0.154797 0.0649489 0.0253933 9.99461E-05 9.99461E-05 9.99461E-05 9.99461E-05 9.99461E-05 0.754261 9.99461E-05
0.708443 0.0331239 9.9946E-05 9.9946E-05 9.9946E-05 0.0994435 9.9946E-05 9.9946E-05 0.15839 9.9946E-05
9.9946E-05 0.400054 9.9946E-05 9.9946E-05 9.9946E-05 0.22943 9.9946E-05 9.9946E-05 0.319244 0.0506724
0.184129 0.387063 0.06991 9.9964E-05 9.9964E-05 0.0191955 9.9964E-05 9.9964E-05 0.266472 0.0728308
0.097124 0.483954 9.9964E-05 0.0700447 0.000745781 0.172694 0.175037 9.9964E-05 9.9964E-05 9.9964E-05
0.0564934 0.351997 9.9955E-05 0.087649 9.9955E-05 0.275765 0.227596 9.9955E-05 9.9955E-05 9.9955E-05
9.9946E-05 9.9946E-05 0.241878 9.9946E-05 9.9946E-05 0.336063 0.317183 0.104276 9.9946E-05 9.9946E-05
9.99639E-05 0.109271 0.437393 0.0142789 9.99639E-05 0.343586 0.0487687 0.0463025 9.99639E-05 9.99639E-05
0.00111685 0.00500777 0.480114 9.9955E-05 0.0733879 0.439873 9.9955E-05 9.9955E-05 9.9955E-05 9.9955E-05
0.136694 9.9946E-05 9.9946E-05 0.0384081 0.0215249 9.9946E-05 9.9946E-05 9.9946E-05 0.802774 9.9946E-05
9.99369E-05 9.99369E-05 9.99369E-05 9.99369E-05 9.99369E-05 9.99369E-05 0.225099 0.00239729 0.771805 9.99369E-05
0.051178 0.225684 0.0541885 9.9964E-05 9.9964E-05 0.273425 9.9964E-05 0.0624245 0.3327 9.9964E-05
9.9964E-05 9.9964E-05 0.137227 9.9964E-05 9.9964E-05 0.0244084 0.150579 0.0524591 0.411126 0.223801
9.9955E-05 0.0760703 0.134646 9.9955E-05 9.9955E-05 0.12087 9.9955E-05 9.9955E-05 0.633745 0.0341691
0.167171 9.9955E-05 9.9955E-05 9.9955E-05 9.9955E-05 0.117599 0.174966 9.9955E-05 0.487584 0.0521805
9.9955E-05 0.0390653 0.141877 9.9955E-05 9.9955E-05 0.381043 9.9955E-05 9.9955E-05 0.434403 0.00311204
0.712331 9.9937E-05 9.9937E-05 9.9937E-05 0.243184 9.9937E-05 0.0437851 9.9937E-05 9.9937E-05 9.9937E-05
0.549873 0.181078 0.10212 9.9964E-05 0.0522728 9.9964E-05 0.0288843 9.9964E-05 9.9964E-05 0.0853724
0.513641 9.9964E-05 0.259493 9.9964E-05 9.9964E-05 0.0359266 0.0279893 0.0410751 9.9964E-05 0.121475
0.211951 9.99549E-05 0.153187 9.99549E-05 0.439277 9.99549E-05 9.99549E-05 9.99549E-05 0.0484619 0.146623
0.968643 0.0305578 9.9928E-05 9.9928E-05 9.9928E-05 9.9928E-05 9.9928E-05 9.9928E-05 9.9928E-05 9.9928E-05
0.813687 9.9973E-05 0.0590959 9.9973E-05 9.9973E-05 0.0174355 0.0699837 0.00406834 0.011527 0.0239025
9.99371E-05 9.99371E-05 9.99371E-05 9.99371E-05 9.99371E-05 0.851199 0.0260334 0.122068 9.99371E-05 9.99371E-05
9.99459E-05 9.99459E-05 9.99459E-05 9.99459E-05 0.158528 0.478962 0.296087 0.0658231 9.99459E-05 9.99459E-05
9.9928E-05 9.9928E-05 9.9928E-05 9.9928E-05 9.9928E-05 0.441105 0.558096 9.9928E-05 9.9928E-05 9.9928E-05
0.100622 0.0868813 9.99459E-05 9.99459E-05 9.99459E-05 0.306021 0.505877 9.99459E-05 9.99459E-05 9.99459E-05
0.00431805 0.0351585 9.99549E-05 0.0275525 9.99549E-05 0.624745 0.307726 9.99549E-05 9.99549E-05 9.99549E-05
0.013198 9.9964E-05 9.9964E-05 0.0787924 0.401038 0.401302 9.9964E-05 9.9964E-05 0.10195 0.00331922
0.0311315 0.103447 9.9955E-05 9.9955E-05 9.9955E-05 0.722596 9.9955E-05 9.9955E-05 0.101226 0.0410998
0.271087 9.9955E-05 9.9955E-05 9.9955E-05 0.244267 0.328897 9.9955E-05 9.9955E-05 0.143368 0.0118819
0.138887 9.99459E-05 9.99459E-05 9.99459E-05 0.285971 0.368181 9.99459E-05 9.99459E-05 0.206361 9.99459E-05
0.329429 0.0580305 0.137739 9.99639E-05 9.99639E-05 0.310506 9.99639E-05 9.99639E-05 0.0955085 0.068387
0.113021 9.9955E-05 9.9955E-05 0.0210221 9.9955E-05 9.9955E-05 9.9955E-05 0.471782 0.209493 0.184182
9.9964E-05 0.0292477 9.9964E-05 0.379942 9.9964E-05 9.9964E-05 0.00100057 0.0143775 0.163823 0.411209
9.9946E-05 9.9946E-05 9.9946E-05 0.0275212 0.0548538 9.9946E-05 9.9946E-05 9.9946E-05 0.0412387 0.875787
9.99549E-05 9.99549E-05 9.99549E-05 0.0727085 0.115367 0.0830423 9.99549E-05 0.306509 9.99549E-05 0.421873
9.9946E-05 9.9946E-05 9.9946E-05 0.0265026 0.0367799 9.9946E-05 9.9946E-05 0.428042 9.9946E-05 0.508076
9.99459E-05 9.99459E-05 9.99459E-05 9.99459E-05 0.0408075 0.141051 9.99459E-05 0.29723 9.99459E-05 0.520311
9.99369E-05 9.99369E-05 9.99369E-05 9.99369E-05 9.99369E-05 9.99369E-05 0.345402 0.644155 0.00974336 9.99369E-05
9.9946E-05 9.9946E-05 0.0854897 9.9946E-05 9.9946E-05 0.0636952 9.9946E-05 0.808973 0.0412422 9.9946E-05
9.9937E-05 9.9937E-05 0.112587 0.350295 9.9937E-05 9.9937E-05 9.9937E-05 0.536419 9.9937E-05 9.9937E-05
0.0121206 9.9955E-05 9.9955E-05 0.534374 9.9955E-05 9.9955E-05 9.9955E-05 0.24084 0.0255596 0.186606
0.168957 9.9955E-05 9.9955E-05 0.225653 9.9955E-05 9.9955E-05 9.9955E-05 0.387811 0.0542929 0.162786
9.99372E-05 9.99372E-05 9.99372E-05 0.414308 9.99372E-05 9.99372E-05 9.99372E-05 9.99372E-05 0.129326 0.455667
9.9955E-05 9.9955E-05 9.9955E-05 0.206888 9.9955E-05 9.9955E-05 0.0872523 0.49949 0.138717 0.0671534
9.9946E-05 9.9946E-05 9.9946E-05 0.16348 9.9946E-05 9.9946E-05 9.9946E-05 0.507623 0.113957 0.214341
9.9946E-05 9.9946E-05 9.9946E-05 0.124017 9.9946E-05 9.9946E-05 0.132918 0.515678 0.226787 9.9946E-05
9.9955E-05 0.0220328 9.9955E-05 0.0129891 9.9955E-05 9.9955E-05 9.9955E-05 0.551998 0.114416 0.298064
9.9928E-05 0.0854509 9.9928E-05 9.9928E-05 9.9928E-05 9.9928E-05 9.9928E-05 0.91375 9.9928E-05 9.9928E-05
0.0247398 0.00120907 9.9964E-05 9.9964E-05 0.000574828 0.114836 9.9964E-05 0.316817 9.9964E-05 0.541424
0.102848 9.9964E-05 9.9964E-05 0.0952047 9.9964E-05 0.032752 9.9964E-05 0.0717958 0.0746893 0.622311
0.0189996 0.0291785 9.9955E-05 9.9955E-05 9.9955E-05 0.0171955 9.9955E-05 0.373273 9.9955E-05 0.560854
9.9937E-05 9.9937E-05 0.0930814 9.9937E-05 9.9937E-05 9.9937E-05 9.9937E-05 0.574166 9.9937E-05 0.332053
9.9937E-05 9.9937E-05 0.0559918 9.9937E-05 9.9937E-05 9.9937E-05 9.9937E-05 0.0252966 9.9937E-05 0.918012
9.9946E-05 9.9946E-05 9.9946E-05 0.243286 0.0389815 9.9946E-05 9.9946E-05 0.135487 9.9946E-05 0.581646
9.9928E-05 9.9928E-05 9.9928E-05 9.9928E-05 9.9928E-05 0.134053 9.9928E-05 0.865148 9.9928E-05 9.9928E-05
0.0883404 9.99467E-05 9.99467E-05 9.99467E-05 9.99467E-05 9.99467E-05 0.109687 0.129338 9.99467E-05 0.672035
0.148508 0.76133 9.99551E-05 9.99551E-05 9.99551E-05 0.0268662 9.99551E-05 9.99551E-05 0.0341809 0.0286146
0.0147161 9.9946E-05 9.9946E-05 9.9946E-05 0.873892 0.0252972 9.9946E-05 9.9946E-05 9.9946E-05 0.085495
9.9946E-05 0.0375539 0.0117432 9.9946E-05 0.855684 9.9946E-05 9.9946E-05 9.9946E-05 9.9946E-05 0.0944188
9.9973E-05 0.624742 0.253194 0.0605426 0.0171319 0.0239095 0.000747874 9.9973E-05 0.0194324 9.9973E-05
0.0188818 0.641183 9.99549E-05 0.062359 9.99549E-05 0.0638361 0.21324 9.99549E-05 9.99549E-05 9.99549E-05
9.99279E-05 0.0225482 9.99279E-05 9.99279E-05 9.99279E-05 9.99279E-05 0.976652 9.99279E-05 9.99279E-05 9.99279E-05
0.0341361 9.9964E-05 0.514785 0.0211366 0.0954257 9.9964E-05 0.310095 9.9964E-05 9.9964E-05 0.0240209
0.0313402 0.00852702 0.444072 0.0389414 0.12807 9.997E-05 0.284618 9.997E-05 0.064131 9.997E-05
0.0316784 0.264168 0.617806 9.9955E-05 0.0168637 9.9955E-05 0.0689844 9.9955E-05 9.9955E-05 9.9955E-05
9.99459E-05 0.205286 0.349485 9.99459E-05 0.133584 9.99459E-05 0.311046 9.99459E-05 9.99459E-05 9.99459E-05
9.9946E-05 0.0682118 0.88273 9.9946E-05 9.9946E-05 9.9946E-05 0.00198383 9.9946E-05 9.9946E-05 0.0464747
0.124839 9.99281E-05 0.874362 9.99281E-05 9.99281E-05 9.99281E-05 9.99281E-05 9.99281E-05 9.99281E-05 9.99281E-05
9.99549E-05 0.234318 0.607053 0.0294138 9.99549E-05 0.054328 9.99549E-05 9.99549E-05 0.0743878 9.99549E-05
9.9964E-05 9.9964E-05 0.83719 9.9964E-05 0.0264921 0.0698053 0.0475271 0.00116917 0.0174168 9.9964E-05
9.99369E-05 9.99369E-05 0.574395 9.99369E-05 9.99369E-05 0.133496 0.291409 9.99369E-05 9.99369E-05 9.99369E-05
0.0765513 0.010772 0.694472 9.9955E-05 9.9955E-05 0.117438 0.100268 9.9955E-05 9.9955E-05 9.9955E-05
0.0471495 0.168467 0.731369 9.9955E-05 9.9955E-05 9.9955E-05 9.9955E-05 0.0187101 9.9955E-05 0.0338043
9.9946E-05 0.119461 0.809236 9.9946E-05 9.9946E-05 0.00762484 9.9946E-05 9.9946E-05 0.0630788 9.9946E-05
0.186984 0.149961 0.459452 9.99639E-05 0.143363 9.99639E-05 9.99639E-05 0.0358113 0.0240282 9.99639E-05
0.0888311 0.53093 9.99549E-05 9.99549E-05 0.0974553 0.0756646 0.206619 9.99549E-05 9.99549E-05 9.99549E-05
0.13864 0.514319 9.9946E-05 9.9946E-05 0.333655 0.0127854 9.9946E-05 9.9946E-05 9.9946E-05 9.9946E-05
9.9955E-05 0.436194 9.9955E-05 9.9955E-05 0.443994 0.0501828 0.000943015 9.9955E-05 0.0681869 9.9955E-05
0.0365988 0.374537 0.0188048 9.9955E-05 0.562041 0.00751792 9.9955E-05 9.9955E-05 9.9955E-05 9.9955E-05
9.9937E-05 0.758703 9.9937E-05 9.9937E-05 9.9937E-05 9.9937E-05 0.220224 0.0203739 9.9937E-05 9.9937E-05
0.0217069 0.862123 9.9946E-05 9.9946E-05 9.9946E-05 0.0402955 9.9946E-05 9.9946E-05 0.0752746 9.9946E-05
9.9937E-05 0.697592 9.9937E-05 9.9937E-05 9.9937E-05 0.155743 9.9937E-05 9.9937E-05 0.145965 9.9937E-05
9.99461E-05 0.950707 9.99461E-05 0.00433437 9.99461E-05 0.0246793 9.99461E-05 0.0196792 9.99461E-05 9.99461E-05
9.9955E-05 0.77084 0.106153 9.9955E-05 9.9955E-05 9.9955E-05 0.0434865 9.9955E-05 0.0477317 0.0312883
9.9946E-05 0.540085 0.335997 9.9946E-05 0.10723 0.0160883 9.9946E-05 9.9946E-05 9.9946E-05 9.9946E-05
9.9946E-05 0.743797 0.113436 9.9946E-05 0.0370722 9.9946E-05 9.9946E-05 9.9946E-05 0.105095 9.9946E-05
9.9946E-05 0.695715 0.158649 9.9946E-05 0.1286 9.9946E-05 9.9946E-05 9.9946E-05 0.0164366 9.9946E-05
0.225881 0.384425 0.0869363 9.99639E-05 0.148158 0.0917192 0.0624817 9.99639E-05 9.99639E-05 9.99639E-05
9.9946E-05 0.368649 0.134789 9.9946E-05 0.313932 0.182031 9.9946E-05 9.9946E-05 9.9946E-05 9.9946E-05
9.9964E-05 0.392705 0.209302 9.9964E-05 0.175296 0.0709473 0.0545036 9.9964E-05 0.0968464 9.9964E-05
0.0169082 0.595854 0.163862 9.9973E-05 0.103675 0.0443534 0.0424144 9.9973E-05 0.0326336 9.9973E-05
0.165936 0.745594 9.99371E-05 9.99371E-05 9.99371E-05 9.99371E-05 0.08777 9.99371E-05 9.99371E-05 9.99371E-05
9.9946E-05 0.794838 9.9946E-05 9.9946E-05 0.103271 9.9946E-05 0.006521 9.9946E-05 0.0947703 9.9946E-05
0.0947851 0.679177 0.0716845 9.99459E-05 9.99459E-05 9.99459E-05 0.153753 9.99459E-05 9.99459E-05 9.99459E-05
9.9946E-05 0.036413 9.9946E-05 9.9946E-05 0.745449 9.9946E-05 0.0365302 9.9946E-05 0.181008 9.9946E-05
9.9946E-05 0.0507383 0.239332 9.9946E-05 0.65254 9.9946E-05 0.0567902 9.9946E-05 9.9946E-05 9.9946E-05
9.9946E-05 0.253665 0.218533 9.9946E-05 0.513876 0.0133266 9.9946E-05 9.9946E-05 9.9946E-05 9.9946E-05
0.00482144 0.623313 0.227094 9.9946E-05 0.144171 9.9946E-05 9.9946E-05 9.9946E-05 9.9946E-05 9.9946E-05
9.9964E-05 0.524745 0.3283 0.0150568 0.0734143 9.9964E-05 9.9964E-05 0.025219 0.0328652 9.9964E-05
9.9946E-05 0.490286 0.204212 9.9946E-05 0.161169 9.9946E-05 9.9946E-05 9.9946E-05 0.143734 9.9946E-05
9.9955E-05 0.6841 0.157981 9.9955E-05 0.126938 0.0161752 9.9955E-05 0.0143057 9.9955E-05 9.9955E-05
9.9964E-05 0.583861 9.9964E-05 0.103707 0.0010142 9.9964E-05 9.9964E-05 0.00786893 0.223629 0.0795196
9.99549E-05 0.511516 0.0896651 9.99549E-05 9.99549E-05 9.99549E-05 9.99549E-05 0.193343 0.0211049 0.183872
9.9964E-05 0.675479 0.0719595 9.9964E-05 0.162923 0.00518812 0.0838635 0.000186713 9.9964E-05 9.9964E-05
9.99549E-05 0.232816 0.0640898 9.99549E-05 0.577753 0.0382876 0.0865532 9.99549E-05 9.99549E-05 9.99549E-05
0.0524607 0.403141 0.081887 9.9964E-05 0.359053 9.9964E-05 0.0774355 9.9964E-05 0.0256225 9.9964E-05
0.0353895 0.374259 9.9955E-05 9.9955E-05 0.449002 9.9955E-05 0.0547188 9.9955E-05 0.0861303 9.9955E-05
0.0844213 0.0612528 9.9955E-05 9.9955E-05 0.760584 0.0276939 0.0655483 9.9955E-05 9.9955E-05 9.9955E-05
9.9928E-05 0.895162 9.9928E-05 9.9928E-05 9.9928E-05 9.9928E-05 0.104039 9.9928E-05 9.9928E-05 9.9928E-05
0.144382 0.389302 9.9946E-05 9.9946E-05 0.414331 9.9946E-05 0.0513863 9.9946E-05 9.9946E-05 9.9946E-05
0.148063 0.515076 0.0418293 9.99459E-05 0.294433 9.99459E-05 9.99459E-05 9.99459E-05 9.99459E-05 9.99459E-05
9.99549E-05 0.300798 0.198332 9.99549E-05 0.343615 0.0814597 0.0752953 9.99549E-05 9.99549E-05 9.99549E-05
9.9946E-05 0.560195 9.9946E-05 9.9946E-05 0.352669 9.9946E-05 0.059486 0.0270499 9.9946E-05 9.9946E-05
9.99371E-05 9.99371E-05 9.99371E-05 9.99371E-05 0.217962 9.99371E-05 0.0572737 0.724064 9.99371E-05 9.99371E-05
9.9964E-05 9.9964E-05 0.0145598 0.0299501 0.0519921 0.00346827 9.9964E-05 0.619843 9.9964E-05 0.279787
0.0741593 9.9964E-05 9.9964E-05 0.0358128 9.9964E-05 0.0170478 0.0272483 0.680343 9.9964E-05 0.164989
0.0264185 9.99639E-05 9.99639E-05 9.99639E-05 0.0623557 0.00801313 0.151985 0.0666447 9.99639E-05 0.684183
9.99549E-05 9.99549E-05 0.056535 0.0332125 0.031281 9.99549E-05 0.145672 9.99549E-05 9.99549E-05 0.732799
9.9955E-05 0.00828331 9.9955E-05 0.0226336 0.0190829 9.9955E-05 9.9955E-05 0.169094 9.9955E-05 0.780406
9.9946E-05 9.9946E-05 9.9946E-05 0.374267 0.120297 9.9946E-05 9.9946E-05 0.281721 9.9946E-05 0.223116
9.9955E-05 9.9955E-05 0.0368744 0.221209 9.9955E-05 9.9955E-05 0.105106 0.549449 9.9955E-05 0.0868616
9.99281E-05 9.99281E-05 9.99281E-05 9.99281E-05 9.99281E-05 9.99281E-05 0.525558 0.473643 9.99281E-05 9.99281E-05
9.99639E-05 0.0842274 0.0224323 0.17096 9.99639E-05 9.99639E-05 0.0148126 0.168334 9.99639E-05 0.538834
9.99372E-05 9.99372E-05 9.99372E-05 0.0710322 9.99372E-05 9.99372E-05 9.99372E-05 9.99372E-05 0.0294553 0.898813
9.99281E-05 9.99281E-05 9.99281E-05 9.99281E-05 9.99281E-05 9.99281E-05 9.99281E-05 9.99281E-05 0.0582906 0.94091
9.99461E-05 0.0107025 0.066 0.153437 9.99461E-05 9.99461E-05 9.99461E-05 9.99461E-05 9.99461E-05 0.769261
