9.99459E-05 9.99459E-05 0.332433 0.0387279 9.99459E-05 9.99459E-05 9.99459E-05 0.628239 9.99459E-05
9.9973E-05 0.238885 0.117748 0.318998 0.0514227 9.9973E-05 0.0614633 0.211183 9.9973E-05
9.9973E-05 0.0109139 0.336368 0.10961 0.0476567 9.9973E-05 0.220599 0.274552 9.9973E-05
9.9973E-05 0.0125534 0.0322649 9.9973E-05 0.0417518 0.0200191 0.554859 0.338252 9.9973E-05
9.9955E-05 9.9955E-05 0.483155 9.9955E-05 9.9955E-05 9.9955E-05 0.237608 0.0272814 0.251455
9.9964E-05 9.9964E-05 0.0900246 9.9964E-05 0.0239915 9.9964E-05 0.502183 0.31875 0.0646512
0.182399 0.00294682 9.9955E-05 0.773576 0.040578 9.9955E-05 9.9955E-05 9.9955E-05 9.9955E-05
0.257114 0.0926689 9.9964E-05 0.431955 9.9964E-05 0.00302412 9.9964E-05 9.9964E-05 0.214838
0.384577 0.0412111 9.99459E-05 0.573612 9.99459E-05 9.99459E-05 9.99459E-05 9.99459E-05 9.99459E-05
0.358778 9.9946E-05 9.9946E-05 0.622667 9.9946E-05 9.9946E-05 9.9946E-05 9.9946E-05 0.0179553
0.272124 0.0258706 9.99459E-05 0.701406 9.99459E-05 9.99459E-05 9.99459E-05 9.99459E-05 9.99459E-05
0.0991011 9.99639E-05 0.0291093 0.757413 9.99639E-05 0.0304676 9.99639E-05 9.99639E-05 0.0835094
0.533131 9.9946E-05 9.9946E-05 0.459439 9.9946E-05 0.00683052 9.9946E-05 9.9946E-05 9.9946E-05
0.647357 9.99369E-05 9.99369E-05 0.351943 9.99369E-05 9.99369E-05 9.99369E-05 9.99369E-05 9.99369E-05
0.352923 9.9955E-05 0.00374186 0.61065 0.0321859 9.9955E-05 9.9955E-05 9.9955E-05 9.9955E-05
0.321088 0.0407826 9.9946E-05 0.63753 9.9946E-05 9.9946E-05 9.9946E-05 9.9946E-05 9.9946E-05
9.9955E-05 0.08076 0.079925 9.9955E-05 0.0859064 9.9955E-05 9.9955E-05 9.9955E-05 0.752909
9.9982E-05 0.0155792 9.9982E-05 0.0329328 0.585366 0.00894143 0.0705339 0.0138262 0.272621
0.0171194 9.9973E-05 9.9973E-05 9.9973E-05 0.198723 0.0798693 0.0926719 0.494839 0.116478
0.0871283 9.9973E-05 0.0114795 9.9973E-05 0.142357 9.9973E-05 0.174549 0.150731 0.433455
0.0404336 9.99549E-05 0.307183 9.99549E-05 0.502191 9.99549E-05 9.99549E-05 0.149693 9.99549E-05
0.0160738 9.9964E-05 9.9964E-05 9.9964E-05 0.447589 9.9964E-05 0.024599 0.194534 0.316805
9.9955E-05 0.120613 9.9955E-05 0.194172 9.9955E-05 9.9955E-05 9.9955E-05 0.155316 0.5294
9.9964E-05 0.0142559 0.190214 9.9964E-05 9.9964E-05 0.0374143 9.9964E-05 0.680738 0.0769773
9.99551E-05 9.99551E-05 0.0192918 9.99551E-05 9.99551E-05 9.99551E-05 0.0301961 0.497536 0.452476
9.9964E-05 0.0101116 0.0518208 9.9964E-05 9.9964E-05 9.9964E-05 0.132021 0.561444 0.244203
9.9937E-05 9.9937E-05 0.0516697 9.9937E-05 9.9937E-05 9.9937E-05 9.9937E-05 9.9937E-05 0.947631
0.018296 9.9955E-05 0.192397 9.9955E-05 9.9955E-05 9.9955E-05 0.0664567 9.9955E-05 0.722351
0.0423147 0.154694 0.482503 9.9964E-05 0.27098 9.9964E-05 9.9964E-05 9.9964E-05 0.049108
0.050409 0.0485747 0.317477 0.0601305 0.407047 9.9982E-05 0.0189027 9.9982E-05 0.0972585
9.9955E-05 9.9955E-05 9.9955E-05 0.257279 0.389635 9.9955E-05 0.35155 0.00103612 9.9955E-05
9.99639E-05 9.99639E-05 0.201456 0.168203 0.190191 9.99639E-05 0.297764 9.99639E-05 0.141986
9.996E-05 9.996E-05 0.098449 9.996E-05 0.206972 9.996E-05 0.427954 0.0502223 0.216002
9.99459E-05 9.99459E-05 9.99459E-05 0.00177605 9.99459E-05 0.0245671 9.99459E-05 0.973057 9.99459E-05
9.9937E-05 9.9937E-05 9.9937E-05 0.242977 9.9937E-05 9.9937E-05 9.9937E-05 0.756323 9.9937E-05
9.9973E-05 9.9973E-05 0.0742565 0.0790383 0.0745414 9.9973E-05 0.0489769 0.184347 0.53854
0.140915 9.9982E-05 9.9982E-05 0.16563 0.0859344 0.0956857 0.206904 0.235066 0.0696659
9.9955E-05 9.9955E-05 9.9955E-05 0.0918548 9.9955E-05 9.9955E-05 0.0572941 0.338436 0.511915
0.0819372 0.0415806 9.9973E-05 9.9973E-05 0.185819 9.9973E-05 0.0261415 0.586786 0.077435
9.995E-05 9.995E-05 9.995E-05 9.995E-05 0.0932979 9.995E-05 0.0599067 0.193979 0.652316
9.9946E-05 0.393144 9.9946E-05 9.9946E-05 9.9946E-05 9.9946E-05 0.220126 0.38613 9.9946E-05
0.0896974 0.152068 0.193945 9.9964E-05 9.9964E-05 9.9964E-05 0.303934 0.259956 9.9964E-05
0.1073 9.9964E-05 0.00523692 9.9964E-05 0.124692 9.9964E-05 0.515587 0.246784 9.9964E-05
0.0739986 0.474205 9.9973E-05 9.9973E-05 9.9973E-05 0.0808722 0.223353 0.100238 0.0470339
9.99641E-05 0.0186646 0.121082 9.99641E-05 0.0582344 9.99641E-05 0.296309 0.50531 9.99641E-05
9.9946E-05 9.9946E-05 9.9946E-05 9.9946E-05 0.130804 9.9946E-05 0.358416 0.510181 9.9946E-05
9.9946E-05 9.9946E-05 9.9946E-05 9.9946E-05 0.716038 0.0898298 9.9946E-05 9.9946E-05 0.193533
9.99549E-05 0.239761 9.99549E-05 0.0273897 0.704105 0.0282439 9.99549E-05 9.99549E-05 9.99549E-05
9.9946E-05 0.184963 9.9946E-05 0.00239239 0.812045 9.9946E-05 9.9946E-05 9.9946E-05 9.9946E-05
9.9955E-05 0.31904 0.00537401 9.9955E-05 0.626126 9.9955E-05 9.9955E-05 0.04896 9.9955E-05
0.0305471 9.99639E-05 0.0380547 9.99639E-05 0.808752 9.99639E-05 9.99639E-05 0.0670712 0.0551755
0.110343 0.290563 9.9964E-05 9.9964E-05 0.191759 9.9964E-05 9.9964E-05 0.395883 0.011052
0.0700898 9.9973E-05 0.0487235 9.9973E-05 0.48145 0.0254409 9.9973E-05 0.258197 0.115799
0.0895644 0.176903 9.9955E-05 9.9955E-05 0.119821 9.9955E-05 9.9955E-05 0.613211 9.9955E-05
0.0202192 0.190606 9.99639E-05 9.99639E-05 0.0876852 9.99639E-05 9.99639E-05 0.452245 0.248844
0.0733456 9.9973E-05 0.0300879 9.9973E-05 0.0440508 9.9973E-05 0.149163 0.367901 0.335152
9.9946E-05 9.9946E-05 9.9946E-05 0.197487 9.9946E-05 0.484116 9.9946E-05 0.317798 9.9946E-05
0.409109 9.9964E-05 0.00560288 0.260821 9.9964E-05 0.165234 9.9964E-05 0.158834 9.9964E-05
0.234958 0.0219301 9.9955E-05 9.9955E-05 9.9955E-05 0.687396 9.9955E-05 9.9955E-05 0.0552158
9.9964E-05 0.0531452 9.9964E-05 0.187573 9.9964E-05 0.668514 9.9964E-05 0.0117605 0.0786072
0.0153715 0.00788258 9.9964E-05 0.177448 9.9964E-05 0.795619 9.9964E-05 9.9964E-05 0.00327916
9.9964E-05 0.00202506 9.9964E-05 0.032882 0.0690696 0.809692 9.9964E-05 9.9964E-05 0.0859314
9.9946E-05 0.00382722 9.9946E-05 0.894696 0.100877 9.9946E-05 9.9946E-05 9.9946E-05 9.9946E-05
0.0609968 9.9973E-05 9.9973E-05 0.724631 9.9973E-05 0.0349743 0.0956288 0.0149833 0.0684864
0.168767 9.99549E-05 9.99549E-05 0.632875 9.99549E-05 0.150863 0.0469951 9.99549E-05 9.99549E-05
0.283101 9.9964E-05 9.9964E-05 0.432713 0.00406472 0.255274 9.9964E-05 0.0244473 9.9964E-05
0.347633 9.9955E-05 9.9955E-05 0.432486 9.9955E-05 0.03768 9.9955E-05 0.181701 9.9955E-05
0.751801 9.99461E-05 9.99461E-05 0.164157 9.99461E-05 9.99461E-05 9.99461E-05 0.0834426 9.99461E-05
0.105495 9.9955E-05 9.9955E-05 0.59235 9.9955E-05 0.186808 9.9955E-05 0.114847 9.9955E-05
0.232109 9.9955E-05 9.9955E-05 0.359425 9.9955E-05 0.280512 9.9955E-05 9.9955E-05 0.127455
0.0981929 9.9973E-05 9.9973E-05 0.665411 9.9973E-05 0.0985443 0.0332324 0.0612624 0.0430576
0.172998 9.9964E-05 9.9964E-05 0.221805 9.9964E-05 0.432498 9.9964E-05 0.0727217 0.0995766
9.9946E-05 9.9946E-05 9.9946E-05 0.779497 9.9946E-05 0.122808 9.9946E-05 9.9946E-05 0.0970952
0.235714 9.9964E-05 9.9964E-05 0.0988748 0.0152399 0.516862 9.9964E-05 9.9964E-05 0.13291
0.668805 9.9964E-05 9.9964E-05 0.112387 0.0536626 0.0889192 9.9964E-05 9.9964E-05 0.0758254
0.0620391 9.9964E-05 9.9964E-05 9.9964E-05 0.0560684 0.839755 0.00967809 9.9964E-05 0.03206
0.152228 9.9955E-05 9.9955E-05 0.133385 9.9955E-05 0.583661 0.130227 9.9955E-05 9.9955E-05
0.258407 9.9937E-05 9.9937E-05 9.9937E-05 9.9937E-05 0.740894 9.9937E-05 9.9937E-05 9.9937E-05
0.165945 9.9964E-05 9.9964E-05 0.0979279 0.00374464 0.689547 9.9964E-05 0.0424361 9.9964E-05
9.9955E-05 9.9955E-05 9.9955E-05 0.56144 0.0683724 0.337684 9.9955E-05 9.9955E-05 0.0320037
0.0484352 9.99641E-05 9.99641E-05 9.99641E-05 0.0936297 0.801228 0.0375665 0.0187404 9.99641E-05
0.0242971 9.99641E-05 0.73433 9.99641E-05 0.0226014 9.99641E-05 0.0501268 9.99641E-05 0.168245
0.00317449 0.795123 9.9946E-05 9.9946E-05 9.9946E-05 9.9946E-05 9.9946E-05 9.9946E-05 0.201103
0.0249146 0.793853 9.99459E-05 9.99459E-05 9.99459E-05 9.99459E-05 9.99459E-05 9.99459E-05 0.180632
0.0880198 9.9955E-05 0.722966 9.9955E-05 0.0873264 9.9955E-05 0.101188 9.9955E-05 9.9955E-05
0.00177942 0.0670542 0.648057 0.0079309 0.262978 0.0119008 9.9973E-05 9.9973E-05 9.9973E-05
9.99461E-05 0.397572 9.99461E-05 0.153785 0.448043 9.99461E-05 9.99461E-05 9.99461E-05 9.99461E-05
9.99551E-05 0.209792 9.99551E-05 0.0770465 0.0821187 9.99551E-05 0.630543 9.99551E-05 9.99551E-05
9.9964E-05 0.280512 0.00977365 0.102077 0.0541849 9.9964E-05 0.553052 9.9964E-05 9.9964E-05
9.9955E-05 0.0749765 0.331284 9.9955E-05 0.0331011 9.9955E-05 0.560138 9.9955E-05 9.9955E-05
9.9964E-05 0.375456 0.221458 0.00170716 0.104216 9.9964E-05 0.296763 9.9964E-05 9.9964E-05
0.0593648 0.0209588 0.188671 9.9955E-05 9.9955E-05 9.9955E-05 0.730506 9.9955E-05 9.9955E-05
0.0115315 9.9955E-05 9.9955E-05 9.9955E-05 9.9955E-05 9.9955E-05 0.88016 0.00405229 0.103757
0.0196218 9.99549E-05 0.292949 9.99549E-05 9.99549E-05 9.99549E-05 0.556179 0.13075 9.99549E-05
9.9964E-05 0.0659983 0.0656086 9.9964E-05 9.9964E-05 0.00114385 0.774559 9.9964E-05 0.0922904
9.99459E-05 9.99459E-05 9.99459E-05 0.0507386 0.313807 9.99459E-05 0.634855 9.99459E-05 9.99459E-05
9.9964E-05 9.9964E-05 0.0342459 9.9964E-05 0.13243 9.9964E-05 0.662561 0.0924707 0.0778929
0.0403735 9.9964E-05 0.298723 9.9964E-05 9.9964E-05 0.0124807 0.636361 9.9964E-05 0.0116619
9.9946E-05 9.9946E-05 0.156857 9.9946E-05 9.9946E-05 9.9946E-05 0.68644 9.9946E-05 0.156104
9.9964E-05 0.0504387 0.256104 0.0228956 9.9964E-05 9.9964E-05 0.47941 0.190752 9.9964E-05
0.00296077 0.32015 0.42171 9.9964E-05 0.231147 9.9964E-05 9.9964E-05 0.023632 9.9964E-05
9.9964E-05 0.185241 0.641999 9.9964E-05 0.0444343 9.9964E-05 0.013667 0.114259 9.9964E-05
9.9964E-05 0.335337 0.511802 9.9964E-05 0.0650468 9.9964E-05 9.9964E-05 0.033292 0.0541224
0.000705409 0.464132 0.460112 9.9955E-05 9.9955E-05 9.9955E-05 9.9955E-05 0.0745509 9.9955E-05
9.9955E-05 9.9955E-05 0.777681 0.0624413 0.132699 0.0266785 9.9955E-05 9.9955E-05 9.9955E-05
0.00380748 9.9964E-05 0.834437 9.9964E-05 0.0215947 9.9964E-05 9.9964E-05 0.0904552 0.0493056
9.9955E-05 9.9955E-05 0.647275 9.9955E-05 0.0767181 9.9955E-05 9.9955E-05 0.126971 0.148537
0.0344538 9.9955E-05 0.897721 9.9955E-05 0.0624885 9.9955E-05 9.9955E-05 9.9955E-05 0.00483738
9.9955E-05 9.9955E-05 0.797239 9.9955E-05 0.0617492 0.0477178 0.0927938 9.9955E-05 9.9955E-05
9.9955E-05 9.9955E-05 0.753826 9.9955E-05 9.9955E-05 9.9955E-05 0.180196 0.0408162 0.0246618
9.9946E-05 9.9946E-05 0.819065 9.9946E-05 9.9946E-05 9.9946E-05 9.9946E-05 0.131628 0.0487078
9.9955E-05 0.0433113 0.872985 9.9955E-05 9.9955E-05 9.9955E-05 0.0193421 0.0638622 9.9955E-05
9.9964E-05 0.102703 0.517186 9.9964E-05 0.0984888 9.9964E-05 0.107168 0.174054 9.9964E-05
9.9964E-05 0.339649 0.343515 9.9964E-05 0.0421795 9.9964E-05 0.0376589 9.9964E-05 0.236598
9.9973E-05 0.0615675 0.602989 0.0593657 9.9973E-05 9.9973E-05 0.128475 0.0961756 0.0511272
9.99731E-05 0.107176 0.605681 9.99731E-05 0.0157814 9.99731E-05 0.204687 0.00234088 0.064034
9.99641E-05 0.0432654 0.839893 9.99641E-05 0.0656251 9.99641E-05 0.0379682 0.0128482 9.99641E-05
9.9946E-05 0.0877797 0.765747 9.9946E-05 9.9946E-05 9.9946E-05 9.9946E-05 9.9946E-05 0.145874
9.9973E-05 0.0648416 0.706622 0.0217452 0.0357722 9.9973E-05 0.144672 9.9973E-05 0.026047
9.9955E-05 0.628845 0.202114 0.0275393 9.9955E-05 9.9955E-05 9.9955E-05 0.141002 9.9955E-05
9.9946E-05 0.713132 0.125475 9.9946E-05 9.9946E-05 9.9946E-05 0.160794 9.9946E-05 9.9946E-05
9.9955E-05 0.36554 0.406552 9.9955E-05 9.9955E-05 9.9955E-05 0.107031 9.9955E-05 0.120377
9.9946E-05 0.0234767 0.758457 9.9946E-05 9.9946E-05 9.9946E-05 0.217467 9.9946E-05 9.9946E-05
0.00891166 0.0180961 0.561777 0.0293667 9.9973E-05 9.9973E-05 0.198685 9.9973E-05 0.182864
9.9964E-05 0.0458953 0.691355 9.9964E-05 9.9964E-05 0.0490509 0.133672 0.079627 9.9964E-05
9.9964E-05 0.0908333 0.715125 0.0376648 9.9964E-05 9.9964E-05 0.0480022 9.9964E-05 0.107975
9.9955E-05 9.9955E-05 0.55859 9.9955E-05 9.9955E-05 0.230802 9.9955E-05 0.12583 0.0842776
9.9946E-05 9.9946E-05 0.580405 9.9946E-05 9.9946E-05 0.361009 9.9946E-05 9.9946E-05 0.0579862
9.9964E-05 0.184741 0.706838 0.00344905 0.0629911 9.9964E-05 0.041581 9.9964E-05 9.9964E-05
9.99549E-05 0.565301 0.352323 9.99549E-05 0.0494617 9.99549E-05 9.99549E-05 0.0324145 9.99549E-05
9.996E-05 0.249773 0.522219 0.0549762 9.996E-05 9.996E-05 0.020752 0.15188 9.996E-05
9.9955E-05 0.449168 0.446903 0.00292113 9.9955E-05 9.9955E-05 9.9955E-05 0.100508 9.9955E-05
9.9955E-05 0.617104 0.148155 9.9955E-05 0.033663 9.9955E-05 9.9955E-05 0.200579 9.9955E-05
9.9946E-05 0.00559616 0.91602 9.9946E-05 0.0777839 9.9946E-05 9.9946E-05 9.9946E-05 9.9946E-05
9.9964E-05 0.468866 0.398451 9.9964E-05 0.00538204 9.9964E-05 0.0167517 0.110149 9.9964E-05
9.9955E-05 0.201547 0.671724 9.9955E-05 9.9955E-05 9.9955E-05 0.0509728 0.0752562 9.9955E-05
9.9964E-05 0.249967 0.46977 9.9964E-05 0.0357742 9.9964E-05 0.153291 0.0907975 9.9964E-05
9.9946E-05 0.272035 0.642645 0.0847211 9.9946E-05 9.9946E-05 9.9946E-05 9.9946E-05 9.9946E-05
9.9955E-05 0.134453 9.9955E-05 0.567091 0.0525711 0.245385 9.9955E-05 9.9955E-05 9.9955E-05
9.9946E-05 9.9946E-05 9.9946E-05 0.340048 9.9946E-05 0.631998 9.9946E-05 0.0273544 9.9946E-05
9.9955E-05 9.9955E-05 9.9955E-05 0.405558 0.107292 0.485158 9.9955E-05 9.9955E-05 0.00149225
9.9964E-05 0.0937374 0.0119887 0.0244951 9.9964E-05 0.821896 0.0474835 9.9964E-05 9.9964E-05
0.175955 0.0250941 0.0911401 9.9964E-05 9.9964E-05 0.668784 0.0386272 9.9964E-05 9.9964E-05
0.052008 9.9955E-05 0.0131569 0.00490893 9.9955E-05 0.929426 9.9955E-05 9.9955E-05 9.9955E-05
0.278698 0.0893709 9.9955E-05 0.422695 9.9955E-05 0.208736 9.9955E-05 9.9955E-05 9.9955E-05
0.110781 9.9955E-05 0.00995217 0.698651 9.9955E-05 0.180116 9.9955E-05 9.9955E-05 9.9955E-05
9.99372E-05 0.104093 9.99372E-05 0.895208 9.99372E-05 9.99372E-05 9.99372E-05 9.99372E-05 9.99372E-05
0.302646 9.9964E-05 0.0567101 0.147284 9.9964E-05 0.466868 9.9964E-05 9.9964E-05 0.0260925
0.960675 9.99371E-05 9.99371E-05 9.99371E-05 9.99371E-05 0.0386257 9.99371E-05 9.99371E-05 9.99371E-05
0.529405 9.99461E-05 9.99461E-05 9.99461E-05 9.99461E-05 0.469288 9.99461E-05 0.000707712 9.99461E-05
0.741764 9.9946E-05 9.9946E-05 9.9946E-05 9.9946E-05 0.185732 9.9946E-05 9.9946E-05 0.0719043
