0.22564 9.9991E-05 0.120806 0.341194 0.31226
0.310288 9.9982E-05 0.492059 0.197453 9.9982E-05
0.202056 9.9991E-05 0.159622 0.387505 0.250717
0.0541363 9.9991E-05 0.0726983 0.587187 0.285878
0.395463 0.0303281 9.9991E-05 0.460271 0.113838
0.0572092 9.9982E-05 9.9982E-05 0.619994 0.322597
9.9973E-05 0.402981 0.596719 9.9973E-05 9.9973E-05
0.143901 0.50654 0.303794 9.9991E-05 0.0456655
9.9973E-05 0.605015 0.394685 9.9973E-05 9.9973E-05
9.9982E-05 0.588672 0.398964 9.9982E-05 0.0121641
9.99729E-05 0.494819 0.504881 9.99729E-05 9.99729E-05
0.000803922 0.482101 0.511014 9.9991E-05 0.00598094
9.9973E-05 0.741135 0.258565 9.9973E-05 9.9973E-05
9.9982E-05 0.771499 0.225477 9.9982E-05 0.00282383
9.9973E-05 0.526469 0.473231 9.9973E-05 9.9973E-05
9.9973E-05 0.45258 0.54712 9.9973E-05 9.9973E-05
0.237309 0.0470378 0.0381506 0.049978 0.627525
0.09328 0.0290899 0.314371 0.0813112 0.481948
9.9991E-05 0.0616033 0.0579232 0.164357 0.716017
0.000390176 0.0526093 9.9991E-05 0.303281 0.64362
0.096009 0.00670713 0.190019 0.273618 0.433648
9.9991E-05 0.0187926 0.125386 0.146299 0.709422
0.204629 0.0486823 0.201341 0.0787357 0.466612
0.263249 0.0760762 9.9991E-05 0.115323 0.545252
0.0649193 0.053267 9.9991E-05 0.123188 0.758525
0.0822119 9.9982E-05 9.9982E-05 0.229614 0.687974
0.263657 0.151595 9.9991E-05 0.00437699 0.580272
0.18972 0.0948585 9.9991E-05 0.308641 0.40668
0.562469 0.0264069 0.200804 0.0449984 0.165322
0.31639 0.0521437 0.272135 0.111801 0.24753
9.9982E-05 9.9982E-05 0.502641 0.412216 0.0849433
0.0545478 0.048937 0.230739 0.571819 0.0939574
0.0023399 9.9991E-05 0.121446 0.570593 0.305521
9.9991E-05 0.0552149 0.043018 0.138107 0.76356
9.9973E-05 9.9973E-05 0.350963 9.9973E-05 0.648737
0.114776 0.0491511 0.0861192 0.200422 0.549532
9.9991E-05 0.26584 0.195969 0.255485 0.282605
0.0810459 0.0972774 0.0344363 0.117378 0.669862
0.0419387 0.0469972 0.198597 0.138682 0.573785
9.9991E-05 0.054557 0.00718554 0.223916 0.714242
0.20168 9.9991E-05 0.16749 0.370082 0.260648
0.257623 0.0567191 0.0044171 0.447661 0.23358
9.9991E-05 0.110203 0.0720513 0.670543 0.147103
0.413591 0.136506 9.9991E-05 0.247255 0.202548
0.0366137 9.9991E-05 0.0655172 0.607017 0.290752
9.9982E-05 9.9982E-05 0.0816794 0.53268 0.38544
9.9982E-05 0.0463305 0.331014 9.9982E-05 0.622455
0.0854646 9.9991E-05 0.575564 0.0783647 0.260506
0.171759 9.9982E-05 0.670207 9.9982E-05 0.157834
0.314206 9.9982E-05 0.448994 9.9982E-05 0.2366
9.9982E-05 9.9982E-05 0.433673 0.120311 0.445816
0.192566 0.0414179 0.189859 9.9991E-05 0.576057
0.0695765 0.0407963 0.163425 9.9991E-05 0.726102
0.140296 9.9982E-05 0.0423667 9.9982E-05 0.817137
0.148574 9.9982E-05 0.110744 9.9982E-05 0.740483
0.010718 0.0497176 9.9991E-05 0.296121 0.643343
9.9991E-05 0.522591 0.295323 0.0214428 0.160543
0.0420319 0.69906 0.118608 9.9991E-05 0.1402
0.0781334 0.91497 9.9982E-05 0.00669626 9.9982E-05
9.9982E-05 0.685385 0.219918 9.9982E-05 0.0944972
9.9982E-05 0.795916 0.196199 0.00768427 9.9982E-05
9.9991E-05 0.705364 0.199215 0.0340973 0.061224
9.99729E-05 0.154882 0.844818 9.99729E-05 9.99729E-05
9.9991E-05 0.435026 0.496379 0.0494305 0.0190639
9.9982E-05 0.567426 0.419927 0.0124472 9.9982E-05
9.9973E-05 0.678996 0.320704 9.9973E-05 9.9973E-05
9.9982E-05 0.603452 0.315278 9.9982E-05 0.0810699
9.99821E-05 0.908205 0.0302367 9.99821E-05 0.0613582
9.9982E-05 0.520277 0.448156 9.9982E-05 0.0313667
9.9982E-05 0.700661 0.247711 9.9982E-05 0.0514279
9.9991E-05 0.425634 0.519728 0.0380569 0.0164807
0.0145524 0.665867 0.229178 0.00465925 0.0857426
9.99729E-05 0.47803 0.52167 9.99729E-05 9.99729E-05
0.00534055 0.817394 0.114806 0.0623593 9.9991E-05
9.9982E-05 0.819239 9.9982E-05 0.00984594 0.170715
9.9991E-05 0.787696 0.149986 0.00793764 0.0542807
9.9982E-05 0.717235 0.179873 0.102692 9.9982E-05
9.9973E-05 0.988806 9.9973E-05 0.0108942 9.9973E-05
9.9973E-05 0.862147 0.137554 9.9973E-05 9.9973E-05
9.9982E-05 0.50483 0.465678 9.9982E-05 0.0292929
9.9982E-05 0.75747 0.143601 0.0987295 9.9982E-05
0.631652 0.0430503 9.9991E-05 0.251358 0.0738394
0.824963 0.00928395 0.0796587 9.9991E-05 0.0859946
0.876573 0.098973 0.0242545 9.9982E-05 9.9982E-05
0.594509 0.0829278 9.9982E-05 0.322363 9.9982E-05
0.634288 0.0260635 0.160079 0.128809 0.0507608
0.304955 9.99731E-05 0.694745 9.99731E-05 9.99731E-05
0.143769 9.9982E-05 0.282899 0.573132 9.9982E-05
0.201023 9.9982E-05 0.301175 0.497602 9.9982E-05
0.227357 9.9982E-05 0.0958338 0.67661 9.9982E-05
0.532386 9.9982E-05 0.193888 0.273527 9.9982E-05
0.0736065 0.0486742 9.9982E-05 0.877519 9.9982E-05
9.9982E-05 0.0021543 9.9982E-05 0.966647 0.030999
0.184137 0.0117488 9.9991E-05 0.68519 0.118824
0.0766351 0.00507998 0.0654968 0.835004 0.0177844
9.9973E-05 9.9973E-05 0.352586 0.647114 9.9973E-05
0.00661274 9.9991E-05 0.136665 0.710135 0.146488
0.140215 0.060302 9.9982E-05 0.799283 9.9982E-05
0.0487057 0.0299326 9.9991E-05 0.874872 0.0463899
0.310375 9.9991E-05 0.0324949 0.52917 0.127861
0.675592 9.9991E-05 0.159025 0.0317728 0.13351
0.773744 9.9982E-05 9.9982E-05 0.138927 0.0871292
0.895189 9.9973E-05 9.9973E-05 9.9973E-05 0.104511
0.851487 9.9991E-05 0.0754904 0.0212882 0.051634
0.640732 0.0180536 0.0944075 0.246707 9.9991E-05
0.622007 0.00531432 9.9991E-05 0.260585 0.111993
0.685539 0.0120231 9.9991E-05 0.00641899 0.295919
0.760222 0.0671871 9.9982E-05 0.17239 9.9982E-05
0.690194 0.0616877 9.9982E-05 0.247918 9.9982E-05
0.602635 0.00354786 9.9991E-05 0.384391 0.00932546
0.642625 0.0440045 9.9991E-05 0.303714 0.00955603
0.81545 9.9982E-05 9.9982E-05 0.178783 0.00556669
0.536568 9.9991E-05 0.0389032 0.285803 0.138626
0.708659 0.0663456 9.9991E-05 0.144325 0.0805703
0.606034 9.9991E-05 0.0952519 0.247479 0.0511352
0.589514 0.0266836 0.0171254 0.366577 9.9991E-05
0.731729 0.0370556 9.9982E-05 0.231016 9.9982E-05
0.801834 0.0247217 9.9991E-05 0.0910277 0.0823168
0.63321 9.9982E-05 0.0171313 0.349459 9.9982E-05
0.818406 9.9982E-05 0.150779 9.9982E-05 0.0306145
0.731231 9.9982E-05 0.173258 0.0953108 9.9982E-05
0.74131 0.0105419 0.0972225 0.118667 0.0322581
0.647456 9.9973E-05 9.9973E-05 0.352244 9.9973E-05
0.574836 0.107654 9.9991E-05 0.294911 0.0224994
0.66552 0.0482215 9.9991E-05 0.285795 0.000363867
0.741895 0.0537602 9.9982E-05 0.204144 9.9982E-05
0.59503 0.322577 9.9982E-05 9.9982E-05 0.0821934
0.524376 0.381841 9.9982E-05 0.0935832 9.9982E-05
0.756332 9.9982E-05 0.0554842 0.187984 9.9982E-05
0.850179 9.9973E-05 0.149521 9.9973E-05 9.9973E-05
0.682441 9.9982E-05 0.157992 0.159368 9.9982E-05
0.766898 9.9982E-05 0.105173 0.127729 9.9982E-05
0.725831 9.9982E-05 0.211837 9.9982E-05 0.0621316
0.87107 0.0116811 9.9982E-05 0.117049 9.9982E-05
0.866299 9.9991E-05 0.0841769 0.0246396 0.0247845
0.746776 0.00721317 9.9982E-05 0.245811 9.9982E-05
0.699944 9.9991E-05 0.071493 0.1478 0.0806625
0.902657 9.9973E-05 0.0970433 9.9973E-05 9.9973E-05
0.0462723 0.396598 0.55693 9.9982E-05 9.9982E-05
9.9982E-05 0.64319 0.340871 0.0157389 9.9982E-05
9.9973E-05 0.574628 0.425073 9.9973E-05 9.9973E-05
0.0104934 0.707154 0.163582 0.0872928 0.0314779
0.0933729 0.746494 0.0839156 0.0761174 9.9991E-05
0.00289535 0.928656 0.0682485 9.9982E-05 9.9982E-05
0.0349332 0.66057 0.304297 9.9982E-05 9.9982E-05
9.99729E-05 0.493905 0.505795 9.99729E-05 9.99729E-05
9.99731E-05 0.104564 0.895136 9.99731E-05 9.99731E-05
0.0800384 0.829383 0.0903787 9.9982E-05 9.9982E-05
9.99731E-05 0.967887 9.99731E-05 9.99731E-05 0.0318133
9.9973E-05 0.92929 9.9973E-05 9.9973E-05 0.0704097
9.9973E-05 0.947114 9.9973E-05 0.052586 9.9973E-05
