0.491623 9.99549E-05 9.99549E-05 9.99549E-05 9.99549E-05 0.211289 0.0422806 9.99549E-05 0.0447889 0.209519
0.285227 9.9973E-05 9.9973E-05 0.110088 0.0330271 0.0522455 0.237327 9.9973E-05 0.208316 0.0734698
0.331933 9.9964E-05 0.0827876 0.0113221 9.9964E-05 0.156726 9.9964E-05 9.9964E-05 0.0948629 0.321969
0.0065455 9.9973E-05 0.207149 9.9973E-05 0.0153098 0.636459 0.115429 0.0147829 0.00402473 9.9973E-05
0.159754 0.00413914 0.162823 9.9964E-05 9.9964E-05 0.103411 9.9964E-05 0.00254829 9.9964E-05 0.566926
0.194902 9.9964E-05 0.147267 9.9964E-05 9.9964E-05 0.507101 0.044967 0.00166161 9.9964E-05 0.103702
9.9946E-05 9.9946E-05 9.9946E-05 0.214409 0.694833 9.9946E-05 0.0164401 9.9946E-05 0.0737185 9.9946E-05
9.9955E-05 0.141955 9.9955E-05 0.072644 0.62268 9.9955E-05 0.108012 9.9955E-05 9.9955E-05 0.0542094
9.9937E-05 9.9937E-05 0.0688401 9.9937E-05 0.917356 9.9937E-05 9.9937E-05 9.9937E-05 0.0131045 9.9937E-05
0.0197546 9.9946E-05 9.9946E-05 0.0465764 0.866915 0.0661541 9.9946E-05 9.9946E-05 9.9946E-05 9.9946E-05
0.00947017 9.99459E-05 9.99459E-05 0.208077 0.743639 9.99459E-05 0.0382146 9.99459E-05 9.99459E-05 9.99459E-05
0.00724899 0.0291652 9.99549E-05 0.601392 0.30798 9.99549E-05 9.99549E-05 9.99549E-05 9.99549E-05 0.0537139
9.9946E-05 9.9946E-05 9.9946E-05 0.0994592 0.588303 9.9946E-05 9.9946E-05 0.291072 9.9946E-05 0.0205659
9.9937E-05 0.112978 9.9937E-05 9.9937E-05 0.802068 9.9937E-05 9.9937E-05 0.0842542 9.9937E-05 9.9937E-05
0.0583199 9.9964E-05 0.0332092 0.0173853 0.83948 9.9964E-05 9.9964E-05 0.00997174 0.041234 9.9964E-05
9.99371E-05 9.99371E-05 9.99371E-05 0.22105 0.721376 9.99371E-05 0.056874 9.99371E-05 9.99371E-05 9.99371E-05
9.99549E-05 0.625834 0.0954202 9.99549E-05 9.99549E-05 9.99549E-05 0.066155 9.99549E-05 0.0405685 0.171523
9.9955E-05 0.39023 9.9955E-05 0.0128912 9.9955E-05 0.122661 9.9955E-05 0.0365753 0.437142 9.9955E-05
0.247619 0.559862 0.128791 9.9946E-05 9.9946E-05 9.9946E-05 9.9946E-05 9.9946E-05 0.0631279 9.9946E-05
9.9946E-05 0.624178 0.16733 9.9946E-05 9.9946E-05 0.0875433 9.9946E-05 9.9946E-05 9.9946E-05 0.120349
9.99549E-05 0.277996 9.99549E-05 9.99549E-05 0.0284632 0.230566 9.99549E-05 9.99549E-05 0.296595 0.16588
9.9946E-05 0.448507 9.9946E-05 9.9946E-05 0.0441601 0.391079 9.9946E-05 9.9946E-05 0.115655 9.9946E-05
0.646964 0.0525846 9.9973E-05 0.0950543 0.0246241 9.9973E-05 0.0701113 9.9973E-05 0.0220665 0.0882954
0.678039 9.9946E-05 9.9946E-05 9.9946E-05 9.9946E-05 9.9946E-05 0.0381983 0.031407 9.9946E-05 0.251757
0.628681 0.25834 0.103868 9.99461E-05 9.99461E-05 9.99461E-05 9.99461E-05 9.99461E-05 9.99461E-05 0.00851115
0.048287 0.241395 9.9946E-05 9.9946E-05 9.9946E-05 0.635863 0.0738552 9.9946E-05 9.9946E-05 9.9946E-05
9.9937E-05 0.657721 9.9937E-05 9.9937E-05 9.9937E-05 9.9937E-05 9.9937E-05 0.0282914 9.9937E-05 0.313288
0.0899861 0.430322 0.120696 9.9964E-05 0.0426851 0.00136419 9.9964E-05 9.9964E-05 9.9964E-05 0.314546
9.996E-05 0.024315 9.996E-05 9.996E-05 0.114967 0.183385 0.13957 9.996E-05 0.180134 0.35723
9.9964E-05 0.0690748 9.9964E-05 9.9964E-05 0.123997 0.208089 9.9964E-05 0.00252584 0.359163 0.23675
9.9937E-05 9.9937E-05 9.9937E-05 0.273756 9.9937E-05 0.458137 9.9937E-05 9.9937E-05 0.267407 9.9937E-05
9.99639E-05 0.0951356 0.169173 0.188923 9.99639E-05 0.270106 9.99639E-05 9.99639E-05 0.082628 0.193635
9.99639E-05 0.130402 0.112861 0.0537052 9.99639E-05 0.515267 9.99639E-05 9.99639E-05 0.0548443 0.132521
0.842246 0.0585055 9.99369E-05 9.99369E-05 9.99369E-05 0.0985492 9.99369E-05 9.99369E-05 9.99369E-05 9.99369E-05
0.802706 9.99369E-05 9.99369E-05 0.141909 9.99369E-05 9.99369E-05 9.99369E-05 9.99369E-05 0.0546854 9.99369E-05
0.162744 0.486524 0.0776255 0.0620955 9.9973E-05 9.9973E-05 0.0272737 9.9973E-05 0.0181274 0.16531
0.448656 9.9964E-05 0.0149409 0.0801225 9.9964E-05 0.0875662 9.9964E-05 0.247049 0.121265 9.9964E-05
0.47952 0.333452 0.126417 0.0166821 9.9964E-05 9.9964E-05 9.9964E-05 0.0424116 0.00111732 9.9964E-05
0.509168 0.172193 9.9955E-05 9.9955E-05 9.9955E-05 0.0613885 9.9955E-05 0.0618532 0.194897 9.9955E-05
0.244427 0.549233 0.154406 9.9955E-05 0.022266 9.9955E-05 9.9955E-05 9.9955E-05 0.0291678 9.9955E-05
9.99281E-05 9.99281E-05 9.99281E-05 9.99281E-05 9.99281E-05 0.545066 0.454135 9.99281E-05 9.99281E-05 9.99281E-05
9.9964E-05 0.00686506 0.211475 9.9964E-05 9.9964E-05 0.358147 0.243283 0.0946377 9.9964E-05 0.085193
0.0460852 9.99549E-05 0.299794 9.99549E-05 9.99549E-05 0.395082 9.99549E-05 0.131442 0.127097 9.99549E-05
9.99549E-05 0.148154 0.230849 9.99549E-05 0.00112219 9.99549E-05 0.523405 0.0959694 9.99549E-05 9.99549E-05
9.99371E-05 9.99371E-05 9.99371E-05 9.99371E-05 0.0320806 0.891917 0.0753026 9.99371E-05 9.99371E-05 9.99371E-05
0.0315237 9.9937E-05 9.9937E-05 9.9937E-05 9.9937E-05 0.951124 9.9937E-05 0.0166531 9.9937E-05 9.9937E-05
9.9937E-05 0.549566 9.9937E-05 0.0659886 9.9937E-05 9.9937E-05 9.9937E-05 9.9937E-05 0.383746 9.9937E-05
9.99459E-05 0.212076 9.99459E-05 0.0723018 9.99459E-05 9.99459E-05 0.0271903 9.99459E-05 0.687832 9.99459E-05
9.9937E-05 0.0397639 9.9937E-05 0.0263002 9.9937E-05 9.9937E-05 9.9937E-05 9.9937E-05 0.933236 9.9937E-05
0.0286787 0.125649 9.9946E-05 9.9946E-05 9.9946E-05 9.9946E-05 0.120985 9.9946E-05 0.724087 9.9946E-05
9.99549E-05 0.248842 9.99549E-05 9.99549E-05 0.0186358 0.112153 9.99549E-05 0.0315096 0.58836 9.99549E-05
0.0622283 0.512662 9.9955E-05 9.9955E-05 0.0834149 9.9955E-05 0.289751 9.9955E-05 0.0514434 9.9955E-05
0.0299098 0.624376 9.9955E-05 9.9955E-05 9.9955E-05 9.9955E-05 9.9955E-05 0.0215839 0.290642 0.0329885
9.9928E-05 0.692987 9.9928E-05 9.9928E-05 9.9928E-05 9.9928E-05 0.306214 9.9928E-05 9.9928E-05 9.9928E-05
9.99369E-05 0.64522 9.99369E-05 9.99369E-05 0.00692032 9.99369E-05 0.34716 9.99369E-05 9.99369E-05 9.99369E-05
9.99549E-05 0.547585 0.0302825 9.99549E-05 9.99549E-05 0.327244 9.99549E-05 0.0159855 9.99549E-05 0.078403
0.308475 9.9955E-05 9.9955E-05 0.166927 0.316971 9.9955E-05 0.0109681 0.196159 9.9955E-05 9.9955E-05
0.200628 9.9946E-05 9.9946E-05 9.9946E-05 0.456265 9.9946E-05 9.9946E-05 0.333323 9.9946E-05 0.00918436
0.0287295 9.9946E-05 9.9946E-05 9.9946E-05 0.084786 9.9946E-05 0.0538365 0.832048 9.9946E-05 9.9946E-05
9.9964E-05 0.0610147 9.9964E-05 0.225019 0.161273 0.0159315 0.0910675 0.445294 9.9964E-05 9.9964E-05
9.99459E-05 9.99459E-05 9.99459E-05 0.275625 0.118189 9.99459E-05 0.0406113 0.564975 9.99459E-05 9.99459E-05
9.995E-05 0.0610748 9.995E-05 0.230721 9.995E-05 9.995E-05 0.028782 0.616251 0.0626712 9.995E-05
0.00673388 9.9937E-05 9.9937E-05 0.834354 9.9937E-05 9.9937E-05 9.9937E-05 9.9937E-05 0.158213 9.9937E-05
9.9955E-05 0.0663962 0.0240585 0.822248 9.9955E-05 0.0253585 9.9955E-05 0.0614387 9.9955E-05 9.9955E-05
9.99459E-05 9.99459E-05 0.0849792 0.38988 0.430848 9.99459E-05 9.99459E-05 0.093694 9.99459E-05 9.99459E-05
0.0474792 9.9946E-05 9.9946E-05 0.0963123 0.630156 9.9946E-05 9.9946E-05 0.225453 9.9946E-05 9.9946E-05
0.0652553 0.0833967 9.9973E-05 0.300386 0.273791 0.0183528 9.9973E-05 0.228541 9.9973E-05 0.0299768
0.215252 9.99371E-05 9.99371E-05 9.99371E-05 0.284266 9.99371E-05 9.99371E-05 0.499782 9.99371E-05 9.99371E-05
0.153014 9.9946E-05 9.9946E-05 0.567587 0.0897062 9.9946E-05 9.9946E-05 0.189093 9.9946E-05 9.9946E-05
0.0538062 0.0619644 9.9955E-05 0.395469 0.146391 9.9955E-05 9.9955E-05 0.34187 9.9955E-05 9.9955E-05
0.178249 9.9964E-05 0.0369183 0.582311 0.0935642 9.9964E-05 9.9964E-05 0.0914492 9.9964E-05 0.0171076
0.149865 0.0110644 9.9964E-05 0.235998 0.0866558 9.9964E-05 9.9964E-05 0.503399 9.9964E-05 0.0126175
0.0227595 9.9955E-05 9.9955E-05 0.835899 0.0233865 9.9955E-05 9.9955E-05 0.0987598 9.9955E-05 0.0186955
9.9973E-05 0.105413 0.00706846 0.198408 0.0353007 9.9973E-05 9.9973E-05 0.628685 0.0221815 0.00264344
9.9955E-05 0.0704931 9.9955E-05 0.0609173 0.126658 0.132144 9.9955E-05 0.609287 9.9955E-05 9.9955E-05
9.9964E-05 0.0239561 9.9964E-05 0.214874 9.9964E-05 0.00540728 9.9964E-05 0.684444 0.0482201 0.0226986
9.9937E-05 9.9937E-05 0.102217 0.341057 9.9937E-05 9.9937E-05 9.9937E-05 0.556027 9.9937E-05 9.9937E-05
9.9946E-05 9.9946E-05 0.0537386 9.9946E-05 9.9946E-05 9.9946E-05 9.9946E-05 0.928071 0.00708885 0.0105018
0.0515591 9.9946E-05 9.9946E-05 0.111425 0.267543 9.9946E-05 9.9946E-05 0.568874 9.9946E-05 9.9946E-05
9.9955E-05 0.0805557 9.9955E-05 0.659924 0.0440247 9.9955E-05 9.9955E-05 0.17021 0.0447855 9.9955E-05
9.9946E-05 9.9946E-05 9.9946E-05 0.0508058 9.9946E-05 0.105999 9.9946E-05 0.72734 0.115255 9.9946E-05
9.99461E-05 0.121717 9.99461E-05 9.99461E-05 9.99461E-05 0.152588 9.99461E-05 0.00319902 9.99461E-05 0.721896
9.9946E-05 0.00685822 9.9946E-05 9.9946E-05 9.9946E-05 0.0694581 0.831993 0.0910912 9.9946E-05 9.9946E-05
9.9946E-05 0.0384236 9.9946E-05 9.9946E-05 9.9946E-05 9.9946E-05 0.786082 0.0983633 9.9946E-05 0.0765315
9.9955E-05 9.9955E-05 0.124881 9.9955E-05 0.0617069 9.9955E-05 9.9955E-05 0.000648387 0.106693 0.705571
9.99369E-05 9.99369E-05 9.99369E-05 9.99369E-05 0.0917341 9.99369E-05 9.99369E-05 9.99369E-05 0.296448 0.611118
9.99371E-05 9.99371E-05 9.99371E-05 0.0225862 9.99371E-05 9.99371E-05 0.170438 9.99371E-05 0.806276 9.99371E-05
9.99551E-05 9.99551E-05 0.584104 0.0456455 9.99551E-05 0.0225146 0.131782 9.99551E-05 0.215454 9.99551E-05
0.0734643 9.9964E-05 0.438554 9.9964E-05 0.0322864 0.0131996 0.228836 9.9964E-05 0.21326 9.9964E-05
9.9964E-05 9.9964E-05 0.535039 0.0207318 9.9964E-05 0.0664183 0.0374357 9.9964E-05 0.0869903 0.252985
9.99459E-05 9.99459E-05 0.362233 9.99459E-05 9.99459E-05 9.99459E-05 0.254019 9.99459E-05 0.240295 0.142853
9.99281E-05 9.99281E-05 0.98974 9.99281E-05 9.99281E-05 9.99281E-05 9.99281E-05 0.00946077 9.99281E-05 9.99281E-05
9.9937E-05 0.0521969 0.863468 9.9937E-05 9.9937E-05 0.0836357 9.9937E-05 9.9937E-05 9.9937E-05 9.9937E-05
0.151132 9.99639E-05 0.456593 9.99639E-05 0.0190343 0.0843295 9.99639E-05 9.99639E-05 0.0178952 0.270617
0.0303723 0.0443984 0.755868 0.0482792 9.9973E-05 9.9973E-05 0.0467861 9.9973E-05 0.029486 0.0445097
9.99549E-05 9.99549E-05 0.465147 0.00773343 0.00767169 0.127229 9.99549E-05 9.99549E-05 0.391719 9.99549E-05
0.0747322 9.9964E-05 0.591292 9.9964E-05 0.0139051 0.160062 9.9964E-05 9.9964E-05 0.142572 0.0170367
9.9946E-05 9.9946E-05 0.804701 9.9946E-05 9.9946E-05 9.9946E-05 0.0180693 0.0242754 9.9946E-05 0.152355
0.0840849 9.9937E-05 0.730349 9.9937E-05 9.9937E-05 9.9937E-05 9.9937E-05 9.9937E-05 9.9937E-05 0.184867
0.0572852 0.0316998 0.403462 9.9973E-05 0.0274193 0.135928 0.186158 9.9973E-05 9.9973E-05 0.157748
9.99549E-05 0.108246 0.0484754 9.99549E-05 9.99549E-05 9.99549E-05 0.246043 9.99549E-05 0.2525 0.344236
9.9946E-05 9.9946E-05 9.9946E-05 9.9946E-05 9.9946E-05 0.196941 0.283338 9.9946E-05 0.0159573 0.503163
0.103318 9.9946E-05 9.9946E-05 9.9946E-05 9.9946E-05 9.9946E-05 0.407025 9.9946E-05 0.0870395 0.402018
9.9946E-05 0.0623534 0.0432882 9.9946E-05 9.9946E-05 9.9946E-05 0.60069 9.9946E-05 9.9946E-05 0.293069
9.9946E-05 9.9946E-05 9.9946E-05 0.00599505 0.0164647 9.9946E-05 9.9946E-05 9.9946E-05 0.232849 0.744091
0.00325473 0.0675111 9.9955E-05 9.9955E-05 9.9955E-05 0.0873836 9.9955E-05 9.9955E-05 0.018919 0.822432
0.101405 0.127011 9.9955E-05 9.9955E-05 9.9955E-05 0.024518 9.9955E-05 9.9955E-05 0.0974532 0.649113
9.99461E-05 9.99461E-05 0.00966362 9.99461E-05 0.014841 9.99461E-05 9.99461E-05 9.99461E-05 0.0414996 0.933396
0.0473957 9.9964E-05 9.9964E-05 9.9964E-05 0.00348469 0.00574069 9.9964E-05 0.032287 0.0825853 0.828107
0.022203 9.9964E-05 0.128289 0.00566562 9.9964E-05 0.0846028 0.0109466 9.9964E-05 9.9964E-05 0.747893
0.0510625 9.9946E-05 9.9946E-05 9.9946E-05 9.9946E-05 0.134582 9.9946E-05 0.00795785 9.9946E-05 0.805798
0.031034 9.9946E-05 9.9946E-05 9.9946E-05 9.9946E-05 0.0328015 0.0910106 9.9946E-05 9.9946E-05 0.844554
9.99459E-05 9.99459E-05 9.99459E-05 9.99459E-05 9.99459E-05 0.411828 0.179436 9.99459E-05 0.0671377 0.340999
9.9964E-05 0.165748 0.193876 9.9964E-05 9.9964E-05 9.9964E-05 0.354863 0.00935758 0.0320677 0.243688
0.0835664 9.9955E-05 9.9955E-05 9.9955E-05 9.9955E-05 0.19809 0.106094 9.9955E-05 0.0538704 0.557879
0.0818659 9.99461E-05 0.148055 9.99461E-05 9.99461E-05 9.99461E-05 9.99461E-05 9.99461E-05 0.0994304 0.670049
9.99551E-05 9.99551E-05 9.99551E-05 9.99551E-05 0.00381045 0.0931037 0.112744 9.99551E-05 0.0546858 0.735156
0.00610724 0.0713787 0.0227681 9.9955E-05 9.9955E-05 9.9955E-05 0.148151 9.9955E-05 9.9955E-05 0.751095
9.99459E-05 9.99459E-05 0.125686 9.99459E-05 9.99459E-05 9.99459E-05 0.0955 9.99459E-05 0.1066 0.671614
0.257234 9.9937E-05 9.9937E-05 9.9937E-05 9.9937E-05 9.9937E-05 0.522121 9.9937E-05 9.9937E-05 0.219945
0.00631408 9.9964E-05 0.101894 0.0225431 9.9964E-05 9.9964E-05 0.623856 9.9964E-05 0.0383208 0.206672
9.99461E-05 9.99461E-05 0.0829871 0.0603389 9.99461E-05 9.99461E-05 0.393082 9.99461E-05 9.99461E-05 0.462992
9.9946E-05 9.9946E-05 0.0125201 9.9946E-05 9.9946E-05 0.124472 0.0479965 9.9946E-05 9.9946E-05 0.814412
0.0128368 0.0811496 0.189505 0.0109952 0.0118395 0.0261479 0.0722008 9.9982E-05 9.9982E-05 0.595125
0.129817 9.9955E-05 0.139187 9.9955E-05 9.9955E-05 9.9955E-05 0.032678 0.0236625 9.9955E-05 0.674156
9.9955E-05 0.00332681 0.0679055 0.0393642 9.9955E-05 9.9955E-05 0.0899172 9.9955E-05 9.9955E-05 0.798986
0.184411 9.9946E-05 9.9946E-05 9.9946E-05 0.110396 9.9946E-05 9.9946E-05 0.119243 9.9946E-05 0.585351
9.9946E-05 0.0814378 9.9946E-05 0.102396 9.9946E-05 9.9946E-05 9.9946E-05 0.230967 9.9946E-05 0.584599
9.9946E-05 9.9946E-05 0.0101451 9.9946E-05 9.9946E-05 9.9946E-05 0.136844 9.9946E-05 0.116049 0.736362
0.00613988 9.99549E-05 0.0310312 9.99549E-05 9.99549E-05 9.99549E-05 0.5815 9.99549E-05 0.106782 0.274047
0.181377 9.9955E-05 0.0300988 0.0552553 9.9955E-05 9.9955E-05 0.390099 9.9955E-05 9.9955E-05 0.342671
0.162813 9.9937E-05 9.9937E-05 9.9937E-05 9.9937E-05 9.9937E-05 0.489281 9.9937E-05 9.9937E-05 0.347206
0.0215632 9.9955E-05 9.9955E-05 9.9955E-05 9.9955E-05 0.0247844 0.802484 9.9955E-05 0.0770957 0.0735732
9.9937E-05 9.9937E-05 9.9937E-05 9.9937E-05 9.9937E-05 9.9937E-05 0.0691593 9.9937E-05 0.120214 0.809927
0.00376439 9.9964E-05 0.10504 9.9964E-05 0.00767964 0.0452757 0.608447 9.9964E-05 9.9964E-05 0.229393
9.99369E-05 9.99369E-05 9.99369E-05 9.99369E-05 9.99369E-05 0.14589 0.257844 9.99369E-05 9.99369E-05 0.595566
9.99459E-05 9.99459E-05 9.99459E-05 9.99459E-05 9.99459E-05 0.247712 0.257721 9.99459E-05 0.0791951 0.414772
9.9946E-05 9.9946E-05 9.9946E-05 0.0587436 9.9946E-05 9.9946E-05 0.36416 9.9946E-05 0.000429129 0.576067
9.9946E-05 9.9946E-05 9.9946E-05 0.718492 9.9946E-05 9.9946E-05 0.11889 0.0968966 0.065121 9.9946E-05
9.9946E-05 9.9946E-05 9.9946E-05 0.501187 0.0875502 9.9946E-05 9.9946E-05 0.388286 9.9946E-05 0.0223779
9.9946E-05 9.9946E-05 9.9946E-05 0.49829 0.10846 9.9946E-05 9.9946E-05 0.281627 0.111023 9.9946E-05
0.00349911 9.99729E-05 0.0365577 0.113089 0.0802072 9.99729E-05 0.0525959 0.635304 0.0784477 9.99729E-05
9.9964E-05 9.9964E-05 0.104008 0.0894689 0.129349 9.9964E-05 0.031387 0.633938 0.0114494 9.9964E-05
9.9955E-05 9.9955E-05 9.9955E-05 0.134912 0.0585272 0.0210623 9.9955E-05 0.773898 0.0111003 9.9955E-05
9.9955E-05 9.9955E-05 0.0258017 0.416872 0.180639 9.9955E-05 0.0353037 0.340885 9.9955E-05 9.9955E-05
9.9955E-05 9.9955E-05 0.00932146 0.666317 0.193209 9.9955E-05 9.9955E-05 0.113745 9.9955E-05 0.0169081
9.99372E-05 9.99372E-05 9.99372E-05 0.867331 9.99372E-05 9.99372E-05 0.0430937 9.99372E-05 0.0888756 9.99372E-05
9.99549E-05 9.99549E-05 9.99549E-05 0.142516 0.142125 9.99549E-05 9.99549E-05 0.613789 0.00751945 0.0935508
9.99372E-05 0.0972447 9.99372E-05 9.99372E-05 0.0152388 9.99372E-05 9.99372E-05 0.886817 9.99372E-05 9.99372E-05
9.99371E-05 0.0945938 0.0233032 9.99371E-05 9.99371E-05 9.99371E-05 9.99371E-05 0.881403 9.99371E-05 9.99371E-05
9.99461E-05 0.0507405 0.0239559 9.99461E-05 0.133867 9.99461E-05 9.99461E-05 0.790836 9.99461E-05 9.99461E-05
