9.9991E-05 0.0265211 0.473534 0.192922 0.031988 0.274934
9.999E-05 0.226018 0.105233 0.438496 0.131412 0.098741
9.999E-05 0.0346895 0.304649 0.0465184 0.15908 0.454964
9.999E-05 0.00374065 0.327385 0.016243 0.208288 0.444243
9.9973E-05 9.9973E-05 0.193647 0.0308857 9.9973E-05 0.775167
9.9973E-05 9.9973E-05 0.398487 9.9973E-05 0.129876 0.471337
9.9973E-05 0.897584 9.9973E-05 0.048054 0.0540622 9.9973E-05
0.188796 0.554871 0.0481118 0.182429 0.0046913 0.0211008
0.194108 0.758141 9.9973E-05 0.0474508 9.9973E-05 9.9973E-05
0.11535 0.821898 0.0624523 9.9973E-05 9.9973E-05 9.9973E-05
0.0306376 0.939563 9.9973E-05 0.0294992 9.9973E-05 9.9973E-05
9.9973E-05 0.894112 0.0304885 9.9973E-05 9.9973E-05 0.0750996
0.364776 0.612181 0.0227431 9.9973E-05 9.9973E-05 9.9973E-05
0.356623 0.597943 0.0451339 9.9973E-05 9.9973E-05 9.9973E-05
0.147219 0.784073 0.0210532 0.00355931 0.0380615 0.00603383
0.0504251 0.878465 9.99731E-05 0.0708104 9.99731E-05 9.99731E-05
0.0123096 0.00150018 0.443631 9.9991E-05 0.194675 0.347784
0.086746 9.9991E-05 0.215064 0.0151896 0.640932 0.0419689
0.0467234 0.0192042 0.679468 9.9991E-05 0.179671 0.0748338
0.0873163 9.9982E-05 0.484524 9.9982E-05 0.145378 0.282582
0.0252378 9.9982E-05 0.191276 9.9982E-05 0.52109 0.262196
0.0762356 9.9973E-05 0.473661 9.9973E-05 0.449804 9.9973E-05
9.9982E-05 0.181775 0.543464 0.205997 9.9982E-05 0.0685643
0.0136325 9.9982E-05 0.596726 0.205256 9.9982E-05 0.184185
9.99641E-05 9.99641E-05 0.833937 9.99641E-05 9.99641E-05 0.165663
9.9973E-05 9.9973E-05 0.720902 0.0772694 9.9973E-05 0.201529
0.114759 9.9973E-05 0.51368 9.9973E-05 9.9973E-05 0.371261
0.0668104 9.9973E-05 0.470913 9.9973E-05 9.9973E-05 0.461977
0.0414708 9.9991E-05 0.0674923 0.351717 0.286602 0.252618
0.0700821 0.0313194 0.0506266 0.154298 0.44266 0.251014
9.9982E-05 0.0934998 0.128579 9.9982E-05 0.659136 0.118585
9.9982E-05 0.0573373 0.095357 9.9982E-05 0.329394 0.517712
9.9973E-05 9.9973E-05 0.260067 9.9973E-05 0.369282 0.370351
9.9973E-05 0.0676389 0.849604 0.0824569 9.9973E-05 9.9973E-05
9.9973E-05 0.237855 0.669193 0.0926526 9.9973E-05 9.9973E-05
0.0101152 0.0307425 0.503966 9.9991E-05 0.174966 0.28011
0.267318 0.0925442 0.424034 9.9991E-05 0.179679 0.0363246
0.0763657 0.0801847 0.673082 9.9991E-05 0.00840027 0.161867
0.064693 0.0217101 0.613211 0.130291 0.169996 9.9991E-05
0.0766938 9.9982E-05 0.685077 9.9982E-05 0.12853 0.1095
9.9982E-05 9.9982E-05 0.415416 0.480289 0.103028 0.00106663
0.0957936 9.9991E-05 0.265791 0.182763 0.0387519 0.416801
0.134155 9.9982E-05 0.257692 9.9982E-05 0.219527 0.388426
0.139597 9.9982E-05 0.258571 0.452497 9.9982E-05 0.149135
9.9982E-05 9.9982E-05 0.489178 0.154671 0.0814074 0.274543
9.9973E-05 9.9973E-05 0.573325 9.9973E-05 0.218949 0.207425
0.0710287 9.9973E-05 0.226823 9.9973E-05 0.701848 9.9973E-05
9.9982E-05 0.0698356 0.00902948 0.147784 0.773151 9.9982E-05
9.9964E-05 9.9964E-05 9.9964E-05 0.0973052 0.902295 9.9964E-05
9.9973E-05 9.9973E-05 0.0148612 0.327433 0.657406 9.9973E-05
0.0790648 9.9973E-05 0.126837 9.9973E-05 0.793798 9.9973E-05
0.0880224 9.9982E-05 0.400451 0.354218 0.157109 9.9982E-05
0.102629 9.9982E-05 0.389641 9.9982E-05 0.47839 0.0291398
0.0413448 9.9982E-05 0.651104 0.248737 0.058614 9.9982E-05
0.0624301 9.9982E-05 0.612909 0.277905 0.0465567 9.9982E-05
0.111055 9.9982E-05 0.60509 9.9982E-05 0.0615055 0.22215
0.26179 0.378271 0.191818 0.167921 9.9982E-05 9.9982E-05
0.403336 0.375248 0.185963 0.011465 9.9991E-05 0.0238883
0.905712 0.00202478 0.0182206 0.0738431 9.9982E-05 9.9982E-05
0.486292 0.344478 0.0267951 0.123388 0.0189464 9.9991E-05
0.586895 0.367934 9.9973E-05 0.0448703 9.9973E-05 9.9973E-05
0.633226 0.174828 9.9982E-05 0.00688985 0.184856 9.9982E-05
9.9973E-05 0.752408 9.9973E-05 0.0285453 0.218747 9.9973E-05
9.9982E-05 0.802939 0.0568364 9.9982E-05 0.0443196 0.0957048
0.124855 0.820207 9.9973E-05 9.9973E-05 9.9973E-05 0.0546372
0.309253 0.690348 9.9964E-05 9.9964E-05 9.9964E-05 9.9964E-05
0.279274 0.545612 0.16723 9.9982E-05 0.00768368 9.9982E-05
0.638286 0.269804 0.0916095 9.99731E-05 9.99731E-05 9.99731E-05
0.118659 0.744164 0.136877 9.9973E-05 9.9973E-05 9.9973E-05
0.368573 0.5284 0.0523715 0.0504554 9.9982E-05 9.9982E-05
0.0381643 0.761378 0.110145 9.9982E-05 9.9982E-05 0.0901128
0.449804 0.416818 0.0941093 9.9982E-05 9.9982E-05 0.0390689
0.00834839 0.91256 9.9973E-05 9.9973E-05 9.9973E-05 0.0787919
0.698647 0.182293 9.9982E-05 9.9982E-05 0.100884 0.0179759
0.730496 0.0865501 0.161984 9.9991E-05 0.0176167 0.00325339
0.730571 0.0860065 9.9973E-05 9.9973E-05 0.183123 9.9973E-05
0.550019 0.358815 9.9982E-05 9.9982E-05 0.028888 0.0620779
0.962924 9.9973E-05 9.9973E-05 9.9973E-05 0.0133706 0.0234056
0.646708 0.305706 0.0199065 0.00791918 0.0196603 9.9991E-05
0.106805 0.761329 0.0348003 9.9982E-05 0.0968658 9.9982E-05
0.659011 0.145056 9.9982E-05 9.9982E-05 0.168906 0.0268269
0.0476985 9.9991E-05 0.0552341 0.100251 0.0174019 0.779315
0.113204 9.9973E-05 0.00958849 0.876908 9.9973E-05 9.9973E-05
0.114698 9.9973E-05 9.9973E-05 0.77624 9.9973E-05 0.108762
0.0163086 0.0177032 9.9991E-05 0.0857497 0.108221 0.771917
9.9973E-05 9.9973E-05 9.9973E-05 0.221528 0.300121 0.478051
9.99641E-05 9.99641E-05 9.99641E-05 0.381137 0.618463 9.99641E-05
9.99821E-05 0.144536 9.99821E-05 0.125148 0.242392 0.487725
9.9991E-05 0.0656468 0.0147802 0.296902 0.234178 0.388393
9.9964E-05 9.9964E-05 9.9964E-05 9.9964E-05 0.192362 0.807238
9.9973E-05 9.9973E-05 9.9973E-05 0.33392 0.196517 0.469264
0.114882 9.99641E-05 9.99641E-05 9.99641E-05 9.99641E-05 0.884718
0.0711441 9.9973E-05 0.227088 9.9973E-05 9.9973E-05 0.701468
0.000762179 9.9982E-05 0.17533 9.9982E-05 0.0749384 0.748769
0.0193465 0.0154088 0.130635 9.9991E-05 0.150842 0.683668
9.9973E-05 0.010894 9.9973E-05 9.9973E-05 0.578252 0.410554
9.9973E-05 9.9973E-05 0.210462 9.9973E-05 0.218216 0.571022
0.0218139 0.0682337 0.0407323 9.9982E-05 9.9982E-05 0.86902
0.0354267 9.9982E-05 0.115376 9.9982E-05 0.0225218 0.826476
9.9982E-05 0.0310695 0.228956 0.137299 9.9982E-05 0.602476
9.9982E-05 9.9982E-05 0.0273111 0.434275 0.250707 0.287507
9.9982E-05 9.9982E-05 0.038425 0.428191 0.0358954 0.497289
9.9982E-05 9.9982E-05 0.110568 0.562512 0.0096221 0.317098
9.9973E-05 9.9973E-05 0.0473408 0.61705 9.9973E-05 0.335309
9.9982E-05 0.0170386 9.9982E-05 0.109179 0.177203 0.696379
9.9982E-05 9.9982E-05 0.0765968 0.0650869 0.0619791 0.796137
9.9982E-05 9.9982E-05 0.207791 0.133152 0.073527 0.585329
9.9973E-05 9.9973E-05 9.9973E-05 0.150576 0.0451969 0.803927
9.9973E-05 9.9973E-05 9.9973E-05 0.063021 0.0725307 0.864148
9.9982E-05 0.00524801 0.0278643 0.153945 9.9982E-05 0.812742
9.9973E-05 9.9973E-05 0.0618287 0.132043 9.9973E-05 0.805828
9.9964E-05 9.9964E-05 9.9964E-05 0.208055 9.9964E-05 0.791546
9.9982E-05 9.9982E-05 0.0978911 0.276833 0.178225 0.446851
0.0437795 9.9982E-05 9.9982E-05 0.341134 0.124379 0.490507
9.9982E-05 9.9982E-05 0.0736941 0.212499 0.117259 0.596348
9.99731E-05 9.99731E-05 9.99731E-05 0.11924 0.0978295 0.782631
9.9973E-05 9.9973E-05 9.9973E-05 0.247185 0.0495696 0.702945
9.9964E-05 9.9964E-05 9.9964E-05 0.257867 9.9964E-05 0.741733
9.9973E-05 9.9973E-05 9.9973E-05 0.215902 0.0885448 0.695253
9.9973E-05 9.9973E-05 0.0795066 0.696253 9.9973E-05 0.22394
9.9973E-05 9.9973E-05 9.9973E-05 0.61077 0.00439206 0.384538
0.0276763 9.9982E-05 9.9982E-05 0.436288 0.0158602 0.519976
9.9964E-05 9.9964E-05 9.9964E-05 0.150996 9.9964E-05 0.848604
0.0208163 0.0763689 0.0295022 0.11194 9.9991E-05 0.761273
0.0238084 0.00143839 0.0966488 0.199094 9.9991E-05 0.678911
9.9973E-05 9.9973E-05 9.9973E-05 0.166334 0.046709 0.786658
0.119711 0.131545 0.0689747 0.0975275 9.9991E-05 0.582142
0.251112 0.09636 9.9982E-05 0.1204 9.9982E-05 0.531928
9.9973E-05 9.9973E-05 9.9973E-05 0.318228 0.0760202 0.605452
9.9973E-05 9.9973E-05 9.9973E-05 0.726205 0.0479916 0.225503
9.9973E-05 0.0528123 9.9973E-05 0.469475 9.9973E-05 0.477413
9.9973E-05 9.9973E-05 0.0446339 0.612328 9.9973E-05 0.342738
9.9973E-05 9.9973E-05 0.047426 0.918888 0.033386 9.9973E-05
9.9973E-05 9.9973E-05 9.9973E-05 0.273019 0.0225228 0.704159
9.9982E-05 9.9982E-05 0.0202049 0.599923 0.0152742 0.364398
9.9973E-05 9.9973E-05 0.0137958 0.354851 9.9973E-05 0.631053
9.9982E-05 9.9982E-05 0.0595391 0.43563 0.101894 0.402736
9.9973E-05 0.00689487 9.9973E-05 0.632733 9.9973E-05 0.360072
0.0607381 0.630638 9.9982E-05 0.189347 0.119077 9.9982E-05
0.375731 0.557554 9.9991E-05 0.0135903 0.0286415 0.0243828
0.230656 0.622965 9.9982E-05 0.0411663 0.105013 9.9982E-05
0.655725 0.178497 9.9991E-05 0.0872815 0.0544324 0.0239648
0.783262 0.0935302 9.9982E-05 0.0630379 9.9982E-05 0.0599697
0.825155 0.155207 9.9982E-05 0.012487 0.0069504 9.9982E-05
0.365211 0.51678 9.9973E-05 0.11771 9.9973E-05 9.9973E-05
0.0997357 0.818291 9.9973E-05 9.9973E-05 9.9973E-05 0.0816737
9.99731E-05 0.758683 9.99731E-05 0.167916 0.0731016 9.99731E-05
0.71641 0.188084 9.9982E-05 0.0870985 9.9982E-05 0.00820724
0.948852 9.99641E-05 0.0507485 9.99641E-05 9.99641E-05 9.99641E-05
0.96915 9.9973E-05 0.0294373 0.00111255 9.9973E-05 9.9973E-05
0.946276 9.9982E-05 0.00692898 9.9982E-05 0.0191965 0.0273987
