0.238979 0.760921 9.9991E-05
0.547564 0.452336 9.9991E-05
0.238315 0.726164 0.0355212
0.199804 0.734468 0.065728
9.9991E-05 0.92887 0.0710302
0.0708151 0.858798 0.0703874
0.561817 9.9991E-05 0.438083
0.326619 0.121638 0.551743
0.343245 9.9991E-05 0.656655
0.398244 9.9991E-05 0.601656
0.47005 9.9991E-05 0.52985
0.473982 9.9991E-05 0.525918
0.229048 9.9991E-05 0.770852
0.202058 9.9991E-05 0.797842
0.43244 9.9991E-05 0.56746
0.473214 9.9991E-05 0.526686
0.185877 0.701633 0.11249
0.493533 0.422491 0.0839756
0.286678 0.513034 0.200288
0.111501 0.655267 0.233231
0.336663 0.587933 0.0754043
0.323158 0.528381 0.148461
0.39605 0.51994 0.0840107
0.110088 0.730828 0.159084
0.0995336 0.689107 0.21136
0.0990613 0.816114 0.0848247
9.9991E-05 0.726859 0.273041
9.9991E-05 0.769012 0.230888
0.256176 0.710324 0.0334996
0.332182 0.594082 0.0737353
0.626806 0.359228 0.0139658
0.278525 0.625424 0.0960506
0.263323 0.736577 9.9991E-05
0.236897 0.61514 0.147963
0.651575 0.322768 0.0256575
0.231087 0.619307 0.149605
0.312664 0.324834 0.362501
0.196648 0.586214 0.217139
0.385019 0.488812 0.126169
0.193175 0.62827 0.178555
0.330699 0.669201 9.9991E-05
0.134821 0.768144 0.0970348
0.114936 0.702599 0.182465
0.119238 0.700033 0.180729
0.212407 0.766569 0.0210232
0.278124 0.633202 0.0886735
0.582781 0.230626 0.186593
0.726018 0.273882 9.9991E-05
0.816796 0.183104 9.9991E-05
0.588431 0.411469 9.9991E-05
0.572115 0.339478 0.0884078
0.364596 0.515584 0.11982
0.332749 0.482944 0.184308
0.256831 0.605089 0.13808
0.32724 0.564335 0.108425
0.0376446 0.730772 0.231584
0.309851 0.117466 0.572683
0.174217 0.101336 0.724447
9.9991E-05 0.074311 0.925589
0.255096 9.9991E-05 0.744804
0.17578 9.9991E-05 0.82412
0.200504 0.0709951 0.728501
0.825304 9.9991E-05 0.174596
0.51624 0.0155627 0.468198
0.373921 9.9991E-05 0.625979
0.269169 9.9991E-05 0.730731
0.314422 0.0286862 0.656892
0.0266714 9.9991E-05 0.973229
0.451257 9.9991E-05 0.548643
0.25338 9.9991E-05 0.74652
0.450606 0.0594914 0.489903
0.12818 0.119408 0.752412
0.496291 9.9991E-05 0.503609
0.0536557 0.103194 0.84315
0.0407888 0.0523866 0.906825
0.151651 0.000949382 0.8474
0.192577 0.00630252 0.801121
9.9991E-05 0.0106172 0.989283
0.122497 9.9991E-05 0.877403
0.4898 9.9991E-05 0.5101
0.131654 0.0679264 0.800419
9.9991E-05 0.924401 0.0754992
0.198475 0.801425 9.9991E-05
0.124991 0.831569 0.0434397
9.9991E-05 0.887445 0.112455
0.190346 0.803848 0.0058061
0.718702 0.281198 9.9991E-05
0.314335 0.668256 0.0174096
0.331998 0.667902 9.9991E-05
0.0839946 0.861952 0.054053
0.217828 0.782072 9.9991E-05
9.9991E-05 0.845979 0.153921
9.9991E-05 0.843543 0.156357
9.9991E-05 0.895505 0.104395
0.0700856 0.834358 0.0955566
0.415975 0.58113 0.00289473
0.163969 0.773158 0.0628727
9.9991E-05 0.871331 0.128569
0.00577096 0.852501 0.141728
0.0629435 0.847971 0.0890859
0.204626 0.795274 9.9991E-05
0.063986 0.935914 9.9991E-05
0.12449 0.87541 9.9991E-05
0.101192 0.898708 9.9991E-05
0.138514 0.836687 0.0247994
9.9991E-05 0.980469 0.019431
0.0256642 0.940985 0.0333505
9.9991E-05 0.922749 0.0771514
9.9991E-05 0.934313 0.0655866
9.9991E-05 0.992352 0.00754783
9.9991E-05 0.948408 0.0514922
9.999E-05 0.9998 9.999E-05
0.119398 0.880502 9.9991E-05
0.068744 0.878617 0.0526394
0.118784 0.881116 9.9991E-05
0.0299294 0.947599 0.0224713
9.9991E-05 0.989753 0.0101466
9.999E-05 0.9998 9.999E-05
0.0252452 0.974655 9.9991E-05
0.27965 0.72025 9.9991E-05
0.201873 0.798027 9.9991E-05
0.0985462 0.894816 0.00663755
9.999E-05 0.9998 9.999E-05
9.9991E-05 0.913015 0.0868855
9.9991E-05 0.926521 0.0733793
0.00858807 0.954053 0.0373594
9.9991E-05 0.706905 0.292995
9.9991E-05 0.613375 0.386525
0.0686363 0.931264 9.9991E-05
0.217406 0.782494 9.9991E-05
0.18446 0.81544 9.9991E-05
0.159979 0.839921 9.9991E-05
0.291478 0.708422 9.9991E-05
9.9991E-05 0.977989 0.0219112
0.16662 0.83328 9.9991E-05
0.0124437 0.987456 9.9991E-05
0.134044 0.865856 9.9991E-05
0.138436 0.861464 9.9991E-05
0.615747 9.9991E-05 0.384153
0.326857 9.9991E-05 0.673043
0.431997 9.9991E-05 0.567903
0.0707332 0.124249 0.805018
0.0520614 0.113656 0.834283
0.0475537 0.016966 0.93548
0.297248 0.0233929 0.679359
0.485302 9.9991E-05 0.514598
0.889472 9.9991E-05 0.110428
0.0547987 0.0884672 0.856734
9.999E-05 9.999E-05 0.9998
9.9991E-05 0.00128642 0.998614
9.9991E-05 0.00679027 0.99311
