0.0154038 9.9982E-05 0.168474 0.261079 9.9982E-05 0.402092 0.152751
0.243091 0.0828989 9.9982E-05 0.436447 9.9982E-05 0.074021 0.163343
0.0178182 0.0583385 0.224706 0.160071 9.9991E-05 0.282244 0.256722
0.0123626 0.0197039 9.9991E-05 0.181907 0.00921286 0.231065 0.545648
9.9973E-05 9.9973E-05 0.567562 9.9973E-05 0.000479978 0.225494 0.206164
9.9973E-05 9.9973E-05 0.0414162 0.0927794 9.9973E-05 0.315381 0.550123
0.897928 0.0913432 9.9964E-05 0.0103292 9.9964E-05 9.9964E-05 9.9964E-05
0.630561 0.00892217 0.164884 9.9982E-05 0.135626 0.0598068 9.9982E-05
0.7321 9.9973E-05 9.9973E-05 0.00487962 0.225241 9.9973E-05 0.0374791
0.737423 9.9964E-05 9.9964E-05 9.9964E-05 0.192793 0.0693846 9.9964E-05
0.896034 9.9973E-05 9.9973E-05 0.0212962 0.0761519 9.9973E-05 0.00621756
0.885642 9.9973E-05 0.0462765 9.9973E-05 0.00426977 0.0635123 9.9973E-05
0.577626 9.99551E-05 9.99551E-05 9.99551E-05 0.421874 9.99551E-05 9.99551E-05
0.594175 9.99641E-05 9.99641E-05 9.99641E-05 0.360884 0.044541 9.99641E-05
0.781801 0.0573753 9.9982E-05 0.0165751 0.140417 0.00363119 9.9982E-05
0.944812 9.99641E-05 9.99641E-05 0.0184663 0.0363223 9.99641E-05 9.99641E-05
9.9964E-05 0.131316 0.330405 9.9964E-05 9.9964E-05 0.537878 9.9964E-05
9.9973E-05 0.590948 0.10305 9.9973E-05 0.0802404 0.225462 9.9973E-05
9.9973E-05 0.162472 9.9973E-05 9.9973E-05 0.0596842 0.616765 0.160779
9.9982E-05 0.114147 0.0994885 9.9982E-05 0.0643225 0.541785 0.180058
9.9982E-05 0.441535 0.232709 9.9982E-05 0.00285666 0.26767 0.0550297
9.9982E-05 0.420293 0.000280515 9.9982E-05 0.0224527 0.522501 0.0342732
0.177136 9.9973E-05 0.0886284 0.192361 9.9973E-05 0.541574 9.9973E-05
9.9973E-05 9.9973E-05 0.190308 0.220746 0.0169443 0.571701 9.9973E-05
9.9973E-05 9.9973E-05 0.0552446 0.05232 9.9973E-05 0.808632 0.0835033
9.9973E-05 9.9973E-05 0.0276706 0.137092 9.9973E-05 0.627805 0.207133
9.9964E-05 9.9964E-05 0.386403 9.9964E-05 0.103715 0.509482 9.9964E-05
9.9973E-05 9.9973E-05 0.389195 9.9973E-05 0.0473777 0.517341 0.0457856
9.9982E-05 0.289314 0.388487 0.204558 0.0204799 0.0969616 9.9982E-05
0.0451791 0.418535 0.309022 0.0403053 0.0456787 0.109129 0.0321505
0.132076 0.462104 9.9973E-05 9.9973E-05 9.9973E-05 0.0905315 0.314989
0.120669 0.199568 0.217997 9.9982E-05 9.9982E-05 0.106173 0.355393
9.9973E-05 0.266365 0.0965502 9.9973E-05 9.9973E-05 0.260868 0.375917
0.0681083 9.9973E-05 9.9973E-05 0.158073 9.9973E-05 0.764619 0.0088991
0.230122 9.9964E-05 9.9964E-05 0.177672 9.9964E-05 0.591807 9.9964E-05
0.0732768 0.0788043 0.274199 9.9982E-05 9.9982E-05 0.54193 0.0315908
0.224254 0.0266094 9.9982E-05 9.9982E-05 0.120075 0.423348 0.205514
0.0650413 9.9991E-05 0.0314187 0.0819238 0.0596859 0.669889 0.0919411
0.121153 0.0971887 9.9982E-05 0.155527 9.9982E-05 0.599731 0.0262002
9.9982E-05 0.104003 0.0178921 9.9982E-05 0.0212165 0.734219 0.122469
9.9964E-05 9.9964E-05 9.9964E-05 0.52948 9.9964E-05 0.153745 0.316375
9.999E-05 0.0100326 0.124554 0.181756 0.076684 0.166601 0.440272
9.9982E-05 0.119784 0.00781101 9.9982E-05 0.108038 0.15815 0.606017
9.9973E-05 9.9973E-05 9.9973E-05 0.516608 0.127451 0.102225 0.253415
9.99641E-05 9.99641E-05 9.99641E-05 0.193395 9.99641E-05 0.355598 0.450607
9.9964E-05 0.112424 9.9964E-05 9.9964E-05 9.9964E-05 0.438081 0.449095
9.9964E-05 0.579143 9.9964E-05 9.9964E-05 0.0550307 0.365427 9.9964E-05
0.00984241 0.716778 9.9991E-05 0.144701 0.0416095 0.0574062 0.0295631
9.9955E-05 0.911476 9.9955E-05 0.0880244 9.9955E-05 9.9955E-05 9.9955E-05
9.9964E-05 0.654204 9.9964E-05 0.317866 9.9964E-05 0.0275297 9.9964E-05
9.9973E-05 0.7207 0.00487382 9.9973E-05 0.0462167 0.22791 9.9973E-05
0.0824168 0.119146 9.9982E-05 0.341399 0.0245406 0.432298 9.9982E-05
9.9973E-05 0.427985 0.0461949 9.9973E-05 0.061224 0.464296 9.9973E-05
9.9973E-05 0.0960884 9.9973E-05 0.282056 0.0162299 0.605325 9.9973E-05
9.9973E-05 0.076323 9.9973E-05 0.311808 0.014155 0.597414 9.9973E-05
9.9973E-05 9.9973E-05 0.161872 9.9973E-05 0.0600421 0.654668 0.123118
0.370775 9.9973E-05 9.9973E-05 0.163593 0.283628 0.181704 9.9973E-05
0.391618 9.9973E-05 0.0406597 9.9973E-05 0.413724 0.153698 9.9973E-05
9.9964E-05 9.9964E-05 9.9964E-05 0.0569861 0.939459 0.00315462 9.9964E-05
0.293278 0.0488825 9.9982E-05 0.129965 0.526113 0.00156213 9.9982E-05
0.281222 9.9964E-05 9.9964E-05 0.055069 0.663309 9.9964E-05 9.9964E-05
0.0470743 0.209491 9.99729E-05 0.0560406 0.687094 9.99729E-05 9.99729E-05
0.704305 0.262465 9.99639E-05 0.0328298 9.99639E-05 9.99639E-05 9.99639E-05
0.786246 9.9973E-05 0.00671342 9.9973E-05 9.9973E-05 0.0910366 0.115704
0.764331 9.9964E-05 9.9964E-05 9.9964E-05 0.171835 9.9964E-05 0.0634344
0.595454 9.9964E-05 9.9964E-05 9.9964E-05 0.399249 0.00489686 9.9964E-05
0.510171 9.9973E-05 0.0194747 9.9973E-05 0.274591 0.195463 9.9973E-05
0.245127 9.99641E-05 9.99641E-05 9.99641E-05 0.669333 0.0851403 9.99641E-05
0.723393 9.9982E-05 9.9982E-05 0.0265781 0.128607 0.116372 0.00485051
0.586752 9.9964E-05 9.9964E-05 9.9964E-05 0.358815 0.0540336 9.9964E-05
0.824249 9.9973E-05 0.0239278 9.9973E-05 9.9973E-05 0.123256 0.0282675
0.380609 9.9973E-05 0.0128167 9.9973E-05 0.490975 0.115299 9.9973E-05
0.889015 9.9964E-05 0.0810875 9.9964E-05 0.0294976 9.9964E-05 9.9964E-05
0.180914 0.0895452 0.0425415 9.9982E-05 0.677811 9.9982E-05 0.00898819
0.111042 9.9964E-05 9.9964E-05 9.9964E-05 0.694788 0.19377 9.9964E-05
0.068446 0.115564 9.9982E-05 9.9982E-05 0.750635 0.0430103 0.0221453
0.25334 0.0020728 9.9973E-05 9.9973E-05 0.561777 9.9973E-05 0.18251
9.9964E-05 9.9964E-05 0.00559288 9.9964E-05 0.959521 9.9964E-05 0.0344865
0.231817 9.9964E-05 9.9964E-05 0.061666 0.706118 9.9964E-05 9.9964E-05
0.599184 0.167567 9.9973E-05 9.9973E-05 0.225291 0.00765802 9.9973E-05
0.0580281 0.144746 9.9973E-05 9.9973E-05 0.704625 9.9973E-05 0.0923013
9.9982E-05 0.0173768 0.863656 9.9982E-05 0.0171667 0.0415782 0.0600224
9.9964E-05 9.9964E-05 0.124305 0.789626 0.0856695 9.9964E-05 9.9964E-05
9.9964E-05 9.9964E-05 0.208652 0.695448 0.0955 9.9964E-05 9.9964E-05
9.9973E-05 0.0996736 0.731621 9.9973E-05 0.0278578 9.9973E-05 0.140548
9.9964E-05 0.315054 0.630503 0.0540432 9.9964E-05 9.9964E-05 9.9964E-05
9.99551E-05 0.667473 9.99551E-05 0.332027 9.99551E-05 9.99551E-05 9.99551E-05
0.0698628 0.0873312 9.9973E-05 0.294754 9.9973E-05 9.9973E-05 0.547752
0.0774757 0.0930097 9.9973E-05 0.319099 9.9973E-05 9.9973E-05 0.510116
9.9973E-05 0.0977712 0.267795 0.00468183 9.9973E-05 9.9973E-05 0.629452
9.9973E-05 0.171888 0.240631 0.286399 9.9973E-05 9.9973E-05 0.300782
0.00284286 9.9973E-05 0.139476 9.9973E-05 0.0400858 9.9973E-05 0.817295
9.9955E-05 9.9955E-05 9.9955E-05 9.9955E-05 9.9955E-05 0.0614848 0.938015
9.9964E-05 9.9964E-05 0.31554 9.9964E-05 9.9964E-05 0.115719 0.568342
9.9991E-05 0.0198228 0.0930512 0.0646452 0.0232225 0.0585846 0.740574
9.99549E-05 0.409322 9.99549E-05 9.99549E-05 9.99549E-05 9.99549E-05 0.590178
9.9982E-05 0.137865 0.0711326 0.00984287 9.9982E-05 0.119791 0.661169
9.9964E-05 9.9964E-05 0.269246 9.9964E-05 0.0172272 9.9964E-05 0.713127
9.9973E-05 9.9973E-05 0.201789 9.9973E-05 0.0240947 0.0529299 0.720887
0.00233629 9.9982E-05 0.198883 0.162848 9.9982E-05 0.0964114 0.539321
9.9973E-05 0.255415 0.386674 0.308301 9.9973E-05 0.0493096 9.9973E-05
9.9973E-05 0.0721966 0.533617 0.334279 9.9973E-05 9.9973E-05 0.0596071
9.9973E-05 0.0500388 0.454346 0.433358 9.9973E-05 0.0619574 9.9973E-05
9.9955E-05 9.9955E-05 0.473962 0.525538 9.9955E-05 9.9955E-05 9.9955E-05
0.00210834 0.213262 0.73203 9.9973E-05 9.9973E-05 9.9973E-05 0.0523
9.9964E-05 0.0505196 0.800032 9.9964E-05 9.9964E-05 0.149048 9.9964E-05
9.9973E-05 0.0674686 0.666743 0.0365672 9.9973E-05 0.228921 9.9973E-05
9.9955E-05 0.0866777 0.912822 9.9955E-05 9.9955E-05 9.9955E-05 9.9955E-05
0.00103056 0.044545 0.860302 9.9982E-05 0.0162234 9.9982E-05 0.0776993
9.9973E-05 9.9973E-05 0.76284 0.0323446 9.9973E-05 0.00342824 0.201087
9.9973E-05 9.9973E-05 0.82111 0.00845402 9.9973E-05 0.0750721 0.095064
9.9964E-05 9.9964E-05 0.873399 0.079038 9.9964E-05 9.9964E-05 0.0471629
9.9982E-05 0.116265 0.364444 0.224705 9.9982E-05 0.0850069 0.209379
9.9991E-05 0.089452 0.479883 0.272788 0.0468446 0.0112172 0.0997143
0.00184811 0.0730809 0.540383 0.190437 9.9991E-05 0.0594286 0.134722
9.9973E-05 0.0786929 0.753421 0.0678126 9.9973E-05 9.9973E-05 0.0997732
9.99731E-05 0.073218 0.763815 0.107531 9.99731E-05 9.99731E-05 0.0551365
9.9973E-05 0.0269475 0.809821 0.127235 9.9973E-05 0.0356965 9.9973E-05
9.9973E-05 0.0711397 0.649482 0.102146 9.9973E-05 9.9973E-05 0.176933
0.0402166 9.9964E-05 0.282701 0.676683 9.9964E-05 9.9964E-05 9.9964E-05
9.9964E-05 9.9964E-05 0.30622 0.563395 9.9964E-05 9.9964E-05 0.129985
9.9973E-05 9.9973E-05 0.582148 0.388334 0.0133325 9.9973E-05 0.0158855
9.9964E-05 9.9964E-05 0.808844 0.0244213 9.9964E-05 9.9964E-05 0.166335
0.0831268 9.9973E-05 0.686887 9.9973E-05 9.9973E-05 0.0632836 0.166403
9.9982E-05 9.9982E-05 0.567518 0.202698 0.0113004 0.0264612 0.191822
0.0244149 9.9973E-05 0.8546 0.0859329 9.9973E-05 9.9973E-05 0.0347521
0.08577 9.9973E-05 0.60757 9.9973E-05 0.14358 0.16278 9.9973E-05
0.106751 9.9964E-05 0.624356 9.9964E-05 0.268493 9.9964E-05 9.9964E-05
9.9964E-05 0.101604 0.7165 0.181496 9.9964E-05 9.9964E-05 9.9964E-05
9.9973E-05 0.0592475 0.274986 0.645561 9.9973E-05 9.9973E-05 0.0199057
0.0712817 9.9973E-05 0.413101 0.475039 9.9973E-05 9.9973E-05 0.0402777
9.9964E-05 9.9964E-05 0.316643 0.629405 9.9964E-05 9.9964E-05 0.0535522
9.9964E-05 0.0644884 0.0957081 0.839404 9.9964E-05 9.9964E-05 9.9964E-05
9.9964E-05 0.0875449 0.819767 0.0922886 9.9964E-05 9.9964E-05 9.9964E-05
9.9964E-05 9.9964E-05 0.324118 0.592932 9.9964E-05 9.9964E-05 0.0825501
9.9973E-05 9.9973E-05 0.554733 0.302218 9.9973E-05 0.0128253 0.129923
9.9982E-05 0.124714 0.413412 0.335652 9.9982E-05 0.0095938 0.116428
9.9964E-05 0.0527866 0.558542 0.388272 9.9964E-05 9.9964E-05 9.9964E-05
0.791379 0.00447155 9.9964E-05 0.20375 9.9964E-05 9.9964E-05 9.9964E-05
0.502098 0.00300298 0.0264883 0.0593776 0.408833 9.9982E-05 9.9982E-05
0.48981 0.186177 9.9973E-05 0.0157754 0.307938 9.9973E-05 9.9973E-05
0.0778201 0.113924 9.9973E-05 0.116808 0.691148 9.9973E-05 9.9973E-05
0.157743 0.00961514 0.0372081 9.9982E-05 0.709998 9.9982E-05 0.0852354
0.121804 0.0176673 9.9973E-05 9.9973E-05 0.835138 9.9973E-05 0.0250911
0.566568 9.9973E-05 9.9973E-05 0.046852 0.340321 9.9973E-05 0.0459595
0.856625 9.9973E-05 0.0023283 9.9973E-05 0.0904344 9.9973E-05 0.0503128
0.756077 0.0601165 9.99641E-05 0.183407 9.99641E-05 9.99641E-05 9.99641E-05
0.239688 9.9964E-05 0.108734 9.9964E-05 0.651177 9.9964E-05 9.9964E-05
9.99551E-05 9.99551E-05 9.99551E-05 9.99551E-05 0.914712 0.0847885 9.99551E-05
9.99551E-05 9.99551E-05 9.99551E-05 9.99551E-05 0.913095 0.0864052 9.99551E-05
9.9982E-05 0.0289702 0.0511607 9.9982E-05 0.883175 0.00601514 0.0304786
