0.0223605 0.447241 0.265251 0.238428 0.0266193 9.9991E-05
0.169699 0.0964541 0.0784049 0.367914 0.287428 9.9991E-05
0.123144 0.353899 0.366502 0.126425 0.0299299 9.9991E-05
0.158762 0.346124 0.382295 0.0770452 9.9991E-05 0.0356745
9.9973E-05 0.145656 0.790069 0.0639751 9.9973E-05 9.9973E-05
0.109384 0.395333 0.490352 0.00473085 9.9982E-05 9.9982E-05
0.0621096 9.9973E-05 9.9973E-05 0.0181009 0.91949 9.9973E-05
0.00390124 0.0451707 0.0681549 0.107622 0.614128 0.161023
9.9982E-05 9.9982E-05 0.0213198 0.0165012 0.729117 0.232862
9.9973E-05 0.0771669 9.9973E-05 9.9973E-05 0.73044 0.192094
9.9973E-05 9.9973E-05 9.9973E-05 0.0914211 0.855229 0.0530499
9.9982E-05 0.0132915 0.0933968 0.00354784 0.889564 9.9982E-05
9.9964E-05 9.9964E-05 9.9964E-05 9.9964E-05 0.618483 0.381117
9.9973E-05 0.0308143 9.9973E-05 9.9973E-05 0.544644 0.424242
0.0801489 9.9982E-05 9.9982E-05 0.0337443 0.694012 0.191894
9.99731E-05 9.99731E-05 9.99731E-05 0.0481853 0.919962 0.0315531
0.192393 0.488604 0.299001 9.9991E-05 0.0187766 0.00112553
0.645185 0.179427 0.0473638 0.0216331 9.9991E-05 0.106291
0.184961 0.625757 0.111787 9.9982E-05 9.9982E-05 0.0772945
0.100605 0.522158 0.283788 9.9982E-05 9.9982E-05 0.0932498
0.462649 0.224543 0.281726 9.9982E-05 9.9982E-05 0.0308822
0.415441 0.515107 0.0189029 9.9982E-05 9.9982E-05 0.0503497
9.9982E-05 0.49087 0.0653356 0.269037 0.174558 9.9982E-05
9.9973E-05 0.629364 0.148941 0.221395 9.9973E-05 9.9973E-05
9.99731E-05 0.812763 0.164028 0.0229092 9.99731E-05 9.99731E-05
0.00326997 0.679678 0.158546 0.158307 9.9982E-05 9.9982E-05
0.0174637 0.520043 0.371076 9.9982E-05 9.9982E-05 0.0912172
9.9982E-05 0.462099 0.502492 9.9982E-05 0.0315973 0.00361138
0.299153 0.0903311 0.261499 0.302715 9.9991E-05 0.0462014
0.424524 0.109949 0.196019 0.173886 9.9991E-05 0.0955224
0.630703 0.141192 0.115343 9.9982E-05 0.112563 9.9982E-05
0.296331 0.0839412 0.482348 9.9982E-05 0.137179 9.9982E-05
0.316089 0.317366 0.366246 9.9973E-05 9.9973E-05 9.9973E-05
9.9973E-05 0.901283 9.9973E-05 0.053068 0.0453491 9.9973E-05
0.021064 0.683213 9.9982E-05 0.0598381 0.235685 9.9982E-05
0.133764 0.526477 0.262274 9.9982E-05 0.077286 9.9982E-05
0.166923 0.392295 0.0586803 9.999E-05 0.171652 0.210349
0.011827 0.659588 0.171283 9.9991E-05 0.100713 0.0564895
0.125352 0.630159 9.999E-05 0.119621 0.0706654 0.0541032
0.169339 0.697658 0.0944055 9.9982E-05 9.9982E-05 0.0383972
0.122184 0.460664 0.0526871 0.364266 9.9982E-05 9.9982E-05
0.0759871 0.289973 0.405372 0.147239 9.9991E-05 0.0813283
0.188577 0.276064 0.425857 9.9982E-05 9.9982E-05 0.109303
9.9982E-05 0.25797 0.167409 0.412892 9.9982E-05 0.161529
0.0576573 0.513014 0.329434 0.0996952 9.998E-05 9.998E-05
0.206647 0.523969 0.269083 9.9973E-05 9.9973E-05 9.9973E-05
0.608366 0.313047 9.9973E-05 9.9973E-05 9.9973E-05 0.0782877
0.770364 0.0315207 0.0285197 0.108071 0.0428125 0.0187123
0.939682 9.9964E-05 9.9964E-05 0.0599179 9.9964E-05 9.9964E-05
0.680333 0.0851493 9.9973E-05 0.234217 9.9973E-05 9.9973E-05
0.733718 0.198284 0.0032596 9.9982E-05 9.9982E-05 0.0645389
0.152503 0.468797 9.9991E-05 0.272768 0.01242 0.0934122
0.423128 0.454666 0.0109588 9.9982E-05 9.9982E-05 0.111048
0.078512 0.676362 9.9982E-05 0.208952 9.9982E-05 0.0359736
0.111783 0.599606 9.9982E-05 0.245885 9.9982E-05 0.0425249
0.018168 0.69196 0.223935 9.9982E-05 9.9982E-05 0.0657368
9.9982E-05 0.236611 9.9982E-05 0.0774523 0.450407 0.235329
9.9991E-05 0.164894 0.0168428 0.0215584 0.35206 0.444544
9.9973E-05 0.0142359 9.9973E-05 0.0673344 9.9973E-05 0.91813
0.0581284 0.0293129 9.9991E-05 0.0927799 0.315351 0.504328
9.9973E-05 9.9973E-05 9.9973E-05 0.0223524 0.4402 0.537148
0.216284 9.9982E-05 9.9982E-05 0.0222292 0.0781521 0.683135
0.253781 9.9973E-05 9.9973E-05 0.0150504 0.730868 9.9973E-05
0.0302512 0.0540668 0.11029 9.9991E-05 0.770193 0.0350987
9.9973E-05 9.9973E-05 0.0748991 9.9973E-05 0.818075 0.106726
9.9973E-05 0.0109114 9.9973E-05 9.9973E-05 0.63499 0.353799
9.9982E-05 0.100211 0.0866295 9.9982E-05 0.583075 0.229884
9.99731E-05 0.102824 9.99731E-05 9.99731E-05 0.279049 0.617827
9.9973E-05 0.145582 9.9973E-05 9.9973E-05 0.749571 0.104548
9.9973E-05 0.0814991 9.9973E-05 9.9973E-05 0.527774 0.390427
9.9973E-05 0.151604 0.136608 9.9973E-05 0.711488 9.9973E-05
9.9982E-05 0.0357511 0.0828446 9.9982E-05 0.444443 0.436761
9.9964E-05 9.9964E-05 0.0889934 9.9964E-05 0.910607 9.9964E-05
0.079908 9.998E-05 0.0361408 9.998E-05 0.192668 0.691083
0.0116388 0.117301 9.9982E-05 9.9982E-05 0.182843 0.688017
0.175386 9.9973E-05 9.9973E-05 9.9973E-05 0.0950186 0.729296
0.0491948 9.9982E-05 0.0602957 9.9982E-05 0.325678 0.564632
9.996E-05 9.996E-05 0.0262216 9.996E-05 9.996E-05 0.973379
9.9973E-05 9.9973E-05 9.9973E-05 0.0396405 0.246755 0.713304
0.105391 9.997E-05 9.997E-05 9.997E-05 0.756426 0.137883
0.210855 9.9973E-05 0.00301088 9.9973E-05 9.9973E-05 0.785835
0.0387091 0.0531169 0.757215 0.146881 9.9991E-05 0.0039783
9.9964E-05 9.9964E-05 9.9964E-05 0.883015 9.9964E-05 0.116585
9.9973E-05 9.9973E-05 0.0378728 0.81928 9.9973E-05 0.142547
0.121242 9.998E-05 0.712201 0.111624 9.998E-05 0.054733
0.295412 9.9973E-05 0.473578 0.23071 9.9973E-05 9.9973E-05
0.735686 9.99641E-05 9.99641E-05 0.263914 9.99641E-05 9.99641E-05
0.277839 9.9991E-05 0.408397 0.216322 0.093814 0.00352838
0.24681 0.0872039 0.369027 0.250915 0.0459438 9.9991E-05
0.190467 9.9964E-05 0.809133 9.9964E-05 9.9964E-05 9.9964E-05
0.199179 9.9973E-05 0.469022 0.331499 9.9973E-05 9.9973E-05
9.99641E-05 9.99641E-05 0.883246 9.99641E-05 9.99641E-05 0.116354
9.9973E-05 0.196922 0.772931 9.9973E-05 9.9973E-05 0.0298471
0.0624674 0.196805 0.740428 9.9973E-05 9.9973E-05 9.9973E-05
0.148928 0.13164 0.719132 9.9973E-05 9.9973E-05 9.9973E-05
0.516799 9.9973E-05 0.480254 9.9973E-05 0.00264635 9.9973E-05
0.227866 0.20723 0.564604 9.9973E-05 9.9973E-05 9.9973E-05
0.00315049 0.0274064 0.883533 9.9991E-05 0.0532769 0.0325332
9.9982E-05 0.126745 0.809425 9.9982E-05 0.0299362 0.0336934
9.9982E-05 0.179601 0.585108 0.179878 0.0552124 9.9982E-05
0.254589 0.0115723 0.324328 0.40931 9.9982E-05 9.9982E-05
0.0538893 0.00826712 0.413915 0.523728 9.9982E-05 9.9982E-05
9.9982E-05 0.065074 0.23313 0.695213 9.9982E-05 0.00638264
9.9964E-05 9.9964E-05 0.339434 0.660166 9.9964E-05 9.9964E-05
0.214935 9.9973E-05 0.611424 0.173342 9.9973E-05 9.9973E-05
9.9973E-05 0.073558 0.741658 0.184484 9.9973E-05 9.9973E-05
0.0817417 0.183803 0.477867 0.256388 9.9982E-05 9.9982E-05
0.0277581 9.9973E-05 0.743784 0.228158 9.9973E-05 9.9973E-05
0.0945187 9.998E-05 0.756707 0.138176 9.998E-05 0.0103984
9.9964E-05 9.9964E-05 0.809023 0.190577 9.9964E-05 9.9964E-05
9.9973E-05 0.100884 0.704252 0.194564 9.9973E-05 9.9973E-05
9.9964E-05 9.9964E-05 0.649059 0.350541 9.9964E-05 9.9964E-05
0.128991 0.096254 0.420157 0.354398 9.9982E-05 9.9982E-05
0.126641 9.9982E-05 0.477825 0.338471 9.9982E-05 0.0568636
0.0837237 0.0644848 0.538811 0.31278 9.9982E-05 9.9982E-05
0.073234 9.9973E-05 0.737838 0.188629 9.9973E-05 9.9973E-05
0.0565824 9.9973E-05 0.698617 0.244501 9.9973E-05 9.9973E-05
9.9973E-05 0.00207363 0.656744 0.340882 9.9973E-05 9.9973E-05
0.0774774 9.99729E-05 0.709111 0.213112 9.99729E-05 9.99729E-05
9.9982E-05 0.0454505 0.0649267 0.845387 0.0440359 9.9982E-05
0.00393274 9.9982E-05 0.342216 0.649599 0.00405276 9.9982E-05
9.9973E-05 9.9973E-05 0.440001 0.544802 9.9973E-05 0.0148972
9.9964E-05 9.9964E-05 0.727404 0.272196 9.9964E-05 9.9964E-05
9.9991E-05 0.0485953 0.659572 0.231184 0.0275751 0.0329732
9.998E-05 0.013281 0.711228 0.241445 9.998E-05 0.0338459
0.00414085 9.9973E-05 0.684749 0.31081 9.9973E-05 9.9973E-05
9.9991E-05 0.125404 0.436941 0.198807 0.0419875 0.196761
9.9982E-05 9.9982E-05 0.454291 0.174769 0.0478806 0.322859
0.130758 9.9973E-05 0.535823 0.333119 9.9973E-05 9.9973E-05
0.0639958 9.9973E-05 0.156739 0.778965 9.9973E-05 9.9973E-05
9.9973E-05 9.9973E-05 0.409029 0.52612 0.0645506 9.9973E-05
9.9982E-05 0.0454398 0.321118 0.632285 9.9982E-05 0.00095705
0.065769 0.0372579 9.9973E-05 0.896673 9.9973E-05 9.9973E-05
0.0681116 9.9973E-05 0.642736 0.288853 9.9973E-05 9.9973E-05
9.9964E-05 9.9964E-05 0.36126 0.63834 9.9964E-05 9.9964E-05
9.9973E-05 0.0355557 0.563778 0.400367 9.9973E-05 9.9973E-05
0.158267 0.0344002 0.359566 0.447566 9.9982E-05 9.9982E-05
0.0657084 9.9973E-05 0.300156 0.633835 9.9973E-05 9.9973E-05
0.0631384 9.9982E-05 9.9982E-05 0.152905 0.742132 0.0416244
0.0115286 9.9982E-05 0.0364201 9.9982E-05 0.55433 0.397521
0.129373 9.9982E-05 9.9982E-05 0.0289538 0.570089 0.271383
0.099303 9.9982E-05 9.9982E-05 0.0965107 0.123696 0.68029
0.0498416 9.9991E-05 0.00238319 0.110858 0.0799801 0.756838
0.00658936 9.9982E-05 9.9982E-05 0.0222955 0.146729 0.824186
9.9973E-05 9.9973E-05 9.9973E-05 0.0498966 0.583628 0.366175
9.9973E-05 9.9973E-05 0.0713704 9.9973E-05 0.837768 0.0905616
0.141241 9.99731E-05 9.99731E-05 0.109233 0.749226 9.99731E-05
9.9973E-05 9.9973E-05 0.0947333 9.9973E-05 0.303251 0.601716
9.99641E-05 0.0435562 9.99641E-05 9.99641E-05 9.99641E-05 0.956044
9.9964E-05 0.0277164 9.9964E-05 9.9964E-05 9.9964E-05 0.971884
9.99641E-05 9.99641E-05 0.0637922 9.99641E-05 9.99641E-05 0.935808
