9.99639E-05 0.0533974 9.99639E-05 9.99639E-05 0.180582 9.99639E-05 0.511184 0.254437
9.997E-05 0.264002 0.158204 9.997E-05 0.225204 9.997E-05 0.247252 0.105039
9.998E-05 0.188037 0.0283051 0.0465024 9.998E-05 0.00159474 0.321332 0.414029
0.0595047 0.163225 9.9982E-05 0.0331578 0.0412984 9.9982E-05 0.372615 0.33
9.9955E-05 9.9955E-05 9.9955E-05 0.00790463 9.9955E-05 9.9955E-05 0.231821 0.759774
0.0176565 0.0785217 9.9973E-05 0.0723743 9.9973E-05 9.9973E-05 0.446051 0.385097
9.9955E-05 9.9955E-05 0.874019 0.0647835 0.0606976 9.9955E-05 9.9955E-05 9.9955E-05
9.997E-05 9.997E-05 0.611702 0.22066 0.036566 0.080169 9.997E-05 0.0506035
0.0504836 9.9964E-05 0.643473 9.9964E-05 0.0566361 0.249008 9.9964E-05 9.9964E-05
0.0317803 9.998E-05 0.717722 0.00729669 0.0147398 0.184969 0.0432921 9.998E-05
9.9973E-05 0.0025298 0.781216 9.9973E-05 0.0648431 0.132519 0.0185925 9.9973E-05
0.0789747 9.9964E-05 0.837831 9.9964E-05 9.9964E-05 9.9964E-05 0.0173894 0.0654054
9.9946E-05 9.9946E-05 0.53286 9.9946E-05 9.9946E-05 0.466541 9.9946E-05 9.9946E-05
9.9964E-05 9.9964E-05 0.500314 0.00288564 0.00766918 0.488731 9.9964E-05 9.9964E-05
9.9964E-05 0.0271061 0.64798 9.9964E-05 0.059639 0.264875 9.9964E-05 9.9964E-05
9.99551E-05 9.99551E-05 0.890757 9.99551E-05 0.0148126 0.0939302 9.99551E-05 9.99551E-05
9.9964E-05 9.9964E-05 0.0123212 0.632534 0.0463578 9.9964E-05 9.9964E-05 0.308387
0.0336631 0.285855 0.01668 0.650856 0.0126468 9.9973E-05 9.9973E-05 9.9973E-05
0.00353373 0.085744 9.9982E-05 0.439221 9.9982E-05 0.0388655 0.375717 0.0567192
9.9964E-05 9.9964E-05 9.9964E-05 0.669323 9.9964E-05 0.0109728 0.0373105 0.281994
9.9964E-05 0.219619 9.9964E-05 0.507474 9.9964E-05 0.00317266 9.9964E-05 0.269334
9.9955E-05 0.124053 9.9955E-05 0.838623 9.9955E-05 9.9955E-05 9.9955E-05 0.0368237
9.9973E-05 9.9973E-05 0.17296 0.046342 0.136882 9.9973E-05 0.553971 0.089545
0.0425127 9.9964E-05 9.9964E-05 9.9964E-05 0.097085 9.9964E-05 0.657207 0.202795
9.9964E-05 9.9964E-05 9.9964E-05 0.134596 9.9964E-05 0.046922 0.68506 0.133022
9.996E-05 9.996E-05 9.996E-05 0.412865 0.13802 9.996E-05 0.351756 0.0969591
0.063737 9.9964E-05 9.9964E-05 0.535771 9.9964E-05 9.9964E-05 0.0690029 0.331089
9.9964E-05 9.9964E-05 9.9964E-05 0.235314 9.9964E-05 0.0747915 0.251847 0.437647
9.9973E-05 0.21844 9.9973E-05 0.227575 0.278356 0.0511767 9.9973E-05 0.224151
9.9973E-05 0.328824 9.9973E-05 0.278998 0.157931 0.0954423 9.9973E-05 0.138504
9.9973E-05 0.375716 0.195342 0.263298 9.9973E-05 9.9973E-05 0.0751602 0.0901847
9.996E-05 0.112819 0.140281 0.248773 9.996E-05 9.996E-05 9.996E-05 0.497727
9.9964E-05 0.104607 9.9964E-05 0.392775 9.9964E-05 9.9964E-05 0.0805267 0.421691
9.9964E-05 9.9964E-05 0.0342904 0.11944 9.9964E-05 9.9964E-05 0.82817 0.0176997
9.9955E-05 0.107523 0.145441 9.9955E-05 9.9955E-05 9.9955E-05 0.746536 9.9955E-05
9.997E-05 9.997E-05 0.0547826 0.434196 0.0252291 9.997E-05 0.231351 0.254142
0.150882 0.209991 9.99639E-05 9.99639E-05 9.99639E-05 0.191071 0.447657 9.99639E-05
9.9973E-05 9.9973E-05 0.0946316 0.314652 9.9973E-05 0.00946933 0.460694 0.120253
9.997E-05 0.193063 9.997E-05 0.225917 0.102274 0.0868329 0.391613 9.997E-05
0.0379287 9.9964E-05 9.9964E-05 0.520815 9.9964E-05 9.9964E-05 0.343628 0.0972281
9.9955E-05 0.143887 9.9955E-05 9.9955E-05 0.410458 9.9955E-05 0.445155 9.9955E-05
9.9973E-05 0.120812 9.9973E-05 9.9973E-05 0.202232 0.138299 0.249178 0.28918
9.99639E-05 0.211391 9.99639E-05 9.99639E-05 9.99639E-05 0.169592 0.319223 0.299394
0.0305246 9.9973E-05 9.9973E-05 9.9973E-05 0.474034 0.134162 0.261476 0.0995035
9.9973E-05 0.0163641 9.9973E-05 0.13405 0.154408 9.9973E-05 0.406585 0.288292
9.9973E-05 0.197897 9.9973E-05 0.0780816 9.9973E-05 0.0632428 0.530792 0.129686
0.0940649 0.242241 9.9955E-05 0.663194 9.9955E-05 9.9955E-05 9.9955E-05 9.9955E-05
0.115863 0.533235 9.9964E-05 0.321137 0.0293649 9.9964E-05 9.9964E-05 9.9964E-05
9.9946E-05 0.807202 9.9946E-05 0.192199 9.9946E-05 9.9946E-05 9.9946E-05 9.9946E-05
9.99549E-05 0.634225 9.99549E-05 0.185323 0.179953 9.99549E-05 9.99549E-05 9.99549E-05
0.0120055 0.4912 9.99549E-05 0.496294 9.99549E-05 9.99549E-05 9.99549E-05 9.99549E-05
9.9964E-05 9.9964E-05 0.106426 0.494666 0.365872 9.9964E-05 0.0326365 9.9964E-05
9.9964E-05 0.117172 9.9964E-05 0.77071 0.0936839 0.0180348 9.9964E-05 9.9964E-05
9.9955E-05 9.9955E-05 9.9955E-05 0.546194 0.290714 9.9955E-05 0.162592 9.9955E-05
9.99549E-05 9.99549E-05 9.99549E-05 0.533722 0.327479 9.99549E-05 0.138298 9.99549E-05
9.9964E-05 9.9964E-05 9.9964E-05 0.547276 9.9964E-05 0.0567213 0.171804 0.223798
0.464913 9.9964E-05 0.231502 9.9964E-05 0.041182 9.9964E-05 0.262003 9.9964E-05
0.100995 9.9973E-05 0.317764 9.9973E-05 0.0361406 0.384849 0.159951 9.9973E-05
0.608912 9.9964E-05 9.9964E-05 9.9964E-05 9.9964E-05 0.349421 0.0148861 0.0263809
0.751748 9.9964E-05 0.0919771 0.0889406 0.0669342 9.9964E-05 9.9964E-05 9.9964E-05
0.76706 9.9964E-05 0.20023 9.9964E-05 0.0185148 0.013795 9.9964E-05 9.9964E-05
0.862116 9.9964E-05 0.0210956 0.108694 0.00769475 9.9964E-05 9.9964E-05 9.9964E-05
9.99459E-05 0.265225 0.734175 9.99459E-05 9.99459E-05 9.99459E-05 9.99459E-05 9.99459E-05
0.0575404 9.9973E-05 0.74952 0.071544 9.9973E-05 9.9973E-05 0.00848297 0.112613
0.11472 9.9964E-05 0.704006 9.9964E-05 9.9964E-05 0.110379 9.9964E-05 0.0704945
0.140053 9.996E-05 0.549592 9.996E-05 9.996E-05 0.278076 0.0318791 9.996E-05
0.0428824 9.9973E-05 0.533427 0.0337248 9.9973E-05 0.272408 0.117258 9.9973E-05
9.9955E-05 9.9955E-05 0.191687 9.9955E-05 9.9955E-05 0.708736 0.0990769 9.9955E-05
0.0642995 9.9964E-05 0.610747 9.9964E-05 9.9964E-05 0.138186 0.186368 9.9964E-05
0.298655 9.9964E-05 0.533397 0.0604558 9.9964E-05 0.107092 9.9964E-05 9.9964E-05
9.996E-05 9.996E-05 0.76681 9.996E-05 9.996E-05 0.0237575 0.145389 0.0636435
0.380737 9.997E-05 0.387359 9.997E-05 9.997E-05 0.130046 0.0893193 0.0122381
0.0721522 9.996E-05 0.845239 9.996E-05 9.996E-05 9.996E-05 0.0231356 0.0590732
0.492383 9.9964E-05 0.114525 0.136251 9.9964E-05 0.256441 9.9964E-05 9.9964E-05
9.9982E-05 0.0071602 0.137021 0.105084 9.9982E-05 0.730528 0.00771967 0.0122866
0.741579 0.056606 9.997E-05 0.0565585 9.997E-05 0.127735 0.0172219 9.997E-05
0.640544 9.9964E-05 0.221611 9.9964E-05 9.9964E-05 0.0762142 9.9964E-05 0.0612309
0.592052 9.9946E-05 9.9946E-05 9.9946E-05 9.9946E-05 0.407348 9.9946E-05 9.9946E-05
0.574929 9.9964E-05 0.140873 9.9964E-05 9.9964E-05 0.248221 0.0355774 9.9964E-05
0.306582 0.0239315 0.616388 0.052699 9.9964E-05 9.9964E-05 9.9964E-05 9.9964E-05
0.694403 0.0873002 9.9964E-05 9.9964E-05 9.9964E-05 0.209911 0.00798603 9.9964E-05
9.99731E-05 0.0313975 9.99731E-05 0.0844129 0.0311815 0.0234493 9.99731E-05 0.829259
0.0135746 9.9964E-05 9.9964E-05 0.0885555 0.865434 0.0320363 9.9964E-05 9.9964E-05
9.9955E-05 9.9955E-05 9.9955E-05 9.9955E-05 0.78697 0.101363 9.9955E-05 0.111168
9.9964E-05 0.134614 9.9964E-05 0.000419738 9.9964E-05 0.0949398 9.9964E-05 0.769626
9.997E-05 0.270953 9.997E-05 0.107168 0.104667 0.0160528 9.997E-05 0.500859
9.99461E-05 0.935171 9.99461E-05 9.99461E-05 0.0642289 9.99461E-05 9.99461E-05 9.99461E-05
9.997E-05 0.405869 9.997E-05 9.997E-05 0.0163637 0.0338106 0.158694 0.384962
0.0174486 0.312094 0.0168094 9.9982E-05 0.135562 9.9982E-05 0.242391 0.275495
9.997E-05 0.258412 0.0084865 0.00562127 9.997E-05 0.0213485 9.997E-05 0.705832
9.9955E-05 0.37665 9.9955E-05 9.9955E-05 0.103908 9.9955E-05 9.9955E-05 0.518942
9.9964E-05 0.0773027 9.9964E-05 9.9964E-05 9.9964E-05 0.113846 0.0414611 0.766991
9.9964E-05 0.044592 9.9964E-05 9.9964E-05 9.9964E-05 0.0782977 0.263488 0.613222
0.00129996 0.0482733 9.9982E-05 0.0434417 9.9982E-05 0.00754407 0.210458 0.688783
0.0811602 0.168093 9.9964E-05 9.9964E-05 9.9964E-05 9.9964E-05 0.168777 0.58157
0.0686539 0.536217 9.99639E-05 9.99639E-05 9.99639E-05 9.99639E-05 0.0503402 0.344389
0.0216314 0.204697 9.997E-05 0.0522717 9.997E-05 9.997E-05 0.239169 0.481931
9.9964E-05 0.0709238 9.9964E-05 9.9964E-05 9.9964E-05 0.0839922 0.116529 0.728155
0.00560638 0.00522424 9.9973E-05 9.9973E-05 9.9973E-05 0.0480301 0.238566 0.702273
9.9964E-05 9.9964E-05 0.0269432 9.9964E-05 0.208154 9.9964E-05 0.268523 0.495981
9.997E-05 0.16935 9.997E-05 0.114215 0.403241 0.0115752 9.997E-05 0.301319
9.9964E-05 9.9964E-05 9.9964E-05 0.0182381 0.478621 9.9964E-05 0.0187181 0.484023
9.9982E-05 0.00419325 9.9982E-05 0.0699657 0.544179 0.00681006 0.0101562 0.364496
9.9946E-05 9.9946E-05 9.9946E-05 9.9946E-05 0.650303 9.9946E-05 9.9946E-05 0.349097
9.9955E-05 0.230659 0.00849283 9.9955E-05 9.9955E-05 9.9955E-05 9.9955E-05 0.760348
9.9955E-05 9.9955E-05 9.9955E-05 0.142558 0.063351 9.9955E-05 9.9955E-05 0.793591
9.9973E-05 0.0255261 9.9973E-05 0.247205 0.158568 9.9973E-05 0.00318571 0.565215
9.9964E-05 9.9964E-05 0.0158602 0.069965 0.0898237 9.9964E-05 9.9964E-05 0.823951
9.9964E-05 0.0845614 9.9964E-05 9.9964E-05 0.0211996 0.0381997 9.9964E-05 0.855639
9.9973E-05 9.9973E-05 0.0185093 0.00419283 0.102806 9.9973E-05 0.00760665 0.866585
9.9955E-05 9.9955E-05 9.9955E-05 9.9955E-05 0.133769 9.9955E-05 0.0761682 0.789563
9.99461E-05 9.99461E-05 9.99461E-05 9.99461E-05 0.148616 9.99461E-05 9.99461E-05 0.850784
9.9973E-05 0.0799125 9.9973E-05 0.0907916 0.343896 9.9973E-05 0.0514606 0.433639
0.0337286 0.0130668 9.997E-05 0.145901 0.368703 9.997E-05 9.997E-05 0.438301
9.9973E-05 0.0971969 9.9973E-05 0.0359621 0.233405 9.9973E-05 0.0531505 0.579985
0.00179076 0.118053 9.99731E-05 9.99731E-05 0.0313394 9.99731E-05 0.0640111 0.784506
9.99641E-05 0.105828 9.99641E-05 0.00219018 0.180893 9.99641E-05 9.99641E-05 0.710689
9.9955E-05 9.9955E-05 9.9955E-05 0.0727762 0.230549 9.9955E-05 9.9955E-05 0.696175
9.99549E-05 0.135576 9.99549E-05 9.99549E-05 0.115221 9.99549E-05 9.99549E-05 0.748703
9.996E-05 9.996E-05 0.0421462 9.996E-05 0.621837 9.996E-05 0.143391 0.192226
9.9964E-05 0.0868904 9.9964E-05 9.9964E-05 0.525527 9.9964E-05 0.0535437 0.333639
9.9973E-05 0.00787551 0.0148199 0.0438807 0.449509 9.9973E-05 9.9973E-05 0.483615
9.9946E-05 9.9946E-05 9.9946E-05 9.9946E-05 0.17571 9.9946E-05 9.9946E-05 0.82369
9.9964E-05 9.9964E-05 9.9964E-05 0.0643733 0.168736 0.079422 9.9964E-05 0.687069
0.0392451 9.9964E-05 9.9964E-05 9.9964E-05 0.146229 9.9964E-05 0.111104 0.703022
9.9955E-05 9.9955E-05 9.9955E-05 0.0373414 0.2012 9.9955E-05 9.9955E-05 0.760959
0.206027 9.997E-05 0.0594491 9.997E-05 0.02935 9.997E-05 0.12406 0.580814
0.306457 9.997E-05 0.0935375 0.0190575 0.0114707 9.997E-05 9.997E-05 0.569178
9.9955E-05 0.0903519 9.9955E-05 9.9955E-05 0.280846 9.9955E-05 9.9955E-05 0.628303
9.9955E-05 0.118726 9.9955E-05 9.9955E-05 0.674276 9.9955E-05 9.9955E-05 0.206497
9.996E-05 9.996E-05 0.0814823 9.996E-05 0.375163 9.996E-05 0.0761638 0.466792
0.0173556 0.00961208 9.997E-05 9.997E-05 0.580434 9.997E-05 0.100301 0.291997
9.9955E-05 0.0397014 9.9955E-05 0.0419109 0.917888 9.9955E-05 9.9955E-05 9.9955E-05
9.9964E-05 0.0587789 9.9964E-05 9.9964E-05 0.254117 0.00212134 9.9964E-05 0.684583
9.9964E-05 0.0325797 9.9964E-05 9.9964E-05 0.677984 9.9964E-05 0.0514866 0.23755
9.9973E-05 9.9973E-05 9.9973E-05 0.00628461 0.358164 0.00307877 0.00864145 0.623532
9.9964E-05 0.124102 9.9964E-05 0.0604684 0.349988 9.9964E-05 9.9964E-05 0.465042
9.9964E-05 0.0193212 0.0243715 9.9964E-05 0.55349 9.9964E-05 9.9964E-05 0.402417
0.233423 0.107835 0.570709 9.9964E-05 0.0876333 9.9964E-05 9.9964E-05 9.9964E-05
0.641326 9.9955E-05 0.322862 9.9955E-05 9.9955E-05 9.9955E-05 0.0353122 9.9955E-05
0.532144 0.106848 0.344842 9.997E-05 0.00605012 9.997E-05 0.00981625 9.997E-05
0.807986 0.0220337 9.997E-05 0.0444575 0.0902722 0.0349505 9.997E-05 9.997E-05
0.646976 0.0218801 0.0661224 9.9973E-05 9.9973E-05 0.187638 9.9973E-05 0.0770834
0.862733 9.9946E-05 9.9946E-05 9.9946E-05 9.9946E-05 0.136667 9.9946E-05 9.9946E-05
0.222055 9.9973E-05 0.526769 9.9973E-05 0.00792282 0.176997 0.0659553 9.9973E-05
0.130747 9.9973E-05 0.795175 9.9973E-05 9.9973E-05 0.0267705 0.0277204 0.0192875
9.99461E-05 0.312401 0.686999 9.99461E-05 9.99461E-05 9.99461E-05 9.99461E-05 9.99461E-05
0.433453 9.9964E-05 0.189299 9.9964E-05 9.9964E-05 0.287955 9.9964E-05 0.0888938
9.994E-05 9.994E-05 9.994E-05 9.994E-05 9.994E-05 0.9993 9.994E-05 9.994E-05
0.432818 9.9946E-05 9.9946E-05 9.9946E-05 9.9946E-05 0.566582 9.9946E-05 9.9946E-05
0.232183 9.9955E-05 9.9955E-05 9.9955E-05 9.9955E-05 0.759079 9.9955E-05 0.00823778
