9.99459E-05 9.99459E-05 0.205742 9.99459E-05 0.491832 9.99459E-05 0.249628 9.99459E-05 9.99459E-05 0.0521981
9.99639E-05 9.99639E-05 9.99639E-05 0.0597816 0.302947 0.136649 0.120231 9.99639E-05 0.0765505 0.303441
0.199267 0.049747 0.0502484 9.9964E-05 0.31251 9.9964E-05 0.213943 9.9964E-05 9.9964E-05 0.173885
0.324311 9.9973E-05 0.570078 0.0210103 9.9973E-05 9.9973E-05 0.005841 0.00390624 0.0183293 0.0562248
0.26944 0.0100483 9.9955E-05 9.9955E-05 0.199161 9.9955E-05 0.512805 0.0080462 9.9955E-05 9.9955E-05
0.283845 0.0604239 0.303178 9.9955E-05 0.221517 9.9955E-05 0.130536 9.9955E-05 9.9955E-05 9.9955E-05
9.9955E-05 0.0123767 0.0122317 0.230971 9.9955E-05 9.9955E-05 9.9955E-05 9.9955E-05 0.651767 0.0921538
9.995E-05 0.140177 9.995E-05 0.117117 9.995E-05 0.0939665 0.0767293 9.995E-05 0.571511 9.995E-05
0.074016 9.9937E-05 9.9937E-05 9.9937E-05 9.9937E-05 9.9937E-05 9.9937E-05 9.9937E-05 0.914338 0.010946
9.9955E-05 0.00186051 0.030535 0.0456507 0.0620458 9.9955E-05 9.9955E-05 9.9955E-05 0.859408 9.9955E-05
9.99549E-05 9.99549E-05 9.99549E-05 0.0631574 0.00664168 0.0368824 9.99549E-05 9.99549E-05 0.821858 0.0709605
9.99459E-05 9.99459E-05 9.99459E-05 0.61846 0.0417287 9.99459E-05 0.0348937 9.99459E-05 0.304317 9.99459E-05
0.0293313 9.9946E-05 9.9946E-05 0.162473 9.9946E-05 9.9946E-05 9.9946E-05 0.194226 0.61337 9.9946E-05
9.9937E-05 0.118947 9.9937E-05 9.9937E-05 9.9937E-05 9.9937E-05 9.9937E-05 0.099723 0.780631 9.9937E-05
9.9955E-05 0.0240133 9.9955E-05 0.0602698 0.023043 9.9955E-05 9.9955E-05 9.9955E-05 0.809456 0.0827183
9.99461E-05 9.99461E-05 9.99461E-05 0.17107 9.99461E-05 0.0773738 9.99461E-05 9.99461E-05 0.742814 0.0081428
0.115234 0.559229 9.99549E-05 9.99549E-05 0.0206415 0.166324 0.138072 9.99549E-05 9.99549E-05 9.99549E-05
9.9955E-05 0.564872 0.0674135 0.0406182 9.9955E-05 9.9955E-05 9.9955E-05 9.9955E-05 0.00497866 0.321618
0.196461 0.461432 9.9964E-05 0.00126048 0.292732 0.00354223 9.9964E-05 9.9964E-05 9.9964E-05 0.0441717
0.246298 0.669783 0.0459628 9.9946E-05 9.9946E-05 9.9946E-05 0.0373561 9.9946E-05 9.9946E-05 9.9946E-05
9.99459E-05 0.520295 0.0631082 9.99459E-05 9.99459E-05 9.99459E-05 0.216992 9.99459E-05 9.99459E-05 0.199005
9.9946E-05 0.702839 0.204322 9.9946E-05 9.9946E-05 9.9946E-05 9.9946E-05 9.9946E-05 0.0100425 0.0821966
9.9955E-05 9.9955E-05 9.9955E-05 0.121828 0.666959 0.0239049 0.173988 9.9955E-05 9.9955E-05 0.0128208
9.9955E-05 9.9955E-05 0.0430396 9.9955E-05 0.660704 0.00930823 0.252289 0.0341595 9.9955E-05 9.9955E-05
0.126935 0.083556 0.000125749 9.9964E-05 0.710912 9.9964E-05 0.0524616 0.0256097 9.9964E-05 9.9964E-05
9.9955E-05 0.222837 0.66763 9.9955E-05 0.0678267 0.0297908 0.011416 9.9955E-05 9.9955E-05 9.9955E-05
9.9946E-05 0.463488 9.9946E-05 9.9946E-05 0.127129 9.9946E-05 0.35409 0.0546933 9.9946E-05 9.9946E-05
0.136788 0.230118 0.00803605 9.9973E-05 0.201658 9.9973E-05 0.387755 0.0244139 0.0109307 9.9973E-05
9.9964E-05 0.155508 0.093558 9.9964E-05 9.9964E-05 0.13082 0.349923 9.9964E-05 0.106223 0.163569
9.995E-05 0.268238 0.0672007 9.995E-05 9.995E-05 9.995E-05 0.295116 9.995E-05 0.0809134 0.288033
0.249847 0.208854 0.0310831 0.21092 9.9955E-05 9.9955E-05 9.9955E-05 9.9955E-05 9.9955E-05 0.298796
0.393343 0.296081 9.99549E-05 0.0850233 9.99549E-05 9.99549E-05 0.116953 9.99549E-05 9.99549E-05 0.1081
0.307884 0.31775 0.138467 9.9955E-05 9.9955E-05 9.9955E-05 0.133215 9.9955E-05 9.9955E-05 0.102184
9.99369E-05 9.99369E-05 0.239299 9.99369E-05 0.750281 9.99369E-05 9.99369E-05 0.00972044 9.99369E-05 9.99369E-05
9.99369E-05 9.99369E-05 9.99369E-05 0.101735 0.770991 9.99369E-05 9.99369E-05 9.99369E-05 9.99369E-05 0.126575
0.176206 0.38125 0.0337735 0.12437 0.138598 9.9964E-05 0.145402 9.9964E-05 9.9964E-05 9.9964E-05
0.10844 0.0464491 9.996E-05 0.110917 0.398853 9.996E-05 9.996E-05 0.201677 9.996E-05 0.133264
0.194721 0.169301 9.9955E-05 0.0383823 0.54191 9.9955E-05 9.9955E-05 0.0551853 9.9955E-05 9.9955E-05
9.9955E-05 0.145687 0.14253 9.9955E-05 0.510164 9.9955E-05 9.9955E-05 0.040136 9.9955E-05 0.160984
0.188752 0.488539 9.9955E-05 9.9955E-05 0.291035 9.9955E-05 0.0245095 9.9955E-05 9.9955E-05 0.00666497
9.99281E-05 9.99281E-05 0.716979 9.99281E-05 9.99281E-05 0.282221 9.99281E-05 9.99281E-05 9.99281E-05 9.99281E-05
0.0462806 9.9955E-05 0.53882 9.9955E-05 9.9955E-05 0.0627471 0.245382 0.106271 9.9955E-05 9.9955E-05
0.311347 0.0219037 0.424334 9.9955E-05 9.9955E-05 9.9955E-05 9.9955E-05 0.133616 9.9955E-05 0.108299
0.267492 9.9964E-05 0.0864682 9.9964E-05 0.0314105 0.514682 9.9964E-05 0.0974359 0.00211191 9.9964E-05
9.99281E-05 9.99281E-05 0.959438 9.99281E-05 9.99281E-05 9.99281E-05 0.0397622 9.99281E-05 9.99281E-05 9.99281E-05
9.9937E-05 9.9937E-05 0.94208 9.9937E-05 9.9937E-05 9.9937E-05 9.9937E-05 0.0283225 9.9937E-05 0.0288978
9.9937E-05 0.666795 9.9937E-05 0.107281 9.9937E-05 9.9937E-05 9.9937E-05 9.9937E-05 9.9937E-05 0.225225
9.99459E-05 0.33148 9.99459E-05 0.10336 9.99459E-05 0.0982905 9.99459E-05 9.99459E-05 9.99459E-05 0.46627
9.9928E-05 0.206873 9.9928E-05 9.9928E-05 9.9928E-05 9.9928E-05 9.9928E-05 9.9928E-05 9.9928E-05 0.792327
9.99639E-05 0.143817 0.0604182 9.99639E-05 0.0336003 0.0472699 0.0270512 9.99639E-05 9.99639E-05 0.687444
9.99459E-05 0.478513 9.99459E-05 9.99459E-05 9.99459E-05 9.99459E-05 9.99459E-05 0.00692491 0.0285418 0.48542
9.995E-05 0.435625 0.00989863 9.995E-05 0.102584 0.341284 9.995E-05 9.995E-05 0.110108 9.995E-05
9.9964E-05 0.733107 0.0198528 9.9964E-05 0.0382868 9.9964E-05 0.0626498 0.00569183 9.9964E-05 0.140012
9.9946E-05 0.491559 0.107562 9.9946E-05 0.0613972 0.338882 9.9946E-05 9.9946E-05 9.9946E-05 9.9946E-05
9.99369E-05 0.510441 9.99369E-05 9.99369E-05 0.151519 0.337341 9.99369E-05 9.99369E-05 9.99369E-05 9.99369E-05
0.156457 0.532065 0.267793 9.99459E-05 9.99459E-05 9.99459E-05 0.0430848 9.99459E-05 9.99459E-05 9.99459E-05
9.9964E-05 9.9964E-05 0.0381086 0.259512 0.303966 0.0059301 9.9964E-05 0.19788 0.194204 9.9964E-05
9.9955E-05 9.9955E-05 9.9955E-05 9.9955E-05 0.186846 9.9955E-05 0.0396452 0.271897 0.492917 0.00819519
9.9937E-05 9.9937E-05 9.9937E-05 9.9937E-05 0.0472547 0.052233 9.9937E-05 0.899813 9.9937E-05 9.9937E-05
9.9955E-05 0.0770264 9.9955E-05 0.320732 9.9955E-05 0.0852764 9.9955E-05 0.435898 0.0805673 9.9955E-05
9.9946E-05 9.9946E-05 9.9946E-05 0.33771 9.9946E-05 0.0431005 9.9946E-05 0.570214 0.048376 9.9946E-05
9.9946E-05 0.109163 9.9946E-05 0.335238 9.9946E-05 9.9946E-05 0.00535047 0.549649 9.9946E-05 9.9946E-05
9.99279E-05 9.99279E-05 9.99279E-05 0.758356 9.99279E-05 9.99279E-05 9.99279E-05 9.99279E-05 9.99279E-05 0.240844
0.0897727 0.0695819 9.9937E-05 0.839946 9.9937E-05 9.9937E-05 9.9937E-05 9.9937E-05 9.9937E-05 9.9937E-05
0.12957 9.99369E-05 9.99369E-05 0.282385 9.99369E-05 9.99369E-05 9.99369E-05 9.99369E-05 0.587346 9.99369E-05
9.9946E-05 9.9946E-05 9.9946E-05 0.0827744 0.0372338 9.9946E-05 9.9946E-05 0.16462 0.714772 9.9946E-05
9.9964E-05 0.00602217 0.102838 0.192871 0.0798684 9.9964E-05 9.9964E-05 0.179203 0.438798 9.9964E-05
9.99371E-05 9.99371E-05 9.99371E-05 9.99371E-05 0.15259 9.99371E-05 9.99371E-05 0.446993 0.399718 9.99371E-05
9.9946E-05 9.9946E-05 9.9946E-05 0.504101 0.1648 9.9946E-05 9.9946E-05 0.0972987 0.233201 9.9946E-05
9.9946E-05 9.9946E-05 9.9946E-05 0.352387 0.106102 9.9946E-05 9.9946E-05 0.335558 0.205353 9.9946E-05
0.0369861 9.9955E-05 9.9955E-05 0.736767 0.0930031 9.9955E-05 9.9955E-05 0.0104892 0.122255 9.9955E-05
9.9964E-05 0.0144676 9.9964E-05 0.352396 0.126506 9.9964E-05 0.0130487 0.366043 0.12714 9.9964E-05
9.9946E-05 9.9946E-05 9.9946E-05 0.85245 9.9946E-05 9.9946E-05 0.0618125 0.00734725 0.0777907 9.9946E-05
9.9937E-05 0.160277 9.9937E-05 0.264397 9.9937E-05 9.9937E-05 9.9937E-05 0.574626 9.9937E-05 9.9937E-05
9.99551E-05 0.195151 0.0517593 0.00490256 9.99551E-05 9.99551E-05 9.99551E-05 0.582207 0.16548 9.99551E-05
9.9955E-05 0.0496555 0.0645894 0.25707 9.9955E-05 9.9955E-05 9.9955E-05 0.61791 9.9955E-05 0.0102748
0.0731284 9.9937E-05 9.9937E-05 0.460213 9.9937E-05 9.9937E-05 9.9937E-05 0.465959 9.9937E-05 9.9937E-05
0.0520936 9.9937E-05 9.9937E-05 9.9937E-05 9.9937E-05 9.9937E-05 9.9937E-05 0.927555 0.019652 9.9937E-05
9.9955E-05 9.9955E-05 9.9955E-05 0.0929735 0.0171393 0.0309489 9.9955E-05 0.560886 0.297552 9.9955E-05
9.9946E-05 0.0707203 9.9946E-05 0.797328 9.9946E-05 9.9946E-05 9.9946E-05 0.085063 0.0462891 9.9946E-05
9.9946E-05 9.9946E-05 0.090611 0.0990451 9.9946E-05 9.9946E-05 9.9946E-05 0.689824 9.9946E-05 0.11992
9.99372E-05 9.99372E-05 0.164867 9.99372E-05 9.99372E-05 9.99372E-05 0.813877 0.0205569 9.99372E-05 9.99372E-05
9.9946E-05 0.0220237 0.00853061 9.9946E-05 9.9946E-05 0.875707 9.9946E-05 0.0931385 9.9946E-05 9.9946E-05
0.00669419 9.9946E-05 9.9946E-05 9.9946E-05 9.9946E-05 0.81561 0.0821796 0.0949166 9.9946E-05 9.9946E-05
0.227855 9.9955E-05 9.9955E-05 9.9955E-05 0.00209869 9.9955E-05 0.624169 9.9955E-05 0.0718094 0.0735682
9.9946E-05 9.9946E-05 0.0398914 9.9946E-05 9.9946E-05 9.9946E-05 0.622227 9.9946E-05 0.0759883 0.261293
9.99201E-05 9.99201E-05 9.99201E-05 9.99201E-05 9.99201E-05 9.99201E-05 9.99201E-05 9.99201E-05 9.99201E-05 0.999101
0.535831 9.99551E-05 0.0830429 9.99551E-05 9.99551E-05 0.100931 9.99551E-05 9.99551E-05 0.020843 0.258853
0.422856 9.9964E-05 0.0597707 9.9964E-05 0.0369882 0.196392 9.9964E-05 9.9964E-05 0.0504221 0.233171
0.532646 9.9955E-05 0.0880528 9.9955E-05 9.9955E-05 0.0156372 0.255162 9.9955E-05 9.9955E-05 0.108001
0.363644 9.99459E-05 9.99459E-05 9.99459E-05 9.99459E-05 0.198484 0.142803 9.99459E-05 9.99459E-05 0.29447
0.978251 9.99461E-05 9.99461E-05 9.99461E-05 9.99461E-05 0.00989925 9.99461E-05 0.00845857 0.00279197 9.99461E-05
0.860327 9.99281E-05 0.138874 9.99281E-05 9.99281E-05 9.99281E-05 9.99281E-05 9.99281E-05 9.99281E-05 9.99281E-05
0.524277 0.0539896 0.106493 9.99549E-05 0.0887997 9.99549E-05 0.22594 9.99549E-05 9.99549E-05 9.99549E-05
0.751032 0.0409629 9.99549E-05 9.99549E-05 0.0622851 0.0616072 9.99549E-05 9.99549E-05 9.99549E-05 0.0836134
0.535763 9.99369E-05 0.0880705 9.99369E-05 9.99369E-05 9.99369E-05 9.99369E-05 9.99369E-05 9.99369E-05 0.375466
0.617198 0.0183275 0.134597 9.9964E-05 0.0334722 9.9964E-05 0.0644392 9.9964E-05 9.9964E-05 0.131566
0.75095 9.9937E-05 9.9937E-05 9.9937E-05 9.9937E-05 9.9937E-05 0.22991 9.9937E-05 0.0184408 9.9937E-05
0.808892 0.0368936 9.9946E-05 9.9946E-05 0.0397607 9.9946E-05 0.113854 9.9946E-05 9.9946E-05 9.9946E-05
0.468283 9.99639E-05 0.101524 9.99639E-05 0.0826321 0.193624 0.139941 9.99639E-05 0.0135966 9.99639E-05
9.99639E-05 0.0130548 0.105892 9.99639E-05 9.99639E-05 0.162768 0.458281 9.99639E-05 0.0281606 0.231444
9.9946E-05 9.9946E-05 0.196082 9.9946E-05 9.9946E-05 0.248955 0.537297 9.9946E-05 9.9946E-05 0.017066
9.9946E-05 9.9946E-05 9.9946E-05 9.9946E-05 0.136161 0.395528 0.456307 9.9946E-05 9.9946E-05 0.0114052
0.0664133 9.9946E-05 0.0285964 9.9946E-05 9.9946E-05 0.528245 0.376145 9.9946E-05 9.9946E-05 9.9946E-05
0.0657409 9.99549E-05 9.99549E-05 9.99549E-05 9.99549E-05 9.99549E-05 0.641571 0.0110437 0.0187694 0.262376
9.9937E-05 0.0919693 9.9937E-05 9.9937E-05 0.0574774 9.9937E-05 0.849854 9.9937E-05 9.9937E-05 9.9937E-05
9.9937E-05 0.135774 9.9937E-05 9.9937E-05 0.15984 9.9937E-05 0.703687 9.9937E-05 9.9937E-05 9.9937E-05
9.99371E-05 0.0591135 9.99371E-05 9.99371E-05 9.99371E-05 9.99371E-05 0.930312 9.99371E-05 0.00987485 9.99371E-05
0.0806981 9.9955E-05 9.9955E-05 9.9955E-05 0.014691 9.9955E-05 0.792697 0.0466988 9.9955E-05 0.064715
0.270033 9.9946E-05 9.9946E-05 9.9946E-05 0.0156909 0.0566845 0.656992 9.9946E-05 9.9946E-05 9.9946E-05
0.0382053 9.9955E-05 0.0570651 9.9955E-05 0.104327 0.0238631 0.77604 9.9955E-05 9.9955E-05 9.9955E-05
0.0907144 9.9946E-05 9.9946E-05 9.9946E-05 0.0533985 0.0736882 0.781599 9.9946E-05 9.9946E-05 9.9946E-05
9.99459E-05 9.99459E-05 0.404673 9.99459E-05 9.99459E-05 0.0612701 0.443403 9.99459E-05 9.99459E-05 0.0900545
0.131061 0.16999 9.9946E-05 9.9946E-05 9.9946E-05 0.360868 0.337481 9.9946E-05 9.9946E-05 9.9946E-05
0.156389 9.9964E-05 0.00240169 9.9964E-05 0.125478 0.0909761 0.486489 9.9964E-05 9.9964E-05 0.137867
0.182271 0.0506302 9.99551E-05 9.99551E-05 9.99551E-05 0.0186179 0.685619 9.99551E-05 9.99551E-05 0.0623626
9.99371E-05 9.99371E-05 0.0959627 9.99371E-05 9.99371E-05 9.99371E-05 0.779846 9.99371E-05 9.99371E-05 0.123492
0.0933086 9.9946E-05 9.9946E-05 9.9946E-05 0.0476166 0.100001 0.758474 9.9946E-05 9.9946E-05 9.9946E-05
0.175294 9.99549E-05 0.018281 9.99549E-05 9.99549E-05 0.023071 0.631381 9.99549E-05 9.99549E-05 0.151473
9.9946E-05 9.9946E-05 9.9946E-05 0.00736853 0.119736 0.703583 0.168713 9.9946E-05 9.9946E-05 9.9946E-05
0.164522 9.9955E-05 9.9955E-05 9.9955E-05 0.00086342 0.683189 0.0926804 9.9955E-05 9.9955E-05 0.0582448
0.223693 9.9946E-05 9.9946E-05 0.0227347 9.9946E-05 0.449387 0.303586 9.9946E-05 9.9946E-05 9.9946E-05
0.073293 9.9946E-05 0.128507 9.9946E-05 9.9946E-05 0.0546511 0.742949 9.9946E-05 9.9946E-05 9.9946E-05
0.260034 0.0589461 9.9973E-05 0.00466323 0.00684658 0.0701112 0.562203 9.9973E-05 0.0368961 9.9973E-05
0.197842 9.9955E-05 9.9955E-05 9.9955E-05 0.138154 0.0992163 0.563922 0.000365638 9.9955E-05 9.9955E-05
0.178309 0.0321278 9.995E-05 0.0266268 9.995E-05 0.127637 0.6348 9.995E-05 9.995E-05 9.995E-05
9.9946E-05 9.9946E-05 9.9946E-05 9.9946E-05 0.201888 9.9946E-05 0.571483 0.130927 0.0951021 9.9946E-05
0.0685552 9.9946E-05 9.9946E-05 0.15621 9.9946E-05 9.9946E-05 0.545403 0.229232 9.9946E-05 9.9946E-05
0.0349501 0.0306665 9.9955E-05 9.9955E-05 9.9955E-05 0.113074 0.708568 9.9955E-05 9.9955E-05 0.112242
0.0228506 9.9946E-05 9.9946E-05 9.9946E-05 9.9946E-05 0.617104 0.252698 9.9946E-05 9.9946E-05 0.106748
0.0333396 9.9964E-05 9.9964E-05 9.9964E-05 0.119246 0.331755 0.435647 9.9964E-05 0.0218857 0.0577278
9.9955E-05 9.9955E-05 0.0687583 9.9955E-05 0.0724859 0.475643 0.367747 9.9955E-05 9.9955E-05 0.0148665
9.9946E-05 9.9946E-05 0.119953 9.9946E-05 9.9946E-05 0.702571 0.100448 9.9946E-05 9.9946E-05 0.0764275
9.9946E-05 9.9946E-05 0.0150538 9.9946E-05 9.9946E-05 0.0203344 0.898272 9.9946E-05 9.9946E-05 0.0657399
0.0301678 9.9946E-05 0.131797 9.9946E-05 9.9946E-05 0.499568 0.337868 9.9946E-05 9.9946E-05 9.9946E-05
0.0695624 9.9946E-05 0.141133 9.9946E-05 9.9946E-05 0.192299 0.596407 9.9946E-05 9.9946E-05 9.9946E-05
9.99549E-05 9.99549E-05 0.104769 9.99549E-05 0.0542022 0.233815 0.479442 9.99549E-05 9.99549E-05 0.127272
9.9946E-05 9.9946E-05 9.9946E-05 0.0413167 9.9946E-05 0.360311 0.550209 9.9946E-05 9.9946E-05 0.0475629
9.9946E-05 9.9946E-05 9.9946E-05 0.738175 9.9946E-05 0.143471 9.9946E-05 0.0411683 9.9946E-05 0.0765862
9.9955E-05 9.9955E-05 9.9955E-05 0.354415 0.0487357 9.9955E-05 9.9955E-05 0.370393 0.169428 0.0565281
9.99549E-05 9.99549E-05 0.0599295 0.439479 9.99549E-05 9.99549E-05 9.99549E-05 0.203211 0.187719 0.109162
0.0738189 9.99639E-05 9.99639E-05 0.0623152 9.99639E-05 0.0262724 9.99639E-05 0.614664 0.100132 0.122397
0.113572 9.9964E-05 9.9964E-05 0.00457843 9.9964E-05 0.0202737 9.9964E-05 0.672594 0.108631 0.0799503
9.9955E-05 9.9955E-05 9.9955E-05 0.122974 9.9955E-05 9.9955E-05 0.0491997 0.705406 0.116937 0.00498273
9.9946E-05 9.9946E-05 9.9946E-05 0.43126 9.9946E-05 0.0822874 9.9946E-05 0.298346 0.187507 9.9946E-05
0.0421649 9.9964E-05 9.9964E-05 0.558898 9.9964E-05 9.9964E-05 0.00881277 0.0834099 0.277549 0.0287652
9.99282E-05 9.99282E-05 9.99282E-05 0.758611 9.99282E-05 9.99282E-05 9.99282E-05 9.99282E-05 9.99282E-05 0.24059
9.99549E-05 9.99549E-05 9.99549E-05 0.11307 9.99549E-05 9.99549E-05 0.0935905 0.630532 0.137843 0.0244645
9.99372E-05 0.0949454 9.99372E-05 9.99372E-05 9.99372E-05 9.99372E-05 9.99372E-05 0.901854 0.00250094 9.99372E-05
9.99281E-05 9.99281E-05 9.99281E-05 9.99281E-05 0.0475736 9.99281E-05 9.99281E-05 0.951627 9.99281E-05 9.99281E-05
0.046845 0.0657694 9.99461E-05 9.99461E-05 9.99461E-05 9.99461E-05 9.99461E-05 0.79832 0.0884657 9.99461E-05
