0.176695 0.47685 0.346354 9.9991E-05
0.535993 0.128806 0.3351 9.9991E-05
0.161841 0.39789 0.437997 0.00227224
0.118707 0.522501 0.358693 9.9991E-05
9.999E-05 0.265512 0.695609 0.0387783
9.9982E-05 0.554412 0.445388 9.9982E-05
0.547485 9.9982E-05 9.9982E-05 0.452315
0.32917 0.0123686 0.125942 0.532519
0.349144 9.9982E-05 9.9982E-05 0.650656
0.350574 0.00452383 9.9991E-05 0.644802
0.465956 9.9982E-05 9.9982E-05 0.533844
0.454899 9.9982E-05 9.9982E-05 0.544901
0.21172 9.9982E-05 9.9982E-05 0.78808
0.181881 0.00817913 9.9991E-05 0.80984
0.390189 9.9982E-05 9.9982E-05 0.609611
0.475688 9.9982E-05 9.9982E-05 0.524112
0.113002 0.592592 0.294307 9.9991E-05
0.444171 0.501298 0.0347679 0.0197623
0.143958 0.76785 9.9991E-05 0.0880924
0.00731617 0.783086 0.13712 0.0724777
0.240543 0.541923 0.198423 0.0191112
0.166511 0.813742 9.9991E-05 0.0196469
0.27656 0.489452 0.19374 0.0402476
9.9991E-05 0.581654 0.324204 0.0940423
9.9991E-05 0.826563 0.128768 0.0445688
0.0278882 0.80207 0.169941 9.9991E-05
9.9991E-05 0.632469 0.241403 0.126029
9.9991E-05 0.537176 0.352825 0.1099
0.249192 0.229563 0.515204 0.006041
0.279576 0.259916 0.375814 0.0846939
0.555287 0.444513 9.9982E-05 9.9982E-05
0.222693 0.318853 0.373985 0.0844683
0.20283 0.538758 0.258312 9.9991E-05
0.115488 0.871001 9.9991E-05 0.0134112
0.39931 0.60049 9.9982E-05 9.9982E-05
0.139473 0.640271 0.183524 0.0367318
0.206306 0.488245 9.9991E-05 0.305349
0.0898676 0.694879 0.0855238 0.12973
0.235804 0.730466 9.9991E-05 0.0336303
0.101075 0.859313 9.9991E-05 0.0395127
0.243493 0.45484 0.301566 9.9991E-05
0.0488531 0.430292 0.463038 0.0578176
0.071423 0.494524 0.304453 0.1296
0.059488 0.247052 0.528385 0.165075
0.110405 0.569541 0.319955 9.9991E-05
0.120381 0.777145 0.102374 9.9991E-05
0.410226 0.52276 9.9991E-05 0.0669149
0.634451 0.158283 0.207166 9.9991E-05
0.784913 0.142227 0.0727606 9.9991E-05
0.543852 0.191515 0.264533 9.9991E-05
0.492914 0.502644 9.9991E-05 0.00434165
0.247346 0.49283 0.177329 0.0824948
0.230785 0.710261 0.000925093 0.058029
0.15466 0.746607 0.0986332 9.9991E-05
0.236577 0.702211 0.0565593 0.0046528
9.9991E-05 0.801569 0.125212 0.0731193
0.25945 0.194957 0.0141825 0.53141
0.131718 0.0788555 0.0650969 0.72433
9.9982E-05 9.9982E-05 0.0425399 0.95726
0.220248 0.0834173 9.9991E-05 0.696235
0.149366 9.9982E-05 9.9982E-05 0.850434
0.163935 0.0592398 0.0435875 0.733237
0.773583 9.9982E-05 9.9982E-05 0.226217
0.478137 0.0509746 9.9991E-05 0.470788
0.362308 9.9982E-05 9.9982E-05 0.637492
0.238622 9.9982E-05 9.9982E-05 0.761178
0.224746 0.121889 9.9991E-05 0.653266
9.99821E-05 0.106542 9.99821E-05 0.893258
0.439559 0.00615084 9.9991E-05 0.55419
0.231917 9.9982E-05 9.9982E-05 0.767883
0.455223 0.0524558 9.9991E-05 0.492221
0.102009 0.0737378 9.9991E-05 0.824153
0.487467 9.9982E-05 9.9982E-05 0.512333
0.0559598 0.023433 0.0758511 0.844756
9.9982E-05 0.216575 9.9982E-05 0.783225
0.111183 0.0589472 9.9991E-05 0.82977
0.150549 9.9991E-05 0.0490631 0.800288
9.9982E-05 9.9982E-05 0.0341451 0.965655
0.102274 9.9982E-05 9.9982E-05 0.897526
0.465729 9.9982E-05 9.9982E-05 0.534071
0.0887978 0.1119 9.9991E-05 0.799203
9.9991E-05 0.0860146 0.817639 0.0962462
0.238485 0.00474092 0.756674 9.9991E-05
0.142425 9.9991E-05 0.807488 0.049987
9.9991E-05 0.0562076 0.824175 0.119518
0.165866 0.0553918 0.751986 0.0267558
0.724051 9.9982E-05 0.275749 9.9982E-05
0.318709 0.110906 0.522654 0.0477316
0.304139 0.157638 0.535249 0.00297444
0.0908611 0.147711 0.732538 0.0288894
0.274449 9.9982E-05 0.725351 9.9982E-05
9.9991E-05 0.131245 0.690212 0.178443
9.9991E-05 0.479084 0.461058 0.059758
9.9991E-05 0.359581 0.612774 0.0275451
0.0678077 0.266573 0.595221 0.070398
0.384994 0.210591 0.395981 0.00843482
0.143277 0.411868 0.444756 9.9991E-05
9.9991E-05 0.185732 0.6934 0.120768
9.9991E-05 0.32749 0.588502 0.083908
0.0756047 0.283969 0.628311 0.0121155
0.19209 0.0946696 0.71314 9.9991E-05
0.0627382 0.0536292 0.883533 9.9991E-05
0.109279 0.0842732 0.806348 9.9991E-05
0.159568 9.9982E-05 0.840232 9.9982E-05
0.118491 9.9991E-05 0.827337 0.0540721
9.9991E-05 0.194539 0.792185 0.0131766
9.9991E-05 0.300999 0.693034 0.00586694
9.9991E-05 0.0153274 0.934505 0.0500672
9.9991E-05 0.0332192 0.89655 0.070131
9.9991E-05 0.0461143 0.915277 0.0385089
9.9991E-05 0.105022 0.84218 0.0526982
9.9982E-05 0.0286767 0.971123 9.9982E-05
0.117165 0.244883 0.637852 9.9991E-05
0.0625014 0.0420094 0.809962 0.0855275
0.110811 0.149335 0.739754 9.9991E-05
0.0290976 0.0595156 0.86408 0.0473071
0.0332122 9.9991E-05 0.935283 0.0314049
9.9991E-05 0.00388808 0.984255 0.0117565
0.0642487 0.0639486 0.870048 0.00175472
0.284995 9.9982E-05 0.714805 9.9982E-05
0.213655 9.9982E-05 0.786145 9.9982E-05
0.140259 9.9991E-05 0.843057 0.0165833
9.9991E-05 0.0247123 0.951302 0.0238854
0.0200174 0.102242 0.782191 0.095549
9.9991E-05 0.0584912 0.859457 0.0819522
9.9991E-05 0.0197194 0.911602 0.0685789
9.9991E-05 0.0710722 0.598836 0.329992
9.9982E-05 9.9982E-05 0.624783 0.375017
0.104279 9.9982E-05 0.895521 9.9982E-05
0.216595 9.9982E-05 0.783205 9.9982E-05
0.231832 9.9982E-05 0.767968 9.9982E-05
0.175725 9.9991E-05 0.821972 0.0022026
0.323294 9.9982E-05 0.676506 9.9982E-05
9.9982E-05 9.9982E-05 0.965748 0.0340521
0.187661 9.9982E-05 0.812139 9.9982E-05
0.0252805 0.100168 0.874452 9.9991E-05
0.139756 0.0953932 0.764751 9.9991E-05
0.147934 9.9982E-05 0.851866 9.9982E-05
0.607297 9.9982E-05 9.9982E-05 0.392503
0.2868 9.9982E-05 9.9982E-05 0.713
0.388175 9.9982E-05 9.9982E-05 0.611625
0.121084 0.043423 0.102897 0.732596
0.0274139 9.9991E-05 0.147712 0.824775
0.0400041 9.9991E-05 0.0120013 0.947895
0.275945 9.9991E-05 0.000784186 0.72317
0.445325 9.9982E-05 9.9982E-05 0.554475
0.847721 9.9982E-05 9.9982E-05 0.152079
0.055706 9.9991E-05 0.106433 0.837761
9.99821E-05 0.0489 9.99821E-05 0.9509
9.9982E-05 0.0524385 9.9982E-05 0.947362
9.9991E-05 0.0386258 0.0100433 0.951231
