9.9991E-05 0.454894 0.180322 0.364684
9.9991E-05 0.100575 0.514588 0.384737
9.999E-05 0.398672 0.177191 0.424036
0.0205541 0.507257 0.117503 0.354686
0.0438606 0.252703 9.9991E-05 0.703336
9.9982E-05 0.642791 9.9982E-05 0.357009
0.50347 9.9982E-05 0.49633 9.9982E-05
0.560013 0.00704144 0.309572 0.123374
0.655405 9.9982E-05 0.344395 9.9982E-05
0.641997 9.9982E-05 0.357803 9.9982E-05
0.544871 9.9982E-05 0.454929 9.9982E-05
0.557377 9.99819E-05 0.442423 9.99819E-05
0.789145 9.9982E-05 0.210655 9.9982E-05
0.805533 0.0242128 0.170154 9.9991E-05
0.587665 9.9982E-05 0.412135 9.9982E-05
0.527751 9.9982E-05 0.472049 9.9982E-05
9.9991E-05 0.578829 0.122043 0.299028
0.0456157 0.55565 0.382983 0.0157513
0.0914989 0.776987 0.131414 9.9991E-05
0.109854 0.761667 9.9991E-05 0.128379
0.0129562 0.566396 0.22394 0.196708
0.0160318 0.829478 0.15439 9.9991E-05
0.022182 0.542907 0.265584 0.169327
0.0861181 0.53215 0.00869138 0.37304
0.0490765 0.820245 9.9991E-05 0.130578
9.9991E-05 0.811285 0.0148377 0.173777
0.178405 0.552 9.9991E-05 0.269495
0.104054 0.529563 9.9991E-05 0.366283
0.0268704 0.143441 0.256911 0.572778
0.068225 0.301494 0.306002 0.324278
9.9982E-05 0.437019 0.562781 9.9982E-05
0.0916731 0.312787 0.230031 0.365509
9.9991E-05 0.529803 0.20008 0.270017
0.0332036 0.843625 0.123072 9.9991E-05
9.9982E-05 0.605887 0.393913 9.9982E-05
0.0464867 0.643651 0.135304 0.174558
0.303323 0.509612 0.186966 9.9991E-05
0.133156 0.681301 0.0656341 0.119909
9.9982E-05 0.732067 0.267733 9.9982E-05
0.0400782 0.846763 0.0524478 0.0607108
9.9991E-05 0.425229 0.257155 0.317516
0.0757346 0.417618 0.052418 0.454229
0.118948 0.550425 0.0737478 0.256879
0.16882 0.220455 0.0607998 0.549925
9.9991E-05 0.584115 0.0711245 0.344661
9.9991E-05 0.736013 0.140571 0.123316
0.0723347 0.512628 0.414938 9.9991E-05
9.9991E-05 0.254017 0.614598 0.131285
9.9991E-05 0.206337 0.73918 0.0543828
9.9991E-05 0.217183 0.54376 0.238956
0.0054685 0.552092 0.442339 9.9991E-05
0.0599143 0.494067 0.29188 0.154139
0.066058 0.73409 0.199752 9.9991E-05
0.000140076 0.76853 0.157384 0.0739461
9.9991E-05 0.727812 0.221077 0.0510109
0.050268 0.867709 9.9991E-05 0.0819228
0.558946 0.185981 0.246135 0.00893784
0.771436 0.0973944 0.0665919 0.064578
0.96344 0.0116139 9.9991E-05 0.0248463
0.741313 0.044231 0.214356 9.9991E-05
0.848313 9.9982E-05 0.151487 9.9982E-05
0.733004 0.105671 0.134571 0.0267543
0.211261 9.9982E-05 0.788539 9.9982E-05
0.50311 0.0246733 0.472117 9.9991E-05
0.644967 9.9982E-05 0.354833 9.9982E-05
0.779242 9.9982E-05 0.220558 9.9982E-05
0.619964 0.124595 0.255342 9.9991E-05
0.947126 0.0487757 0.00399826 9.9991E-05
0.556163 0.0201865 0.423551 9.9991E-05
0.780029 9.9982E-05 0.219771 9.9982E-05
0.461742 0.0863971 0.431213 0.0206475
0.787346 0.0513785 0.161176 9.9991E-05
0.56119 9.9982E-05 0.43861 9.9982E-05
0.848545 0.0243832 0.0442428 0.0828291
0.841149 0.158651 9.9982E-05 9.9982E-05
0.832488 0.0598474 0.107565 9.9991E-05
0.802057 9.9991E-05 0.170447 0.0273963
0.986725 9.9982E-05 9.9982E-05 0.0130752
0.891757 9.9982E-05 0.108043 9.9982E-05
0.56052 9.9982E-05 0.43928 9.9982E-05
0.786237 0.0969575 0.0678438 0.0489616
0.0637209 0.0950188 9.9991E-05 0.84116
9.9991E-05 0.0120781 0.229859 0.757963
0.0677607 9.9991E-05 0.205481 0.726658
0.100952 0.0335395 0.0237015 0.841807
0.0259546 0.0242084 0.22623 0.723607
9.9982E-05 9.9982E-05 0.738879 0.260921
0.0518904 0.0990458 0.276648 0.572416
9.9991E-05 0.153604 0.320346 0.52595
0.0475907 0.0991211 0.0639631 0.789325
9.9982E-05 9.9982E-05 0.274893 0.724907
0.172175 0.0965657 9.9991E-05 0.73116
0.0905645 0.385524 9.9991E-05 0.523811
0.0603175 0.32326 9.9991E-05 0.616323
0.079236 0.269542 0.0393427 0.611879
0.0153795 0.247601 0.375476 0.361543
0.0177797 0.410377 0.116722 0.455122
0.130349 0.183946 9.9991E-05 0.685605
0.112037 0.290634 9.9991E-05 0.597229
0.0348971 0.265918 0.046098 0.653087
9.9991E-05 0.138171 0.186498 0.675231
9.9991E-05 0.0696682 0.0719909 0.858241
9.9991E-05 0.0752549 0.102858 0.821788
9.9982E-05 9.9982E-05 0.17072 0.82908
0.0294625 9.9991E-05 0.169777 0.80066
0.00970039 0.128933 9.9991E-05 0.861267
0.00368012 0.27879 9.9991E-05 0.71743
0.0548632 9.9982E-05 9.9982E-05 0.944937
0.0667449 0.052935 9.9991E-05 0.88022
0.040884 0.0376274 9.9991E-05 0.921389
0.0346973 0.138936 9.9991E-05 0.826267
0.00658044 0.019699 9.9991E-05 0.973621
9.9991E-05 0.23443 0.0936425 0.671827
0.0669768 0.076417 0.0759464 0.78066
9.9991E-05 0.151491 0.124158 0.724251
0.0215343 0.125056 0.0180736 0.835336
0.0395704 0.00582578 0.0160847 0.938519
9.9982E-05 0.0433246 9.9982E-05 0.956475
0.00652966 0.0272843 0.0768183 0.889368
9.9982E-05 9.9982E-05 0.286377 0.713423
9.9982E-05 9.9982E-05 0.267643 0.732157
0.00134323 9.9991E-05 0.109716 0.888841
0.00843837 0.0522385 9.9991E-05 0.939223
0.114241 0.110273 9.9991E-05 0.775385
0.0829339 0.0251856 9.9991E-05 0.89178
0.0581424 9.9991E-05 0.00537264 0.936385
0.305847 0.0219521 9.9991E-05 0.6721
0.385281 9.9982E-05 9.9982E-05 0.614519
9.9982E-05 9.9982E-05 0.101047 0.898753
9.9982E-05 9.9982E-05 0.217543 0.782257
9.9982E-05 9.9982E-05 0.238745 0.761055
0.00586877 9.9991E-05 0.153085 0.840946
9.9982E-05 9.9982E-05 0.326137 0.673663
0.0226414 9.9991E-05 0.0111034 0.966155
9.9982E-05 9.9982E-05 0.19619 0.80361
0.0132563 0.0475755 0.0685839 0.870584
9.9991E-05 0.0860488 0.152071 0.76178
9.9982E-05 9.9982E-05 0.163598 0.836202
0.406191 9.9991E-05 0.59194 0.00176927
0.725082 9.9982E-05 0.274718 9.9982E-05
0.586987 0.0425382 0.370374 9.9991E-05
0.74783 9.9991E-05 0.11592 0.13615
0.843849 9.9991E-05 0.0239554 0.132095
0.948602 9.9991E-05 0.00598838 0.0453093
0.709516 9.9991E-05 0.272478 0.0179057
0.563726 9.9982E-05 0.436074 9.9982E-05
0.164843 9.9982E-05 0.834957 9.9982E-05
0.844483 9.9991E-05 0.0537853 0.101631
0.960642 0.0391583 9.99821E-05 9.99821E-05
0.934696 0.0651045 9.9982E-05 9.9982E-05
0.929571 0.0644413 9.9991E-05 0.00588776
