9.99639E-05 0.089039 9.99639E-05 9.99639E-05 0.525672 9.99639E-05 0.222568 0.0626557 0.0996656
0.175322 9.9973E-05 9.9973E-05 0.015832 0.217373 9.9973E-05 0.080539 0.224879 0.285756
0.0339747 0.201215 9.9973E-05 9.9973E-05 0.336189 0.038619 0.272366 0.117337 9.9973E-05
9.9964E-05 0.536163 9.9964E-05 9.9964E-05 0.104845 0.159432 9.9964E-05 0.0338421 0.165318
9.9946E-05 0.170225 9.9946E-05 9.9946E-05 0.216373 9.9946E-05 0.612802 9.9946E-05 9.9946E-05
9.9973E-05 0.449509 9.9973E-05 9.9973E-05 0.374491 0.0321077 0.0723271 0.0014751 0.0697902
0.202181 9.9955E-05 9.9955E-05 0.693825 9.9955E-05 9.9955E-05 9.9955E-05 0.0478899 0.0556037
0.106691 9.9973E-05 0.0131184 0.537575 9.9973E-05 0.19534 0.124603 9.9973E-05 0.0223719
9.9946E-05 0.0432317 9.9946E-05 0.88529 9.9946E-05 9.9946E-05 9.9946E-05 0.0708787 9.9946E-05
0.011883 9.9973E-05 9.9973E-05 0.901752 0.0123704 0.0172408 9.9973E-05 0.0551375 0.00131643
0.0612039 9.99639E-05 9.99639E-05 0.803473 0.00941422 9.99639E-05 9.99639E-05 0.0453213 0.0801874
0.652688 9.99459E-05 9.99459E-05 0.302042 9.99459E-05 9.99459E-05 0.0446702 9.99459E-05 9.99459E-05
0.146498 9.9955E-05 0.184003 0.655618 9.9955E-05 9.9955E-05 0.013381 9.9955E-05 9.9955E-05
9.99461E-05 9.99461E-05 0.064038 0.842877 9.99461E-05 0.0924854 9.99461E-05 9.99461E-05 9.99461E-05
0.0475948 9.9964E-05 0.00808194 0.83919 0.0507005 9.9964E-05 9.9964E-05 0.0540328 9.9964E-05
0.268119 9.99461E-05 9.99461E-05 0.663851 9.99461E-05 9.99461E-05 9.99461E-05 9.99461E-05 0.0674299
0.0400436 9.9955E-05 9.9955E-05 9.9955E-05 9.9955E-05 0.570654 0.347282 9.9955E-05 0.0415208
0.015589 9.9964E-05 9.9964E-05 0.0361676 9.9964E-05 0.535992 0.0184951 0.393357 9.9964E-05
0.0320679 0.117218 0.005757 9.9973E-05 0.363419 0.410671 9.9973E-05 0.0705668 9.9973E-05
9.9946E-05 0.142543 9.9946E-05 9.9946E-05 9.9946E-05 0.671787 0.185071 9.9946E-05 9.9946E-05
9.99549E-05 9.99549E-05 9.99549E-05 0.00898292 9.99549E-05 0.517165 0.229729 0.243623 9.99549E-05
9.9946E-05 0.111526 9.9946E-05 9.9946E-05 9.9946E-05 0.763867 9.9946E-05 0.124007 9.9946E-05
0.11412 9.9964E-05 9.9964E-05 9.9964E-05 0.673928 9.9964E-05 0.16951 0.0372568 0.00478478
9.9946E-05 9.9946E-05 9.9946E-05 9.9946E-05 0.705506 9.9946E-05 0.253706 9.9946E-05 0.0401883
9.99551E-05 0.0858666 0.0174851 9.99551E-05 0.806742 9.99551E-05 0.0894062 9.99551E-05 9.99551E-05
9.9964E-05 0.159534 9.9964E-05 9.9964E-05 0.181486 0.433375 0.0378344 9.9964E-05 0.18737
9.9955E-05 9.9955E-05 0.0905919 9.9955E-05 0.0871814 0.463264 0.358463 9.9955E-05 9.9955E-05
9.9973E-05 0.0822263 0.0337872 0.00898354 0.156377 0.322042 0.396284 9.9973E-05 9.9973E-05
9.9964E-05 9.9964E-05 9.9964E-05 0.073183 9.9964E-05 0.217847 0.347577 0.175708 0.185286
9.9964E-05 9.9964E-05 9.9964E-05 0.109521 9.9964E-05 0.245922 0.302535 0.322424 0.0191993
0.246831 0.246728 9.995E-05 9.995E-05 9.995E-05 0.186029 9.995E-05 0.319913 9.995E-05
0.172276 0.244284 9.99639E-05 9.99639E-05 9.99639E-05 0.267731 0.233546 0.0817635 9.99639E-05
9.9964E-05 0.433412 9.9964E-05 9.9964E-05 9.9964E-05 0.384986 0.0769952 0.0608091 0.0433972
9.9955E-05 9.9955E-05 9.9955E-05 0.00209381 0.920443 0.0749815 0.00198209 9.9955E-05 9.9955E-05
0.145609 9.99459E-05 9.99459E-05 9.99459E-05 0.757815 9.99459E-05 9.99459E-05 0.0959755 9.99459E-05
0.114804 0.0657654 9.9964E-05 9.9964E-05 0.115338 0.513334 0.190358 9.9964E-05 9.9964E-05
0.184518 0.0720566 0.169532 9.9973E-05 0.35246 0.121771 9.9973E-05 0.0993636 9.9973E-05
0.0258385 0.0935295 0.0562795 9.9973E-05 0.542126 0.209643 0.072283 9.9973E-05 9.9973E-05
9.9964E-05 9.9964E-05 0.0596907 9.9964E-05 0.415896 0.292976 9.9964E-05 0.182158 0.0488788
9.9973E-05 0.145996 9.9973E-05 0.00259228 0.329063 0.497459 0.0232296 0.00135991 9.9973E-05
9.99461E-05 0.326417 9.99461E-05 9.99461E-05 9.99461E-05 0.0983741 9.99461E-05 9.99461E-05 0.57461
9.996E-05 0.402404 0.0751968 9.996E-05 9.996E-05 0.188061 0.0301212 9.996E-05 0.303817
9.997E-05 0.506972 0.0759089 9.997E-05 0.133968 0.124019 0.0127343 0.146097 9.997E-05
9.9973E-05 0.20854 0.112464 0.00846787 0.129763 0.0418662 9.9973E-05 9.9973E-05 0.498599
9.9955E-05 0.49222 9.9955E-05 0.0141666 9.9955E-05 0.307945 9.9955E-05 9.9955E-05 0.185168
9.9964E-05 0.475701 9.9964E-05 9.9964E-05 0.169011 0.273443 9.9964E-05 0.0435008 0.0379444
0.0624764 9.9955E-05 0.00235229 9.9955E-05 9.9955E-05 0.691132 9.9955E-05 0.24354 9.9955E-05
0.116055 9.99549E-05 9.99549E-05 9.99549E-05 9.99549E-05 0.241172 9.99549E-05 0.617002 0.0252715
9.9937E-05 9.9937E-05 9.9937E-05 9.9937E-05 9.9937E-05 0.113122 9.9937E-05 0.886178 9.9937E-05
9.9955E-05 9.9955E-05 9.9955E-05 9.9955E-05 0.0983245 0.10125 9.9955E-05 0.714098 0.0858279
9.99459E-05 9.99459E-05 9.99459E-05 0.0293954 9.99459E-05 0.409276 9.99459E-05 0.560729 9.99459E-05
9.995E-05 9.995E-05 9.995E-05 0.120853 0.00966487 0.482225 9.995E-05 9.995E-05 0.386757
9.9964E-05 9.9964E-05 0.0588815 9.9964E-05 0.096598 0.625635 0.0130792 0.205406 9.9964E-05
9.9946E-05 9.9946E-05 9.9946E-05 9.9946E-05 0.0663854 0.565548 9.9946E-05 9.9946E-05 0.367467
9.99459E-05 9.99459E-05 9.99459E-05 9.99459E-05 0.0492356 0.588781 9.99459E-05 9.99459E-05 0.361384
9.99549E-05 0.194237 9.99549E-05 9.99549E-05 0.0322088 0.649252 0.123803 9.99549E-05 9.99549E-05
0.086251 9.9964E-05 0.213271 0.355824 0.302116 9.9964E-05 9.9964E-05 9.9964E-05 0.0421385
9.9955E-05 9.9955E-05 0.282342 0.522299 0.173067 9.9955E-05 0.0217921 9.9955E-05 9.9955E-05
9.9955E-05 9.9955E-05 0.901753 0.00576645 0.039983 9.9955E-05 9.9955E-05 9.9955E-05 0.0519974
0.182532 9.9973E-05 0.501298 0.148943 0.0106754 0.0230055 9.9973E-05 9.9973E-05 0.133247
0.219135 9.9955E-05 0.597584 0.124652 9.9955E-05 9.9955E-05 9.9955E-05 9.9955E-05 0.0581297
0.198763 9.99639E-05 0.639374 9.99639E-05 9.99639E-05 0.03901 9.99639E-05 0.101557 0.0208964
0.783194 9.99369E-05 9.99369E-05 9.99369E-05 9.99369E-05 9.99369E-05 9.99369E-05 0.216106 9.99369E-05
0.849276 0.0487127 0.00645111 9.9964E-05 9.9964E-05 0.0857251 0.00943501 9.9964E-05 9.9964E-05
0.365497 0.0934503 0.00420354 0.536349 9.99549E-05 9.99549E-05 9.99549E-05 9.99549E-05 9.99549E-05
0.0271481 9.9955E-05 0.108054 0.793083 0.0712156 9.9955E-05 9.9955E-05 9.9955E-05 9.9955E-05
0.224812 0.0312392 0.194506 0.397599 0.105827 0.0457176 9.9973E-05 9.9973E-05 9.9973E-05
9.99462E-05 9.99462E-05 0.468375 0.393899 0.137126 9.99462E-05 9.99462E-05 9.99462E-05 9.99462E-05
0.439533 9.9964E-05 0.123128 0.311738 0.100723 9.9964E-05 9.9964E-05 9.9964E-05 0.0244777
0.400514 9.9964E-05 0.298241 0.209669 0.0502449 0.0409308 9.9964E-05 9.9964E-05 9.9964E-05
0.716878 0.0299978 0.0327896 0.118037 0.101898 9.9964E-05 9.9964E-05 9.9964E-05 9.9964E-05
0.306248 9.9955E-05 0.401656 0.175786 0.115809 9.9955E-05 9.9955E-05 9.9955E-05 9.9955E-05
0.916443 9.9946E-05 0.0500416 9.9946E-05 9.9946E-05 9.9946E-05 0.0329152 9.9946E-05 9.9946E-05
0.183887 9.9964E-05 0.636838 0.0576494 9.9964E-05 0.111656 0.00957017 9.9964E-05 9.9964E-05
0.0277233 9.9955E-05 0.619211 0.152366 9.9955E-05 0.2002 9.9955E-05 9.9955E-05 9.9955E-05
0.251708 9.9955E-05 0.652452 9.9955E-05 9.9955E-05 0.0278679 9.9955E-05 0.0674725 9.9955E-05
0.381813 0.0853729 0.532215 9.9946E-05 9.9946E-05 9.9946E-05 9.9946E-05 9.9946E-05 9.9946E-05
9.9937E-05 0.0434562 0.955844 9.9937E-05 9.9937E-05 9.9937E-05 9.9937E-05 9.9937E-05 9.9937E-05
0.0318615 9.9964E-05 0.56986 0.29819 0.0865804 9.9964E-05 9.9964E-05 9.9964E-05 0.0131083
0.656892 9.9964E-05 0.140222 0.108337 9.9964E-05 0.0118927 9.9964E-05 0.0822558 9.9964E-05
9.9955E-05 0.022561 0.710926 0.123541 9.9955E-05 9.9955E-05 9.9955E-05 0.142472 9.9955E-05
9.99641E-05 9.99641E-05 0.0108769 9.99641E-05 0.0977236 0.0794908 0.808424 0.00308541 9.99641E-05
9.996E-05 0.012912 0.0586476 9.996E-05 9.996E-05 0.0693912 0.0619686 9.996E-05 0.796681
9.9946E-05 9.9946E-05 0.0916473 9.9946E-05 9.9946E-05 9.9946E-05 0.153492 9.9946E-05 0.754261
9.9964E-05 0.0565453 9.9964E-05 0.0484103 0.0531204 9.9964E-05 0.704363 0.137161 9.9964E-05
9.9946E-05 9.9946E-05 9.9946E-05 0.0375669 9.9946E-05 9.9946E-05 0.619647 0.342186 9.9946E-05
9.99371E-05 9.99371E-05 9.99371E-05 9.99371E-05 9.99371E-05 9.99371E-05 9.99371E-05 0.918191 0.0811093
0.0419052 0.553677 9.99641E-05 0.0111241 9.99641E-05 9.99641E-05 9.99641E-05 0.197338 0.195556
9.9964E-05 0.399684 9.9964E-05 0.0878499 0.0493341 9.9964E-05 9.9964E-05 0.176381 0.286351
0.0268794 0.500134 9.9964E-05 9.9964E-05 9.9964E-05 9.9964E-05 0.351273 0.104929 0.016385
9.99549E-05 0.219961 9.99549E-05 9.99549E-05 9.99549E-05 9.99549E-05 0.265859 0.276241 0.237439
0.0224597 0.812728 0.0175479 9.9955E-05 9.9955E-05 9.9955E-05 0.146765 9.9955E-05 9.9955E-05
9.9955E-05 0.919327 9.9955E-05 9.9955E-05 0.000416369 0.0639786 0.0157786 9.9955E-05 9.9955E-05
9.99549E-05 0.448148 9.99549E-05 0.0188299 0.16345 9.99549E-05 0.369073 9.99549E-05 9.99549E-05
9.9964E-05 0.673811 9.9964E-05 9.9964E-05 0.102229 0.00675181 0.134409 0.0823986 9.9964E-05
9.99459E-05 0.571586 9.99459E-05 0.00359964 9.99459E-05 9.99459E-05 9.99459E-05 0.424214 9.99459E-05
9.99549E-05 0.646864 9.99549E-05 9.99549E-05 0.119937 9.99549E-05 0.0790588 0.15364 9.99549E-05
9.9955E-05 0.646612 0.0195846 0.03345 9.9955E-05 9.9955E-05 0.299854 9.9955E-05 9.9955E-05
0.0323062 0.627795 0.03273 9.996E-05 0.0446978 9.996E-05 0.262071 9.996E-05 9.996E-05
9.9964E-05 0.520614 9.9964E-05 0.00902053 0.100979 9.9964E-05 0.213885 9.9964E-05 0.155101
9.99549E-05 9.99549E-05 9.99549E-05 9.99549E-05 0.068303 9.99549E-05 0.39404 0.267624 0.269533
9.9964E-05 9.9964E-05 9.9964E-05 9.9964E-05 0.0552512 0.00224699 0.587097 0.0762219 0.278783
9.9955E-05 9.9955E-05 9.9955E-05 9.9955E-05 0.0789513 9.9955E-05 0.420849 0.0300171 0.469683
9.9937E-05 9.9937E-05 9.9937E-05 9.9937E-05 9.9937E-05 9.9937E-05 0.430649 9.9937E-05 0.568652
0.0108132 0.00202026 9.9955E-05 9.9955E-05 9.9955E-05 9.9955E-05 0.727702 0.258965 9.9955E-05
9.99461E-05 9.99461E-05 9.99461E-05 9.99461E-05 0.0670132 0.0703454 0.862042 9.99461E-05 9.99461E-05
9.9955E-05 9.9955E-05 9.9955E-05 9.9955E-05 0.22411 0.0407495 0.666849 0.067791 9.9955E-05
0.000397702 9.9964E-05 9.9964E-05 0.00184592 9.9964E-05 0.0412641 0.945748 0.0103444 9.9964E-05
9.9964E-05 0.0173371 0.00373701 9.9964E-05 0.0727661 9.9964E-05 0.821517 0.0842432 9.9964E-05
9.9964E-05 0.137678 9.9964E-05 9.9964E-05 0.0407065 0.00216956 0.766992 9.9964E-05 0.052054
9.9937E-05 9.9937E-05 9.9937E-05 9.9937E-05 0.149491 9.9937E-05 0.84981 9.9937E-05 9.9937E-05
9.9946E-05 9.9946E-05 9.9946E-05 9.9946E-05 0.070127 9.9946E-05 0.843083 9.9946E-05 0.0861908
9.9973E-05 0.161221 9.9973E-05 9.9973E-05 0.0883558 0.0108087 0.362856 0.135304 0.241155
9.9964E-05 0.104719 0.0225437 9.9964E-05 9.9964E-05 0.133192 0.43743 9.9964E-05 0.301716
9.9964E-05 0.104027 9.9964E-05 9.9964E-05 0.104084 9.9964E-05 0.524788 0.129945 0.136756
9.99551E-05 0.106055 9.99551E-05 9.99551E-05 0.117883 9.99551E-05 0.695638 0.0799246 9.99551E-05
9.99641E-05 0.0200264 9.99641E-05 0.00561201 9.99641E-05 9.99641E-05 0.822498 0.0923946 0.059069
9.9955E-05 9.9955E-05 9.9955E-05 9.9955E-05 0.0754012 9.9955E-05 0.785519 0.0582455 0.0803341
9.99549E-05 0.132198 9.99549E-05 9.99549E-05 9.99549E-05 9.99549E-05 0.628833 0.13955 0.0989194
9.9946E-05 9.9946E-05 9.9946E-05 9.9946E-05 0.160562 9.9946E-05 0.207554 9.9946E-05 0.631284
0.00116331 0.116274 9.9973E-05 9.9973E-05 0.00359046 9.9973E-05 0.174542 0.0168188 0.687312
9.9964E-05 9.9964E-05 0.00980816 9.9964E-05 0.00887831 9.9964E-05 0.536362 0.0585423 0.38601
9.9946E-05 0.133284 9.9946E-05 9.9946E-05 9.9946E-05 9.9946E-05 0.788363 9.9946E-05 0.0777532
0.00831447 0.113877 0.0655888 9.9973E-05 9.9973E-05 0.0503656 0.718767 9.9973E-05 0.0427868
9.9955E-05 0.137212 9.9955E-05 9.9955E-05 0.122513 9.9955E-05 0.600731 9.9955E-05 0.139043
0.0137942 0.032968 9.9964E-05 9.9964E-05 9.9964E-05 0.0471682 0.825639 9.9964E-05 0.0800306
9.9955E-05 9.9955E-05 0.0938039 0.119239 0.176351 9.9955E-05 0.610107 9.9955E-05 9.9955E-05
0.108766 9.9946E-05 0.286512 9.9946E-05 9.9946E-05 9.9946E-05 0.604122 9.9946E-05 9.9946E-05
9.9946E-05 9.9946E-05 9.9946E-05 9.9946E-05 9.9946E-05 9.9946E-05 0.742855 0.0767197 0.179826
9.99459E-05 9.99459E-05 9.99459E-05 9.99459E-05 9.99459E-05 9.99459E-05 0.275282 0.105778 0.61834
0.0506117 0.0221387 9.9973E-05 9.9973E-05 0.0904699 9.9973E-05 0.448405 0.00112655 0.386948
9.9946E-05 9.9946E-05 9.9946E-05 9.9946E-05 0.119646 9.9946E-05 0.332029 9.9946E-05 0.547725
9.9955E-05 9.9955E-05 9.9955E-05 9.9955E-05 9.9955E-05 0.0430219 0.0335788 0.0826095 0.84029
9.9946E-05 9.9946E-05 9.9946E-05 9.9946E-05 9.9946E-05 9.9946E-05 0.83268 0.124543 0.0421764
9.9964E-05 0.05693 9.9964E-05 9.9964E-05 0.0636818 9.9964E-05 0.286153 0.00155786 0.591278
9.99549E-05 0.0661711 9.99549E-05 9.99549E-05 9.99549E-05 0.0226669 0.583179 9.99549E-05 0.327483
9.99639E-05 0.0606006 9.99639E-05 9.99639E-05 0.0243455 9.99639E-05 0.445007 0.168277 0.30137
0.0540677 9.9955E-05 9.9955E-05 9.9955E-05 9.9955E-05 9.9955E-05 0.538506 0.00804475 0.398882
0.709577 9.9955E-05 0.0975334 9.9955E-05 9.9955E-05 9.9955E-05 9.9955E-05 0.0412527 0.151137
0.461407 0.000518428 0.420355 0.0931076 0.00641441 9.9982E-05 9.9982E-05 0.0032088 0.0147884
0.261682 9.99639E-05 0.277977 0.276719 9.99639E-05 9.99639E-05 9.99639E-05 0.160475 0.0227464
0.00452283 9.99639E-05 0.639601 0.12996 9.99639E-05 9.99639E-05 9.99639E-05 0.148938 0.0765777
9.9964E-05 0.0248396 0.685946 0.168561 9.9964E-05 9.9964E-05 9.9964E-05 0.0645342 0.055719
0.120174 9.9964E-05 0.759826 0.0982744 9.9964E-05 9.9964E-05 0.0208317 0.000494006 9.9964E-05
0.408348 9.9955E-05 0.336615 0.174293 9.9955E-05 9.9955E-05 9.9955E-05 9.9955E-05 0.0802435
0.639548 0.0449003 0.100424 0.214628 9.9955E-05 9.9955E-05 9.9955E-05 9.9955E-05 9.9955E-05
0.756191 9.99462E-05 9.99462E-05 9.99462E-05 9.99462E-05 9.99462E-05 9.99462E-05 0.239466 0.00374406
0.137989 9.9964E-05 0.658887 0.0943728 9.9964E-05 9.9964E-05 0.0926373 0.0157141 9.9964E-05
9.99462E-05 9.99462E-05 0.889338 0.0562995 9.99462E-05 0.0537626 9.99462E-05 9.99462E-05 9.99462E-05
9.99461E-05 9.99461E-05 0.950729 9.99461E-05 0.0367757 9.99461E-05 9.99461E-05 9.99461E-05 0.0118953
9.99551E-05 0.0454035 0.857413 0.0549941 9.99551E-05 0.0416895 9.99551E-05 9.99551E-05 9.99551E-05
