0.204087 9.99459E-05 9.99459E-05 0.22732 0.0107043 9.99459E-05 0.557289 9.99459E-05 9.99459E-05 9.99459E-05
9.9964E-05 0.0225983 0.166884 0.0916637 0.338568 9.9964E-05 0.258388 9.9964E-05 9.9964E-05 0.121499
9.996E-05 9.996E-05 9.996E-05 0.360869 0.180861 0.0211977 0.321409 0.0608373 0.0544264 9.996E-05
0.0953932 9.9964E-05 9.9964E-05 0.0822531 0.133301 0.0473394 0.265832 0.375482 9.9964E-05 9.9964E-05
9.9937E-05 9.9937E-05 9.9937E-05 0.653607 9.9937E-05 9.9937E-05 0.162364 0.18333 9.9937E-05 9.9937E-05
0.0691407 9.9964E-05 9.9964E-05 0.224686 0.0567607 9.9964E-05 0.370905 0.224443 0.0536643 9.9964E-05
9.9946E-05 0.737249 0.00367109 9.9946E-05 0.114536 9.9946E-05 9.9946E-05 9.9946E-05 9.9946E-05 0.143944
0.00514403 0.539318 0.140043 9.9955E-05 9.9955E-05 9.9955E-05 9.9955E-05 9.9955E-05 0.179582 0.135413
9.9946E-05 0.906395 9.9946E-05 9.9946E-05 0.0519967 9.9946E-05 0.010628 0.0303802 9.9946E-05 9.9946E-05
0.0359447 0.877205 9.9937E-05 9.9937E-05 9.9937E-05 9.9937E-05 9.9937E-05 9.9937E-05 0.0861511 9.9937E-05
9.99549E-05 0.783 0.0376927 9.99549E-05 0.0878704 9.99549E-05 0.00901992 9.99549E-05 9.99549E-05 0.0819173
9.99369E-05 0.267645 9.99369E-05 0.0944514 9.99369E-05 9.99369E-05 9.99369E-05 9.99369E-05 9.99369E-05 0.637204
9.99461E-05 0.705296 9.99461E-05 9.99461E-05 9.99461E-05 0.178682 9.99461E-05 0.00334525 9.99461E-05 0.112077
9.9937E-05 0.834506 9.9937E-05 9.9937E-05 9.9937E-05 0.100972 9.9937E-05 9.9937E-05 0.0638226 9.9937E-05
9.9982E-05 0.815142 0.0198733 0.00420939 0.102023 0.00641886 9.9982E-05 0.000750936 0.023385 0.0279975
9.99371E-05 0.598244 0.101617 9.99371E-05 9.99371E-05 9.99371E-05 9.99371E-05 9.99371E-05 9.99371E-05 0.29944
9.994E-05 9.994E-05 0.118739 0.318928 9.994E-05 9.994E-05 9.994E-05 9.994E-05 0.561369 0.000364466
9.9955E-05 0.0421459 9.9955E-05 0.0879082 0.353473 0.0105133 9.9955E-05 9.9955E-05 0.50546 9.9955E-05
9.997E-05 9.997E-05 0.00748003 9.997E-05 0.068337 0.0312596 0.343252 0.155222 0.385999 0.00814963
9.9946E-05 9.9946E-05 9.9946E-05 0.133721 9.9946E-05 9.9946E-05 0.00188446 0.178862 0.684932 9.9946E-05
0.290606 0.0459804 9.99549E-05 9.99549E-05 0.118528 9.99549E-05 9.99549E-05 0.0751545 0.469231 9.99549E-05
0.107039 0.00687718 9.9955E-05 9.9955E-05 0.0681301 9.9955E-05 9.9955E-05 0.0477907 0.769663 9.9955E-05
0.285841 9.9946E-05 9.9946E-05 0.0407085 9.9946E-05 9.9946E-05 0.450809 9.9946E-05 9.9946E-05 0.222042
9.9946E-05 9.9946E-05 0.0670935 0.280257 9.9946E-05 0.0242531 0.627797 9.9946E-05 9.9946E-05 9.9946E-05
9.99371E-05 9.99371E-05 9.99371E-05 0.181573 9.99371E-05 9.99371E-05 0.632002 9.99371E-05 0.185726 9.99371E-05
0.250299 9.9955E-05 0.0188915 9.9955E-05 9.9955E-05 9.9955E-05 0.283072 0.100083 0.347154 9.9955E-05
9.9937E-05 9.9937E-05 9.9937E-05 0.378456 9.9937E-05 0.0336361 9.9937E-05 9.9937E-05 0.587208 9.9937E-05
0.0651605 0.0197692 9.9964E-05 0.271191 9.9964E-05 9.9964E-05 0.138642 0.187919 0.316918 9.9964E-05
0.594188 0.0276875 0.10233 0.0583669 0.0208285 9.9973E-05 9.9973E-05 9.9973E-05 0.171841 0.0244584
0.627413 0.113144 9.99551E-05 9.99551E-05 0.0675814 9.99551E-05 9.99551E-05 9.99551E-05 0.145622 0.0457397
9.9946E-05 9.9946E-05 9.9946E-05 9.9946E-05 0.408574 9.9946E-05 9.9946E-05 0.179631 0.248338 0.162857
9.99549E-05 9.99549E-05 9.99549E-05 0.264627 0.160915 9.99549E-05 9.99549E-05 0.210976 0.258171 0.104812
0.0328983 9.9955E-05 9.9955E-05 0.137328 0.0998553 9.9955E-05 9.9955E-05 0.344725 0.384693 9.9955E-05
9.99549E-05 0.0145042 9.99549E-05 0.015294 9.99549E-05 0.00165787 0.959718 9.99549E-05 0.00832662 9.99549E-05
9.99369E-05 9.99369E-05 9.99369E-05 9.99369E-05 0.128962 9.99369E-05 0.735587 9.99369E-05 9.99369E-05 0.134752
0.185534 9.996E-05 9.996E-05 0.0707741 9.996E-05 9.996E-05 0.197736 0.084473 0.363528 0.0975552
9.99639E-05 9.99639E-05 9.99639E-05 0.000128948 0.169106 0.211077 0.381768 9.99639E-05 0.079448 0.158073
9.9955E-05 9.9955E-05 9.9955E-05 0.136664 9.9955E-05 0.0761775 0.520364 9.9955E-05 0.221815 0.0444784
0.260174 9.9955E-05 9.9955E-05 9.9955E-05 0.0718589 0.0832113 0.521548 9.9955E-05 0.0627078 9.9955E-05
0.0956271 9.9946E-05 9.9946E-05 9.9946E-05 9.9946E-05 9.9946E-05 0.202736 0.163959 0.537078 9.9946E-05
0.120947 9.9964E-05 0.220357 9.9964E-05 0.121656 9.9964E-05 0.296379 0.23009 0.0101705 9.9964E-05
0.126755 9.9973E-05 0.0867089 9.9973E-05 0.0528028 0.0750953 0.185613 0.422245 0.0504799 9.9973E-05
9.9955E-05 9.9955E-05 9.9955E-05 9.9955E-05 0.182874 0.132849 0.202374 0.46739 0.0140131 9.9955E-05
9.995E-05 0.0129502 0.486083 9.995E-05 9.995E-05 0.112311 0.154775 0.233382 9.995E-05 9.995E-05
0.24685 9.99461E-05 9.99461E-05 9.99461E-05 9.99461E-05 9.99461E-05 0.267383 0.346964 0.138203 9.99461E-05
0.0291205 9.9955E-05 9.9955E-05 9.9955E-05 0.114351 9.9955E-05 0.332816 0.316572 0.206642 9.9955E-05
9.9937E-05 9.9937E-05 9.9937E-05 9.9937E-05 0.255147 9.9937E-05 9.9937E-05 9.9937E-05 0.666491 0.0776624
9.99459E-05 9.99459E-05 0.0544557 9.99459E-05 0.536506 9.99459E-05 9.99459E-05 9.99459E-05 0.325407 0.0830314
9.9928E-05 9.9928E-05 9.9928E-05 9.9928E-05 0.813937 9.9928E-05 9.9928E-05 9.9928E-05 0.185264 9.9928E-05
0.350953 9.99369E-05 9.99369E-05 9.99369E-05 0.510304 9.99369E-05 9.99369E-05 9.99369E-05 0.138043 9.99369E-05
9.99459E-05 0.0521356 9.99459E-05 9.99459E-05 0.485909 0.00625816 9.99459E-05 9.99459E-05 0.455098 9.99459E-05
0.0600178 0.109541 0.30272 9.9955E-05 9.9955E-05 9.9955E-05 0.0800577 9.9955E-05 0.447164 9.9955E-05
0.251844 9.9955E-05 9.9955E-05 9.9955E-05 0.0551176 0.0113024 0.00408712 9.9955E-05 0.677149 9.9955E-05
9.9937E-05 9.9937E-05 0.346576 9.9937E-05 9.9937E-05 9.9937E-05 0.101715 9.9937E-05 0.551009 9.9937E-05
9.99369E-05 9.99369E-05 0.313737 9.99369E-05 9.99369E-05 9.99369E-05 0.107743 9.99369E-05 0.577821 9.99369E-05
9.9946E-05 9.9946E-05 9.9946E-05 0.100225 9.9946E-05 9.9946E-05 0.0752603 0.227038 0.596878 9.9946E-05
0.0888884 0.328694 9.9955E-05 9.9955E-05 9.9955E-05 0.176473 0.247554 9.9955E-05 9.9955E-05 0.157891
0.0270909 0.501407 9.9955E-05 0.0261241 9.9955E-05 0.245459 0.19942 9.9955E-05 9.9955E-05 9.9955E-05
9.9946E-05 0.0220465 0.0508587 9.9946E-05 9.9946E-05 0.881286 0.0452089 9.9946E-05 9.9946E-05 9.9946E-05
0.0658997 0.115646 0.0708097 9.9973E-05 9.9973E-05 0.454079 0.0207858 9.9973E-05 0.0454072 0.227072
9.9946E-05 0.0988503 0.0923069 9.9946E-05 9.9946E-05 0.567883 9.9946E-05 9.9946E-05 9.9946E-05 0.24036
0.0605556 9.99549E-05 9.99549E-05 9.99549E-05 0.0478295 0.607678 9.99549E-05 9.99549E-05 0.0568343 0.226602
9.99279E-05 9.99279E-05 9.99279E-05 9.99279E-05 0.249884 9.99279E-05 9.99279E-05 9.99279E-05 9.99279E-05 0.749317
9.9955E-05 9.9955E-05 9.9955E-05 0.102961 9.9955E-05 0.0159781 9.9955E-05 0.00166413 0.0272297 0.851667
9.99369E-05 0.53995 9.99369E-05 9.99369E-05 9.99369E-05 9.99369E-05 9.99369E-05 0.0790126 9.99369E-05 0.380338
9.9946E-05 0.795958 9.9946E-05 9.9946E-05 9.9946E-05 0.114299 0.0448648 9.9946E-05 9.9946E-05 0.0442782
9.9964E-05 0.439537 9.9964E-05 9.9964E-05 9.9964E-05 0.111303 0.102591 0.0348989 0.089922 0.221348
9.99371E-05 0.352246 9.99371E-05 9.99371E-05 9.99371E-05 0.486241 0.160813 9.99371E-05 9.99371E-05 9.99371E-05
9.9955E-05 0.145101 9.9955E-05 9.9955E-05 0.0489579 0.148282 0.179227 9.9955E-05 9.9955E-05 0.477932
9.9946E-05 0.135206 9.9946E-05 9.9946E-05 9.9946E-05 0.348816 0.0494857 9.9946E-05 9.9946E-05 0.465893
9.995E-05 0.119603 9.995E-05 0.0740297 9.995E-05 9.995E-05 0.128008 0.021096 9.995E-05 0.656763
0.0981108 9.9946E-05 9.9946E-05 9.9946E-05 9.9946E-05 0.40072 0.0705081 9.9946E-05 9.9946E-05 0.430062
9.9955E-05 0.0249966 9.9955E-05 0.065037 9.9955E-05 0.0169098 0.000242044 9.9955E-05 9.9955E-05 0.892315
9.9946E-05 9.9946E-05 9.9946E-05 0.0259573 9.9946E-05 0.618448 9.9946E-05 9.9946E-05 0.111069 0.243926
9.996E-05 0.108458 9.996E-05 0.0089521 9.996E-05 0.651628 0.0493114 9.996E-05 0.0933512 0.0878995
0.086559 9.9946E-05 9.9946E-05 9.9946E-05 0.00424796 0.696346 9.9946E-05 9.9946E-05 9.9946E-05 0.212247
9.99369E-05 9.99369E-05 9.99369E-05 9.99369E-05 9.99369E-05 0.467681 9.99369E-05 0.0936378 9.99369E-05 0.437982
9.9937E-05 9.9937E-05 9.9937E-05 0.0373136 9.9937E-05 0.953099 9.9937E-05 0.00888758 9.9937E-05 9.9937E-05
9.9955E-05 0.268136 0.0081258 9.9955E-05 9.9955E-05 0.592939 0.00744724 9.9955E-05 9.9955E-05 0.122853
0.0724788 9.9946E-05 9.9946E-05 9.9946E-05 9.9946E-05 0.134584 9.9946E-05 9.9946E-05 0.0351914 0.757146
0.115835 9.9955E-05 9.9955E-05 9.9955E-05 0.10757 0.716812 0.0243913 9.9955E-05 9.9955E-05 0.0348925
0.129061 9.99462E-05 9.99462E-05 0.793749 0.00899674 9.99462E-05 9.99462E-05 9.99462E-05 0.0675938 9.99462E-05
0.0365062 9.9946E-05 0.852729 9.9946E-05 9.9946E-05 0.0392932 9.9946E-05 9.9946E-05 0.0708717 9.9946E-05
9.994E-05 9.994E-05 0.83371 0.0804994 9.994E-05 0.0619211 9.994E-05 9.994E-05 0.0232704 9.994E-05
0.0419391 0.0717876 9.9955E-05 0.727425 0.106342 9.9955E-05 9.9955E-05 0.0520066 9.9955E-05 9.9955E-05
0.880947 0.0334977 9.9955E-05 0.0461749 0.00832831 9.9955E-05 9.9955E-05 0.0305523 9.9955E-05 9.9955E-05
9.99201E-05 9.99201E-05 9.99201E-05 9.99201E-05 0.999101 9.99201E-05 9.99201E-05 9.99201E-05 9.99201E-05 9.99201E-05
9.99551E-05 0.00883635 0.0878436 9.99551E-05 0.30786 9.99551E-05 9.99551E-05 0.536927 9.99551E-05 0.0580335
0.146372 0.0363987 0.0370469 9.996E-05 0.249469 9.996E-05 0.08065 0.449664 9.996E-05 9.996E-05
0.0493993 9.9955E-05 0.0624434 0.183993 0.0962794 9.9955E-05 9.9955E-05 0.607385 9.9955E-05 9.9955E-05
0.0423021 9.99549E-05 0.218098 0.133116 0.286599 9.99549E-05 9.99549E-05 0.319385 9.99549E-05 9.99549E-05
9.9937E-05 9.9937E-05 0.104684 9.9937E-05 9.9937E-05 0.0150011 9.9937E-05 0.879615 9.9937E-05 9.9937E-05
9.9937E-05 9.9937E-05 9.9937E-05 9.9937E-05 9.9937E-05 0.0106563 9.9937E-05 0.943231 0.0454127 9.9937E-05
0.132887 0.0130887 9.99549E-05 0.218902 9.99549E-05 9.99549E-05 0.163119 0.471503 9.99549E-05 9.99549E-05
0.0862977 9.9982E-05 0.0938608 0.0214776 0.0468104 9.9982E-05 0.0152179 0.685735 0.0243624 0.0260379
0.0497768 0.0272127 9.99549E-05 9.99549E-05 0.400981 9.99549E-05 9.99549E-05 0.507408 0.0141212 9.99549E-05
0.171756 0.00266083 9.9964E-05 9.9964E-05 0.0893797 9.9964E-05 0.0746099 0.628891 0.0323018 9.9964E-05
0.103948 0.0215311 9.9946E-05 0.0588901 9.9946E-05 9.9946E-05 9.9946E-05 0.815032 9.9946E-05 9.9946E-05
9.9955E-05 9.9955E-05 9.9955E-05 0.197727 9.9955E-05 9.9955E-05 0.0240033 0.711019 0.0282644 0.0384872
0.152152 0.00401595 0.160875 0.00981223 9.99639E-05 9.99639E-05 0.126519 0.546227 9.99639E-05 9.99639E-05
0.759416 9.99639E-05 0.111456 9.99639E-05 0.00603823 9.99639E-05 0.0548228 0.0546688 0.0131985 9.99639E-05
0.403059 9.9946E-05 0.170782 0.36039 9.9946E-05 9.9946E-05 0.0651691 9.9946E-05 9.9946E-05 9.9946E-05
0.496379 9.9946E-05 0.30484 0.113866 9.9946E-05 9.9946E-05 0.0843154 9.9946E-05 9.9946E-05 9.9946E-05
0.240898 9.9946E-05 0.581901 0.0986661 9.9946E-05 9.9946E-05 9.9946E-05 0.0779358 9.9946E-05 9.9946E-05
0.130169 0.0312952 9.99459E-05 0.609241 0.228695 9.99459E-05 9.99459E-05 9.99459E-05 9.99459E-05 9.99459E-05
0.386915 9.9946E-05 9.9946E-05 0.561564 9.9946E-05 9.9946E-05 0.0471117 9.9946E-05 0.00380942 9.9946E-05
0.465022 9.9946E-05 9.9946E-05 0.363 9.9946E-05 9.9946E-05 0.0808356 9.9946E-05 0.0905435 9.9946E-05
0.430354 9.9937E-05 9.9937E-05 0.558288 9.9937E-05 9.9937E-05 9.9937E-05 9.9937E-05 9.9937E-05 0.0106583
0.11611 0.000108959 9.9955E-05 0.777988 0.0783552 0.0269381 9.9955E-05 9.9955E-05 9.9955E-05 9.9955E-05
0.0933105 9.99459E-05 0.0610374 0.70665 9.99459E-05 9.99459E-05 9.99459E-05 0.138403 9.99459E-05 9.99459E-05
0.0880079 9.9955E-05 0.0081591 0.775394 9.9955E-05 0.00844704 0.119492 9.9955E-05 9.9955E-05 9.9955E-05
0.0713749 9.9946E-05 0.101267 0.823166 9.9946E-05 9.9946E-05 0.00359195 9.9946E-05 9.9946E-05 9.9946E-05
0.384097 9.99549E-05 9.99549E-05 0.365189 0.116011 9.99549E-05 0.133001 0.001201 9.99549E-05 9.99549E-05
0.17784 9.9964E-05 0.376245 0.124491 9.9964E-05 0.00752294 9.9964E-05 0.124215 0.189286 9.9964E-05
9.9937E-05 9.9937E-05 9.9937E-05 0.743456 0.175055 9.9937E-05 0.0807895 9.9937E-05 9.9937E-05 9.9937E-05
0.114686 9.99551E-05 0.0768237 0.596936 0.0581431 9.99551E-05 9.99551E-05 0.152911 9.99551E-05 9.99551E-05
0.443197 9.99461E-05 9.99461E-05 0.435081 0.000495804 9.99461E-05 9.99461E-05 0.120627 9.99461E-05 9.99461E-05
0.23983 9.9946E-05 0.105132 0.652069 9.9946E-05 9.9946E-05 9.9946E-05 9.9946E-05 9.9946E-05 0.00236961
0.242692 9.99549E-05 0.0926944 0.387112 0.0454362 9.99549E-05 9.99549E-05 0.231566 9.99549E-05 9.99549E-05
9.9946E-05 9.9946E-05 0.699909 0.132254 0.0155235 9.9946E-05 0.151715 9.9946E-05 9.9946E-05 9.9946E-05
9.9946E-05 9.9946E-05 0.572805 0.308898 0.112748 9.9946E-05 0.00494945 9.9946E-05 9.9946E-05 9.9946E-05
9.99461E-05 9.99461E-05 0.362795 0.57449 0.0597378 9.99461E-05 9.99461E-05 9.99461E-05 9.99461E-05 0.00237779
9.99371E-05 9.99371E-05 0.0752706 0.89983 9.99371E-05 9.99371E-05 9.99371E-05 0.0242002 9.99371E-05 9.99371E-05
0.0951269 0.0875204 0.0518234 0.650129 9.997E-05 9.997E-05 0.0106751 0.0825408 0.021885 9.997E-05
0.000589744 9.997E-05 0.108856 0.699357 0.0183877 0.00389734 0.0944324 0.0741802 9.997E-05 9.997E-05
0.191801 9.9946E-05 0.114066 0.68431 9.9946E-05 9.9946E-05 9.9946E-05 9.9946E-05 9.9946E-05 0.00922363
9.9946E-05 0.225515 9.9946E-05 0.650165 9.9946E-05 0.0441939 0.0795258 9.9946E-05 9.9946E-05 9.9946E-05
0.132936 9.995E-05 0.0089764 0.482135 9.995E-05 0.252214 9.995E-05 9.995E-05 9.995E-05 0.123239
0.24118 9.9964E-05 0.21587 0.446107 0.0878944 9.9964E-05 9.9964E-05 0.00589921 9.9964E-05 0.00264977
0.306575 9.99549E-05 0.599111 0.0371873 0.0401048 9.99549E-05 9.99549E-05 0.016522 9.99549E-05 9.99549E-05
0.192161 9.9973E-05 0.338543 0.224479 0.00688882 9.9973E-05 0.127797 0.0491906 9.9973E-05 0.0606401
0.326923 9.9955E-05 0.404358 0.128917 9.9955E-05 9.9955E-05 0.127997 0.0113052 9.9955E-05 9.9955E-05
0.39757 9.9946E-05 0.563231 9.9946E-05 0.00687432 9.9946E-05 0.0317248 9.9946E-05 9.9946E-05 9.9946E-05
0.540199 9.9946E-05 0.0635047 0.354445 9.9946E-05 9.9946E-05 9.9946E-05 0.0412515 9.9946E-05 9.9946E-05
0.465674 9.9946E-05 0.4145 9.9946E-05 9.9946E-05 9.9946E-05 0.0226517 0.0965747 9.9946E-05 9.9946E-05
0.207292 0.0131306 0.193674 0.496517 9.9955E-05 9.9955E-05 9.9955E-05 0.0888861 9.9955E-05 9.9955E-05
0.0743014 9.99549E-05 0.129989 0.524864 0.212814 9.99549E-05 0.0575326 9.99549E-05 9.99549E-05 9.99549E-05
0.438704 9.994E-05 0.373754 0.147693 9.994E-05 9.994E-05 9.994E-05 9.994E-05 9.994E-05 0.0392491
9.9946E-05 9.9946E-05 0.171676 9.9946E-05 0.0656256 0.0362808 9.9946E-05 9.9946E-05 9.9946E-05 0.725818
9.9955E-05 0.192748 9.9955E-05 0.0408878 0.0149533 0.33202 9.9955E-05 9.9955E-05 9.9955E-05 0.418891
0.051683 0.261605 9.9973E-05 9.9973E-05 0.0404032 0.192115 9.9973E-05 0.0277893 0.0191814 0.406923
0.0511892 0.0858463 0.0463297 9.99729E-05 0.0998568 0.654871 9.99729E-05 0.019068 9.99729E-05 0.0425389
9.9964E-05 0.174202 0.0355397 0.017697 0.101847 0.669441 9.9964E-05 0.000873138 9.9964E-05 9.9964E-05
9.9946E-05 0.121895 9.9946E-05 0.0274187 9.9946E-05 0.755203 9.9946E-05 9.9946E-05 9.9946E-05 0.0948838
9.9946E-05 0.230656 0.105079 9.9946E-05 9.9946E-05 0.296304 9.9946E-05 9.9946E-05 9.9946E-05 0.367361
9.9964E-05 0.279337 9.9964E-05 9.9964E-05 0.0287589 0.0482486 0.0041095 0.0447639 9.9964E-05 0.594383
9.99282E-05 9.99282E-05 9.99282E-05 9.99282E-05 0.289335 9.99282E-05 9.99282E-05 9.99282E-05 9.99282E-05 0.709865
9.99549E-05 0.147562 0.0322914 0.0899945 9.99549E-05 0.562448 9.99549E-05 9.99549E-05 9.99549E-05 0.167204
9.99462E-05 0.0438281 9.99462E-05 9.99462E-05 9.99462E-05 0.916372 0.0158299 9.99462E-05 0.0233704 9.99462E-05
9.99461E-05 9.99461E-05 0.019079 9.99461E-05 9.99461E-05 0.946083 0.0234028 9.99461E-05 0.0108354 9.99461E-05
9.99461E-05 0.114809 9.99461E-05 9.99461E-05 9.99461E-05 0.842908 9.99461E-05 0.040552 0.00113178 9.99461E-05
