0.440947 0.163659 9.9991E-05 0.395294
0.124926 0.503393 9.9991E-05 0.371582
0.42563 0.166693 9.9991E-05 0.407577
0.451573 0.142817 0.0144805 0.391129
0.254227 9.9991E-05 0.066867 0.678806
0.600691 9.9982E-05 9.9982E-05 0.399109
9.9982E-05 0.534767 0.465034 9.9982E-05
0.0304153 0.294767 0.545049 0.129769
9.9982E-05 0.358644 0.641156 9.9982E-05
0.000576737 0.351504 0.647819 9.9991E-05
9.9982E-05 0.427756 0.572044 9.9982E-05
9.9991E-05 0.455144 0.533067 0.0116889
9.9982E-05 0.187045 0.812755 9.9982E-05
0.00820417 0.185183 0.806513 9.9991E-05
9.9982E-05 0.418871 0.580929 9.9982E-05
9.9982E-05 0.483114 0.516687 9.9982E-05
0.56602 0.0979116 0.0426671 0.293402
0.534153 0.377865 0.0736067 0.0143756
0.835879 0.113607 0.0504139 9.9991E-05
0.761187 9.9991E-05 0.0922041 0.146509
0.519406 0.233363 0.0233103 0.223921
0.74884 0.199463 0.0515975 9.9991E-05
0.479537 0.256191 0.0398606 0.224411
0.573365 0.00708118 0.0890966 0.330457
0.783878 9.9991E-05 0.0675766 0.148446
0.802623 0.0156982 9.9991E-05 0.181579
0.570625 9.9991E-05 0.173982 0.255293
0.5008 9.9991E-05 0.157798 0.341302
0.158066 0.220873 0.0487988 0.572262
0.306463 0.307263 0.0552153 0.331059
0.484606 0.500025 9.9991E-05 0.0152683
0.360595 0.241458 0.0617431 0.336204
0.591042 0.155807 9.9991E-05 0.253051
0.856217 0.11427 0.0294129 9.9991E-05
0.588274 0.411526 9.9982E-05 9.9982E-05
0.627261 0.150292 0.0444121 0.178034
0.498688 0.178867 0.322345 9.9991E-05
0.725622 0.0959273 0.103992 0.0744592
0.698609 0.223605 0.0550425 0.0227435
0.850405 0.0799017 0.0431014 0.0265919
0.382121 0.27095 9.9991E-05 0.346829
0.40936 0.0137073 0.100359 0.476573
0.49785 0.0662749 0.144705 0.29117
0.228093 0.0723883 0.158617 0.540902
0.578954 0.106691 9.9991E-05 0.314255
0.763614 0.11441 9.9991E-05 0.121877
0.581744 0.362835 0.0553212 9.9991E-05
0.315443 0.615523 9.9991E-05 0.068934
0.195261 0.760564 9.9991E-05 0.044075
0.196136 0.571497 9.9991E-05 0.232267
0.518658 0.477765 0.00347622 9.9991E-05
0.493347 0.311085 0.0386774 0.156891
0.732705 0.213023 0.0541716 9.9991E-05
0.770287 0.173728 9.9991E-05 0.0558855
0.770501 0.197967 9.9991E-05 0.0314317
0.809078 9.9991E-05 0.047747 0.143075
0.130385 0.27722 0.562991 0.0294035
0.0410811 0.11518 0.763994 0.0797451
0.0243083 9.9991E-05 0.936264 0.0393279
0.0210378 0.270517 0.708346 9.9991E-05
9.9982E-05 0.135654 0.864146 9.9982E-05
0.0794301 0.176282 0.733426 0.0108625
9.99819E-05 0.758944 0.240856 9.99819E-05
0.038279 0.494887 0.466734 9.9991E-05
9.9982E-05 0.366691 0.633109 9.9982E-05
9.9982E-05 0.234356 0.765444 9.9982E-05
0.128665 0.234612 0.636622 9.9991E-05
0.0933117 0.0140028 0.892585 9.9991E-05
0.00241924 0.435689 0.561792 9.9991E-05
9.9982E-05 0.214738 0.785062 9.9982E-05
0.0744576 0.481362 0.44408 9.9991E-05
0.068028 0.164698 0.767174 9.9991E-05
9.9982E-05 0.470728 0.529072 9.9982E-05
0.0286024 0.0621794 0.861354 0.0478643
0.18554 9.9982E-05 0.81426 9.9982E-05
0.0865493 0.0977887 0.815562 9.9991E-05
9.9991E-05 0.15331 0.795108 0.0514814
9.9982E-05 9.9982E-05 0.952105 0.0476953
9.9982E-05 0.115723 0.884077 9.9982E-05
9.9982E-05 0.452946 0.546854 9.9982E-05
0.0381396 0.0961981 0.836671 0.0289912
0.137765 9.9991E-05 0.0620908 0.800044
0.0233601 0.235279 0.0196449 0.721716
9.9991E-05 0.170423 0.0520241 0.777453
0.0476483 9.9991E-05 0.112565 0.839686
0.0331219 0.19557 0.0117341 0.759574
9.99821E-05 0.74678 9.99821E-05 0.25302
0.0794734 0.302966 0.0491753 0.568385
0.164461 0.333204 9.9991E-05 0.502235
0.0895351 0.11469 0.0715045 0.724271
0.014295 0.25613 9.9991E-05 0.729476
0.0633615 9.9991E-05 0.187124 0.749414
0.457689 9.9991E-05 0.0476626 0.494548
0.333921 9.9991E-05 0.0469648 0.619014
0.306897 0.042058 0.0807123 0.570333
0.223609 0.335742 0.00720988 0.43344
0.442088 0.124982 9.9991E-05 0.43283
0.160814 9.9991E-05 0.134191 0.704896
0.328673 9.9991E-05 0.0964454 0.574782
0.245169 0.0689237 0.0457927 0.640115
0.10271 0.188426 9.9991E-05 0.708763
0.0915926 0.064759 9.9991E-05 0.843548
0.0602354 0.124571 9.9991E-05 0.815094
9.9982E-05 0.155144 9.9982E-05 0.844656
9.9991E-05 0.120461 0.0571133 0.822326
0.0988037 9.9991E-05 0.0497866 0.85131
0.233444 9.9991E-05 0.0295038 0.736952
9.9991E-05 0.00171343 0.0634879 0.934699
9.9982E-05 9.9982E-05 0.0753623 0.924438
0.0307932 9.9991E-05 0.0473667 0.92174
0.105517 9.9991E-05 0.0473647 0.847018
9.9982E-05 9.9982E-05 0.018257 0.981543
0.243488 0.102333 9.9991E-05 0.654079
0.052004 0.093004 0.0609633 0.794029
0.10125 0.114885 9.9991E-05 0.783765
0.0612459 0.0362784 0.0412643 0.861211
9.9991E-05 0.0609105 0.010837 0.928153
0.0102554 9.9991E-05 0.0454197 0.944225
0.0185442 0.0829514 9.9991E-05 0.898404
9.9982E-05 0.278565 9.9982E-05 0.721235
9.9982E-05 0.23545 9.9982E-05 0.76435
0.00454874 0.126381 0.00272232 0.866348
9.9982E-05 9.9982E-05 0.0217615 0.978039
0.111075 9.9991E-05 0.104239 0.784586
0.0228235 0.00316003 0.0705632 0.903453
9.9982E-05 9.9982E-05 0.0600525 0.939748
0.032626 9.9991E-05 0.329847 0.637427
9.9982E-05 9.9982E-05 0.417238 0.582562
9.9982E-05 0.122826 9.9982E-05 0.876974
9.9982E-05 0.233627 9.9982E-05 0.766173
9.9982E-05 0.219092 9.9982E-05 0.780708
9.9982E-05 0.141203 9.9982E-05 0.858597
9.9982E-05 0.325822 9.9982E-05 0.673978
9.9982E-05 9.9982E-05 0.0224945 0.977306
9.9982E-05 0.179383 9.9982E-05 0.820417
0.049996 0.0308344 9.9991E-05 0.91907
0.125203 0.163344 9.9991E-05 0.711353
9.9982E-05 0.170646 9.9982E-05 0.829154
9.9991E-05 0.58744 0.403542 0.0089173
9.9982E-05 0.294972 0.704828 9.9982E-05
9.9982E-05 0.373187 0.626613 9.9982E-05
0.0422539 0.133649 0.726165 0.0979324
9.9991E-05 0.00284118 0.849484 0.147575
9.9991E-05 0.0142365 0.968068 0.017596
9.9991E-05 0.287434 0.706114 0.00635177
9.9982E-05 0.433645 0.566155 9.9982E-05
9.9982E-05 0.853721 0.146079 9.9982E-05
9.9991E-05 0.0730621 0.812238 0.1146
0.052597 9.99821E-05 0.947203 9.99821E-05
0.0734208 9.9982E-05 0.926379 9.9982E-05
0.0872165 9.9982E-05 0.912583 9.9982E-05
