9.99639E-05 9.99639E-05 0.183978 0.174391 9.99639E-05 9.99639E-05 0.026158 0.238688 0.331439 0.044947
9.99639E-05 9.99639E-05 0.154967 0.0959593 9.99639E-05 0.332162 9.99639E-05 0.171914 0.0721353 0.172463
9.9955E-05 0.00891817 0.355954 0.21247 9.9955E-05 0.196095 9.9955E-05 9.9955E-05 0.226063 9.9955E-05
0.0209445 0.0124156 0.0551291 0.726217 0.00994002 0.0402973 9.9973E-05 0.134756 9.9973E-05 9.9973E-05
9.9937E-05 9.9937E-05 0.629263 0.17118 9.9937E-05 9.9937E-05 9.9937E-05 9.9937E-05 0.198857 9.9937E-05
9.9946E-05 9.9946E-05 0.186583 0.550301 9.9946E-05 9.9946E-05 9.9946E-05 0.0534369 0.20908 9.9946E-05
9.9937E-05 9.9937E-05 9.9937E-05 9.9937E-05 9.9937E-05 0.0651583 0.045981 9.9937E-05 9.9937E-05 0.888161
9.9955E-05 9.9955E-05 0.10591 9.9955E-05 0.0834631 9.9955E-05 0.052045 9.9955E-05 0.0820564 0.676026
9.9955E-05 0.0282166 9.9955E-05 0.00696627 0.183451 0.0180327 9.9955E-05 9.9955E-05 9.9955E-05 0.762834
0.21319 9.9955E-05 9.9955E-05 9.9955E-05 0.0260861 9.9955E-05 0.00607684 0.00849521 9.9955E-05 0.745652
9.9937E-05 9.9937E-05 9.9937E-05 9.9937E-05 0.033499 0.069413 9.9937E-05 9.9937E-05 9.9937E-05 0.896388
0.384616 9.99639E-05 0.0438786 9.99639E-05 0.0184817 0.103452 9.99639E-05 9.99639E-05 0.0487091 0.400462
0.452043 0.181342 9.9937E-05 9.9937E-05 9.9937E-05 9.9937E-05 9.9937E-05 9.9937E-05 9.9937E-05 0.365916
9.9928E-05 0.271129 9.9928E-05 9.9928E-05 9.9928E-05 9.9928E-05 9.9928E-05 9.9928E-05 9.9928E-05 0.728071
9.9955E-05 0.11497 9.9955E-05 9.9955E-05 9.9955E-05 0.0134974 0.0359884 9.9955E-05 0.0147481 0.820296
9.99282E-05 9.99282E-05 9.99282E-05 9.99282E-05 9.99282E-05 0.0252619 9.99282E-05 9.99282E-05 9.99282E-05 0.973939
9.9937E-05 9.9937E-05 0.365152 9.9937E-05 9.9937E-05 9.9937E-05 0.240241 9.9937E-05 0.393907 9.9937E-05
9.9964E-05 9.9964E-05 0.0129911 0.0922457 0.0547081 0.018829 0.702065 0.118762 9.9964E-05 9.9964E-05
0.0430727 0.0396002 0.057233 0.108988 9.9964E-05 9.9964E-05 0.225791 9.9964E-05 0.524915 9.9964E-05
9.99549E-05 0.071235 0.175871 0.235887 9.99549E-05 9.99549E-05 0.280056 9.99549E-05 0.236452 9.99549E-05
0.00743203 9.99459E-05 0.259895 0.110545 9.99459E-05 9.99459E-05 0.621528 9.99459E-05 9.99459E-05 9.99459E-05
9.9946E-05 9.9946E-05 9.9946E-05 0.291984 9.9946E-05 9.9946E-05 0.52972 9.9946E-05 0.144743 0.0329533
9.99459E-05 9.99459E-05 0.134111 9.99459E-05 9.99459E-05 0.191705 9.99459E-05 9.99459E-05 0.641621 0.0319635
9.9937E-05 9.9937E-05 0.254319 9.9937E-05 9.9937E-05 9.9937E-05 9.9937E-05 0.136548 0.608433 9.9937E-05
9.99371E-05 9.99371E-05 0.17101 0.00858434 9.99371E-05 9.99371E-05 9.99371E-05 9.99371E-05 0.819706 9.99371E-05
9.9946E-05 9.9946E-05 9.9946E-05 0.484701 9.9946E-05 9.9946E-05 0.0722685 0.121203 0.321229 9.9946E-05
9.9946E-05 9.9946E-05 0.392867 9.9946E-05 0.0943358 9.9946E-05 0.0528486 9.9946E-05 0.459349 9.9946E-05
9.9955E-05 0.0328981 0.362135 0.169144 0.0501456 9.9955E-05 9.9955E-05 9.9955E-05 0.385177 9.9955E-05
9.9946E-05 9.9946E-05 0.388759 9.9946E-05 9.9946E-05 9.9946E-05 0.290416 0.239562 9.9946E-05 0.0806631
9.9955E-05 9.9955E-05 0.231837 0.0771714 9.9955E-05 9.9955E-05 0.403427 0.164401 9.9955E-05 0.122665
9.99459E-05 0.0376439 9.99459E-05 0.312422 9.99459E-05 0.381275 0.268059 9.99459E-05 9.99459E-05 9.99459E-05
0.00322328 9.9973E-05 0.320979 0.269864 0.0812091 0.0909114 0.21993 9.9973E-05 9.9973E-05 0.0135825
9.9964E-05 9.9964E-05 0.154628 0.50192 9.9964E-05 0.00553485 0.271894 0.050991 9.9964E-05 0.0146327
9.9946E-05 9.9946E-05 9.9946E-05 0.129179 9.9946E-05 9.9946E-05 9.9946E-05 0.109494 0.728489 0.0322391
9.99279E-05 9.99279E-05 9.99279E-05 9.99279E-05 9.99279E-05 0.324852 9.99279E-05 9.99279E-05 0.674349 9.99279E-05
0.0374439 9.9964E-05 0.222132 0.154655 9.9964E-05 0.0149968 0.173372 9.9964E-05 0.397 9.9964E-05
0.229054 0.134589 9.99549E-05 0.124211 9.99549E-05 0.18146 9.99549E-05 9.99549E-05 0.330186 9.99549E-05
9.9955E-05 0.0310865 0.127162 9.9955E-05 0.0230052 0.0568812 9.9955E-05 9.9955E-05 0.761365 9.9955E-05
9.9964E-05 0.0868255 9.9964E-05 0.134085 9.9964E-05 0.104104 0.133056 0.120083 0.421445 9.9964E-05
9.9964E-05 9.9964E-05 0.0490272 0.247661 0.0191083 9.9964E-05 0.144531 9.9964E-05 0.525373 0.0138993
9.99371E-05 9.99371E-05 9.99371E-05 0.480127 9.99371E-05 0.0275357 9.99371E-05 0.491638 9.99371E-05 9.99371E-05
0.0783845 0.0722719 0.0829658 0.474438 9.9955E-05 9.9955E-05 9.9955E-05 0.29144 9.9955E-05 9.9955E-05
0.190296 0.0411031 0.0785912 0.627548 9.9964E-05 9.9964E-05 0.061496 0.000565862 9.9964E-05 9.9964E-05
9.9964E-05 0.147743 0.0199097 0.161104 0.0203772 9.9964E-05 9.9964E-05 0.551392 0.0990747 9.9964E-05
9.9955E-05 9.9955E-05 9.9955E-05 0.742319 9.9955E-05 9.9955E-05 0.0155684 0.195331 0.00174496 0.0445368
0.0356671 9.9955E-05 9.9955E-05 0.848105 9.9955E-05 0.0185307 0.0497689 9.9955E-05 0.0474289 9.9955E-05
9.9946E-05 9.9946E-05 9.9946E-05 9.9946E-05 0.0937584 0.00422767 0.839637 9.9946E-05 0.0617771 9.9946E-05
9.99459E-05 9.99459E-05 9.99459E-05 9.99459E-05 0.0567432 0.223782 0.578746 0.140129 9.99459E-05 9.99459E-05
9.99369E-05 9.99369E-05 9.99369E-05 9.99369E-05 9.99369E-05 0.411537 0.569663 0.0181006 9.99369E-05 9.99369E-05
9.9946E-05 9.9946E-05 0.0326462 9.9946E-05 9.9946E-05 0.278491 0.462635 0.225628 9.9946E-05 9.9946E-05
9.99459E-05 9.99459E-05 0.0443289 0.0762883 9.99459E-05 0.141042 0.737741 9.99459E-05 9.99459E-05 9.99459E-05
9.9955E-05 9.9955E-05 9.9955E-05 9.9955E-05 0.0827021 9.9955E-05 0.263627 0.382894 0.247913 0.0223638
9.9964E-05 0.0682963 0.0761602 9.9964E-05 0.00100062 9.9964E-05 0.659862 0.0467416 0.14754 9.9964E-05
9.9955E-05 0.0719111 9.9955E-05 0.0747281 9.9955E-05 9.9955E-05 0.222874 0.293017 0.336971 9.9955E-05
9.99369E-05 9.99369E-05 9.99369E-05 9.99369E-05 9.99369E-05 9.99369E-05 0.221889 0.350009 0.427402 9.99369E-05
9.99549E-05 0.082852 0.117767 0.346392 9.99549E-05 9.99549E-05 0.210975 9.99549E-05 0.241515 9.99549E-05
0.278777 9.9955E-05 9.9955E-05 9.9955E-05 0.281883 9.9955E-05 9.9955E-05 0.169885 0.115838 0.153117
0.436611 0.19679 9.9955E-05 9.9955E-05 9.9955E-05 9.9955E-05 9.9955E-05 0.0702879 0.0164585 0.279353
9.9946E-05 0.419842 0.0105304 9.9946E-05 0.543389 9.9946E-05 9.9946E-05 9.9946E-05 0.0256394 9.9946E-05
9.9955E-05 9.9955E-05 9.9955E-05 9.9955E-05 0.766752 9.9955E-05 0.0183746 0.0248003 0.0445157 0.145058
0.102286 9.9937E-05 9.9937E-05 9.9937E-05 0.806399 9.9937E-05 9.9937E-05 9.9937E-05 9.9937E-05 0.0906157
9.9937E-05 0.000271807 9.9937E-05 9.9937E-05 0.899975 9.9937E-05 0.0990536 9.9937E-05 9.9937E-05 9.9937E-05
0.224862 9.99548E-05 9.99548E-05 9.99548E-05 0.06288 0.49912 0.0360155 9.99548E-05 9.99548E-05 0.176623
0.558066 9.99729E-05 9.99729E-05 0.00437591 0.0488112 0.251972 0.014107 9.99729E-05 0.0505941 0.0717743
0.527703 9.99549E-05 0.0135236 9.99549E-05 0.0696161 0.0766256 9.99549E-05 9.99549E-05 9.99549E-05 0.312032
0.574429 0.0150793 9.9955E-05 9.9955E-05 0.0434378 9.9955E-05 0.0205786 9.9955E-05 9.9955E-05 0.345975
0.866831 9.9955E-05 9.9955E-05 0.0281174 9.9955E-05 9.9955E-05 0.0761336 0.00689022 9.9955E-05 0.0215278
0.239847 0.586784 9.99461E-05 9.99461E-05 9.99461E-05 9.99461E-05 9.99461E-05 9.99461E-05 0.0573601 0.11541
0.467119 0.103367 9.9964E-05 9.9964E-05 0.0466769 0.279008 9.9964E-05 9.9964E-05 0.0203346 0.0830949
0.686029 0.121332 9.9955E-05 9.9955E-05 9.9955E-05 9.9955E-05 9.9955E-05 0.030921 0.0372988 0.12392
0.56367 9.9955E-05 0.0303429 9.9955E-05 9.9955E-05 0.239878 9.9955E-05 9.9955E-05 0.0849869 0.0806225
0.874248 9.9946E-05 0.040822 9.9946E-05 0.0807642 9.9946E-05 0.00356619 9.9946E-05 9.9946E-05 9.9946E-05
0.560659 9.99549E-05 0.000281106 9.99549E-05 0.123438 0.249003 9.99549E-05 9.99549E-05 9.99549E-05 0.0661185
0.210729 0.189922 0.0318959 9.9964E-05 0.457725 9.9964E-05 0.0932953 9.9964E-05 9.9964E-05 0.016032
0.253021 0.603874 9.9946E-05 0.0306798 9.9946E-05 9.9946E-05 0.111825 9.9946E-05 9.9946E-05 9.9946E-05
0.284049 0.0484678 9.9955E-05 0.014015 0.602218 9.9955E-05 0.0507497 9.9955E-05 9.9955E-05 9.9955E-05
0.708887 9.9937E-05 9.9937E-05 0.0522272 0.238186 9.9937E-05 9.9937E-05 9.9937E-05 9.9937E-05 9.9937E-05
9.99279E-05 0.530901 9.99279E-05 9.99279E-05 0.4683 9.99279E-05 9.99279E-05 9.99279E-05 9.99279E-05 9.99279E-05
9.99452E-05 0.22523 9.99452E-05 9.99452E-05 0.566817 9.99452E-05 9.99452E-05 9.99452E-05 9.99452E-05 0.207253
0.293037 9.99549E-05 9.99549E-05 9.99549E-05 0.347022 0.133414 0.104759 9.99549E-05 9.99549E-05 0.121268
0.021926 0.251894 9.9964E-05 0.0437569 0.610268 0.00175947 0.0699963 9.9964E-05 9.9964E-05 9.9964E-05
9.996E-05 0.0425866 0.77773 0.0421409 9.996E-05 9.996E-05 0.0725498 0.0124555 0.0521373 9.996E-05
9.9946E-05 0.0941249 0.0518807 9.9946E-05 0.00107882 9.9946E-05 9.9946E-05 0.852316 9.9946E-05 9.9946E-05
9.9946E-05 0.0682198 0.197827 9.9946E-05 0.0230502 9.9946E-05 9.9946E-05 0.710304 9.9946E-05 9.9946E-05
9.9955E-05 0.0606587 0.788791 9.9955E-05 9.9955E-05 0.0228662 0.120736 9.9955E-05 9.9955E-05 0.00644798
9.9946E-05 9.9946E-05 0.544624 9.9946E-05 9.9946E-05 9.9946E-05 0.197232 0.167896 9.9946E-05 0.089648
9.9928E-05 9.9928E-05 0.144225 9.9928E-05 9.9928E-05 0.854975 9.9928E-05 9.9928E-05 9.9928E-05 9.9928E-05
9.99551E-05 0.0177237 0.31738 0.340498 9.99551E-05 0.310924 9.99551E-05 0.012975 9.99551E-05 9.99551E-05
9.9955E-05 9.9955E-05 0.149966 0.404763 9.9955E-05 0.225303 9.9955E-05 0.133519 9.9955E-05 0.0859494
9.9937E-05 9.9937E-05 0.485613 0.413095 9.9937E-05 0.100592 9.9937E-05 9.9937E-05 9.9937E-05 9.9937E-05
9.99459E-05 9.99459E-05 0.530532 0.0749751 9.99459E-05 0.36376 9.99459E-05 0.0301334 9.99459E-05 9.99459E-05
0.0389029 0.0602318 0.453638 0.446628 9.9946E-05 9.9946E-05 9.9946E-05 9.9946E-05 9.9946E-05 9.9946E-05
9.9937E-05 0.0453094 0.244758 0.709233 9.9937E-05 9.9937E-05 9.9937E-05 9.9937E-05 9.9937E-05 9.9937E-05
9.99459E-05 9.99459E-05 0.477556 0.385858 9.99459E-05 9.99459E-05 9.99459E-05 9.99459E-05 0.0835209 0.0524657
9.9946E-05 9.9946E-05 0.404756 0.447922 0.080634 0.0660878 9.9946E-05 9.9946E-05 9.9946E-05 9.9946E-05
9.99549E-05 9.99549E-05 0.165974 0.454538 0.0167194 0.253564 0.108704 9.99549E-05 9.99549E-05 9.99549E-05
9.9964E-05 9.9964E-05 0.277577 0.553607 0.0569333 0.0729073 0.00520918 9.9964E-05 0.0333667 9.9964E-05
0.0515027 9.9946E-05 0.461356 0.459328 0.027213 9.9946E-05 9.9946E-05 9.9946E-05 9.9946E-05 9.9946E-05
0.04887 9.9946E-05 0.512554 0.388567 9.9946E-05 9.9946E-05 9.9946E-05 9.9946E-05 0.0494089 9.9946E-05
0.0231666 9.99639E-05 0.325285 0.410249 9.99639E-05 9.99639E-05 9.99639E-05 0.167317 0.0516917 0.0218919
9.9955E-05 9.9955E-05 0.308546 0.00605849 9.9955E-05 9.9955E-05 0.246558 0.424786 9.9955E-05 0.013552
9.99459E-05 9.99459E-05 0.41245 0.0988646 9.99459E-05 9.99459E-05 0.0556934 0.432393 9.99459E-05 9.99459E-05
9.9946E-05 9.9946E-05 0.387875 9.9946E-05 9.9946E-05 9.9946E-05 0.0961565 0.497032 0.0183366 9.9946E-05
0.0148917 9.9946E-05 0.312852 9.9946E-05 9.9946E-05 9.9946E-05 0.0121056 0.659551 9.9946E-05 9.9946E-05
9.9946E-05 9.9946E-05 0.784626 9.9946E-05 0.0286483 0.117368 0.0687584 9.9946E-05 9.9946E-05 9.9946E-05
9.9937E-05 9.9937E-05 0.844458 9.9937E-05 9.9937E-05 9.9937E-05 0.127874 9.9937E-05 0.0269688 9.9937E-05
9.9946E-05 9.9946E-05 0.643722 9.9946E-05 9.9946E-05 9.9946E-05 0.173965 0.0616146 0.120098 9.9946E-05
9.99371E-05 9.99371E-05 0.871684 9.99371E-05 9.99371E-05 9.99371E-05 0.122152 9.99371E-05 9.99371E-05 0.00546484
9.9964E-05 0.0283829 0.836657 0.0112343 9.9964E-05 0.00157008 0.0632987 9.9964E-05 9.9964E-05 0.0584571
9.9946E-05 9.9946E-05 0.769401 0.156139 0.000234432 9.9946E-05 9.9946E-05 0.0736266 9.9946E-05 9.9946E-05
0.0185781 9.9955E-05 0.687057 0.0894808 9.9955E-05 9.9955E-05 9.9955E-05 0.134539 0.0698455 9.9955E-05
9.99371E-05 9.99371E-05 0.84747 9.99371E-05 9.99371E-05 9.99371E-05 9.99371E-05 0.110694 0.0411361 9.99371E-05
9.99459E-05 9.99459E-05 0.246591 0.382802 9.99459E-05 9.99459E-05 0.0244825 0.345525 9.99459E-05 9.99459E-05
9.995E-05 9.995E-05 0.45708 0.107569 0.0401511 9.995E-05 0.116046 0.278654 9.995E-05 9.995E-05
9.9955E-05 9.9955E-05 0.637596 0.153096 9.9955E-05 0.135527 9.9955E-05 0.0432418 0.0300385 9.9955E-05
9.99461E-05 9.99461E-05 0.806526 9.99461E-05 9.99461E-05 0.0873062 0.0255391 9.99461E-05 0.0800292 9.99461E-05
9.99461E-05 9.99461E-05 0.657926 0.0368967 9.99461E-05 9.99461E-05 0.0816669 0.222911 9.99461E-05 9.99461E-05
9.9946E-05 9.9946E-05 0.740739 9.9946E-05 9.9946E-05 9.9946E-05 0.0109956 0.176113 0.0715532 9.9946E-05
9.99549E-05 9.99549E-05 0.779903 0.0521148 0.00224619 0.0818792 9.99549E-05 0.0833568 9.99549E-05 9.99549E-05
9.9946E-05 9.9946E-05 0.353416 9.9946E-05 9.9946E-05 0.195885 9.9946E-05 0.337944 0.112154 9.9946E-05
9.9946E-05 9.9946E-05 0.434245 9.9946E-05 9.9946E-05 0.138642 9.9946E-05 0.410186 0.0163272 9.9946E-05
9.9955E-05 9.9955E-05 0.630844 9.9955E-05 0.00689101 0.0998577 9.9955E-05 0.236276 0.0256317 9.9955E-05
9.9937E-05 9.9937E-05 0.758982 0.109916 9.9937E-05 9.9937E-05 9.9937E-05 0.130402 9.9937E-05 9.9937E-05
0.0916304 0.0167122 0.659341 0.114017 9.9955E-05 9.9955E-05 9.9955E-05 0.117799 9.9955E-05 9.9955E-05
9.9964E-05 9.9964E-05 0.743866 0.0157798 0.057041 0.0240052 9.9964E-05 0.0680737 0.0908345 9.9964E-05
0.00879022 9.9955E-05 0.861058 9.9955E-05 0.0165863 9.9955E-05 0.0336755 0.0793905 9.9955E-05 9.9955E-05
9.9946E-05 9.9946E-05 0.559536 9.9946E-05 0.160993 9.9946E-05 9.9946E-05 9.9946E-05 0.203613 0.0752591
9.9955E-05 0.0199272 0.604589 9.9955E-05 0.351944 9.9955E-05 9.9955E-05 9.9955E-05 0.00413905 0.0189013
9.9946E-05 9.9946E-05 0.747246 9.9946E-05 9.9946E-05 0.087542 0.030758 0.133854 9.9946E-05 9.9946E-05
9.9955E-05 9.9955E-05 0.291641 9.9955E-05 9.9955E-05 0.0225035 0.00234741 0.678682 9.9955E-05 0.00432594
9.9946E-05 9.9946E-05 0.507069 9.9946E-05 9.9946E-05 0.122285 9.9946E-05 0.343137 9.9946E-05 0.0269088
9.9955E-05 9.9955E-05 0.410764 9.9955E-05 9.9955E-05 0.0628763 9.9955E-05 0.471571 0.0444448 0.00984495
9.9937E-05 9.9937E-05 0.00568371 9.9937E-05 9.9937E-05 9.9937E-05 0.0575778 0.936039 9.9937E-05 9.9937E-05
9.9937E-05 9.9937E-05 0.732196 9.9937E-05 9.9937E-05 9.9937E-05 0.0833207 0.183784 9.9937E-05 9.9937E-05
0.0621054 9.9946E-05 0.229132 0.0556688 9.9946E-05 9.9946E-05 9.9946E-05 0.652495 9.9946E-05 9.9946E-05
9.99369E-05 9.99369E-05 0.532204 0.0778557 9.99369E-05 9.99369E-05 9.99369E-05 0.389241 9.99369E-05 9.99369E-05
9.99549E-05 9.99549E-05 0.456872 0.150398 9.99549E-05 0.0767489 0.0188189 0.296663 9.99549E-05 9.99549E-05
9.9937E-05 9.9937E-05 0.509693 9.9937E-05 9.9937E-05 0.12545 9.9937E-05 0.364157 9.9937E-05 9.9937E-05
0.139154 9.99369E-05 9.99369E-05 9.99369E-05 0.425305 0.434842 9.99369E-05 9.99369E-05 9.99369E-05 9.99369E-05
0.240088 9.9946E-05 9.9946E-05 9.9946E-05 0.571729 0.099355 9.9946E-05 9.9946E-05 9.9946E-05 0.0882282
0.14744 9.9955E-05 9.9955E-05 9.9955E-05 0.577337 0.107529 0.0609322 9.9955E-05 9.9955E-05 0.106262
9.9946E-05 9.9946E-05 9.9946E-05 0.0767549 0.862824 9.9946E-05 0.0304127 0.0294085 9.9946E-05 9.9946E-05
9.9946E-05 0.253205 0.0876341 9.9946E-05 0.638056 0.0205051 9.9946E-05 9.9946E-05 9.9946E-05 9.9946E-05
9.9928E-05 0.199781 9.9928E-05 9.9928E-05 0.799419 9.9928E-05 9.9928E-05 9.9928E-05 9.9928E-05 9.9928E-05
0.0808456 0.121024 9.9964E-05 9.9964E-05 0.34247 0.0799383 9.9964E-05 9.9964E-05 0.0456547 0.329667
0.246051 0.0797547 9.99549E-05 9.99549E-05 0.136321 0.239433 9.99549E-05 9.99549E-05 9.99549E-05 0.297941
0.181689 9.9937E-05 9.9937E-05 9.9937E-05 9.9937E-05 0.698827 9.9937E-05 9.9937E-05 9.9937E-05 0.118784
9.99459E-05 0.314376 0.0779092 9.99459E-05 0.442234 9.99459E-05 9.99459E-05 9.99459E-05 9.99459E-05 0.164881
9.99201E-05 0.999101 9.99201E-05 9.99201E-05 9.99201E-05 9.99201E-05 9.99201E-05 9.99201E-05 9.99201E-05 9.99201E-05
9.9928E-05 0.607785 9.9928E-05 9.9928E-05 0.391416 9.9928E-05 9.9928E-05 9.9928E-05 9.9928E-05 9.9928E-05
9.9937E-05 0.864066 0.00960201 9.9937E-05 9.9937E-05 9.9937E-05 9.9937E-05 9.9937E-05 9.9937E-05 0.125632
