0.139698 9.9982E-05 9.9982E-05 0.0201469 0.230395 0.397803 0.211757
0.173097 0.220556 9.9991E-05 0.127851 0.411594 0.0639292 0.00287311
0.250288 0.0115257 9.9991E-05 0.109972 0.116507 0.254416 0.257191
0.577691 9.9982E-05 0.0301084 0.0737041 0.176919 0.141377 9.9982E-05
0.168337 9.9973E-05 0.00557617 9.9973E-05 9.9973E-05 0.155816 0.669971
0.472612 9.9982E-05 9.9982E-05 0.039267 0.0358756 0.301808 0.150237
9.9964E-05 0.899255 9.9964E-05 0.0878672 0.0124784 9.9964E-05 9.9964E-05
9.999E-05 0.599677 0.129641 0.0596043 0.0127262 0.0771166 0.121135
0.0236395 0.63529 0.293158 9.9973E-05 0.0476124 9.9973E-05 9.9973E-05
9.9973E-05 0.593654 0.256669 0.089426 9.9973E-05 0.0599508 9.9973E-05
0.0233817 0.795075 0.0937651 9.9973E-05 0.0874782 9.9973E-05 9.9973E-05
9.9964E-05 0.853775 9.9964E-05 9.9964E-05 9.9964E-05 0.0645701 0.0812551
9.99551E-05 0.601893 0.397608 9.99551E-05 9.99551E-05 9.99551E-05 9.99551E-05
9.99641E-05 0.547342 0.451451 9.99641E-05 9.99641E-05 0.000806765 9.99641E-05
0.0449513 0.645591 0.203209 0.0954586 0.0105898 9.9982E-05 9.9982E-05
9.99641E-05 0.968453 0.0291442 9.99641E-05 0.00200256 9.99641E-05 9.99641E-05
9.9964E-05 9.9964E-05 9.9964E-05 0.252031 9.9964E-05 0.414148 0.333422
9.9982E-05 9.9982E-05 0.0832397 0.676633 0.056898 0.0549081 0.128122
0.159917 9.9973E-05 0.0359733 0.175899 9.9973E-05 0.627911 9.9973E-05
0.0713381 9.9982E-05 0.0686796 0.190432 9.9982E-05 0.444563 0.224787
0.0802154 9.9973E-05 9.9973E-05 0.516441 9.9973E-05 0.122473 0.280571
0.0624906 9.9982E-05 0.0079215 0.53081 9.9982E-05 0.391691 0.00688671
9.9973E-05 0.15825 9.9973E-05 9.9973E-05 0.195323 0.535561 0.110565
9.9964E-05 9.9964E-05 9.9964E-05 9.9964E-05 0.115231 0.647552 0.236817
0.0374462 9.99641E-05 9.99641E-05 9.99641E-05 9.99641E-05 0.819183 0.142971
0.203849 9.9982E-05 9.9982E-05 0.0414902 0.146338 0.555441 0.0526816
9.9973E-05 9.9973E-05 0.0651541 0.0307636 9.9973E-05 0.496255 0.407528
0.051066 9.9973E-05 0.0566363 9.9973E-05 9.9973E-05 0.442234 0.449764
9.9982E-05 9.9982E-05 0.0202765 0.323355 0.221247 0.0134161 0.421506
9.9973E-05 9.9973E-05 0.0711866 0.43137 0.200805 9.9973E-05 0.296339
0.35371 0.136918 9.9964E-05 0.508973 9.9964E-05 9.9964E-05 9.9964E-05
0.278847 0.121143 9.9982E-05 0.299756 9.9982E-05 0.0154681 0.284586
0.366375 9.9973E-05 9.9973E-05 0.298898 9.9973E-05 0.187978 0.146449
9.9964E-05 0.00670735 9.9964E-05 9.9964E-05 0.0740678 0.918825 9.9964E-05
9.9964E-05 0.207863 9.9964E-05 9.9964E-05 0.115916 0.675822 9.9964E-05
0.0760542 0.0525165 9.9982E-05 0.140571 9.9982E-05 0.516378 0.21428
0.166911 0.164162 0.18071 0.129687 9.9982E-05 0.358331 9.9982E-05
0.0248702 0.0864858 0.012641 9.9982E-05 9.9982E-05 0.71358 0.162223
0.0704319 9.9982E-05 0.0678083 0.138492 0.163787 0.55928 9.9982E-05
0.110159 9.9982E-05 0.00972391 0.17537 9.9982E-05 0.654647 0.0499002
0.382382 9.9964E-05 9.9964E-05 9.9964E-05 0.470498 0.14672 9.9964E-05
0.490342 9.9982E-05 0.100127 9.9982E-05 0.237359 0.118993 0.0529793
0.621293 9.9973E-05 0.0957031 0.143387 9.9973E-05 0.139317 9.9973E-05
0.259954 9.9973E-05 0.163975 9.9973E-05 0.44583 0.129941 9.9973E-05
0.522187 9.9973E-05 9.9973E-05 0.0662668 0.113511 0.297735 9.9973E-05
0.506457 9.9964E-05 9.9964E-05 0.154196 9.9964E-05 0.338948 9.9964E-05
9.9964E-05 9.9964E-05 0.0613887 0.74161 9.9964E-05 0.196601 9.9964E-05
9.9964E-05 0.0487756 9.9964E-05 0.726305 0.22452 9.9964E-05 9.9964E-05
9.9955E-05 9.9955E-05 9.9955E-05 0.814486 0.185015 9.9955E-05 9.9955E-05
9.9955E-05 9.9955E-05 9.9955E-05 0.557333 0.442167 9.9955E-05 9.9955E-05
0.0425519 9.9982E-05 0.0138247 0.804032 9.9982E-05 0.103396 0.0359955
9.9973E-05 9.9973E-05 0.0749132 0.210033 0.350066 0.364688 9.9973E-05
9.9973E-05 9.9973E-05 0.0522322 0.507991 9.9973E-05 0.339236 0.100241
9.9973E-05 9.9973E-05 0.0428008 0.110778 0.26624 0.579882 9.9973E-05
9.9973E-05 9.9973E-05 0.0279347 0.15838 0.269841 0.543544 9.9973E-05
0.205809 9.9982E-05 0.0572799 0.116698 9.9982E-05 0.492311 0.127703
9.9973E-05 0.383489 0.316287 9.9973E-05 0.139645 0.160279 9.9973E-05
0.0167592 0.278521 0.490642 9.9982E-05 0.0729137 0.140964 9.9982E-05
9.9973E-05 9.9973E-05 0.917014 9.9973E-05 0.0586223 0.023683 0.000380999
9.9982E-05 0.213188 0.53937 0.125272 0.118585 0.00338608 9.9982E-05
9.9964E-05 0.328619 0.590855 9.9964E-05 0.0801264 9.9964E-05 9.9964E-05
9.9973E-05 0.155456 0.635336 0.193397 0.0155105 9.9973E-05 9.9973E-05
9.99639E-05 0.77168 9.99639E-05 0.116825 0.111095 9.99639E-05 9.99639E-05
0.0572528 0.789372 0.032188 0.0220102 9.9991E-05 0.066029 0.0330482
0.0562768 0.784336 0.158987 9.9964E-05 9.9964E-05 9.9964E-05 9.9964E-05
9.9955E-05 0.60938 0.390121 9.9955E-05 9.9955E-05 9.9955E-05 9.9955E-05
9.9973E-05 0.552668 0.235462 9.9973E-05 9.9973E-05 0.198609 0.012961
9.99641E-05 0.259018 0.629267 9.99641E-05 9.99641E-05 0.111316 9.99641E-05
9.9973E-05 0.659629 0.164045 9.9973E-05 0.0571177 0.118909 9.9973E-05
9.9964E-05 0.53738 0.347761 9.9964E-05 9.9964E-05 0.114458 9.9964E-05
0.0772821 0.753647 9.9973E-05 9.9973E-05 9.9973E-05 0.15368 0.015091
9.9973E-05 0.459783 0.360241 9.9973E-05 9.9973E-05 0.152795 0.0268802
9.9973E-05 0.86555 0.0312624 9.9973E-05 9.9973E-05 0.0358095 0.0670786
0.00719747 0.181161 0.672467 0.0929217 9.9982E-05 9.9982E-05 0.0460531
9.9973E-05 0.123469 0.698711 0.0748362 9.9973E-05 0.102684 9.9973E-05
0.0374599 0.11241 0.715376 0.134455 9.9973E-05 9.9973E-05 9.9973E-05
0.0975854 0.406562 0.495453 9.9964E-05 9.9964E-05 9.9964E-05 9.9964E-05
0.00816401 9.9964E-05 0.973309 0.0181268 9.9964E-05 9.9964E-05 9.9964E-05
9.9964E-05 0.297468 0.67323 9.9964E-05 0.0289019 9.9964E-05 9.9964E-05
9.9973E-05 0.662149 0.163571 0.150601 9.9973E-05 0.0233783 9.9973E-05
0.0634618 0.0593789 0.702528 0.174331 9.9973E-05 9.9973E-05 9.9973E-05
0.0488351 9.9982E-05 0.00738416 0.0613165 9.9982E-05 0.048966 0.833298
9.9964E-05 9.9964E-05 0.11868 9.9964E-05 0.727584 9.9964E-05 0.153337
9.9964E-05 9.9964E-05 0.104922 9.9964E-05 0.671218 9.9964E-05 0.223461
0.135935 9.9973E-05 0.0166994 0.0951201 9.9973E-05 9.9973E-05 0.751945
0.0294438 9.9973E-05 9.9973E-05 0.294068 0.124795 9.9973E-05 0.551393
9.99641E-05 0.0418177 9.99641E-05 0.441912 0.515871 9.99641E-05 9.99641E-05
0.653537 0.0888435 9.99731E-05 0.0412324 0.216087 9.99731E-05 9.99731E-05
0.534509 0.0414194 9.9973E-05 0.0468718 0.3769 9.9973E-05 9.9973E-05
0.556281 9.9973E-05 9.9973E-05 0.0525711 0.0168103 9.9973E-05 0.374038
0.349524 9.9973E-05 9.9973E-05 0.0526573 0.366211 9.9973E-05 0.231308
0.768824 9.9964E-05 0.0456252 9.9964E-05 9.9964E-05 9.9964E-05 0.18515
0.927547 9.9973E-05 0.0226994 9.9973E-05 9.9973E-05 0.048991 0.000463141
0.564729 9.9973E-05 9.9973E-05 0.00854694 9.9973E-05 0.0949904 0.331434
0.695352 0.0358043 9.9991E-05 0.0303793 0.0479231 0.0229478 0.167493
0.597038 0.0134984 9.99639E-05 0.389064 9.99639E-05 9.99639E-05 9.99639E-05
0.729112 0.000812965 9.9991E-05 0.130322 0.0216279 0.0532227 0.0648025
0.695835 9.9964E-05 0.0356099 9.9964E-05 9.9964E-05 9.9964E-05 0.268155
0.618398 9.9973E-05 0.0204522 9.9973E-05 9.9973E-05 0.0583341 0.302516
0.513872 9.9973E-05 9.9973E-05 9.9973E-05 0.167411 0.125071 0.193346
0.0680517 9.9973E-05 9.9973E-05 0.186519 0.348443 9.9973E-05 0.396686
0.0400735 9.9973E-05 9.9973E-05 0.0390045 0.354487 9.9973E-05 0.566135
9.9973E-05 9.9973E-05 9.9973E-05 0.0107828 0.469741 0.0302928 0.488883
9.9955E-05 9.9955E-05 9.9955E-05 9.9955E-05 0.539959 9.9955E-05 0.459541
0.0142392 0.0316015 9.9982E-05 0.183565 0.0366272 9.9982E-05 0.733767
9.9964E-05 9.9964E-05 9.9964E-05 0.0803203 9.9964E-05 0.0897161 0.829564
9.9973E-05 9.9973E-05 9.9973E-05 0.13073 0.0317576 0.136678 0.700534
9.9955E-05 9.9955E-05 9.9955E-05 0.0670803 9.9955E-05 9.9955E-05 0.93242
0.0249739 0.0291028 9.9982E-05 0.0496063 9.9982E-05 0.0193747 0.876742
0.141132 9.9973E-05 9.9973E-05 9.9973E-05 0.0377359 0.00934972 0.811482
0.0138997 9.9973E-05 9.9973E-05 9.9973E-05 0.00339778 0.125573 0.856829
9.9955E-05 9.9955E-05 9.9955E-05 9.9955E-05 0.141125 9.9955E-05 0.858375
0.169635 9.9982E-05 9.9982E-05 0.121683 0.282142 0.0170276 0.409312
0.0151426 9.9982E-05 0.0527319 0.132432 0.261591 9.9982E-05 0.537903
0.083274 9.9982E-05 9.9982E-05 0.102283 0.162066 0.0390732 0.613104
0.187943 9.9973E-05 9.9973E-05 0.0649074 0.0604165 9.9973E-05 0.686433
0.0998607 9.99731E-05 9.99731E-05 0.0341936 0.104695 9.99731E-05 0.760951
9.9964E-05 9.9964E-05 9.9964E-05 9.9964E-05 0.129793 0.0227855 0.847021
0.177705 9.9973E-05 9.9973E-05 0.0229117 0.15934 9.9973E-05 0.639743
9.9964E-05 9.9964E-05 9.9964E-05 9.9964E-05 0.668769 0.0638772 0.266954
0.0367205 9.9973E-05 0.00757253 9.9973E-05 0.601337 9.9973E-05 0.35407
9.9964E-05 0.0187213 9.9964E-05 9.9964E-05 0.366772 9.9964E-05 0.614107
0.165288 9.9964E-05 9.9964E-05 9.9964E-05 0.0126568 9.9964E-05 0.821655
0.0648982 0.0188047 0.0519216 9.9991E-05 0.0584541 0.0441975 0.761624
0.115847 9.9973E-05 9.9973E-05 9.9973E-05 0.0990994 0.0753302 0.709424
9.9973E-05 0.0159508 9.9973E-05 0.0325503 0.0798654 9.9973E-05 0.871334
9.9973E-05 0.0769005 0.151417 9.9973E-05 9.9973E-05 0.154549 0.616834
9.9973E-05 0.103009 0.246054 9.9973E-05 0.0831354 9.9973E-05 0.567501
9.9964E-05 9.9964E-05 9.9964E-05 0.0950666 0.217736 9.9964E-05 0.686797
0.0318369 9.9973E-05 9.9973E-05 0.0313137 0.649649 9.9973E-05 0.286901
0.107731 0.0570598 9.9973E-05 9.9973E-05 0.452859 9.9973E-05 0.382051
0.0327095 9.9982E-05 0.00620216 9.9982E-05 0.564099 0.034492 0.362298
9.9973E-05 9.9973E-05 9.9973E-05 0.0146404 0.853013 0.0106911 0.121355
9.9964E-05 9.9964E-05 9.9964E-05 0.0611772 0.145354 9.9964E-05 0.793069
0.0546539 9.9973E-05 9.9973E-05 9.9973E-05 0.569024 0.00176341 0.374259
0.106977 9.9964E-05 9.9964E-05 9.9964E-05 0.257506 9.9964E-05 0.635118
0.147992 9.9973E-05 9.9973E-05 0.0813391 0.331884 9.9973E-05 0.438485
9.9973E-05 0.00430715 9.9973E-05 0.0290059 0.459922 9.9973E-05 0.506465
9.9973E-05 0.69455 0.0423219 0.0448641 0.217964 9.9973E-05 9.9973E-05
0.0412741 0.577163 0.356567 0.0198815 0.00491405 9.9982E-05 9.9982E-05
9.9973E-05 0.544008 0.285586 0.11394 0.0561659 9.9973E-05 9.9973E-05
9.99729E-05 0.164934 0.643618 0.0584535 0.132695 9.99729E-05 9.99729E-05
0.0719916 0.214811 0.662542 9.9982E-05 0.0132054 9.9982E-05 0.0372498
9.9973E-05 0.173048 0.801938 0.0219262 9.9973E-05 9.9973E-05 0.00278774
0.0263711 0.536812 0.379276 9.9973E-05 0.057241 9.9973E-05 9.9973E-05
0.0422156 0.857053 0.100331 9.9964E-05 9.9964E-05 9.9964E-05 9.9964E-05
9.99551E-05 0.754075 9.99551E-05 9.99551E-05 0.245426 9.99551E-05 9.99551E-05
9.9964E-05 0.289573 0.602515 9.9964E-05 9.9964E-05 9.9964E-05 0.107512
9.99551E-05 9.99551E-05 0.971234 9.99551E-05 9.99551E-05 0.028266 9.99551E-05
9.9955E-05 9.9955E-05 0.927952 9.9955E-05 9.9955E-05 0.0715483 9.9955E-05
0.0396702 9.99641E-05 0.937293 9.99641E-05 9.99641E-05 9.99641E-05 0.022637
