9.9991E-05 0.751463 0.248437
9.9991E-05 0.472278 0.527622
0.0487497 0.713295 0.237955
0.0494664 0.713255 0.237278
0.111014 0.888886 9.9991E-05
0.0790154 0.880054 0.0409309
0.436538 9.9991E-05 0.563362
0.512365 0.133376 0.354259
0.636495 9.9991E-05 0.363405
0.604014 9.9991E-05 0.395886
0.525741 9.9991E-05 0.474159
0.504011 9.9991E-05 0.495889
0.790721 9.9991E-05 0.209179
0.830662 9.9991E-05 0.169238
0.585545 9.9991E-05 0.414355
0.526188 9.9991E-05 0.473712
0.121535 0.709159 0.169306
0.0929022 0.387155 0.519943
0.210509 0.517574 0.271917
0.241531 0.679925 0.078544
0.0965841 0.57578 0.327636
0.157498 0.50641 0.336092
0.0892792 0.551502 0.359219
0.170325 0.753248 0.0764271
0.243158 0.694888 0.0619537
0.112845 0.761622 0.125533
0.261175 0.725288 0.013537
0.236949 0.762951 9.9991E-05
0.0160207 0.738307 0.245672
0.122367 0.554806 0.322827
0.0112363 0.346468 0.642296
0.0900504 0.621485 0.288465
9.9991E-05 0.716386 0.283514
0.174735 0.601603 0.223662
0.0520262 0.353287 0.594686
0.139067 0.60425 0.256683
0.37014 0.336505 0.293355
0.251062 0.569569 0.179369
0.151096 0.499011 0.349893
0.178655 0.622467 0.198877
9.9991E-05 0.712648 0.287252
0.136416 0.790308 0.0732759
0.205815 0.668828 0.125357
0.212081 0.725105 0.0628138
0.0750308 0.755626 0.169343
0.100041 0.692361 0.207598
0.167393 0.23928 0.593327
9.9991E-05 0.279919 0.719981
9.9991E-05 0.199158 0.800742
9.9991E-05 0.412415 0.587485
0.0514268 0.389592 0.558981
0.117285 0.503487 0.379228
0.168014 0.481222 0.350764
0.150754 0.598288 0.250958
0.138971 0.518194 0.342835
0.249728 0.728257 0.0220156
0.559658 0.120864 0.319478
0.741536 0.101496 0.156968
0.947297 0.0526028 9.9991E-05
0.704373 0.0370389 0.258588
0.845488 9.9991E-05 0.154412
0.756422 0.0423864 0.201191
0.150278 9.9991E-05 0.849622
0.450945 0.0272074 0.521848
0.591585 9.9991E-05 0.408315
0.737593 9.9991E-05 0.262307
0.650969 0.0226965 0.326335
0.930881 0.00554511 0.0635739
0.503544 9.9991E-05 0.496356
0.743942 9.9991E-05 0.255958
0.465415 0.0526261 0.481959
0.733628 0.0605828 0.205789
0.482634 9.9991E-05 0.517266
0.856051 0.0686345 0.0753141
0.890098 0.0839461 0.0259561
0.855056 0.022837 0.122107
0.792338 0.00272424 0.204938
0.9995 0.000400251 9.9991E-05
0.85386 9.9991E-05 0.14604
0.501471 9.9991E-05 0.498429
0.824576 0.0799424 0.0954813
0.0707823 0.929118 9.9991E-05
0.00829276 0.8303 0.161407
0.0468006 0.84601 0.107189
0.108793 0.891107 9.9991E-05
0.0157317 0.795446 0.188823
9.9991E-05 0.257364 0.742536
0.0430716 0.660404 0.296524
9.9991E-05 0.66312 0.33678
0.0595135 0.883005 0.057481
9.9991E-05 0.734846 0.265054
0.186566 0.813334 9.9991E-05
0.151699 0.848201 9.9991E-05
0.0920484 0.897291 0.0106606
0.102889 0.840075 0.0570361
9.9991E-05 0.555567 0.444333
0.081514 0.746311 0.172175
0.151387 0.848513 9.9991E-05
0.13286 0.86704 9.9991E-05
0.0504279 0.859856 0.0897162
9.9991E-05 0.772305 0.227595
9.9991E-05 0.961774 0.0381257
9.9991E-05 0.915805 0.0840952
9.9991E-05 0.848943 0.150957
0.0543074 0.835997 0.109695
0.0423499 0.95755 9.9991E-05
0.0556648 0.944235 9.9991E-05
0.0511744 0.948726 9.9991E-05
0.0672244 0.927019 0.00575679
0.0434036 0.956496 9.9991E-05
0.0443111 0.955589 9.9991E-05
9.999E-05 0.9998 9.999E-05
9.9991E-05 0.844419 0.155481
0.0470557 0.869714 0.0832306
9.9991E-05 0.863903 0.135997
0.00893425 0.935514 0.0555515
0.0363101 0.96359 9.9991E-05
0.0211874 0.978713 9.9991E-05
9.9991E-05 0.955391 0.0445089
9.9991E-05 0.784119 0.215781
9.9991E-05 0.788317 0.211583
9.9991E-05 0.888608 0.111292
9.999E-05 0.9998 9.999E-05
0.111675 0.888225 9.9991E-05
0.0767379 0.923162 9.9991E-05
0.0125256 0.987374 9.9991E-05
0.315332 0.684568 9.9991E-05
0.368538 0.631362 9.9991E-05
9.9991E-05 0.92344 0.0764604
9.9991E-05 0.79113 0.20877
9.9991E-05 0.816234 0.183666
9.9991E-05 0.859028 0.140872
9.9991E-05 0.706904 0.292996
0.0306357 0.969264 9.9991E-05
9.9991E-05 0.816886 0.183014
0.00548886 0.994411 9.9991E-05
9.9991E-05 0.839051 0.160849
9.9991E-05 0.85919 0.14071
0.362129 0.0185365 0.619334
0.667272 9.9991E-05 0.332628
0.571092 9.9991E-05 0.428808
0.801614 0.060356 0.13803
0.85428 0.12928 0.0164403
0.971949 9.9991E-05 0.0279505
0.693898 0.00210294 0.303999
0.51822 9.9991E-05 0.48168
0.0867813 9.9991E-05 0.913119
0.84974 0.0687501 0.0815095
0.9998 9.999E-05 9.999E-05
0.9998 9.999E-05 9.999E-05
0.977089 0.0228114 9.9991E-05
