0.245601 0.00534359 9.9973E-05 0.136637 0.120977 9.9973E-05 9.9973E-05 0.491142
0.0912773 0.295084 0.11007 0.218463 0.0189245 9.9982E-05 9.9982E-05 0.265982
0.315751 0.202037 9.9964E-05 9.9964E-05 0.173179 9.9964E-05 9.9964E-05 0.308633
9.9982E-05 0.0358087 9.9982E-05 0.210335 0.613962 0.0392769 0.0885434 0.0118746
0.548017 9.9964E-05 9.9964E-05 9.9964E-05 0.244217 9.9964E-05 0.0634029 0.143963
0.0483268 9.9973E-05 9.9973E-05 0.130694 0.562394 9.9973E-05 0.118858 0.139427
9.9955E-05 0.0214842 0.908543 0.0694731 9.9955E-05 9.9955E-05 9.9955E-05 9.9955E-05
0.107872 9.9964E-05 0.705968 0.0122338 9.9964E-05 9.9964E-05 0.173527 9.9964E-05
9.9964E-05 9.9964E-05 0.789803 0.0737635 0.00245712 0.133577 9.9964E-05 9.9964E-05
9.99551E-05 9.99551E-05 0.847689 9.99551E-05 9.99551E-05 0.0350131 0.116799 9.99551E-05
9.9964E-05 9.9964E-05 0.892234 0.0678876 0.0231349 9.9964E-05 9.9964E-05 0.0163436
0.0851708 9.9955E-05 0.846939 9.9955E-05 9.9955E-05 9.9955E-05 9.9955E-05 0.06739
0.00562525 9.99551E-05 0.731186 9.99551E-05 9.99551E-05 0.262689 9.99551E-05 9.99551E-05
9.9955E-05 9.9955E-05 0.663455 9.9955E-05 9.9955E-05 0.221072 0.114973 9.9955E-05
9.9973E-05 0.0131876 0.881519 0.0211885 0.0449687 0.0388363 9.9973E-05 9.9973E-05
9.99551E-05 9.99551E-05 0.944229 0.0491589 9.99551E-05 9.99551E-05 0.00611246 9.99551E-05
0.319296 9.9982E-05 0.00361309 0.00187246 0.0495606 9.9982E-05 0.534375 0.0910826
0.0102809 0.285761 0.0647321 0.0294975 0.0273786 9.9982E-05 0.582149 9.9982E-05
9.9982E-05 0.0619459 9.9982E-05 0.0338936 0.134493 0.0203017 0.399818 0.349348
0.111596 9.9964E-05 9.9964E-05 9.9964E-05 0.21884 0.0133581 0.655806 9.9964E-05
0.198599 0.238709 9.99639E-05 9.99639E-05 0.02216 9.99639E-05 0.540132 9.99639E-05
9.9955E-05 0.122311 9.9955E-05 9.9955E-05 0.0636258 9.9955E-05 0.813564 9.9955E-05
0.213433 0.000147876 0.117331 9.9964E-05 9.9964E-05 9.9964E-05 9.9964E-05 0.668688
0.251334 9.9955E-05 9.9955E-05 0.0401433 9.9955E-05 9.9955E-05 9.9955E-05 0.708023
0.132992 9.9964E-05 9.9964E-05 9.9964E-05 0.0454491 9.9964E-05 0.129602 0.691557
9.9964E-05 9.9964E-05 9.9964E-05 0.216447 0.24478 9.9964E-05 0.458514 0.0798601
0.331547 9.9964E-05 9.9964E-05 9.9964E-05 9.9964E-05 0.0311351 0.552287 0.0846316
0.345388 9.9973E-05 9.9973E-05 9.9973E-05 0.130845 0.0125477 0.378346 0.132572
0.390738 0.179179 0.0531586 0.168811 9.9973E-05 9.9973E-05 0.207814 9.9973E-05
0.288399 0.274338 0.0706808 0.0237638 9.9973E-05 9.9973E-05 0.342519 9.9973E-05
9.9964E-05 0.389981 0.134533 9.9964E-05 0.328536 9.9964E-05 0.14655 9.9964E-05
0.223835 0.126751 0.0813722 9.99729E-05 0.31773 9.99729E-05 0.250012 9.99729E-05
0.0926641 0.0891821 9.9973E-05 0.0148432 0.536395 9.9973E-05 0.266615 9.9973E-05
9.9964E-05 9.9964E-05 9.9964E-05 0.03893 0.0460323 9.9964E-05 0.144178 0.77046
9.99549E-05 0.14784 0.0155608 9.99549E-05 9.99549E-05 9.99549E-05 9.99549E-05 0.8361
0.223609 0.0357298 0.0293344 9.9991E-05 0.0501194 0.00689441 0.398757 0.255456
9.9964E-05 0.191775 9.9964E-05 9.9964E-05 0.0777065 0.268346 9.9964E-05 0.461772
0.0881343 9.9973E-05 9.9973E-05 9.9973E-05 0.0624358 0.0800289 0.185662 0.583439
9.9982E-05 0.158288 9.9982E-05 0.0865253 0.0581671 0.0819313 0.229546 0.385343
0.0111838 9.9964E-05 9.9964E-05 9.9964E-05 0.167728 9.9964E-05 0.502718 0.317971
9.9964E-05 0.00958954 9.9964E-05 0.607689 0.318861 9.9964E-05 0.063461 9.9964E-05
0.116849 0.00488615 9.9982E-05 0.267004 0.440788 0.0969929 0.0732802 9.9982E-05
0.0412967 0.113727 9.9982E-05 9.9982E-05 0.622869 0.13472 0.0630828 0.0241044
9.9964E-05 9.9964E-05 9.9964E-05 0.562182 0.234449 0.190723 9.9964E-05 0.0122455
9.99551E-05 9.99551E-05 9.99551E-05 0.239531 0.524336 9.99551E-05 0.235633 9.99551E-05
9.9973E-05 0.0743731 9.9973E-05 0.0285397 0.580738 9.9973E-05 0.246356 0.0696932
9.9964E-05 0.277473 0.0125475 9.9964E-05 9.9964E-05 0.0102798 0.6993 9.9964E-05
9.99639E-05 0.500042 0.0963696 0.0709448 9.99639E-05 9.99639E-05 0.332244 9.99639E-05
9.99459E-05 0.799865 9.99459E-05 9.99459E-05 9.99459E-05 9.99459E-05 0.199535 9.99459E-05
0.0105147 0.590881 9.9964E-05 0.158259 9.9964E-05 9.9964E-05 0.239945 9.9964E-05
9.99549E-05 0.466969 9.99549E-05 9.99549E-05 9.99549E-05 0.01483 0.517701 9.99549E-05
9.9964E-05 9.9964E-05 0.0862932 0.4319 9.9964E-05 9.9964E-05 0.41005 0.0713568
0.0346824 0.172394 9.9973E-05 9.9973E-05 9.9973E-05 0.0476255 0.70245 0.0425485
9.9955E-05 9.9955E-05 9.9955E-05 0.426597 9.9955E-05 9.9955E-05 0.541224 0.0316795
9.99549E-05 9.99549E-05 9.99549E-05 0.371935 9.99549E-05 9.99549E-05 0.510762 0.116804
0.0590087 9.9973E-05 9.9973E-05 0.0285731 0.295425 0.00208315 0.614611 9.9973E-05
9.9964E-05 9.9964E-05 0.340653 0.0741475 9.9964E-05 0.269586 9.9964E-05 0.315213
0.0355663 9.9964E-05 0.399078 9.9964E-05 9.9964E-05 0.401023 9.9964E-05 0.163933
0.0329611 0.00337467 0.00947857 0.0203323 0.00118899 0.869814 9.9991E-05 0.06275
9.9964E-05 9.9964E-05 0.349305 0.140527 9.9964E-05 0.457221 0.0525471 9.9964E-05
9.9964E-05 9.9964E-05 0.399784 0.032577 0.000509448 0.56673 9.9964E-05 9.9964E-05
9.9973E-05 0.0926342 0.148314 0.0403417 9.9973E-05 0.625184 0.0932257 9.9973E-05
9.99549E-05 0.334848 0.576232 9.99549E-05 9.99549E-05 9.99549E-05 9.99549E-05 0.0884209
9.9973E-05 0.00698138 0.754032 9.9973E-05 0.136549 9.9973E-05 0.0103948 0.091743
0.0116683 9.9973E-05 0.792662 9.9973E-05 0.0321236 0.089381 9.9973E-05 0.0738654
9.9955E-05 9.9955E-05 0.678542 9.9955E-05 9.9955E-05 0.278558 9.9955E-05 0.0424002
9.9973E-05 0.0132598 0.51236 9.9973E-05 9.9973E-05 0.238603 0.044393 0.191084
9.99551E-05 9.99551E-05 0.177475 9.99551E-05 9.99551E-05 0.606062 9.99551E-05 0.215964
9.996E-05 0.0861259 0.495759 9.996E-05 9.996E-05 0.200404 9.996E-05 0.217311
9.9964E-05 9.9964E-05 0.559028 9.9964E-05 9.9964E-05 0.303107 0.00706203 0.130403
0.0135723 0.0798436 0.629098 9.9973E-05 9.9973E-05 0.0576727 9.9973E-05 0.219514
0.00153944 9.9973E-05 0.428003 9.9973E-05 9.9973E-05 0.379715 0.000108166 0.190335
0.0561086 0.0249579 0.806695 9.9964E-05 9.9964E-05 9.9964E-05 9.9964E-05 0.111838
9.9955E-05 9.9955E-05 0.284861 9.9955E-05 9.9955E-05 0.571869 0.14277 9.9955E-05
9.99551E-05 9.99551E-05 0.17414 9.99551E-05 9.99551E-05 0.655227 0.170133 9.99551E-05
9.9973E-05 0.11541 0.0948157 9.9973E-05 0.0184506 0.748055 0.0229687 9.9973E-05
9.9964E-05 0.0143584 0.329739 9.9964E-05 0.128132 0.527371 9.9964E-05 9.9964E-05
0.0345693 9.9946E-05 9.9946E-05 9.9946E-05 9.9946E-05 0.964831 9.9946E-05 9.9946E-05
9.9964E-05 9.9964E-05 0.342469 0.0468703 9.9964E-05 0.593487 9.9964E-05 0.0167733
9.9973E-05 0.109957 0.691646 9.9973E-05 9.9973E-05 0.120377 0.0351916 0.0425283
9.9964E-05 0.143629 0.0788279 9.9964E-05 0.0707216 0.706422 9.9964E-05 9.9964E-05
0.79547 0.00369908 9.99731E-05 9.99731E-05 0.0446724 0.0175154 0.138343 9.99731E-05
0.0706175 9.9964E-05 9.9964E-05 0.826222 9.9964E-05 0.0928429 0.00991798 9.9964E-05
0.146249 9.9955E-05 9.9955E-05 0.780318 9.9955E-05 0.0729327 9.9955E-05 9.9955E-05
0.758084 0.0925909 9.9973E-05 9.9973E-05 0.0406993 0.0627925 0.045533 9.9973E-05
0.641074 0.264788 9.9955E-05 9.9955E-05 9.9955E-05 9.9955E-05 0.0936377 9.9955E-05
0.0179603 0.98144 9.9946E-05 9.9946E-05 9.9946E-05 9.9946E-05 9.9946E-05 9.9946E-05
0.0715843 0.269 0.0261385 0.0870593 0.545918 9.9973E-05 9.9973E-05 9.9973E-05
0.0589147 0.24803 0.0227887 0.130794 0.448998 9.9982E-05 9.9982E-05 0.0902746
0.420888 0.100784 9.9964E-05 0.00834868 0.469579 9.9964E-05 9.9964E-05 9.9964E-05
0.447653 0.337578 9.99729E-05 0.083379 0.116417 9.99729E-05 9.99729E-05 0.0146735
0.295709 9.9955E-05 9.9955E-05 9.9955E-05 0.63117 0.0726215 9.9955E-05 9.9955E-05
0.0417356 9.9955E-05 9.9955E-05 9.9955E-05 0.957308 9.9955E-05 0.000456841 9.9955E-05
0.30464 9.9973E-05 9.9973E-05 9.9973E-05 0.569637 0.025966 0.0236715 0.0757861
0.202536 0.0726583 9.9973E-05 9.9973E-05 0.681112 0.00763096 9.9973E-05 0.0357624
9.99549E-05 0.375281 0.0325254 9.99549E-05 0.591694 9.99549E-05 9.99549E-05 9.99549E-05
0.0804298 0.123836 0.0164739 9.9982E-05 0.725409 9.9982E-05 0.0369582 0.0166927
0.378269 9.9955E-05 9.9955E-05 9.9955E-05 0.582231 0.0390006 9.9955E-05 9.9955E-05
0.293728 9.9964E-05 9.9964E-05 9.9964E-05 0.681815 0.01839 9.9964E-05 0.00566794
0.23583 9.9973E-05 0.0137338 0.169886 0.544037 9.9973E-05 9.9973E-05 0.0362136
0.409835 0.185341 9.99639E-05 0.271918 9.99639E-05 9.99639E-05 0.132506 9.99639E-05
0.512983 9.9955E-05 9.9955E-05 0.352808 0.133709 9.9955E-05 9.9955E-05 9.9955E-05
0.430499 9.9964E-05 9.9964E-05 0.430847 9.9964E-05 9.9964E-05 0.0473257 0.0909281
0.468105 9.9946E-05 9.9946E-05 0.531296 9.9946E-05 9.9946E-05 9.9946E-05 9.9946E-05
0.744209 0.220178 9.9955E-05 9.9955E-05 9.9955E-05 0.0351129 9.9955E-05 9.9955E-05
0.836829 9.9955E-05 9.9955E-05 9.9955E-05 9.9955E-05 9.9955E-05 0.11823 0.0444414
0.697196 9.9964E-05 9.9964E-05 0.0273453 9.9964E-05 9.9964E-05 0.210226 0.0648328
0.911509 9.9955E-05 0.00435041 9.9955E-05 9.9955E-05 9.9955E-05 0.083641 9.9955E-05
0.796531 0.062406 9.9964E-05 9.9964E-05 0.088016 0.0526469 9.9964E-05 9.9964E-05
0.727894 9.9964E-05 9.9964E-05 0.0312567 0.227128 9.9964E-05 0.0133213 9.9964E-05
0.807619 9.9964E-05 9.9964E-05 0.0398277 0.0311262 9.9964E-05 9.9964E-05 0.121027
0.816024 9.9964E-05 9.9964E-05 0.0669403 0.0336352 9.9964E-05 9.9964E-05 0.083001
0.349981 0.080236 9.9982E-05 0.25212 0.255253 9.9982E-05 0.0502242 0.0119858
0.437905 9.9973E-05 9.9973E-05 0.339071 0.0463985 0.0370766 0.139249 9.9973E-05
0.571703 0.0949767 9.9973E-05 0.0636044 0.166641 9.9973E-05 9.9973E-05 0.102775
0.743903 0.0801333 9.99641E-05 9.99641E-05 0.066527 9.99641E-05 9.99641E-05 0.109037
0.768472 0.0631855 9.9973E-05 0.131499 0.00942216 9.9973E-05 0.0271212 9.9973E-05
0.863768 0.00766784 9.9973E-05 0.0770196 9.9973E-05 9.9973E-05 0.00703814 0.044206
0.696229 0.127598 9.99639E-05 0.0520493 0.123724 9.99639E-05 9.99639E-05 9.99639E-05
0.249433 0.0301197 9.9964E-05 0.475677 9.9964E-05 9.9964E-05 9.9964E-05 0.24437
0.360026 0.0569469 9.9964E-05 0.518938 9.9964E-05 9.9964E-05 9.9964E-05 0.0636888
0.571872 0.0522002 9.9973E-05 0.298774 0.0120332 9.9973E-05 9.9973E-05 0.0648207
0.740182 9.9955E-05 9.9955E-05 0.0831749 0.176143 9.9955E-05 9.9955E-05 9.9955E-05
0.617856 9.9991E-05 0.0151633 0.0940506 0.16501 0.0311725 0.0393209 0.0373274
0.657805 9.9964E-05 9.9964E-05 0.0377723 0.12553 9.9964E-05 9.9964E-05 0.178493
0.876539 9.9964E-05 0.0530361 0.0510079 0.0190172 9.9964E-05 9.9964E-05 9.9964E-05
0.576276 9.9964E-05 0.166439 9.9964E-05 9.9964E-05 0.0666324 9.9964E-05 0.190253
0.601376 9.9982E-05 0.0812936 0.0233389 0.00425785 0.286176 0.00335793 9.9982E-05
0.749869 0.141509 9.9955E-05 0.108123 9.9955E-05 9.9955E-05 9.9955E-05 9.9955E-05
0.339625 0.0742236 9.99549E-05 0.585651 9.99549E-05 9.99549E-05 9.99549E-05 9.99549E-05
0.500062 0.0492238 0.026723 0.286316 9.9973E-05 9.9973E-05 9.9973E-05 0.137376
0.451062 0.0024441 9.9964E-05 0.410822 9.9964E-05 9.9964E-05 9.9964E-05 0.135272
0.115471 0.0479269 9.9955E-05 0.836103 9.9955E-05 9.9955E-05 9.9955E-05 9.9955E-05
0.841615 0.0702667 9.9973E-05 0.0440138 9.9973E-05 0.00722925 0.0365752 9.9973E-05
0.359424 9.9955E-05 9.9955E-05 0.610938 0.0291386 9.9955E-05 9.9955E-05 9.9955E-05
0.622572 9.9955E-05 9.9955E-05 0.28499 0.0919385 9.9955E-05 9.9955E-05 9.9955E-05
0.434617 0.124877 9.9982E-05 0.287612 0.129998 9.9982E-05 0.00220464 0.020491
0.574599 0.0640896 0.0420735 0.318838 9.9964E-05 9.9964E-05 9.9964E-05 9.9964E-05
0.0123903 0.173123 0.57358 0.131979 9.9973E-05 0.108627 9.9973E-05 9.9973E-05
9.9982E-05 0.0597862 0.512699 0.0427083 0.00710546 0.364291 9.9982E-05 0.0132104
9.9964E-05 0.0953373 0.604022 0.0723593 9.9964E-05 0.227882 9.9964E-05 9.9964E-05
9.99639E-05 0.15735 0.016484 0.103355 9.99639E-05 0.722411 9.99639E-05 9.99639E-05
0.095274 0.0903784 0.142374 9.9964E-05 9.9964E-05 0.671573 9.9964E-05 9.9964E-05
9.9955E-05 0.010184 0.242949 9.9955E-05 9.9955E-05 0.746367 9.9955E-05 9.9955E-05
9.9973E-05 9.9973E-05 0.549939 0.124094 0.0129543 0.308922 9.9973E-05 0.00379167
9.9964E-05 0.11838 0.701014 9.9964E-05 9.9964E-05 0.124961 9.9964E-05 0.0552445
9.99461E-05 0.44063 0.558771 9.99461E-05 9.99461E-05 9.99461E-05 9.99461E-05 9.99461E-05
0.0840265 0.00587592 0.302146 9.9964E-05 9.9964E-05 0.607551 9.9964E-05 9.9964E-05
9.99461E-05 9.99461E-05 9.99461E-05 9.99461E-05 9.99461E-05 0.891344 0.108057 9.99461E-05
9.9955E-05 9.9955E-05 9.9955E-05 9.9955E-05 9.9955E-05 0.936593 0.0153662 0.0475415
0.0460841 9.99641E-05 9.99641E-05 9.99641E-05 0.00174024 0.898313 0.0534626 9.99641E-05
