9.9982E-05 9.9982E-05 0.197367 0.0307842 0.317365 0.454284
9.999E-05 0.177528 0.405549 0.23748 0.1295 0.0498425
9.999E-05 0.102792 0.0986275 0.0677576 0.435144 0.295579
0.0302828 0.162493 0.107896 9.9991E-05 0.372152 0.327076
0.00557747 9.9973E-05 9.9973E-05 9.9973E-05 0.740881 0.253241
9.9973E-05 0.105886 9.9973E-05 9.9973E-05 0.421228 0.472585
0.00375213 0.0833806 9.9973E-05 0.912567 9.9973E-05 9.9973E-05
0.249015 0.13189 0.11107 0.455956 0.0390171 0.0130525
0.279844 9.9973E-05 0.0254099 0.694446 9.9973E-05 9.9973E-05
0.196985 0.00322741 9.9982E-05 0.765599 9.9982E-05 0.0339884
0.117458 9.9973E-05 0.0298826 0.852359 9.9973E-05 9.9973E-05
0.0335263 9.9982E-05 9.9982E-05 0.876417 0.0807795 0.009077
0.426807 9.9973E-05 9.9973E-05 0.568418 0.00447508 9.9973E-05
0.468846 9.9973E-05 9.9973E-05 0.526837 9.9973E-05 0.00401672
0.219475 0.0740125 0.0296706 0.676642 9.9982E-05 9.9982E-05
0.126791 9.99731E-05 0.0629101 0.809999 9.99731E-05 9.99731E-05
9.9982E-05 0.190113 9.9982E-05 0.00500818 0.354666 0.450013
0.0561641 0.693995 0.00404499 9.9991E-05 0.0936163 0.15208
0.0931516 0.215803 9.9982E-05 9.9982E-05 0.0177546 0.673091
0.114453 0.158397 9.9982E-05 9.9982E-05 0.237429 0.489521
0.0207436 0.534215 9.9982E-05 9.9982E-05 0.270947 0.173894
0.073488 0.445443 9.9982E-05 9.9982E-05 0.0109304 0.469939
9.9982E-05 9.9982E-05 0.201874 0.186249 0.0782613 0.533415
0.015761 9.9982E-05 0.157858 9.9982E-05 0.20411 0.622071
9.99731E-05 9.99731E-05 9.99731E-05 0.0210672 0.164845 0.813788
9.9982E-05 0.0365873 0.113623 9.9982E-05 0.16596 0.68363
0.150272 9.9973E-05 9.9973E-05 9.9973E-05 0.379181 0.470247
0.0841332 9.9973E-05 9.9973E-05 9.9973E-05 0.437219 0.478347
0.0417159 0.376512 0.194213 9.9991E-05 0.382311 0.00514821
0.0588232 0.493618 0.109528 9.9991E-05 0.300857 0.0370742
9.9982E-05 0.599798 9.9982E-05 0.162251 0.1224 0.115351
9.9982E-05 0.311021 9.9982E-05 0.124361 0.448382 0.116036
9.9973E-05 0.320946 9.9973E-05 9.9973E-05 0.411152 0.267602
9.9973E-05 9.9973E-05 0.0828767 0.0477269 9.9973E-05 0.869097
9.9973E-05 9.9973E-05 0.129533 0.251143 9.9973E-05 0.619024
0.00866331 0.144487 9.9991E-05 0.0585186 0.23904 0.54919
0.210665 0.134189 9.9991E-05 0.175122 0.0321148 0.447809
0.0585854 0.0250891 9.9991E-05 0.117592 0.130529 0.668105
0.0404923 0.207244 0.183508 0.0337015 9.9991E-05 0.534954
0.0407811 0.171956 9.9991E-05 0.00323745 0.0932232 0.690703
9.9973E-05 0.14474 0.483858 9.9973E-05 9.9973E-05 0.371102
0.0999309 0.0572266 0.147038 9.9991E-05 0.383532 0.312173
0.119174 0.185795 9.9982E-05 9.9982E-05 0.393667 0.301165
0.171594 9.9982E-05 0.487817 9.9982E-05 0.119123 0.221266
9.9982E-05 0.098013 0.0903854 9.9982E-05 0.289087 0.522315
9.9973E-05 0.233712 9.9973E-05 9.9973E-05 0.219253 0.546735
0.0833388 0.68881 9.9973E-05 9.9973E-05 9.9973E-05 0.227551
0.0162794 0.769635 0.190927 0.0229589 9.9982E-05 9.9982E-05
9.9964E-05 0.877308 0.122292 9.9964E-05 9.9964E-05 9.9964E-05
9.9973E-05 0.671346 0.32381 9.9973E-05 9.9973E-05 0.00454406
0.0618503 0.801788 9.9982E-05 9.9982E-05 0.0107194 0.125443
0.0798241 0.186018 0.363541 0.0455618 9.9991E-05 0.324955
0.0939685 0.477568 9.9982E-05 9.9982E-05 0.0473197 0.380944
0.0717822 0.120074 0.239219 9.9982E-05 9.9982E-05 0.568725
0.0322152 0.112143 0.290859 9.9982E-05 9.9982E-05 0.564582
0.100568 0.0997822 9.9982E-05 9.9982E-05 0.202829 0.596621
0.292992 9.9982E-05 0.130234 0.416332 9.9982E-05 0.160243
0.498422 9.9991E-05 0.0193919 0.333386 0.0268133 0.121887
0.89457 9.9973E-05 0.0734136 9.9973E-05 9.9973E-05 0.0317161
0.50082 9.9973E-05 0.128604 0.370276 9.9973E-05 9.9973E-05
0.585687 9.9973E-05 0.0661429 0.34787 9.9973E-05 9.9973E-05
0.649535 0.209673 0.0264582 0.114135 9.9982E-05 9.9982E-05
9.9973E-05 0.170185 0.0558041 0.773711 9.9973E-05 9.9973E-05
0.0106619 9.9982E-05 9.9982E-05 0.811992 0.0628336 0.114313
0.178012 9.9973E-05 9.9973E-05 0.784411 0.0372771 9.9973E-05
0.385632 9.9973E-05 9.9973E-05 0.603486 9.9973E-05 0.0105819
0.304247 9.9982E-05 9.9982E-05 0.56723 0.0220364 0.106286
0.641229 9.99731E-05 9.99731E-05 0.258352 9.99731E-05 0.100119
0.132892 9.9973E-05 9.9973E-05 0.756306 9.9973E-05 0.110502
0.352759 9.9982E-05 0.000340129 0.564704 9.9982E-05 0.0819964
0.0254684 9.9982E-05 9.9982E-05 0.792649 0.0704407 0.111242
0.405009 9.9982E-05 9.9982E-05 0.425219 0.021585 0.147986
0.0555784 9.9973E-05 9.9973E-05 0.863918 0.0802037 9.9973E-05
0.666528 0.0785689 9.9982E-05 0.211054 0.0436489 9.9982E-05
0.691991 0.0489773 9.9982E-05 0.134703 9.9982E-05 0.124129
0.701449 0.161681 9.9982E-05 0.129823 0.0068463 9.9982E-05
0.526728 0.00321861 9.9982E-05 0.371267 0.0985865 9.9982E-05
0.957989 9.9964E-05 9.9964E-05 9.9964E-05 0.0416111 9.9964E-05
0.635965 9.9973E-05 0.0367739 0.326961 9.9973E-05 9.9973E-05
0.194537 0.0986118 9.9982E-05 0.700312 9.9982E-05 0.00633911
0.682154 0.157664 9.9982E-05 0.149308 0.0106746 9.9982E-05
0.0398129 0.0477345 0.0549879 9.9991E-05 0.764423 0.0929414
0.116511 9.9964E-05 0.883089 9.9964E-05 9.9964E-05 9.9964E-05
0.11833 9.9973E-05 0.764082 9.9973E-05 0.117288 9.9973E-05
0.0279715 0.10637 9.9982E-05 0.0340901 0.831369 9.9982E-05
9.9973E-05 0.297141 0.157942 9.9973E-05 0.544616 9.9973E-05
9.99731E-05 0.62418 0.365326 0.0101936 9.99731E-05 9.99731E-05
9.9982E-05 0.201476 0.192765 0.147131 0.458427 9.9982E-05
9.9991E-05 0.188686 0.310137 0.0960331 0.30144 0.103604
9.9973E-05 0.15224 9.9973E-05 0.0512876 0.796173 9.9973E-05
9.9973E-05 0.204978 0.303017 9.9973E-05 0.491706 9.9973E-05
0.0943304 9.9982E-05 9.9982E-05 0.0299572 0.832254 0.0432581
0.0555807 0.026397 9.9982E-05 9.9982E-05 0.652101 0.265721
9.9973E-05 0.0328945 9.9973E-05 9.9973E-05 0.669808 0.296997
0.00595628 0.0902371 9.9991E-05 0.0600556 0.645477 0.198174
9.9973E-05 0.527218 9.9973E-05 0.050091 0.422391 9.9973E-05
9.9973E-05 0.244564 9.9973E-05 9.9973E-05 0.507596 0.24754
0.076524 9.9982E-05 9.9982E-05 0.0215177 0.768783 0.132975
0.0593683 9.9973E-05 9.9973E-05 9.9973E-05 0.740817 0.199514
9.9982E-05 9.9982E-05 0.163261 0.0409649 0.531643 0.263931
9.9973E-05 0.206498 0.344038 9.9973E-05 0.449163 9.9973E-05
9.9982E-05 0.0668289 0.359889 9.9982E-05 0.568158 0.00492476
0.0130186 0.0138112 0.474446 9.9991E-05 0.448249 0.0503755
9.9973E-05 0.000179456 0.597749 9.9973E-05 0.401772 9.9973E-05
9.9982E-05 0.197469 0.023791 0.0234766 0.755064 9.9982E-05
9.9973E-05 0.0552094 9.9973E-05 9.9973E-05 0.871055 0.0734355
9.9982E-05 0.074887 0.0741944 9.9982E-05 0.654151 0.196568
9.9973E-05 0.0976154 0.0164143 9.9973E-05 0.88567 9.9973E-05
0.0268803 0.0798337 0.0305236 9.9982E-05 0.862562 9.9982E-05
9.9982E-05 9.9982E-05 0.0853551 0.0208337 0.873408 0.0202032
9.9973E-05 9.9973E-05 0.0279434 9.9973E-05 0.859397 0.112359
9.9973E-05 9.9973E-05 0.119365 9.9973E-05 0.880134 0.000201185
9.9982E-05 0.138757 0.194508 9.9982E-05 0.551494 0.115041
0.0415497 0.0969005 0.305394 9.9982E-05 0.555956 9.9982E-05
9.9982E-05 0.119014 0.181003 9.9982E-05 0.634725 0.0650579
9.9982E-05 0.074092 0.0768927 0.0380447 0.810771 9.9982E-05
9.9973E-05 0.0954048 0.15927 9.9973E-05 0.745025 9.9973E-05
0.0104754 9.9982E-05 0.182325 9.9982E-05 0.785586 0.0214143
9.9973E-05 0.11436 0.139637 9.9973E-05 0.745703 9.9973E-05
9.9982E-05 9.9982E-05 0.719943 0.0221519 0.220464 0.0372414
9.9973E-05 9.9973E-05 0.612878 0.042567 0.344255 9.9973E-05
0.0238897 9.9982E-05 0.439705 0.0139224 0.522283 9.9982E-05
9.9964E-05 9.9964E-05 0.104736 9.9964E-05 0.894864 9.9964E-05
0.0745751 9.9991E-05 0.086331 0.0166556 0.800634 0.0217039
0.00894304 9.9982E-05 0.128204 9.9982E-05 0.758404 0.104249
9.9973E-05 0.0556265 0.120182 9.9973E-05 0.823892 9.9973E-05
0.207701 9.9991E-05 0.0904743 0.0501186 0.577518 0.074089
0.257364 9.9973E-05 9.9973E-05 0.136315 0.606021 9.9973E-05
9.9973E-05 0.110935 0.207553 9.9973E-05 0.681212 9.9973E-05
9.9973E-05 0.0509705 0.635184 9.9973E-05 0.313546 9.9973E-05
9.9973E-05 9.9973E-05 0.44675 0.0963553 0.456594 9.9973E-05
0.00895093 9.9973E-05 0.638291 9.9973E-05 0.352459 9.9973E-05
9.9982E-05 0.0914049 0.855047 9.9982E-05 0.0373045 0.0160441
9.9973E-05 0.0849577 0.169779 9.9973E-05 0.744964 9.9973E-05
9.9973E-05 9.9973E-05 0.612313 9.9973E-05 0.343783 0.0436046
0.00646541 9.9982E-05 0.311797 9.9982E-05 0.673726 0.00781207
9.9982E-05 0.133013 0.365286 9.9982E-05 0.477173 0.0243286
9.9973E-05 0.0593863 0.459447 9.9973E-05 0.480867 9.9973E-05
0.0933731 0.069119 0.157479 0.679829 9.9982E-05 9.9982E-05
0.410133 9.9973E-05 0.076117 0.51345 9.9973E-05 9.9973E-05
0.294049 0.147001 0.0171334 0.541617 9.9982E-05 9.9982E-05
0.633092 0.047615 0.158653 0.160441 9.9982E-05 9.9982E-05
0.713567 0.0933305 0.0251755 0.118466 0.0493607 9.9991E-05
0.758088 0.00931252 9.9973E-05 0.2323 9.9973E-05 9.9973E-05
0.375623 9.9982E-05 0.0413187 0.544542 0.0383168 9.9982E-05
0.126891 9.9973E-05 9.9973E-05 0.856833 0.0159758 9.9973E-05
9.99731E-05 0.0304501 0.155191 0.814059 9.99731E-05 9.99731E-05
0.664072 0.0227475 9.9982E-05 0.243162 0.0698187 9.9982E-05
0.964155 9.99641E-05 9.99641E-05 9.99641E-05 9.99641E-05 0.0354448
0.947239 9.9964E-05 9.9964E-05 9.9964E-05 9.9964E-05 0.0523607
0.960261 0.0283524 9.9973E-05 9.9973E-05 0.0110867 9.9973E-05
