9.9982E-05 0.120675 9.9982E-05 0.518486 0.360639
0.016788 0.478995 9.9991E-05 0.160572 0.343545
0.0209929 0.157433 9.9991E-05 0.417171 0.404304
0.144831 0.0528846 0.018705 0.441464 0.342116
9.9982E-05 9.9982E-05 0.0444787 0.247801 0.70752
0.0982795 9.9982E-05 9.9982E-05 0.537548 0.363973
0.0277386 0.742698 0.229363 9.9982E-05 9.9982E-05
0.109582 0.398749 0.376711 9.9991E-05 0.114858
9.9973E-05 0.583256 0.416444 9.9973E-05 9.9973E-05
9.9973E-05 0.544679 0.455021 9.9973E-05 9.9973E-05
9.9973E-05 0.719862 0.279838 9.9973E-05 9.9973E-05
9.9982E-05 0.694578 0.271147 0.0340753 9.9982E-05
9.9982E-05 0.418921 0.579921 0.000958399 9.9982E-05
0.00930894 0.340275 0.650216 9.9982E-05 9.9982E-05
9.9973E-05 0.622613 0.377087 9.9973E-05 9.9973E-05
9.9973E-05 0.723804 0.275896 9.9973E-05 9.9973E-05
0.206677 9.9991E-05 0.0436797 0.506094 0.24345
0.67852 9.9991E-05 0.0741301 0.21059 0.0366597
0.22258 9.9982E-05 0.0740195 0.7032 9.9982E-05
0.152476 9.9991E-05 0.129296 0.596161 0.121967
0.481265 9.9991E-05 0.0533472 0.307332 0.157956
0.422478 9.9982E-05 0.0684754 0.508847 9.9982E-05
9.9982E-05 0.326902 9.9982E-05 0.547128 0.125771
9.999E-05 0.0542069 0.00222342 0.687847 0.255623
9.9982E-05 0.0500174 9.9982E-05 0.911332 0.0384511
0.0684882 9.9982E-05 9.9982E-05 0.766803 0.164509
9.9982E-05 9.9982E-05 0.161723 0.566211 0.271865
9.9982E-05 9.9982E-05 0.146193 0.543739 0.309868
0.314563 0.0334113 0.0767003 0.030503 0.544822
0.462144 0.0280495 0.0654555 0.100754 0.343597
0.458744 0.264486 9.9991E-05 0.253676 0.0229947
0.276596 0.0560468 0.0739956 0.208292 0.385069
0.297805 9.9982E-05 9.9982E-05 0.442852 0.259143
9.9973E-05 0.0934036 9.9973E-05 0.906296 9.9973E-05
9.9973E-05 0.386915 9.9973E-05 0.612786 9.9973E-05
0.169089 0.0685869 0.0429486 0.536592 0.182784
0.069042 0.21467 0.215919 0.500269 9.9991E-05
9.9991E-05 0.129394 0.0854069 0.736056 0.0490436
0.162286 0.128399 9.9982E-05 0.709116 9.9982E-05
0.155859 9.9991E-05 0.110535 0.69753 0.0359756
0.103417 0.110396 9.9991E-05 0.425658 0.360429
0.0470284 9.9991E-05 0.0673591 0.416819 0.468694
0.175356 9.9991E-05 0.10826 0.486142 0.230142
9.9991E-05 0.129303 0.0763998 0.320668 0.473529
0.0566776 0.0533374 9.9991E-05 0.598576 0.291309
0.196557 9.9982E-05 9.9982E-05 0.705715 0.097528
0.705615 9.9982E-05 0.124605 0.16958 9.9982E-05
0.774382 0.123254 9.9982E-05 9.9982E-05 0.102164
0.928259 0.0714407 9.9973E-05 9.9973E-05 9.9973E-05
0.716072 9.9982E-05 9.9982E-05 0.00847513 0.275253
0.767972 9.9982E-05 0.0729092 0.158919 9.9982E-05
0.208168 0.16271 0.00916167 0.459122 0.160838
0.473897 9.9982E-05 0.0859396 0.439963 9.9982E-05
0.18294 9.9991E-05 0.0132615 0.713031 0.0906679
0.190861 0.107278 0.0123825 0.65551 0.0339687
0.0531768 9.9991E-05 0.0873301 0.76589 0.0935034
9.9991E-05 0.400342 0.341402 0.251445 0.00671132
9.9991E-05 0.226504 0.607522 0.148159 0.0177151
9.9982E-05 0.0278392 0.851765 9.9982E-05 0.120195
0.0517923 0.341592 0.568828 0.0376874 9.9991E-05
9.9973E-05 0.340946 0.658755 9.9973E-05 9.9973E-05
0.188438 0.166285 0.63113 9.9991E-05 0.0140477
0.0528888 0.946811 9.9973E-05 9.9973E-05 9.9973E-05
9.9982E-05 0.679207 0.211507 0.109086 9.9982E-05
9.9982E-05 0.598657 0.3809 9.9982E-05 0.0202424
9.9973E-05 0.425613 0.574087 9.9973E-05 9.9973E-05
9.9982E-05 0.378469 0.463834 0.157497 9.9982E-05
9.99821E-05 0.120432 0.764528 0.11484 9.99821E-05
9.9982E-05 0.615891 0.337359 0.0465505 9.9982E-05
9.9973E-05 0.432127 0.567573 9.9973E-05 9.9973E-05
9.9982E-05 0.630223 0.179911 0.189666 9.9982E-05
9.9982E-05 0.299981 0.637313 0.0625066 9.9982E-05
9.9973E-05 0.736747 0.262953 9.9973E-05 9.9973E-05
0.0518599 0.192937 0.712651 9.9991E-05 0.0424526
0.0158647 0.0385949 0.763593 0.181847 9.9991E-05
0.173432 0.0906462 0.735722 9.9982E-05 9.9982E-05
9.9991E-05 0.289569 0.649463 0.0133668 0.0475013
9.9973E-05 9.9973E-05 0.956548 9.9973E-05 0.0431523
9.9973E-05 0.262721 0.736979 9.9973E-05 9.9973E-05
0.00962552 0.689434 0.30074 9.9982E-05 9.9982E-05
0.175671 0.101728 0.722401 9.9982E-05 9.9982E-05
9.9982E-05 9.9982E-05 0.0880247 0.0817062 0.830069
9.9982E-05 0.225572 9.9982E-05 0.0574782 0.71675
9.9973E-05 0.196284 9.9973E-05 9.9973E-05 0.803416
0.0747641 9.9991E-05 0.103171 0.0183866 0.803578
0.288838 9.9982E-05 0.0321987 9.9982E-05 0.678763
0.515584 0.283078 9.9982E-05 9.9982E-05 0.201137
0.155143 0.224764 9.9991E-05 0.102402 0.517591
0.157605 0.184864 9.9991E-05 0.120085 0.537345
0.122912 9.9991E-05 0.0564816 0.0565129 0.763993
0.134029 0.103692 9.9982E-05 9.9982E-05 0.762079
9.9982E-05 9.9982E-05 0.173685 0.141908 0.684208
9.9982E-05 9.9982E-05 0.0781654 0.454474 0.467161
0.0373663 9.9991E-05 0.0303077 0.358099 0.574127
0.0699092 9.9991E-05 0.104665 0.265741 0.559585
0.461012 0.117592 9.9991E-05 0.0375997 0.383696
0.171691 0.072231 0.0090365 0.334319 0.412722
9.9982E-05 9.9982E-05 0.12168 0.242614 0.635506
9.9982E-05 9.9982E-05 0.0975164 0.332702 0.569581
9.9982E-05 0.0511556 9.9982E-05 0.329734 0.61891
0.31332 9.9973E-05 9.9973E-05 9.9973E-05 0.68638
0.111255 9.9982E-05 9.9982E-05 0.0384387 0.850106
0.128188 0.0172408 9.9991E-05 0.0136289 0.840842
0.0491044 0.0947804 9.9991E-05 0.00272345 0.853292
0.181539 9.9982E-05 0.0562272 9.9982E-05 0.762033
9.9982E-05 9.9982E-05 0.0486226 0.112233 0.838945
0.0842725 9.9991E-05 0.0360691 0.196538 0.68302
0.0212915 9.9982E-05 0.0789033 9.9982E-05 0.899605
0.0436324 9.9982E-05 0.112893 9.9982E-05 0.843275
9.9982E-05 9.9982E-05 0.055092 0.0506755 0.894033
9.9982E-05 9.9982E-05 0.0611994 0.123993 0.814607
9.9982E-05 9.9982E-05 0.0174016 0.0193509 0.963048
0.171422 9.9982E-05 9.9982E-05 0.18677 0.641608
0.149007 9.9982E-05 0.0922084 9.9982E-05 0.758584
0.110782 0.0219895 9.9991E-05 0.1051 0.762029
0.0775363 9.9991E-05 0.05322 0.0533489 0.815795
0.0904862 9.9982E-05 0.0428562 9.9982E-05 0.866458
9.9973E-05 9.9973E-05 0.0590674 9.9973E-05 0.940633
0.0492182 0.0188619 0.00235295 0.0286309 0.900936
9.99731E-05 0.23853 9.99731E-05 9.99731E-05 0.76117
9.9973E-05 0.185169 9.9973E-05 9.9973E-05 0.814531
9.9973E-05 0.133843 9.9973E-05 9.9973E-05 0.865858
9.9982E-05 9.9982E-05 0.050114 0.0497373 0.899949
9.9982E-05 9.9982E-05 0.123725 0.113876 0.762198
9.9982E-05 9.9982E-05 0.0844949 0.0935208 0.821784
0.0121867 9.9982E-05 0.0594745 9.9982E-05 0.928139
9.9982E-05 9.9982E-05 0.277462 0.0866416 0.635697
9.9982E-05 0.040686 0.363425 9.9982E-05 0.595689
0.132871 0.000257733 9.9982E-05 9.9982E-05 0.866671
0.0780127 0.110607 9.9982E-05 9.9982E-05 0.811181
9.9982E-05 0.179953 9.9982E-05 0.00199832 0.817849
9.9982E-05 0.143321 9.9982E-05 0.011126 0.845353
0.0909066 0.163138 9.9982E-05 9.9982E-05 0.745756
0.0569664 9.9982E-05 0.0419366 9.9982E-05 0.900897
0.0353218 0.0748641 9.9991E-05 0.0366379 0.853076
9.9991E-05 0.00995942 0.0112909 0.0813281 0.897322
0.153938 9.9982E-05 9.9982E-05 0.0522986 0.793564
9.9973E-05 0.162562 9.9973E-05 9.9973E-05 0.837138
9.9982E-05 0.758338 0.140025 9.9982E-05 0.101437
0.0164436 0.471476 0.51188 9.9982E-05 9.9982E-05
0.114259 0.492956 0.384659 0.00802631 9.9991E-05
0.0354083 0.232838 0.633722 9.9991E-05 0.0979313
9.9982E-05 0.108323 0.73805 9.9982E-05 0.153427
0.0184089 0.173463 0.805241 9.9991E-05 0.00278636
9.9982E-05 0.519893 0.472698 0.00720893 9.9982E-05
9.9973E-05 0.681325 0.318375 9.9973E-05 9.9973E-05
9.997E-05 0.9996 9.997E-05 9.997E-05 9.997E-05
9.9982E-05 0.202977 0.716627 9.9982E-05 0.0801965
9.99731E-05 9.99731E-05 0.927003 0.0726972 9.99731E-05
0.00207374 9.9982E-05 0.962364 0.035362 9.9982E-05
9.9982E-05 9.9982E-05 0.897112 0.0829458 0.0197425
