0.0183468 0.278522 9.9991E-05 0.206507 0.0225453 0.473978
0.229723 0.108107 9.9991E-05 0.320715 0.264147 0.0772085
0.140552 0.451862 9.9991E-05 0.0763527 0.0778842 0.253249
0.170666 0.38239 0.0248493 0.0724451 9.9991E-05 0.34955
9.9964E-05 0.797519 9.9964E-05 9.9964E-05 9.9964E-05 0.202081
0.0959407 0.434904 9.9982E-05 0.0541584 9.9982E-05 0.414797
0.0864966 9.9973E-05 9.9973E-05 0.025695 0.887508 9.9973E-05
0.0421178 0.00569322 0.212154 0.143135 0.534727 0.0621731
9.9973E-05 9.9973E-05 0.22761 0.0391431 0.732947 9.9973E-05
0.000560166 9.9982E-05 0.2332 9.9982E-05 0.726046 0.0399938
9.9973E-05 9.9973E-05 0.0708001 0.0581431 0.870757 9.9973E-05
9.9982E-05 0.078386 9.9982E-05 0.000662607 0.905209 0.0155424
9.9982E-05 0.00438488 0.382293 9.9982E-05 0.610524 0.00259792
9.9982E-05 9.9982E-05 0.411617 0.00281256 0.530544 0.0548258
0.0444245 9.9991E-05 0.206933 0.00368009 0.73208 0.0127824
9.99731E-05 9.99731E-05 0.0249293 0.0668692 0.907902 9.99731E-05
0.131054 0.339232 9.9991E-05 0.0195076 0.0387622 0.471345
0.65182 0.0337386 0.0608936 9.9982E-05 9.9982E-05 0.253348
0.163384 0.0156648 0.106977 0.00459991 9.9991E-05 0.709274
0.134666 0.230422 0.0777281 9.9982E-05 9.9982E-05 0.556984
0.472622 0.240759 0.0401803 9.9982E-05 9.9982E-05 0.246239
0.430726 9.99729E-05 0.0749781 9.99729E-05 9.99729E-05 0.493996
9.9982E-05 0.0510103 9.9982E-05 0.242304 0.198664 0.507822
9.9982E-05 0.118475 0.00584848 0.255706 9.9982E-05 0.619771
9.9982E-05 0.148115 9.9982E-05 0.0653654 0.0197841 0.766535
0.0244622 0.145614 9.9982E-05 0.121009 9.9982E-05 0.708715
9.9973E-05 0.338006 0.127858 9.9973E-05 9.9973E-05 0.533836
9.9973E-05 0.451182 0.0789924 9.9973E-05 9.9973E-05 0.469526
0.315599 0.331763 0.0695216 0.267879 9.9991E-05 0.0151373
0.477006 0.227207 0.0741922 0.112249 0.0121315 0.0972138
0.58551 0.0941096 9.9982E-05 9.9982E-05 0.157407 0.162773
0.340837 0.41123 9.9982E-05 9.9982E-05 0.119995 0.127738
0.294274 0.387602 9.9973E-05 9.9973E-05 9.9973E-05 0.317824
9.9973E-05 9.9973E-05 9.9973E-05 0.106652 0.0284541 0.864594
9.9973E-05 9.9973E-05 9.9973E-05 0.108401 0.224704 0.666595
0.102232 0.283711 9.9982E-05 9.9982E-05 0.0690482 0.544809
0.144854 0.0343431 0.181645 9.9991E-05 0.167291 0.471767
0.0121262 0.12753 0.0583742 9.9991E-05 0.0891391 0.71273
0.211293 9.9991E-05 0.063426 0.0848482 0.0156623 0.62467
0.151391 0.0976127 0.0311658 9.9982E-05 9.9982E-05 0.71963
0.0729374 9.9973E-05 9.9973E-05 0.519406 9.9973E-05 0.407356
0.0509453 0.388815 0.072502 0.168067 9.9991E-05 0.319571
0.194102 0.359723 0.128644 9.9982E-05 9.9982E-05 0.317331
9.9982E-05 0.10881 0.169761 0.521046 9.9982E-05 0.200184
0.0783193 0.262576 9.9982E-05 0.150396 9.9982E-05 0.508509
0.227502 0.195291 9.9973E-05 9.9973E-05 9.9973E-05 0.576907
0.677285 9.9973E-05 0.0945936 9.9973E-05 9.9973E-05 0.227821
0.779944 9.9973E-05 9.9973E-05 0.146304 0.0734521 9.9973E-05
0.922883 9.9964E-05 9.9964E-05 0.0767175 9.9964E-05 9.9964E-05
0.690717 9.9973E-05 9.9973E-05 0.277562 9.9973E-05 0.0314212
0.781278 9.9973E-05 0.0499106 9.9973E-05 9.9973E-05 0.168512
0.159121 9.9991E-05 0.0814873 0.352279 0.0176007 0.389413
0.449153 9.9973E-05 0.10984 9.9973E-05 9.9973E-05 0.440707
0.0797146 9.9982E-05 0.0175305 0.290187 9.9982E-05 0.612368
0.0558683 9.9982E-05 0.047911 0.296442 9.9982E-05 0.599578
0.0401361 0.21385 0.0862528 9.9982E-05 9.9982E-05 0.659561
9.9982E-05 9.9982E-05 0.259244 0.109211 0.43203 0.199315
9.9991E-05 0.0371493 0.454143 0.010457 0.427576 0.0705747
9.9973E-05 9.9973E-05 0.87972 0.0930364 0.0269433 9.9973E-05
0.0320746 9.9982E-05 0.537605 0.113112 0.317009 9.9982E-05
9.9973E-05 9.9973E-05 0.612795 0.0157404 0.371164 9.9973E-05
0.178943 0.00592217 0.659817 0.0360423 0.119176 9.9991E-05
0.238792 9.9973E-05 9.9973E-05 0.0414378 0.719471 9.9973E-05
0.00907838 0.0898384 9.9982E-05 9.9982E-05 0.807659 0.0932244
9.9973E-05 0.0672232 0.180714 9.9973E-05 0.751763 9.9973E-05
0.00526672 9.9982E-05 0.387024 9.9982E-05 0.603651 0.00385853
9.9973E-05 9.9973E-05 0.24007 9.9973E-05 0.557219 0.202411
9.99731E-05 9.99731E-05 0.627344 9.99731E-05 0.248416 0.12394
9.9982E-05 9.9982E-05 0.141494 0.0132833 0.708979 0.136044
9.9973E-05 9.9973E-05 0.338121 9.9973E-05 0.585934 0.0756448
9.9982E-05 0.0719878 0.020769 9.9982E-05 0.77803 0.129013
9.9982E-05 0.00436121 0.445675 9.9982E-05 0.43397 0.115794
9.9964E-05 0.0603787 9.9964E-05 9.9964E-05 0.939221 9.9964E-05
0.0805734 0.0221767 0.63622 9.9982E-05 0.26083 9.9982E-05
9.9982E-05 0.0266343 0.680281 9.9982E-05 0.167799 0.125086
0.152722 9.9973E-05 0.720324 9.9973E-05 0.126655 9.9973E-05
0.013154 0.0810021 0.584323 9.9982E-05 0.321321 9.9982E-05
9.9964E-05 0.026194 0.973406 9.9964E-05 9.9964E-05 9.9964E-05
9.9973E-05 9.9973E-05 0.671184 0.0429576 0.285559 9.9973E-05
0.112555 9.9973E-05 0.163468 9.9973E-05 0.723678 9.9973E-05
0.167879 9.9982E-05 0.743678 9.9982E-05 0.0843207 0.00392226
0.0713351 0.807551 0.00253457 0.0557406 9.9991E-05 0.0627392
9.9973E-05 0.0582996 0.104616 0.836784 9.9973E-05 9.9973E-05
9.9973E-05 0.0575893 0.120101 0.82201 9.9973E-05 9.9973E-05
0.117544 0.777731 0.0344824 0.0381055 0.0320372 9.9991E-05
0.333248 0.563762 9.9973E-05 0.10269 9.9973E-05 9.9973E-05
0.716592 9.99641E-05 9.99641E-05 0.283008 9.99641E-05 9.99641E-05
0.284452 0.482746 9.99821E-05 0.133564 0.0990383 9.99821E-05
0.22671 0.418921 9.9991E-05 0.196317 0.0841489 0.0738028
0.160608 0.8149 9.9973E-05 9.9973E-05 0.024192 9.9973E-05
0.246149 0.44297 9.9973E-05 0.310581 9.9973E-05 9.9973E-05
0.0078455 0.817404 0.114788 9.9991E-05 0.0222888 0.0375739
9.9973E-05 0.643631 0.0487562 9.9973E-05 9.9973E-05 0.307313
0.0702284 0.701569 0.00211386 9.9982E-05 9.9982E-05 0.225888
0.131739 0.648012 0.0237526 9.9982E-05 9.9982E-05 0.196297
0.571348 0.409254 9.9973E-05 9.9973E-05 0.0190982 9.9973E-05
0.249869 0.539469 9.9973E-05 9.9973E-05 9.9973E-05 0.210362
9.9973E-05 0.808727 0.0767553 9.9973E-05 9.9973E-05 0.114218
9.9973E-05 0.751931 0.0362734 9.9973E-05 9.9973E-05 0.211495
9.9982E-05 0.592255 9.9982E-05 0.127005 0.0337851 0.246755
0.27191 0.362383 9.9973E-05 0.365408 9.9973E-05 9.9973E-05
0.0593599 0.562939 9.9982E-05 0.373516 9.9982E-05 0.00398585
0.0365587 0.345512 0.00573789 0.523819 9.9991E-05 0.0882719
0.0209724 0.475404 9.9973E-05 0.503324 9.9973E-05 9.9973E-05
0.214604 0.721215 9.9982E-05 0.0516321 0.0123488 9.9982E-05
0.00331475 0.890166 9.9973E-05 9.9973E-05 9.9973E-05 0.106219
0.0866646 0.637096 9.9982E-05 0.111283 9.9982E-05 0.164757
0.0800473 0.867271 0.00976211 0.0427194 9.9982E-05 9.9982E-05
0.103003 0.888253 0.00173394 0.00078071 0.00612919 9.9991E-05
9.9982E-05 0.871713 9.9982E-05 0.10346 0.00477218 0.0198554
9.9973E-05 0.816689 9.9973E-05 0.100425 9.9973E-05 0.0825861
9.9964E-05 0.846669 9.9964E-05 0.152931 9.9964E-05 9.9964E-05
0.17447 0.477345 9.9982E-05 0.220987 9.9982E-05 0.126998
0.0949859 0.507789 0.0702757 0.32675 9.9982E-05 9.9982E-05
0.0735395 0.643414 9.9982E-05 0.215716 9.9982E-05 0.0671308
0.14898 0.787152 9.9982E-05 0.0628222 9.9982E-05 0.000845308
0.100367 0.774066 9.9973E-05 0.125267 9.9973E-05 9.9973E-05
0.0379465 0.798376 9.9973E-05 0.163378 9.9973E-05 9.9973E-05
0.127791 0.72927 9.9973E-05 0.14264 9.9973E-05 9.9973E-05
9.9982E-05 0.167751 9.9982E-05 0.75103 0.0438683 0.0371505
0.00317338 0.340547 9.9973E-05 0.65598 9.9973E-05 9.9973E-05
9.9973E-05 0.531572 0.00220699 0.465921 9.9973E-05 9.9973E-05
9.9964E-05 0.858763 9.9964E-05 0.140837 9.9964E-05 9.9964E-05
0.000443517 0.776679 0.0304117 0.0848607 0.0511196 0.0564855
9.9982E-05 0.721882 9.9982E-05 0.167582 0.0235531 0.086783
9.9973E-05 0.814052 9.9973E-05 0.151371 0.0342768 9.9973E-05
9.9991E-05 0.534623 0.150138 0.115729 0.104806 0.0946034
9.9982E-05 0.566191 0.269178 0.0962042 0.068226 9.9982E-05
0.112681 0.674157 9.9973E-05 0.212863 9.9973E-05 9.9973E-05
0.0701552 0.252022 9.9973E-05 0.677523 9.9973E-05 9.9973E-05
9.9973E-05 0.458422 9.9973E-05 0.434854 0.106424 9.9973E-05
9.9973E-05 0.415273 9.9973E-05 0.572324 0.0121032 9.9973E-05
0.0976587 9.9964E-05 9.9964E-05 0.901941 9.9964E-05 9.9964E-05
0.0896461 0.774158 9.9973E-05 0.135896 9.9973E-05 9.9973E-05
9.9973E-05 0.324817 9.9973E-05 0.637784 9.9973E-05 0.0370994
9.9973E-05 0.643427 9.9973E-05 0.339007 9.9973E-05 0.0172666
0.167788 0.491089 9.9973E-05 0.340823 9.9973E-05 9.9973E-05
0.0436367 0.462903 9.9982E-05 0.468189 0.0250706 9.9982E-05
0.102022 9.9982E-05 0.0629474 0.175855 0.658976 9.9982E-05
0.0247129 0.0209073 0.38873 0.0236881 0.541862 9.9991E-05
0.173103 9.9973E-05 0.274946 9.9973E-05 0.551651 9.9973E-05
0.134916 9.9982E-05 0.639501 0.102764 0.122619 9.9982E-05
0.0388542 0.096284 0.719461 0.0443055 0.100995 9.9991E-05
0.0240232 9.9973E-05 0.806116 9.9973E-05 0.16956 9.9973E-05
9.9973E-05 9.9973E-05 0.341535 0.0805208 0.577644 9.9973E-05
9.9973E-05 0.0441208 0.101368 9.9973E-05 0.854211 9.9973E-05
0.0836489 9.99731E-05 9.99731E-05 0.156324 0.759727 9.99731E-05
9.9982E-05 0.0598337 0.669202 0.0346488 0.236115 9.9982E-05
9.99641E-05 9.99641E-05 0.954446 9.99641E-05 9.99641E-05 0.0451541
9.9964E-05 9.9964E-05 0.965463 9.9964E-05 9.9964E-05 0.0341373
9.99641E-05 0.0545324 0.945068 9.99641E-05 9.99641E-05 9.99641E-05
