0.187618 0.463718 9.9991E-05 0.348564
0.511415 0.0627762 9.9991E-05 0.425709
0.164658 0.401358 0.0151347 0.418849
0.133544 0.500906 0.00150838 0.364042
9.999E-05 0.268244 0.0412135 0.690442
9.9991E-05 0.569046 0.0146947 0.41616
0.531032 9.9982E-05 0.468768 9.9982E-05
0.292357 0.0714715 0.531144 0.105028
0.36552 9.9982E-05 0.63428 9.9982E-05
0.358636 9.9982E-05 0.641164 9.9982E-05
0.467538 9.9982E-05 0.532262 9.9982E-05
0.435368 9.9991E-05 0.539566 0.0249662
0.225698 9.9982E-05 0.774102 9.9982E-05
0.205142 0.00358201 0.791176 9.9991E-05
0.385724 9.9982E-05 0.614076 9.9982E-05
0.506236 9.9982E-05 0.493564 9.9982E-05
0.0739165 0.587736 0.0316126 0.306735
0.39252 0.520322 0.023815 0.0633428
0.133691 0.809716 0.0564929 9.9991E-05
9.9991E-05 0.756667 0.089919 0.153314
0.222293 0.568001 9.9991E-05 0.209606
0.175571 0.801241 0.0230885 9.9991E-05
0.25653 0.489594 0.0493509 0.204525
9.9991E-05 0.566717 0.0728576 0.360325
0.00110775 0.858519 0.0448787 0.0954948
0.0264566 0.821702 9.9991E-05 0.151741
9.9991E-05 0.600689 0.148066 0.251146
9.9991E-05 0.527479 0.107403 0.365018
0.218159 0.184643 0.0198786 0.57732
0.292632 0.27646 0.0595511 0.371357
0.541822 0.410426 9.9991E-05 0.0476513
0.206338 0.362375 0.0790644 0.352223
0.177066 0.517442 9.9991E-05 0.305392
0.0946451 0.854121 0.0486499 0.00258422
0.390861 0.608939 9.9982E-05 9.9982E-05
0.1148 0.619271 0.0557914 0.210137
0.21997 0.49898 0.28095 9.9991E-05
0.092562 0.684903 0.098936 0.123599
0.228612 0.727483 0.0438047 9.9991E-05
0.0465136 0.888315 0.054764 0.0104077
0.240136 0.407043 9.9991E-05 0.352721
0.0579851 0.339349 0.0826345 0.520032
0.0736522 0.45329 0.118013 0.355045
0.0813475 0.200365 0.166408 0.55188
0.124733 0.56444 9.9991E-05 0.310727
0.125524 0.759856 9.9991E-05 0.11452
0.370202 0.583357 0.0463413 9.9991E-05
0.595439 0.296267 9.9991E-05 0.108194
0.754711 0.181222 9.9991E-05 0.0639669
0.517947 0.21244 9.9991E-05 0.269512
0.444328 0.555472 9.9982E-05 9.9982E-05
0.291921 0.566343 0.0301154 0.111621
0.200177 0.721738 0.0779858 9.9991E-05
0.151269 0.780985 9.9991E-05 0.0676466
0.200203 0.767508 9.9991E-05 0.032189
9.9991E-05 0.816733 0.0795047 0.103662
0.215217 0.144093 0.569486 0.0712045
0.116229 0.0510955 0.738236 0.0944398
9.9982E-05 9.9982E-05 0.945415 0.0543855
0.229935 0.0354543 0.73451 9.9991E-05
0.146546 9.9982E-05 0.853254 9.9982E-05
0.146322 0.0677645 0.757348 0.028565
0.770057 9.9982E-05 0.229743 9.9982E-05
0.450722 0.0804504 0.468727 9.9991E-05
0.371414 9.9982E-05 0.628386 9.9982E-05
0.228439 9.9982E-05 0.771361 9.9982E-05
0.233953 0.130027 0.63592 9.9991E-05
0.0348313 0.0755569 0.889512 9.9991E-05
0.435291 0.0123795 0.552229 9.9991E-05
0.20777 0.0428161 0.749314 9.9991E-05
0.427331 0.0658333 0.506735 9.9991E-05
0.115707 0.0219405 0.775367 0.0869859
0.480045 9.9982E-05 0.519755 9.9982E-05
0.0786728 0.0364508 0.853957 0.0309191
9.9982E-05 0.172322 0.827478 9.9982E-05
0.0696898 0.109335 0.820875 9.9991E-05
0.182611 0.0242033 0.78222 0.0109655
9.9982E-05 9.9982E-05 0.978262 0.0215382
0.139492 9.9982E-05 0.860308 9.9982E-05
0.440429 0.00512988 0.554341 9.9991E-05
0.11851 9.9991E-05 0.810306 0.0710839
9.9991E-05 0.14263 0.058362 0.798908
0.267028 9.9991E-05 0.0197062 0.713166
0.157544 9.9991E-05 0.0496971 0.792659
0.0161029 0.0486455 0.125754 0.809498
0.19198 0.0638958 0.00813509 0.735989
0.764241 9.9982E-05 9.9982E-05 0.235559
0.294802 0.0229177 0.0891486 0.593132
0.283914 0.127275 0.012898 0.575913
0.0706091 0.0760037 0.0649383 0.788449
0.249215 9.9982E-05 9.9982E-05 0.750585
9.9991E-05 0.0758913 0.157834 0.766175
9.9991E-05 0.387308 0.0731132 0.539479
9.9991E-05 0.326072 0.0599364 0.613892
0.0835183 0.237108 0.0431174 0.636257
0.386711 0.192908 9.9991E-05 0.420281
0.0894051 0.365553 0.0288475 0.516194
9.9991E-05 0.140607 0.142563 0.71673
9.9991E-05 0.211048 0.133071 0.655781
0.0485887 0.253015 0.0577975 0.640599
0.254268 0.105827 9.9991E-05 0.639806
0.0812491 0.0515208 9.9991E-05 0.86713
0.113523 0.0930014 9.9991E-05 0.793376
0.128309 9.9982E-05 9.9982E-05 0.871491
0.158883 9.9991E-05 0.0237681 0.817249
9.9991E-05 0.166498 0.0277965 0.805605
9.9991E-05 0.302552 0.00796071 0.689387
9.9982E-05 9.9982E-05 0.0867838 0.913016
0.0096508 0.0271415 0.0867757 0.876432
9.9991E-05 0.10897 0.0389918 0.851938
9.9991E-05 0.107585 0.0268693 0.865445
9.9991E-05 0.00660351 0.000739428 0.992557
0.11336 0.230286 9.9991E-05 0.656253
0.0871183 0.0914814 0.0443205 0.77708
0.124961 0.107197 9.9991E-05 0.767742
0.0355108 0.0488078 0.0284475 0.887234
0.0327029 0.0179173 0.020172 0.929208
9.9982E-05 0.0413709 9.9982E-05 0.958429
0.0552695 9.9991E-05 0.0256618 0.918969
0.249105 9.9982E-05 9.9982E-05 0.750695
0.227275 9.9982E-05 9.9982E-05 0.772525
0.133181 9.9991E-05 0.00541383 0.861306
9.9991E-05 0.0103219 0.0190784 0.9705
9.9991E-05 0.0549212 0.130427 0.814552
9.9991E-05 0.0436072 0.10044 0.855853
9.9982E-05 9.9982E-05 0.0591009 0.940699
9.9991E-05 0.0778078 0.291835 0.630257
9.9982E-05 9.9982E-05 0.391972 0.607828
0.095416 9.9982E-05 9.9982E-05 0.904384
0.239592 9.9982E-05 9.9982E-05 0.760209
0.206881 9.9982E-05 9.9982E-05 0.792919
0.17346 9.9982E-05 9.9982E-05 0.82634
0.302042 9.9982E-05 9.9982E-05 0.697758
9.9982E-05 9.9982E-05 0.036678 0.963122
0.186449 9.9982E-05 9.9982E-05 0.813352
0.0511874 0.0415869 0.00444895 0.902777
0.164129 0.089627 9.9991E-05 0.746144
0.169818 9.9982E-05 9.9982E-05 0.829982
0.558109 9.9991E-05 0.399289 0.0425021
0.282802 9.9982E-05 0.716998 9.9982E-05
0.372226 9.9982E-05 0.627574 9.9982E-05
0.130288 0.0368101 0.752697 0.0802049
0.0488028 9.9991E-05 0.82964 0.121457
0.0434358 9.9991E-05 0.94352 0.0129439
0.292256 9.9991E-05 0.704171 0.00347252
0.461987 9.9982E-05 0.537813 9.9982E-05
0.872653 9.9982E-05 0.127147 9.9982E-05
0.0615185 9.9991E-05 0.836487 0.101894
9.99821E-05 0.0578504 0.94195 9.99821E-05
9.9982E-05 0.062606 0.937194 9.9982E-05
9.9991E-05 0.0514344 0.937914 0.0105519
