0.757081 0.223488 0.0194302
0.478917 0.520983 9.9991E-05
0.735352 0.200221 0.0644271
0.748043 0.151895 0.100062
0.914419 9.9991E-05 0.085481
0.849175 0.0390957 0.111729
9.9991E-05 0.566875 0.433025
0.111106 0.363334 0.525559
9.9991E-05 0.36904 0.63086
9.9991E-05 0.382541 0.617359
9.9991E-05 0.46369 0.53621
0.0100204 0.466784 0.523196
9.9991E-05 0.251157 0.748743
9.9991E-05 0.211534 0.788366
9.9991E-05 0.449448 0.550452
9.9991E-05 0.5253 0.4746
0.725748 0.134758 0.139494
0.410756 0.498377 0.0908673
0.520157 0.22468 0.255163
0.671472 0.0653525 0.263176
0.576041 0.279821 0.144138
0.548299 0.262831 0.18887
0.533618 0.324506 0.141876
0.773269 0.0184651 0.208266
0.761615 0.0141641 0.224221
0.770902 0.0803479 0.148751
0.74748 9.9991E-05 0.25242
0.780203 9.9991E-05 0.219697
0.673646 0.281261 0.0450927
0.573135 0.323786 0.103079
0.310452 0.634707 0.0548403
0.578665 0.305627 0.115708
0.688432 0.293229 0.0183389
0.622263 0.183516 0.194221
0.369847 0.512521 0.117632
0.651375 0.191882 0.156743
0.320106 0.246722 0.433172
0.605851 0.142093 0.252057
0.471151 0.354944 0.173906
0.639096 0.100657 0.260247
0.702862 0.297038 9.9991E-05
0.791576 0.0754271 0.132997
0.650779 0.106324 0.242898
0.694034 0.108863 0.197103
0.783471 0.168318 0.0482109
0.722383 0.188031 0.089586
0.265286 0.562268 0.172447
0.280202 0.711306 0.00849171
0.187923 0.811977 9.9991E-05
0.42748 0.57242 9.9991E-05
0.356666 0.566133 0.0772014
0.551127 0.305971 0.142902
0.491487 0.29788 0.210634
0.593124 0.229417 0.177459
0.541279 0.305576 0.153145
0.744016 9.9991E-05 0.255884
0.14326 0.267826 0.588914
0.0952596 0.143719 0.761021
0.0505814 9.9991E-05 0.949319
9.9991E-05 0.290251 0.709649
9.9991E-05 0.155813 0.844087
0.0675826 0.1798 0.752618
9.9991E-05 0.826981 0.172919
0.0025085 0.550249 0.447243
9.9991E-05 0.3894 0.6105
9.9991E-05 0.264359 0.735541
0.0187877 0.310862 0.670351
0.00266483 0.0350231 0.962312
9.9991E-05 0.482012 0.517888
9.9991E-05 0.25855 0.74135
0.0639578 0.46905 0.466992
0.0956685 0.122986 0.781346
0.00825013 0.478702 0.513048
0.072531 0.112399 0.81507
0.0903798 0.00551497 0.904105
0.0162775 0.138694 0.845029
0.0216429 0.194124 0.784234
9.999E-05 9.999E-05 0.9998
9.9991E-05 0.134503 0.865397
9.9991E-05 0.480411 0.519489
0.0610887 0.101855 0.837056
0.920752 9.9991E-05 0.079148
0.774555 0.225345 9.9991E-05
0.802863 0.15781 0.0393267
0.875142 9.9991E-05 0.124758
0.792541 0.174201 0.0332572
0.256099 0.743801 9.9991E-05
0.657959 0.304828 0.0372133
0.649007 0.340379 0.0106131
0.837211 0.115079 0.0477107
0.741265 0.258635 9.9991E-05
0.831701 9.9991E-05 0.168199
0.845165 9.9991E-05 0.154735
0.898376 0.0100913 0.0915322
0.817729 0.0604668 0.121804
0.592799 0.407101 9.9991E-05
0.783065 0.146806 0.0701283
0.860765 9.9991E-05 0.139135
0.848512 9.9991E-05 0.151388
0.856833 0.0732184 0.0699485
0.757442 0.242458 9.9991E-05
0.95122 0.0486804 9.9991E-05
0.88912 0.11078 9.9991E-05
0.848064 0.151836 9.9991E-05
0.825508 0.146227 0.0282655
0.971228 9.9991E-05 0.0286718
0.935136 0.0143471 0.050517
0.939659 9.9991E-05 0.0602414
0.903935 0.0223249 0.0737397
0.977273 9.9991E-05 0.0226268
0.948857 9.9991E-05 0.0510432
0.9998 9.999E-05 9.999E-05
0.870168 0.129732 9.9991E-05
0.880811 0.083521 0.0356681
0.859936 0.139964 9.9991E-05
0.927341 0.0519614 0.0206974
0.97629 0.011239 0.0124709
0.983724 9.9991E-05 0.0161758
0.949441 0.0504592 9.9991E-05
0.750196 0.249704 9.9991E-05
0.80132 0.19858 9.9991E-05
0.894183 0.105717 9.9991E-05
0.9998 9.999E-05 9.999E-05
0.908241 9.9991E-05 0.0916588
0.935451 9.9991E-05 0.0644495
0.978818 9.9991E-05 0.021082
0.659626 9.9991E-05 0.340274
0.61635 9.9991E-05 0.38355
0.900574 0.0993264 9.9991E-05
0.755041 0.244859 9.9991E-05
0.800139 0.199761 9.9991E-05
0.82427 0.17563 9.9991E-05
0.700133 0.299767 9.9991E-05
0.962179 0.0277354 0.0100856
0.81115 0.18875 9.9991E-05
0.984172 0.0157281 9.9991E-05
0.827 0.1729 9.9991E-05
0.834453 0.165447 9.9991E-05
9.9991E-05 0.60877 0.39113
9.9991E-05 0.314999 0.684902
9.9991E-05 0.402929 0.596971
0.0679155 0.175701 0.756383
0.133248 0.0674945 0.799258
9.9991E-05 0.0261969 0.973703
0.0133011 0.313779 0.67292
9.9991E-05 0.470652 0.529248
9.9991E-05 0.889 0.1109
0.0867279 0.0720599 0.841212
9.999E-05 9.999E-05 0.9998
0.0156829 9.9991E-05 0.984217
0.0425463 9.9991E-05 0.957354
