0.211033 0.788867 9.9991E-05
0.53202 0.467881 9.9991E-05
0.186992 0.774952 0.0380568
0.181224 0.718668 0.100108
9.9991E-05 0.908289 0.0916105
0.0264209 0.875371 0.0982081
0.630354 9.9991E-05 0.369546
0.342222 0.148796 0.508982
0.381032 9.9991E-05 0.618868
0.439036 9.9991E-05 0.560864
0.502365 9.9991E-05 0.497535
0.502363 0.00558869 0.492049
0.229798 9.9991E-05 0.770102
0.188445 9.9991E-05 0.811455
0.4571 9.9991E-05 0.5428
0.525925 9.9991E-05 0.473975
0.133398 0.72945 0.137152
0.515111 0.411117 0.0737712
0.214993 0.528418 0.256589
0.0533951 0.689269 0.257336
0.33439 0.579646 0.0859646
0.321111 0.515401 0.163488
0.330516 0.541835 0.127648
0.0648345 0.756767 0.178398
0.0448895 0.72 0.23511
0.0789161 0.781674 0.13941
9.9991E-05 0.72143 0.27847
9.9991E-05 0.762635 0.237265
0.247909 0.718751 0.0333393
0.303425 0.602879 0.0936966
0.594366 0.387362 0.0182713
0.273381 0.60911 0.117509
0.266452 0.730709 0.00283905
0.201583 0.597459 0.200958
0.588313 0.349358 0.0623287
0.178737 0.651518 0.169745
0.290342 0.321973 0.387685
0.173287 0.565957 0.260756
0.310207 0.53981 0.149983
0.167854 0.630676 0.20147
0.276959 0.722941 9.9991E-05
0.0623784 0.803385 0.134236
0.115059 0.668207 0.216734
0.0952055 0.723307 0.181488
0.156496 0.804742 0.0387624
0.184295 0.699499 0.116206
0.578953 0.26918 0.151867
0.684729 0.315171 9.9991E-05
0.77045 0.22945 9.9991E-05
0.530336 0.469564 9.9991E-05
0.572513 0.366801 0.0606861
0.323342 0.552512 0.124146
0.311824 0.487453 0.200723
0.228765 0.642494 0.128741
0.29787 0.575847 0.126282
9.9991E-05 0.742498 0.257402
0.319923 0.104839 0.575238
0.19042 0.0820637 0.727516
9.9991E-05 0.0663088 0.933591
0.277442 0.00157795 0.720981
0.177038 9.9991E-05 0.822862
0.222817 0.0584519 0.718731
0.873734 9.9991E-05 0.126166
0.576839 9.9991E-05 0.423061
0.404603 9.9991E-05 0.595297
0.284858 9.9991E-05 0.715042
0.301286 0.0650263 0.633688
0.0467607 9.9991E-05 0.953139
0.500023 9.9991E-05 0.499877
0.299048 9.9991E-05 0.700852
0.479335 0.0543612 0.466304
0.214893 0.0465143 0.738593
0.530234 9.9991E-05 0.469666
0.120098 0.0455147 0.834388
0.0011335 0.115277 0.88359
0.184731 0.00282627 0.812443
0.205004 0.000481316 0.794515
9.9991E-05 0.0157648 0.984135
0.144853 9.9991E-05 0.855047
0.505166 9.9991E-05 0.494734
0.0943701 0.0944584 0.811172
9.9991E-05 0.949089 0.0508108
0.207228 0.792672 9.9991E-05
0.113743 0.856902 0.0293544
9.9991E-05 0.892602 0.107298
0.165882 0.814809 0.0193088
0.726249 0.273651 9.9991E-05
0.270543 0.694582 0.034875
0.295626 0.704274 9.9991E-05
0.0718474 0.876633 0.0515198
0.208351 0.791549 9.9991E-05
9.9991E-05 0.819866 0.180034
9.9991E-05 0.839685 0.160215
9.9991E-05 0.905527 0.0943728
0.047852 0.827444 0.124704
0.429006 0.570894 9.9991E-05
0.124805 0.815477 0.0597183
9.9991E-05 0.84211 0.15779
9.9991E-05 0.861501 0.138399
0.069806 0.869828 0.0603658
0.195709 0.804191 9.9991E-05
0.0351606 0.964739 9.9991E-05
0.072819 0.927081 9.9991E-05
0.13618 0.86372 9.9991E-05
0.145572 0.839057 0.0153712
9.9991E-05 0.961864 0.0380363
0.0104653 0.942164 0.047371
9.9991E-05 0.940944 0.0589558
9.9991E-05 0.93702 0.0628802
9.9991E-05 0.987359 0.0125409
9.9991E-05 0.964836 0.0350643
9.999E-05 0.9998 9.999E-05
0.141395 0.858505 9.9991E-05
0.0581474 0.878348 0.0635045
0.124036 0.875864 9.9991E-05
9.9991E-05 0.957975 0.0419251
9.9991E-05 0.99254 0.00735955
9.9991E-05 0.990231 0.00966937
0.0616024 0.938298 9.9991E-05
0.218791 0.781109 9.9991E-05
0.166929 0.832971 9.9991E-05
0.0902563 0.909644 9.9991E-05
9.9991E-05 0.98599 0.0139099
9.9991E-05 0.878958 0.120942
9.9991E-05 0.941825 0.0580754
9.9991E-05 0.956996 0.0429043
9.9991E-05 0.654663 0.345237
9.9991E-05 0.622368 0.377532
0.103274 0.896626 9.9991E-05
0.191233 0.808667 9.9991E-05
0.213884 0.786016 9.9991E-05
0.138637 0.861263 9.9991E-05
0.231878 0.768022 9.9991E-05
0.00267264 0.994373 0.00295468
0.126756 0.873144 9.9991E-05
0.0312799 0.96862 9.9991E-05
0.143339 0.856561 9.9991E-05
0.123712 0.876188 9.9991E-05
0.659486 0.019572 0.320942
0.334073 9.9991E-05 0.665827
0.444897 9.9991E-05 0.555003
0.158045 0.0945434 0.747411
0.00686061 0.168932 0.824207
0.0695416 9.9991E-05 0.930358
0.336968 9.9991E-05 0.662932
0.493921 9.9991E-05 0.505979
0.919625 9.9991E-05 0.0802751
0.0845826 0.0765615 0.838856
9.999E-05 9.999E-05 0.9998
9.9991E-05 0.00267644 0.997224
9.9991E-05 0.0511533 0.948747
