9.9991E-05 0.04553 0.490285 0.375198 0.0185058 0.0703815
9.999E-05 0.0184382 0.168835 0.311503 0.0590608 0.442063
0.0273593 0.0301233 0.372629 0.407036 9.9991E-05 0.162752
0.060157 0.0521862 0.399813 0.391629 9.9991E-05 0.0961149
0.0450652 9.9973E-05 0.258732 0.695903 9.9973E-05 9.9973E-05
9.9973E-05 0.0968865 0.488125 0.414688 9.9973E-05 9.9973E-05
9.9973E-05 0.0936378 9.9973E-05 9.9973E-05 0.794427 0.111636
9.9973E-05 0.144241 9.9973E-05 0.145204 0.710256 9.9973E-05
9.9982E-05 0.017816 9.9982E-05 0.0412406 0.931752 0.00899102
9.9964E-05 0.0693544 9.9964E-05 9.9964E-05 0.930246 9.9964E-05
9.9964E-05 9.9964E-05 9.9964E-05 9.9964E-05 0.826236 0.173365
0.000939279 9.9991E-05 0.0365434 0.0372774 0.727955 0.197185
0.185413 9.9964E-05 9.9964E-05 9.9964E-05 0.814187 9.9964E-05
0.085426 9.9973E-05 0.00136486 9.9973E-05 0.912909 9.9973E-05
9.9973E-05 0.142035 9.9973E-05 9.9973E-05 0.85608 0.00158492
9.99641E-05 9.99641E-05 9.99641E-05 9.99641E-05 0.809528 0.190072
0.0223815 0.260195 0.410132 0.307091 9.9982E-05 9.9982E-05
0.0586282 0.74441 0.0678325 0.128929 9.9982E-05 9.9982E-05
0.0675326 0.3341 0.598068 9.9973E-05 9.9973E-05 9.9973E-05
0.0969803 0.257368 0.426371 0.219081 9.9982E-05 9.9982E-05
9.9973E-05 0.60236 0.16171 0.23563 9.9973E-05 9.9973E-05
9.9973E-05 0.5596 0.436855 0.00324495 9.9973E-05 9.9973E-05
9.9982E-05 9.9982E-05 0.568974 0.145525 0.0706978 0.214604
9.9973E-05 9.9973E-05 0.707669 0.229203 9.9973E-05 0.0628277
9.9973E-05 9.9973E-05 0.842422 0.126602 0.0306757 9.9973E-05
9.9973E-05 0.0878716 0.681672 0.230156 9.9973E-05 9.9973E-05
0.130111 0.0952626 0.442991 0.331435 9.9982E-05 9.9982E-05
0.0283376 9.9982E-05 0.46007 0.408214 0.103178 9.9982E-05
9.9973E-05 0.361024 9.9973E-05 0.573069 0.0656071 9.9973E-05
9.9982E-05 0.41344 0.0429542 0.401594 0.141812 9.9982E-05
0.0378984 0.37935 0.217713 9.9982E-05 9.9982E-05 0.364839
0.0604036 0.313616 0.197162 0.369845 0.0150145 0.0439583
9.9973E-05 0.337429 0.355901 0.30637 9.9973E-05 9.9973E-05
9.9973E-05 9.9973E-05 0.886904 9.9973E-05 0.0883096 0.0244861
9.99639E-05 9.99639E-05 0.644142 9.99639E-05 9.99639E-05 0.355459
0.0413856 0.161152 0.546683 0.202999 0.00895531 0.0388247
0.301243 9.9973E-05 0.456039 9.9973E-05 9.9973E-05 0.242417
0.103547 0.0824719 0.703057 0.110724 9.9982E-05 9.9982E-05
0.0275209 0.192292 0.622248 9.9991E-05 0.0239041 0.133935
0.0217948 0.223594 0.674843 0.0632348 0.016433 9.9991E-05
9.9973E-05 9.9973E-05 0.44023 0.270842 9.9973E-05 0.288627
0.0779559 9.9982E-05 0.338689 0.506032 9.9982E-05 0.0771228
0.133121 0.137531 0.386051 0.31302 9.9991E-05 0.0301761
0.116055 9.9991E-05 0.34521 0.39396 0.00964339 0.135031
9.9982E-05 0.102751 0.552019 0.329996 9.9982E-05 0.0150345
0.00691383 0.191887 0.567886 0.214119 9.9991E-05 0.0190947
0.0649601 0.792432 0.142308 9.9973E-05 9.9973E-05 9.9973E-05
0.0121572 0.667773 9.9982E-05 0.070742 9.9982E-05 0.249128
9.9964E-05 0.664018 9.9964E-05 9.9964E-05 9.9964E-05 0.335582
9.9973E-05 0.571465 9.9973E-05 0.25448 9.9973E-05 0.173755
9.9982E-05 0.868238 0.0204866 0.0811086 0.0299665 9.9982E-05
9.9991E-05 0.253276 0.392526 0.206722 0.0784403 0.0689361
0.0694128 0.613559 0.288845 0.0279834 9.9982E-05 9.9982E-05
9.9982E-05 0.184677 0.683546 0.0565457 9.9982E-05 0.0750312
9.9991E-05 0.263701 0.630574 0.0196339 0.0177363 0.0682549
0.0762138 0.165828 0.589637 0.168121 9.9982E-05 9.9982E-05
0.122198 9.9991E-05 0.277801 0.00539116 0.526304 0.0682054
0.212305 9.9982E-05 0.142615 0.0233722 0.621508 9.9982E-05
0.906253 9.9973E-05 0.0915498 9.9973E-05 0.00189761 9.9973E-05
0.522368 0.159018 9.9982E-05 9.9982E-05 0.218063 0.100351
0.615022 9.9973E-05 9.9973E-05 9.9973E-05 0.293118 0.0915602
0.75185 0.144713 9.9973E-05 9.9973E-05 9.9973E-05 0.103137
9.99729E-05 0.00774835 9.99729E-05 9.99729E-05 0.434402 0.557549
0.256993 9.99819E-05 0.0858878 9.99819E-05 0.289348 0.367571
0.0310951 9.9982E-05 9.9982E-05 0.0252428 0.847456 0.0960059
0.0283671 0.00524918 9.9973E-05 9.9973E-05 0.966084 9.9973E-05
0.0756228 0.0623249 0.143808 0.000199848 0.712729 0.00531557
0.421845 9.99731E-05 0.147476 9.99731E-05 0.430379 9.99731E-05
0.29871 9.9982E-05 0.0568904 9.9982E-05 0.317999 0.326201
0.270226 9.9982E-05 0.0785777 9.9982E-05 0.560848 0.0901483
0.140386 9.9982E-05 0.116466 9.9982E-05 0.416758 0.32619
0.372393 9.9982E-05 0.104331 9.9982E-05 0.478456 0.0446198
0.146719 9.9982E-05 0.0100824 9.9982E-05 0.511214 0.331784
0.678593 0.122112 9.9982E-05 0.0336013 0.165494 9.9982E-05
0.612308 0.0368127 0.160053 9.9982E-05 0.190626 9.9982E-05
0.820171 0.115563 9.9973E-05 9.9973E-05 9.9973E-05 0.0639661
0.67088 9.9982E-05 0.00745258 9.9982E-05 0.144798 0.17667
0.984172 9.9964E-05 9.9964E-05 0.0154286 9.9964E-05 9.9964E-05
0.509306 0.0094091 0.00367019 9.9991E-05 0.47063 0.00688502
0.164892 0.158272 9.9982E-05 9.9982E-05 0.520036 0.1566
0.718781 0.0995193 0.00376179 0.0173391 0.120989 0.0396095
0.0815954 0.0420781 0.0409618 0.835165 9.9982E-05 9.9982E-05
0.0188028 9.9982E-05 0.0870131 0.616983 9.9982E-05 0.277002
0.0425507 9.9982E-05 0.0062624 0.706772 9.9982E-05 0.244215
9.9973E-05 0.106105 9.9973E-05 0.797773 0.0958223 9.9973E-05
9.9973E-05 0.307126 9.9973E-05 0.641781 0.0507933 9.9973E-05
9.9973E-05 0.20966 9.9973E-05 0.15401 9.9973E-05 0.63603
0.0572961 0.00364181 0.0892973 0.52787 9.9991E-05 0.321794
0.0281786 0.0191658 0.199206 0.446849 0.0271162 0.279484
0.0723665 0.068257 0.0256738 0.769196 9.9991E-05 0.064407
9.9973E-05 0.00373425 9.9973E-05 0.704098 9.9973E-05 0.291868
0.164577 9.9973E-05 0.099862 0.735261 9.9973E-05 9.9973E-05
0.0882405 9.9973E-05 0.422572 0.488888 9.9973E-05 9.9973E-05
0.0295262 0.0136825 0.298133 0.630377 0.028181 9.9991E-05
0.111613 0.0295265 0.229319 0.587763 9.9991E-05 0.0416774
0.0502587 0.345187 9.9982E-05 0.42807 9.9982E-05 0.176284
0.0256487 0.148803 0.30489 0.484508 9.9991E-05 0.0360505
0.0803071 9.9982E-05 0.200139 0.697258 0.0220954 9.9982E-05
0.073215 9.9973E-05 0.30699 0.619495 9.9973E-05 9.9973E-05
9.9973E-05 9.9973E-05 0.306524 0.609387 0.0837899 9.9973E-05
9.9982E-05 0.231349 9.9982E-05 0.684565 0.0149507 0.0689347
9.9982E-05 0.115643 0.0029325 0.878656 9.9982E-05 0.00256834
9.9982E-05 0.107694 0.0553587 0.746766 9.9982E-05 0.0899814
9.9982E-05 0.00155822 0.00924138 0.793172 9.9982E-05 0.195829
9.9982E-05 0.138281 9.9982E-05 0.791213 0.0581141 0.0121919
9.9973E-05 0.0960926 0.0866009 0.817007 9.9973E-05 9.9973E-05
9.9982E-05 0.151979 0.113018 0.72972 0.0050834 9.9982E-05
9.9973E-05 0.0820074 9.9973E-05 0.861437 0.0562559 9.9973E-05
0.0765007 0.042936 9.9982E-05 0.861415 0.0189486 9.9982E-05
0.0143922 9.9982E-05 0.0619076 0.921227 0.00227369 9.9982E-05
0.0343137 9.9973E-05 0.123908 0.841478 9.9973E-05 9.9973E-05
9.9964E-05 9.9964E-05 0.0201552 0.979445 9.9964E-05 9.9964E-05
9.9982E-05 0.110686 0.128586 0.704739 9.9982E-05 0.0557885
0.0650064 0.102143 9.9982E-05 0.792815 9.9982E-05 0.0398359
9.9991E-05 0.0154299 0.142862 0.771804 0.00479727 0.0650068
0.0205066 0.0839919 0.0412128 0.827167 9.9991E-05 0.0270212
9.99731E-05 0.094694 9.99731E-05 0.891656 0.0133496 9.99731E-05
0.059128 0.00907716 0.00154884 0.925312 9.9991E-05 0.00483355
9.9982E-05 0.0573321 9.9982E-05 0.874984 0.0389609 0.0285226
9.9973E-05 9.9973E-05 0.0394641 0.614074 9.9973E-05 0.346162
9.9964E-05 9.9964E-05 9.9964E-05 0.692298 9.9964E-05 0.307303
0.0126625 9.9973E-05 9.9973E-05 0.791059 9.9973E-05 0.195978
0.00305703 9.9973E-05 0.0287464 0.967897 9.9973E-05 9.9973E-05
0.0257891 9.9982E-05 0.100175 0.79912 0.0747157 9.9982E-05
0.0665704 9.9982E-05 0.0919445 0.816163 9.9982E-05 0.0251219
9.9982E-05 0.0149675 9.9982E-05 0.944758 0.0377977 0.00227664
0.143502 9.9982E-05 0.132391 0.59235 0.131557 9.9982E-05
0.321626 9.9973E-05 9.9973E-05 0.597892 0.0801818 9.9973E-05
9.9973E-05 0.0888264 9.9973E-05 0.84777 9.9973E-05 0.0631032
9.9964E-05 9.9964E-05 9.9964E-05 0.726345 9.9964E-05 0.273255
9.9982E-05 9.9982E-05 0.0197996 0.726151 0.0234384 0.230411
9.9973E-05 9.9973E-05 0.0582416 0.759996 9.9973E-05 0.181463
9.9973E-05 9.9973E-05 0.018259 0.633156 9.9973E-05 0.348285
0.00424839 0.0651733 9.9973E-05 0.930278 9.9973E-05 9.9973E-05
9.9973E-05 9.9973E-05 0.0428618 0.748161 9.9973E-05 0.208677
9.9973E-05 9.9973E-05 0.0734713 0.884035 9.9973E-05 0.0421939
9.9982E-05 0.0426644 0.0901816 0.712375 9.9982E-05 0.154579
9.9964E-05 9.9964E-05 9.9964E-05 0.801353 9.9964E-05 0.198247
0.372346 9.99729E-05 9.99729E-05 9.99729E-05 0.0684846 0.558869
0.485387 0.0577178 9.9991E-05 0.00350256 0.32309 0.130203
0.300154 0.103751 9.9982E-05 9.9982E-05 0.421919 0.173975
0.716967 0.0762428 9.9991E-05 0.0584655 0.0550124 0.0932121
0.714962 9.9982E-05 9.9982E-05 0.112809 0.14946 0.0225691
0.845342 0.0225802 9.9982E-05 9.9982E-05 0.116717 0.0151609
0.323595 9.9982E-05 0.0596987 9.9982E-05 0.437952 0.178555
0.271928 9.99729E-05 9.99729E-05 9.99729E-05 0.405801 0.321971
9.9964E-05 9.9964E-05 9.9964E-05 9.9964E-05 0.241201 0.758399
0.682834 9.9982E-05 9.9982E-05 0.0901148 0.167632 0.0592194
0.874875 9.99731E-05 0.106905 9.99731E-05 0.0179202 9.99731E-05
0.923643 9.9964E-05 0.0759571 9.9964E-05 9.9964E-05 9.9964E-05
0.864353 9.9982E-05 0.0621404 0.00876485 0.0645413 9.9982E-05
