0.426069 0.0678322 9.99549E-05 9.99549E-05 0.0409144 0.205219 9.99549E-05 9.99549E-05 0.259465 9.99549E-05
0.177992 0.218876 0.0601729 9.9973E-05 0.317851 0.0304291 0.0428038 9.9973E-05 0.151575 9.9973E-05
0.314693 9.9964E-05 9.9964E-05 0.0205273 0.148019 0.269989 9.9964E-05 9.9964E-05 0.235797 0.0105738
0.0171163 0.0833921 9.9973E-05 0.226064 0.0139597 0.033962 9.9973E-05 9.9973E-05 0.571201 0.0540055
0.167382 9.9955E-05 9.9955E-05 0.0776835 9.9955E-05 0.645427 9.9955E-05 9.9955E-05 0.101736 0.00727242
0.169613 9.9955E-05 9.9955E-05 0.0785626 9.9955E-05 0.164417 9.9955E-05 9.9955E-05 0.560127 0.0267813
9.99459E-05 0.00851315 0.752109 9.99459E-05 0.118692 9.99459E-05 0.120087 9.99459E-05 9.99459E-05 9.99459E-05
9.995E-05 0.0991169 0.62677 9.995E-05 9.995E-05 0.067651 0.0398534 0.166109 9.995E-05 9.995E-05
9.9937E-05 9.9937E-05 0.884187 0.0633603 0.0517529 9.9937E-05 9.9937E-05 9.9937E-05 9.9937E-05 9.9937E-05
0.03188 9.99371E-05 0.903038 9.99371E-05 9.99371E-05 9.99371E-05 9.99371E-05 9.99371E-05 0.0643829 9.99371E-05
0.00618827 0.0123552 0.778066 9.99549E-05 0.103811 9.99549E-05 0.099079 9.99549E-05 9.99549E-05 9.99549E-05
0.0217436 9.994E-05 0.29674 9.994E-05 9.994E-05 0.0672161 0.6137 9.994E-05 9.994E-05 9.994E-05
0.0182821 9.9964E-05 0.62191 0.0539991 9.9964E-05 9.9964E-05 0.106339 9.9964E-05 0.00305791 0.196012
9.99371E-05 9.99371E-05 0.854241 9.99371E-05 9.99371E-05 9.99371E-05 9.99371E-05 0.0963876 9.99371E-05 0.0486723
0.0599497 9.9955E-05 0.872239 0.017666 0.0483264 9.9955E-05 9.9955E-05 9.9955E-05 9.9955E-05 0.00131953
9.99371E-05 0.0873446 0.758965 9.99371E-05 9.99371E-05 9.99371E-05 0.152991 9.99371E-05 9.99371E-05 9.99371E-05
0.0963693 0.0381627 9.996E-05 0.109236 9.996E-05 0.194665 0.0217008 0.539466 9.996E-05 9.996E-05
9.9955E-05 9.9955E-05 0.0376231 9.9955E-05 0.304678 9.9955E-05 9.9955E-05 0.507094 0.141086 0.00901962
0.248967 9.9955E-05 9.9955E-05 0.198011 0.0105078 9.9955E-05 0.0473325 0.494682 9.9955E-05 9.9955E-05
9.9946E-05 9.9946E-05 9.9946E-05 0.279525 9.9946E-05 0.0291367 9.9946E-05 0.665236 0.0255021 9.9946E-05
9.99549E-05 9.99549E-05 0.0327483 9.99549E-05 0.191397 0.185046 9.99549E-05 0.354586 0.235723 9.99549E-05
9.99369E-05 9.99369E-05 9.99369E-05 9.99369E-05 0.0752641 9.99369E-05 9.99369E-05 0.602222 0.321814 9.99369E-05
0.652812 0.0283379 9.9955E-05 9.9955E-05 0.0524946 0.156043 0.109812 9.9955E-05 9.9955E-05 9.9955E-05
0.701241 0.0116082 9.9955E-05 9.9955E-05 9.9955E-05 0.262096 9.9955E-05 9.9955E-05 0.00868594 0.0158687
0.712555 9.99371E-05 9.99371E-05 0.143513 9.99371E-05 9.99371E-05 9.99371E-05 0.143233 9.99371E-05 9.99371E-05
0.0740908 0.135019 9.9964E-05 0.0161535 9.9964E-05 0.00383582 9.9964E-05 0.317465 0.453036 9.9964E-05
0.110769 9.9946E-05 9.9946E-05 9.9946E-05 9.9946E-05 0.319211 9.9946E-05 0.544123 9.9946E-05 0.0252965
0.18687 9.9964E-05 0.0188566 0.155656 9.9964E-05 0.341048 9.9964E-05 0.284216 9.9964E-05 0.0129541
9.9964E-05 0.124526 0.11565 9.9964E-05 0.156282 0.366061 9.9964E-05 0.101526 0.135556 9.9964E-05
9.995E-05 9.995E-05 0.163118 9.995E-05 0.290564 0.242116 9.995E-05 0.0942861 0.209416 9.995E-05
9.9937E-05 9.9937E-05 9.9937E-05 9.9937E-05 0.2202 9.9937E-05 0.250765 9.9937E-05 0.528336 9.9937E-05
9.996E-05 9.996E-05 9.996E-05 0.0581659 0.0249303 0.247706 0.189034 0.129141 0.350623 9.996E-05
9.995E-05 9.995E-05 9.995E-05 0.121855 9.995E-05 0.111627 0.0549404 0.119196 0.591882 9.995E-05
0.802746 9.99369E-05 9.99369E-05 9.99369E-05 9.99369E-05 9.99369E-05 9.99369E-05 0.0529553 0.143599 9.99369E-05
0.787098 9.99369E-05 9.99369E-05 9.99369E-05 0.0936145 9.99369E-05 0.118588 9.99369E-05 9.99369E-05 9.99369E-05
0.200518 9.9964E-05 9.9964E-05 0.0506531 9.9964E-05 0.215919 0.0772004 0.423848 0.0314617 9.9964E-05
0.350749 9.9955E-05 9.9955E-05 9.9955E-05 0.128556 9.9955E-05 0.11759 9.9955E-05 0.148711 0.253895
0.559065 9.99459E-05 9.99459E-05 0.1233 9.99459E-05 9.99459E-05 9.99459E-05 0.283949 9.99459E-05 0.0330857
0.445895 9.9955E-05 9.9955E-05 9.9955E-05 0.189895 9.9955E-05 9.9955E-05 0.170116 0.130115 0.0634795
0.316243 9.9955E-05 0.0164675 0.148717 0.0120725 9.9955E-05 9.9955E-05 0.506001 9.9955E-05 9.9955E-05
9.99281E-05 0.462467 9.99281E-05 9.99281E-05 9.99281E-05 9.99281E-05 9.99281E-05 9.99281E-05 0.536734 9.99281E-05
9.9964E-05 0.211464 9.9964E-05 0.267776 9.9964E-05 0.035137 9.9964E-05 0.00315169 0.384421 0.0976512
0.0109002 9.9955E-05 9.9955E-05 0.237447 0.0608313 9.9955E-05 9.9955E-05 9.9955E-05 0.54337 0.146951
0.111841 0.501585 9.9955E-05 0.260285 9.9955E-05 9.9955E-05 9.9955E-05 0.0122561 9.9955E-05 0.113534
9.99371E-05 0.123583 0.0169677 9.99371E-05 9.99371E-05 9.99371E-05 9.99371E-05 9.99371E-05 0.858749 9.99371E-05
0.0903226 9.9937E-05 9.9937E-05 9.9937E-05 9.9937E-05 9.9937E-05 9.9937E-05 9.9937E-05 0.906513 0.00246532
9.9937E-05 9.9937E-05 9.9937E-05 9.9937E-05 0.253136 9.9937E-05 0.0575654 0.688599 9.9937E-05 9.9937E-05
9.99459E-05 0.0332396 9.99459E-05 9.99459E-05 0.545021 9.99459E-05 0.0969926 0.324147 9.99459E-05 9.99459E-05
9.9928E-05 9.9928E-05 9.9928E-05 9.9928E-05 0.772564 9.9928E-05 9.9928E-05 0.226637 9.9928E-05 9.9928E-05
0.0641412 0.0202017 9.99549E-05 9.99549E-05 0.68121 0.00605908 9.99549E-05 0.227888 9.99549E-05 9.99549E-05
9.99459E-05 9.99459E-05 0.0256232 9.99459E-05 0.464997 9.99459E-05 9.99459E-05 0.463876 0.0449041 9.99459E-05
0.0576913 0.382382 0.0866919 9.9946E-05 9.9946E-05 9.9946E-05 9.9946E-05 0.472636 9.9946E-05 9.9946E-05
0.0619255 9.9955E-05 9.9955E-05 9.9955E-05 0.170806 0.0330613 9.9955E-05 0.689003 9.9955E-05 0.0447049
0.0250086 0.360815 9.9946E-05 0.0214526 9.9946E-05 9.9946E-05 9.9946E-05 0.592124 9.9946E-05 9.9946E-05
0.11671 0.330573 0.0308164 9.99459E-05 9.99459E-05 9.99459E-05 9.99459E-05 0.521301 9.99459E-05 9.99459E-05
0.0525892 9.99639E-05 9.99639E-05 0.0245737 9.99639E-05 0.110065 9.99639E-05 0.488172 0.296728 0.0274716
0.347751 0.00809546 0.282571 9.9964E-05 0.0290374 9.9964E-05 0.108901 9.9964E-05 9.9964E-05 0.223244
0.145766 9.9955E-05 0.551617 0.0579783 9.9955E-05 0.0299676 9.9955E-05 9.9955E-05 9.9955E-05 0.214171
0.0216947 0.0296425 9.9946E-05 9.9946E-05 9.9946E-05 0.0386761 9.9946E-05 9.9946E-05 9.9946E-05 0.909387
9.9955E-05 0.085497 0.2509 9.9955E-05 9.9955E-05 9.9955E-05 0.237795 0.0740831 9.9955E-05 0.351224
9.9955E-05 0.0134791 0.251369 0.00110998 9.9955E-05 9.9955E-05 0.24753 9.9955E-05 9.9955E-05 0.486012
9.99549E-05 9.99549E-05 9.99549E-05 9.99549E-05 0.0440166 9.99549E-05 0.268445 0.0966562 0.000688116 0.589695
9.99279E-05 9.99279E-05 9.99279E-05 9.99279E-05 0.250441 9.99279E-05 0.74876 9.99279E-05 9.99279E-05 9.99279E-05
9.9955E-05 9.9955E-05 9.9955E-05 0.0106249 9.9955E-05 0.017951 0.889306 0.0130095 0.0686085 9.9955E-05
9.99369E-05 9.99369E-05 0.481675 0.121244 9.99369E-05 9.99369E-05 0.396382 9.99369E-05 9.99369E-05 9.99369E-05
0.0574529 9.9946E-05 0.786541 9.9946E-05 9.9946E-05 9.9946E-05 0.0293108 9.9946E-05 9.9946E-05 0.126096
0.066196 9.9964E-05 0.294296 9.9964E-05 9.9964E-05 9.9964E-05 0.329066 0.0534527 0.0659369 0.190652
0.179777 9.99372E-05 0.362542 9.99372E-05 9.99372E-05 9.99372E-05 9.99372E-05 9.99372E-05 9.99372E-05 0.456981
0.158909 9.9955E-05 0.208807 9.9955E-05 9.9955E-05 9.9955E-05 0.523986 9.9955E-05 0.00534054 0.102458
0.0622573 9.9955E-05 0.257286 9.9955E-05 9.9955E-05 9.9955E-05 0.397804 0.0500099 9.9955E-05 0.232143
0.157229 0.0275323 0.0900034 0.0383387 9.9955E-05 9.9955E-05 0.686396 9.9955E-05 9.9955E-05 9.9955E-05
0.0919239 9.9964E-05 0.119467 9.9964E-05 9.9964E-05 0.0213929 0.347485 0.0546573 9.9964E-05 0.364674
9.9937E-05 9.9937E-05 9.9937E-05 9.9937E-05 9.9937E-05 0.0595408 0.936106 0.00365334 9.9937E-05 9.9937E-05
9.9946E-05 9.9946E-05 0.0500588 9.9946E-05 9.9946E-05 9.9946E-05 0.213077 0.185213 9.9946E-05 0.551052
9.9955E-05 9.9955E-05 0.185 9.9955E-05 9.9955E-05 9.9955E-05 0.00892587 0.0863323 0.0972873 0.621955
9.99459E-05 9.99459E-05 9.99459E-05 9.99459E-05 0.0224749 9.99459E-05 0.280274 0.0757786 9.99459E-05 0.620873
9.9937E-05 9.9937E-05 9.9937E-05 0.0795549 9.9937E-05 9.9937E-05 0.463011 9.9937E-05 9.9937E-05 0.456735
9.9937E-05 9.9937E-05 9.9937E-05 0.0484681 9.9937E-05 0.0303731 9.9937E-05 9.9937E-05 9.9937E-05 0.920459
0.0501299 0.036687 0.350449 9.9955E-05 9.9955E-05 9.9955E-05 0.0104012 9.9955E-05 9.9955E-05 0.551833
9.9955E-05 9.9955E-05 0.198089 9.9955E-05 0.00897734 9.9955E-05 0.70788 0.0488529 9.9955E-05 0.035701
9.9955E-05 9.9955E-05 0.0332986 9.9955E-05 0.0818248 9.9955E-05 0.0748096 9.9955E-05 0.134781 0.674786
9.99461E-05 9.99461E-05 9.99461E-05 9.99461E-05 9.99461E-05 0.847255 9.99461E-05 0.0832404 0.0525083 0.0163963
9.9937E-05 0.872698 9.9937E-05 9.9937E-05 9.9937E-05 9.9937E-05 9.9937E-05 9.9937E-05 0.0728906 0.0537113
9.995E-05 0.792238 9.995E-05 0.0433157 9.995E-05 0.0892132 9.995E-05 0.0069577 9.995E-05 0.0677756
0.0162723 9.9973E-05 0.0646755 0.0502737 0.068278 0.78124 9.9973E-05 0.0144254 9.9973E-05 0.00453476
9.995E-05 9.995E-05 0.0741558 0.00931534 0.266853 0.589819 9.995E-05 0.0593574 9.995E-05 9.995E-05
9.99201E-05 9.99201E-05 9.99201E-05 9.99201E-05 0.999101 9.99201E-05 9.99201E-05 9.99201E-05 9.99201E-05 9.99201E-05
9.99461E-05 0.117862 0.0593751 0.577643 0.24452 9.99461E-05 9.99461E-05 9.99461E-05 9.99461E-05 9.99461E-05
0.0959677 0.122512 0.0243751 0.417207 0.337099 9.996E-05 9.996E-05 9.996E-05 0.00243976 9.996E-05
9.996E-05 0.0435256 9.996E-05 0.528394 0.0836558 0.2324 0.00954493 9.996E-05 0.10208 9.996E-05
9.99459E-05 0.0909724 9.99459E-05 0.367604 0.362432 0.178392 9.99459E-05 9.99459E-05 9.99459E-05 9.99459E-05
9.99281E-05 9.99281E-05 9.99281E-05 0.989805 9.99281E-05 9.99281E-05 9.99281E-05 9.99281E-05 9.99281E-05 0.00939557
9.9937E-05 9.9937E-05 9.9937E-05 0.859063 9.9937E-05 9.9937E-05 9.9937E-05 0.0361663 0.104072 9.9937E-05
0.109115 9.99639E-05 0.00221637 0.396103 0.000442749 0.326036 9.99639E-05 9.99639E-05 0.165687 9.99639E-05
0.0323757 0.0399669 9.9964E-05 0.760553 0.082858 0.0387819 9.9964E-05 0.0450649 9.9964E-05 9.9964E-05
9.99459E-05 9.99459E-05 0.0122363 0.350098 0.410144 9.99459E-05 9.99459E-05 9.99459E-05 0.226923 9.99459E-05
0.0981837 9.99639E-05 9.99639E-05 0.561378 0.179946 0.0265402 9.99639E-05 0.00680162 0.12675 9.99639E-05
9.9946E-05 9.9946E-05 0.0406651 0.837996 0.0103794 0.11036 9.9946E-05 9.9946E-05 9.9946E-05 9.9946E-05
0.0337602 9.9955E-05 9.9955E-05 0.791478 9.9955E-05 0.0924853 0.0252098 0.0565664 9.9955E-05 9.9955E-05
0.0826931 0.198197 0.010121 0.564148 9.9964E-05 0.0656245 9.9964E-05 9.9964E-05 0.0788167 9.9964E-05
9.99639E-05 0.228016 0.0333679 0.105582 0.211427 0.327142 9.99639E-05 0.0940659 9.99639E-05 9.99639E-05
9.9946E-05 0.324938 9.9946E-05 9.9946E-05 0.0060412 0.476049 9.9946E-05 9.9946E-05 0.192372 9.9946E-05
0.144115 0.436674 9.9946E-05 9.9946E-05 0.0503268 0.368284 9.9946E-05 9.9946E-05 9.9946E-05 9.9946E-05
9.9946E-05 0.544708 9.9946E-05 0.0980466 9.9946E-05 0.337494 9.9946E-05 0.0191524 9.9946E-05 9.9946E-05
9.9946E-05 9.9946E-05 0.00204826 9.9946E-05 0.237429 0.756758 9.9946E-05 9.9946E-05 9.9946E-05 0.00316514
0.0780496 9.99371E-05 9.99371E-05 9.99371E-05 9.99371E-05 0.869765 9.99371E-05 0.0514861 9.99371E-05 9.99371E-05
0.100879 9.9946E-05 9.9946E-05 9.9946E-05 0.0377642 0.683232 9.9946E-05 0.177525 9.9946E-05 9.9946E-05
9.993E-05 9.993E-05 0.0484818 9.993E-05 9.993E-05 0.925812 9.993E-05 0.0250066 9.993E-05 9.993E-05
0.064504 9.9964E-05 9.9964E-05 0.00116808 0.0172986 0.852514 9.9964E-05 9.9964E-05 0.0288218 0.0352931
0.0353378 0.0606213 9.9964E-05 0.143311 9.9964E-05 0.71163 9.9964E-05 0.00408062 0.0446192 9.9964E-05
0.0995103 9.9946E-05 9.9946E-05 9.9946E-05 9.9946E-05 0.796279 0.00345163 9.9946E-05 0.10016 9.9946E-05
0.0561704 0.030925 9.9946E-05 9.9946E-05 9.9946E-05 0.897281 9.9946E-05 9.9946E-05 0.0150238 9.9946E-05
9.99459E-05 0.1229 9.99459E-05 9.99459E-05 0.0785985 0.413246 9.99459E-05 9.99459E-05 0.384657 9.99459E-05
9.9946E-05 0.328503 9.9946E-05 0.201322 9.9946E-05 0.278989 9.9946E-05 0.190586 9.9946E-05 9.9946E-05
0.107404 0.0352222 9.996E-05 0.0177393 0.142549 0.617792 9.996E-05 9.996E-05 0.078894 9.996E-05
0.0847819 0.0213359 9.99731E-05 0.0873341 0.0927998 0.695428 0.00328301 0.0147376 9.99731E-05 9.99731E-05
9.99551E-05 0.0549918 9.99551E-05 0.00649272 0.0774184 0.769374 9.99551E-05 9.99551E-05 0.091223 9.99551E-05
0.0604039 0.0941889 9.9955E-05 0.0338324 9.9955E-05 0.80081 9.9955E-05 0.010265 9.9955E-05 9.9955E-05
9.99369E-05 9.99369E-05 9.99369E-05 0.162655 0.118689 0.717956 9.99369E-05 9.99369E-05 9.99369E-05 9.99369E-05
0.240679 0.550303 9.9946E-05 9.9946E-05 0.014884 0.193534 9.9946E-05 9.9946E-05 9.9946E-05 9.9946E-05
0.0244656 0.621065 9.9955E-05 0.0972151 0.0249234 0.231832 9.9955E-05 9.9955E-05 9.9955E-05 9.9955E-05
0.00973399 0.365736 9.9964E-05 0.078501 9.9964E-05 0.517611 0.0262839 0.00173397 9.9964E-05 9.9964E-05
9.9946E-05 0.0912573 9.9946E-05 0.0547582 9.9946E-05 0.753327 9.9946E-05 9.9946E-05 0.100058 9.9946E-05
0.0255498 0.088406 0.0425014 0.154678 9.999E-05 0.571428 0.00992311 0.0383147 0.04208 0.0270194
0.177769 0.045107 9.9946E-05 0.155501 9.9946E-05 0.621023 9.9946E-05 9.9946E-05 9.9946E-05 9.9946E-05
9.995E-05 0.0589435 9.995E-05 0.0258601 9.995E-05 0.810519 0.0464642 0.0577138 9.995E-05 9.995E-05
0.198175 9.9946E-05 0.114037 9.9946E-05 9.9946E-05 0.579413 9.9946E-05 9.9946E-05 9.9946E-05 0.107775
9.9964E-05 9.9964E-05 0.0185935 0.0218094 9.9964E-05 0.572532 0.123989 0.0322502 9.9964E-05 0.230427
9.9937E-05 0.173236 9.9937E-05 9.9937E-05 0.0937103 0.732355 9.9937E-05 9.9937E-05 9.9937E-05 9.9937E-05
9.9946E-05 0.639471 9.9946E-05 0.0820297 0.0628837 0.215016 9.9946E-05 9.9946E-05 9.9946E-05 9.9946E-05
0.132327 0.327 9.9955E-05 9.9955E-05 0.0447877 0.466226 0.0291588 9.9955E-05 9.9955E-05 9.9955E-05
0.152972 0.463641 9.9955E-05 0.0123856 0.0403732 0.330129 9.9955E-05 9.9955E-05 9.9955E-05 9.9955E-05
9.9946E-05 0.828191 9.9946E-05 9.9946E-05 0.0586517 0.072785 9.9946E-05 9.9946E-05 0.0397728 9.9946E-05
9.9964E-05 0.066391 9.9964E-05 9.9964E-05 0.0916814 0.81009 9.9964E-05 0.0173006 0.000282007 0.0138547
0.0398349 0.543676 9.9964E-05 0.100278 0.0400417 0.258066 9.9964E-05 9.9964E-05 0.0177038 9.9964E-05
9.99459E-05 0.27053 9.99459E-05 0.0365457 9.99459E-05 0.552928 9.99459E-05 9.99459E-05 0.139397 9.99459E-05
9.99459E-05 0.267037 9.99459E-05 9.99459E-05 0.129136 0.414985 9.99459E-05 9.99459E-05 0.188243 9.99459E-05
9.9946E-05 0.440799 9.9946E-05 9.9946E-05 0.0390131 0.496823 0.0227648 9.9946E-05 9.9946E-05 9.9946E-05
9.9946E-05 0.0867238 9.9946E-05 9.9946E-05 0.153931 9.9946E-05 0.671088 9.9946E-05 9.9946E-05 0.0876568
9.9946E-05 9.9946E-05 0.121325 9.9946E-05 9.9946E-05 0.0712881 0.490755 9.9946E-05 9.9946E-05 0.316032
9.9955E-05 9.9955E-05 0.276802 9.9955E-05 0.0799281 9.9955E-05 0.435505 0.0538378 9.9955E-05 0.153428
0.0470509 0.0595976 0.0515782 9.99729E-05 0.150638 9.99729E-05 0.0538071 9.99729E-05 0.0014448 0.635583
9.9955E-05 9.9955E-05 0.168876 0.100306 0.0277207 0.0603499 9.9955E-05 9.9955E-05 9.9955E-05 0.642248
9.9955E-05 9.9955E-05 0.10267 9.9955E-05 0.0337864 0.0169695 0.0790098 9.9955E-05 9.9955E-05 0.767064
0.0499732 0.061226 0.325851 9.9955E-05 9.9955E-05 9.9955E-05 0.277552 9.9955E-05 9.9955E-05 0.284898
9.9964E-05 9.9964E-05 0.171448 0.00557509 0.00996731 0.0324071 0.69723 9.9964E-05 9.9964E-05 0.0829735
9.99371E-05 0.0293194 9.99371E-05 9.99371E-05 0.257803 9.99371E-05 0.712178 9.99371E-05 9.99371E-05 9.99371E-05
9.9964E-05 9.9964E-05 0.203917 9.9964E-05 0.0134122 0.0888987 0.0909938 0.00280843 9.9964E-05 0.599571
9.99282E-05 9.99282E-05 9.99282E-05 9.99282E-05 9.99282E-05 9.99282E-05 9.99282E-05 0.118795 9.99282E-05 0.880406
0.0299183 9.99371E-05 9.99371E-05 9.99371E-05 9.99371E-05 9.99371E-05 9.99371E-05 0.0247025 9.99371E-05 0.94468
9.99461E-05 9.99461E-05 0.108843 0.0455417 9.99461E-05 9.99461E-05 9.99461E-05 0.0254807 9.99461E-05 0.819534
