0.709199 9.9991E-05 0.290701
0.444234 9.9991E-05 0.555666
0.699413 9.9991E-05 0.300487
0.689694 0.07009 0.240216
0.937349 0.0625509 9.9991E-05
0.787784 0.0750476 0.137168
9.999E-05 0.414169 0.585731
0.133089 0.541142 0.325769
9.9991E-05 0.653904 0.345996
9.9991E-05 0.597043 0.402857
9.9991E-05 0.536389 0.463511
9.9991E-05 0.512176 0.487724
9.9991E-05 0.799047 0.200853
9.9991E-05 0.788027 0.211873
9.9991E-05 0.528877 0.471023
9.9991E-05 0.548262 0.451638
0.681455 0.0745074 0.244037
0.363909 0.0359674 0.600124
0.472611 0.14229 0.3851
0.637558 0.191402 0.17104
0.526258 0.0738851 0.399857
0.452297 0.0755584 0.472145
0.552735 0.0704427 0.376822
0.757922 0.126008 0.11607
0.678999 0.152921 0.168079
0.734025 0.0474694 0.218505
0.711514 0.272576 0.0159099
0.776876 0.223024 9.9991E-05
0.699293 0.0346851 0.266022
0.577966 0.0704284 0.351606
0.295588 9.9991E-05 0.704312
0.560389 0.0909547 0.348656
0.665266 9.9991E-05 0.334634
0.538049 0.145111 0.31684
0.312978 9.9991E-05 0.686922
0.610756 0.0901165 0.299127
0.314578 0.335705 0.349716
0.532473 0.159578 0.307949
0.485336 0.0789839 0.43568
0.614388 0.121072 0.264539
0.683951 9.9991E-05 0.315949
0.774848 0.134012 0.0911397
0.603827 0.157515 0.238658
0.714705 0.179761 0.105534
0.76701 9.9991E-05 0.23289
0.66213 0.0393005 0.29857
0.215395 0.0653656 0.719239
0.27561 9.9991E-05 0.72429
0.190927 9.9991E-05 0.808973
0.443132 9.9991E-05 0.556768
0.331826 0.0147053 0.653469
0.522344 0.0681463 0.409509
0.41193 0.114274 0.473796
0.547856 0.0478226 0.404322
0.530165 0.0567595 0.413075
0.687737 0.178638 0.133625
0.145905 0.58075 0.273345
0.0484968 0.757344 0.194159
0.037296 0.962604 9.9991E-05
0.0242767 0.688715 0.287008
9.9991E-05 0.852594 0.147306
0.0425666 0.768358 0.189075
9.9991E-05 0.185956 0.813944
0.0137397 0.428897 0.557363
9.9991E-05 0.636179 0.363721
9.9991E-05 0.719652 0.280248
0.037507 0.613449 0.349044
9.9991E-05 0.969824 0.0300757
9.9991E-05 0.514529 0.485371
9.9991E-05 0.729723 0.270177
0.0168069 0.506415 0.476778
0.0638204 0.77778 0.158399
9.9991E-05 0.515674 0.484226
0.0803226 0.856301 0.063376
0.0545175 0.851596 0.0938862
0.0137746 0.871169 0.115056
0.0363773 0.755015 0.208607
9.999E-05 0.9998 9.999E-05
9.9991E-05 0.889143 0.110757
9.9991E-05 0.519059 0.480841
0.0574367 0.826964 0.115599
0.934989 0.0649113 9.9991E-05
0.845176 9.9991E-05 0.154724
0.838836 0.0770476 0.0841162
0.898034 0.101866 9.9991E-05
0.834235 0.00213008 0.163635
0.353725 9.9991E-05 0.646175
0.689042 0.0288043 0.282154
0.673063 9.9991E-05 0.326837
0.881361 0.0750198 0.0436195
0.803681 9.9991E-05 0.196219
0.849372 0.150528 9.9991E-05
0.876683 0.123217 9.9991E-05
0.846627 0.127853 0.0255202
0.840778 0.0824311 0.0767906
0.591756 9.9991E-05 0.408144
0.782684 0.0483539 0.168962
0.870487 0.129413 9.9991E-05
0.851695 0.148205 9.9991E-05
0.848019 0.07429 0.077691
0.796948 9.9991E-05 0.202952
0.95704 9.9991E-05 0.0428597
0.940114 9.9991E-05 0.0597859
0.892485 9.9991E-05 0.107415
0.855709 0.0356012 0.10869
0.957504 0.0423963 9.9991E-05
0.93391 0.0266568 0.0394328
0.930255 0.0696452 9.9991E-05
0.892968 0.106932 9.9991E-05
0.96082 0.0390796 9.9991E-05
0.955416 0.0444839 9.9991E-05
0.9998 9.999E-05 9.999E-05
0.837016 9.9991E-05 0.162884
0.875898 0.0435177 0.0805842
0.858431 9.9991E-05 0.141469
0.927684 0.0355728 0.0367429
0.994942 0.00495755 9.9991E-05
0.9998 9.999E-05 9.999E-05
0.942644 0.0136834 0.0436724
0.793596 9.9991E-05 0.206304
0.826891 9.9991E-05 0.173009
0.896862 0.00553321 0.0976052
0.9998 9.999E-05 9.999E-05
0.87198 0.12792 9.9991E-05
0.942499 0.0574014 9.9991E-05
0.966469 0.0334314 9.9991E-05
0.688296 0.311604 9.9991E-05
0.591934 0.407966 9.9991E-05
0.949229 9.9991E-05 0.0506713
0.838685 9.9991E-05 0.161215
0.854767 9.9991E-05 0.145133
0.905679 9.9991E-05 0.0942213
0.7365 9.9991E-05 0.263401
0.978872 0.0210285 9.9991E-05
0.852428 9.9991E-05 0.147472
0.970968 0.0289323 9.9991E-05
0.83467 9.9991E-05 0.16523
0.910586 9.9991E-05 0.0893145
0.0118322 0.387936 0.600232
9.9991E-05 0.683095 0.316805
9.9991E-05 0.587602 0.412298
0.103334 0.741085 0.155582
0.100205 0.850719 0.0490762
0.0247957 0.966591 0.00861325
0.0338604 0.668993 0.297146
9.9991E-05 0.516673 0.483227
9.9991E-05 0.113133 0.886767
0.111657 0.861021 0.0273214
9.999E-05 0.9998 9.999E-05
9.999E-05 0.9998 9.999E-05
0.038784 0.961116 9.9991E-05
