0.308099 0.0748816 0.212346 9.9991E-05 0.404573
0.274439 0.487557 0.184995 9.9991E-05 0.0529091
0.0758672 0.143574 0.434685 9.9991E-05 0.345774
0.110741 0.11612 0.329625 9.9991E-05 0.443414
0.0276863 9.9991E-05 0.744761 0.0391138 0.188339
0.0685282 9.9982E-05 0.394011 9.9982E-05 0.537261
9.9973E-05 0.556021 9.9973E-05 0.443679 9.9973E-05
0.0908854 0.314507 0.0613233 0.533184 9.9991E-05
0.0258051 0.353452 9.9982E-05 0.620543 9.9982E-05
9.9973E-05 0.370302 9.9973E-05 0.629398 9.9973E-05
9.99729E-05 0.48321 9.99729E-05 0.51649 9.99729E-05
9.99729E-05 0.470089 9.99729E-05 0.529611 9.99729E-05
9.9973E-05 0.262811 9.9973E-05 0.736889 9.9973E-05
9.9973E-05 0.255621 9.9973E-05 0.744079 9.9973E-05
9.9973E-05 0.438067 9.9973E-05 0.561633 9.9973E-05
9.9973E-05 0.515921 9.9973E-05 0.483779 9.9973E-05
0.0513336 0.0881907 0.318381 9.9991E-05 0.541995
9.9991E-05 0.452692 0.110692 0.0150932 0.421423
0.037715 0.111104 9.9991E-05 0.0938473 0.757234
9.9982E-05 9.9982E-05 0.26454 0.0911129 0.644147
9.9982E-05 0.248361 0.263341 9.9982E-05 0.488098
9.9982E-05 0.190346 0.0460618 9.9982E-05 0.763392
0.312543 0.187892 9.9991E-05 0.0590493 0.440416
0.398719 9.9982E-05 9.9982E-05 0.0592933 0.541787
0.190125 9.9982E-05 9.9982E-05 0.049007 0.760668
0.239633 9.9982E-05 0.0219582 9.9982E-05 0.738208
9.9982E-05 9.9982E-05 0.348313 0.155725 0.495762
9.9982E-05 9.9982E-05 0.435249 0.117341 0.44721
0.176549 0.222168 0.457655 0.0206807 0.122947
0.0270188 0.346633 0.365889 0.0491753 0.211283
9.9982E-05 0.588978 0.0908696 9.9982E-05 0.319953
9.9991E-05 0.248145 0.473629 0.0453715 0.232754
9.9982E-05 0.212979 0.39418 9.9982E-05 0.392641
0.241128 9.9982E-05 9.9982E-05 0.0772551 0.681417
0.127404 0.317852 9.9982E-05 9.9982E-05 0.554544
9.9991E-05 0.124757 0.243118 0.0150443 0.616981
9.9991E-05 0.193857 0.0187546 0.290734 0.496555
0.0526898 0.0480187 0.100839 0.0949449 0.703508
0.162809 0.121251 9.9991E-05 0.0425052 0.673335
9.9991E-05 0.0849612 0.112194 0.0262368 0.776508
0.548464 0.06588 9.9982E-05 9.9982E-05 0.385456
0.156508 9.9991E-05 0.363053 0.0568186 0.423521
9.9991E-05 0.0746669 0.43383 0.109419 0.381983
0.51983 9.9991E-05 0.114598 0.178989 0.186482
0.18134 0.0515411 0.24272 9.9991E-05 0.524299
9.9982E-05 0.125247 0.188147 9.9982E-05 0.686406
9.9982E-05 0.412967 9.9982E-05 0.0300616 0.556771
9.9982E-05 0.67887 0.147773 9.9982E-05 0.173157
9.9982E-05 0.766461 0.0774744 9.9982E-05 0.155864
0.193763 0.474969 0.140073 9.9991E-05 0.191095
9.9982E-05 0.511071 0.0892044 9.9982E-05 0.399524
0.324366 0.135304 9.9991E-05 0.110709 0.429522
0.0184644 0.240816 0.0428997 0.0376264 0.660193
0.329015 9.9982E-05 9.9982E-05 0.0315909 0.639195
0.329278 0.0165442 9.9991E-05 0.056171 0.597906
0.0149492 9.9991E-05 0.141032 0.0624944 0.781425
0.161879 0.153529 9.9991E-05 0.582007 0.102485
0.0570187 0.0762465 0.0366608 0.77104 0.0590346
0.0325391 9.9991E-05 0.00918429 0.928784 0.0293921
0.107742 0.186392 9.9982E-05 0.705666 9.9982E-05
0.0227998 0.139285 9.9982E-05 0.837715 9.9982E-05
0.00171056 0.178051 0.0192057 0.716504 0.084528
9.99729E-05 0.7953 9.99729E-05 0.2044 9.99729E-05
9.9991E-05 0.491577 0.0189004 0.42913 0.0602921
9.99729E-05 0.384397 9.99729E-05 0.615303 9.99729E-05
9.9973E-05 0.245252 9.9973E-05 0.754448 9.9973E-05
9.9991E-05 0.238355 0.00809261 0.600932 0.15252
0.0201959 9.99821E-05 9.99821E-05 0.960838 0.018766
0.0121342 0.423443 9.9991E-05 0.552707 0.0116151
0.0333379 0.217447 9.9982E-05 0.749015 9.9982E-05
9.9982E-05 0.46352 9.9982E-05 0.477724 0.0585568
9.9991E-05 0.152459 0.0779462 0.704237 0.0652571
0.00313461 0.455503 0.0340247 0.507237 9.9991E-05
9.9991E-05 0.103847 0.0816364 0.77597 0.0384469
9.9973E-05 9.9973E-05 9.9973E-05 0.791953 0.207747
9.9982E-05 0.0883921 9.9982E-05 0.796487 0.114921
9.9982E-05 0.203728 0.0417175 0.754354 9.9982E-05
9.9973E-05 9.9973E-05 0.0243389 0.975361 9.9973E-05
0.012552 0.106828 9.9982E-05 0.88042 9.9982E-05
9.9973E-05 0.478618 9.9973E-05 0.521082 9.9973E-05
9.9991E-05 0.114417 0.0504741 0.777177 0.0578323
0.030583 9.9991E-05 0.831489 0.0274749 0.110353
0.909883 9.9982E-05 0.017252 0.0726654 9.9982E-05
0.815008 9.9982E-05 0.10278 0.0820115 9.9982E-05
9.99865E-05 0.0471481 0.889043 0.0636093 9.99865E-05
9.9973E-05 0.263161 0.736539 9.9973E-05 9.9973E-05
0.115513 0.757357 0.12693 9.99821E-05 9.99821E-05
0.0108419 0.314076 0.629061 0.0259829 0.0200381
0.156861 0.261632 0.408804 9.9991E-05 0.172603
9.9982E-05 0.0956653 0.872603 9.9982E-05 0.0315316
0.168315 0.226335 0.605149 9.9982E-05 9.9982E-05
9.9991E-05 0.000454832 0.828492 0.141732 0.0292205
9.9982E-05 9.9982E-05 0.622733 0.0399429 0.337124
9.9982E-05 0.0259566 0.705104 9.9982E-05 0.268739
9.9991E-05 0.0776321 0.701396 0.0303286 0.190544
9.9982E-05 0.433582 0.511826 9.9982E-05 0.0543925
9.9982E-05 0.161481 0.578225 9.9982E-05 0.260094
9.9982E-05 9.9982E-05 0.782061 0.0727021 0.145037
9.9982E-05 9.9982E-05 0.736171 0.0859319 0.177697
0.133783 0.010808 0.618628 0.0205728 0.216208
0.340099 0.129507 0.453723 9.9991E-05 0.0765713
0.402509 9.9982E-05 0.566813 9.9982E-05 0.0304782
0.568914 9.9982E-05 0.363118 9.9982E-05 0.0677686
0.566854 9.9973E-05 0.432847 9.9973E-05 9.9973E-05
9.9973E-05 0.202055 0.797645 9.9973E-05 9.9973E-05
0.0476307 9.9982E-05 0.833573 9.9982E-05 0.118597
0.137101 9.9982E-05 0.658695 9.9982E-05 0.204004
0.0524708 9.9982E-05 0.92 0.0273294 9.9982E-05
9.9982E-05 0.0115665 0.94721 0.0410241 9.9982E-05
0.0506707 9.9991E-05 0.881715 0.00580971 0.0617047
0.0734551 9.9982E-05 0.888228 9.9982E-05 0.0381173
0.163077 9.9973E-05 0.836623 9.9973E-05 9.9973E-05
0.216766 0.0492161 0.557877 9.9991E-05 0.176041
0.287943 9.9991E-05 0.588734 0.0544627 0.06876
0.140592 0.10562 0.731498 9.9991E-05 0.0221895
0.0661223 0.0667053 0.839749 9.9991E-05 0.0273229
0.127444 0.0263484 0.846008 9.9982E-05 9.9982E-05
0.189509 9.9982E-05 0.78608 9.9982E-05 0.0242111
0.0295865 0.0719708 0.898243 9.9982E-05 9.9982E-05
0.821102 0.0124051 0.166293 9.9982E-05 9.9982E-05
0.660535 0.0172107 0.322054 9.9982E-05 9.9982E-05
0.381858 0.0427828 0.551539 0.0237209 9.9991E-05
0.141441 9.9973E-05 0.858259 9.9973E-05 9.9973E-05
0.0784665 9.9991E-05 0.761602 0.0786924 0.0811395
0.248823 9.9991E-05 0.686937 0.0630327 0.00110697
0.119667 0.0212647 0.850731 0.00823666 9.9991E-05
0.173983 9.9991E-05 0.538406 0.27143 0.0160806
0.0559654 9.9982E-05 0.604124 0.33971 9.9982E-05
0.187381 0.0870287 0.72539 9.9982E-05 9.9982E-05
0.650523 0.0825327 0.266744 9.9982E-05 9.9982E-05
0.426777 0.0970995 0.475923 9.9982E-05 9.9982E-05
0.629692 9.9982E-05 0.366426 0.00368173 9.9982E-05
0.930413 0.0238731 0.0397368 9.9991E-05 0.00587757
0.180579 9.9973E-05 0.819121 9.9973E-05 9.9973E-05
0.663592 0.0123595 0.323848 9.9982E-05 9.9982E-05
0.303458 9.9982E-05 0.678936 0.0174053 9.9982E-05
0.307353 0.101962 0.545007 9.9991E-05 0.0455784
0.465436 0.0611902 0.473174 9.9982E-05 9.9982E-05
0.102635 0.536405 9.9982E-05 0.36076 9.9982E-05
0.00609189 0.306858 9.9982E-05 0.68685 9.9982E-05
9.99729E-05 0.384912 9.99729E-05 0.614789 9.99729E-05
0.0885783 0.0954415 9.9991E-05 0.772668 0.0432119
9.9982E-05 0.0892489 0.146502 0.764049 9.9982E-05
9.9982E-05 0.00143199 0.0526758 0.945692 9.9982E-05
0.0386048 0.249838 9.9982E-05 0.711357 9.9982E-05
9.9973E-05 0.472693 9.9973E-05 0.527007 9.9973E-05
9.99731E-05 0.874373 9.99731E-05 0.125327 9.99731E-05
9.9982E-05 0.0894922 0.114478 0.79583 9.9982E-05
9.99731E-05 9.99731E-05 9.99731E-05 0.956258 0.0434418
9.9973E-05 9.9973E-05 9.9973E-05 0.917637 0.0820627
9.9982E-05 9.9982E-05 0.0480873 0.915532 0.0361805
