9.9991E-05 0.322831 0.20298 0.00279839 0.446818 0.0244726
9.9991E-05 0.117108 0.381176 0.206488 0.0636898 0.231439
9.999E-05 0.415813 0.0748748 0.137212 0.336945 0.035055
0.0176254 0.376297 0.091187 0.104906 0.409885 9.9991E-05
9.9964E-05 0.793921 9.9964E-05 9.9964E-05 0.205679 9.9964E-05
9.9982E-05 0.469724 0.063019 0.0399258 0.427131 9.9982E-05
9.9973E-05 9.9973E-05 0.0325274 0.00245046 9.9973E-05 0.964722
0.202152 0.0722081 0.111414 0.0426703 0.0170696 0.554486
0.167071 0.0179882 0.0254822 9.9982E-05 9.9982E-05 0.789259
0.177776 9.9973E-05 9.9973E-05 9.9973E-05 0.0404545 0.78147
0.0507589 9.9973E-05 0.0623441 9.9973E-05 9.9973E-05 0.886597
9.9973E-05 0.10154 9.9973E-05 9.9973E-05 0.0279073 0.870253
0.370261 0.00829437 9.9973E-05 9.9973E-05 9.9973E-05 0.621145
0.408848 9.9982E-05 0.050276 9.9982E-05 0.0145601 0.526116
0.192749 9.9982E-05 0.0118851 0.0717538 9.9982E-05 0.723412
0.0274885 9.99731E-05 0.0597375 9.99731E-05 9.99731E-05 0.912474
9.9982E-05 0.376411 0.00738322 0.167603 0.448403 9.9982E-05
0.113102 0.0106666 0.0390682 0.642205 0.194858 9.9991E-05
0.0812436 0.0545447 9.9982E-05 0.234982 0.62903 9.9982E-05
0.0841487 0.318035 9.9982E-05 0.140916 0.4567 9.9982E-05
0.0325907 0.277568 9.9982E-05 0.482689 0.206952 9.9982E-05
0.0274406 9.9973E-05 9.9973E-05 0.424915 0.547345 9.9973E-05
9.9982E-05 0.0961729 0.199154 9.9982E-05 0.514307 0.190167
0.00720783 0.219846 0.216023 9.9982E-05 0.556723 9.9982E-05
0.0179299 0.186341 0.0711242 9.9982E-05 0.724405 9.9982E-05
9.9973E-05 0.175055 0.136896 9.9973E-05 0.68775 9.9973E-05
0.134852 0.397187 9.9973E-05 9.9973E-05 0.467661 9.9973E-05
0.0743422 0.490445 9.9973E-05 9.9973E-05 0.434913 9.9973E-05
0.0546828 0.292799 0.277982 0.288386 0.0738642 0.0122859
0.0939783 0.254219 0.12815 0.425407 0.0981458 9.9991E-05
9.9982E-05 0.0854309 9.9982E-05 0.591762 0.191891 0.130716
9.9982E-05 0.472186 9.9982E-05 0.296051 0.134226 0.0973366
9.9973E-05 0.409239 9.9973E-05 0.297612 0.292849 9.9973E-05
9.997E-05 9.997E-05 0.0957298 9.997E-05 0.843612 0.0603584
9.9973E-05 9.9973E-05 0.117023 9.9973E-05 0.668112 0.214565
9.9982E-05 0.278312 9.9982E-05 0.0930699 0.55766 0.0707579
0.20977 9.9982E-05 9.9982E-05 0.175019 0.476446 0.138565
0.0597121 0.184191 9.9991E-05 0.000710553 0.66613 0.0891564
0.0598167 9.9982E-05 0.168978 0.163822 0.607184 9.9982E-05
0.0518599 0.112888 9.9982E-05 0.110483 0.72457 9.9982E-05
9.9973E-05 9.9973E-05 0.494087 0.0985962 0.407017 9.9973E-05
0.111446 0.326979 0.226056 0.0565881 0.27883 9.9991E-05
0.118478 0.352292 9.9982E-05 0.208654 0.320376 9.9982E-05
0.140756 0.137991 0.502549 9.9982E-05 0.218504 9.9982E-05
9.9982E-05 0.326264 0.12008 0.0875785 0.465878 9.9982E-05
9.9973E-05 0.247956 9.9973E-05 0.166314 0.58543 9.9973E-05
0.126948 9.997E-05 9.997E-05 0.631069 0.241683 9.997E-05
0.0231731 9.9982E-05 0.127125 0.812309 9.9982E-05 0.0371929
9.9964E-05 9.9964E-05 0.0954253 0.904175 9.9964E-05 9.9964E-05
9.9973E-05 9.9973E-05 0.26514 0.679058 0.0555018 9.9973E-05
0.0417149 0.025138 9.9982E-05 0.751252 0.181696 9.9982E-05
0.0648292 9.9991E-05 0.337157 0.141176 0.395192 0.0615461
0.104899 9.9973E-05 9.9973E-05 0.406894 0.487908 9.9973E-05
0.043122 9.9982E-05 0.23668 0.113457 0.606541 9.9982E-05
0.0461698 9.9982E-05 0.301509 0.0325588 0.619562 9.9982E-05
0.0857737 0.233073 9.9982E-05 0.0317321 0.649222 9.9982E-05
0.272619 9.9982E-05 0.102479 9.9982E-05 0.211333 0.413369
0.453975 9.9982E-05 0.0670757 9.9982E-05 0.130634 0.348115
0.907979 9.9964E-05 0.091621 9.9964E-05 9.9964E-05 9.9964E-05
0.48743 9.9991E-05 0.102413 0.00594134 0.0287508 0.375365
0.570561 9.9973E-05 0.0330615 9.9973E-05 9.9973E-05 0.396078
0.645399 9.9982E-05 0.0344468 0.157769 9.9982E-05 0.162186
9.9973E-05 9.9973E-05 0.0145198 0.241885 9.9973E-05 0.743295
0.0151724 0.0692498 9.9991E-05 0.0793125 0.10531 0.730855
0.164542 0.0778497 9.9973E-05 9.9973E-05 9.9973E-05 0.757308
0.325623 9.9973E-05 9.9973E-05 9.9973E-05 0.00491128 0.669166
0.280209 0.0106443 9.9982E-05 9.9982E-05 0.165291 0.543656
0.658653 9.99731E-05 9.99731E-05 9.99731E-05 0.104428 0.23662
0.167149 9.9982E-05 0.03244 9.9982E-05 0.131519 0.668692
0.343502 9.9982E-05 0.00423792 9.9982E-05 0.0768079 0.575252
9.9973E-05 0.104151 9.9973E-05 9.9973E-05 0.115932 0.779617
0.417563 0.0580116 9.9982E-05 9.9982E-05 0.0591388 0.465087
9.9964E-05 0.113865 9.9964E-05 9.9964E-05 9.9964E-05 0.885735
0.67114 0.00188559 9.9982E-05 0.13907 9.9982E-05 0.187704
0.727356 0.000148149 9.9991E-05 0.0493472 0.117878 0.10517
0.689523 9.9973E-05 9.9973E-05 0.145648 9.9973E-05 0.164529
0.524586 0.0666929 9.9982E-05 0.0119164 9.9982E-05 0.396605
0.972052 0.0275479 9.9964E-05 9.9964E-05 9.9964E-05 9.9964E-05
0.642754 9.9973E-05 0.0312843 9.9973E-05 9.9973E-05 0.325662
0.147558 9.9982E-05 9.9982E-05 0.149948 0.00196695 0.700327
0.710677 0.0074706 9.9982E-05 0.205551 9.9982E-05 0.0761021
0.0539806 0.774272 0.113914 0.0172882 0.0404448 9.9991E-05
0.109862 0.0961191 0.793719 9.9973E-05 9.9973E-05 9.9973E-05
0.105882 0.134521 0.759297 9.9973E-05 9.9973E-05 9.9973E-05
0.0235855 0.776487 0.059221 0.140506 9.9982E-05 9.9982E-05
9.9973E-05 0.526046 0.153321 0.320333 9.9973E-05 9.9973E-05
9.99731E-05 9.99731E-05 0.272967 0.704571 9.99731E-05 0.0221619
9.9982E-05 0.421798 0.211644 0.289125 9.9982E-05 0.0772331
9.9991E-05 0.271986 0.325106 0.192949 0.0691964 0.140663
9.9973E-05 0.782416 0.0175312 0.199753 9.9973E-05 9.9973E-05
9.9973E-05 0.454084 0.311721 0.233895 9.9973E-05 9.9973E-05
0.0663628 0.880276 9.99731E-05 9.99731E-05 9.99731E-05 0.0530608
0.0305758 0.681274 9.9973E-05 9.9973E-05 0.28785 9.9973E-05
0.00248014 0.753185 9.9991E-05 0.0179739 0.221129 0.00513152
9.9982E-05 0.668498 9.9982E-05 0.124042 0.187883 0.0193771
9.9973E-05 0.438623 9.9973E-05 0.545173 9.9973E-05 0.0159035
9.9982E-05 0.605894 9.9982E-05 0.185522 0.19379 0.0145947
0.059568 0.838831 9.9982E-05 9.9982E-05 0.0698091 0.0315924
0.0223375 0.768901 9.9982E-05 9.9982E-05 0.187928 0.020633
9.998E-05 0.631512 0.113859 9.998E-05 0.213835 0.0405953
9.9982E-05 0.336204 0.387383 0.242217 0.0339959 9.9982E-05
9.9982E-05 0.436295 0.474816 0.0786787 0.0100101 9.9982E-05
0.00499978 0.361096 0.597946 0.0300705 0.00578711 9.9991E-05
9.9973E-05 0.340048 0.604751 0.0549008 9.9973E-05 9.9973E-05
9.9982E-05 0.701051 0.061191 0.224833 9.9982E-05 0.0127252
9.9982E-05 0.858128 0.036236 0.0608687 0.0445675 9.9982E-05
9.9982E-05 0.618224 0.13865 0.0473955 0.195531 9.9982E-05
9.9973E-05 0.868009 0.0700328 0.0616585 9.9973E-05 9.9973E-05
9.9973E-05 0.863427 0.0588142 0.0774594 9.9973E-05 9.9973E-05
9.9973E-05 0.853878 0.0933519 9.9973E-05 0.0524704 9.9973E-05
9.9973E-05 0.77695 0.13457 9.9973E-05 0.0881805 9.9973E-05
9.9964E-05 0.790433 0.209167 9.9964E-05 9.9964E-05 9.9964E-05
9.9982E-05 0.42485 0.29571 0.154887 0.124352 9.9982E-05
0.0507148 0.546632 0.303953 0.0984993 9.9982E-05 9.9982E-05
9.9982E-05 0.617267 0.203683 0.0983659 0.0804841 9.9982E-05
0.00406869 0.73688 0.159317 0.0917704 0.00786471 9.9991E-05
9.9973E-05 0.731769 0.211179 0.0567515 9.9973E-05 9.9973E-05
9.9982E-05 0.727954 0.232954 0.0181069 0.0207858 9.9982E-05
9.9973E-05 0.729574 0.161326 0.1088 9.9973E-05 9.9973E-05
9.9982E-05 0.14158 0.741989 9.9982E-05 0.0704628 0.0457688
9.9973E-05 0.318205 0.650062 0.0314327 9.9973E-05 9.9973E-05
9.9973E-05 0.477259 0.495738 0.0267034 9.9973E-05 9.9973E-05
9.9964E-05 0.823498 0.176102 9.9964E-05 9.9964E-05 9.9964E-05
0.048454 0.817734 0.0693763 0.0199112 0.0444248 9.9991E-05
0.0236575 0.710964 0.189449 9.9991E-05 0.0700978 0.00573139
9.9973E-05 0.80381 0.157338 0.0385522 9.9973E-05 9.9973E-05
0.135026 0.577741 0.103977 9.9991E-05 0.0885956 0.0945595
0.272166 0.5837 0.0696501 9.9982E-05 9.9982E-05 0.0742839
9.9973E-05 0.657552 0.2359 0.106248 9.9973E-05 9.9973E-05
9.9973E-05 0.228898 0.651416 0.119385 9.9973E-05 9.9973E-05
9.9973E-05 0.45477 0.480985 9.9973E-05 9.9973E-05 0.0639454
9.9973E-05 0.366463 0.629081 9.9973E-05 9.9973E-05 0.00415635
9.9973E-05 9.9973E-05 0.905231 0.0810926 0.0133769 9.9973E-05
9.9973E-05 0.743729 0.183513 0.0724584 9.9973E-05 9.9973E-05
9.9964E-05 0.381178 0.618422 9.9964E-05 9.9964E-05 9.9964E-05
9.9973E-05 0.618448 0.352132 9.9973E-05 0.0291201 9.9973E-05
9.9982E-05 0.447781 0.384954 0.158425 0.00863968 9.9982E-05
9.9982E-05 0.445989 0.486605 0.057339 9.9982E-05 0.00986735
0.0817463 9.9982E-05 0.196047 0.0491522 9.9982E-05 0.672854
0.381966 0.0176364 0.032829 0.0250085 9.9991E-05 0.54246
0.253984 9.9973E-05 9.9973E-05 0.163509 9.9973E-05 0.582207
0.604268 9.9982E-05 0.0877154 0.0975557 9.9982E-05 0.210261
0.662087 0.0699452 9.998E-05 0.0430073 9.998E-05 0.224761
0.756779 9.9973E-05 9.9973E-05 0.0288651 9.9973E-05 0.214056
0.380155 9.9973E-05 0.0840211 9.9973E-05 9.9973E-05 0.535524
0.105235 0.0594664 9.9973E-05 9.9973E-05 9.9973E-05 0.834999
9.99731E-05 9.99731E-05 0.107403 0.135196 9.99731E-05 0.757101
0.657932 0.0957656 0.00188957 0.0321705 9.9991E-05 0.212142
0.954168 9.99641E-05 9.99641E-05 9.99641E-05 0.0454318 9.99641E-05
0.956139 9.9973E-05 0.00792834 9.9973E-05 0.0356329 9.9973E-05
0.950243 0.011867 9.9973E-05 0.0375901 9.9973E-05 9.9973E-05
