0.493787 9.9991E-05 0.405263 0.0848254 0.0160244
0.104851 9.9991E-05 0.372908 0.254689 0.267452
0.335218 0.0122352 0.500315 0.112128 0.0401044
0.430576 0.0614355 0.354431 9.9991E-05 0.153458
0.296886 0.0451326 0.657782 9.9982E-05 9.9982E-05
0.554935 0.00718581 0.389416 9.9991E-05 0.0483627
9.9973E-05 9.9973E-05 9.9973E-05 0.911521 0.0881794
0.0524495 0.0821456 0.161995 0.700291 0.00311961
9.999E-05 0.138575 0.0260414 0.825828 0.00945525
0.0380103 0.093995 9.9982E-05 0.867795 9.9982E-05
0.016359 9.9982E-05 0.0324538 0.950987 9.9982E-05
0.0312422 9.9982E-05 0.0591612 0.909397 9.9982E-05
9.9973E-05 0.316372 9.9973E-05 0.683328 9.9973E-05
0.0221432 0.347295 9.9982E-05 0.630362 9.9982E-05
9.999E-05 0.0681295 0.0126943 0.859003 0.0600736
9.999E-05 0.00214681 0.00265929 0.941047 0.0540464
0.522784 0.0447055 0.277358 9.9991E-05 0.155053
0.341005 0.103907 9.9982E-05 9.9982E-05 0.554888
0.731113 0.0714078 9.9991E-05 0.0145391 0.18284
0.690354 0.134821 0.111081 9.9991E-05 0.0636448
0.395092 0.0889846 0.137557 9.9991E-05 0.378266
0.602588 0.112747 9.9982E-05 9.9982E-05 0.284464
0.515246 9.9982E-05 0.230501 0.254053 9.9982E-05
0.695081 9.9982E-05 0.2469 0.0578192 9.9982E-05
0.871674 9.9982E-05 0.0627966 0.0653296 9.9982E-05
0.805432 9.9982E-05 0.159015 9.9982E-05 0.0353528
0.615075 0.13357 0.251155 9.9982E-05 9.9982E-05
0.529989 0.123083 0.346728 9.9982E-05 9.9982E-05
0.110866 0.0385955 0.533071 0.0132981 0.304169
0.178746 0.0697464 0.328389 0.0556698 0.367449
0.306916 0.0208607 9.9991E-05 0.1154 0.556723
0.242037 0.0575563 0.372813 0.0858018 0.241792
0.503715 9.9982E-05 0.239809 9.9982E-05 0.256276
0.856193 9.9982E-05 0.0076635 0.135943 9.9982E-05
0.660868 9.9982E-05 9.9982E-05 0.238456 0.100476
0.577575 0.0570928 0.173275 0.0572751 0.134782
0.487429 0.193056 9.9991E-05 0.195045 0.12437
0.724664 0.0634376 0.0919053 0.119893 9.9991E-05
0.646765 9.9982E-05 9.9982E-05 0.137178 0.215857
0.813574 0.0514967 9.9982E-05 9.9982E-05 0.134729
0.466971 9.9982E-05 0.308839 9.9982E-05 0.22399
0.360393 0.11129 0.448283 9.9991E-05 0.0799339
0.365309 0.169367 0.279716 9.9991E-05 0.185508
0.28844 0.103273 0.520014 0.0881733 9.9991E-05
0.620716 9.9991E-05 0.32304 0.00805083 0.0480933
0.754416 0.0309884 0.0296543 9.9991E-05 0.184842
0.341406 0.144481 9.9982E-05 9.9982E-05 0.513913
0.0894362 0.0748689 0.00761367 9.9991E-05 0.827981
9.997E-05 9.997E-05 9.997E-05 9.997E-05 0.9996
0.0834029 9.9982E-05 0.170523 9.9982E-05 0.745874
0.281397 0.0823328 9.9982E-05 9.9982E-05 0.63607
0.502372 9.9991E-05 0.164019 0.1696 0.16391
0.524392 0.116774 9.9982E-05 9.9982E-05 0.358634
0.734331 0.0160027 0.0459108 0.000209761 0.203545
0.709319 9.9991E-05 0.0542585 0.10078 0.135542
0.75884 0.114208 0.124752 9.9991E-05 0.00210027
0.244506 0.149973 0.0238187 0.581603 9.9991E-05
0.155245 0.356167 0.0168635 0.471624 9.9991E-05
9.9991E-05 0.885297 0.0370612 0.068788 0.00875411
0.023735 0.465121 9.9991E-05 0.414368 0.0966765
9.9982E-05 0.518785 0.0205314 0.460484 9.9982E-05
0.00637838 0.663234 0.0173071 0.141017 0.172063
9.99729E-05 9.99729E-05 9.99729E-05 0.663468 0.336232
0.124241 0.0208389 0.0440022 0.768364 0.0425542
9.9982E-05 0.0755876 0.0390991 0.885113 9.9982E-05
9.9973E-05 0.309867 9.9973E-05 0.689833 9.9973E-05
0.154329 0.184849 9.9982E-05 0.660622 9.9982E-05
0.053414 0.576163 9.99821E-05 0.370223 9.99821E-05
0.11183 0.0874448 9.9991E-05 0.77979 0.020835
0.0404572 0.291414 9.9982E-05 0.667929 9.9982E-05
0.0410602 0.0073374 0.148317 0.803185 9.9991E-05
0.0812275 0.313197 9.9982E-05 0.605376 9.9982E-05
9.9973E-05 9.9973E-05 0.090336 0.909364 9.9973E-05
0.000657341 0.693484 0.0240658 0.180297 0.101496
0.182186 0.649204 9.9982E-05 0.16841 9.9982E-05
9.9982E-05 0.796389 9.9982E-05 0.056394 0.147017
9.9991E-05 0.563226 0.0416049 0.354442 0.0406274
9.9973E-05 0.992753 0.00694724 9.9973E-05 9.9973E-05
0.0132642 0.582108 9.9982E-05 0.404428 9.9982E-05
9.9982E-05 0.102575 9.9982E-05 0.794188 0.103037
9.9982E-05 0.720859 9.9982E-05 0.124137 0.154805
0.0886138 0.0895622 0.821624 9.9982E-05 9.9982E-05
9.9982E-05 9.9982E-05 0.748915 0.134274 0.116611
9.9982E-05 9.9982E-05 0.830559 0.143216 0.026025
0.0017086 0.133719 0.79339 9.9991E-05 0.0710828
9.9982E-05 0.0415889 0.709241 9.9982E-05 0.24897
9.99731E-05 9.99731E-05 0.133404 9.99731E-05 0.866296
0.0371967 0.0837316 0.581525 0.0386124 0.258934
0.115804 9.9991E-05 0.537564 0.135275 0.211257
0.00786549 0.0989256 0.749266 9.9991E-05 0.143843
9.9973E-05 9.9973E-05 0.713669 9.9973E-05 0.286031
0.0780608 0.168257 0.753482 9.9982E-05 9.9982E-05
0.395568 0.0979417 0.506291 9.9982E-05 9.9982E-05
0.350459 0.0434577 0.605884 9.9982E-05 9.9982E-05
0.25779 0.0668592 0.561582 9.9991E-05 0.113669
0.0771861 0.057059 0.337793 9.9991E-05 0.527862
0.359709 0.0444957 0.433984 9.9991E-05 0.161712
0.176365 0.139539 0.683896 9.9982E-05 9.9982E-05
0.282541 0.113927 0.603332 9.9982E-05 9.9982E-05
0.317546 9.9982E-05 0.596338 0.0859163 9.9982E-05
0.0593288 9.9991E-05 0.623036 0.00457591 0.312959
0.0819681 9.9982E-05 0.840869 9.9982E-05 0.0769633
0.0885045 9.9982E-05 0.78406 9.9982E-05 0.127236
0.0266802 9.9991E-05 0.868201 0.0174411 0.087578
9.9991E-05 0.0171606 0.783212 0.0277103 0.171817
0.129973 0.0345201 0.835307 9.9982E-05 9.9982E-05
0.268353 0.0217155 0.659905 9.9991E-05 0.0499258
9.9973E-05 0.0686072 0.931093 9.9973E-05 9.9973E-05
0.00216076 0.118804 0.873425 9.9991E-05 0.00551035
0.106194 0.0313558 0.86225 9.9982E-05 9.9982E-05
0.145182 0.0328342 0.821784 9.9982E-05 9.9982E-05
0.0466517 0.0140395 0.939109 9.9982E-05 9.9982E-05
0.211205 9.9982E-05 0.602889 9.9982E-05 0.185706
0.0462343 0.0847565 0.774192 9.9991E-05 0.0947174
0.1336 9.9991E-05 0.758017 0.0188192 0.089464
0.0579693 0.0386843 0.865646 0.0111685 0.0265316
9.9982E-05 0.0597357 0.920406 9.9982E-05 0.0196585
0.0651071 0.0413591 0.893334 9.9982E-05 9.9982E-05
9.9982E-05 0.00884683 0.898762 9.9982E-05 0.0921909
0.0540916 9.9991E-05 0.793944 0.12052 0.0313436
9.9982E-05 9.9982E-05 0.821417 0.0401161 0.138267
9.9991E-05 0.00792386 0.881953 0.0658016 0.0442216
9.9973E-05 0.021312 0.978388 9.9973E-05 9.9973E-05
0.0553779 0.0886761 0.816911 0.0389353 9.9991E-05
0.0549033 0.070978 0.873919 9.9982E-05 9.9982E-05
9.9982E-05 0.0547946 0.922791 9.9982E-05 0.0222141
0.177252 0.201352 0.549341 0.0719558 9.9991E-05
9.9982E-05 0.316613 0.612534 0.0706528 9.9982E-05
9.9973E-05 9.9973E-05 0.846684 9.9973E-05 0.153016
9.9973E-05 9.9973E-05 0.7971 9.9973E-05 0.2026
9.9973E-05 9.9973E-05 0.828523 0.171177 9.9973E-05
9.9973E-05 9.9973E-05 0.920645 0.0790555 9.9973E-05
0.0328936 9.9982E-05 0.682554 9.9982E-05 0.284353
9.9982E-05 0.0320963 0.928867 9.9982E-05 0.0388365
0.0283659 9.9991E-05 0.848805 0.0405434 0.0821858
0.0773258 9.9982E-05 0.887534 0.0349407 9.9982E-05
0.122338 9.9982E-05 0.672956 9.9982E-05 0.204506
9.9982E-05 9.9982E-05 0.858386 0.0527731 0.0886414
9.9991E-05 0.0400404 0.0865969 0.690719 0.182544
9.9982E-05 0.383232 9.9982E-05 0.565436 0.0511317
0.00852651 0.276703 9.9991E-05 0.483633 0.231037
0.0442231 0.626996 0.050764 0.169008 0.109009
9.9991E-05 0.724766 0.129088 0.0894201 0.0566261
9.9973E-05 0.791505 9.9973E-05 0.208195 9.9973E-05
9.9982E-05 0.312585 0.0318194 0.655396 9.9982E-05
9.9991E-05 0.125111 0.0185624 0.807226 0.0490014
9.99731E-05 9.99731E-05 9.99731E-05 0.642918 0.356782
9.9982E-05 0.637349 0.0977567 0.264694 9.9982E-05
0.0418844 0.957816 9.99731E-05 9.99731E-05 9.99731E-05
0.0614111 0.938289 9.9973E-05 9.9973E-05 9.9973E-05
0.0250856 0.896016 0.0375387 0.0412593 9.9991E-05
