0.0195823 0.469532 9.99639E-05 0.287981 0.0712435 9.99639E-05 9.99639E-05 9.99639E-05 0.0240633 0.127198
0.0677678 0.174042 9.9964E-05 0.0383837 0.180614 9.9964E-05 9.9964E-05 9.9964E-05 0.329151 0.209642
0.145557 0.289535 9.9964E-05 0.344272 9.9964E-05 9.9964E-05 0.0195052 9.9964E-05 0.111168 0.089563
0.402547 0.290943 9.9973E-05 0.0487552 0.0354767 9.9973E-05 0.0118112 0.014324 9.9973E-05 0.195843
0.156116 0.140624 9.9955E-05 0.695196 9.9955E-05 9.9955E-05 0.00621883 9.9955E-05 0.00134599 9.9955E-05
0.393918 0.306099 9.9955E-05 0.206515 0.0284889 9.9955E-05 0.0644795 9.9955E-05 9.9955E-05 9.9955E-05
9.9946E-05 9.9946E-05 0.752767 9.9946E-05 9.9946E-05 9.9946E-05 0.0360119 9.9946E-05 0.165081 0.0455408
9.9955E-05 9.9955E-05 0.643639 0.121724 0.0968524 9.9955E-05 0.115041 9.9955E-05 0.022244 9.9955E-05
0.0865842 9.9937E-05 0.817551 9.9937E-05 9.9937E-05 0.0951655 9.9937E-05 9.9937E-05 9.9937E-05 9.9937E-05
9.99371E-05 0.0448051 0.93177 9.99371E-05 9.99371E-05 9.99371E-05 0.0227249 9.99371E-05 9.99371E-05 9.99371E-05
9.99369E-05 9.99369E-05 0.725716 9.99369E-05 0.0510483 9.99369E-05 9.99369E-05 9.99369E-05 0.222536 9.99369E-05
9.99549E-05 0.000806711 0.413904 0.0949169 9.99549E-05 0.0678402 9.99549E-05 9.99549E-05 0.422033 9.99549E-05
0.00207599 9.9946E-05 0.594817 9.9946E-05 9.9946E-05 9.9946E-05 9.9946E-05 0.315227 0.0872809 9.9946E-05
9.9946E-05 9.9946E-05 0.754669 9.9946E-05 0.00401508 9.9946E-05 0.0180819 0.222635 9.9946E-05 9.9946E-05
0.056483 9.9946E-05 0.826981 9.9946E-05 9.9946E-05 9.9946E-05 0.045888 9.9946E-05 0.0700479 9.9946E-05
9.99371E-05 9.99371E-05 0.742251 9.99371E-05 0.0665439 9.99371E-05 9.99371E-05 9.99371E-05 0.190506 9.99371E-05
9.9955E-05 0.195601 9.9955E-05 0.446686 0.00416617 9.9955E-05 0.341561 9.9955E-05 0.0114866 9.9955E-05
9.9946E-05 9.9946E-05 9.9946E-05 0.0476179 0.171504 0.00844215 0.771837 9.9946E-05 9.9946E-05 9.9946E-05
0.112316 0.456608 9.99549E-05 9.99549E-05 0.0636509 9.99549E-05 0.310892 0.0560335 9.99549E-05 9.99549E-05
0.0864153 0.314345 9.99549E-05 0.254742 9.99549E-05 9.99549E-05 0.28076 0.0632377 9.99549E-05 9.99549E-05
0.0579411 0.0220207 0.00857294 0.228909 9.9964E-05 9.9964E-05 0.558413 9.9964E-05 9.9964E-05 0.123744
0.131525 0.211854 9.9946E-05 0.0701524 9.9946E-05 9.9946E-05 0.585869 9.9946E-05 9.9946E-05 9.9946E-05
9.9946E-05 0.51197 9.9946E-05 0.204376 9.9946E-05 9.9946E-05 9.9946E-05 9.9946E-05 0.211431 0.0716238
9.9946E-05 0.618149 9.9946E-05 0.267428 0.0842934 0.0295292 9.9946E-05 9.9946E-05 9.9946E-05 9.9946E-05
9.99461E-05 0.771017 9.99461E-05 0.19545 9.99461E-05 0.0284905 9.99461E-05 0.00444242 9.99461E-05 9.99461E-05
0.116549 0.593487 9.9964E-05 0.0963791 0.0737053 9.9964E-05 0.0473248 9.9964E-05 9.9964E-05 0.0721553
9.9946E-05 0.258097 9.9946E-05 0.482023 9.9946E-05 9.9946E-05 0.129752 0.129528 9.9946E-05 9.9946E-05
0.0269665 0.38153 0.0015593 0.464195 9.9964E-05 9.9964E-05 9.9964E-05 0.101739 9.9964E-05 0.0236109
9.9955E-05 9.9955E-05 0.102304 0.291095 0.0749793 9.9955E-05 0.116625 9.9955E-05 9.9955E-05 0.414496
9.9955E-05 9.9955E-05 0.0529319 0.160412 9.9955E-05 9.9955E-05 0.210244 0.056611 9.9955E-05 0.519301
0.279669 9.9946E-05 9.9946E-05 9.9946E-05 9.9946E-05 9.9946E-05 0.37105 9.9946E-05 0.330006 0.0186741
0.268647 9.99459E-05 9.99459E-05 0.276497 9.99459E-05 9.99459E-05 0.30855 9.99459E-05 0.145706 9.99459E-05
0.348832 0.070776 9.9955E-05 0.210949 9.9955E-05 9.9955E-05 0.368396 9.9955E-05 9.9955E-05 0.000547243
9.9946E-05 0.921531 0.0375965 0.0318558 0.00841705 9.9946E-05 9.9946E-05 9.9946E-05 9.9946E-05 9.9946E-05
9.99279E-05 0.696758 9.99279E-05 9.99279E-05 9.99279E-05 9.99279E-05 9.99279E-05 9.99279E-05 0.302443 9.99279E-05
0.0524367 0.393907 9.9964E-05 0.23547 9.9964E-05 0.0352929 0.195867 9.9964E-05 9.9964E-05 0.0866264
0.126526 0.299298 9.9955E-05 9.9955E-05 9.9955E-05 9.9955E-05 0.0282457 0.242579 0.302852 9.9955E-05
9.9964E-05 0.591199 9.9964E-05 0.188764 9.9964E-05 0.0229938 0.073126 0.0791877 0.0443295 9.9964E-05
9.9946E-05 0.543449 9.9946E-05 9.9946E-05 9.9946E-05 9.9946E-05 0.00212141 0.108231 9.9946E-05 0.345599
0.0753643 0.50796 9.9964E-05 0.110533 9.9964E-05 0.0432309 0.249459 9.9964E-05 9.9964E-05 0.0130536
0.165242 0.283979 9.99461E-05 9.99461E-05 0.303987 9.99461E-05 9.99461E-05 9.99461E-05 9.99461E-05 0.246193
0.37464 0.18541 9.9955E-05 9.9955E-05 0.133608 9.9955E-05 9.9955E-05 0.0938435 9.9955E-05 0.211998
0.45999 0.183461 9.9955E-05 9.9955E-05 9.9955E-05 9.9955E-05 0.0512702 0.15364 9.9955E-05 0.151139
0.126477 0.167336 9.9955E-05 9.9955E-05 0.558122 0.0130415 9.9955E-05 0.134524 9.9955E-05 9.9955E-05
0.385236 0.420731 0.00438933 9.9964E-05 0.111489 9.9964E-05 0.00275242 9.9964E-05 9.9964E-05 0.0750026
0.373379 0.46123 9.9946E-05 9.9946E-05 9.9946E-05 9.9946E-05 0.0881844 9.9946E-05 9.9946E-05 0.0766071
9.99371E-05 0.0454283 9.99371E-05 9.99371E-05 9.99371E-05 0.0240797 0.929792 9.99371E-05 9.99371E-05 9.99371E-05
9.9946E-05 9.9946E-05 9.9946E-05 9.9946E-05 0.258918 9.9946E-05 0.632678 9.9946E-05 0.0888223 0.0189823
9.9937E-05 9.9937E-05 9.9937E-05 9.9937E-05 9.9937E-05 9.9937E-05 0.471167 9.9937E-05 0.16468 0.363453
9.9937E-05 0.0172968 9.9937E-05 9.9937E-05 9.9937E-05 9.9937E-05 0.169943 9.9937E-05 9.9937E-05 0.81206
0.0340319 9.99459E-05 0.0538777 9.99459E-05 9.99459E-05 9.99459E-05 0.665851 9.99459E-05 9.99459E-05 0.245639
9.9946E-05 0.265731 0.10141 9.9946E-05 0.307912 9.9946E-05 0.324348 9.9946E-05 9.9946E-05 9.9946E-05
9.996E-05 0.203562 9.996E-05 0.0499533 9.996E-05 0.0440665 0.59501 0.00288624 9.996E-05 0.104123
9.994E-05 0.411527 9.994E-05 9.994E-05 0.299825 9.994E-05 0.244652 0.0433962 9.994E-05 9.994E-05
9.99369E-05 0.387574 9.99369E-05 9.99369E-05 0.310767 9.99369E-05 0.30096 9.99369E-05 9.99369E-05 9.99369E-05
0.131251 0.326885 9.99549E-05 0.227964 9.99549E-05 9.99549E-05 0.212794 0.100606 9.99549E-05 9.99549E-05
9.9955E-05 0.245925 0.198681 9.9955E-05 9.9955E-05 0.412554 9.9955E-05 9.9955E-05 0.0494754 0.0928638
9.9973E-05 0.103893 0.370213 0.0372693 0.0132896 0.168559 9.9973E-05 0.247531 9.9973E-05 0.0589447
9.99461E-05 0.0119278 9.99461E-05 0.0311473 9.99461E-05 0.553937 9.99461E-05 0.402388 9.99461E-05 9.99461E-05
9.995E-05 0.0338915 0.0698426 9.995E-05 0.0432127 0.780272 0.0722811 9.995E-05 9.995E-05 9.995E-05
9.9955E-05 9.9955E-05 0.0894702 9.9955E-05 0.00840499 0.802757 9.9955E-05 0.0540241 0.044844 9.9955E-05
9.9928E-05 9.9928E-05 9.9928E-05 9.9928E-05 9.9928E-05 0.848604 0.150596 9.9928E-05 9.9928E-05 9.9928E-05
9.99459E-05 9.99459E-05 0.00155746 9.99459E-05 9.99459E-05 0.062268 9.99459E-05 9.99459E-05 0.822034 0.113541
0.0181543 9.99549E-05 9.99549E-05 0.0247637 9.99549E-05 9.99549E-05 0.0416608 0.205054 0.709867 9.99549E-05
0.0798442 9.99459E-05 0.568501 9.99459E-05 9.99459E-05 0.1504 9.99459E-05 9.99459E-05 0.200655 9.99459E-05
9.9946E-05 0.0747129 0.637591 9.9946E-05 9.9946E-05 0.286376 9.9946E-05 0.000720179 9.9946E-05 9.9946E-05
0.0184987 0.12935 0.456131 9.9955E-05 9.9955E-05 9.9955E-05 9.9955E-05 0.188053 0.207468 9.9955E-05
9.99371E-05 0.0877055 0.400791 9.99371E-05 9.99371E-05 9.99371E-05 9.99371E-05 0.510804 9.99371E-05 9.99371E-05
9.9955E-05 0.0999968 0.131529 9.9955E-05 9.9955E-05 0.0262287 9.9955E-05 0.223021 0.518725 9.9955E-05
9.9955E-05 0.0781176 0.331858 9.9955E-05 9.9955E-05 0.292917 9.9955E-05 0.116208 0.1804 9.9955E-05
9.9964E-05 0.0150261 0.155134 0.03476 9.9964E-05 0.0421433 9.9964E-05 0.122011 0.630526 9.9964E-05
9.996E-05 0.089039 0.217799 0.0029878 9.996E-05 0.251792 9.996E-05 0.290649 0.147333 9.996E-05
9.995E-05 0.00802594 0.0737898 0.0250814 9.995E-05 0.261505 9.995E-05 9.995E-05 0.631098 9.995E-05
0.0241092 9.9964E-05 9.9964E-05 0.000711483 9.9964E-05 0.454962 0.103781 0.34063 0.0754064 9.9964E-05
9.99549E-05 9.99549E-05 0.00278364 0.00511149 9.99549E-05 9.99549E-05 0.0551635 0.779376 0.157065 9.99549E-05
0.0380765 9.9955E-05 9.9955E-05 9.9955E-05 9.9955E-05 0.606214 0.0821352 0.258241 0.0148334 9.9955E-05
0.0793188 9.99459E-05 9.99459E-05 9.99459E-05 9.99459E-05 0.446952 9.99459E-05 0.270554 0.202575 9.99459E-05
9.9937E-05 9.9937E-05 9.9937E-05 0.0178172 9.9937E-05 0.538477 9.9937E-05 0.443007 9.9937E-05 9.9937E-05
9.9946E-05 0.0381044 0.244804 9.9946E-05 9.9946E-05 0.679531 9.9946E-05 0.0369603 9.9946E-05 9.9946E-05
9.99459E-05 9.99459E-05 0.0598966 9.99459E-05 9.99459E-05 0.410815 0.0960528 9.99459E-05 0.432636 9.99459E-05
9.99371E-05 9.99371E-05 9.99371E-05 9.99371E-05 9.99371E-05 0.733152 9.99371E-05 0.170737 9.99371E-05 0.0954111
9.99462E-05 0.0751913 9.99462E-05 0.81528 9.99462E-05 9.99462E-05 0.015726 9.99462E-05 9.99462E-05 0.0932034
9.9955E-05 9.9955E-05 9.9955E-05 0.000991294 0.845831 9.9955E-05 0.0562257 0.0399337 9.9955E-05 0.0565189
9.9937E-05 9.9937E-05 9.9937E-05 0.0589643 0.876615 9.9937E-05 9.9937E-05 0.0637212 9.9937E-05 9.9937E-05
0.00458499 9.9955E-05 0.031607 0.766355 9.9955E-05 9.9955E-05 9.9955E-05 0.0424363 9.9955E-05 0.154517
9.99459E-05 9.99459E-05 0.0187529 0.300166 9.99459E-05 0.00892959 9.99459E-05 9.99459E-05 9.99459E-05 0.671551
9.99281E-05 9.99281E-05 9.99281E-05 9.99281E-05 9.99281E-05 9.99281E-05 9.99281E-05 9.99281E-05 0.308162 0.691039
0.502851 9.99551E-05 9.99551E-05 9.99551E-05 0.0844166 0.0225709 9.99551E-05 9.99551E-05 0.116913 0.272749
0.350479 0.103402 0.0587116 9.996E-05 0.0269089 9.996E-05 9.996E-05 9.996E-05 0.0287489 0.43135
0.609101 9.9964E-05 9.9964E-05 0.221016 0.0941469 9.9964E-05 0.0200247 9.9964E-05 0.00205301 0.0532592
0.300254 9.99549E-05 9.99549E-05 0.118724 0.178346 9.99549E-05 9.99549E-05 9.99549E-05 0.0432862 0.358891
0.881132 9.9946E-05 9.9946E-05 0.028386 0.0686165 9.9946E-05 9.9946E-05 0.0212656 9.9946E-05 9.9946E-05
0.878358 0.0700962 9.9937E-05 9.9937E-05 9.9937E-05 9.9937E-05 9.9937E-05 0.0508465 9.9937E-05 9.9937E-05
0.407201 0.147934 0.0129373 0.374436 9.99549E-05 9.99549E-05 9.99549E-05 9.99549E-05 9.99549E-05 0.0569925
0.697956 0.0585215 9.9964E-05 0.0937408 0.0570519 0.0200334 9.9964E-05 9.9964E-05 9.9964E-05 0.0722962
0.56214 9.99549E-05 0.0326741 9.99549E-05 9.99549E-05 9.99549E-05 0.167961 9.99549E-05 0.0268264 0.209898
0.551133 0.153927 9.99549E-05 0.0925088 9.99549E-05 0.0422888 9.99549E-05 9.99549E-05 9.99549E-05 0.159642
0.694525 0.0320752 0.011237 0.192615 9.9973E-05 0.000557697 9.9973E-05 0.0109273 9.9973E-05 0.0577626
0.580698 0.0701715 9.9946E-05 0.311305 9.9946E-05 9.9946E-05 9.9946E-05 0.0372263 9.9946E-05 9.9946E-05
0.425197 0.189912 0.0238683 0.184173 0.17635 9.99549E-05 9.99549E-05 9.99549E-05 9.99549E-05 9.99549E-05
9.99459E-05 0.0688361 9.99459E-05 0.155053 0.104336 9.99459E-05 9.99459E-05 9.99459E-05 9.99459E-05 0.671175
9.9946E-05 0.0247998 9.9946E-05 0.540577 0.214535 9.9946E-05 9.9946E-05 9.9946E-05 9.9946E-05 0.219489
9.9946E-05 0.0262108 9.9946E-05 0.292692 0.320425 9.9946E-05 9.9946E-05 9.9946E-05 9.9946E-05 0.360073
0.025315 9.9946E-05 9.9946E-05 0.199632 0.63682 9.9946E-05 9.9946E-05 9.9946E-05 9.9946E-05 0.137633
0.103047 9.9955E-05 0.028168 0.562218 9.9955E-05 9.9955E-05 9.9955E-05 9.9955E-05 0.0313755 0.274692
9.9946E-05 0.0460888 9.9946E-05 0.812223 9.9946E-05 9.9946E-05 0.00897973 9.9946E-05 9.9946E-05 0.132109
9.994E-05 0.133293 9.994E-05 0.589145 9.994E-05 9.994E-05 0.0416507 9.994E-05 9.994E-05 0.235312
9.9928E-05 9.9928E-05 9.9928E-05 0.798083 9.9928E-05 9.9928E-05 9.9928E-05 9.9928E-05 9.9928E-05 0.201118
0.0404296 9.99459E-05 9.99459E-05 0.735651 9.99459E-05 9.99459E-05 9.99459E-05 0.0392842 9.99459E-05 0.184035
0.155965 9.9955E-05 0.00246701 0.7324 0.0925754 9.9955E-05 9.9955E-05 9.9955E-05 0.0160933 9.9955E-05
0.0392825 0.0520686 9.9946E-05 0.830013 0.0780364 9.9946E-05 9.9946E-05 9.9946E-05 9.9946E-05 9.9946E-05
0.0291627 0.0405877 9.9955E-05 0.751813 0.152384 9.9955E-05 9.9955E-05 9.9955E-05 9.9955E-05 0.0255529
0.0140133 0.183609 9.99549E-05 0.364492 0.0713615 9.99549E-05 9.99549E-05 9.99549E-05 9.99549E-05 0.366024
0.0793479 9.9946E-05 9.9946E-05 0.332086 0.406779 9.9946E-05 0.181188 9.9946E-05 9.9946E-05 9.9946E-05
0.00605052 0.077466 9.9955E-05 0.658787 9.9955E-05 9.9955E-05 9.9955E-05 9.9955E-05 0.0585169 0.19868
0.140227 9.99551E-05 9.99551E-05 0.599543 0.101297 9.99551E-05 0.0428405 9.99551E-05 9.99551E-05 0.115593
0.0528988 9.99461E-05 9.99461E-05 0.567589 0.029572 9.99461E-05 9.99461E-05 9.99461E-05 9.99461E-05 0.349341
9.9937E-05 9.9937E-05 9.9937E-05 0.728029 0.149322 9.9937E-05 9.9937E-05 9.9937E-05 9.9937E-05 0.12195
0.183098 9.99459E-05 9.99459E-05 0.483151 0.0293811 9.99459E-05 9.99459E-05 9.99459E-05 9.99459E-05 0.30377
9.9946E-05 0.117908 9.9946E-05 0.208166 0.613901 9.9946E-05 9.9946E-05 9.9946E-05 0.0594247 9.9946E-05
0.0719416 9.9946E-05 9.9946E-05 0.198625 0.678067 9.9946E-05 9.9946E-05 9.9946E-05 0.0507661 9.9946E-05
9.99371E-05 9.99371E-05 9.99371E-05 0.517708 0.394062 9.99371E-05 9.99371E-05 9.99371E-05 0.0875307 9.99371E-05
0.120272 9.9937E-05 9.9937E-05 0.717596 0.161433 9.9937E-05 9.9937E-05 9.9937E-05 9.9937E-05 9.9937E-05
0.109052 9.9964E-05 9.9964E-05 0.628445 0.140295 9.9964E-05 9.9964E-05 0.0804037 0.00490454 0.0365006
0.0963145 0.0651983 9.9964E-05 0.672088 0.132167 0.0260647 9.9964E-05 9.9964E-05 9.9964E-05 0.00776781
0.0748506 9.9946E-05 9.9946E-05 0.723356 0.12891 9.9946E-05 9.9946E-05 9.9946E-05 9.9946E-05 0.0722837
9.9946E-05 0.142053 0.0897879 0.625764 9.9946E-05 0.141796 9.9946E-05 9.9946E-05 9.9946E-05 9.9946E-05
9.9937E-05 9.9937E-05 9.9937E-05 0.603362 0.0315227 0.364416 9.9937E-05 9.9937E-05 9.9937E-05 9.9937E-05
0.0030043 9.9946E-05 9.9946E-05 0.550567 0.217479 9.9946E-05 9.9946E-05 9.9946E-05 9.9946E-05 0.22835
9.99369E-05 9.99369E-05 9.99369E-05 0.150462 0.549499 9.99369E-05 9.99369E-05 9.99369E-05 9.99369E-05 0.29934
0.0658314 0.0409207 0.0150814 0.268658 0.460071 9.9973E-05 9.9973E-05 9.9973E-05 0.067812 0.0813265
0.0249784 0.0928298 9.9955E-05 0.219368 0.408961 9.9955E-05 9.9955E-05 9.9955E-05 9.9955E-05 0.253363
9.99369E-05 0.0751748 9.99369E-05 9.99369E-05 0.534581 9.99369E-05 9.99369E-05 9.99369E-05 9.99369E-05 0.389544
9.99369E-05 9.99369E-05 9.99369E-05 0.575116 0.0190278 9.99369E-05 9.99369E-05 9.99369E-05 9.99369E-05 0.405157
0.0747477 0.0597586 9.9955E-05 0.0335717 0.55135 9.9955E-05 9.9955E-05 9.9955E-05 9.9955E-05 0.280073
0.132638 9.995E-05 0.00478775 0.474273 0.269285 9.995E-05 9.995E-05 9.995E-05 9.995E-05 0.118517
0.0799747 0.0550221 9.9964E-05 0.390895 0.246404 9.9964E-05 0.0388324 9.9964E-05 9.9964E-05 0.188472
9.9946E-05 9.9946E-05 9.9946E-05 0.313934 0.386237 9.9946E-05 9.9946E-05 9.9946E-05 0.0131691 0.28606
9.9946E-05 9.9946E-05 9.9946E-05 9.9946E-05 0.100125 0.269381 0.0524775 9.9946E-05 0.577417 9.9946E-05
9.9946E-05 9.9946E-05 0.113543 0.0223005 9.9946E-05 0.643412 9.9946E-05 9.9946E-05 0.220144 9.9946E-05
9.9946E-05 9.9946E-05 0.107871 9.9946E-05 9.9946E-05 0.601492 9.9946E-05 9.9946E-05 0.231764 0.0582729
0.064551 0.00738831 9.9946E-05 9.9946E-05 9.9946E-05 0.856413 9.9946E-05 9.9946E-05 9.9946E-05 0.0710477
0.105657 9.9955E-05 0.00355813 0.00474321 9.9955E-05 0.813272 9.9955E-05 0.07227 9.9955E-05 9.9955E-05
9.9937E-05 9.9937E-05 9.9937E-05 0.00063089 9.9937E-05 0.883848 9.9937E-05 0.114821 9.9937E-05 9.9937E-05
9.99549E-05 9.99549E-05 0.144452 9.99549E-05 0.0466923 0.294029 9.99549E-05 0.178532 0.335795 9.99549E-05
9.99459E-05 9.99459E-05 0.219514 9.99459E-05 9.99459E-05 0.102684 9.99459E-05 0.133594 0.543608 9.99459E-05
9.99282E-05 9.99282E-05 9.99282E-05 9.99282E-05 9.99282E-05 9.99282E-05 9.99282E-05 9.99282E-05 0.986155 0.0130456
9.99549E-05 9.99549E-05 0.0503593 0.0723916 9.99549E-05 0.433517 9.99549E-05 0.329635 0.113597 9.99549E-05
9.99201E-05 9.99201E-05 9.99201E-05 9.99201E-05 9.99201E-05 9.99201E-05 9.99201E-05 0.999101 9.99201E-05 9.99201E-05
9.9937E-05 9.9937E-05 9.9937E-05 9.9937E-05 9.9937E-05 0.272192 0.043589 0.68352 9.9937E-05 9.9937E-05
0.00987804 9.9955E-05 0.0405463 9.9955E-05 0.0342915 9.9955E-05 9.9955E-05 0.911439 9.9955E-05 0.00334538
