0.100315 9.9991E-05 0.520843 0.0108586 0.367883
0.412473 9.9991E-05 0.116941 0.102305 0.368181
0.101862 9.9991E-05 0.350004 0.0769571 0.471077
0.00276597 0.0358107 0.471954 0.140701 0.348768
9.9982E-05 0.0595174 0.270714 9.9982E-05 0.669569
9.999E-05 0.0197481 0.517467 0.0969559 0.365729
0.804631 0.166188 9.9982E-05 0.0289813 9.9982E-05
0.51544 0.326007 0.0304215 0.00430564 0.123826
0.629998 0.369703 9.9973E-05 9.9973E-05 9.9973E-05
0.599598 0.377586 0.0226158 9.9982E-05 9.9982E-05
0.751991 0.247709 9.9973E-05 9.9973E-05 9.9973E-05
0.741231 0.215328 0.0417584 9.9991E-05 0.00158202
0.447829 0.551871 9.9973E-05 9.9973E-05 9.9973E-05
0.421275 0.578425 9.9973E-05 9.9973E-05 9.9973E-05
0.660986 0.338714 9.9973E-05 9.9973E-05 9.9973E-05
0.727155 0.272545 9.9973E-05 9.9973E-05 9.9973E-05
9.999E-05 0.0489647 0.470062 0.164987 0.315887
9.999E-05 0.122072 0.207935 0.645782 0.0241107
9.9982E-05 0.0852662 0.678212 0.236322 9.9982E-05
9.999E-05 0.146146 0.567488 0.131147 0.155119
9.999E-05 0.0592875 0.34736 0.460114 0.133139
9.9982E-05 0.0821293 0.517371 0.4003 9.9982E-05
0.252417 9.9982E-05 0.587256 9.9982E-05 0.160127
0.0540114 9.9982E-05 0.701806 9.9982E-05 0.243982
9.9982E-05 0.0259489 0.869301 9.9982E-05 0.10455
9.9982E-05 9.9982E-05 0.789305 0.0629737 0.147521
9.9982E-05 0.182 0.571237 9.9982E-05 0.246563
9.9982E-05 0.129517 0.532459 9.9982E-05 0.337824
0.0581752 0.0553006 0.0221511 0.284216 0.580157
0.00682873 0.119285 0.13292 0.466317 0.274649
0.24954 9.9991E-05 0.212239 0.504622 0.0334991
0.0991746 0.053631 0.200591 0.293653 0.35295
9.9982E-05 9.9982E-05 0.424451 0.282448 0.292901
0.0963013 9.9973E-05 0.903399 9.9973E-05 9.9973E-05
0.340017 9.9973E-05 0.659683 9.9973E-05 9.9973E-05
0.0775491 0.0402947 0.600537 0.118687 0.162932
0.176969 0.224494 0.47112 0.127317 9.9991E-05
0.0865586 0.0763058 0.737755 9.9991E-05 0.0992806
0.0908571 0.0435598 0.6873 0.178183 9.9991E-05
9.9982E-05 0.0542711 0.778402 0.167127 9.9982E-05
0.0515409 9.9991E-05 0.469812 0.168537 0.31001
9.9991E-05 0.107408 0.353272 0.0512677 0.487952
9.9991E-05 0.142059 0.379705 0.206493 0.271643
0.118572 0.117368 0.24472 9.9991E-05 0.51924
0.0401954 9.9991E-05 0.603348 0.0748041 0.281552
9.9982E-05 9.9982E-05 0.689595 0.190214 0.11999
9.9982E-05 0.165585 0.219192 0.615023 9.9982E-05
0.035927 0.035953 0.0360479 0.845005 0.0470674
0.0754047 9.9973E-05 9.9973E-05 0.924295 9.9973E-05
9.9982E-05 9.9982E-05 0.0358128 0.776001 0.187986
9.9982E-05 0.0864271 0.160674 0.752699 9.9982E-05
0.154351 0.0295203 0.410908 0.211362 0.193859
9.9982E-05 0.125325 0.443132 0.431343 9.9982E-05
0.0201061 9.9991E-05 0.699272 0.188486 0.0920367
0.11837 9.9991E-05 0.696201 0.128266 0.0570625
9.9991E-05 0.118498 0.689519 0.0611767 0.130706
0.401826 0.336647 0.246536 9.9991E-05 0.0148906
0.306143 0.525537 0.121976 9.9991E-05 0.0462441
0.0533155 0.851196 0.0357321 0.00104087 0.0587153
0.422042 0.523686 0.0505808 0.00359162 9.9991E-05
0.365496 0.634204 9.9973E-05 9.9973E-05 9.9973E-05
0.237405 0.61961 9.9991E-05 0.109819 0.0330664
0.900622 9.9973E-05 9.9973E-05 0.0990785 9.9973E-05
0.671921 0.180069 0.14781 9.9982E-05 9.9982E-05
0.632008 0.352862 9.9982E-05 9.9982E-05 0.0149297
0.474613 0.525088 9.9973E-05 9.9973E-05 9.9973E-05
0.436749 0.399469 0.163582 9.9982E-05 9.9982E-05
0.167218 0.705547 0.127035 9.9982E-05 9.9982E-05
0.614609 0.283114 0.102077 9.9982E-05 9.9982E-05
0.418157 0.527249 0.0543942 9.9982E-05 9.9982E-05
0.685458 0.199529 0.114814 9.9982E-05 9.9982E-05
0.294727 0.555884 0.149189 9.9982E-05 9.9982E-05
0.813796 0.18484 0.0011642 9.9982E-05 9.9982E-05
0.179433 0.728339 9.9991E-05 0.0760901 0.0160383
0.126633 0.733199 0.122012 0.0180553 9.9991E-05
0.165189 0.73077 9.9982E-05 0.103841 9.9982E-05
0.251439 0.659325 9.9991E-05 0.0408295 0.0483069
9.9973E-05 0.956464 9.9973E-05 9.9973E-05 0.0432363
0.309748 0.689952 9.9973E-05 9.9973E-05 9.9973E-05
0.697855 0.277288 9.9982E-05 0.0246564 9.9982E-05
0.114506 0.723039 9.9991E-05 0.139467 0.0228879
9.9982E-05 0.13143 0.0325952 9.9982E-05 0.835775
0.204723 9.99821E-05 0.0522549 9.99821E-05 0.742822
0.202058 9.99731E-05 9.99731E-05 9.99731E-05 0.797642
9.9982E-05 0.13619 9.9982E-05 0.0789315 0.784678
9.9982E-05 0.0515819 9.9982E-05 0.3388 0.609418
0.22699 9.9982E-05 9.9982E-05 0.605718 0.167093
0.1827 0.00319164 0.0635577 0.159674 0.590877
0.115421 9.9991E-05 0.18221 0.215642 0.486627
9.9982E-05 0.0835009 9.9982E-05 0.144152 0.772147
0.0424355 9.9982E-05 9.9982E-05 0.234154 0.72321
9.9982E-05 0.163208 0.0762824 9.9982E-05 0.760309
9.9982E-05 0.103916 0.392872 9.9982E-05 0.503012
9.9991E-05 0.0880036 0.303485 0.0327963 0.575616
9.9991E-05 0.0737945 0.233531 0.072472 0.620102
0.0547094 0.0348962 9.9991E-05 0.539356 0.370939
9.9991E-05 0.0297298 0.308143 0.181153 0.480874
9.9982E-05 0.149726 0.124446 9.9982E-05 0.725628
9.9982E-05 0.104282 0.280311 9.9982E-05 0.615207
0.0786923 9.9982E-05 0.305263 9.9982E-05 0.615844
0.00822937 9.9991E-05 0.0283801 0.299175 0.664115
9.9982E-05 9.9982E-05 0.0783803 0.0927232 0.828697
9.9982E-05 9.9982E-05 0.10762 0.110956 0.781224
0.048649 9.9982E-05 9.9982E-05 0.0826316 0.868519
0.000974657 0.0742738 9.9991E-05 0.178709 0.745942
9.9982E-05 0.0664039 0.129077 9.9982E-05 0.804319
9.9991E-05 0.0528962 0.16507 0.085867 0.696067
9.9982E-05 0.0860373 9.9982E-05 0.0221594 0.891603
9.9982E-05 0.0933592 9.9982E-05 0.040874 0.865567
9.9982E-05 0.0325842 0.0739949 9.9982E-05 0.893221
9.9982E-05 0.0501836 0.0981835 9.9982E-05 0.851433
9.9982E-05 0.0182231 0.017494 9.9982E-05 0.964083
9.9982E-05 9.9982E-05 0.200974 0.174969 0.623857
9.9982E-05 0.0864621 9.9982E-05 0.14599 0.767348
0.0533542 9.9991E-05 0.109938 0.0899312 0.746676
9.9991E-05 0.0413121 0.0572142 0.0659766 0.835397
9.9982E-05 0.0603266 9.9982E-05 0.0503225 0.889151
9.9982E-05 0.071303 9.9982E-05 0.0130241 0.915473
0.0401847 0.017913 9.9991E-05 0.0563616 0.885441
0.208523 9.9973E-05 9.9973E-05 9.9973E-05 0.791177
0.151991 9.9973E-05 9.9973E-05 9.9973E-05 0.84771
0.142841 9.9973E-05 9.9973E-05 9.9973E-05 0.856859
9.9982E-05 0.0269693 0.0567231 9.9982E-05 0.916108
9.9982E-05 0.110301 0.082536 9.9982E-05 0.806963
9.9982E-05 0.0627349 0.12685 9.9982E-05 0.810215
0.0376169 0.0458034 9.9991E-05 0.00837187 0.908108
0.00985388 0.271539 0.075054 9.9991E-05 0.643453
0.0436909 0.328094 9.9982E-05 9.9982E-05 0.628015
0.0160416 9.9982E-05 9.9982E-05 0.107406 0.876352
0.0722895 9.9982E-05 9.9982E-05 0.122685 0.804826
0.180481 9.9973E-05 9.9973E-05 9.9973E-05 0.819219
0.123868 9.9973E-05 9.9973E-05 9.9973E-05 0.875832
0.109454 9.9982E-05 9.9982E-05 0.205488 0.684858
9.9982E-05 0.0556455 9.9982E-05 0.0647425 0.879412
0.109674 9.9982E-05 9.9982E-05 0.0273996 0.862727
0.0358666 0.00818707 0.0435174 0.0072711 0.905158
9.9982E-05 9.9982E-05 0.0854165 0.165294 0.74909
0.178883 9.9973E-05 9.9973E-05 9.9973E-05 0.820817
0.724909 0.149937 9.9991E-05 0.00762554 0.117429
0.511603 0.488098 9.9973E-05 9.9973E-05 9.9973E-05
0.544985 0.362657 9.9982E-05 0.0921577 9.9982E-05
0.239511 0.597587 9.9991E-05 0.0703566 0.0924455
0.184182 0.710461 9.9982E-05 9.9982E-05 0.105157
0.215362 0.784338 9.9973E-05 9.9973E-05 9.9973E-05
0.545598 0.437703 0.00256456 9.9991E-05 0.014035
0.718527 0.281174 9.9973E-05 9.9973E-05 9.9973E-05
0.9996 9.997E-05 9.997E-05 9.997E-05 9.997E-05
0.243467 0.690756 9.9982E-05 9.9982E-05 0.065578
9.99731E-05 0.966994 0.0327058 9.99731E-05 9.99731E-05
9.9973E-05 0.977825 0.0218747 9.9973E-05 9.9973E-05
9.9991E-05 0.936149 0.000109735 0.00497508 0.0586661
