0.146292 0.0245281 9.9982E-05 0.00411004 0.243097 0.493924 0.087848 9.9982E-05
0.20634 0.302532 0.129015 9.9973E-05 0.0785261 0.283287 9.9973E-05 9.9973E-05
9.9973E-05 0.13514 9.9973E-05 0.114879 0.305232 0.283755 0.160695 9.9973E-05
0.231416 0.020443 9.9973E-05 0.158128 9.9973E-05 9.9973E-05 0.586072 0.00364065
9.9964E-05 9.9964E-05 9.9964E-05 0.046159 0.578871 0.205478 0.169091 9.9964E-05
0.100472 9.9973E-05 9.9973E-05 0.139382 0.0445086 0.254689 0.460649 9.9973E-05
0.0255855 9.9955E-05 0.911426 0.0624888 9.9955E-05 9.9955E-05 9.9955E-05 9.9955E-05
0.0149057 9.9973E-05 0.640067 0.194145 0.132944 9.9973E-05 9.9973E-05 0.0176378
0.0232995 0.00894791 0.770841 9.9973E-05 9.9973E-05 9.9973E-05 0.0292732 0.167338
9.99641E-05 9.99641E-05 0.855994 0.0862267 0.014277 9.99641E-05 9.99641E-05 0.0431026
0.0480882 9.9964E-05 0.915308 9.9964E-05 9.9964E-05 0.0302281 9.9964E-05 0.00597542
9.9955E-05 9.9955E-05 0.85262 9.9955E-05 0.0635754 0.0833051 9.9955E-05 9.9955E-05
9.99514E-05 9.99514E-05 0.676297 9.99514E-05 9.99514E-05 9.99514E-05 9.99514E-05 0.323104
9.9955E-05 9.9955E-05 0.566915 0.144237 9.9955E-05 9.9955E-05 9.9955E-05 0.288348
9.9973E-05 0.00182574 0.852974 0.0521203 9.9973E-05 9.9973E-05 0.0134466 0.0793338
0.0824038 9.99461E-05 0.916997 9.99461E-05 9.99461E-05 9.99461E-05 9.99461E-05 9.99461E-05
0.0134546 9.9973E-05 9.9973E-05 0.465956 0.372221 0.137503 0.0105652 9.9973E-05
9.9964E-05 0.320488 0.0764016 0.566468 0.0362428 9.9964E-05 9.9964E-05 9.9964E-05
9.9973E-05 0.0531339 0.0108708 0.445891 9.9973E-05 0.336649 0.153155 9.9973E-05
9.996E-05 9.996E-05 9.996E-05 0.564617 0.160043 9.996E-05 0.247283 0.027657
9.99549E-05 0.166593 9.99549E-05 0.553723 0.279185 9.99549E-05 9.99549E-05 9.99549E-05
9.995E-05 0.0890174 9.995E-05 0.740772 9.995E-05 9.995E-05 0.169711 9.995E-05
0.010756 9.9973E-05 0.0990879 0.0230194 0.249525 0.617312 9.9973E-05 9.9973E-05
0.0206009 9.9955E-05 9.9955E-05 9.9955E-05 0.307084 0.671816 9.9955E-05 9.9955E-05
9.9964E-05 9.9964E-05 9.9964E-05 0.10256 0.112294 0.725752 0.0589946 9.9964E-05
0.199498 9.9964E-05 9.9964E-05 0.435542 9.9964E-05 0.144975 0.219585 9.9964E-05
9.9964E-05 9.9964E-05 9.9964E-05 0.472568 0.358183 0.146799 9.9964E-05 0.0220495
9.9973E-05 9.9973E-05 9.9973E-05 0.23703 0.34257 0.219681 0.155927 0.0444926
0.159817 0.109163 0.0416404 0.272918 0.416162 9.9973E-05 9.9973E-05 9.9973E-05
0.0789401 0.279912 0.0534215 0.334762 0.242503 9.9982E-05 9.9982E-05 0.0102612
9.9964E-05 0.442848 0.112238 0.22347 9.9964E-05 9.9964E-05 0.221044 9.9964E-05
9.997E-05 0.146387 0.101849 0.242826 0.204485 9.997E-05 0.304153 9.997E-05
0.0842162 0.106553 9.9973E-05 0.329452 0.0267354 9.9973E-05 0.452743 9.9973E-05
0.0250723 9.9964E-05 9.9964E-05 0.104559 9.9964E-05 0.860238 0.00973098 9.9964E-05
9.99549E-05 0.146903 0.000849209 9.99549E-05 9.99549E-05 0.851748 9.99549E-05 9.99549E-05
0.0280149 9.9982E-05 0.0508522 0.421159 0.218847 0.194101 0.0868263 9.9982E-05
9.9964E-05 0.191282 9.9964E-05 9.9964E-05 9.9964E-05 0.485674 0.0378667 0.284777
9.9973E-05 9.9973E-05 9.9973E-05 0.144663 0.114707 0.605795 0.0746366 0.0598984
0.0917499 0.176373 9.9982E-05 0.200139 9.9982E-05 0.458893 0.00751012 0.0651352
9.9964E-05 9.9964E-05 9.9964E-05 0.482897 0.0243832 0.287444 0.204876 9.9964E-05
0.537333 9.9964E-05 9.9964E-05 0.0503457 9.9964E-05 0.107312 0.304609 9.9964E-05
0.238608 0.00322866 9.9991E-05 0.125985 0.0425801 0.0663539 0.4473 0.0758449
9.997E-05 0.130544 9.997E-05 0.0885387 9.997E-05 0.081564 0.579633 0.11942
0.510294 9.9964E-05 9.9964E-05 9.9964E-05 9.9964E-05 0.0323426 0.304969 0.151995
0.260494 9.99551E-05 9.99551E-05 0.298094 9.99551E-05 9.99551E-05 0.440912 9.99551E-05
9.9964E-05 0.107639 9.9964E-05 0.234477 9.9964E-05 0.184644 0.47284 9.9964E-05
9.996E-05 0.265121 0.0514827 0.673205 9.996E-05 9.996E-05 9.996E-05 0.00979109
0.11336 0.47165 0.0853195 0.32927 9.99639E-05 9.99639E-05 9.99639E-05 9.99639E-05
9.9946E-05 0.804006 9.9946E-05 0.195394 9.9946E-05 9.9946E-05 9.9946E-05 9.9946E-05
0.171872 0.563059 9.99549E-05 0.264569 9.99549E-05 9.99549E-05 9.99549E-05 9.99549E-05
9.99549E-05 0.472112 9.99549E-05 0.497835 9.99549E-05 9.99549E-05 9.99549E-05 0.0295527
0.346908 9.9964E-05 0.100618 0.492908 9.9964E-05 0.059165 9.9964E-05 9.9964E-05
0.0492744 0.143963 9.9973E-05 0.754737 0.0215675 9.9973E-05 9.9973E-05 0.0301586
0.361112 9.9955E-05 9.9955E-05 0.533099 9.9955E-05 0.10529 9.9955E-05 9.9955E-05
0.368854 9.99549E-05 9.99549E-05 0.551151 9.99549E-05 0.0794953 9.99549E-05 9.99549E-05
9.9955E-05 9.9955E-05 9.9955E-05 0.642964 0.0438278 9.9955E-05 0.312708 9.9955E-05
0.113997 9.9964E-05 0.339418 9.9964E-05 9.9964E-05 0.243988 9.9964E-05 0.302198
0.0151439 9.9973E-05 0.383145 9.9973E-05 0.0239034 0.161889 9.9973E-05 0.415619
0.0521563 9.9955E-05 9.9955E-05 9.9955E-05 9.9955E-05 0.0564638 9.9955E-05 0.89088
0.122504 9.9964E-05 0.318289 0.0831773 9.9964E-05 9.9964E-05 9.9964E-05 0.475629
0.0512023 9.9955E-05 0.384259 9.9955E-05 9.9955E-05 9.9955E-05 9.9955E-05 0.564038
0.028633 0.059183 0.224538 0.111267 9.9973E-05 9.9973E-05 9.9973E-05 0.576079
9.99549E-05 0.306411 0.639222 9.99549E-05 9.99549E-05 0.0538675 9.99549E-05 9.99549E-05
9.9973E-05 9.9973E-05 0.784221 0.0381466 0.00789632 0.0852556 0.0841802 9.9973E-05
9.9964E-05 9.9964E-05 0.780563 9.9964E-05 9.9964E-05 0.0261215 0.0747471 0.118168
9.9955E-05 9.9955E-05 0.665174 9.9955E-05 9.9955E-05 0.00729105 9.9955E-05 0.327035
9.9982E-05 0.0210428 0.504011 0.0549443 9.9982E-05 0.111061 0.0442624 0.264478
9.99551E-05 9.99551E-05 0.136843 9.99551E-05 9.99551E-05 0.195978 9.99551E-05 0.666679
9.9964E-05 0.0215581 0.579975 9.9964E-05 9.9964E-05 0.228511 9.9964E-05 0.169556
9.9955E-05 9.9955E-05 0.515095 9.9955E-05 9.9955E-05 0.165016 9.9955E-05 0.31939
9.9964E-05 0.00815779 0.680659 9.9964E-05 9.9964E-05 0.257674 0.053109 9.9964E-05
9.996E-05 9.996E-05 0.387867 9.996E-05 0.0189007 0.198999 9.996E-05 0.393834
9.995E-05 9.995E-05 0.827538 9.995E-05 0.0681325 0.10383 9.995E-05 9.995E-05
9.9964E-05 9.9964E-05 0.24376 0.102299 0.031009 9.9964E-05 9.9964E-05 0.622533
9.9982E-05 9.9982E-05 0.0785197 0.100806 0.00652459 0.0832308 0.0180892 0.71263
9.9973E-05 0.0834176 0.123599 0.027197 9.9973E-05 9.9973E-05 0.00559827 0.759888
9.9955E-05 9.9955E-05 0.342489 9.9955E-05 9.9955E-05 9.9955E-05 0.117238 0.539773
9.9955E-05 0.0100794 9.9955E-05 9.9955E-05 0.0032922 9.9955E-05 9.9955E-05 0.986129
9.9955E-05 9.9955E-05 0.367998 9.9955E-05 9.9955E-05 0.0460673 9.9955E-05 0.585435
9.9964E-05 0.041112 0.767896 0.0942986 9.9964E-05 9.9964E-05 9.9964E-05 0.0962934
9.9973E-05 0.121321 0.095831 9.9973E-05 9.9973E-05 0.0285045 0.0526373 0.701406
9.9982E-05 0.0382701 9.9982E-05 0.0838748 0.760642 0.0884643 0.00935645 0.0191924
0.843998 9.996E-05 9.996E-05 0.0333931 0.0678888 9.996E-05 9.996E-05 0.0543199
0.733867 9.9955E-05 9.9955E-05 9.9955E-05 0.195681 9.9955E-05 9.9955E-05 0.0699522
9.997E-05 0.100789 9.997E-05 9.997E-05 0.7438 0.0216401 0.0915644 0.0419068
9.997E-05 0.271171 0.00548387 0.0768353 0.606852 9.997E-05 0.0393581 9.997E-05
9.994E-05 0.9993 9.994E-05 9.994E-05 9.994E-05 9.994E-05 9.994E-05 9.994E-05
0.0758372 0.252086 0.084349 9.99731E-05 0.0303319 9.99731E-05 0.557096 9.99731E-05
0.218564 0.258909 0.0347416 9.9973E-05 9.9973E-05 0.0345178 0.452967 9.9973E-05
0.0271199 0.0982734 0.0176523 9.997E-05 0.362863 9.997E-05 0.493792 9.997E-05
0.127005 0.338055 9.99639E-05 9.99639E-05 0.308213 9.99639E-05 0.226328 9.99639E-05
9.9964E-05 9.9964E-05 0.0253566 9.9964E-05 0.136006 9.9964E-05 0.834209 0.0040284
9.994E-05 9.994E-05 9.994E-05 9.994E-05 9.994E-05 9.994E-05 0.9993 9.994E-05
9.99639E-05 9.99639E-05 9.99639E-05 0.0456237 0.275154 0.09641 0.582412 9.99639E-05
0.00159961 0.068366 9.998E-05 0.0160104 0.172177 0.0502926 0.691354 9.998E-05
9.99639E-05 0.359763 0.0491413 9.99639E-05 0.00165008 9.99639E-05 0.589046 9.99639E-05
9.9982E-05 0.124386 0.0135504 0.0601518 0.0658564 0.000954921 0.734901 9.9982E-05
9.9964E-05 9.9964E-05 0.024007 9.9964E-05 0.282774 9.9964E-05 0.676154 0.0166653
9.9964E-05 9.9964E-05 9.9964E-05 9.9964E-05 0.313442 0.048925 0.606776 0.0304566
0.191513 9.9973E-05 0.0301956 9.9973E-05 0.149002 0.0715424 0.557447 9.9973E-05
0.363558 0.155108 9.99729E-05 0.14976 0.317182 9.99729E-05 0.0140915 9.99729E-05
0.431881 9.9964E-05 9.9964E-05 0.0537971 0.502117 9.9964E-05 0.0118041 9.9964E-05
0.509364 0.0130175 9.9964E-05 0.0662689 0.41095 9.9964E-05 9.9964E-05 9.9964E-05
0.594699 9.9946E-05 9.9946E-05 9.9946E-05 0.404701 9.9946E-05 9.9946E-05 9.9946E-05
9.9955E-05 0.251079 9.9955E-05 9.9955E-05 0.741792 9.9955E-05 9.9955E-05 0.00662952
9.9955E-05 9.9955E-05 9.9955E-05 0.10123 0.879468 0.018802 9.9955E-05 9.9955E-05
0.0586283 9.9964E-05 9.9964E-05 0.220711 0.648612 0.071649 9.9964E-05 9.9964E-05
9.9955E-05 9.9955E-05 0.0324396 0.0706864 0.896374 9.9955E-05 9.9955E-05 9.9955E-05
9.997E-05 0.0820005 9.997E-05 9.997E-05 0.779103 0.0281014 0.0837592 0.0267355
0.0726198 9.9955E-05 9.9955E-05 9.9955E-05 0.703825 9.9955E-05 0.223056 9.9955E-05
9.9955E-05 9.9955E-05 9.9955E-05 9.9955E-05 0.795873 0.149579 0.054048 9.9955E-05
0.107801 9.9955E-05 9.9955E-05 9.9955E-05 0.855557 0.0361417 9.9955E-05 9.9955E-05
0.312529 0.0986171 9.9982E-05 0.0547732 0.317275 0.0101387 0.206467 9.9982E-05
0.293278 0.000218876 9.998E-05 0.124143 0.452319 9.998E-05 0.124075 0.00576505
0.0959376 0.113801 9.9973E-05 9.9973E-05 0.577776 0.1422 0.0699866 9.9973E-05
9.99641E-05 0.0766781 9.99641E-05 9.99641E-05 0.76613 0.0614423 0.0953502 9.99641E-05
0.17622 0.0846169 9.9973E-05 0.0438556 0.630838 9.9973E-05 0.0641695 9.9973E-05
0.097534 0.0230003 9.9964E-05 9.9964E-05 0.806685 0.0723809 9.9964E-05 9.9964E-05
0.0557103 0.157389 9.996E-05 9.996E-05 0.666128 9.996E-05 0.120373 9.996E-05
0.556136 9.9955E-05 9.9955E-05 9.9955E-05 0.28739 0.155975 9.9955E-05 9.9955E-05
0.468684 0.0690516 9.9964E-05 9.9964E-05 0.35505 0.106814 9.9964E-05 9.9964E-05
0.355036 0.0529921 9.9973E-05 9.9973E-05 0.553688 0.0349007 9.9973E-05 0.003084
0.0872609 9.9955E-05 9.9955E-05 9.9955E-05 0.750984 9.9955E-05 0.161255 9.9955E-05
0.0790952 9.9973E-05 9.9973E-05 9.9973E-05 0.639184 0.0680844 0.150766 0.0625709
0.0868249 9.997E-05 9.997E-05 9.997E-05 0.665251 0.201222 0.0439802 0.0024224
0.0815681 9.9964E-05 0.0342484 9.9964E-05 0.873769 9.9964E-05 0.010015 9.9964E-05
9.9964E-05 9.9964E-05 0.0511998 9.9964E-05 0.609424 0.203414 9.9964E-05 0.135562
9.9964E-05 9.9964E-05 0.1763 0.00664326 0.619041 9.9964E-05 9.9964E-05 0.197615
0.149816 0.11233 9.9955E-05 9.9955E-05 0.737354 9.9955E-05 9.9955E-05 9.9955E-05
0.602015 0.0724196 9.99549E-05 9.99549E-05 0.325066 9.99549E-05 9.99549E-05 9.99549E-05
0.33621 0.0348735 0.00869328 9.9982E-05 0.461107 0.131829 0.0270869 9.9982E-05
0.530308 9.9964E-05 9.9964E-05 9.9964E-05 0.364586 0.0639772 0.0407291 9.9964E-05
0.928474 0.0268731 9.9964E-05 0.0183552 0.0258981 9.9964E-05 9.9964E-05 9.9964E-05
0.108725 0.0834003 9.9973E-05 0.000150321 0.773184 9.9973E-05 9.9973E-05 0.0342399
0.618596 9.9964E-05 9.9964E-05 9.9964E-05 0.295875 0.00640564 0.0787232 9.9964E-05
0.326193 9.9973E-05 0.000419496 0.00793867 0.556114 9.9973E-05 0.109035 9.9973E-05
0.348475 0.128445 9.9973E-05 0.0410897 0.361804 9.9973E-05 0.119887 9.9973E-05
0.331237 0.0658922 0.0230195 9.9964E-05 0.579451 9.9964E-05 9.9964E-05 9.9964E-05
0.188958 0.108224 0.628043 9.9964E-05 9.9964E-05 9.9964E-05 9.9964E-05 0.0743748
9.9964E-05 0.0584008 0.476241 9.9964E-05 9.9964E-05 0.044755 9.9964E-05 0.420203
0.016029 0.129608 0.57408 0.0213051 9.9973E-05 9.9973E-05 9.9973E-05 0.258677
0.0874593 0.137864 0.114172 9.99639E-05 9.99639E-05 9.99639E-05 9.99639E-05 0.660105
0.00875081 0.0812385 0.101398 9.9973E-05 0.0814261 9.9973E-05 9.9973E-05 0.726887
9.9964E-05 0.0063226 0.21149 9.9964E-05 0.00420498 9.9964E-05 9.9964E-05 0.777583
0.0576325 9.9964E-05 0.620596 9.9964E-05 9.9964E-05 9.9964E-05 0.0734434 0.247928
9.9973E-05 0.0197661 0.790701 9.9973E-05 9.9973E-05 0.0244106 0.0606432 0.104179
9.99461E-05 0.378901 0.620499 9.99461E-05 9.99461E-05 9.99461E-05 9.99461E-05 9.99461E-05
9.9955E-05 9.9955E-05 0.278221 9.9955E-05 0.103836 9.9955E-05 9.9955E-05 0.617443
9.99462E-05 9.99462E-05 9.99462E-05 0.101835 9.99462E-05 9.99462E-05 9.99462E-05 0.897565
9.9946E-05 9.9946E-05 9.9946E-05 9.9946E-05 9.9946E-05 0.0708978 9.9946E-05 0.928502
9.9973E-05 9.9973E-05 0.036152 0.0598755 0.00397279 9.9973E-05 0.0398304 0.859869
