0.211333 0.149424 0.0338077 0.337152 0.255631 9.9982E-05 9.9982E-05 0.0124513
0.0921858 0.0520548 0.104677 0.0573192 0.373629 9.9991E-05 0.307763 0.012271
0.280796 0.273402 0.0355583 0.228526 0.0553337 9.9982E-05 0.126185 9.9982E-05
0.650703 9.9973E-05 0.0035406 0.132732 0.181659 0.0310658 9.9973E-05 9.9973E-05
0.256961 0.563106 9.9964E-05 0.157281 9.9964E-05 0.0222521 9.9964E-05 9.9964E-05
0.572345 0.075182 0.0758178 0.214871 0.0614843 9.9973E-05 9.9973E-05 9.9973E-05
9.9964E-05 9.9964E-05 0.0990898 9.9964E-05 0.011461 9.9964E-05 0.276638 0.612411
9.9982E-05 0.157776 0.0713325 0.0178902 0.0422632 9.9982E-05 0.102961 0.607577
0.0365503 9.9955E-05 9.9955E-05 9.9955E-05 9.9955E-05 9.9955E-05 0.132737 0.830213
9.9955E-05 9.9955E-05 0.0861353 9.9955E-05 9.9955E-05 9.9955E-05 0.0938867 0.819478
0.00197024 9.99639E-05 9.99639E-05 9.99639E-05 0.0249158 9.99639E-05 0.336786 0.635929
9.997E-05 0.0534374 9.997E-05 0.0318129 9.997E-05 0.00232779 0.521334 0.390788
9.9964E-05 0.0011586 9.9964E-05 9.9964E-05 9.9964E-05 0.194464 0.132065 0.671912
9.994E-05 9.994E-05 9.994E-05 9.994E-05 9.994E-05 9.994E-05 9.994E-05 0.9993
0.00402795 9.9964E-05 0.0985916 9.9964E-05 9.9964E-05 9.9964E-05 0.167746 0.729234
9.99551E-05 9.99551E-05 9.99551E-05 9.99551E-05 0.022629 9.99551E-05 0.324604 0.652267
9.9955E-05 0.355558 0.188181 0.455761 9.9955E-05 9.9955E-05 9.9955E-05 9.9955E-05
9.9973E-05 0.0811587 0.669964 0.138055 0.0283263 0.0821957 9.9973E-05 9.9973E-05
0.16552 9.9973E-05 0.168031 0.614587 9.9973E-05 0.0206824 0.0308792 9.9973E-05
0.172271 0.165874 0.140538 0.435296 9.9973E-05 0.0857202 9.9973E-05 9.9973E-05
0.0759052 0.249547 0.501156 0.156947 9.9973E-05 9.9973E-05 9.9973E-05 0.0161441
0.182676 9.99639E-05 0.443489 0.343 9.99639E-05 0.0304361 9.99639E-05 9.99639E-05
9.9964E-05 0.157404 9.9964E-05 0.52451 0.111061 9.9964E-05 0.206625 9.9964E-05
9.9964E-05 0.205763 9.9964E-05 0.607239 0.160488 9.9964E-05 0.0261095 9.9964E-05
0.0701299 0.118145 9.9973E-05 0.7911 0.0151193 9.9973E-05 9.9973E-05 0.00520559
0.271007 9.9964E-05 0.047916 0.494585 0.186092 9.9964E-05 9.9964E-05 9.9964E-05
9.9964E-05 0.366275 0.00998244 0.518545 9.9964E-05 0.104797 9.9964E-05 9.9964E-05
0.143679 0.344839 9.9973E-05 0.428073 9.9973E-05 0.0323916 9.9973E-05 0.0507162
9.9964E-05 0.35088 0.287881 9.9964E-05 0.246896 9.9964E-05 9.9964E-05 0.113943
0.0194893 0.306964 0.377461 9.9973E-05 0.150556 9.9973E-05 9.9973E-05 0.145229
0.353797 9.9955E-05 0.309715 9.9955E-05 9.9955E-05 9.9955E-05 0.335988 9.9955E-05
0.419591 0.172056 0.17522 0.0629662 9.9973E-05 9.9973E-05 0.169868 9.9973E-05
0.559886 0.0317609 0.269899 0.138055 9.9964E-05 9.9964E-05 9.9964E-05 9.9964E-05
0.0369685 9.9973E-05 9.9973E-05 0.829527 0.110067 9.9973E-05 0.0115768 0.0115607
9.9955E-05 9.9955E-05 9.9955E-05 0.664179 0.0144101 9.9955E-05 0.320912 9.9955E-05
0.0971119 0.197334 0.127926 0.516351 9.9982E-05 0.00137771 0.0596993 9.9982E-05
0.169608 9.9964E-05 9.9964E-05 0.35037 9.9964E-05 0.187366 0.292257 9.9964E-05
0.168487 0.0907709 9.9973E-05 0.621035 9.9973E-05 0.0402559 0.0791521 9.9973E-05
0.0987519 9.9973E-05 0.157451 0.489853 0.204519 0.0491258 9.9973E-05 9.9973E-05
0.186004 0.0460678 0.127641 0.616039 9.9982E-05 0.0118559 9.9982E-05 0.0121925
0.328009 9.9955E-05 9.9955E-05 0.114738 0.556753 9.9955E-05 9.9955E-05 9.9955E-05
0.405198 0.0918475 0.00167993 0.136617 0.273759 0.0906986 9.9982E-05 9.9982E-05
0.608446 0.0416078 0.109509 0.101164 0.0050845 0.133988 9.9982E-05 9.9982E-05
0.159539 9.9964E-05 9.9964E-05 0.114435 0.535868 0.189758 9.9964E-05 9.9964E-05
0.515507 9.9973E-05 0.0340626 0.202802 0.238437 9.9973E-05 9.9973E-05 0.00889109
0.60601 9.9964E-05 0.109858 0.273085 0.010647 9.9964E-05 9.9964E-05 9.9964E-05
9.995E-05 9.995E-05 0.692246 0.23936 9.995E-05 0.0678948 9.995E-05 9.995E-05
9.99549E-05 9.99549E-05 0.67775 9.99549E-05 0.182199 9.99549E-05 0.139551 9.99549E-05
9.995E-05 9.995E-05 0.779603 9.995E-05 0.131486 9.995E-05 0.0884106 9.995E-05
0.0118581 9.9955E-05 0.612008 9.9955E-05 0.375634 9.9955E-05 9.9955E-05 9.9955E-05
0.0804609 0.00233424 0.775128 0.0781234 9.9973E-05 9.9973E-05 9.9973E-05 0.0636535
9.9973E-05 0.0456225 0.189864 0.380071 0.27276 9.9973E-05 9.9973E-05 0.111382
9.9964E-05 0.0770195 0.487956 0.355533 9.9964E-05 0.0790917 9.9964E-05 9.9964E-05
9.9964E-05 9.9964E-05 0.115027 0.590425 0.28442 0.00972753 9.9964E-05 9.9964E-05
9.99729E-05 9.99729E-05 0.131342 0.51686 0.328416 0.0105896 9.99729E-05 0.012492
0.317675 0.0661707 0.0412318 0.473778 9.9973E-05 0.100845 9.9973E-05 9.9973E-05
9.9973E-05 9.9973E-05 9.9973E-05 0.163549 0.156267 0.209655 0.145402 0.324828
9.998E-05 0.0677818 9.998E-05 0.100353 0.00375506 0.272931 0.00170457 0.553275
9.9964E-05 9.9964E-05 9.9964E-05 0.0533917 0.0427899 0.801118 9.9964E-05 0.102301
9.9973E-05 9.9973E-05 0.0437307 9.9973E-05 0.116604 0.418055 0.102189 0.319121
9.99549E-05 9.99549E-05 9.99549E-05 9.99549E-05 9.99549E-05 0.632998 0.270024 0.0964781
0.03542 9.9973E-05 0.141423 9.9973E-05 0.0199638 0.646299 0.156594 9.9973E-05
9.99549E-05 9.99549E-05 0.112209 9.99549E-05 9.99549E-05 9.99549E-05 0.854542 0.0327493
9.99549E-05 9.99549E-05 9.99549E-05 0.0992333 9.99549E-05 0.193344 0.706923 9.99549E-05
0.0395811 9.99639E-05 9.99639E-05 9.99639E-05 9.99639E-05 0.0946433 0.380375 0.485001
9.9964E-05 9.9964E-05 0.019572 9.9964E-05 9.9964E-05 0.155077 0.0860558 0.738895
9.9973E-05 0.0187527 9.9973E-05 0.164781 9.9973E-05 0.204446 0.268452 0.343269
9.99551E-05 9.99551E-05 9.99551E-05 0.0917846 9.99551E-05 0.393664 9.99551E-05 0.514052
9.9964E-05 9.9964E-05 9.9964E-05 0.0918394 9.9964E-05 0.182497 0.518623 0.206641
9.9964E-05 9.9964E-05 9.9964E-05 0.142168 9.9964E-05 0.391018 0.201376 0.265038
9.9964E-05 9.9964E-05 9.9964E-05 0.112197 9.9964E-05 0.140242 0.642885 0.104276
9.9973E-05 0.015499 9.9973E-05 0.0877478 9.9973E-05 0.430692 0.239647 0.226114
9.9964E-05 0.0332285 9.9964E-05 9.9964E-05 9.9964E-05 0.150661 0.688572 0.127139
9.9973E-05 0.0291721 0.120676 9.9973E-05 9.9973E-05 0.718432 0.114413 0.017007
9.9973E-05 9.9973E-05 0.0454364 0.160404 9.9973E-05 0.682495 0.000836085 0.110528
0.0132535 9.9964E-05 0.156413 9.9964E-05 9.9964E-05 0.749739 0.080195 9.9964E-05
0.0626897 9.9964E-05 9.9964E-05 9.9964E-05 9.9964E-05 0.577488 0.335711 0.0237112
0.0174547 9.9955E-05 9.9955E-05 9.9955E-05 0.00532635 0.976719 9.9955E-05 9.9955E-05
9.9964E-05 9.9964E-05 9.9964E-05 0.0369269 9.9964E-05 0.523034 0.0996574 0.339982
9.9973E-05 9.9973E-05 0.100076 0.00445995 9.9973E-05 0.256167 0.508971 0.130025
0.071964 9.9973E-05 0.112432 9.9973E-05 9.9973E-05 0.647362 0.0849626 0.0829792
9.99641E-05 0.898348 0.0312295 0.060732 9.99641E-05 0.00929086 9.99641E-05 9.99641E-05
9.9955E-05 0.126702 9.9955E-05 9.9955E-05 0.776701 0.0960977 9.9955E-05 9.9955E-05
9.9955E-05 0.209812 9.9955E-05 9.9955E-05 0.691012 0.0986768 9.9955E-05 9.9955E-05
0.159761 0.687679 0.103139 9.9964E-05 9.9964E-05 9.9964E-05 9.9964E-05 0.0490216
0.0366977 0.544251 0.235041 9.9973E-05 0.120312 9.9973E-05 9.9973E-05 0.0633991
9.99551E-05 9.99551E-05 0.368864 9.99551E-05 0.338869 9.99551E-05 0.291767 9.99551E-05
0.528839 0.0681425 0.0427644 9.99731E-05 0.20428 9.99731E-05 0.155674 9.99731E-05
0.472247 9.9973E-05 0.0550846 9.9973E-05 0.347529 9.9973E-05 0.123565 0.00127417
0.527906 0.387113 0.0465547 9.9973E-05 0.0161209 9.9973E-05 0.0220058 9.9973E-05
0.225114 0.305339 0.0567766 9.997E-05 0.315542 9.997E-05 0.0969282 9.997E-05
0.667931 0.278783 9.9955E-05 9.9955E-05 9.9955E-05 0.0527857 9.9955E-05 9.9955E-05
0.949811 0.0131771 9.9964E-05 0.00962333 9.9964E-05 0.0269885 9.9964E-05 9.9964E-05
0.627318 0.268339 9.996E-05 0.076084 9.996E-05 9.996E-05 9.996E-05 0.0278593
0.718449 0.189217 9.9955E-05 9.9955E-05 9.9955E-05 9.9955E-05 0.0918345 9.9955E-05
0.633463 9.99549E-05 0.309005 9.99549E-05 9.99549E-05 9.99549E-05 0.0570313 9.99549E-05
0.787771 9.9964E-05 0.0850355 9.9964E-05 0.107908 9.9964E-05 9.9964E-05 0.0188852
0.683333 0.263149 9.9964E-05 9.9964E-05 9.9964E-05 0.00786719 9.9964E-05 0.0452512
0.598134 0.317176 9.9973E-05 0.0336999 9.9973E-05 0.0372842 0.0134056 9.9973E-05
0.535567 0.118819 9.99729E-05 0.0964868 0.226632 9.99729E-05 9.99729E-05 0.0221958
0.0699749 0.336531 0.221695 9.9973E-05 0.354821 9.9973E-05 9.9973E-05 0.0166792
0.0911641 0.474176 0.0450244 9.9964E-05 0.389235 9.9964E-05 9.9964E-05 9.9964E-05
9.9973E-05 0.403256 0.0401586 0.0132194 0.530424 0.0126421 9.9973E-05 9.9973E-05
9.9955E-05 0.392922 9.9955E-05 9.9955E-05 0.599306 9.9955E-05 9.9955E-05 0.00727207
9.9955E-05 0.793394 0.142143 9.9955E-05 9.9955E-05 9.9955E-05 0.0639636 9.9955E-05
9.9955E-05 0.872057 0.0296011 0.0978424 9.9955E-05 9.9955E-05 9.9955E-05 9.9955E-05
9.9955E-05 0.720031 0.123287 0.156182 9.9955E-05 9.9955E-05 9.9955E-05 9.9955E-05
9.9955E-05 0.911328 0.0652394 9.9955E-05 9.9955E-05 9.9955E-05 9.9955E-05 0.0229327
0.0906994 0.868681 0.0286994 9.9973E-05 9.9973E-05 0.00758493 9.9973E-05 0.00403574
0.144369 0.788184 9.9964E-05 9.9964E-05 0.0313706 9.9964E-05 0.0356774 9.9964E-05
0.0714648 0.804199 9.9955E-05 0.123836 9.9955E-05 9.9955E-05 9.9955E-05 9.9955E-05
9.9955E-05 0.891109 9.9955E-05 0.0258542 0.0825371 9.9955E-05 9.9955E-05 9.9955E-05
0.25708 0.303405 0.100467 0.00161376 0.337134 9.9973E-05 9.9973E-05 9.9973E-05
0.0929006 0.472012 0.13543 9.9973E-05 0.274904 0.0244535 9.9973E-05 9.9973E-05
0.193528 0.546727 0.0358732 0.038401 0.168289 9.998E-05 0.0169819 9.998E-05
0.122544 0.755613 0.0231175 0.0473781 0.00478997 9.9982E-05 0.0463582 9.9982E-05
0.0904133 0.625433 0.0721087 9.99641E-05 0.211645 9.99641E-05 9.99641E-05 9.99641E-05
9.995E-05 0.809091 9.995E-05 0.0491462 0.141263 9.995E-05 9.995E-05 9.995E-05
0.128086 0.714207 0.0517677 9.9973E-05 0.101653 9.9973E-05 0.00398659 9.9973E-05
9.996E-05 0.306844 9.996E-05 0.0747502 0.527792 9.996E-05 0.090214 9.996E-05
9.9955E-05 0.35922 9.9955E-05 9.9955E-05 0.56069 9.9955E-05 0.0795898 9.9955E-05
9.99551E-05 0.657102 9.99551E-05 9.99551E-05 0.264858 9.99551E-05 0.0775399 9.99551E-05
0.184649 0.753268 9.9955E-05 9.9955E-05 0.0615828 9.9955E-05 9.9955E-05 9.9955E-05
0.168802 0.674107 9.999E-05 0.0459716 0.0202616 0.0407044 0.0333994 0.0166536
0.0619848 0.701729 9.9973E-05 0.0967368 0.107613 9.9973E-05 0.0316366 9.9973E-05
0.0287873 0.858395 0.0172155 9.9973E-05 0.0525378 9.9973E-05 0.0427645 9.9973E-05
9.9955E-05 0.624406 9.9955E-05 0.1372 9.9955E-05 9.9955E-05 9.9955E-05 0.237895
9.9964E-05 0.60941 9.9964E-05 9.9964E-05 9.9964E-05 0.288692 0.0992573 0.00224073
9.996E-05 0.747503 0.107007 9.996E-05 0.116067 9.996E-05 0.0290222 9.996E-05
0.00156063 0.284085 0.045096 9.9964E-05 0.668858 9.9964E-05 9.9964E-05 9.9964E-05
0.0143376 0.475721 9.9964E-05 9.9964E-05 0.390642 9.9964E-05 0.118899 9.9964E-05
0.0490596 0.337 9.9964E-05 9.9964E-05 0.594112 9.9964E-05 9.9964E-05 0.0194289
9.9955E-05 0.0226431 0.0882381 9.9955E-05 0.888619 9.9955E-05 9.9955E-05 9.9955E-05
9.9964E-05 0.771661 0.0973893 9.9964E-05 0.12035 9.9964E-05 9.9964E-05 0.0101994
0.0479881 0.291699 9.9955E-05 9.9955E-05 0.659813 9.9955E-05 9.9955E-05 9.9955E-05
0.114381 0.551048 9.9955E-05 9.9955E-05 0.334071 9.9955E-05 9.9955E-05 9.9955E-05
0.201759 0.318211 0.0894897 9.9964E-05 0.39014 9.9964E-05 9.9964E-05 9.9964E-05
9.9955E-05 0.534364 9.9955E-05 9.9955E-05 0.408252 9.9955E-05 0.0568837 9.9955E-05
9.9964E-05 9.9964E-05 0.0102603 9.9964E-05 0.0334177 0.195285 0.760638 9.9964E-05
9.99549E-05 9.99549E-05 9.99549E-05 9.99549E-05 9.99549E-05 0.426972 0.395044 0.177483
9.9973E-05 9.9973E-05 0.0911803 9.9973E-05 0.000165937 0.286239 0.406519 0.215596
9.99639E-05 9.99639E-05 0.0763705 9.99639E-05 0.108498 0.69523 0.119502 9.99639E-05
0.00335052 0.0658556 9.9973E-05 9.9973E-05 9.9973E-05 0.644231 0.17684 0.109423
9.9964E-05 9.9964E-05 0.0270224 9.9964E-05 9.9964E-05 0.781125 0.117959 0.0734938
9.9964E-05 9.9964E-05 9.9964E-05 9.9964E-05 0.0164246 0.313961 0.407485 0.26173
9.9955E-05 9.9955E-05 9.9955E-05 9.9955E-05 9.9955E-05 0.260283 0.619764 0.119453
9.994E-05 9.994E-05 9.994E-05 9.994E-05 9.994E-05 9.994E-05 0.9993 9.994E-05
9.9973E-05 0.112352 0.0282808 9.9973E-05 9.9973E-05 0.622453 0.092268 0.144346
9.99551E-05 9.99551E-05 9.99551E-05 0.0521932 9.99551E-05 0.841458 9.99551E-05 0.105849
9.99551E-05 9.99551E-05 9.99551E-05 0.0622426 0.0185942 0.918663 9.99551E-05 9.99551E-05
0.0252037 0.0210819 9.99641E-05 9.99641E-05 9.99641E-05 0.837921 9.99641E-05 0.115394
