0.179804 0.0300532 0.0520779 0.296288 9.9982E-05 0.441577 9.9982E-05
0.247551 9.9982E-05 0.272769 0.0819178 0.168678 0.228884 9.9982E-05
0.0407921 0.010551 0.205051 0.399319 9.9991E-05 0.334322 0.00986481
9.9964E-05 9.9964E-05 0.202547 0.435693 9.9964E-05 0.361361 9.9964E-05
0.0491935 0.0634266 9.9973E-05 0.748378 9.9973E-05 0.138702 9.9973E-05
9.9973E-05 0.0697026 0.0791721 0.474475 9.9973E-05 0.376351 9.9973E-05
0.0276299 0.076198 0.0163957 9.9973E-05 0.879477 9.9973E-05 9.9973E-05
0.105088 0.243339 9.9973E-05 9.9973E-05 0.609214 9.9973E-05 0.0420583
0.0480519 9.9991E-05 0.000371523 0.0101538 0.78788 0.0138723 0.139571
9.9964E-05 0.101708 9.9964E-05 9.9964E-05 0.756069 9.9964E-05 0.141823
9.9955E-05 9.9955E-05 9.9955E-05 9.9955E-05 0.938822 0.0606781 9.9955E-05
0.00983988 0.00487614 9.9982E-05 0.0879184 0.888248 0.00891775 9.9982E-05
9.9964E-05 9.9964E-05 9.9964E-05 0.0484088 0.675898 9.9964E-05 0.275293
9.9964E-05 0.0789749 9.9964E-05 9.9964E-05 0.663583 9.9964E-05 0.257043
0.0183973 0.0830693 9.9982E-05 0.00844748 0.839548 9.9982E-05 0.0503378
0.0931468 9.99551E-05 9.99551E-05 9.99551E-05 0.906353 9.99551E-05 9.99551E-05
0.119573 0.573193 9.9964E-05 0.306835 9.9964E-05 9.9964E-05 9.9964E-05
0.00851313 0.617701 0.355304 9.9973E-05 0.018182 9.9973E-05 9.9973E-05
9.999E-05 0.386328 0.0334546 0.09234 0.0311589 0.444017 0.0126013
9.9973E-05 0.556293 9.9973E-05 0.330228 9.9973E-05 0.0811746 0.0320048
9.99639E-05 0.543276 0.204456 0.251868 9.99639E-05 9.99639E-05 9.99639E-05
9.9973E-05 0.802696 0.115151 0.0438415 9.9973E-05 0.0380116 9.9973E-05
0.182933 0.071627 9.9982E-05 0.077103 0.159477 0.508659 9.9982E-05
0.184616 9.9973E-05 9.9973E-05 0.195231 9.9973E-05 0.570704 0.0491488
9.9964E-05 0.15052 9.9964E-05 0.23425 9.9964E-05 0.614831 9.9964E-05
0.0902683 0.394392 9.997E-05 0.143773 9.997E-05 0.371267 9.997E-05
9.9973E-05 0.579893 9.9973E-05 0.361959 9.9973E-05 0.0197383 0.0381103
9.9973E-05 0.297078 9.9973E-05 0.485335 9.9973E-05 0.180073 0.0372145
0.388104 0.31714 0.141022 0.14626 0.00727328 9.9982E-05 9.9982E-05
0.181987 0.358438 0.215856 0.168778 0.0747409 9.9982E-05 9.9982E-05
9.9982E-05 0.176011 0.507983 0.128092 0.102776 0.0849374 9.9982E-05
9.9973E-05 0.223127 0.187249 0.473484 0.11584 9.9973E-05 9.9973E-05
9.9973E-05 0.336823 0.167796 0.44358 9.9973E-05 0.0515018 9.9973E-05
0.0233679 0.107344 9.9982E-05 0.0144028 0.00964163 0.845043 9.9982E-05
9.99639E-05 9.99639E-05 0.113291 9.99639E-05 0.12183 0.764479 9.99639E-05
0.0309519 0.41033 0.0311227 0.221313 0.0452096 0.260972 9.9991E-05
9.9973E-05 0.0102376 0.221529 9.9973E-05 9.9973E-05 0.459881 0.308053
9.9982E-05 0.25648 9.9982E-05 0.156652 0.0389103 0.482597 0.0651604
0.0784693 0.216558 0.137312 9.9982E-05 9.9982E-05 0.485645 0.0818165
9.9964E-05 0.574342 9.9964E-05 0.156186 9.9964E-05 0.269073 9.9964E-05
0.393215 9.9964E-05 0.146557 9.9964E-05 9.9964E-05 0.459828 9.9964E-05
0.162663 0.0219731 0.0900401 0.325198 9.9991E-05 0.310288 0.0897382
9.997E-05 9.997E-05 0.171102 0.383001 9.997E-05 0.284573 0.161024
0.507793 9.9973E-05 9.9973E-05 0.0481817 9.9973E-05 0.269803 0.173923
0.15155 0.157486 0.00177956 0.29447 9.9982E-05 0.394515 9.9982E-05
9.9973E-05 0.161239 0.161194 0.242585 9.9973E-05 0.434682 9.9973E-05
9.9964E-05 0.656984 0.301448 9.9964E-05 0.0411685 9.9964E-05 9.9964E-05
0.0414274 0.316685 0.603556 9.9973E-05 0.0380321 9.9973E-05 9.9973E-05
9.9955E-05 0.204007 0.795494 9.9955E-05 9.9955E-05 9.9955E-05 9.9955E-05
0.106056 0.250263 0.643281 9.9964E-05 9.9964E-05 9.9964E-05 9.9964E-05
9.99639E-05 0.500548 0.48328 9.99639E-05 9.99639E-05 9.99639E-05 0.0157723
0.367196 0.468032 9.9973E-05 9.9973E-05 0.0735602 0.0909118 9.9973E-05
0.0639114 0.74801 0.113426 9.9982E-05 9.9982E-05 0.0225957 0.0518567
0.211339 0.472183 9.9964E-05 9.9964E-05 9.9964E-05 0.316079 9.9964E-05
0.28302 0.470418 9.9973E-05 9.9973E-05 0.0162679 0.229994 9.9973E-05
9.9964E-05 0.582589 9.9964E-05 0.256591 9.9964E-05 0.16042 9.9964E-05
0.0668435 9.9973E-05 9.9973E-05 9.9973E-05 0.402895 0.266067 0.263894
9.9964E-05 9.9964E-05 9.9964E-05 9.9964E-05 0.34556 0.197991 0.456048
0.0386516 9.9982E-05 0.00899873 0.0208593 9.9982E-05 0.0319647 0.899326
0.0760375 0.0961509 9.997E-05 9.997E-05 0.357394 9.997E-05 0.470117
0.0183379 9.9964E-05 9.9964E-05 9.9964E-05 0.430583 9.9964E-05 0.550679
0.0235446 0.0878991 0.119045 9.9982E-05 0.132155 9.9982E-05 0.637156
9.99639E-05 9.99639E-05 0.336295 9.99639E-05 0.636904 0.026402 9.99639E-05
9.9964E-05 9.9964E-05 9.9964E-05 0.123343 0.802946 0.0733116 9.9964E-05
9.9973E-05 9.9973E-05 9.9973E-05 0.0751311 0.844477 0.0218712 0.0582212
9.9964E-05 9.9964E-05 9.9964E-05 9.9964E-05 0.652485 0.0251227 0.321992
9.9973E-05 0.0420028 9.9973E-05 9.9973E-05 0.536621 0.177936 0.243141
9.99641E-05 9.99641E-05 9.99641E-05 9.99641E-05 0.170652 0.177364 0.651585
9.9973E-05 9.9973E-05 0.0805518 9.9973E-05 0.542398 0.207717 0.169034
0.0268383 9.9973E-05 9.9973E-05 9.9973E-05 0.539424 0.0689269 0.364511
0.0303529 9.9973E-05 9.9973E-05 0.0684531 0.73262 0.168274 9.9973E-05
9.9973E-05 9.9973E-05 9.9973E-05 0.0683194 0.46205 0.0911023 0.378228
9.9964E-05 9.9964E-05 9.9964E-05 0.0714898 0.894577 0.0335338 9.9964E-05
9.9973E-05 0.118676 9.9973E-05 0.0165737 0.315107 9.9973E-05 0.549343
9.9973E-05 0.112739 9.9973E-05 9.9973E-05 0.150908 0.0847376 0.651315
9.9964E-05 9.9964E-05 0.131847 9.9964E-05 0.0568264 9.9964E-05 0.810926
9.9973E-05 9.9973E-05 0.00264438 0.117501 0.385622 9.9973E-05 0.493933
9.9955E-05 9.9955E-05 9.9955E-05 0.0515229 9.9955E-05 9.9955E-05 0.947977
0.0296175 9.9973E-05 9.9973E-05 9.9973E-05 0.328255 0.00597704 0.63585
9.9973E-05 0.0880797 0.0390705 9.9973E-05 0.780186 9.9973E-05 0.0923634
9.9964E-05 9.9964E-05 0.178505 9.9964E-05 0.061809 9.9964E-05 0.759286
0.241279 0.126476 9.99731E-05 0.626174 9.99731E-05 9.99731E-05 0.00577065
0.856548 0.0578857 9.9964E-05 9.9964E-05 9.9964E-05 9.9964E-05 0.0851663
0.835227 9.9964E-05 9.9964E-05 0.0501447 9.9964E-05 9.9964E-05 0.114229
0.19902 0.0341863 0.0527265 0.693377 9.9982E-05 9.9982E-05 0.0204893
0.281525 0.130823 0.179132 0.40822 9.9973E-05 9.9973E-05 9.9973E-05
0.0833723 9.9955E-05 0.916128 9.9955E-05 9.9955E-05 9.9955E-05 9.9955E-05
0.0872928 9.9982E-05 0.380281 0.421308 9.9982E-05 0.0689807 0.0419378
0.111407 9.9982E-05 0.374087 0.311721 9.9982E-05 0.192673 0.00991172
9.9955E-05 9.9955E-05 0.238668 0.760833 9.9955E-05 9.9955E-05 9.9955E-05
0.253366 9.99729E-05 0.359104 0.356927 9.99729E-05 0.0303033 9.99729E-05
9.9982E-05 9.9982E-05 0.0776612 0.838004 0.0330155 0.00462752 0.046492
9.9973E-05 9.9973E-05 0.0427991 0.726656 9.9973E-05 0.212813 0.017432
9.99729E-05 0.00638084 0.0673694 0.728198 9.99729E-05 0.197752 9.99729E-05
9.9982E-05 0.00390819 0.185172 0.670373 9.9982E-05 0.110686 0.0296602
9.99639E-05 9.99639E-05 0.531458 0.436827 9.99639E-05 9.99639E-05 0.0313151
9.9973E-05 0.041333 0.249694 0.580982 9.9973E-05 0.127691 9.9973E-05
9.9973E-05 9.9973E-05 0.0842355 0.773981 9.9973E-05 0.110884 0.0305997
9.9973E-05 9.9973E-05 0.0399169 0.76988 9.9973E-05 0.170407 0.0194963
0.161679 9.9973E-05 9.9973E-05 0.599132 0.0196927 0.219196 9.9973E-05
0.47539 0.171751 0.16615 0.186409 9.9973E-05 9.9973E-05 9.9973E-05
0.537041 0.0700238 9.9964E-05 0.392535 9.9964E-05 9.9964E-05 9.9964E-05
0.682016 0.0862077 9.9973E-05 0.202094 9.9973E-05 0.0293825 9.9973E-05
0.710062 0.0397839 9.9973E-05 0.246945 9.9973E-05 0.00290835 9.9973E-05
0.12007 9.9973E-05 0.222285 0.635752 0.0215924 9.9973E-05 9.9973E-05
0.208054 0.116914 9.9964E-05 0.674632 9.9964E-05 9.9964E-05 9.9964E-05
0.278002 0.256856 9.9964E-05 0.464742 9.9964E-05 9.9964E-05 9.9964E-05
0.228046 0.0919222 9.9964E-05 0.679632 9.9964E-05 9.9964E-05 9.9964E-05
0.176395 0.00315453 0.0573719 0.724702 9.9982E-05 9.9982E-05 0.0381771
0.186619 0.0141299 9.9964E-05 0.798851 9.9964E-05 9.9964E-05 9.9964E-05
0.270806 9.9973E-05 9.9973E-05 0.658907 9.9973E-05 0.0489455 0.0210413
0.315637 9.9955E-05 9.9955E-05 0.683864 9.9955E-05 9.9955E-05 9.9955E-05
0.343978 0.0666417 0.118461 0.414784 9.9982E-05 0.0559348 9.9982E-05
0.39972 0.232222 9.9973E-05 0.360864 9.9973E-05 9.9973E-05 0.00689453
0.238976 0.0406465 0.145899 0.5598 9.9982E-05 0.0144788 9.9982E-05
0.258376 0.0280199 0.058982 0.641992 9.9982E-05 0.0124306 9.9982E-05
0.382773 0.0350282 0.0321986 0.5497 9.9973E-05 9.9973E-05 9.9973E-05
0.355503 0.0596577 9.9964E-05 0.58444 9.9964E-05 9.9964E-05 9.9964E-05
0.226392 9.99639E-05 0.137053 0.636156 9.99639E-05 9.99639E-05 9.99639E-05
0.76678 9.9973E-05 9.9973E-05 0.045514 0.023213 0.164193 9.9973E-05
0.667734 9.9973E-05 0.0595748 0.236908 9.9973E-05 0.0354835 9.9973E-05
0.547724 0.000895595 0.00509614 0.428271 9.9982E-05 9.9982E-05 0.0178136
0.257205 9.9955E-05 9.9955E-05 0.742295 9.9955E-05 9.9955E-05 9.9955E-05
0.279753 0.0111441 9.9991E-05 0.608985 0.061804 0.0137306 0.0244838
0.297075 9.9973E-05 9.9973E-05 0.617009 9.9973E-05 0.0454555 0.0401614
0.303789 0.0474026 9.9964E-05 0.648408 9.9964E-05 9.9964E-05 9.9964E-05
0.149004 0.013133 9.9991E-05 0.538064 0.118319 0.0160701 0.16531
0.0980913 0.0517546 9.998E-05 0.501181 0.119826 9.998E-05 0.228947
0.38173 9.9964E-05 0.0909735 0.526897 9.9964E-05 9.9964E-05 9.9964E-05
0.745029 9.9964E-05 0.0712257 0.183345 9.9964E-05 9.9964E-05 9.9964E-05
0.561296 9.9973E-05 9.9973E-05 0.330302 0.0391026 0.0689991 9.9973E-05
0.651202 9.9964E-05 9.9964E-05 0.227252 9.9964E-05 0.121146 9.9964E-05
0.856294 0.0613314 0.0324248 9.9973E-05 9.9973E-05 0.0496494 9.9973E-05
0.376831 0.0296699 0.00140005 0.5918 9.9973E-05 9.9973E-05 9.9973E-05
0.717967 9.9964E-05 9.9964E-05 0.198189 9.9964E-05 0.0834444 9.9964E-05
0.497047 0.00385613 9.9964E-05 0.498697 9.9964E-05 9.9964E-05 9.9964E-05
0.390284 0.0171473 0.152804 0.418815 9.9982E-05 0.0207498 9.9982E-05
0.678618 9.9973E-05 0.00266048 0.28867 0.0297518 9.9973E-05 9.9973E-05
0.100337 9.9973E-05 0.217941 9.9973E-05 0.592209 9.9973E-05 0.089213
9.9973E-05 9.9973E-05 0.0426836 0.0546538 0.571382 9.9973E-05 0.330981
9.99639E-05 9.99639E-05 0.210228 9.99639E-05 0.512098 9.99639E-05 0.277274
0.0814253 0.00514742 0.175308 9.9982E-05 0.0527429 9.9982E-05 0.685177
9.9973E-05 9.9973E-05 0.133891 0.0461026 0.0887303 9.9973E-05 0.730976
9.996E-05 9.996E-05 0.0466533 9.996E-05 0.146906 9.996E-05 0.80604
0.0568398 9.9982E-05 9.9982E-05 0.021837 0.602602 0.0293911 0.28913
9.9982E-05 9.9982E-05 0.0404465 0.0181385 0.820668 0.0536345 0.0669127
9.99551E-05 9.99551E-05 0.413776 9.99551E-05 0.585724 9.99551E-05 9.99551E-05
0.0363083 0.0177497 9.9982E-05 0.0352415 0.287791 9.9982E-05 0.62271
9.99641E-05 0.0273673 9.99641E-05 9.99641E-05 9.99641E-05 0.0138622 0.958371
9.99551E-05 9.99551E-05 9.99551E-05 9.99551E-05 9.99551E-05 0.0415247 0.957976
9.9973E-05 0.0254403 9.9973E-05 0.0296975 0.0226683 9.9973E-05 0.921894
