0.221715 0.769839 0.00844549
0.529679 0.470221 9.9991E-05
0.200903 0.739642 0.0594551
0.145193 0.753659 0.101149
9.9991E-05 0.903546 0.0963543
0.00458069 0.885648 0.109772
0.62229 9.9991E-05 0.37761
0.377523 0.137139 0.485338
0.399858 9.9991E-05 0.600042
0.441815 9.9991E-05 0.558085
0.527761 9.9991E-05 0.472139
0.514126 9.9991E-05 0.485774
0.253096 9.9991E-05 0.746804
0.243652 9.9991E-05 0.756248
0.494586 9.9991E-05 0.505314
0.532481 9.9991E-05 0.467419
0.131805 0.731153 0.137042
0.43424 0.450688 0.115071
0.232752 0.544721 0.222526
9.9991E-05 0.700237 0.299663
0.271554 0.593845 0.134601
0.256783 0.521771 0.221446
0.340349 0.549554 0.110096
0.0191111 0.777558 0.203331
0.0248855 0.693739 0.281375
0.0441364 0.801519 0.154344
9.9991E-05 0.717665 0.282235
9.9991E-05 0.746051 0.253849
0.236228 0.693122 0.0706502
0.320228 0.600068 0.0797043
0.645513 0.354387 9.9991E-05
0.295677 0.628652 0.0756705
0.253981 0.732964 0.0130547
0.163546 0.617472 0.218982
0.519948 0.409554 0.0704981
0.204034 0.652323 0.143643
0.310741 0.312912 0.376347
0.130748 0.583541 0.285711
0.288279 0.555905 0.155816
0.110516 0.638964 0.25052
0.287777 0.712123 9.9991E-05
0.0914998 0.770451 0.138049
0.091754 0.690709 0.217537
0.112009 0.707842 0.180149
0.159927 0.779355 0.0607174
0.174328 0.681667 0.144005
0.507037 0.312889 0.180075
0.687501 0.311314 0.00118498
0.790434 0.209466 9.9991E-05
0.525541 0.474359 9.9991E-05
0.476447 0.420042 0.103511
0.300279 0.552065 0.147656
0.301095 0.49081 0.208095
0.189282 0.630168 0.180551
0.264917 0.592478 0.142605
9.9991E-05 0.739889 0.260011
0.323972 0.11956 0.556468
0.152766 0.0997419 0.747492
9.9991E-05 0.0494448 0.950455
0.284569 0.0102973 0.705134
0.200844 9.9991E-05 0.799056
0.189392 0.0593883 0.75122
0.869017 9.9991E-05 0.130883
0.556591 0.0163765 0.427032
0.436605 9.9991E-05 0.563295
0.291953 9.9991E-05 0.707947
0.322581 0.0440341 0.633385
0.0245486 0.013577 0.961874
0.53669 9.9991E-05 0.46321
0.274023 9.9991E-05 0.725877
0.528691 0.0277886 0.443521
0.192054 0.0925202 0.715426
0.527762 9.9991E-05 0.472138
0.0858866 0.0647598 0.849354
0.0394523 0.071054 0.889494
0.14042 0.0613079 0.798272
0.226744 9.9991E-05 0.773156
9.9991E-05 0.000120203 0.99978
0.140248 9.9991E-05 0.859652
0.503843 9.9991E-05 0.496057
0.127786 0.0762515 0.795962
9.9991E-05 0.902326 0.0975741
0.199463 0.800437 9.9991E-05
0.166689 0.788383 0.0449287
9.9991E-05 0.889626 0.110274
0.161949 0.807948 0.0301026
0.740049 0.259851 9.9991E-05
0.321353 0.662083 0.0165643
0.322245 0.663146 0.0146082
0.0952243 0.842609 0.0621663
0.212095 0.787805 9.9991E-05
9.9991E-05 0.821631 0.178269
9.9991E-05 0.855142 0.144758
9.9991E-05 0.877219 0.122681
0.0725139 0.809008 0.118478
0.452032 0.547868 9.9991E-05
0.154247 0.761965 0.0837883
9.9991E-05 0.864237 0.135663
9.9991E-05 0.839469 0.160431
0.0750739 0.839908 0.085018
0.226243 0.773657 9.9991E-05
0.0368467 0.963053 9.9991E-05
0.0621768 0.937723 9.9991E-05
0.115175 0.884725 9.9991E-05
0.146308 0.836227 0.0174645
9.9991E-05 0.971311 0.0285885
9.9991E-05 0.947007 0.0528925
9.9991E-05 0.954621 0.0452786
9.9991E-05 0.941939 0.0579608
0.000421235 0.979394 0.0201845
9.9991E-05 0.941595 0.0583052
9.999E-05 0.9998 9.999E-05
0.122628 0.877272 9.9991E-05
0.0612206 0.863651 0.0751283
0.155307 0.844593 9.9991E-05
0.0202001 0.944775 0.0350248
0.0258518 0.939439 0.0347091
9.9991E-05 0.987696 0.0122045
0.0490572 0.950827 0.000116218
0.260424 0.739476 9.9991E-05
0.205496 0.794404 9.9991E-05
0.125107 0.874793 9.9991E-05
9.9991E-05 0.990991 0.00890936
0.00296166 0.881046 0.115993
9.9991E-05 0.94041 0.0594897
0.00884656 0.952176 0.0389771
9.9991E-05 0.674502 0.325398
9.9991E-05 0.618083 0.381817
0.125905 0.873995 9.9991E-05
0.214166 0.785734 9.9991E-05
0.217584 0.782316 9.9991E-05
0.123063 0.876837 9.9991E-05
0.278732 0.721168 9.9991E-05
0.0132054 0.986695 9.9991E-05
0.193188 0.806712 9.9991E-05
0.049541 0.950359 9.9991E-05
0.131673 0.868227 9.9991E-05
0.18672 0.81318 9.9991E-05
0.64805 0.0213821 0.330568
0.335621 9.9991E-05 0.664279
0.466422 9.9991E-05 0.533478
0.174177 0.0813835 0.74444
0.0624958 0.120544 0.81696
0.0273204 0.00927085 0.963409
0.346865 9.9991E-05 0.653035
0.525052 9.9991E-05 0.474848
0.971557 9.9991E-05 0.0283433
0.0901246 0.0580278 0.851848
9.999E-05 9.999E-05 0.9998
9.999E-05 9.999E-05 0.9998
9.9991E-05 0.00932952 0.99057
