9.9991E-05 0.175796 0.493607 0.330498
9.999E-05 0.535683 0.128089 0.336127
9.9991E-05 0.19971 0.387552 0.412638
0.0580179 0.0919736 0.479702 0.370306
0.0504773 9.9991E-05 0.257935 0.691487
9.9982E-05 9.9982E-05 0.617573 0.382228
0.464582 0.535218 9.9982E-05 9.9982E-05
0.551535 0.265319 0.0612587 0.121887
0.649838 0.349962 9.9982E-05 9.9982E-05
0.636763 0.363037 9.9982E-05 9.9982E-05
0.546669 0.453131 9.9982E-05 9.9982E-05
0.527118 0.472683 9.99819E-05 9.99819E-05
0.78795 0.21185 9.9982E-05 9.9982E-05
0.820334 0.179466 9.9982E-05 9.9982E-05
0.595839 0.403961 9.9982E-05 9.9982E-05
0.514027 0.485773 9.9982E-05 9.9982E-05
0.03414 0.10441 0.576049 0.285402
0.0410685 0.424824 0.534008 9.9991E-05
0.0941968 0.149895 0.755808 9.9991E-05
0.110242 9.9991E-05 0.763687 0.125971
0.0650049 0.252973 0.507262 0.174761
0.00706888 0.187626 0.805205 9.9991E-05
0.0729153 0.290555 0.477941 0.158588
0.069115 0.0376026 0.565346 0.327937
0.0786053 0.00157876 0.803873 0.115943
9.9991E-05 0.0521539 0.840858 0.106888
0.186704 9.9991E-05 0.565495 0.2477
0.133811 9.9991E-05 0.531854 0.334235
0.0336782 0.234875 0.192008 0.53944
0.0391182 0.316061 0.307965 0.336856
9.9982E-05 0.556432 0.443368 9.9982E-05
0.0563682 0.271573 0.349512 0.322547
9.9991E-05 0.194543 0.548026 0.257331
0.041476 0.114597 0.835032 0.00889474
9.9982E-05 0.421563 0.578237 9.9982E-05
0.0592157 0.142383 0.655806 0.142595
0.291014 0.212467 0.496419 9.9991E-05
0.123939 0.115316 0.671649 0.0890953
0.0363904 0.246224 0.717285 9.9991E-05
0.0454748 0.0690742 0.847332 0.0381188
9.9991E-05 0.245871 0.46033 0.293698
0.0757002 0.0333076 0.412928 0.478065
0.109162 0.077096 0.555925 0.257817
0.160461 0.0968692 0.21306 0.52961
9.9991E-05 0.108128 0.616432 0.27534
9.9991E-05 0.108363 0.804093 0.0874446
0.0924723 0.375798 0.53163 9.9991E-05
0.0208697 0.610938 0.236869 0.131323
9.9991E-05 0.7476 0.176659 0.0756407
9.9991E-05 0.510856 0.23286 0.256184
9.9982E-05 0.465248 0.534552 9.9982E-05
0.0824649 0.238419 0.476402 0.202714
0.115014 0.221724 0.642297 0.0209647
0.0300413 0.150553 0.730679 0.088727
9.9991E-05 0.211992 0.728416 0.0594918
0.0974475 9.9991E-05 0.822003 0.0804492
0.550807 0.26416 0.184933 9.9991E-05
0.731236 0.124625 0.112236 0.0319041
0.95909 9.9991E-05 0.00549185 0.0353181
0.730405 0.221472 0.0480229 9.9991E-05
0.869141 0.130659 9.9982E-05 9.9982E-05
0.762244 0.154372 0.0708715 0.0125121
0.201233 0.798567 9.9982E-05 9.9982E-05
0.453251 0.459655 0.0869935 9.9991E-05
0.629294 0.370506 9.9982E-05 9.9982E-05
0.761074 0.238726 9.9982E-05 9.9982E-05
0.641001 0.235383 0.123515 9.9991E-05
0.91671 9.99821E-05 0.0830896 9.99821E-05
0.577782 0.409986 0.0121319 9.9991E-05
0.767266 0.232534 9.9982E-05 9.9982E-05
0.501086 0.443565 0.0552485 9.9991E-05
0.716542 0.137669 0.145689 9.9991E-05
0.517469 0.482331 9.9982E-05 9.9982E-05
0.833947 0.0604641 0.0446594 0.0609291
0.814305 9.9982E-05 0.185495 9.9982E-05
0.889256 0.0685413 0.0421024 9.9991E-05
0.819996 0.144765 9.9991E-05 0.035139
0.969135 9.9982E-05 9.9982E-05 0.030665
0.893452 0.106348 9.9982E-05 9.9982E-05
0.545837 0.453963 9.9982E-05 9.9982E-05
0.804957 0.101928 0.0674629 0.0256527
0.0417468 9.9991E-05 0.179372 0.778781
0.00504075 0.223998 9.9991E-05 0.770862
0.0643733 0.131946 9.9991E-05 0.80358
0.122312 9.9991E-05 0.0738777 0.80371
0.0216325 0.176719 0.0585106 0.743138
9.99821E-05 0.76955 9.99821E-05 0.23025
0.0484396 0.289465 0.0589139 0.603181
9.9991E-05 0.30734 0.196064 0.496495
0.0367975 0.0928047 0.15531 0.715088
9.9982E-05 0.239335 9.9982E-05 0.760465
0.179213 9.9991E-05 0.0941727 0.726514
0.066934 9.9991E-05 0.460055 0.472911
0.0490222 9.9991E-05 0.375024 0.575854
0.0858316 0.0797811 0.264841 0.569546
9.9991E-05 0.376497 0.246926 0.376476
9.9991E-05 0.119427 0.42171 0.458764
0.134236 9.9991E-05 0.210416 0.655249
0.0905449 9.9991E-05 0.314694 0.594661
0.0337766 0.0508718 0.272863 0.642489
9.9991E-05 0.244868 0.0898993 0.665133
9.9991E-05 0.0600027 0.035436 0.904461
9.9991E-05 0.108948 0.116415 0.774537
9.9982E-05 0.163604 9.9982E-05 0.836196
0.0445694 0.139782 9.9991E-05 0.815549
0.0273153 9.9991E-05 0.174386 0.798199
0.00310923 9.9991E-05 0.335424 0.661367
0.0783702 9.9982E-05 9.9982E-05 0.92143
0.0921179 9.9991E-05 0.0300496 0.877733
0.0408144 9.9991E-05 0.0522283 0.906857
0.0639466 9.9991E-05 0.126765 0.809188
0.00198073 9.9991E-05 0.0184203 0.979499
9.9991E-05 0.103507 0.257132 0.639261
0.0475595 0.0800811 0.0820677 0.790292
9.9991E-05 0.123235 0.105388 0.771277
0.0438283 0.0360987 0.117137 0.802936
0.0393687 0.0203298 9.9991E-05 0.940201
0.0173082 9.9991E-05 0.0478 0.934792
0.0489411 0.0431198 0.00779941 0.90014
9.9982E-05 0.264427 9.9982E-05 0.735373
9.9982E-05 0.201749 9.9982E-05 0.798051
0.0303405 0.135047 9.9991E-05 0.834512
9.998E-05 9.998E-05 9.998E-05 0.9997
0.134561 9.9991E-05 0.0748659 0.790473
0.106664 9.9982E-05 9.9982E-05 0.893136
0.0613975 9.9991E-05 0.0217708 0.916732
0.322808 9.9991E-05 0.0482113 0.628881
0.369697 9.9982E-05 9.9982E-05 0.630103
9.9982E-05 0.104885 9.9982E-05 0.894915
9.9982E-05 0.254423 9.9982E-05 0.745377
9.9982E-05 0.219262 9.9982E-05 0.780538
9.9982E-05 0.154422 9.9982E-05 0.845378
9.9982E-05 0.319346 9.9982E-05 0.680454
0.0481161 0.00961058 9.9991E-05 0.942173
9.9982E-05 0.199636 9.9982E-05 0.800164
0.0217184 0.0201747 0.0577682 0.900339
9.9991E-05 0.173284 0.119494 0.707122
9.9982E-05 0.166883 9.9982E-05 0.832917
0.404064 0.569982 9.9991E-05 0.0258535
0.704478 0.295322 9.9982E-05 9.9982E-05
0.636604 0.363196 9.9982E-05 9.9982E-05
0.753096 0.13031 9.9991E-05 0.116494
0.83995 0.0494171 9.9991E-05 0.110533
0.957455 0.0200645 9.9991E-05 0.0223808
0.696146 0.296734 9.9991E-05 0.00701988
0.544777 0.455023 9.9982E-05 9.9982E-05
0.144898 0.854902 9.9982E-05 9.9982E-05
0.840722 0.105605 9.9991E-05 0.0535727
0.958126 9.99821E-05 0.0416741 9.99821E-05
0.94156 9.9982E-05 0.0582402 9.9982E-05
0.943602 9.9982E-05 0.0561985 9.9982E-05
