9.99639E-05 0.255853 0.0589179 9.99639E-05 0.0499743 9.99639E-05 9.99639E-05 0.517255 0.1176
0.0970537 0.0918226 0.000358599 9.998E-05 0.279622 9.998E-05 0.0492882 0.26073 0.220925
0.00443336 0.260022 0.197582 9.9973E-05 0.128624 0.0819485 9.9973E-05 0.327091 9.9973E-05
9.997E-05 9.997E-05 0.574505 0.0111683 0.0573995 0.117097 9.997E-05 0.0724488 0.167081
9.9955E-05 0.644539 0.135068 0.023077 9.9955E-05 9.9955E-05 9.9955E-05 0.196817 9.9955E-05
9.9973E-05 0.137187 0.448829 9.9973E-05 0.0133618 0.103141 9.9973E-05 0.288203 0.00897769
0.170195 9.9955E-05 9.9955E-05 9.9955E-05 0.0201808 9.9955E-05 0.746272 9.9955E-05 0.0628523
0.123122 0.130304 9.9973E-05 0.0112786 9.9973E-05 0.121491 0.555082 9.9973E-05 0.0584222
9.9946E-05 9.9946E-05 0.0496394 9.9946E-05 0.028762 9.9946E-05 0.920999 9.9946E-05 9.9946E-05
0.0392314 9.9955E-05 9.9955E-05 9.9955E-05 0.0101858 9.9955E-05 0.885112 0.0649713 9.9955E-05
0.143382 9.9955E-05 9.9955E-05 9.9955E-05 9.9955E-05 9.9955E-05 0.783779 0.0326264 0.0397127
0.644543 0.0684341 9.9955E-05 9.9955E-05 9.9955E-05 9.9955E-05 0.273677 0.0128462 9.9955E-05
0.164188 0.0143325 0.0174258 0.210014 9.996E-05 9.996E-05 0.59364 9.996E-05 9.996E-05
9.9946E-05 9.9946E-05 9.9946E-05 0.124701 9.9946E-05 0.0931082 0.781591 9.9946E-05 9.9946E-05
0.075043 0.0238584 0.0134392 9.9964E-05 0.0471025 9.9964E-05 0.840157 9.9964E-05 9.9964E-05
0.24587 0.0203199 9.99641E-05 9.99641E-05 0.0273059 9.99641E-05 0.691119 9.99641E-05 0.0149856
0.021659 0.381236 9.9955E-05 9.9955E-05 9.9955E-05 0.515931 9.9955E-05 0.0806741 9.9955E-05
0.0583555 0.100573 9.9973E-05 0.00837266 0.29296 0.538632 9.9973E-05 9.9973E-05 0.000807205
0.0428028 9.998E-05 0.115006 0.025003 0.0110707 0.470358 9.998E-05 0.30853 0.0270294
9.9946E-05 0.0779826 0.293979 9.9946E-05 9.9946E-05 0.627439 9.9946E-05 9.9946E-05 9.9946E-05
9.99639E-05 0.204009 0.0328298 9.99639E-05 0.220247 0.518175 0.0243394 9.99639E-05 9.99639E-05
9.995E-05 9.995E-05 0.139524 9.995E-05 0.0779974 0.777578 0.00440094 9.995E-05 9.995E-05
0.0956767 0.224443 9.9973E-05 9.9973E-05 0.00971453 9.9973E-05 0.0222323 0.604542 0.043091
9.995E-05 0.224868 9.995E-05 0.00379985 9.995E-05 9.995E-05 9.995E-05 0.704683 0.0661499
9.99551E-05 0.161579 0.0461559 9.99551E-05 9.99551E-05 0.0801568 9.99551E-05 0.711608 9.99551E-05
9.9955E-05 9.9955E-05 0.243956 9.9955E-05 9.9955E-05 0.37934 9.9955E-05 0.20799 0.168213
9.9955E-05 0.397733 9.9955E-05 0.058026 9.9955E-05 0.477942 9.9955E-05 0.0657988 9.9955E-05
9.9964E-05 0.358059 0.131205 0.0670768 9.9964E-05 0.226577 9.9964E-05 0.216682 9.9964E-05
9.9964E-05 0.371821 9.9964E-05 9.9964E-05 0.140371 0.168643 0.117238 9.9964E-05 0.201527
9.997E-05 0.302186 0.00152445 9.997E-05 0.254899 0.25843 0.140084 9.997E-05 0.042577
0.217599 9.995E-05 0.231863 9.995E-05 0.319189 0.23085 9.995E-05 9.995E-05 9.995E-05
0.172883 0.242196 0.248803 9.99639E-05 0.0889764 0.246742 9.99639E-05 9.99639E-05 9.99639E-05
9.9964E-05 0.0925919 0.434345 9.9964E-05 0.0597137 0.354405 9.9964E-05 9.9964E-05 0.0585449
9.9955E-05 9.9955E-05 0.00276393 9.9955E-05 9.9955E-05 0.0617878 0.0215473 0.913401 9.9955E-05
0.0913521 9.99459E-05 9.99459E-05 9.99459E-05 0.146212 9.99459E-05 9.99459E-05 0.761836 9.99459E-05
0.0814944 0.232706 0.118389 9.9964E-05 9.9964E-05 0.375155 9.9964E-05 0.191856 9.9964E-05
0.140333 9.99639E-05 0.0232785 0.213728 0.163103 9.99639E-05 9.99639E-05 0.459158 9.99639E-05
0.0285104 0.14697 0.00425614 0.077947 9.9973E-05 0.167465 9.9973E-05 0.574552 9.9973E-05
9.9964E-05 9.9964E-05 0.0511508 0.060029 0.215968 0.138171 9.9964E-05 0.534281 9.9964E-05
9.9964E-05 0.0167382 0.217977 0.00561982 9.9964E-05 0.463419 9.9964E-05 0.295846 9.9964E-05
9.9955E-05 9.9955E-05 0.360603 9.9955E-05 0.0237144 9.9955E-05 9.9955E-05 0.135528 0.479656
9.9955E-05 9.9955E-05 0.508071 0.0594774 9.9955E-05 0.14567 9.9955E-05 9.9955E-05 0.286282
9.996E-05 9.996E-05 0.612436 0.132198 0.147203 0.0386468 9.996E-05 0.0691166 9.996E-05
9.996E-05 9.996E-05 0.295214 0.100869 9.996E-05 9.996E-05 0.0502472 0.0569642 0.496306
9.996E-05 9.996E-05 0.496673 9.996E-05 9.996E-05 0.197862 0.0105137 0.0520995 0.242452
9.9955E-05 9.9955E-05 0.483728 9.9955E-05 0.0910074 0.217694 9.9955E-05 0.207071 9.9955E-05
0.0782593 9.9946E-05 9.9946E-05 9.9946E-05 0.180757 0.740384 9.9946E-05 9.9946E-05 9.9946E-05
0.138049 9.99549E-05 9.99549E-05 9.99549E-05 0.451661 0.356242 9.99549E-05 9.99549E-05 0.0535484
9.9937E-05 9.9937E-05 9.9937E-05 9.9937E-05 0.747367 0.251933 9.9937E-05 9.9937E-05 9.9937E-05
9.9964E-05 0.0218698 9.9964E-05 9.9964E-05 0.660299 0.185368 9.9964E-05 0.0641987 0.0678653
9.99549E-05 9.99549E-05 9.99549E-05 0.0197971 0.456939 0.515162 0.00760208 9.99549E-05 9.99549E-05
9.9955E-05 9.9955E-05 9.9955E-05 9.9955E-05 9.9955E-05 0.448107 0.0983708 0.057476 0.395547
9.9964E-05 0.0554982 9.9964E-05 0.0481943 0.157954 0.700496 9.9964E-05 0.037458 9.9964E-05
9.9946E-05 9.9946E-05 9.9946E-05 9.9946E-05 9.9946E-05 0.494538 9.9946E-05 0.213151 0.291712
9.99459E-05 9.99459E-05 9.99459E-05 9.99459E-05 9.99459E-05 0.520998 9.99459E-05 0.116989 0.361414
9.9964E-05 0.109963 0.286253 0.0332176 9.9964E-05 0.564818 9.9964E-05 0.0053482 9.9964E-05
0.130667 9.9973E-05 9.9973E-05 0.175219 0.00372299 9.9973E-05 0.383682 0.272288 0.034121
9.995E-05 0.0678171 9.995E-05 0.263896 9.995E-05 9.995E-05 0.534525 0.133262 9.995E-05
9.9946E-05 9.9946E-05 9.9946E-05 0.915913 9.9946E-05 9.9946E-05 9.9946E-05 0.0285715 0.0549153
0.201788 9.996E-05 9.996E-05 0.415017 9.996E-05 0.0606233 0.192848 9.996E-05 0.129324
0.336376 9.9955E-05 0.0083111 0.491503 9.9955E-05 9.9955E-05 0.163311 9.9955E-05 9.9955E-05
0.199998 9.9964E-05 9.9964E-05 0.603902 0.0777704 0.057143 9.9964E-05 9.9964E-05 0.0607875
0.747258 9.99369E-05 9.99369E-05 9.99369E-05 0.252042 9.99369E-05 9.99369E-05 9.99369E-05 9.99369E-05
0.843271 9.9946E-05 0.0555278 9.9946E-05 9.9946E-05 0.100602 9.9946E-05 9.9946E-05 9.9946E-05
0.380257 9.9946E-05 0.0700615 9.9946E-05 9.9946E-05 9.9946E-05 0.549081 9.9946E-05 9.9946E-05
9.9946E-05 9.9946E-05 9.9946E-05 0.155382 9.9946E-05 9.9946E-05 0.779983 0.0640345 9.9946E-05
0.359368 9.9973E-05 0.0153631 0.163865 9.9973E-05 0.0275115 0.272483 0.16111 9.9973E-05
9.994E-05 9.994E-05 9.994E-05 0.487989 9.994E-05 9.994E-05 0.337673 0.173738 9.994E-05
0.550841 9.9955E-05 9.9955E-05 0.163765 9.9955E-05 9.9955E-05 0.117215 0.167679 9.9955E-05
0.487498 9.9955E-05 9.9955E-05 0.267162 9.9955E-05 9.9955E-05 0.172389 0.0724514 9.9955E-05
0.666856 0.0224787 9.9955E-05 9.9955E-05 9.9955E-05 9.9955E-05 0.177303 0.132863 9.9955E-05
0.416905 0.00813218 9.9964E-05 0.429668 9.9964E-05 9.9964E-05 0.0220478 0.122848 9.9964E-05
0.895722 0.0690889 9.9946E-05 9.9946E-05 9.9946E-05 9.9946E-05 9.9946E-05 0.0345892 9.9946E-05
0.233816 0.0140404 0.00681896 0.610352 9.9964E-05 0.134572 9.9964E-05 9.9964E-05 9.9964E-05
0.107469 9.9964E-05 9.9964E-05 0.618703 9.9964E-05 0.192829 0.0457329 0.0348666 9.9964E-05
0.264948 9.9955E-05 0.0306773 0.64705 9.9955E-05 0.0568255 9.9955E-05 9.9955E-05 9.9955E-05
0.414017 9.9946E-05 0.0930332 0.492351 9.9946E-05 9.9946E-05 9.9946E-05 9.9946E-05 9.9946E-05
9.9937E-05 0.0222048 9.9937E-05 0.977096 9.9937E-05 9.9937E-05 9.9937E-05 9.9937E-05 9.9937E-05
0.0735987 9.9964E-05 9.9964E-05 0.569957 9.9964E-05 9.9964E-05 0.325317 0.012597 0.0181305
0.711546 9.9955E-05 9.9955E-05 0.0639517 9.9955E-05 0.0878681 0.136135 9.9955E-05 9.9955E-05
9.9964E-05 9.9964E-05 0.0285952 0.691788 0.160272 9.9964E-05 0.109829 0.00911535 9.9964E-05
9.99731E-05 0.838596 9.99731E-05 0.0208036 0.00256935 0.102345 9.99731E-05 0.0256395 0.00974659
9.9955E-05 0.0214898 9.9955E-05 0.104757 9.9955E-05 0.0233164 9.9955E-05 9.9955E-05 0.849937
9.9946E-05 0.156567 9.9946E-05 0.0807058 9.9946E-05 9.9946E-05 9.9946E-05 9.9946E-05 0.762128
9.998E-05 0.728542 0.0679967 0.0185993 0.0845203 0.00289992 0.0839156 0.0133259 9.998E-05
9.9964E-05 0.60014 9.9964E-05 9.9964E-05 0.243203 0.0344292 0.106138 9.9964E-05 0.0156899
9.993E-05 9.993E-05 9.993E-05 9.993E-05 0.999201 9.993E-05 9.993E-05 9.993E-05 9.993E-05
0.0314383 9.99641E-05 0.54553 9.99641E-05 0.287856 9.99641E-05 0.0302689 9.99641E-05 0.104507
9.9964E-05 9.9964E-05 0.479093 9.9964E-05 0.302792 9.9964E-05 0.050396 0.0559553 0.111363
0.0376865 0.325406 0.483359 9.9964E-05 0.146483 9.9964E-05 9.9964E-05 9.9964E-05 0.0066662
9.99549E-05 0.314085 0.199502 9.99549E-05 0.357197 9.99549E-05 9.99549E-05 9.99549E-05 0.128716
9.99461E-05 0.144398 0.83355 0.0214522 9.99461E-05 9.99461E-05 9.99461E-05 9.99461E-05 9.99461E-05
9.9946E-05 0.0111495 0.930576 9.9946E-05 9.9946E-05 0.0576747 9.9946E-05 9.9946E-05 9.9946E-05
9.99639E-05 0.35467 0.483719 9.99639E-05 9.99639E-05 0.00357824 0.0543657 0.103268 9.99639E-05
0.0398011 0.175906 0.668283 9.9973E-05 0.102605 9.9973E-05 9.9973E-05 0.00450365 0.00860101
9.99459E-05 9.99459E-05 0.527447 9.99459E-05 0.425004 9.99459E-05 0.0469495 9.99459E-05 9.99459E-05
9.9973E-05 0.0437527 0.698431 9.9973E-05 0.150262 0.013418 0.0353774 0.0584592 9.9973E-05
9.9946E-05 0.248828 0.698748 9.9946E-05 9.9946E-05 9.9946E-05 0.0518241 9.9946E-05 9.9946E-05
0.043884 0.29383 0.61471 0.0199742 9.996E-05 9.996E-05 9.996E-05 0.0272019 9.996E-05
9.99639E-05 0.138707 0.52219 9.99639E-05 9.99639E-05 9.99639E-05 0.0483136 0.0824926 0.207896
9.9973E-05 0.357505 0.0547693 9.9973E-05 0.211637 0.0804333 0.0369969 9.9973E-05 0.258358
9.9964E-05 0.562804 9.9964E-05 9.9964E-05 0.0444724 0.00362723 9.9964E-05 0.0607609 0.327935
9.9964E-05 0.408721 9.9964E-05 9.9964E-05 0.0274265 0.0348972 9.9964E-05 0.0578965 0.470659
9.9946E-05 0.308002 0.0565694 9.9946E-05 9.9946E-05 9.9946E-05 9.9946E-05 9.9946E-05 0.634829
0.0313924 0.758678 9.9946E-05 9.9946E-05 0.20933 9.9946E-05 9.9946E-05 9.9946E-05 9.9946E-05
9.9946E-05 0.863943 9.9946E-05 9.9946E-05 9.9946E-05 0.119551 9.9946E-05 0.0159062 9.9946E-05
9.9955E-05 0.69584 9.9955E-05 9.9955E-05 0.006986 0.173026 9.9955E-05 0.123648 9.9955E-05
9.99551E-05 0.928189 9.99551E-05 9.99551E-05 0.00819774 0.015617 0.0474964 9.99551E-05 9.99551E-05
0.0240582 0.830326 9.9964E-05 9.9964E-05 0.0709238 9.9964E-05 0.00915047 0.0651415 9.9964E-05
0.00466789 0.778312 0.128156 9.9955E-05 9.9955E-05 9.9955E-05 9.9955E-05 9.9955E-05 0.0883648
9.9964E-05 0.823515 0.0245867 0.013456 9.9964E-05 9.9964E-05 9.9964E-05 0.0883832 0.049659
9.99551E-05 0.892936 0.00182512 9.99551E-05 9.99551E-05 9.99551E-05 9.99551E-05 0.0555828 0.049156
9.9973E-05 0.310159 0.183582 9.9973E-05 0.0915076 0.0908605 9.9973E-05 0.0409551 0.282636
9.9973E-05 0.412442 0.11892 0.0355754 0.0118492 0.125585 9.9973E-05 9.9973E-05 0.295328
9.9964E-05 0.563962 0.136984 9.9964E-05 0.0658038 9.9964E-05 9.9964E-05 0.115748 0.117102
0.0114058 0.733862 0.0632759 9.996E-05 0.116053 9.996E-05 9.996E-05 0.0750035 9.996E-05
9.99641E-05 0.693541 0.0797055 9.99641E-05 0.112412 0.011638 9.99641E-05 9.99641E-05 0.102303
9.9955E-05 0.86192 9.9955E-05 9.9955E-05 0.0291531 9.9955E-05 9.9955E-05 0.0182534 0.0901739
9.99549E-05 0.723102 0.0980071 9.99549E-05 0.149798 9.99549E-05 9.99549E-05 9.99549E-05 0.0285932
0.0254291 0.237773 9.996E-05 9.996E-05 0.0768265 9.996E-05 9.996E-05 0.16978 0.489792
0.0201375 0.363802 0.000678604 9.9973E-05 0.0912627 9.9973E-05 9.9973E-05 0.0435056 0.480314
0.076511 0.524668 9.99551E-05 9.99551E-05 9.99551E-05 9.99551E-05 9.99551E-05 0.0282058 0.370116
9.9946E-05 0.766226 0.147887 9.9946E-05 9.9946E-05 9.9946E-05 9.9946E-05 9.9946E-05 0.0852879
0.0266571 0.669237 0.17048 0.0522137 9.998E-05 0.00555547 9.998E-05 0.0165658 0.0590914
9.9955E-05 0.680255 0.0560416 9.9955E-05 9.9955E-05 9.9955E-05 9.9955E-05 0.177511 0.0856927
0.0168824 0.822961 0.0116739 9.996E-05 9.996E-05 0.052861 9.996E-05 9.996E-05 0.0952222
9.9955E-05 0.603404 9.9955E-05 0.0884186 9.9955E-05 9.9955E-05 0.122149 0.185529 9.9955E-05
0.164746 0.58202 9.9946E-05 0.252634 9.9946E-05 9.9946E-05 9.9946E-05 9.9946E-05 9.9946E-05
9.9946E-05 0.732353 9.9946E-05 9.9946E-05 0.10161 9.9946E-05 9.9946E-05 9.9946E-05 0.165437
9.99459E-05 0.240224 9.99459E-05 9.99459E-05 0.0779589 9.99459E-05 9.99459E-05 9.99459E-05 0.681217
0.0266376 0.49621 9.9964E-05 9.9964E-05 0.126592 9.9964E-05 9.9964E-05 0.109253 0.240908
9.9964E-05 0.264969 0.0499733 9.9964E-05 0.0293434 9.9964E-05 9.9964E-05 0.109777 0.545538
9.9955E-05 0.028144 9.9955E-05 9.9955E-05 0.0474238 0.0306347 9.9955E-05 9.9955E-05 0.893298
9.9955E-05 0.74536 0.0118492 9.9955E-05 0.0827378 9.9955E-05 9.9955E-05 9.9955E-05 0.159553
9.9946E-05 0.236097 0.100445 9.9946E-05 9.9946E-05 9.9946E-05 9.9946E-05 9.9946E-05 0.662858
9.9955E-05 0.494346 0.140891 9.9955E-05 9.9955E-05 0.00231552 9.9955E-05 9.9955E-05 0.361947
9.99639E-05 0.397972 0.13523 9.99639E-05 0.155353 9.99639E-05 9.99639E-05 0.022554 0.288491
0.0309003 0.485223 9.9955E-05 9.9955E-05 0.0254447 9.9955E-05 9.9955E-05 9.9955E-05 0.457932
0.785359 9.9946E-05 9.9946E-05 9.9946E-05 0.0873798 9.9946E-05 9.9946E-05 9.9946E-05 0.126661
0.375197 0.0289217 0.00637713 0.373225 0.0250743 9.997E-05 0.190906 9.997E-05 9.997E-05
0.374796 9.9964E-05 9.9964E-05 0.226652 0.0946911 9.9964E-05 0.259872 9.9964E-05 0.0435888
0.0360335 9.99639E-05 9.99639E-05 0.636085 0.14967 9.99639E-05 0.140135 9.99639E-05 0.037677
9.9955E-05 0.0929631 9.9955E-05 0.692855 0.112594 9.9955E-05 0.101087 9.9955E-05 9.9955E-05
0.132991 9.9955E-05 9.9955E-05 0.77634 0.0189535 9.9955E-05 0.0712158 9.9955E-05 9.9955E-05
0.376616 9.9955E-05 9.9955E-05 0.305209 9.9955E-05 9.9955E-05 0.25265 9.9955E-05 0.0650254
0.658931 0.0221509 9.9964E-05 0.0438133 0.0326919 9.9964E-05 0.242013 9.9964E-05 9.9964E-05
0.695494 9.99371E-05 9.99371E-05 9.99371E-05 0.303807 9.99371E-05 9.99371E-05 9.99371E-05 9.99371E-05
0.146315 0.0817703 9.9964E-05 0.645987 0.0450579 9.9964E-05 0.0804705 9.9964E-05 9.9964E-05
9.99461E-05 9.99461E-05 9.99461E-05 0.938511 9.99461E-05 0.0398484 9.99461E-05 0.0210405 9.99461E-05
9.99371E-05 9.99371E-05 9.99371E-05 0.918573 9.99371E-05 9.99371E-05 9.99371E-05 0.0807277 9.99371E-05
9.996E-05 0.019892 0.0273437 0.868453 9.996E-05 0.00717274 0.0767384 9.996E-05 9.996E-05
