0.225805 9.99459E-05 0.0187858 9.99459E-05 9.99459E-05 9.99459E-05 0.447215 9.99459E-05 9.99459E-05 0.307595
0.0663393 9.9973E-05 0.250124 0.212312 0.0217587 0.144956 0.22423 9.9973E-05 9.9973E-05 0.0799795
0.30314 0.0635914 0.040154 0.100941 9.9973E-05 0.0325024 0.184558 9.9973E-05 9.9973E-05 0.274814
9.9973E-05 0.163353 0.0650744 9.9973E-05 0.0347492 0.0142181 0.0199612 9.9973E-05 0.00469134 0.697653
0.512755 0.159238 9.9955E-05 9.9955E-05 9.9955E-05 9.9955E-05 0.121463 9.9955E-05 0.0214898 0.184555
0.0639798 0.207493 0.0155667 9.9955E-05 9.9955E-05 9.9955E-05 0.263043 9.9955E-05 9.9955E-05 0.449418
9.99459E-05 9.99459E-05 0.0160623 0.182636 0.709441 0.0912611 9.99459E-05 9.99459E-05 9.99459E-05 9.99459E-05
0.0609186 9.9955E-05 0.0735011 0.0504143 0.611807 9.9955E-05 9.9955E-05 0.202859 9.9955E-05 9.9955E-05
9.9937E-05 0.0911497 9.9937E-05 9.9937E-05 0.896292 0.0118588 9.9937E-05 9.9937E-05 9.9937E-05 9.9937E-05
9.9946E-05 9.9946E-05 9.9946E-05 0.0380521 0.843965 9.9946E-05 0.014353 9.9946E-05 9.9946E-05 0.10303
9.99549E-05 9.99549E-05 0.0678151 0.184723 0.731294 0.00512637 9.99549E-05 9.99549E-05 9.99549E-05 0.0105415
0.014008 9.99459E-05 9.99459E-05 0.546758 0.380455 9.99459E-05 9.99459E-05 0.0581795 9.99459E-05 9.99459E-05
0.00284161 0.000187877 9.9964E-05 0.0882569 0.737494 9.9964E-05 9.9964E-05 0.0453745 0.125446 9.9964E-05
9.99371E-05 9.99371E-05 9.99371E-05 9.99371E-05 0.827433 9.99371E-05 9.99371E-05 0.0974047 0.0744627 9.99371E-05
9.9955E-05 9.9955E-05 9.9955E-05 0.00522062 0.837325 0.0800013 0.04841 9.9955E-05 9.9955E-05 0.0285436
9.99371E-05 9.99371E-05 0.0826042 0.189631 0.727065 9.99371E-05 9.99371E-05 9.99371E-05 9.99371E-05 9.99371E-05
0.297784 9.9955E-05 0.0369741 0.0134971 9.9955E-05 0.0185834 9.9955E-05 0.632662 9.9955E-05 9.9955E-05
9.9955E-05 9.9955E-05 9.9955E-05 0.00802872 0.0246636 0.401668 9.9955E-05 0.357414 9.9955E-05 0.207725
9.9946E-05 0.145954 9.9946E-05 9.9946E-05 9.9946E-05 0.0818513 0.325047 0.446548 9.9946E-05 9.9946E-05
9.9937E-05 0.161193 9.9937E-05 9.9937E-05 9.9937E-05 9.9937E-05 9.9937E-05 0.625285 9.9937E-05 0.212822
0.12211 9.99549E-05 9.99549E-05 9.99549E-05 0.0244626 0.292801 9.99549E-05 0.257872 9.99549E-05 0.302254
9.99459E-05 9.99459E-05 9.99459E-05 9.99459E-05 0.0144342 0.157221 9.99459E-05 0.380454 9.99459E-05 0.447291
0.156794 9.9946E-05 0.0423149 0.192861 9.9946E-05 9.9946E-05 0.607431 9.9946E-05 9.9946E-05 9.9946E-05
0.25909 9.9946E-05 0.0430649 9.9946E-05 9.9946E-05 9.9946E-05 0.630093 0.0671523 9.9946E-05 9.9946E-05
0.0800787 0.050073 9.99461E-05 9.99461E-05 9.99461E-05 9.99461E-05 0.690715 0.178533 9.99461E-05 9.99461E-05
0.00479214 9.9955E-05 0.100677 9.9955E-05 9.9955E-05 9.9955E-05 0.137798 0.183172 9.9955E-05 0.57306
0.31779 9.9937E-05 9.9937E-05 9.9937E-05 9.9937E-05 9.9937E-05 9.9937E-05 0.675469 0.0060411 9.9937E-05
0.298458 0.143709 9.9964E-05 9.9964E-05 0.0568775 9.9964E-05 0.0533944 0.439492 9.9964E-05 0.00766903
0.356472 9.9964E-05 0.106579 9.9964E-05 0.0970847 0.152595 9.9964E-05 0.0370217 9.9964E-05 0.249847
0.251916 9.99551E-05 9.99551E-05 9.99551E-05 0.12811 0.276693 9.99551E-05 0.0237909 9.99551E-05 0.31899
9.9937E-05 9.9937E-05 9.9937E-05 0.374744 9.9937E-05 0.139347 9.9937E-05 9.9937E-05 9.9937E-05 0.485209
0.140501 0.164941 9.99549E-05 0.223256 9.99549E-05 9.99549E-05 9.99549E-05 0.0669238 9.99549E-05 0.403879
0.122168 0.081546 9.99639E-05 0.0802395 9.99639E-05 0.00874519 9.99639E-05 0.1424 9.99639E-05 0.564501
9.9946E-05 9.9946E-05 9.9946E-05 9.9946E-05 9.9946E-05 9.9946E-05 0.882928 0.0159396 0.00284178 0.0976905
9.99369E-05 9.99369E-05 9.99369E-05 0.193518 9.99369E-05 0.00408045 0.801702 9.99369E-05 9.99369E-05 9.99369E-05
0.190686 0.00756455 9.9973E-05 0.0770269 9.9973E-05 0.0394858 0.157543 0.494721 9.9973E-05 0.0326717
9.9973E-05 0.0841145 9.9973E-05 0.200717 9.9973E-05 0.044198 0.355929 0.0333718 0.206392 0.0749777
9.9955E-05 0.123762 9.9955E-05 0.050871 9.9955E-05 9.9955E-05 0.490007 0.311397 0.0234635 9.9955E-05
9.9955E-05 9.9955E-05 9.9955E-05 9.9955E-05 9.9955E-05 0.20749 0.533805 0.0655613 0.0532537 0.13939
9.9955E-05 0.124502 9.9955E-05 9.9955E-05 9.9955E-05 0.0302646 0.28766 0.50808 9.9955E-05 0.0489926
9.99281E-05 9.99281E-05 0.473465 9.99281E-05 9.99281E-05 9.99281E-05 9.99281E-05 9.99281E-05 9.99281E-05 0.525735
0.111075 0.197173 0.221392 9.9964E-05 9.9964E-05 9.9964E-05 9.9964E-05 0.0902602 0.110276 0.269424
9.9955E-05 0.333164 9.9955E-05 9.9955E-05 9.9955E-05 0.0858087 0.0495851 9.9955E-05 0.116752 0.414191
9.9964E-05 0.161636 0.529846 9.9964E-05 9.9964E-05 9.9964E-05 0.0352226 0.0993437 0.15334 0.0202117
9.99461E-05 0.0147298 0.114885 9.99461E-05 0.0190376 9.99461E-05 9.99461E-05 9.99461E-05 9.99461E-05 0.850748
9.9937E-05 9.9937E-05 9.9937E-05 9.9937E-05 9.9937E-05 9.9937E-05 0.110937 9.9937E-05 0.00291231 0.885451
9.9937E-05 9.9937E-05 9.9937E-05 0.074588 9.9937E-05 0.402996 9.9937E-05 0.521716 9.9937E-05 9.9937E-05
9.99459E-05 9.99459E-05 0.0318253 0.143559 9.99459E-05 0.623303 9.99459E-05 0.200713 9.99459E-05 9.99459E-05
9.9937E-05 9.9937E-05 9.9937E-05 0.0517016 9.9937E-05 0.935788 0.0118111 9.9937E-05 9.9937E-05 9.9937E-05
9.99369E-05 9.99369E-05 0.11652 9.99369E-05 9.99369E-05 0.748609 0.134171 9.99369E-05 9.99369E-05 9.99369E-05
9.99549E-05 9.99549E-05 9.99549E-05 9.99549E-05 0.0542112 0.621443 9.99549E-05 0.222474 0.00489088 0.0964815
9.9955E-05 9.9955E-05 0.336856 9.9955E-05 0.0683705 0.0692437 0.047453 0.477577 9.9955E-05 9.9955E-05
9.9955E-05 9.9955E-05 9.9955E-05 9.9955E-05 9.9955E-05 0.301128 0.168988 0.421289 0.0434973 0.0645984
9.9928E-05 9.9928E-05 0.320671 9.9928E-05 9.9928E-05 9.9928E-05 9.9928E-05 0.67853 9.9928E-05 9.9928E-05
9.99369E-05 9.99369E-05 0.307633 9.99369E-05 9.99369E-05 9.99369E-05 0.0521966 0.639471 9.99369E-05 9.99369E-05
0.0520079 9.9946E-05 9.9946E-05 9.9946E-05 9.9946E-05 9.9946E-05 9.9946E-05 0.475211 0.021511 0.45067
9.9955E-05 9.9955E-05 0.0270155 0.0695935 0.366551 9.9955E-05 0.305763 9.9955E-05 0.230577 9.9955E-05
0.0337357 9.9946E-05 9.9946E-05 9.9946E-05 0.503813 9.9946E-05 0.20078 9.9946E-05 0.261072 9.9946E-05
9.9955E-05 9.9955E-05 0.0277822 9.9955E-05 0.0458382 9.9955E-05 0.0278871 9.9955E-05 0.840641 0.0573513
9.9955E-05 9.9955E-05 0.147333 0.18129 0.154664 9.9955E-05 9.9955E-05 0.0194414 0.496772 9.9955E-05
9.9955E-05 0.0153658 0.0216157 0.196035 0.22331 9.9955E-05 9.9955E-05 9.9955E-05 0.543174 9.9955E-05
9.99549E-05 9.99549E-05 9.99549E-05 0.246515 9.99549E-05 0.0537406 9.99549E-05 0.0841186 0.57327 0.0418568
9.99279E-05 9.99279E-05 9.99279E-05 0.850812 9.99279E-05 0.148388 9.99279E-05 9.99279E-05 9.99279E-05 9.99279E-05
9.99369E-05 9.99369E-05 9.99369E-05 0.817166 9.99369E-05 9.99369E-05 9.99369E-05 9.99369E-05 0.129435 0.0526991
9.99459E-05 0.0948816 9.99459E-05 0.279649 0.589399 9.99459E-05 9.99459E-05 9.99459E-05 0.0354713 9.99459E-05
9.9946E-05 9.9946E-05 9.9946E-05 9.9946E-05 0.738492 0.00113801 0.104772 9.9946E-05 0.154998 9.9946E-05
9.9973E-05 0.00543635 9.9973E-05 0.186719 0.436186 9.9973E-05 0.105796 0.0788255 0.165497 0.0212403
9.99371E-05 9.99371E-05 9.99371E-05 9.99371E-05 0.353946 9.99371E-05 0.179136 9.99371E-05 0.466219 9.99371E-05
9.9946E-05 9.9946E-05 9.9946E-05 0.472762 0.162837 9.9946E-05 0.170201 9.9946E-05 0.1936 9.9946E-05
9.9946E-05 9.9946E-05 9.9946E-05 0.270577 0.288274 9.9946E-05 9.9946E-05 0.134794 0.305754 9.9946E-05
9.9964E-05 0.0179803 9.9964E-05 0.642056 0.0808379 9.9964E-05 0.0569807 0.0718777 0.129868 9.9964E-05
0.0208417 9.9955E-05 9.9955E-05 0.24358 0.166638 9.9955E-05 0.134451 9.9955E-05 0.433989 9.9955E-05
0.0450064 9.9955E-05 9.9955E-05 0.738929 0.0996755 9.9955E-05 0.00517201 9.9955E-05 0.110718 9.9955E-05
0.0100791 9.9946E-05 9.9946E-05 0.217289 9.9946E-05 9.9946E-05 9.9946E-05 0.13942 0.632612 9.9946E-05
9.99551E-05 9.99551E-05 9.99551E-05 0.0396595 0.147576 9.99551E-05 9.99551E-05 0.118645 0.599688 0.0939315
9.99549E-05 0.0144762 9.99549E-05 0.163043 9.99549E-05 0.103456 9.99549E-05 0.0148897 0.703635 9.99549E-05
9.99369E-05 0.0820219 9.99369E-05 0.3688 9.99369E-05 9.99369E-05 9.99369E-05 9.99369E-05 0.548479 9.99369E-05
0.0571171 9.99281E-05 9.99281E-05 9.99281E-05 9.99281E-05 9.99281E-05 9.99281E-05 9.99281E-05 0.942083 9.99281E-05
9.9946E-05 9.9946E-05 9.9946E-05 0.0823335 0.289146 9.9946E-05 0.0602133 9.9946E-05 0.567708 9.9946E-05
9.9955E-05 9.9955E-05 9.9955E-05 0.638113 0.122478 0.0334783 9.9955E-05 0.00563768 0.199793 9.9955E-05
9.9955E-05 9.9955E-05 9.9955E-05 0.0396954 0.0213947 0.10661 9.9955E-05 9.9955E-05 0.684771 0.14703
0.773575 9.99641E-05 9.99641E-05 9.99641E-05 9.99641E-05 0.0151831 0.0152354 0.117735 0.00370864 0.0741623
9.9937E-05 9.9937E-05 0.888244 9.9937E-05 9.9937E-05 9.9937E-05 9.9937E-05 0.0271201 0.0839366 9.9937E-05
0.0258325 0.0257378 0.831948 9.99549E-05 9.99549E-05 9.99549E-05 9.99549E-05 0.0332762 0.0827056 9.99549E-05
0.659269 0.123852 9.9955E-05 9.9955E-05 0.0904605 0.125234 0.000684527 9.9955E-05 9.9955E-05 9.9955E-05
0.60619 9.9946E-05 9.9946E-05 9.9946E-05 0.0410067 0.34655 9.9946E-05 9.9946E-05 9.9946E-05 0.00565374
9.99371E-05 9.99371E-05 0.18205 0.115201 9.99371E-05 0.70205 9.99371E-05 9.99371E-05 9.99371E-05 9.99371E-05
9.99551E-05 0.517941 0.235416 0.047939 0.000168893 0.198035 9.99551E-05 9.99551E-05 9.99551E-05 9.99551E-05
9.9964E-05 0.367955 0.23292 9.9964E-05 0.0567737 0.191026 0.0426892 9.9964E-05 9.9964E-05 0.108236
0.255597 0.537447 0.00660332 9.9955E-05 9.9955E-05 0.093857 9.9955E-05 9.9955E-05 9.9955E-05 0.105996
0.112612 0.434647 0.267888 9.99459E-05 9.99459E-05 0.184253 9.99459E-05 9.99459E-05 9.99459E-05 9.99459E-05
9.9937E-05 0.985735 0.012846 9.9937E-05 0.00071936 9.9937E-05 9.9937E-05 9.9937E-05 9.9937E-05 9.9937E-05
9.9937E-05 0.848261 9.9937E-05 9.9937E-05 9.9937E-05 9.9937E-05 9.9937E-05 0.0701475 9.9937E-05 0.0808918
0.171689 0.472985 9.99549E-05 9.99549E-05 9.99549E-05 0.00543185 0.173309 9.99549E-05 9.99549E-05 0.176085
9.9964E-05 0.770173 0.0679635 9.9964E-05 9.9964E-05 0.0122962 0.0565817 0.0631741 9.9964E-05 0.0294119
9.99459E-05 0.455908 9.99459E-05 9.99459E-05 0.0146022 0.362616 9.99459E-05 9.99459E-05 9.99459E-05 0.166274
0.00791599 0.602368 9.9964E-05 9.9964E-05 0.00183745 0.156892 0.0908338 9.9964E-05 9.9964E-05 0.139752
0.131052 0.824457 9.9937E-05 9.9937E-05 0.0437907 9.9937E-05 9.9937E-05 9.9937E-05 9.9937E-05 9.9937E-05
0.136271 0.755058 9.9946E-05 9.9946E-05 9.9946E-05 9.9946E-05 0.0482421 0.0598291 9.9946E-05 9.9946E-05
0.104271 0.496423 0.208277 9.9973E-05 0.00508943 9.9973E-05 0.0839311 0.0503957 9.9973E-05 0.0513126
0.432872 9.99459E-05 0.155723 9.99459E-05 9.99459E-05 0.307483 0.103322 9.99459E-05 9.99459E-05 9.99459E-05
0.437885 9.99459E-05 0.289353 9.99459E-05 9.99459E-05 0.0126314 9.99459E-05 9.99459E-05 9.99459E-05 0.25953
0.394696 9.9946E-05 0.384297 9.9946E-05 9.9946E-05 0.102332 0.118076 9.9946E-05 9.9946E-05 9.9946E-05
0.441769 9.9946E-05 0.480488 9.9946E-05 9.9946E-05 0.0361712 9.9946E-05 0.0409726 9.9946E-05 9.9946E-05
0.713536 0.0379273 9.9955E-05 0.00225048 9.9955E-05 0.22867 9.9955E-05 9.9955E-05 0.0171171 9.9955E-05
0.866658 9.9946E-05 9.9946E-05 9.9946E-05 9.9946E-05 0.00936504 0.0592234 9.9946E-05 9.9946E-05 0.0641542
0.654695 9.9946E-05 9.9946E-05 9.9946E-05 9.9946E-05 0.115265 0.201894 0.0275463 9.9946E-05 9.9946E-05
0.915295 0.00865375 9.99551E-05 9.99551E-05 0.0459223 0.0177836 9.99551E-05 0.0118458 9.99551E-05 9.99551E-05
0.8207 9.9955E-05 9.9955E-05 9.9955E-05 9.9955E-05 0.0428098 0.0856262 9.9955E-05 0.0162617 0.034102
0.740463 0.126423 0.0290214 0.0177759 9.9964E-05 9.9964E-05 0.00185782 9.9964E-05 9.9964E-05 0.0840591
0.838182 9.9946E-05 0.00426943 9.9946E-05 9.9946E-05 9.9946E-05 0.0429027 9.9946E-05 9.9946E-05 0.114047
0.8729 9.9937E-05 0.0674079 9.9937E-05 9.9937E-05 9.9937E-05 0.0589929 9.9937E-05 9.9937E-05 9.9937E-05
0.361746 9.99459E-05 0.136493 9.99459E-05 9.99459E-05 0.0720243 9.99459E-05 9.99459E-05 9.99459E-05 0.429136
0.296793 0.163811 0.353642 9.9955E-05 9.9955E-05 0.0252376 9.9955E-05 0.160017 9.9955E-05 9.9955E-05
0.600705 9.9955E-05 0.030139 9.9955E-05 9.9955E-05 0.077653 0.105448 9.9955E-05 9.9955E-05 0.185555
0.636804 0.17695 0.0532896 0.0182171 9.9964E-05 0.0738517 9.9964E-05 0.0404879 9.9964E-05 9.9964E-05
0.783232 9.99461E-05 0.0623703 9.99461E-05 9.99461E-05 0.0883129 9.99461E-05 9.99461E-05 9.99461E-05 0.0654851
0.807328 9.9946E-05 0.106694 9.9946E-05 9.9946E-05 9.9946E-05 0.0106299 0.0747483 9.9946E-05 9.9946E-05
0.621545 0.210307 0.0586939 9.99459E-05 9.99459E-05 0.108854 9.99459E-05 9.99459E-05 9.99459E-05 9.99459E-05
0.198534 9.9937E-05 0.603907 9.9937E-05 9.9937E-05 9.9937E-05 0.19686 9.9937E-05 9.9937E-05 9.9937E-05
0.194843 0.145505 0.596838 0.00916618 9.9964E-05 0.0353069 0.0179417 9.9964E-05 9.9964E-05 9.9964E-05
0.470737 0.0613805 0.355432 0.0587626 9.9955E-05 9.9955E-05 9.9955E-05 0.0531875 9.9955E-05 9.9955E-05
0.717547 0.0461074 0.082266 9.9946E-05 9.9946E-05 9.9946E-05 9.9946E-05 9.9946E-05 9.9946E-05 0.15348
0.595417 0.170469 0.0260991 0.014999 9.9982E-05 9.9982E-05 0.0261627 0.0934109 0.024697 0.0485457
0.593 0.171225 0.0578136 0.0169195 9.9964E-05 9.9964E-05 0.155972 9.9964E-05 0.00467003 9.9964E-05
0.766487 0.0854987 0.0775602 0.0415165 9.9955E-05 9.9955E-05 9.9955E-05 0.0284378 9.9955E-05 9.9955E-05
0.602239 9.9946E-05 9.9946E-05 9.9946E-05 0.09358 9.9946E-05 0.188276 9.9946E-05 0.115305 9.9946E-05
0.588308 0.0299705 9.9946E-05 0.0931228 9.9946E-05 9.9946E-05 9.9946E-05 9.9946E-05 0.287999 9.9946E-05
0.610148 0.121434 0.152213 9.9946E-05 9.9946E-05 0.115605 9.9946E-05 9.9946E-05 9.9946E-05 9.9946E-05
0.299833 0.0185618 0.588589 9.99459E-05 9.99459E-05 0.0924162 9.99459E-05 9.99459E-05 9.99459E-05 9.99459E-05
0.42528 0.0341277 0.377577 0.0603262 9.9955E-05 9.9955E-05 0.102189 9.9955E-05 9.9955E-05 9.9955E-05
0.407325 9.9937E-05 0.433284 9.9937E-05 9.9937E-05 9.9937E-05 0.158691 9.9937E-05 9.9937E-05 9.9937E-05
0.0855503 9.9955E-05 0.72578 9.9955E-05 9.9955E-05 0.102024 0.0213033 9.9955E-05 9.9955E-05 0.0648427
0.843598 9.9937E-05 0.0481053 9.9937E-05 9.9937E-05 0.107597 9.9937E-05 9.9937E-05 9.9937E-05 9.9937E-05
0.296344 0.0988693 0.483242 9.9964E-05 9.9964E-05 0.0173703 0.0370809 9.9964E-05 9.9964E-05 0.0666944
0.623657 9.9946E-05 0.210554 9.9946E-05 0.00721036 9.9946E-05 9.9946E-05 9.9946E-05 9.9946E-05 0.157979
0.428784 9.99459E-05 0.271542 9.99459E-05 9.99459E-05 0.0913248 9.99459E-05 9.99459E-05 9.99459E-05 0.20775
0.505647 9.9937E-05 0.430274 0.0633794 9.9937E-05 9.9937E-05 9.9937E-05 9.9937E-05 9.9937E-05 9.9937E-05
9.9946E-05 9.9946E-05 0.0523865 0.722966 9.9946E-05 0.0523419 9.9946E-05 9.9946E-05 0.171706 9.9946E-05
9.9946E-05 9.9946E-05 0.0200606 0.389059 0.137551 9.9946E-05 9.9946E-05 9.9946E-05 0.45273 9.9946E-05
9.9964E-05 9.9964E-05 9.9964E-05 0.386555 0.217589 0.101569 9.9964E-05 0.0225602 0.260738 0.0105892
9.99729E-05 0.0110645 0.077212 0.0705794 0.0913071 0.053847 9.99729E-05 9.99729E-05 0.649261 0.0464295
0.0353135 0.0559665 0.047845 9.9973E-05 0.0744493 0.0666699 0.0186205 9.9973E-05 0.700835 9.9973E-05
9.9955E-05 9.9955E-05 0.0253491 0.142047 0.0431967 9.9955E-05 9.9955E-05 9.9955E-05 0.772647 0.016261
9.996E-05 0.0127397 0.063427 0.347433 0.26652 9.996E-05 9.996E-05 0.0168439 0.292636 9.996E-05
9.9946E-05 0.0023531 9.9946E-05 0.602748 0.232609 9.9946E-05 9.9946E-05 9.9946E-05 0.16169 9.9946E-05
9.99372E-05 9.99372E-05 0.0643111 0.901392 9.99372E-05 0.0335973 9.99372E-05 9.99372E-05 9.99372E-05 9.99372E-05
0.0940841 9.99549E-05 9.99549E-05 0.139338 0.157515 9.99549E-05 9.99549E-05 0.00782935 0.600734 9.99549E-05
9.99372E-05 9.99372E-05 9.99372E-05 9.99372E-05 9.99372E-05 9.99372E-05 0.0619851 0.0280878 0.909228 9.99372E-05
9.9937E-05 9.9937E-05 9.9937E-05 9.9937E-05 9.9937E-05 9.9937E-05 0.0218145 0.0345549 0.942931 9.9937E-05
9.99461E-05 0.00973828 9.99461E-05 9.99461E-05 0.0675069 9.99461E-05 9.99461E-05 0.0812395 0.840916 9.99461E-05
