0.253737 0.737865 0.00839846
0.556935 0.442965 9.9991E-05
0.209311 0.735222 0.0554668
0.166891 0.737588 0.0955211
9.9991E-05 0.916803 0.0830974
0.0232625 0.875498 0.101239
0.563654 9.9991E-05 0.436246
0.345035 0.14889 0.506075
0.343737 9.9991E-05 0.656163
0.377017 9.9991E-05 0.622883
0.463391 9.9991E-05 0.536509
0.460208 9.9991E-05 0.539692
0.208566 9.9991E-05 0.791334
0.204492 9.9991E-05 0.795408
0.424872 9.9991E-05 0.575028
0.468011 9.9991E-05 0.531889
0.175157 0.698645 0.126198
0.508964 0.396842 0.0941935
0.267124 0.50726 0.225616
0.0631341 0.705728 0.231138
0.320806 0.579766 0.0994284
0.287903 0.530235 0.181863
0.32058 0.565543 0.113877
0.0698704 0.755186 0.174944
0.0181994 0.743969 0.237831
0.0740437 0.802607 0.12335
9.9991E-05 0.719618 0.280282
9.9991E-05 0.771663 0.228237
0.279437 0.672812 0.047751
0.300786 0.607416 0.091798
0.633117 0.326068 0.0408147
0.272792 0.625278 0.10193
0.260797 0.739103 9.9991E-05
0.193569 0.611016 0.195415
0.565935 0.348536 0.0855289
0.223342 0.629732 0.146926
0.268854 0.336269 0.394877
0.151707 0.592486 0.255807
0.338101 0.514745 0.147154
0.159051 0.625063 0.215886
0.318954 0.680946 9.9991E-05
0.0680914 0.781517 0.150392
0.091172 0.674429 0.234399
0.137258 0.677113 0.185628
0.181091 0.775181 0.0437284
0.180788 0.669809 0.149403
0.611372 0.21428 0.174348
0.70997 0.278928 0.011102
0.841184 0.158716 9.9991E-05
0.565222 0.434678 9.9991E-05
0.553194 0.343075 0.103731
0.286943 0.555336 0.15772
0.34007 0.478007 0.181924
0.234273 0.612206 0.153521
0.323326 0.549235 0.127439
0.0160911 0.729435 0.254474
0.29206 0.131227 0.576713
0.133245 0.127843 0.738912
9.9991E-05 0.0195227 0.980377
0.273589 0.00880562 0.717606
0.154027 9.9991E-05 0.845873
0.185641 0.0636646 0.750695
0.811157 9.9991E-05 0.188743
0.518029 0.0175675 0.464404
0.371849 9.9991E-05 0.628051
0.260428 9.9991E-05 0.739472
0.272742 0.064962 0.662296
0.037344 9.9991E-05 0.962556
0.4642 9.9991E-05 0.5357
0.206803 9.9991E-05 0.793097
0.453875 0.0460259 0.5001
0.201076 0.00971689 0.789207
0.495869 9.9991E-05 0.504031
0.0651775 0.0874759 0.847347
0.00586245 0.101975 0.892162
0.123336 0.0397598 0.836904
0.185957 9.9991E-05 0.813943
9.999E-05 9.999E-05 0.9998
0.132558 9.9991E-05 0.867342
0.495993 9.9991E-05 0.503907
0.114317 0.0734521 0.812231
9.9991E-05 0.942221 0.0576794
0.180582 0.819318 9.9991E-05
0.133043 0.83769 0.0292676
0.000553459 0.908801 0.0906456
0.188154 0.811746 9.9991E-05
0.741387 0.258513 9.9991E-05
0.324035 0.641242 0.0347229
0.282235 0.666052 0.051713
0.0665344 0.881732 0.0517332
0.245496 0.754404 9.9991E-05
9.9991E-05 0.81882 0.18108
9.9991E-05 0.83552 0.16438
0.00162443 0.89542 0.102955
0.0860749 0.807279 0.106646
0.381461 0.595504 0.0230347
0.135761 0.79186 0.0723786
9.9991E-05 0.84111 0.15879
9.9991E-05 0.871384 0.128516
0.0745176 0.865847 0.0596357
0.217465 0.782435 9.9991E-05
0.0476221 0.952278 9.9991E-05
0.106614 0.893286 9.9991E-05
0.153742 0.846158 9.9991E-05
0.163502 0.817953 0.0185447
9.9991E-05 0.98593 0.01397
0.00464487 0.952557 0.0427981
9.9991E-05 0.93866 0.0612404
9.9991E-05 0.943613 0.0562867
9.9991E-05 0.975809 0.0240911
9.9991E-05 0.958779 0.041121
9.999E-05 0.9998 9.999E-05
0.125827 0.874073 9.9991E-05
0.0877362 0.851734 0.0605294
0.0985678 0.901332 9.9991E-05
0.0486027 0.940781 0.0106167
0.00750151 0.96154 0.030958
9.999E-05 0.9998 9.999E-05
0.0646166 0.935283 9.9991E-05
0.254441 0.745459 9.9991E-05
0.181895 0.818005 9.9991E-05
0.111611 0.888289 9.9991E-05
9.9991E-05 0.99456 0.00533958
9.9991E-05 0.890955 0.108945
9.9991E-05 0.937812 0.0620876
9.9991E-05 0.966037 0.0338631
9.9991E-05 0.700485 0.299415
9.9991E-05 0.612592 0.387308
0.0962445 0.903655 9.9991E-05
0.212176 0.787724 9.9991E-05
0.209374 0.790526 9.9991E-05
0.157901 0.841999 9.9991E-05
0.340726 0.659174 9.9991E-05
0.0117423 0.988158 9.9991E-05
0.161236 0.838664 9.9991E-05
9.9991E-05 0.986281 0.0136189
0.128973 0.870927 9.9991E-05
0.148244 0.851656 9.9991E-05
0.627736 9.9991E-05 0.372165
0.294937 9.9991E-05 0.704963
0.427808 9.9991E-05 0.572092
0.149946 0.105499 0.744555
9.9991E-05 0.146228 0.853672
0.0223497 0.0056263 0.972024
0.267122 0.00459138 0.728287
0.453795 9.9991E-05 0.546105
0.868908 9.9991E-05 0.130992
0.0816921 0.0834304 0.834877
9.999E-05 9.999E-05 0.9998
9.999E-05 9.999E-05 0.9998
9.9991E-05 0.0202947 0.979605
