0.0707808 0.336067 0.074551 9.9991E-05 0.362857 0.155644
0.0588223 0.285595 0.424361 9.9982E-05 0.231022 9.9982E-05
0.213916 0.196393 0.140974 9.9991E-05 0.292927 0.155689
9.9991E-05 0.216673 0.046887 0.00466888 0.587691 0.14398
0.456215 0.00261886 9.9991E-05 0.0265601 0.451167 0.0633392
9.9973E-05 0.158334 9.9973E-05 9.9973E-05 0.628243 0.213124
9.9964E-05 9.9964E-05 0.556431 0.443169 9.9964E-05 9.9964E-05
0.102323 9.9982E-05 0.317427 0.478922 9.9982E-05 0.101127
9.99639E-05 9.99639E-05 0.363253 0.636347 9.99639E-05 9.99639E-05
9.9973E-05 9.9973E-05 0.337112 0.618412 9.9973E-05 0.0441765
9.99729E-05 0.0362685 0.452575 0.510856 9.99729E-05 9.99729E-05
9.99639E-05 9.99639E-05 0.479762 0.519838 9.99639E-05 9.99639E-05
9.9964E-05 9.9964E-05 0.241193 0.758407 9.9964E-05 9.9964E-05
9.9973E-05 9.9973E-05 0.197882 0.758132 9.9973E-05 0.043686
9.9964E-05 9.9964E-05 0.418328 0.581272 9.9964E-05 9.9964E-05
9.9964E-05 9.9964E-05 0.494964 0.504636 9.9964E-05 9.9964E-05
0.337956 9.9982E-05 0.0504308 9.9982E-05 0.00840444 0.603009
0.108597 9.9982E-05 0.330946 9.9982E-05 0.00200699 0.55825
9.9991E-05 0.0987152 0.0546184 0.0500086 0.162162 0.634396
0.141237 9.9982E-05 9.9982E-05 0.028292 0.152444 0.677827
0.233612 9.9982E-05 0.164982 9.9982E-05 0.0441127 0.557093
9.9973E-05 9.9973E-05 0.140625 9.9973E-05 0.0962854 0.76279
0.0426501 0.26383 0.125962 0.0473176 0.159005 0.361235
9.9982E-05 0.436865 9.9982E-05 0.0962539 0.167529 0.299153
9.9982E-05 0.282439 9.9982E-05 0.0500197 0.181633 0.485709
9.9973E-05 0.307165 9.9973E-05 9.9973E-05 0.203851 0.488684
0.320286 9.9973E-05 9.9973E-05 0.081446 9.9973E-05 0.597968
0.297346 9.9982E-05 9.9982E-05 0.087422 0.243555 0.371477
0.587018 9.9973E-05 0.216057 9.9973E-05 9.9973E-05 0.196625
0.352067 0.00498199 0.283199 0.0258862 0.0585804 0.275286
9.9973E-05 9.9973E-05 0.480375 9.9973E-05 0.394142 0.125183
0.201969 9.9991E-05 0.180512 0.0435466 0.416045 0.157827
0.092007 9.9982E-05 0.104983 9.9982E-05 0.548467 0.254343
9.9982E-05 0.4158 9.9982E-05 0.0609631 0.0719058 0.451132
9.9982E-05 0.278888 0.274932 9.9982E-05 0.0347722 0.411208
0.208034 0.0574572 0.0518635 0.0454981 0.105475 0.531672
9.9982E-05 9.9982E-05 0.145063 0.291761 0.323935 0.239041
0.0333386 0.181182 9.9991E-05 0.119193 0.137697 0.528489
9.9991E-05 0.314174 0.0755253 0.0784532 0.0461843 0.485563
0.00195947 0.0499255 0.0210429 9.9991E-05 0.263988 0.662984
9.9982E-05 0.653606 0.0444099 9.9982E-05 0.267145 0.0346392
0.119045 0.382979 9.9991E-05 0.085644 0.33001 0.0822211
9.9991E-05 0.117038 0.0244305 0.115034 0.623179 0.120218
9.9973E-05 0.607896 9.9973E-05 0.154472 0.237332 9.9973E-05
9.9973E-05 0.340945 9.9973E-05 9.9973E-05 0.463745 0.19501
9.9982E-05 0.157565 0.0389267 9.9982E-05 0.490941 0.312367
9.9964E-05 9.9964E-05 0.298042 9.9964E-05 9.9964E-05 0.701558
0.0960227 9.9973E-05 0.560446 9.9973E-05 9.9973E-05 0.343232
0.0622029 9.9973E-05 0.667911 9.9973E-05 9.9973E-05 0.269586
0.203979 0.106242 0.398321 9.9982E-05 9.9982E-05 0.291258
0.0290443 9.9982E-05 0.401732 9.9982E-05 0.0150983 0.553925
9.9982E-05 0.405671 0.119848 0.0476674 9.9982E-05 0.426613
0.111864 9.9982E-05 0.126962 0.0139192 9.9982E-05 0.747055
9.9964E-05 0.422089 9.9964E-05 9.9964E-05 9.9964E-05 0.577511
9.9973E-05 0.421631 9.9973E-05 0.0188057 9.9973E-05 0.559264
0.0249696 0.115408 9.9991E-05 0.0179827 0.244972 0.596568
9.9991E-05 0.1567 0.195988 0.557395 0.00645442 0.0833617
0.0619043 0.0921104 0.0792276 0.676443 9.9991E-05 0.0902153
0.0511464 9.9973E-05 9.9973E-05 0.913758 0.0347955 9.9973E-05
9.9982E-05 0.0729122 0.157084 0.711625 9.9982E-05 0.0581787
9.9964E-05 9.9964E-05 0.191956 0.807644 9.9964E-05 9.9964E-05
0.0219576 9.9982E-05 0.143414 0.718334 9.9982E-05 0.116095
9.99639E-05 9.99639E-05 0.807548 0.192052 9.99639E-05 9.99639E-05
9.9982E-05 9.9982E-05 0.480582 0.421593 0.0723649 0.0252601
9.99729E-05 9.99729E-05 0.36856 0.615879 0.0152611 9.99729E-05
9.9964E-05 9.9964E-05 0.228979 0.770621 9.9964E-05 9.9964E-05
9.9973E-05 9.9973E-05 0.257765 0.628217 9.9973E-05 0.113719
9.99641E-05 0.0704284 9.99641E-05 0.929172 9.99641E-05 9.99641E-05
9.9982E-05 0.0315316 0.381886 0.568203 0.0181796 9.9982E-05
9.9982E-05 0.00122481 0.259196 0.697962 9.9982E-05 0.0414175
9.9982E-05 0.0125347 0.488654 0.416718 0.0818933 9.9982E-05
0.0188897 9.9982E-05 0.1563 0.711086 9.9982E-05 0.113525
0.00062215 9.9973E-05 0.472713 0.526365 9.9973E-05 9.9973E-05
0.0533918 9.9991E-05 0.0600978 0.795158 0.0166888 0.0745641
9.9982E-05 9.9982E-05 0.00120233 0.818043 0.0012148 0.17934
9.9982E-05 9.9982E-05 0.0958304 0.75338 0.054069 0.096521
9.9973E-05 9.9973E-05 0.185744 0.734933 0.0790228 9.9973E-05
0.0241361 9.9973E-05 9.9973E-05 0.953133 0.0224311 9.9973E-05
9.9973E-05 0.0602055 0.0836046 0.85589 9.9973E-05 9.9973E-05
9.99729E-05 9.99729E-05 0.433502 0.520545 9.99729E-05 0.045653
9.9982E-05 9.9982E-05 0.118965 0.744179 0.076784 0.0598718
0.734379 0.0494718 9.9991E-05 0.0259399 0.13279 0.0573191
0.249093 0.750507 9.9964E-05 9.9964E-05 9.9964E-05 9.9964E-05
0.301844 0.650892 9.9973E-05 0.0469639 9.9973E-05 9.9973E-05
0.703122 9.9991E-05 0.00183943 0.0640943 0.21608 0.0147639
0.714486 9.9982E-05 0.148608 9.9982E-05 0.00350585 0.1332
0.247764 9.99641E-05 0.751836 9.99641E-05 9.99641E-05 9.99641E-05
0.0830137 0.13899 0.234849 9.9982E-05 0.542947 9.9982E-05
0.0480122 0.194288 0.22716 9.9982E-05 0.53034 9.9982E-05
0.354927 9.9973E-05 0.0863834 9.9973E-05 0.558389 9.9973E-05
0.507734 0.0339896 0.210675 9.9982E-05 0.247402 9.9982E-05
0.173015 9.9973E-05 9.9973E-05 0.0479929 0.778692 9.9973E-05
9.9964E-05 9.9964E-05 9.9964E-05 9.9964E-05 0.992444 0.00715654
0.300749 9.9982E-05 9.9982E-05 0.00462083 0.625274 0.0691562
0.219613 9.9991E-05 0.0574126 0.00627624 0.712661 0.00393674
9.9964E-05 9.9964E-05 0.3146 9.9964E-05 0.685 9.9964E-05
0.0603189 0.0102107 0.0968285 9.9991E-05 0.74627 0.0862716
0.268456 9.9973E-05 9.9973E-05 0.0436478 0.687596 9.9973E-05
0.241362 9.9982E-05 9.9982E-05 0.0302743 0.692508 0.0356555
0.206357 0.231985 9.9991E-05 0.020572 0.513252 0.027735
0.584246 0.13862 0.14672 9.9982E-05 9.9982E-05 0.130213
0.561218 0.328753 9.9973E-05 9.9973E-05 0.109728 9.9973E-05
0.503131 0.458221 9.9973E-05 9.9973E-05 9.9973E-05 0.0383478
0.541356 0.449301 0.00904328 9.9973E-05 9.9973E-05 9.9973E-05
0.757146 9.9982E-05 0.156217 0.00237062 0.0840661 9.9982E-05
0.776503 9.9973E-05 9.9973E-05 9.9973E-05 0.105812 0.117385
0.717368 0.009308 9.9973E-05 9.9973E-05 9.9973E-05 0.273024
0.903347 9.9973E-05 9.9973E-05 0.0239422 9.9973E-05 0.0724106
0.787246 9.9973E-05 9.9973E-05 0.0711992 0.141255 9.9973E-05
0.691521 9.9964E-05 9.9964E-05 9.9964E-05 0.308079 9.9964E-05
0.662526 0.130051 9.9991E-05 0.0130018 0.171645 0.0226756
0.839766 0.0548149 9.9973E-05 9.9973E-05 0.105119 9.9973E-05
0.458797 0.213681 0.0478498 9.9991E-05 0.255521 0.0240505
0.595735 0.175663 9.9991E-05 0.0229357 0.114528 0.0910384
0.573428 0.089984 0.0957577 9.9991E-05 0.233192 0.00753807
0.650647 0.0249365 0.0238315 9.9991E-05 0.26678 0.0337051
0.685822 0.151266 0.0023414 0.0165771 0.12406 0.0199328
0.848464 0.0946615 9.9982E-05 9.9982E-05 0.00644213 0.0502321
0.742661 9.9973E-05 0.0712663 9.9973E-05 0.185773 9.9973E-05
0.359382 0.549163 0.0911554 9.9973E-05 9.9973E-05 9.9973E-05
0.369383 0.444524 0.0953755 9.9982E-05 0.090518 9.9982E-05
0.605395 0.298468 0.0440191 9.9982E-05 0.051918 9.9982E-05
0.681079 0.0584449 9.9973E-05 9.9973E-05 0.260176 9.9973E-05
0.67125 9.9982E-05 9.9982E-05 0.0677075 0.210242 0.0506006
0.625203 0.112735 9.9982E-05 0.0224989 0.239363 9.9982E-05
0.871112 0.000465655 9.9991E-05 0.0171877 0.0994097 0.011725
0.65674 0.000100419 9.9973E-05 0.34286 9.9973E-05 9.9973E-05
0.628055 9.9973E-05 9.9973E-05 0.359522 0.0121233 9.9973E-05
0.904729 9.9973E-05 0.0833911 9.9973E-05 0.0115801 9.9973E-05
0.466767 0.401912 0.131021 9.9973E-05 9.9973E-05 9.9973E-05
0.502877 0.314924 0.138561 9.9982E-05 0.0434383 9.9982E-05
0.446946 0.456793 0.0485462 9.9982E-05 0.0475151 9.9982E-05
0.229486 0.691896 0.0783188 9.9973E-05 9.9973E-05 9.9973E-05
0.973858 9.9964E-05 9.9964E-05 0.0257421 9.9964E-05 9.9964E-05
0.458917 0.490363 0.029603 9.9982E-05 0.0209171 9.9982E-05
0.54658 0.300805 9.9973E-05 9.9973E-05 0.152316 9.9973E-05
0.496307 0.234189 0.0946127 9.9982E-05 0.174692 9.9982E-05
0.715529 0.148819 0.135352 9.9973E-05 9.9973E-05 9.9973E-05
9.9973E-05 0.067158 0.544615 0.387927 9.9973E-05 9.9973E-05
9.9964E-05 9.9964E-05 0.281176 0.718424 9.9964E-05 9.9964E-05
9.99729E-05 9.99729E-05 0.402687 0.591208 9.99729E-05 0.00580457
0.00627093 9.9991E-05 0.152731 0.748483 0.0898115 0.00260337
0.0558611 9.9982E-05 0.0408018 0.801875 0.101262 9.9982E-05
0.0196069 9.9973E-05 0.0486206 0.931473 9.9973E-05 9.9973E-05
9.9973E-05 0.0485424 0.270873 0.680285 9.9973E-05 9.9973E-05
9.99639E-05 9.99639E-05 0.459393 0.540207 9.99639E-05 9.99639E-05
9.99641E-05 9.99641E-05 0.865746 0.133854 9.99641E-05 9.99641E-05
0.113217 9.9973E-05 0.0886674 0.797816 9.9973E-05 9.9973E-05
9.99641E-05 9.99641E-05 9.99641E-05 0.951652 9.99641E-05 0.0479479
9.9973E-05 9.9973E-05 9.9973E-05 0.926153 0.00048078 0.0730662
0.00244947 9.9982E-05 9.9982E-05 0.921166 0.0465665 0.0296179
