0.505543 9.9991E-05 0.180763 0.277388 0.0116229 0.0116475 0.0129348
0.116738 9.9982E-05 0.292313 0.150954 9.9982E-05 0.3542 0.0855955
0.289767 9.9982E-05 0.0128939 0.444961 9.9982E-05 0.149044 0.103134
0.366223 0.017404 0.136595 0.298825 9.9991E-05 0.0233544 0.157499
0.263897 9.9955E-05 9.9955E-05 0.735603 9.9955E-05 9.9955E-05 9.9955E-05
0.445237 9.9973E-05 0.0221432 0.417584 9.9973E-05 9.9973E-05 0.114736
9.9973E-05 9.9973E-05 0.01831 9.9973E-05 0.675784 0.242575 0.0630315
9.9982E-05 9.9982E-05 0.0641333 0.117377 0.637102 0.0938292 0.0873582
9.9982E-05 9.9982E-05 0.0504811 0.00611322 0.832311 0.0997561 0.0111385
9.9973E-05 9.9973E-05 0.0260601 9.9973E-05 0.872885 0.0443586 0.0563967
9.99639E-05 9.99639E-05 0.0543774 9.99639E-05 0.684797 0.260426 9.99639E-05
0.0204501 0.0543616 9.9982E-05 0.000460709 0.40531 0.519217 9.9982E-05
9.9973E-05 0.188405 9.9973E-05 0.0393014 0.723838 0.0481557 9.9973E-05
9.9964E-05 0.137888 9.9964E-05 9.9964E-05 0.828302 9.9964E-05 0.0334101
9.9973E-05 9.9973E-05 0.0042154 9.9973E-05 0.772955 0.170771 0.0517592
9.99641E-05 9.99641E-05 0.00171417 9.99641E-05 0.616123 0.381763 9.99641E-05
0.42669 0.00931203 9.9982E-05 0.32529 9.9982E-05 0.0419917 0.196516
0.0674956 0.0843923 0.0300876 0.08424 9.9991E-05 0.0165452 0.717139
0.641496 0.106366 9.9982E-05 0.013352 9.9982E-05 0.0214608 0.217126
0.489191 0.0817485 9.9973E-05 0.23878 9.9973E-05 9.9973E-05 0.189981
0.165981 0.0314229 9.9973E-05 0.289066 9.9973E-05 9.9973E-05 0.51323
0.409885 0.0465621 9.99639E-05 9.99639E-05 9.99639E-05 9.99639E-05 0.543153
0.531676 9.9973E-05 0.118345 0.107585 9.9973E-05 0.242094 9.9973E-05
0.64146 9.9973E-05 0.138292 0.206677 9.9973E-05 0.0132712 9.9973E-05
0.835398 9.99641E-05 9.99641E-05 0.139597 0.0246052 9.99641E-05 9.99641E-05
0.707295 9.9973E-05 0.121945 0.0979056 9.9973E-05 9.9973E-05 0.0725549
0.47249 0.118412 9.9973E-05 0.348382 9.9973E-05 9.9973E-05 0.060416
0.463447 0.0454047 9.9973E-05 0.4364 0.0544487 9.9973E-05 9.9973E-05
9.997E-05 9.997E-05 0.231828 0.375027 0.0951792 9.997E-05 0.297666
9.997E-05 9.997E-05 0.14724 0.284327 0.167569 9.997E-05 0.400565
0.0841933 9.9973E-05 9.9973E-05 0.112541 9.9973E-05 0.393767 0.409198
0.0658126 9.9973E-05 9.9973E-05 0.481015 9.9973E-05 0.211751 0.241122
0.249119 9.9964E-05 9.9964E-05 0.427128 9.9964E-05 9.9964E-05 0.323353
0.836035 9.9964E-05 0.102553 9.9964E-05 0.0610122 9.9964E-05 9.9964E-05
0.652877 9.9955E-05 9.9955E-05 9.9955E-05 9.9955E-05 0.346624 9.9955E-05
0.531552 0.0191099 9.9982E-05 0.231368 9.9982E-05 0.0846565 0.133114
0.445565 0.224048 9.9973E-05 9.9973E-05 9.9973E-05 0.286831 0.0432569
0.723539 0.0859362 9.9982E-05 0.0982442 9.9982E-05 0.0870431 0.00503785
0.601424 0.0206418 0.113458 9.9991E-05 0.0590458 0.0515554 0.153775
0.618116 0.0535745 9.9982E-05 0.094512 0.015057 9.9982E-05 0.21854
0.445 9.99641E-05 0.523404 9.99641E-05 9.99641E-05 9.99641E-05 0.0311962
0.303435 0.116419 0.257235 0.275086 9.9982E-05 9.9982E-05 0.0476259
0.304722 0.101417 9.9973E-05 0.382407 9.9973E-05 9.9973E-05 0.211155
0.238378 0.174225 0.537268 0.0498297 9.9973E-05 9.9973E-05 9.9973E-05
0.478739 9.9982E-05 0.185559 0.234185 0.0382304 9.9982E-05 0.0630859
0.624099 9.9964E-05 9.9964E-05 0.194407 9.9964E-05 9.9964E-05 0.181094
0.184579 0.0703056 9.9964E-05 9.9964E-05 9.9964E-05 9.9964E-05 0.744715
9.9964E-05 9.9964E-05 0.191774 9.9964E-05 9.9964E-05 0.107617 0.700209
9.9964E-05 9.9964E-05 0.0957996 9.9964E-05 9.9964E-05 0.0930531 0.810747
9.9955E-05 9.9955E-05 0.389388 9.9955E-05 9.9955E-05 9.9955E-05 0.610112
0.0838864 0.0442501 9.9973E-05 0.0636872 9.9973E-05 9.9973E-05 0.807876
0.352365 0.0650891 0.341278 9.9982E-05 0.0428014 9.9982E-05 0.198266
0.334149 0.093815 9.9973E-05 0.0600263 9.9973E-05 9.9973E-05 0.51171
0.598337 0.0352514 0.239188 9.9973E-05 9.9973E-05 9.9973E-05 0.126923
0.532061 9.9973E-05 0.285756 9.9973E-05 0.0612594 9.9973E-05 0.120623
0.613708 0.0583232 9.9973E-05 0.230245 9.9973E-05 9.9973E-05 0.0974243
0.216201 0.092486 0.100838 9.9982E-05 0.551017 0.0392587 9.9982E-05
0.146173 0.134621 9.9973E-05 0.0286385 0.690267 9.9973E-05 9.9973E-05
0.00920977 0.901208 0.0891826 9.9964E-05 9.9964E-05 9.9964E-05 9.9964E-05
9.998E-05 0.496021 0.13231 9.998E-05 0.23845 0.040515 0.0925049
9.9973E-05 0.56695 0.0102807 9.9973E-05 0.238148 0.184322 9.9973E-05
9.9973E-05 0.690785 0.0374439 9.9973E-05 9.9973E-05 0.139078 0.132394
9.99639E-05 9.99639E-05 9.99639E-05 9.99639E-05 0.132686 0.768255 0.0986597
0.0641666 0.236096 9.99639E-05 9.99639E-05 9.99639E-05 0.699337 9.99639E-05
9.9973E-05 0.0439728 9.9973E-05 0.0641682 0.614213 0.277346 9.9973E-05
9.9964E-05 0.0293715 9.9964E-05 9.9964E-05 0.94577 9.9964E-05 0.0244583
0.170473 0.124223 9.9982E-05 9.9982E-05 0.519997 0.142798 0.0423088
0.065892 0.491365 9.99641E-05 9.99641E-05 0.442343 9.99641E-05 9.99641E-05
0.114723 0.179909 9.9973E-05 9.9973E-05 0.283255 0.421814 9.9973E-05
0.0453543 0.392729 9.9973E-05 9.9973E-05 0.246801 0.314816 9.9973E-05
0.102759 0.13881 9.9973E-05 9.9973E-05 0.121977 0.636154 9.9973E-05
0.096895 0.39239 9.9982E-05 0.0023063 0.352425 0.155783 9.9982E-05
9.9973E-05 0.12759 9.9973E-05 0.0334869 0.198056 0.640567 9.9973E-05
9.9982E-05 0.730451 9.9982E-05 0.002407 0.00545735 0.168902 0.0925822
0.114399 0.644835 9.9964E-05 9.9964E-05 0.240366 9.9964E-05 9.9964E-05
9.9964E-05 0.750976 9.9964E-05 9.9964E-05 9.9964E-05 0.11003 0.138594
9.9973E-05 0.636116 9.9973E-05 0.0344569 0.0269711 0.302156 9.9973E-05
9.9955E-05 0.958122 9.9955E-05 0.0413777 9.9955E-05 9.9955E-05 9.9955E-05
9.9973E-05 0.551355 0.0135966 9.9973E-05 0.380558 0.054191 9.9973E-05
9.997E-05 0.234374 9.997E-05 9.997E-05 0.22488 0.456178 0.0842681
9.9982E-05 0.691523 9.9982E-05 0.010657 0.139463 0.00664517 0.151512
0.032511 0.0634597 0.104461 0.786628 9.9982E-05 9.9982E-05 0.0127402
9.9964E-05 0.0870701 0.862867 0.0496628 9.9964E-05 9.9964E-05 9.9964E-05
9.9964E-05 0.113028 0.716112 0.17046 9.9964E-05 9.9964E-05 9.9964E-05
9.9964E-05 9.9964E-05 9.9964E-05 0.827359 0.0603972 9.9964E-05 0.111844
9.9973E-05 9.9973E-05 0.144652 0.542272 0.0379301 9.9973E-05 0.274846
9.996E-05 9.996E-05 0.370497 9.996E-05 9.996E-05 0.248312 0.380791
0.0209925 0.0169136 0.144494 0.494589 9.9991E-05 0.238846 0.0840653
0.0975491 9.9982E-05 0.282542 0.28881 9.9982E-05 0.162168 0.168731
9.9973E-05 9.9973E-05 0.0341733 0.768769 9.9973E-05 0.0845621 0.112196
9.9973E-05 9.9973E-05 0.276598 0.510599 9.9973E-05 0.183809 0.0286943
0.00893493 0.120795 9.9973E-05 0.820687 9.9973E-05 0.049283 9.9973E-05
0.319237 0.0354318 9.9964E-05 0.644931 9.9964E-05 9.9964E-05 9.9964E-05
0.196013 9.9973E-05 9.9973E-05 0.710949 0.0724415 9.9973E-05 0.0202962
0.127492 0.0115257 9.9982E-05 0.650671 9.9982E-05 0.115251 0.0948597
9.9964E-05 9.9964E-05 9.9964E-05 0.451314 9.9964E-05 0.0991321 0.449154
0.312995 9.9973E-05 9.9973E-05 0.488573 9.9973E-05 0.0025711 0.195561
0.134805 0.0410314 9.9982E-05 0.77223 0.0275295 0.0242042 9.9982E-05
0.175429 0.0308442 9.9973E-05 0.737268 9.9973E-05 0.0561595 9.9973E-05
0.235619 9.9982E-05 0.141874 0.547498 0.023852 0.0509571 9.9982E-05
9.997E-05 9.997E-05 0.371914 0.379478 0.0207138 9.997E-05 0.227595
0.0481552 9.9973E-05 0.432805 0.476663 9.9973E-05 9.9973E-05 0.0420762
0.0516387 0.00970098 0.51661 0.393886 9.9982E-05 9.9982E-05 0.0279635
9.9964E-05 9.9964E-05 0.613886 0.35756 0.0281542 9.9964E-05 9.9964E-05
9.9973E-05 9.9973E-05 0.0329474 0.733292 9.9973E-05 0.0422275 0.191233
0.0690275 9.9964E-05 9.9964E-05 0.833603 9.9964E-05 9.9964E-05 0.0969699
0.12518 9.9973E-05 0.0842289 0.638684 9.9973E-05 9.9973E-05 0.151608
9.9973E-05 9.9973E-05 0.0255688 0.896478 0.0115181 9.9973E-05 0.0661347
9.9973E-05 0.018166 9.9973E-05 0.906896 9.9973E-05 0.00512194 0.0695165
0.0537418 9.9973E-05 0.099117 0.829521 9.9973E-05 0.0173204 9.9973E-05
0.0839056 0.00862414 0.0496377 0.857533 9.9973E-05 9.9973E-05 9.9973E-05
0.0114118 9.9964E-05 0.15469 0.833498 9.9964E-05 9.9964E-05 9.9964E-05
0.0993917 9.9973E-05 0.316558 0.468631 9.9973E-05 9.9973E-05 0.11512
9.9973E-05 0.08764 0.353174 0.465365 9.9973E-05 9.9973E-05 0.0935209
0.0839538 9.9982E-05 0.226914 0.616353 9.9982E-05 0.0108373 0.0617425
9.99641E-05 9.99641E-05 9.99641E-05 0.882075 9.99641E-05 0.0466518 0.0708735
9.9973E-05 9.9973E-05 0.271396 0.665888 0.0125673 9.9973E-05 0.0498483
0.0233559 0.013413 0.150008 0.812923 9.9973E-05 9.9973E-05 9.9973E-05
9.9982E-05 9.9982E-05 0.178109 0.729094 0.00134654 0.00709801 0.0841528
0.0324782 9.997E-05 0.548811 0.294185 9.997E-05 0.124226 9.997E-05
9.9964E-05 9.9964E-05 0.563834 0.318172 9.9964E-05 0.117594 9.9964E-05
9.9964E-05 9.9964E-05 0.38761 0.514068 9.9964E-05 0.0979224 9.9964E-05
9.99551E-05 9.99551E-05 0.119018 0.880482 9.99551E-05 9.99551E-05 9.99551E-05
0.0447509 9.9982E-05 0.105167 0.764203 0.0630999 0.0225788 9.9982E-05
0.0637566 0.0269928 0.185794 0.701487 9.9982E-05 0.0217698 9.9982E-05
9.9973E-05 9.9973E-05 0.141389 0.808265 9.9973E-05 0.0257042 0.0243421
0.0852768 0.0933853 0.0804489 0.563739 0.17695 9.9982E-05 9.9982E-05
9.9982E-05 0.259705 0.0220179 0.614369 0.0447048 0.0590031 9.9982E-05
9.9973E-05 9.9973E-05 0.231974 0.689419 9.9973E-05 0.00900042 0.0693065
9.9973E-05 9.9973E-05 0.67719 0.274171 9.9973E-05 0.00388365 0.0444555
9.9973E-05 9.9973E-05 0.397725 0.476437 0.0157891 0.109749 9.9973E-05
0.0120912 9.997E-05 0.558428 0.366378 0.0628032 9.997E-05 9.997E-05
0.00974605 9.9964E-05 0.918321 9.9964E-05 9.9964E-05 9.9964E-05 0.0715327
9.9964E-05 9.9964E-05 0.189612 0.738645 9.9964E-05 9.9964E-05 0.0713429
0.0192183 9.9973E-05 0.66001 0.284073 0.0363985 9.9973E-05 9.9973E-05
0.0175875 9.997E-05 0.296083 0.658436 0.0275935 9.997E-05 9.997E-05
0.0460993 9.997E-05 0.379493 0.452545 9.997E-05 9.997E-05 0.121562
9.9964E-05 9.9964E-05 0.459529 0.446989 9.9964E-05 0.0930816 9.9964E-05
9.997E-05 0.179383 0.090681 9.997E-05 9.997E-05 0.723644 0.0059921
9.9991E-05 0.394418 0.0178933 0.00747786 0.346562 0.226244 0.00730414
9.998E-05 0.241271 0.0347612 9.998E-05 0.347509 0.283621 0.0926391
9.998E-05 0.579414 0.153134 9.998E-05 0.173544 0.0093334 0.084375
9.9973E-05 0.638807 9.9973E-05 0.115003 0.14511 0.100781 9.9973E-05
9.9964E-05 0.814564 9.9964E-05 9.9964E-05 0.119607 0.0654286 9.9964E-05
0.0280697 0.390536 9.9973E-05 9.9973E-05 0.225749 0.355345 9.9973E-05
9.9964E-05 0.231683 9.9964E-05 9.9964E-05 0.212605 0.555312 9.9964E-05
9.99551E-05 9.99551E-05 0.0177578 9.99551E-05 9.99551E-05 0.981742 9.99551E-05
9.9973E-05 0.682308 9.9973E-05 0.0750378 0.0872528 0.155102 9.9973E-05
0.058942 0.867626 9.99641E-05 9.99641E-05 0.0730318 9.99641E-05 9.99641E-05
0.0492489 0.950251 9.9955E-05 9.9955E-05 9.9955E-05 9.9955E-05 9.9955E-05
0.0223427 0.88177 9.9982E-05 0.0393683 0.0452023 9.9982E-05 0.0111171
