0.216666 9.9982E-05 0.0062738 0.00759845 0.281708 9.9982E-05 0.327966 0.159587
0.37736 0.0286098 0.2973 9.9982E-05 0.220027 9.9982E-05 0.0614748 0.0150283
0.0192995 0.0367609 0.132424 9.9982E-05 0.341706 9.9982E-05 0.17844 0.291169
0.159391 0.0188178 9.9991E-05 0.0378387 0.694135 0.033934 0.0374921 0.0182909
9.9964E-05 9.9964E-05 9.9964E-05 9.9964E-05 0.222349 0.0184714 0.154489 0.604291
0.0386404 0.0127953 9.9982E-05 9.9982E-05 0.584943 0.0197965 0.230862 0.112763
0.00208703 0.103777 0.280001 0.613735 9.9964E-05 9.9964E-05 9.9964E-05 9.9964E-05
0.0913998 0.0859251 0.0907857 0.552226 9.9982E-05 0.0748214 9.9982E-05 0.104642
0.055012 9.9964E-05 0.0322245 0.897128 0.0152356 9.9964E-05 9.9964E-05 9.9964E-05
9.9964E-05 0.0716368 0.0718076 0.851524 9.9964E-05 9.9964E-05 0.00463169 9.9964E-05
0.0218923 9.99549E-05 0.222987 0.754621 9.99549E-05 9.99549E-05 9.99549E-05 9.99549E-05
9.99729E-05 9.99729E-05 0.522547 0.358543 9.99729E-05 0.0158403 0.0702376 0.0325325
9.9964E-05 9.9964E-05 0.0645012 0.73216 9.9964E-05 0.163214 9.9964E-05 0.0397254
9.99551E-05 9.99551E-05 9.99551E-05 0.897549 9.99551E-05 0.0827873 0.0191635 9.99551E-05
9.9955E-05 0.121872 0.0973935 0.780234 9.9955E-05 9.9955E-05 9.9955E-05 9.9955E-05
0.0385929 0.0706917 0.269486 0.620829 9.99641E-05 9.99641E-05 9.99641E-05 9.99641E-05
9.9964E-05 0.184399 0.0194732 9.9964E-05 9.9964E-05 9.9964E-05 0.419571 0.376157
9.9982E-05 0.64296 0.0316659 9.9982E-05 0.134803 0.0518721 0.050346 0.0881524
9.9973E-05 0.223008 0.019886 9.9973E-05 0.140848 0.0529307 0.563027 9.9973E-05
9.9973E-05 0.205008 9.9973E-05 9.9973E-05 0.243275 0.03762 0.335134 0.178662
9.9973E-05 0.476779 9.9973E-05 0.0396916 0.14649 9.9973E-05 0.0987672 0.237972
9.99639E-05 0.470018 9.99639E-05 9.99639E-05 0.231042 0.0251857 0.273354 9.99639E-05
0.124763 9.9964E-05 0.19673 9.9964E-05 9.9964E-05 9.9964E-05 0.516828 0.161279
0.0574248 9.9964E-05 0.023272 9.9964E-05 9.9964E-05 9.9964E-05 0.644079 0.274825
9.9955E-05 9.9955E-05 9.9955E-05 9.9955E-05 0.101632 9.9955E-05 0.792039 0.105829
0.143133 0.00131774 9.9964E-05 9.9964E-05 0.415135 9.9964E-05 0.440015 9.9964E-05
9.9964E-05 0.0700497 9.9964E-05 9.9964E-05 9.9964E-05 0.118451 0.434786 0.376313
9.9973E-05 9.9973E-05 9.9973E-05 0.0200065 0.130115 0.0720766 0.390563 0.386939
0.165729 0.247224 9.9973E-05 0.112502 9.9973E-05 9.9973E-05 0.0348599 0.439385
0.152193 0.368153 9.9973E-05 0.112293 0.125437 9.9973E-05 9.9973E-05 0.241623
9.9955E-05 0.274636 0.305225 9.9955E-05 0.419639 9.9955E-05 9.9955E-05 9.9955E-05
9.9973E-05 0.16489 0.194805 9.9973E-05 0.37673 0.00123011 9.9973E-05 0.262045
9.9964E-05 0.245996 9.9964E-05 9.9964E-05 0.49637 9.9964E-05 0.0906304 0.166604
0.0757833 9.9964E-05 9.9964E-05 0.0406469 0.0522954 9.9964E-05 0.830875 9.9964E-05
0.0456821 9.99549E-05 0.295695 9.99549E-05 9.99549E-05 9.99549E-05 0.658123 9.99549E-05
9.9982E-05 0.115155 0.060762 9.9982E-05 0.108998 0.0155454 0.434495 0.264845
9.9964E-05 9.9964E-05 0.29643 9.9964E-05 0.160502 0.192293 0.350375 9.9964E-05
9.9973E-05 9.9973E-05 0.0293288 9.9973E-05 0.0317429 0.0817722 0.692434 0.164422
0.109378 0.127081 9.9973E-05 0.0719371 0.250353 9.9973E-05 0.440951 9.9973E-05
9.9973E-05 0.140338 9.9973E-05 9.9973E-05 0.209793 0.037336 0.546898 0.0653354
0.493194 9.9955E-05 9.9955E-05 9.9955E-05 0.482399 9.9955E-05 0.023907 9.9955E-05
0.174944 9.9973E-05 9.9973E-05 9.9973E-05 0.525664 0.0929981 0.0804656 0.125628
9.9982E-05 0.0874959 0.0276558 9.9982E-05 0.71426 0.114352 0.0276348 0.0284016
0.539933 9.9964E-05 9.9964E-05 9.9964E-05 0.236822 0.166513 0.0563322 9.9964E-05
0.198738 9.9964E-05 9.9964E-05 0.0292983 0.691864 9.9964E-05 0.0796995 9.9964E-05
9.9964E-05 0.0922813 0.0271224 9.9964E-05 0.729472 9.9964E-05 0.150724 9.9964E-05
9.995E-05 0.686152 9.995E-05 9.995E-05 9.995E-05 0.0626256 0.250723 9.995E-05
0.182211 0.678846 0.138443 9.99549E-05 9.99549E-05 9.99549E-05 9.99549E-05 9.99549E-05
0.145039 0.792289 0.0621722 9.9955E-05 9.9955E-05 9.9955E-05 9.9955E-05 9.9955E-05
0.358946 0.640454 9.9946E-05 9.9946E-05 9.9946E-05 9.9946E-05 9.9946E-05 9.9946E-05
9.9982E-05 0.794207 9.9982E-05 0.0196294 0.102311 0.0135087 0.060529 0.0096152
0.276251 0.255201 9.9973E-05 0.0676839 9.9973E-05 0.0281824 0.372382 9.9973E-05
9.9964E-05 0.508841 9.9964E-05 9.9964E-05 9.9964E-05 0.0949082 0.356183 0.0396676
0.227929 0.120794 9.9973E-05 9.9973E-05 0.0620375 0.021479 0.567461 9.9973E-05
0.327606 0.11446 9.9973E-05 0.0541894 9.9973E-05 0.00708364 0.496361 9.9973E-05
9.9973E-05 0.0321757 9.9973E-05 9.9973E-05 0.349475 0.110872 0.391548 0.115629
0.0835553 9.9973E-05 0.101856 0.441634 9.9973E-05 0.182492 0.190163 9.9973E-05
9.9964E-05 9.9964E-05 9.9964E-05 0.668309 9.9964E-05 0.12349 0.125167 0.0826339
0.0871832 9.9955E-05 9.9955E-05 9.9955E-05 9.9955E-05 0.893651 0.0186664 9.9955E-05
0.116016 0.056519 0.137111 0.201368 9.9973E-05 0.488686 9.9973E-05 9.9973E-05
0.00394676 9.9964E-05 0.295793 0.0896311 9.9964E-05 0.61023 9.9964E-05 9.9964E-05
0.0488627 0.110277 0.151871 9.99639E-05 9.99639E-05 0.688589 9.99639E-05 9.99639E-05
9.9955E-05 0.0921813 0.89372 0.0135987 9.9955E-05 9.9955E-05 9.9955E-05 9.9955E-05
9.9964E-05 9.9964E-05 0.714584 9.9964E-05 0.0068064 0.19741 0.0807996 9.9964E-05
9.9973E-05 9.9973E-05 0.34743 0.572192 0.00159083 0.0631027 9.9973E-05 0.0153852
9.9955E-05 0.0391697 9.9955E-05 0.879612 9.9955E-05 0.080718 9.9955E-05 9.9955E-05
9.9991E-05 0.00293061 0.231519 0.401955 0.0145931 0.157718 0.152821 0.0383635
9.99551E-05 9.99551E-05 9.99551E-05 0.528054 9.99551E-05 0.37493 0.0965166 9.99551E-05
9.9964E-05 9.9964E-05 0.488171 0.205542 9.9964E-05 0.200488 0.105399 9.9964E-05
9.9964E-05 9.9964E-05 0.279574 0.238903 9.9964E-05 0.368362 0.112762 9.9964E-05
9.9973E-05 9.9973E-05 0.62371 0.176944 9.9973E-05 0.0748344 0.119201 0.00500968
9.9964E-05 9.9964E-05 0.254161 0.199808 9.9964E-05 0.447776 0.0978544 9.9964E-05
9.9973E-05 9.9973E-05 0.7079 0.12089 9.9973E-05 0.121506 0.0393784 0.0100259
9.9982E-05 0.0999376 0.147854 0.0322256 0.00112516 0.694315 9.9982E-05 0.0243422
9.9991E-05 0.00385509 0.0455567 0.131443 0.0803619 0.613326 0.115086 0.0102705
9.9964E-05 0.0792259 0.16996 9.9964E-05 0.0257781 0.724636 9.9964E-05 9.9964E-05
9.9964E-05 9.9964E-05 0.279528 0.0117095 0.082884 0.625479 9.9964E-05 9.9964E-05
0.0137522 9.99551E-05 9.99551E-05 9.99551E-05 0.0354086 0.950339 9.99551E-05 9.99551E-05
0.0324787 0.00238036 0.0544855 0.356213 9.9973E-05 0.554143 9.9973E-05 9.9973E-05
9.99639E-05 0.0739795 0.570733 0.11694 9.99639E-05 0.237948 9.99639E-05 9.99639E-05
9.9973E-05 0.0848111 0.102676 0.0799324 0.0884709 0.64381 9.9973E-05 9.9973E-05
9.99731E-05 0.0599609 9.99731E-05 9.99731E-05 0.00738998 0.0265743 0.0672753 0.8385
0.827955 9.9955E-05 9.9955E-05 9.9955E-05 9.9955E-05 0.117315 9.9955E-05 0.0542296
0.702521 9.9955E-05 9.9955E-05 9.9955E-05 9.9955E-05 0.097956 9.9955E-05 0.199024
9.9964E-05 0.117498 9.9964E-05 0.0604865 0.0450437 9.9964E-05 9.9964E-05 0.776572
0.146817 0.256356 9.9964E-05 0.036376 9.9964E-05 9.9964E-05 9.9964E-05 0.560051
0.345668 0.397629 0.256203 9.99551E-05 9.99551E-05 9.99551E-05 9.99551E-05 9.99551E-05
0.226011 0.0436608 0.145197 9.99731E-05 0.4696 9.99731E-05 9.99731E-05 0.115232
0.378057 0.0299389 0.00580856 0.10414 0.481755 9.9973E-05 9.9973E-05 9.9973E-05
0.0332039 0.060332 0.0452829 9.997E-05 0.434608 9.997E-05 9.997E-05 0.426273
0.31154 0.0989536 0.0743749 9.9973E-05 0.125797 9.9973E-05 9.9973E-05 0.389035
9.9955E-05 9.9955E-05 9.9955E-05 9.9955E-05 0.611281 0.0628641 9.9955E-05 0.325355
9.9964E-05 9.9964E-05 9.9964E-05 9.9964E-05 0.80146 0.0243447 0.00527317 0.168522
9.99639E-05 9.99639E-05 9.99639E-05 0.0671661 0.539762 9.99639E-05 0.0208203 0.371852
0.0461658 9.9973E-05 0.0784751 9.9973E-05 0.593552 0.0236488 9.9973E-05 0.257858
9.99639E-05 0.275152 0.115997 9.99639E-05 0.571366 9.99639E-05 9.99639E-05 0.0370856
0.0229043 0.055489 0.0421669 0.0190066 0.640694 9.9991E-05 0.026128 0.193511
9.9964E-05 9.9964E-05 9.9964E-05 0.00257306 0.561104 0.0501463 9.9964E-05 0.385777
9.9964E-05 9.9964E-05 0.0421607 9.9964E-05 0.559093 0.0269424 9.9964E-05 0.371404
0.227582 9.99729E-05 9.99729E-05 0.0585387 0.410021 9.99729E-05 0.0719204 0.231638
0.365297 0.196604 9.9973E-05 0.038579 0.0326054 9.9973E-05 9.9973E-05 0.366615
0.326446 0.0806252 9.9964E-05 9.9964E-05 0.112354 9.9964E-05 9.9964E-05 0.480175
0.483074 0.054184 9.9964E-05 9.9964E-05 9.9964E-05 9.9964E-05 0.0896729 0.372669
0.591811 9.9946E-05 9.9946E-05 9.9946E-05 9.9946E-05 9.9946E-05 9.9946E-05 0.40759
9.9955E-05 0.15564 0.0474902 9.9955E-05 9.9955E-05 9.9955E-05 9.9955E-05 0.79637
9.9955E-05 0.0354597 9.9955E-05 9.9955E-05 9.9955E-05 9.9955E-05 0.101563 0.862477
9.9955E-05 0.140601 9.9955E-05 9.9955E-05 9.9955E-05 9.9955E-05 0.187077 0.671822
9.9955E-05 0.0717501 9.9955E-05 0.0197691 9.9955E-05 9.9955E-05 9.9955E-05 0.907981
9.9982E-05 0.0526974 0.0300834 0.0197307 0.0169612 9.9982E-05 0.0036565 0.876671
0.0687124 9.9955E-05 9.9955E-05 9.9955E-05 0.133262 9.9955E-05 9.9955E-05 0.797526
9.9964E-05 9.9964E-05 9.9964E-05 9.9964E-05 0.0141137 0.00396422 0.128213 0.853309
0.0394828 9.9964E-05 9.9964E-05 9.9964E-05 0.0329607 9.9964E-05 0.0211333 0.906023
0.287962 0.0868198 9.99639E-05 9.99639E-05 0.284352 9.99639E-05 9.99639E-05 0.340466
0.34545 0.101523 9.9973E-05 9.9973E-05 0.0562096 0.0610369 9.9973E-05 0.435481
0.141407 0.03806 0.00613806 9.9982E-05 0.180714 9.9982E-05 0.0581578 0.575323
0.0354295 0.0360029 0.0522865 9.9982E-05 0.0493307 9.9982E-05 0.0300002 0.79675
0.115454 0.0920868 9.9973E-05 0.000726112 0.0173341 9.9973E-05 9.9973E-05 0.774099
0.145159 9.9955E-05 9.9955E-05 9.9955E-05 9.9955E-05 9.9955E-05 0.0349131 0.819428
0.105423 0.0338569 0.0134499 9.9973E-05 0.105959 9.9973E-05 9.9973E-05 0.741012
0.589892 9.9964E-05 0.0830248 9.9964E-05 9.9964E-05 9.9964E-05 0.0490975 0.277586
0.507409 9.9955E-05 0.0814994 9.9955E-05 9.9955E-05 9.9955E-05 9.9955E-05 0.410592
0.31406 9.99641E-05 0.0629115 9.99641E-05 9.99641E-05 9.99641E-05 0.0415501 0.581078
0.0469883 9.9955E-05 9.9955E-05 9.9955E-05 0.143166 9.9955E-05 9.9955E-05 0.809346
0.0385917 9.9982E-05 0.0151234 9.9982E-05 0.138226 0.0552539 0.0385672 0.714037
0.103543 9.9973E-05 9.9973E-05 9.9973E-05 0.037387 0.00739191 0.110708 0.74067
0.0409101 0.0115566 0.0345337 9.9973E-05 9.9973E-05 9.9973E-05 0.00165072 0.911049
9.9964E-05 9.9964E-05 9.9964E-05 0.17174 9.9964E-05 0.0653669 0.155953 0.60654
9.9955E-05 9.9955E-05 0.11042 9.9955E-05 9.9955E-05 0.295128 9.9955E-05 0.593953
0.184434 0.0894908 9.9955E-05 9.9955E-05 9.9955E-05 9.9955E-05 9.9955E-05 0.725575
0.692069 0.0288356 9.9955E-05 9.9955E-05 9.9955E-05 9.9955E-05 9.9955E-05 0.278595
0.405461 9.9973E-05 0.0983374 9.9973E-05 0.0241819 9.9973E-05 0.00715309 0.464566
0.600936 9.9964E-05 9.9964E-05 0.0112077 9.9964E-05 9.9964E-05 0.0575849 0.329871
0.87899 0.0420076 9.9955E-05 9.9955E-05 9.9955E-05 9.9955E-05 9.9955E-05 0.0785029
0.151503 0.0713326 9.9964E-05 9.9964E-05 9.9964E-05 0.0025358 9.9964E-05 0.774229
0.630765 0.0178264 9.9982E-05 0.0253994 0.0346558 9.9982E-05 0.00283814 0.288315
0.249849 9.9955E-05 9.9955E-05 9.9955E-05 0.132207 9.9955E-05 9.9955E-05 0.617444
0.35333 0.107957 9.9964E-05 9.9964E-05 0.133939 9.9964E-05 9.9964E-05 0.404374
0.404898 9.9955E-05 0.0579675 9.9955E-05 9.9955E-05 9.9955E-05 9.9955E-05 0.536634
0.0760305 9.9955E-05 0.779784 9.9955E-05 9.9955E-05 0.143686 9.9955E-05 9.9955E-05
0.000337037 0.0177661 0.352542 0.114861 9.9973E-05 0.514194 9.9973E-05 9.9973E-05
0.0241554 0.0831494 0.375121 0.169525 9.9973E-05 0.347749 9.9973E-05 9.9973E-05
0.112066 0.0509926 0.0762872 0.108612 9.99729E-05 0.651743 9.99729E-05 9.99729E-05
9.9982E-05 0.00787232 0.046799 0.184755 0.0395 0.610319 9.9982E-05 0.110555
9.9955E-05 9.9955E-05 0.0866099 0.100874 9.9955E-05 0.812017 9.9955E-05 9.9955E-05
0.00553155 9.9973E-05 0.409832 0.193503 9.9973E-05 0.373728 0.0171054 9.9973E-05
9.9955E-05 9.9955E-05 0.63051 0.18366 9.9955E-05 0.18533 9.9955E-05 9.9955E-05
0.0205713 9.99462E-05 0.978829 9.99462E-05 9.99462E-05 9.99462E-05 9.99462E-05 9.99462E-05
9.9973E-05 0.0255016 0.208559 0.0429771 9.9973E-05 0.665178 9.9973E-05 0.0574847
9.99551E-05 9.99551E-05 9.99551E-05 0.0252336 9.99551E-05 0.905756 0.0685109 9.99551E-05
9.9946E-05 9.9946E-05 9.9946E-05 9.9946E-05 9.9946E-05 0.908074 0.091326 9.9946E-05
9.99551E-05 9.99551E-05 9.99551E-05 0.0380264 9.99551E-05 0.876201 9.99551E-05 0.0852724
