0.425525 0.574375 9.9991E-05
0.568897 0.260661 0.170442
0.498836 0.455829 0.0453349
0.419492 0.55822 0.0222877
0.68672 0.292608 0.0206719
0.400925 0.598975 9.9991E-05
0.0983105 0.00313814 0.898551
0.207558 0.0746792 0.717762
0.111983 9.9991E-05 0.887917
0.0201482 0.0654394 0.914412
0.122216 0.000502917 0.877281
0.154781 9.9991E-05 0.845119
0.0245798 9.9991E-05 0.97532
0.0467257 0.0339344 0.91934
0.0788629 0.0458653 0.875272
0.10758 9.9991E-05 0.89232
0.313707 0.662774 0.0235193
0.179735 0.598038 0.222228
0.0175394 0.866714 0.115747
0.150998 0.768706 0.0802961
0.245106 0.658279 0.0966144
9.9991E-05 0.919834 0.080066
0.269099 0.571684 0.159216
0.3554 0.609504 0.035096
0.136927 0.78787 0.0752032
0.170282 0.829618 9.9991E-05
0.228393 0.648399 0.123208
0.386687 0.53997 0.0733429
0.6304 0.239079 0.130522
0.492887 0.323604 0.183509
0.170469 0.654955 0.174576
0.412434 0.448987 0.138579
0.324681 0.675219 9.9991E-05
0.00440261 0.922186 0.0734116
9.9991E-05 0.845133 0.154767
0.202245 0.716215 0.0815408
9.9991E-05 0.612022 0.387878
0.0831913 0.784126 0.132683
0.0349171 0.854208 0.110875
0.0556418 0.89905 0.0453079
0.457312 0.542588 9.9991E-05
0.505978 0.421873 0.0721495
0.326158 0.529825 0.144016
0.621255 0.215782 0.162962
0.409925 0.589975 9.9991E-05
0.155688 0.844212 9.9991E-05
9.9991E-05 0.827909 0.171991
0.349348 0.400396 0.250256
0.303382 0.48742 0.209199
0.454592 0.483204 0.0622044
0.126906 0.678431 0.194664
0.320871 0.508976 0.170152
0.0257914 0.830318 0.143891
0.128036 0.830731 0.0412332
0.101765 0.841144 0.0570912
0.0862168 0.888968 0.0248149
0.0625055 0.240739 0.696756
0.0637829 0.0999566 0.836261
0.0543422 0.011942 0.933716
9.9991E-05 0.107186 0.892714
0.00424462 9.9991E-05 0.995655
0.0580457 0.0952031 0.846751
0.169413 0.15024 0.680347
0.080204 0.173617 0.746179
0.116672 9.9991E-05 0.883228
9.9991E-05 0.020198 0.979702
0.0386555 0.17274 0.788604
9.9991E-05 0.0322341 0.967666
9.9991E-05 0.19583 0.80407
0.0270229 0.0449428 0.928034
0.116891 0.147243 0.735866
0.000403098 0.0963858 0.903211
0.169037 9.9991E-05 0.830863
0.0191157 0.106148 0.874736
9.9991E-05 0.178072 0.821828
9.9991E-05 0.103186 0.896714
0.0449511 0.013777 0.941272
9.999E-05 9.999E-05 0.9998
9.999E-05 9.999E-05 0.9998
9.9991E-05 0.103516 0.896384
0.0515864 0.0542936 0.89412
0.887161 0.101017 0.0118218
0.869539 0.0397049 0.0907557
0.905445 9.9991E-05 0.0944547
0.866541 0.0396486 0.0938107
0.812634 0.0967542 0.0906123
0.798738 9.99911E-05 0.201162
0.682049 0.155161 0.16279
0.684774 0.207727 0.107499
0.806361 0.129024 0.0646152
0.912204 0.0876961 9.9991E-05
0.789604 0.0941273 0.116269
0.513174 0.485624 0.00120198
0.600788 0.376025 0.0231872
0.633562 0.290539 0.0758995
0.541086 0.324838 0.134076
0.515152 0.437977 0.0468712
0.743145 0.17994 0.0769153
0.646035 0.293792 0.0601736
0.687204 0.283838 0.0289588
0.81229 0.169109 0.0186003
0.931296 0.0686039 9.9991E-05
0.897218 0.102682 9.9991E-05
0.980328 0.0195716 9.9991E-05
0.927122 9.9991E-05 0.0727777
0.849548 0.150352 9.9991E-05
0.726867 0.273033 9.9991E-05
0.928501 9.9991E-05 0.0713994
0.862232 0.0836079 0.0541596
0.935874 0.0580195 0.00610674
0.883082 0.116818 9.9991E-05
0.9998 9.999E-05 9.999E-05
0.731177 0.268723 9.9991E-05
0.855851 0.0815329 0.0626159
0.808256 0.191644 9.9991E-05
0.864541 0.127103 0.00835611
0.9875 0.0124001 9.9991E-05
0.994611 9.9991E-05 0.0052887
0.96736 9.9991E-05 0.0325396
0.978717 9.9991E-05 0.0211833
0.9998 9.999E-05 9.999E-05
0.967737 9.9991E-05 0.0321635
0.9998 9.999E-05 9.999E-05
0.792884 0.153388 0.0537283
0.898284 0.0339936 0.0677226
0.973582 9.9991E-05 0.0263185
0.648396 0.0381461 0.313457
0.620223 9.9991E-05 0.379677
0.998394 9.9991E-05 0.00150621
0.986571 9.9991E-05 0.0133292
0.937534 9.9991E-05 0.0623661
0.946867 9.9991E-05 0.0530331
0.88259 0.11731 9.9991E-05
0.968954 9.9991E-05 0.0309461
0.972318 0.0275819 9.9991E-05
0.952745 0.039275 0.0079796
0.80945 0.19045 9.9991E-05
0.975966 9.9991E-05 0.0239344
0.266632 9.9991E-05 0.733268
0.0584717 9.9991E-05 0.941428
0.0697836 0.0607775 0.869439
0.0865219 0.0863851 0.827093
0.108263 9.9991E-05 0.891637
9.999E-05 9.999E-05 0.9998
0.0720462 9.9991E-05 0.927854
0.113869 9.9991E-05 0.886031
0.250229 0.00174278 0.748028
0.104061 9.9991E-05 0.895839
9.9991E-05 0.0537437 0.946156
9.9991E-05 0.0102396 0.98966
9.9991E-05 0.0545223 0.945378
