0.0623051 0.358818 9.9973E-05 0.200062 0.194784 9.9973E-05 0.00323078 0.1805 9.9973E-05
0.324947 0.235907 0.0607213 9.9973E-05 0.0551208 9.9973E-05 0.00181392 0.32119 9.9973E-05
0.129921 0.319102 9.9973E-05 0.127909 0.321557 9.9973E-05 9.9973E-05 0.0251663 0.0760446
0.0273938 0.587055 9.9973E-05 9.9973E-05 9.9973E-05 0.0254105 0.0173386 0.166327 0.176175
9.9964E-05 0.147921 9.9964E-05 0.153175 0.584712 0.0114843 9.9964E-05 9.9964E-05 0.102308
9.9973E-05 0.551427 9.9973E-05 0.121759 0.0602081 0.00568109 9.9973E-05 0.0592924 0.201332
0.253876 9.99549E-05 0.112624 9.99549E-05 9.99549E-05 9.99549E-05 0.61826 0.0147393 9.99549E-05
0.0828453 9.9973E-05 0.0854 0.0401796 0.118059 9.9973E-05 0.634303 0.0389134 9.9973E-05
0.0890051 9.9955E-05 0.0205133 9.9955E-05 9.9955E-05 9.9955E-05 0.812355 9.9955E-05 0.0776267
0.0884076 0.022152 0.00802539 9.9964E-05 9.9964E-05 9.9964E-05 0.858474 0.0225411 9.9964E-05
0.246685 9.99459E-05 9.99459E-05 9.99459E-05 9.99459E-05 9.99459E-05 0.714743 0.0379724 9.99459E-05
0.50745 9.99639E-05 9.99639E-05 0.0776057 0.0312658 0.0282928 0.354986 9.99639E-05 9.99639E-05
0.0683875 9.9955E-05 9.9955E-05 9.9955E-05 0.0265272 0.210236 0.69435 9.9955E-05 9.9955E-05
9.99461E-05 9.99461E-05 9.99461E-05 9.99461E-05 9.99461E-05 0.0459221 0.940866 9.99461E-05 0.0126119
0.0613624 9.9955E-05 0.0695384 9.9955E-05 9.9955E-05 9.9955E-05 0.834241 0.0343585 9.9955E-05
0.265226 9.99461E-05 0.0599149 9.99461E-05 9.99461E-05 9.99461E-05 0.67426 9.99461E-05 9.99461E-05
9.9946E-05 9.9946E-05 0.146889 0.543964 0.308548 9.9946E-05 9.9946E-05 9.9946E-05 9.9946E-05
9.9964E-05 0.190865 0.555878 0.0940097 0.050998 0.107849 9.9964E-05 9.9964E-05 9.9964E-05
9.9955E-05 9.9955E-05 0.224713 0.606023 9.9955E-05 0.0100442 9.9955E-05 9.9955E-05 0.15872
9.9973E-05 0.327429 0.0481369 0.354924 0.102887 0.0824582 9.9973E-05 9.9973E-05 0.0838651
9.9964E-05 0.306349 0.37945 0.0830342 0.210826 9.9964E-05 0.0199417 9.9964E-05 9.9964E-05
9.99611E-05 0.454108 0.309319 0.179571 9.99611E-05 0.0565024 9.99611E-05 9.99611E-05 9.99611E-05
0.179547 9.9964E-05 9.9964E-05 0.564925 0.0651156 9.9964E-05 9.9964E-05 0.176019 0.0139931
0.0219719 0.0616849 9.9964E-05 0.600061 0.150222 9.9964E-05 9.9964E-05 0.16566 9.9964E-05
9.99461E-05 9.99461E-05 9.99461E-05 0.832208 9.99461E-05 9.99461E-05 9.99461E-05 0.0453346 0.121857
9.9955E-05 0.660442 9.9955E-05 0.228839 9.9955E-05 9.9955E-05 0.0141101 0.0961086 9.9955E-05
9.9946E-05 9.9946E-05 9.9946E-05 0.57818 0.328623 0.0925968 9.9946E-05 9.9946E-05 9.9946E-05
9.9964E-05 0.105544 9.9964E-05 0.40794 0.36871 0.0484891 9.9964E-05 9.9964E-05 0.068916
9.9964E-05 0.184049 0.180036 9.9964E-05 0.315962 9.9964E-05 0.120188 0.199366 9.9964E-05
9.9964E-05 0.199353 0.303794 9.9964E-05 0.255081 9.9964E-05 0.184131 0.0572408 9.9964E-05
0.401728 0.439959 0.157714 9.9946E-05 9.9946E-05 9.9946E-05 9.9946E-05 9.9946E-05 9.9946E-05
0.254022 0.347535 0.0795839 9.99639E-05 0.282799 9.99639E-05 9.99639E-05 9.99639E-05 0.0356599
0.078286 0.530571 0.13454 9.9964E-05 0.124076 9.9964E-05 9.9964E-05 9.9964E-05 0.132128
9.9955E-05 0.239323 9.9955E-05 0.628328 9.9955E-05 9.9955E-05 0.0194848 0.112365 9.9955E-05
0.320131 9.9946E-05 9.9946E-05 0.621064 9.9946E-05 9.9946E-05 9.9946E-05 0.0582049 9.9946E-05
0.119382 0.0808572 0.0396862 0.480413 0.226421 9.9973E-05 9.9973E-05 9.9973E-05 0.0529411
0.287765 0.1237 9.9964E-05 0.336364 9.9964E-05 0.181534 9.9964E-05 9.9964E-05 0.0702374
0.0485775 9.9964E-05 9.9964E-05 0.732688 0.00481197 0.050213 9.9964E-05 9.9964E-05 0.163309
9.9964E-05 0.181616 0.112262 0.488331 9.9964E-05 9.9964E-05 0.0763301 0.141061 9.9964E-05
9.99549E-05 0.0735445 0.141144 0.634802 9.99549E-05 9.99549E-05 9.99549E-05 9.99549E-05 0.15001
9.99371E-05 0.526962 9.99371E-05 9.99371E-05 9.99371E-05 9.99371E-05 9.99371E-05 0.472339 9.99371E-05
9.9964E-05 0.471543 9.9964E-05 9.9964E-05 0.0482282 0.0817266 9.9964E-05 0.183305 0.214797
0.0169022 0.505063 0.0476544 9.9964E-05 9.9964E-05 0.119391 9.9964E-05 9.9964E-05 0.31059
9.9964E-05 0.0181248 9.9964E-05 0.105715 9.9964E-05 0.129854 9.9964E-05 0.510588 0.235319
9.99461E-05 0.864678 9.99461E-05 9.99461E-05 9.99461E-05 9.99461E-05 0.0115345 0.123188 9.99461E-05
0.0343285 0.954189 9.9955E-05 9.9955E-05 9.9955E-05 0.00538784 9.9955E-05 9.9955E-05 0.00559509
9.9946E-05 9.9946E-05 0.619125 0.29863 9.9946E-05 0.0816455 9.9946E-05 9.9946E-05 9.9946E-05
0.0954902 9.9973E-05 0.749449 0.0276079 9.9973E-05 0.0029908 9.9973E-05 0.0779521 0.04621
0.0630839 9.9946E-05 0.860366 9.9946E-05 9.9946E-05 9.9946E-05 9.9946E-05 0.0759507 9.9946E-05
9.9946E-05 9.9946E-05 0.706472 9.9946E-05 9.9946E-05 9.9946E-05 9.9946E-05 0.235618 0.0573102
9.9982E-05 0.132493 0.677709 0.0549373 0.0225351 0.0822814 0.0122152 9.9982E-05 0.017629
9.9964E-05 0.051325 0.179077 0.382656 9.9964E-05 9.9964E-05 0.119012 0.267531 9.9964E-05
9.9964E-05 0.121204 0.425802 0.339545 0.038086 0.0749641 9.9964E-05 9.9964E-05 9.9964E-05
9.9964E-05 0.110996 0.120399 0.546733 9.9964E-05 0.0111187 9.9964E-05 0.210353 9.9964E-05
9.99639E-05 0.0333151 0.148419 0.550285 9.99639E-05 9.99639E-05 0.0469197 0.220662 9.99639E-05
9.99549E-05 0.486352 9.99549E-05 0.355604 0.0897696 0.0677747 9.99549E-05 9.99549E-05 9.99549E-05
0.220369 9.9964E-05 9.9964E-05 0.165019 9.9964E-05 0.253146 0.265012 0.0960542 9.9964E-05
9.9982E-05 0.00493749 9.9982E-05 0.106683 0.0343868 0.199954 0.631551 0.017283 0.00500458
9.9946E-05 9.9946E-05 9.9946E-05 0.0135192 9.9946E-05 0.91846 9.9946E-05 0.0674213 9.9946E-05
0.11234 9.9964E-05 0.0751653 9.9964E-05 9.9964E-05 0.533935 0.156376 0.121784 9.9964E-05
0.282006 9.99459E-05 9.99459E-05 9.99459E-05 9.99459E-05 0.640675 0.0767197 9.99459E-05 9.99459E-05
0.17732 9.99549E-05 0.136608 9.99549E-05 9.99549E-05 0.666106 9.99549E-05 0.0194666 9.99549E-05
0.879307 9.99369E-05 0.119993 9.99369E-05 9.99369E-05 9.99369E-05 9.99369E-05 9.99369E-05 9.99369E-05
0.697412 9.99549E-05 9.99549E-05 0.114543 0.00895116 0.178594 9.99549E-05 9.99549E-05 9.99549E-05
0.427803 9.99549E-05 9.99549E-05 9.99549E-05 9.99549E-05 0.115824 0.407173 9.99549E-05 0.0487008
0.131922 9.9946E-05 9.9946E-05 9.9946E-05 9.9946E-05 0.167922 0.699557 9.9946E-05 9.9946E-05
0.256623 0.0402781 9.9964E-05 0.122998 9.9964E-05 0.227516 0.352185 9.9964E-05 9.9964E-05
9.99462E-05 9.99462E-05 9.99462E-05 0.0869643 9.99462E-05 0.394728 0.517708 9.99462E-05 9.99462E-05
0.536322 9.9955E-05 9.9955E-05 0.0879527 9.9955E-05 0.216528 0.158697 9.9955E-05 9.9955E-05
0.276287 9.9955E-05 9.9955E-05 0.0841331 9.9955E-05 0.320666 0.318414 9.9955E-05 9.9955E-05
0.528733 9.9964E-05 9.9964E-05 0.16504 9.9964E-05 0.0463758 0.22461 9.9964E-05 0.0348406
0.265168 9.9955E-05 9.9955E-05 0.0958338 9.9955E-05 0.447962 0.190536 9.9955E-05 9.9955E-05
0.764802 9.9964E-05 9.9964E-05 0.0215419 0.0250153 0.14142 0.0468207 9.9964E-05 9.9964E-05
0.16555 0.00800645 0.0561561 9.9982E-05 0.0102606 0.725917 0.0147344 9.9982E-05 0.0191756
9.9955E-05 0.146685 9.9955E-05 0.0385891 9.9955E-05 0.601846 0.21238 9.9955E-05 9.9955E-05
0.150132 9.9955E-05 0.0717592 9.9955E-05 9.9955E-05 0.749533 9.9955E-05 9.9955E-05 0.0280769
0.30551 9.9946E-05 9.9946E-05 9.9946E-05 9.9946E-05 0.58798 9.9946E-05 9.9946E-05 0.105909
9.99371E-05 9.99371E-05 9.99371E-05 9.99371E-05 9.99371E-05 0.966404 9.99371E-05 9.99371E-05 0.0328969
0.0692655 9.9955E-05 9.9955E-05 9.9955E-05 9.9955E-05 0.600336 0.291896 0.0380022 9.9955E-05
0.572316 9.99549E-05 0.0657541 9.99549E-05 9.99549E-05 0.283962 0.0774674 9.99549E-05 9.99549E-05
0.108728 0.0798445 0.117391 9.9955E-05 9.9955E-05 0.693536 9.9955E-05 9.9955E-05 9.9955E-05
9.99551E-05 0.152178 9.99551E-05 0.00967687 0.800952 0.0366929 9.99551E-05 9.99551E-05 9.99551E-05
9.9955E-05 0.0728245 9.9955E-05 9.9955E-05 0.00199657 0.0962075 9.9955E-05 0.828472 9.9955E-05
9.9946E-05 9.9946E-05 9.9946E-05 9.9946E-05 0.159326 0.0956937 9.9946E-05 0.744381 9.9946E-05
9.9955E-05 9.9955E-05 0.102954 9.9955E-05 0.674722 9.9955E-05 0.0413116 9.9955E-05 0.180513
9.9955E-05 9.9955E-05 0.281819 9.9955E-05 0.627359 9.9955E-05 0.0516007 0.0387216 9.9955E-05
0.254581 9.99461E-05 0.465008 9.99461E-05 9.99461E-05 9.99461E-05 9.99461E-05 0.279811 9.99461E-05
0.125088 0.0235675 0.0567053 9.99641E-05 9.99641E-05 9.99641E-05 9.99641E-05 0.245597 0.548642
0.0515101 0.0421658 0.0967028 9.9973E-05 9.9973E-05 9.9973E-05 0.0271712 0.298093 0.484057
9.9964E-05 0.106843 0.0988611 9.9964E-05 0.269472 9.9964E-05 9.9964E-05 0.0194274 0.504997
0.00136053 9.9964E-05 0.140768 9.9964E-05 0.155033 9.9964E-05 9.9964E-05 0.262349 0.440089
9.993E-05 9.993E-05 9.993E-05 9.993E-05 9.993E-05 9.993E-05 9.993E-05 9.993E-05 0.999201
9.9946E-05 0.111003 9.9946E-05 0.0291057 9.9946E-05 9.9946E-05 9.9946E-05 9.9946E-05 0.859292
9.99639E-05 0.210297 9.99639E-05 0.020774 0.303699 9.99639E-05 0.0349105 9.99639E-05 0.42992
9.9964E-05 9.9964E-05 0.016632 0.0952736 0.0421311 9.9964E-05 9.9964E-05 0.0349578 0.810606
0.039866 0.0349406 0.370278 9.99549E-05 9.99549E-05 9.99549E-05 9.99549E-05 9.99549E-05 0.554416
9.9964E-05 0.0953577 0.17517 0.0503745 0.0625532 9.9964E-05 9.9964E-05 9.9964E-05 0.616144
9.9955E-05 9.9955E-05 9.9955E-05 9.9955E-05 0.13802 0.00220297 0.0362967 9.9955E-05 0.82298
9.9955E-05 9.9955E-05 9.9955E-05 0.119564 0.1462 0.0030004 9.9955E-05 9.9955E-05 0.730736
9.9973E-05 0.094491 9.9973E-05 0.0878148 0.14283 9.9973E-05 0.0251835 0.144435 0.504946
9.99639E-05 9.99639E-05 0.255266 9.99639E-05 0.327734 9.99639E-05 0.017623 0.318729 0.0802484
9.99549E-05 0.208827 0.0486798 9.99549E-05 0.421211 9.99549E-05 9.99549E-05 0.320782 9.99549E-05
9.9955E-05 9.9955E-05 0.0583416 0.0794052 0.40027 9.9955E-05 9.9955E-05 0.461483 9.9955E-05
9.9955E-05 9.9955E-05 0.0394573 9.9955E-05 0.448322 9.9955E-05 9.9955E-05 0.496077 0.0156439
0.0697147 9.9955E-05 0.17001 9.9955E-05 0.711726 9.9955E-05 9.9955E-05 9.9955E-05 0.0480499
9.9955E-05 0.0221741 0.0377774 0.0691337 0.870415 9.9955E-05 9.9955E-05 9.9955E-05 9.9955E-05
9.9946E-05 9.9946E-05 0.119465 0.16409 0.715846 9.9946E-05 9.9946E-05 9.9946E-05 9.9946E-05
9.99461E-05 9.99461E-05 0.0741125 9.99461E-05 0.894232 9.99461E-05 0.031056 9.99461E-05 9.99461E-05
9.9964E-05 0.0550326 0.0240841 9.9964E-05 0.880978 9.9964E-05 0.0283053 9.9964E-05 0.0112006
0.00726596 0.12227 9.9964E-05 9.9964E-05 0.738879 9.9964E-05 9.9964E-05 0.0149678 0.116217
9.9946E-05 0.0877475 9.9946E-05 0.103873 0.80778 9.9946E-05 9.9946E-05 9.9946E-05 9.9946E-05
9.99461E-05 0.0227072 9.99461E-05 9.99461E-05 0.879826 9.99461E-05 9.99461E-05 0.0968673 9.99461E-05
9.99549E-05 0.376406 0.0577153 9.99549E-05 0.352153 9.99549E-05 9.99549E-05 0.213226 9.99549E-05
9.9973E-05 9.9973E-05 0.0942336 0.0301213 0.401355 0.0574429 9.9973E-05 0.284154 0.132393
0.0279246 0.15378 0.0443401 9.9964E-05 0.587853 9.9964E-05 9.9964E-05 0.185703 9.9964E-05
0.0206894 9.9973E-05 0.0711331 0.027116 0.760423 9.9973E-05 9.9973E-05 0.0206581 0.0996803
9.996E-05 0.0356827 0.0800455 9.996E-05 0.713567 9.996E-05 9.996E-05 0.10292 0.0673851
0.0142793 9.9955E-05 9.9955E-05 0.0707746 0.796189 9.9955E-05 9.9955E-05 0.118257 9.9955E-05
0.00140919 0.0105768 0.0786364 9.9973E-05 0.625907 9.9973E-05 9.9973E-05 0.0966716 0.186499
0.0243562 9.9955E-05 9.9955E-05 0.0747222 0.239137 9.9955E-05 9.9955E-05 0.661284 9.9955E-05
0.0103311 9.9955E-05 9.9955E-05 9.9955E-05 0.242261 9.9955E-05 9.9955E-05 0.611276 0.135631
0.0215359 9.9973E-05 9.9973E-05 0.0356982 0.520859 0.00617706 9.9973E-05 0.375703 0.0397275
9.9946E-05 0.116688 9.9946E-05 9.9946E-05 0.844045 9.9946E-05 9.9946E-05 0.0386674 9.9946E-05
0.0583607 0.0433306 9.9991E-05 0.0231285 0.730999 0.0258617 0.0204811 0.00897598 0.0887626
9.9964E-05 9.9964E-05 9.9964E-05 0.0640169 0.577189 0.0191316 9.9964E-05 0.160823 0.178439
0.0144558 9.9964E-05 0.00369787 9.9964E-05 0.898 9.9964E-05 9.9964E-05 0.059711 0.0237352
9.9955E-05 9.9955E-05 9.9955E-05 0.14868 0.616118 0.127289 0.107413 9.9955E-05 9.9955E-05
0.125845 9.9946E-05 9.9946E-05 9.9946E-05 0.594812 0.278744 9.9946E-05 9.9946E-05 9.9946E-05
0.000438683 9.9955E-05 0.0949971 9.9955E-05 0.733632 9.9955E-05 9.9955E-05 0.170432 9.9955E-05
9.99549E-05 9.99549E-05 0.0962738 9.99549E-05 0.261313 9.99549E-05 9.99549E-05 0.597603 0.0443103
0.0953261 0.0247254 9.9964E-05 9.9964E-05 0.443045 9.9964E-05 9.9964E-05 0.425386 0.0111179
9.9955E-05 9.9955E-05 9.9955E-05 9.9955E-05 0.293099 9.9955E-05 0.045928 0.594455 0.0660179
9.9955E-05 0.0365634 0.0897627 9.9955E-05 0.0482723 9.9955E-05 9.9955E-05 0.824902 9.9955E-05
9.9946E-05 9.9946E-05 0.092573 9.9946E-05 0.81097 9.9946E-05 9.9946E-05 0.0958576 9.9946E-05
9.9955E-05 9.9955E-05 0.0318821 9.9955E-05 0.223742 9.9955E-05 9.9955E-05 0.618538 0.125338
9.99549E-05 0.122096 9.99549E-05 9.99549E-05 0.518928 9.99549E-05 9.99549E-05 0.323996 0.0344808
9.99549E-05 0.209791 0.0743779 9.99549E-05 0.428121 9.99549E-05 9.99549E-05 0.28721 9.99549E-05
0.0677117 9.9955E-05 0.00276095 9.9955E-05 0.509473 9.9955E-05 9.9955E-05 0.419555 9.9955E-05
0.672394 9.9946E-05 9.9946E-05 9.9946E-05 9.9946E-05 0.194358 9.9946E-05 0.132648 9.9946E-05
0.354741 9.9964E-05 0.00226538 9.9964E-05 9.9964E-05 0.534693 0.0661965 0.0417042 9.9964E-05
0.409047 9.99639E-05 0.0839528 9.99639E-05 9.99639E-05 0.350555 0.145201 0.0108443 9.99639E-05
0.181848 0.0167515 0.0246725 9.9982E-05 9.9982E-05 0.686931 0.00341148 0.0848628 0.00132263
0.104529 9.9964E-05 9.9964E-05 9.9964E-05 9.9964E-05 0.693309 0.0413574 0.00220949 0.158195
0.145712 0.0210452 9.9946E-05 9.9946E-05 9.9946E-05 0.832643 9.9946E-05 9.9946E-05 9.9946E-05
0.340704 9.9982E-05 9.9982E-05 0.0197554 0.00984781 0.281907 0.318225 0.00577909 0.0235826
0.580961 9.9946E-05 9.9946E-05 9.9946E-05 9.9946E-05 0.213262 0.205177 9.9946E-05 9.9946E-05
0.968701 9.99372E-05 9.99372E-05 9.99372E-05 9.99372E-05 9.99372E-05 9.99372E-05 0.0305995 9.99372E-05
0.131714 9.9955E-05 9.9955E-05 9.9955E-05 0.0931151 0.607427 0.167244 9.9955E-05 9.9955E-05
9.99461E-05 9.99461E-05 9.99461E-05 0.0189606 9.99461E-05 0.849986 0.130453 9.99461E-05 9.99461E-05
9.99371E-05 9.99371E-05 9.99371E-05 0.0434571 9.99371E-05 0.955843 9.99371E-05 9.99371E-05 9.99371E-05
9.99461E-05 9.99461E-05 9.99461E-05 9.99461E-05 9.99461E-05 0.788886 0.156498 9.99461E-05 0.0540163
