0.574201 9.99549E-05 9.99549E-05 9.99549E-05 0.00844365 9.99549E-05 0.00501484 0.350121 0.0617203 9.99549E-05
0.236475 0.0633014 9.9964E-05 0.171439 0.0706074 9.9964E-05 9.9964E-05 0.139118 0.318658 9.9964E-05
0.359035 9.9955E-05 9.9955E-05 9.9955E-05 9.9955E-05 0.0860489 0.0962119 0.378414 0.0797902 9.9955E-05
0.110708 9.9964E-05 9.9964E-05 0.0822641 9.9964E-05 0.136285 0.579218 0.0443526 0.0467717 9.9964E-05
0.142302 9.9946E-05 0.116653 9.9946E-05 9.9946E-05 9.9946E-05 0.155662 0.584784 9.9946E-05 9.9946E-05
0.218846 9.9964E-05 0.143122 0.00298338 9.9964E-05 0.00359028 0.495683 0.135375 9.9964E-05 9.9964E-05
9.9955E-05 0.171211 9.9955E-05 0.0555015 0.730754 0.0184675 9.9955E-05 9.9955E-05 0.0235662 9.9955E-05
9.9964E-05 0.0622852 0.169996 0.0718744 0.605993 0.0760953 9.9964E-05 0.0133562 9.9964E-05 9.9964E-05
9.9937E-05 9.9937E-05 9.9937E-05 9.9937E-05 0.900349 9.9937E-05 0.0271542 9.9937E-05 0.0717968 9.9937E-05
0.00716693 0.0533206 0.0839975 9.9964E-05 0.839837 0.00343444 9.9964E-05 9.9964E-05 0.0118439 9.9964E-05
0.00180345 0.0286937 9.99549E-05 0.0582781 0.863241 9.99549E-05 9.99549E-05 9.99549E-05 0.0474843 9.99549E-05
0.0343905 0.614169 0.0397592 9.99549E-05 0.280989 9.99549E-05 9.99549E-05 0.030193 9.99549E-05 9.99549E-05
9.9955E-05 0.0493559 0.0398542 9.9955E-05 0.708062 9.9955E-05 0.00266127 9.9955E-05 9.9955E-05 0.199567
9.99371E-05 9.99371E-05 9.99371E-05 9.99371E-05 0.867967 0.100627 9.99371E-05 9.99371E-05 9.99371E-05 0.0307062
0.0239634 9.9946E-05 9.9946E-05 9.9946E-05 0.877977 0.00281972 9.9946E-05 9.9946E-05 0.0946401 9.9946E-05
9.99371E-05 0.245917 9.99371E-05 0.0692 0.684183 9.99371E-05 9.99371E-05 9.99371E-05 9.99371E-05 9.99371E-05
0.0354847 0.00503776 0.243485 0.0706488 9.9964E-05 0.43448 9.9964E-05 0.210464 9.9964E-05 9.9964E-05
9.9955E-05 0.0471924 9.9955E-05 9.9955E-05 0.028555 0.639667 9.9955E-05 0.0498486 0.234237 9.9955E-05
0.349013 0.0530679 9.9973E-05 9.9973E-05 9.9973E-05 0.447853 0.113613 0.025812 0.000751491 0.00958899
9.9946E-05 9.9946E-05 9.9946E-05 9.9946E-05 9.9946E-05 0.613932 0.215138 0.144956 9.9946E-05 0.0253751
9.99459E-05 9.99459E-05 9.99459E-05 9.99459E-05 9.99459E-05 0.567081 0.0469669 0.216636 0.168716 9.99459E-05
9.9946E-05 9.9946E-05 0.00627887 9.9946E-05 9.9946E-05 0.753987 0.225607 9.9946E-05 0.0135275 9.9946E-05
0.297751 0.111409 0.550373 0.0398674 9.99459E-05 9.99459E-05 9.99459E-05 9.99459E-05 9.99459E-05 9.99459E-05
0.715928 9.9937E-05 9.9937E-05 0.0114096 9.9937E-05 9.9937E-05 9.9937E-05 0.271962 9.9937E-05 9.9937E-05
0.583285 9.9946E-05 0.411691 9.9946E-05 9.9946E-05 9.9946E-05 0.00374092 0.00068365 9.9946E-05 9.9946E-05
0.155208 9.9955E-05 0.142102 0.116261 9.9955E-05 0.289415 0.296516 9.9955E-05 9.9955E-05 9.9955E-05
0.0149239 0.0264673 0.746415 9.9964E-05 9.9964E-05 0.136702 9.9964E-05 0.0364035 9.9964E-05 0.0386889
0.0252074 9.99549E-05 0.650155 9.99549E-05 9.99549E-05 9.99549E-05 0.234122 0.0796952 9.99549E-05 0.0103208
9.9964E-05 9.9964E-05 0.201102 0.165761 0.0494225 0.163646 9.9964E-05 0.273241 0.146427 9.9964E-05
9.9964E-05 9.9964E-05 0.443357 9.9964E-05 0.055321 0.0764596 0.0323353 0.105572 0.286556 9.9964E-05
9.9946E-05 0.164326 9.9946E-05 9.9946E-05 9.9946E-05 0.279809 0.221865 9.9946E-05 0.3334 9.9946E-05
9.99549E-05 0.156624 9.99549E-05 9.99549E-05 9.99549E-05 0.262246 0.217108 0.302611 0.0609117 9.99549E-05
9.9955E-05 9.9955E-05 0.0961071 9.9955E-05 9.9955E-05 0.34 0.38141 0.123332 0.0586516 9.9955E-05
0.858393 9.99459E-05 9.99459E-05 9.99459E-05 9.99459E-05 0.0837747 0.0296179 0.0276151 9.99459E-05 9.99459E-05
0.833767 0.042377 9.99369E-05 9.99369E-05 9.99369E-05 9.99369E-05 9.99369E-05 9.99369E-05 0.123156 9.99369E-05
0.210829 0.0692347 0.290714 9.9964E-05 9.9964E-05 0.254297 0.0644886 0.110037 9.9964E-05 9.9964E-05
0.463452 0.0122363 9.9955E-05 9.9955E-05 9.9955E-05 9.9955E-05 0.0876943 9.9955E-05 0.158895 0.277223
0.506406 0.00375222 0.21372 9.9964E-05 9.9964E-05 0.115889 9.9964E-05 0.0658695 9.9964E-05 0.0939624
0.444862 9.9973E-05 0.119079 0.023239 9.9973E-05 0.127597 0.049767 9.9973E-05 0.135405 0.0997509
0.17275 9.99459E-05 0.498481 9.99459E-05 9.99459E-05 0.226267 0.101903 9.99459E-05 9.99459E-05 9.99459E-05
0.039943 9.9955E-05 9.9955E-05 0.426255 9.9955E-05 0.0514022 0.47974 9.9955E-05 0.0021599 9.9955E-05
0.0425804 9.9973E-05 9.9973E-05 0.177046 9.9973E-05 0.0711493 0.514797 0.0746603 0.0414737 0.0779933
0.0801093 9.9964E-05 9.9964E-05 9.9964E-05 9.9964E-05 0.0707544 0.61942 0.0100377 0.113157 0.106122
9.99459E-05 9.99459E-05 0.03662 0.489218 9.99459E-05 9.99459E-05 0.338533 9.99459E-05 9.99459E-05 0.135029
0.0584323 9.99461E-05 9.99461E-05 0.182465 9.99461E-05 0.206402 0.552102 9.99461E-05 9.99461E-05 9.99461E-05
0.201806 9.9946E-05 9.9946E-05 9.9946E-05 9.9946E-05 0.213023 0.572028 9.9946E-05 0.0125434 9.9946E-05
9.9937E-05 0.0934371 9.9937E-05 9.9937E-05 9.9937E-05 0.799875 9.9937E-05 9.9937E-05 0.105988 9.9937E-05
9.99459E-05 0.152586 9.99459E-05 0.0784861 9.99459E-05 0.339891 9.99459E-05 9.99459E-05 0.428437 9.99459E-05
9.99279E-05 9.99279E-05 9.99279E-05 9.99279E-05 9.99279E-05 0.228128 9.99279E-05 9.99279E-05 0.771073 9.99279E-05
9.9946E-05 9.9946E-05 0.138853 0.0538339 9.9946E-05 0.174566 9.9946E-05 9.9946E-05 0.632147 9.9946E-05
9.99459E-05 9.99459E-05 9.99459E-05 9.99459E-05 0.0561512 0.516082 9.99459E-05 9.99459E-05 0.426121 0.00104627
0.0414769 9.9946E-05 9.9946E-05 0.416533 0.0784185 0.462972 9.9946E-05 9.9946E-05 9.9946E-05 9.9946E-05
0.058858 9.9964E-05 0.0246064 9.9964E-05 9.9964E-05 0.778807 9.9964E-05 0.0320209 0.0993013 0.00600642
0.100876 9.9937E-05 9.9937E-05 0.304535 9.9937E-05 0.593889 9.9937E-05 9.9937E-05 9.9937E-05 9.9937E-05
0.129848 9.99459E-05 9.99459E-05 0.344867 0.00862193 0.516064 9.99459E-05 9.99459E-05 9.99459E-05 9.99459E-05
0.0247158 9.9973E-05 0.00519337 0.0104617 9.9973E-05 0.552135 0.312998 0.0647816 9.9973E-05 0.0294145
0.241687 0.199575 0.125526 9.9955E-05 0.267534 9.9955E-05 9.9955E-05 9.9955E-05 9.9955E-05 0.165178
0.131767 9.9964E-05 0.0430685 9.9964E-05 0.443174 9.9964E-05 9.9964E-05 0.0292546 0.0284122 0.323924
0.00704898 9.9946E-05 0.011563 0.0868094 9.9946E-05 9.9946E-05 9.9946E-05 9.9946E-05 9.9946E-05 0.893979
9.9964E-05 0.27596 0.0703169 0.0662635 0.151339 0.0405508 9.9964E-05 9.9964E-05 9.9964E-05 0.395169
9.9946E-05 0.322969 9.9946E-05 9.9946E-05 0.220819 9.9946E-05 0.000173757 9.9946E-05 9.9946E-05 0.455439
9.99459E-05 0.375943 0.0351595 9.99459E-05 9.99459E-05 0.0957605 9.99459E-05 9.99459E-05 9.99459E-05 0.492538
0.00203438 0.753755 9.99369E-05 9.99369E-05 9.99369E-05 9.99369E-05 9.99369E-05 9.99369E-05 0.243511 9.99369E-05
9.9937E-05 0.843219 9.9937E-05 9.9937E-05 9.9937E-05 0.0869754 0.0691055 9.9937E-05 9.9937E-05 9.9937E-05
9.9946E-05 0.344287 9.9946E-05 9.9946E-05 0.572013 9.9946E-05 0.0787239 9.9946E-05 9.9946E-05 0.00437668
0.0543966 0.0463309 9.9946E-05 9.9946E-05 0.768016 9.9946E-05 9.9946E-05 9.9946E-05 9.9946E-05 0.130657
0.102664 0.250739 9.9973E-05 9.9973E-05 0.320928 0.0930026 0.0147568 0.018112 9.9973E-05 0.199497
0.183604 9.99371E-05 9.99371E-05 9.99371E-05 0.358175 9.99371E-05 9.99371E-05 9.99371E-05 9.99371E-05 0.457522
0.177076 0.434996 9.9946E-05 9.9946E-05 0.267623 9.9946E-05 9.9946E-05 9.9946E-05 9.9946E-05 0.119706
0.0413671 0.456618 9.9946E-05 9.9946E-05 0.173686 9.9946E-05 9.9946E-05 9.9946E-05 9.9946E-05 0.327729
0.169841 0.568677 9.9955E-05 9.9955E-05 0.180145 9.9955E-05 9.9955E-05 9.9955E-05 0.0310308 0.0498069
0.0533011 0.430463 0.0798728 9.9955E-05 0.0805936 9.9955E-05 9.9955E-05 9.9955E-05 9.9955E-05 0.35527
0.0522283 0.815321 9.9946E-05 9.9946E-05 0.0724817 9.9946E-05 9.9946E-05 0.0593694 9.9946E-05 9.9946E-05
9.9955E-05 0.257594 0.0406382 9.9955E-05 9.9955E-05 0.0681773 9.9955E-05 0.0294969 9.9955E-05 0.603594
0.0485669 9.9955E-05 9.9955E-05 9.9955E-05 0.180949 0.18521 0.0177571 9.9955E-05 9.9955E-05 0.567017
9.99459E-05 0.220976 0.0645817 9.99459E-05 9.99459E-05 9.99459E-05 9.99459E-05 9.99459E-05 0.0322975 0.681546
9.99369E-05 0.466811 9.99369E-05 9.99369E-05 9.99369E-05 9.99369E-05 0.0993608 9.99369E-05 9.99369E-05 0.433129
9.9937E-05 0.0237313 9.9937E-05 9.9937E-05 9.9937E-05 9.9937E-05 9.9937E-05 0.0542641 9.9937E-05 0.921305
0.0456951 0.105108 9.9955E-05 0.023687 0.267424 9.9955E-05 9.9955E-05 9.9955E-05 9.9955E-05 0.557586
9.99369E-05 0.725861 0.210564 9.99369E-05 0.0628758 9.99369E-05 9.99369E-05 9.99369E-05 9.99369E-05 9.99369E-05
9.9964E-05 0.0942359 0.0662544 9.9964E-05 0.0454548 9.9964E-05 0.031067 9.9964E-05 0.106955 0.655634
9.99551E-05 9.99551E-05 0.0843195 9.99551E-05 9.99551E-05 0.0883071 0.026804 0.7894 9.99551E-05 0.0106694
9.9937E-05 9.9937E-05 0.161973 0.811738 9.9937E-05 9.9937E-05 9.9937E-05 9.9937E-05 9.9937E-05 0.0255893
9.9937E-05 9.9937E-05 9.9937E-05 0.827679 9.9937E-05 9.9937E-05 9.9937E-05 0.0984438 9.9937E-05 0.0731773
9.9955E-05 9.9955E-05 0.0858378 9.9955E-05 0.0619607 9.9955E-05 0.152747 0.570307 0.128648 9.9955E-05
9.99369E-05 9.99369E-05 0.379339 9.99369E-05 9.99369E-05 9.99369E-05 9.99369E-05 0.334563 0.285399 9.99369E-05
9.99201E-05 9.99201E-05 9.99201E-05 9.99201E-05 9.99201E-05 9.99201E-05 9.99201E-05 9.99201E-05 0.999101 9.99201E-05
9.9964E-05 0.00238836 9.9964E-05 0.169764 0.0450028 9.9964E-05 0.505524 0.0199005 0.25702 9.9964E-05
0.0433291 9.9955E-05 9.9955E-05 0.189862 0.0689776 9.9955E-05 0.431553 9.9955E-05 0.265779 9.9955E-05
9.9946E-05 0.0235284 9.9946E-05 9.9946E-05 9.9946E-05 9.9946E-05 0.52492 0.365903 0.085049 9.9946E-05
9.99459E-05 9.99459E-05 9.99459E-05 0.144239 9.99459E-05 9.99459E-05 0.183186 0.309836 0.362139 9.99459E-05
9.9946E-05 0.0125945 9.9946E-05 9.9946E-05 9.9946E-05 9.9946E-05 0.696508 0.252226 9.9946E-05 0.0380721
9.9937E-05 9.9937E-05 9.9937E-05 9.9937E-05 9.9937E-05 9.9937E-05 0.924962 0.0621578 9.9937E-05 0.0121802
0.103568 9.99549E-05 0.0173254 9.99549E-05 0.0627943 9.99549E-05 0.429525 0.386288 9.99549E-05 9.99549E-05
0.0092686 0.0510308 9.9964E-05 0.00895011 9.9964E-05 9.9964E-05 0.629703 0.19642 0.104228 9.9964E-05
9.99459E-05 0.0096538 9.99459E-05 9.99459E-05 0.0270973 9.99459E-05 0.568781 9.99459E-05 0.393869 9.99459E-05
9.99459E-05 9.99459E-05 0.24237 9.99459E-05 9.99459E-05 9.99459E-05 0.593562 0.00279304 0.160676 9.99459E-05
9.9955E-05 9.9955E-05 0.00907814 9.9955E-05 0.0176834 9.9955E-05 0.665962 0.286344 9.9955E-05 0.0204325
0.0290248 0.0310399 9.9955E-05 9.9955E-05 9.9955E-05 9.9955E-05 0.642877 0.284204 9.9955E-05 0.0123541
0.0540091 9.9964E-05 0.00761838 0.154022 0.0144118 9.9964E-05 0.490065 0.279474 9.9964E-05 9.9964E-05
9.99459E-05 9.99459E-05 0.345651 0.21263 9.99459E-05 9.99459E-05 9.99459E-05 0.206951 0.234168 9.99459E-05
9.9946E-05 9.9946E-05 0.15568 0.305013 9.9946E-05 9.9946E-05 9.9946E-05 0.505521 0.0331869 9.9946E-05
9.9946E-05 9.9946E-05 0.164465 0.542887 9.9946E-05 9.9946E-05 9.9946E-05 0.274831 0.0172178 9.9946E-05
9.9946E-05 9.9946E-05 9.9946E-05 0.508755 9.9946E-05 0.0402082 0.0434088 0.407029 9.9946E-05 9.9946E-05
9.9946E-05 0.0212177 0.0133277 9.9946E-05 9.9946E-05 9.9946E-05 9.9946E-05 0.746405 0.21845 9.9946E-05
9.9937E-05 9.9937E-05 0.23438 9.9937E-05 9.9937E-05 0.016371 9.9937E-05 0.74855 9.9937E-05 9.9937E-05
0.0264108 9.9946E-05 0.497377 0.0104665 9.9946E-05 9.9946E-05 9.9946E-05 0.465146 9.9946E-05 9.9946E-05
9.99461E-05 9.99461E-05 0.169819 9.99461E-05 0.00347092 9.99461E-05 9.99461E-05 0.782176 0.0439339 9.99461E-05
0.0643893 9.9964E-05 0.022451 9.9964E-05 0.0221438 9.9964E-05 9.9964E-05 0.80984 0.0705637 0.0102122
0.0341787 0.0110148 9.9955E-05 0.0197176 9.9955E-05 9.9955E-05 0.168329 0.76626 9.9955E-05 9.9955E-05
0.115907 9.9937E-05 9.9937E-05 9.9937E-05 9.9937E-05 9.9937E-05 0.057021 0.826373 9.9937E-05 9.9937E-05
0.0772992 9.9937E-05 9.9937E-05 0.0294829 9.9937E-05 9.9937E-05 9.9937E-05 0.892518 9.9937E-05 9.9937E-05
0.0372062 9.9973E-05 0.0278348 0.140827 9.9973E-05 0.0739915 0.152991 0.460825 0.106025 9.9973E-05
9.997E-05 0.0334758 0.0902511 0.293919 9.997E-05 0.0840935 0.0742751 0.411627 9.997E-05 0.0120586
0.0757773 9.9973E-05 0.0635946 0.0873013 9.9973E-05 0.0140598 0.114677 0.560648 0.0836424 9.9973E-05
0.0325308 0.00148208 0.0222585 9.9973E-05 9.9973E-05 0.0259023 0.0917813 0.725042 0.100703 9.9973E-05
9.99551E-05 9.99551E-05 0.0934245 0.0910329 9.99551E-05 9.99551E-05 0.0295473 0.692356 0.0931397 9.99551E-05
9.9937E-05 9.9937E-05 0.1506 0.134495 9.9937E-05 9.9937E-05 9.9937E-05 0.714206 9.9937E-05 9.9937E-05
9.99549E-05 9.99549E-05 0.0616964 0.00832201 9.99549E-05 9.99549E-05 0.133804 0.638051 0.157627 9.99549E-05
0.171578 0.0321808 9.9946E-05 0.551451 9.9946E-05 9.9946E-05 9.9946E-05 0.244191 9.9946E-05 9.9946E-05
0.0475351 9.9955E-05 9.9955E-05 0.557183 9.9955E-05 9.9955E-05 0.024483 0.317361 0.0529373 9.9955E-05
9.9955E-05 0.0609166 9.9955E-05 0.351261 9.9955E-05 0.0100589 9.9955E-05 0.536732 0.0405312 9.9955E-05
9.9937E-05 9.9937E-05 9.9937E-05 0.0335319 9.9937E-05 9.9937E-05 0.143692 0.822076 9.9937E-05 9.9937E-05
0.0239034 0.0294667 0.0129492 0.0399698 0.0166835 0.00149203 0.189184 0.65995 9.9991E-05 0.0263011
0.168135 0.0344152 9.9955E-05 0.0280683 9.9955E-05 9.9955E-05 0.00699545 0.761887 9.9955E-05 9.9955E-05
9.9946E-05 0.03885 9.9946E-05 0.0527706 9.9946E-05 0.0512585 9.9946E-05 0.856521 9.9946E-05 9.9946E-05
0.155033 9.9955E-05 0.0716732 9.9955E-05 0.126105 9.9955E-05 9.9955E-05 0.563635 9.9955E-05 0.0830537
9.9937E-05 0.148951 9.9937E-05 9.9937E-05 9.9937E-05 9.9937E-05 9.9937E-05 0.647732 9.9937E-05 0.202617
9.9946E-05 9.9946E-05 9.9946E-05 0.0970491 9.9946E-05 0.0291441 9.9946E-05 0.756155 0.117052 9.9946E-05
9.99369E-05 9.99369E-05 9.99369E-05 0.573346 9.99369E-05 9.99369E-05 9.99369E-05 0.324036 0.101919 9.99369E-05
0.141612 0.0651764 9.9955E-05 0.251593 9.9955E-05 9.9955E-05 9.9955E-05 0.472369 0.0687502 9.9955E-05
0.0868041 9.9955E-05 9.9955E-05 0.455915 9.9955E-05 9.9955E-05 0.0361191 0.375455 0.0452064 9.9955E-05
9.9955E-05 9.9955E-05 0.0215718 0.753819 9.9955E-05 0.0465775 9.9955E-05 0.0651012 0.11243 9.9955E-05
9.9955E-05 9.9955E-05 0.0191074 0.0553112 9.9955E-05 9.9955E-05 9.9955E-05 0.810528 0.114081 0.000472478
0.0513566 9.9964E-05 0.0012282 0.534941 9.9964E-05 9.9964E-05 0.0700869 0.288309 0.0536783 9.9964E-05
9.9946E-05 9.9946E-05 9.9946E-05 0.250397 0.00697071 9.9946E-05 0.13011 0.611922 9.9946E-05 9.9946E-05
0.0323518 9.99639E-05 9.99639E-05 0.209589 9.99639E-05 0.0586162 0.0400933 0.522861 0.13609 9.99639E-05
9.9946E-05 0.0234714 9.9946E-05 0.317576 9.9946E-05 9.9946E-05 9.9946E-05 0.582458 0.0758955 9.9946E-05
9.9946E-05 0.779653 9.9946E-05 0.160014 9.9946E-05 9.9946E-05 9.9946E-05 9.9946E-05 0.0377058 0.0220278
9.9937E-05 0.579561 9.9937E-05 9.9937E-05 0.0870439 9.9937E-05 9.9937E-05 9.9937E-05 9.9937E-05 0.332695
9.9955E-05 0.518397 0.0398871 9.9955E-05 0.113824 9.9955E-05 9.9955E-05 9.9955E-05 0.105056 0.222337
9.99639E-05 0.0819401 9.99639E-05 0.0430246 0.0545885 0.0196739 9.99639E-05 9.99639E-05 0.117984 0.682389
9.99459E-05 9.99459E-05 9.99459E-05 9.99459E-05 0.083873 9.99459E-05 9.99459E-05 0.0498418 0.158357 0.707328
9.9964E-05 0.0937392 9.9964E-05 0.00330781 0.103028 9.9964E-05 9.9964E-05 0.00183874 0.0466231 0.751064
0.0232805 0.285077 9.9964E-05 0.0595986 0.31491 9.9964E-05 0.0105535 9.9964E-05 9.9964E-05 0.30618
0.031507 0.64143 9.9964E-05 9.9964E-05 0.20174 9.9964E-05 9.9964E-05 0.00230722 0.0359479 0.0866682
9.99372E-05 0.699508 9.99372E-05 0.00274462 9.99372E-05 9.99372E-05 9.99372E-05 9.99372E-05 0.297048 9.99372E-05
9.9955E-05 0.156666 0.00135837 9.9955E-05 0.146066 9.9955E-05 9.9955E-05 0.122414 9.9955E-05 0.572995
9.99282E-05 9.99282E-05 0.0936644 9.99282E-05 9.99282E-05 9.99282E-05 9.99282E-05 9.99282E-05 9.99282E-05 0.905536
0.0123348 9.99461E-05 9.99461E-05 9.99461E-05 0.0190148 0.0244311 9.99461E-05 9.99461E-05 9.99461E-05 0.94362
9.99371E-05 9.99371E-05 0.11799 9.99371E-05 0.0865977 9.99371E-05 9.99371E-05 9.99371E-05 9.99371E-05 0.794712
