0.232839 0.273578 0.400561 0.0929219 9.9991E-05
0.253685 0.205619 0.0624776 0.478119 9.9991E-05
0.0208516 0.44196 0.330335 0.206753 9.9991E-05
0.141179 0.332136 0.418907 0.106529 0.00124878
0.0105852 0.755708 0.212402 9.9991E-05 0.0212047
0.079507 0.420262 0.500031 9.9982E-05 9.9982E-05
9.9973E-05 9.9973E-05 9.9973E-05 0.558046 0.441654
0.135851 0.0448189 9.9991E-05 0.26724 0.55199
9.9973E-05 9.9973E-05 9.9973E-05 0.37334 0.62636
9.9973E-05 9.9973E-05 9.9973E-05 0.416045 0.583655
9.99729E-05 9.99729E-05 9.99729E-05 0.493371 0.506329
0.041391 9.9982E-05 9.9982E-05 0.450911 0.507498
9.9973E-05 9.9973E-05 9.9973E-05 0.237688 0.762012
0.0515233 9.9991E-05 0.0337234 0.13892 0.775733
9.9973E-05 9.9973E-05 9.9973E-05 0.444675 0.555025
9.9973E-05 9.9973E-05 9.9973E-05 0.46067 0.53903
0.0474829 0.310103 0.57222 0.0700935 9.9991E-05
9.999E-05 0.104291 0.452462 0.431389 0.0117574
0.0766257 0.0279435 0.677232 0.0948405 0.123359
9.9982E-05 0.266713 0.648285 9.9982E-05 0.0848023
9.9982E-05 0.261682 0.51289 0.225228 9.9982E-05
9.9973E-05 9.9973E-05 0.816506 0.183194 9.9973E-05
0.263863 0.0431528 0.444467 0.189803 0.058714
0.366037 0.0625945 0.486877 9.9991E-05 0.084391
0.215835 9.9982E-05 0.728196 9.9982E-05 0.0557692
0.247435 9.9973E-05 0.752265 9.9973E-05 9.9973E-05
9.9982E-05 0.37341 0.499796 9.9982E-05 0.126594
9.9982E-05 0.423749 0.492091 9.9982E-05 0.0839606
0.160379 0.429533 0.162663 0.237393 0.010032
9.9991E-05 0.384902 0.273888 0.308914 0.0321961
9.9982E-05 0.104875 0.342297 0.552628 9.9982E-05
9.9991E-05 0.458285 0.2628 0.264163 0.0146515
9.9982E-05 0.371197 0.449282 0.179321 9.9982E-05
0.255778 9.9982E-05 0.679662 9.9982E-05 0.0643599
0.0535664 9.9982E-05 0.568069 0.378165 9.9982E-05
9.9991E-05 0.240962 0.587709 0.125553 0.0456762
9.9982E-05 9.9982E-05 0.509089 0.197487 0.293224
0.118016 0.112088 0.607797 0.0441986 0.117901
0.152512 9.9991E-05 0.636533 0.157601 0.0532544
0.0127006 0.103751 0.76833 0.0576801 0.0575385
0.591163 9.9973E-05 0.408537 9.9973E-05 9.9973E-05
0.169064 0.394457 0.367923 9.9991E-05 0.0684558
9.9991E-05 0.426503 0.402102 0.0398105 0.131485
0.559812 0.0830677 0.190186 9.9991E-05 0.166834
0.268908 0.147854 0.583039 9.9982E-05 9.9982E-05
0.0427733 0.162889 0.680575 0.113663 9.9991E-05
9.9982E-05 9.9982E-05 0.541108 0.4032 0.0554921
0.0118499 0.144937 0.243056 0.598313 0.00184387
9.9982E-05 0.0443407 0.168008 0.787451 9.9982E-05
0.174526 0.0802095 0.286635 0.45853 9.9991E-05
9.9982E-05 0.0346322 0.492739 0.472429 9.9982E-05
0.377251 9.9991E-05 0.449648 0.0726994 0.100302
0.0520162 0.0176081 0.689294 0.175547 0.0655344
0.361552 9.9991E-05 0.598095 0.00649927 0.0337534
0.364787 9.9991E-05 0.559455 0.0466988 0.0289587
0.0578706 0.141363 0.753878 9.9991E-05 0.0467883
0.185098 9.9991E-05 0.0850747 0.192125 0.537602
0.0781158 0.0676579 0.0209269 0.0998036 0.733496
9.9982E-05 0.0736367 0.00946991 9.9982E-05 0.916693
0.12536 9.9982E-05 9.9982E-05 0.161384 0.713056
0.0214776 9.9982E-05 9.9982E-05 0.135993 0.842329
0.00474938 0.0440586 0.0521806 0.171285 0.727727
9.99729E-05 9.99729E-05 9.99729E-05 0.822107 0.177593
9.9991E-05 0.00301112 0.0560007 0.526099 0.414789
9.9982E-05 0.0156238 9.9982E-05 0.390054 0.594122
9.9973E-05 9.9973E-05 9.9973E-05 0.235272 0.764428
9.9991E-05 0.0217817 0.0935698 0.249244 0.635304
0.0234432 9.99821E-05 0.072057 9.99821E-05 0.9043
9.9973E-05 9.9973E-05 9.9973E-05 0.466905 0.532796
0.0321196 9.9982E-05 9.9982E-05 0.189071 0.77861
9.9991E-05 0.0311906 0.0263779 0.462773 0.479559
9.9991E-05 0.0607916 0.0323165 0.122363 0.784429
9.9982E-05 0.023574 9.9982E-05 0.478527 0.497699
9.9991E-05 0.0775901 0.0338034 0.0623459 0.826161
9.9973E-05 9.9973E-05 0.213641 9.9973E-05 0.786059
9.9991E-05 0.0485896 0.0619589 0.088321 0.801031
9.9982E-05 0.0832646 9.9982E-05 0.136091 0.780444
9.9973E-05 0.0664539 9.9973E-05 9.9973E-05 0.933246
0.0450609 9.9982E-05 9.9982E-05 0.0840994 0.87064
9.99729E-05 9.99729E-05 9.99729E-05 0.475421 0.524279
9.9991E-05 0.0519803 0.0995823 0.0913587 0.756979
0.116781 0.750693 0.106216 9.9991E-05 0.0262102
0.908373 9.9982E-05 0.0136792 9.9982E-05 0.077748
0.82842 0.0887746 9.9982E-05 9.9982E-05 0.0826051
9.9991E-05 0.874963 0.0068778 0.0502157 0.067844
0.0124696 0.752696 0.0123435 0.222391 9.9991E-05
0.0363461 0.213617 9.99821E-05 0.749837 9.99821E-05
0.0492434 0.555987 0.0431948 0.337944 0.0136305
0.164565 0.428223 0.103367 0.303745 9.9991E-05
9.9991E-05 0.837551 0.0630104 0.097108 0.00223055
0.0744182 0.68108 9.9982E-05 0.244301 9.9982E-05
9.9982E-05 0.843534 0.0393652 9.9982E-05 0.116901
9.9982E-05 0.614144 0.340371 9.9982E-05 0.0452845
9.9982E-05 0.721907 0.266151 0.0117411 9.9982E-05
9.9982E-05 0.672882 0.230345 0.0965733 9.9982E-05
9.9982E-05 0.481749 0.125411 0.392639 9.9982E-05
9.9982E-05 0.58287 0.273781 0.143149 9.9982E-05
9.9982E-05 0.747693 0.150646 9.9982E-05 0.10146
9.9982E-05 0.737231 0.216816 9.9982E-05 0.0457528
0.184771 0.537604 0.256247 9.9991E-05 0.021279
0.283427 0.475669 0.0776932 0.163111 9.9991E-05
0.417243 0.518757 0.0638004 9.9982E-05 9.9982E-05
0.544432 0.388414 0.0669543 9.9982E-05 9.9982E-05
0.564008 0.435693 9.9973E-05 9.9973E-05 9.9973E-05
9.9973E-05 0.808024 9.9973E-05 0.191676 9.9973E-05
9.9973E-05 0.874096 0.125604 9.9973E-05 9.9973E-05
0.114709 0.623182 0.261909 9.9982E-05 9.9982E-05
0.0621575 0.90597 9.9982E-05 9.9982E-05 0.0316721
9.9982E-05 0.923713 9.9982E-05 0.0311334 0.0449538
0.100725 0.853065 0.0460096 9.9982E-05 9.9982E-05
0.15737 0.777127 0.0653029 9.9982E-05 9.9982E-05
0.189898 0.809802 9.9973E-05 9.9973E-05 9.9973E-05
0.284031 0.48122 0.189102 0.0455475 9.9991E-05
0.32828 0.548069 0.0566319 9.9991E-05 0.0669194
0.157947 0.6973 0.0421515 0.102501 9.9991E-05
0.00866559 0.878586 0.0363598 0.0762889 9.9991E-05
0.120179 0.82794 0.0435667 9.9991E-05 0.00821421
0.137138 0.862562 9.9973E-05 9.9973E-05 9.9973E-05
0.0271395 0.846236 0.0160443 0.11048 9.9991E-05
0.667156 0.257262 9.9982E-05 0.0753821 9.9982E-05
0.58091 0.362761 9.9982E-05 0.0561292 9.9982E-05
0.355584 0.571871 9.9991E-05 0.0624798 0.00996527
0.166232 0.826054 0.00751408 9.9982E-05 9.9982E-05
0.104551 0.750706 0.0578385 9.9991E-05 0.0868051
0.188211 0.786386 9.9982E-05 9.9982E-05 0.0252025
0.0829225 0.884407 0.00713518 0.0254355 9.9991E-05
0.115516 0.58568 0.00197076 9.9991E-05 0.296734
0.0803193 0.550798 9.9982E-05 9.9982E-05 0.368682
0.180683 0.743609 9.9982E-05 0.0755087 9.9982E-05
0.655392 0.285674 9.9982E-05 0.0587337 9.9982E-05
0.365943 0.494559 9.9982E-05 0.139298 9.9982E-05
0.559677 0.42852 9.9982E-05 0.0116035 9.9982E-05
0.956867 0.0340262 9.9982E-05 0.00890731 9.9982E-05
0.186675 0.813025 9.9973E-05 9.9973E-05 9.9973E-05
0.622742 0.349386 9.9982E-05 0.0276718 9.9982E-05
0.359433 0.609812 0.0305556 9.9982E-05 9.9982E-05
0.330787 0.475979 0.0815262 0.111607 9.9991E-05
0.416731 0.497088 9.9982E-05 0.0859811 9.9982E-05
0.0278058 9.9982E-05 9.9982E-05 0.572403 0.399591
9.9973E-05 9.9973E-05 9.9973E-05 0.33925 0.660451
9.9973E-05 9.9973E-05 9.9973E-05 0.425014 0.574686
0.00502879 0.0644505 0.0344072 0.159527 0.736586
9.9982E-05 0.153479 9.9982E-05 0.036774 0.809547
9.9982E-05 0.0732247 9.9982E-05 0.0174133 0.909162
0.0653371 9.9982E-05 9.9982E-05 0.260005 0.674458
9.99729E-05 9.99729E-05 9.99729E-05 0.489997 0.509703
9.99731E-05 9.99731E-05 9.99731E-05 0.902921 0.096779
9.9982E-05 0.0997226 9.9982E-05 0.11382 0.786257
9.99731E-05 9.99731E-05 0.0764363 9.99731E-05 0.923264
9.9973E-05 9.9973E-05 0.0769183 9.9973E-05 0.922782
9.9982E-05 0.06759 0.0226724 9.9982E-05 0.909538
