9.99459E-05 9.99459E-05 9.99459E-05 9.99459E-05 0.635986 0.0558791 0.26979 9.99459E-05 9.99459E-05 0.0377448
0.0439522 9.9964E-05 0.179669 9.9964E-05 0.310128 9.9964E-05 0.108853 0.144343 9.9964E-05 0.212656
9.9964E-05 9.9964E-05 9.9964E-05 0.0867753 0.301052 0.168755 0.288614 0.0439485 9.9964E-05 0.110454
0.0145565 9.9982E-05 0.11438 0.0397378 0.181219 0.515958 0.00194422 9.9982E-05 0.0195083 0.112497
9.9955E-05 0.00178307 9.9955E-05 0.025918 0.220798 0.102513 0.648488 9.9955E-05 9.9955E-05 9.9955E-05
9.9955E-05 9.9955E-05 9.9955E-05 0.0553878 0.355495 0.382696 0.139002 9.9955E-05 9.9955E-05 0.0669202
0.801862 9.9946E-05 0.036155 9.9946E-05 9.9946E-05 9.9946E-05 9.9946E-05 0.138843 9.9946E-05 0.0225397
0.65048 0.0218356 0.0423742 0.180917 9.9964E-05 9.9964E-05 0.0708972 0.0330967 9.9964E-05 9.9964E-05
0.823265 9.9946E-05 9.9946E-05 9.9946E-05 0.0307005 0.0494684 9.9946E-05 9.9946E-05 0.0959668 9.9946E-05
0.89575 9.99371E-05 9.99371E-05 0.0584343 0.0451161 9.99371E-05 9.99371E-05 9.99371E-05 9.99371E-05 9.99371E-05
0.752979 9.99549E-05 0.0417085 9.99549E-05 0.0504649 9.99549E-05 9.99549E-05 0.151354 0.00299457 9.99549E-05
0.334788 9.994E-05 9.994E-05 0.054955 9.994E-05 9.994E-05 0.00357199 0.606085 9.994E-05 9.994E-05
0.597629 0.268881 9.9946E-05 9.9946E-05 9.9946E-05 9.9946E-05 0.0141452 0.118744 9.9946E-05 9.9946E-05
0.708887 0.263189 9.9937E-05 0.0272245 9.9937E-05 9.9937E-05 9.9937E-05 9.9937E-05 9.9937E-05 9.9937E-05
0.864563 0.000759953 9.9955E-05 9.9955E-05 0.0431142 9.9955E-05 9.9955E-05 0.0683442 9.9955E-05 0.0227189
0.693702 9.99371E-05 0.0124027 9.99371E-05 9.99371E-05 9.99371E-05 9.99371E-05 0.293196 9.99371E-05 9.99371E-05
9.9946E-05 9.9946E-05 0.0137337 0.653011 9.9946E-05 9.9946E-05 0.276384 0.0562717 9.9946E-05 9.9946E-05
0.0698377 9.9955E-05 9.9955E-05 0.460191 9.9955E-05 9.9955E-05 0.0330156 0.00298186 9.9955E-05 0.433474
9.9955E-05 0.0869079 9.9955E-05 0.312111 0.372136 0.0691468 9.9955E-05 9.9955E-05 9.9955E-05 0.159198
9.9937E-05 9.9937E-05 9.9937E-05 0.690488 9.9937E-05 0.196392 0.11242 9.9937E-05 9.9937E-05 9.9937E-05
0.0101004 9.99549E-05 9.99549E-05 0.453105 9.99549E-05 0.0355667 0.204478 9.99549E-05 9.99549E-05 0.29625
9.9946E-05 9.9946E-05 9.9946E-05 0.666737 9.9946E-05 0.0955839 9.9946E-05 9.9946E-05 0.00861343 0.228466
9.9955E-05 9.9955E-05 0.0322992 0.0360453 0.582762 9.9955E-05 0.146367 0.202026 9.9955E-05 9.9955E-05
9.9946E-05 0.0134628 9.9946E-05 0.0940893 0.64196 9.9946E-05 0.249889 9.9946E-05 9.9946E-05 9.9946E-05
9.99551E-05 0.0331057 9.99551E-05 0.17747 0.671596 0.0717896 0.0455382 9.99551E-05 9.99551E-05 9.99551E-05
9.9946E-05 9.9946E-05 0.12889 0.524755 0.138722 0.207033 9.9946E-05 9.9946E-05 9.9946E-05 9.9946E-05
9.9937E-05 0.0528459 9.9937E-05 0.589162 9.9937E-05 9.9937E-05 0.357293 9.9937E-05 9.9937E-05 9.9937E-05
9.9955E-05 0.0659279 9.9955E-05 0.41057 0.05934 0.160908 0.302754 9.9955E-05 9.9955E-05 9.9955E-05
0.106979 9.9955E-05 0.155684 0.190857 9.9955E-05 9.9955E-05 0.367371 9.9955E-05 9.9955E-05 0.17861
0.148312 9.9964E-05 0.0178799 0.197813 9.9964E-05 0.0391984 0.281712 9.9964E-05 9.9964E-05 0.314685
9.9946E-05 9.9946E-05 9.9946E-05 0.170304 9.9946E-05 0.261446 9.9946E-05 0.270457 9.9946E-05 0.297193
9.99549E-05 9.99549E-05 9.99549E-05 0.240849 9.99549E-05 0.256024 0.22898 0.166469 9.99549E-05 0.107178
9.9964E-05 9.9964E-05 9.9964E-05 0.282744 0.0527218 0.415917 0.0950654 0.00897793 9.9964E-05 0.144174
0.0176741 0.00707393 9.99459E-05 0.0724563 0.902196 9.99459E-05 9.99459E-05 9.99459E-05 9.99459E-05 9.99459E-05
9.9937E-05 9.9937E-05 9.9937E-05 9.9937E-05 0.800747 9.9937E-05 9.9937E-05 0.162823 9.9937E-05 0.0357314
9.9964E-05 9.9964E-05 0.0128007 0.55358 0.0498267 0.061662 0.193181 0.12855 9.9964E-05 9.9964E-05
9.9964E-05 0.203105 9.9964E-05 0.0194306 0.387254 0.0910143 9.9964E-05 0.194091 9.9964E-05 0.104705
9.9955E-05 0.0602049 9.9955E-05 0.307653 0.507888 9.9955E-05 0.0688667 0.0548873 9.9955E-05 9.9955E-05
0.00409177 0.0931867 0.0624709 0.242852 0.393195 9.9964E-05 9.9964E-05 9.9964E-05 9.9964E-05 0.203804
0.019407 9.9964E-05 9.9964E-05 0.583888 0.182616 0.145389 9.9964E-05 9.9964E-05 0.0352945 0.0330056
9.9946E-05 9.9946E-05 0.536344 0.0661257 0.10738 0.289551 9.9946E-05 9.9946E-05 9.9946E-05 9.9946E-05
9.9955E-05 0.0826945 0.281719 0.17643 9.9955E-05 0.452412 9.9955E-05 9.9955E-05 9.9955E-05 0.00624354
9.9964E-05 0.159851 9.9964E-05 0.061835 0.107222 0.443802 0.077989 9.9964E-05 9.9964E-05 0.148901
9.99549E-05 0.147151 0.579799 0.00837252 0.0250732 0.239104 9.99549E-05 9.99549E-05 9.99549E-05 9.99549E-05
0.0492476 9.99551E-05 0.165273 0.241012 0.0593598 0.484607 9.99551E-05 9.99551E-05 9.99551E-05 9.99551E-05
9.9946E-05 9.9946E-05 9.9946E-05 0.217799 0.256118 0.432301 9.9946E-05 9.9946E-05 9.9946E-05 0.0931825
9.9946E-05 9.9946E-05 9.9946E-05 0.554298 9.9946E-05 9.9946E-05 9.9946E-05 0.0106027 0.0796035 0.354896
9.99459E-05 9.99459E-05 0.0702663 0.139056 9.99459E-05 9.99459E-05 9.99459E-05 0.100025 9.99459E-05 0.690052
9.9937E-05 9.9937E-05 9.9937E-05 0.015554 9.9937E-05 9.9937E-05 9.9937E-05 0.0503058 9.9937E-05 0.933441
9.9937E-05 9.9937E-05 0.179954 9.9937E-05 0.111943 9.9937E-05 9.9937E-05 9.9937E-05 9.9937E-05 0.707403
9.99459E-05 0.00643038 9.99459E-05 0.283184 9.99459E-05 9.99459E-05 9.99459E-05 9.99459E-05 0.0609027 0.648884
0.097738 9.9946E-05 0.3981 0.500519 9.9946E-05 9.9946E-05 9.9946E-05 9.9946E-05 0.00304341 9.9946E-05
9.9955E-05 9.9955E-05 9.9955E-05 0.565074 0.0597622 9.9955E-05 0.0239234 9.9955E-05 0.0873448 0.263395
9.9946E-05 0.0163338 0.320415 0.593963 0.0686886 9.9946E-05 9.9946E-05 9.9946E-05 9.9946E-05 9.9946E-05
0.00894703 9.99369E-05 0.353185 0.637169 9.99369E-05 9.99369E-05 9.99369E-05 9.99369E-05 9.99369E-05 9.99369E-05
9.9937E-05 9.9937E-05 9.9937E-05 0.709736 9.9937E-05 0.215309 0.0742556 9.9937E-05 9.9937E-05 9.9937E-05
0.325994 9.9946E-05 0.0328346 9.9946E-05 0.327894 9.9946E-05 9.9946E-05 9.9946E-05 0.312678 9.9946E-05
0.329173 0.324867 9.9955E-05 9.9955E-05 0.183026 9.9955E-05 0.0118882 9.9955E-05 0.150546 9.9955E-05
9.9937E-05 0.417879 9.9937E-05 9.9937E-05 0.0409173 9.9937E-05 9.9937E-05 9.9937E-05 0.540504 9.9937E-05
0.116619 9.9946E-05 0.102263 0.0452957 9.9946E-05 9.9946E-05 9.9946E-05 9.9946E-05 0.735223 9.9946E-05
0.106578 0.114129 9.9955E-05 9.9955E-05 9.9955E-05 0.0240024 9.9955E-05 0.166764 0.588026 9.9955E-05
9.9937E-05 9.9937E-05 9.9937E-05 0.10632 9.9937E-05 9.9937E-05 9.9937E-05 0.0647798 0.828201 9.9937E-05
0.0598243 9.99459E-05 9.99459E-05 9.99459E-05 0.0110684 9.99459E-05 9.99459E-05 0.713186 9.99459E-05 0.215322
9.99459E-05 0.0792864 9.99459E-05 0.064302 9.99459E-05 0.00716317 9.99459E-05 0.848649 9.99459E-05 9.99459E-05
0.449763 9.99459E-05 9.99459E-05 9.99459E-05 9.99459E-05 0.0654333 9.99459E-05 0.334959 0.149246 9.99459E-05
0.670301 0.0386674 9.9946E-05 9.9946E-05 0.041973 9.9946E-05 9.9946E-05 9.9946E-05 0.248459 9.9946E-05
0.29517 0.323684 9.9955E-05 9.9955E-05 0.12208 9.9955E-05 9.9955E-05 0.203217 9.9955E-05 0.05535
0.213347 0.655645 9.99371E-05 9.99371E-05 0.130309 9.99371E-05 9.99371E-05 9.99371E-05 9.99371E-05 9.99371E-05
0.216818 0.192522 9.9946E-05 9.9946E-05 0.14802 9.9946E-05 9.9946E-05 0.442041 9.9946E-05 9.9946E-05
0.11938 0.359224 0.000951358 9.9964E-05 0.0698153 9.9964E-05 9.9964E-05 0.36413 0.086099 9.9964E-05
0.0389949 0.0838526 9.9964E-05 0.00471749 0.0759274 0.0260414 9.9964E-05 0.770066 9.9964E-05 9.9964E-05
0.0904051 0.432685 9.9955E-05 9.9955E-05 0.0200093 9.9955E-05 9.9955E-05 0.401255 0.0551461 9.9955E-05
9.9946E-05 0.0599054 9.9946E-05 9.9946E-05 9.9946E-05 9.9946E-05 0.037589 0.857906 0.0440003 9.9946E-05
9.9964E-05 0.428095 9.9964E-05 0.0599773 9.9964E-05 0.00306077 0.0155467 0.236999 0.255922 9.9964E-05
9.9937E-05 0.782725 9.9937E-05 0.0872123 9.9937E-05 9.9937E-05 9.9937E-05 0.129363 9.9937E-05 9.9937E-05
9.9955E-05 0.303201 9.9955E-05 0.0215436 9.9955E-05 9.9955E-05 9.9955E-05 0.132488 0.507529 0.0347389
9.9946E-05 0.289618 9.9946E-05 9.9946E-05 9.9946E-05 0.0588197 9.9946E-05 0.328261 0.322702 9.9946E-05
9.9937E-05 0.347781 9.9937E-05 9.9937E-05 9.9937E-05 0.00827393 9.9937E-05 9.9937E-05 0.643246 9.9937E-05
0.23991 0.167744 9.9946E-05 9.9946E-05 0.0176769 9.9946E-05 9.9946E-05 9.9946E-05 0.574069 9.9946E-05
0.0461138 9.9955E-05 9.9955E-05 0.00481992 9.9955E-05 9.9955E-05 9.9955E-05 0.543064 0.341345 0.0641572
9.99461E-05 9.99461E-05 9.99461E-05 9.99461E-05 0.00305165 0.0719079 9.99461E-05 9.99461E-05 0.913451 0.0109893
9.99551E-05 0.0152931 9.99551E-05 0.137547 0.0315015 9.99551E-05 0.805534 9.99551E-05 9.99551E-05 0.00962521
9.9946E-05 0.0379495 0.787021 0.0384215 9.9946E-05 9.9946E-05 0.136008 9.9946E-05 9.9946E-05 9.9946E-05
9.9937E-05 0.0693856 0.708913 9.9937E-05 9.9937E-05 9.9937E-05 0.221001 9.9937E-05 9.9937E-05 9.9937E-05
0.00845076 0.054312 9.9964E-05 9.9964E-05 0.0134396 0.0785105 0.704924 9.9964E-05 9.9964E-05 0.139963
0.0651955 9.9937E-05 9.9937E-05 9.9937E-05 9.9937E-05 9.9937E-05 0.631453 9.9937E-05 9.9937E-05 0.302652
9.99371E-05 9.99371E-05 0.159148 9.99371E-05 9.99371E-05 9.99371E-05 9.99371E-05 0.00401576 9.99371E-05 0.836137
9.99461E-05 9.99461E-05 0.189729 9.99461E-05 9.99461E-05 0.575827 9.99461E-05 0.0931495 9.99461E-05 0.140695
0.0561761 9.9955E-05 0.297829 9.9955E-05 0.0482945 0.430851 9.9955E-05 9.9955E-05 9.9955E-05 0.16635
9.9946E-05 9.9946E-05 0.0554325 9.9946E-05 9.9946E-05 0.605932 0.257619 9.9946E-05 9.9946E-05 0.0804171
9.99549E-05 9.99549E-05 0.261111 9.99549E-05 9.99549E-05 0.311297 0.194659 0.0111091 9.99549E-05 0.221324
9.9937E-05 0.0335796 9.9937E-05 9.9937E-05 9.9937E-05 0.850573 0.115148 9.9937E-05 9.9937E-05 9.9937E-05
9.9937E-05 0.010292 9.9937E-05 0.0338989 9.9937E-05 0.95511 9.9937E-05 9.9937E-05 9.9937E-05 9.9937E-05
0.0432797 9.99639E-05 9.99639E-05 9.99639E-05 0.202109 0.465758 0.280179 9.99639E-05 0.00255839 0.0057153
9.9973E-05 9.9973E-05 0.0495955 9.9973E-05 0.0560777 0.697192 0.123938 0.0147897 0.0046253 0.053481
0.0290589 9.99369E-05 9.99369E-05 9.99369E-05 9.99369E-05 0.575569 9.99369E-05 9.99369E-05 9.99369E-05 0.394673
0.0165268 9.9964E-05 9.9964E-05 0.0085657 0.118916 0.666096 0.0539537 9.9964E-05 9.9964E-05 0.135542
9.9937E-05 0.0313787 9.9937E-05 9.9937E-05 9.9937E-05 0.732232 0.23569 9.9937E-05 9.9937E-05 9.9937E-05
9.9964E-05 0.00182908 9.9964E-05 0.0536417 0.0541587 0.666882 0.213756 0.0093328 9.9964E-05 9.9964E-05
9.99639E-05 9.99639E-05 0.188548 0.0118078 0.0940635 0.528414 0.16488 0.0118873 9.99639E-05 9.99639E-05
0.0350258 9.99549E-05 0.311796 0.0309115 9.99549E-05 9.99549E-05 0.411664 9.99549E-05 9.99549E-05 0.210103
9.9955E-05 9.9955E-05 0.256567 9.9955E-05 0.0935637 0.00568005 0.601269 9.9955E-05 9.9955E-05 0.0424205
9.9955E-05 9.9955E-05 0.427304 0.0277446 0.0651085 9.9955E-05 0.458025 9.9955E-05 9.9955E-05 0.0213182
9.9937E-05 9.9937E-05 0.549326 0.00436937 9.9937E-05 9.9937E-05 0.445605 9.9937E-05 9.9937E-05 9.9937E-05
9.9937E-05 9.9937E-05 9.9937E-05 9.9937E-05 9.9937E-05 9.9937E-05 0.719556 9.9937E-05 0.018894 0.26085
9.99371E-05 9.99371E-05 9.99371E-05 0.0767116 0.0539863 9.99371E-05 0.868603 9.99371E-05 9.99371E-05 9.99371E-05
9.9946E-05 9.9946E-05 9.9946E-05 0.0967913 0.177852 9.9946E-05 0.650743 9.9946E-05 9.9946E-05 0.0740145
0.0107006 9.9946E-05 9.9946E-05 0.0412424 9.9946E-05 9.9946E-05 0.91829 9.9946E-05 9.9946E-05 0.0291671
9.9964E-05 0.0228019 9.9964E-05 9.9964E-05 0.042566 0.00280008 0.855661 9.9964E-05 0.0114662 0.0643054
9.9946E-05 9.9946E-05 0.0307605 9.9946E-05 0.0692867 0.182956 0.716397 9.9946E-05 9.9946E-05 9.9946E-05
9.9937E-05 9.9937E-05 9.9937E-05 0.01398 0.127302 9.9937E-05 0.858018 9.9937E-05 9.9937E-05 9.9937E-05
9.9937E-05 9.9937E-05 0.0709889 9.9937E-05 0.110475 9.9937E-05 0.817837 9.9937E-05 9.9937E-05 9.9937E-05
9.99549E-05 9.99549E-05 0.161565 9.99549E-05 0.118305 0.152089 0.423446 9.99549E-05 9.99549E-05 0.144096
9.9964E-05 0.0249154 0.301818 0.0851771 9.9964E-05 0.0515878 0.470433 9.9964E-05 9.9964E-05 0.0656686
9.9955E-05 9.9955E-05 0.0357361 9.9955E-05 0.226261 0.0457692 0.57992 9.9955E-05 9.9955E-05 0.111813
9.99641E-05 9.99641E-05 9.99641E-05 0.0296573 0.00774156 0.129943 0.749377 0.0100707 9.99641E-05 0.0728112
0.0326849 9.99641E-05 0.159558 0.0269661 9.99641E-05 0.0401498 0.712218 9.99641E-05 9.99641E-05 0.0280228
9.9946E-05 9.9946E-05 0.0928056 0.0766209 9.9946E-05 9.9946E-05 0.823889 9.9946E-05 9.9946E-05 0.00608516
9.99459E-05 9.99459E-05 0.103826 9.99459E-05 9.99459E-05 0.202772 0.586897 9.99459E-05 9.99459E-05 0.105905
9.9946E-05 9.9946E-05 0.465468 9.9946E-05 0.184251 9.9946E-05 0.310866 0.038815 9.9946E-05 9.9946E-05
9.9964E-05 9.9964E-05 0.537643 9.9964E-05 0.042039 0.0411599 0.329242 0.0388473 9.9964E-05 0.0106692
9.9946E-05 9.9946E-05 0.351576 9.9946E-05 0.0207329 9.9946E-05 0.564839 0.0622527 9.9946E-05 9.9946E-05
9.9946E-05 9.9946E-05 0.0396961 9.9946E-05 0.00958872 0.170956 0.77916 9.9946E-05 9.9946E-05 9.9946E-05
9.996E-05 0.0548934 0.0956708 0.0235824 9.996E-05 0.162485 0.634276 0.0286934 9.996E-05 9.996E-05
9.9946E-05 9.9946E-05 0.0572324 9.9946E-05 0.210486 9.9946E-05 0.706227 9.9946E-05 0.0254541 9.9946E-05
9.9955E-05 9.9955E-05 0.0842167 0.0276293 9.9955E-05 0.00421289 0.83216 0.0512811 9.9955E-05 9.9955E-05
0.0773239 9.9946E-05 9.9946E-05 9.9946E-05 0.248307 9.9946E-05 0.514757 9.9946E-05 0.159013 9.9946E-05
9.9946E-05 0.0202211 9.9946E-05 9.9946E-05 9.9946E-05 9.9946E-05 0.604962 0.109899 0.264318 9.9946E-05
9.9937E-05 9.9937E-05 0.170732 9.9937E-05 9.9937E-05 9.9937E-05 0.716034 9.9937E-05 9.9937E-05 0.112535
9.99369E-05 9.99369E-05 0.605293 9.99369E-05 9.99369E-05 9.99369E-05 0.32663 9.99369E-05 9.99369E-05 0.067377
9.9946E-05 9.9946E-05 0.361549 9.9946E-05 0.0753544 9.9946E-05 0.445132 0.117365 9.9946E-05 9.9946E-05
0.0155895 9.9955E-05 0.475315 9.9955E-05 0.123885 0.00568546 0.379026 9.9955E-05 9.9955E-05 9.9955E-05
9.9946E-05 9.9946E-05 0.804456 0.0146883 9.9946E-05 9.9946E-05 0.109923 9.9946E-05 9.9946E-05 0.0703328
9.9937E-05 9.9937E-05 0.0801368 9.9937E-05 9.9937E-05 9.9937E-05 0.801701 9.9937E-05 9.9937E-05 0.117463
9.9955E-05 9.9955E-05 0.611995 9.9955E-05 0.0333049 0.0192536 0.328923 9.9955E-05 9.9955E-05 0.00602442
0.0130438 9.9955E-05 0.248465 0.0281 9.9955E-05 0.0806512 0.62924 9.9955E-05 9.9955E-05 9.9955E-05
9.99549E-05 9.99549E-05 0.256488 9.99549E-05 0.120683 0.0388669 0.409763 9.99549E-05 9.99549E-05 0.1737
9.9946E-05 9.9946E-05 0.399864 9.9946E-05 9.9946E-05 9.9946E-05 0.524375 0.0441814 9.9946E-05 0.0309797
9.9946E-05 9.9946E-05 0.132455 9.9946E-05 9.9946E-05 9.9946E-05 9.9946E-05 0.64189 0.18556 0.0394961
0.134758 9.9955E-05 0.0183807 9.9955E-05 0.0228951 9.9955E-05 9.9955E-05 0.225375 0.598091 9.9955E-05
0.189224 9.9964E-05 0.0288277 9.9964E-05 9.9964E-05 0.00580163 9.9964E-05 0.317046 0.42118 0.0375214
0.129965 9.9973E-05 0.0271028 0.00584124 9.9973E-05 0.0560716 0.0162352 9.9973E-05 0.750618 0.0138662
0.0590233 0.173124 9.9955E-05 9.9955E-05 9.9955E-05 0.0154268 0.110949 9.9955E-05 0.640977 9.9955E-05
0.012427 0.117053 9.9937E-05 9.9937E-05 9.9937E-05 9.9937E-05 9.9937E-05 9.9937E-05 0.869821 9.9937E-05
0.181947 0.352469 0.0653924 9.9955E-05 9.9955E-05 9.9955E-05 9.9955E-05 0.386531 0.0131598 9.9955E-05
0.183907 0.10117 9.9946E-05 9.9946E-05 9.9946E-05 9.9946E-05 9.9946E-05 0.622244 0.0920792 9.9946E-05
9.99372E-05 9.99372E-05 0.0888103 9.99372E-05 9.99372E-05 9.99372E-05 9.99372E-05 0.811408 9.99372E-05 0.0990819
0.0392344 0.468514 9.99549E-05 9.99549E-05 9.99549E-05 9.99549E-05 0.0911336 0.165804 0.234814 9.99549E-05
9.99281E-05 0.997637 9.99281E-05 0.00156354 9.99281E-05 9.99281E-05 9.99281E-05 9.99281E-05 9.99281E-05 9.99281E-05
9.9928E-05 0.664957 9.9928E-05 9.9928E-05 9.9928E-05 9.9928E-05 9.9928E-05 9.9928E-05 0.334244 9.9928E-05
0.0328654 0.888166 9.9964E-05 9.9964E-05 9.9964E-05 0.0229756 0.0273911 0.000648917 9.9964E-05 0.0275536
