9.9991E-05 0.167704 0.456059 0.376137
9.999E-05 0.516094 0.118418 0.365388
9.9991E-05 0.172516 0.377582 0.449802
0.0308827 0.125756 0.48495 0.358412
0.0471337 9.9991E-05 0.306282 0.646484
9.9982E-05 9.9982E-05 0.578087 0.421713
0.454207 0.545593 9.9982E-05 9.9982E-05
0.522262 0.33175 0.05296 0.0930281
0.651596 0.348204 9.9982E-05 9.9982E-05
0.609355 0.369736 0.0208098 9.9991E-05
0.520188 0.479612 9.9982E-05 9.9982E-05
0.510894 0.488906 9.99819E-05 9.99819E-05
0.775012 0.224788 9.9982E-05 9.9982E-05
0.801448 0.198352 9.9982E-05 9.9982E-05
0.561705 0.438095 9.9982E-05 9.9982E-05
0.498034 0.501766 9.9982E-05 9.9982E-05
0.00225718 0.111168 0.606833 0.279743
0.0157804 0.44834 0.47613 0.0597488
0.0840174 0.18049 0.73299 0.00250222
0.12103 9.9991E-05 0.759405 0.119465
0.0293373 0.240104 0.54394 0.18662
9.9982E-05 0.197126 0.802674 9.9982E-05
0.018913 0.274411 0.485545 0.22113
0.0785864 0.0303256 0.586991 0.304097
0.0718022 9.9991E-05 0.818913 0.109185
9.9991E-05 0.00626939 0.834745 0.158885
0.131703 9.9991E-05 0.571885 0.296312
0.140063 9.9991E-05 0.460391 0.399446
0.0371976 0.255803 0.145339 0.56166
0.0682869 0.31533 0.245471 0.370912
9.9982E-05 0.555017 0.444783 9.9982E-05
0.0840551 0.23396 0.336313 0.345671
9.9991E-05 0.191713 0.541896 0.266292
0.0538133 0.102044 0.81846 0.0256831
9.9982E-05 0.398689 0.601111 9.9982E-05
0.0549503 0.120133 0.674119 0.150798
0.275807 0.1955 0.528592 9.9991E-05
0.0958044 0.114811 0.694064 0.0953202
0.0462852 0.23627 0.717345 9.9991E-05
0.0452829 0.0733846 0.814957 0.0663754
9.9991E-05 0.247441 0.440676 0.311783
0.100595 0.0396219 0.383863 0.475921
0.16867 0.0720776 0.4869 0.272352
0.16443 0.0820422 0.216508 0.53702
9.9991E-05 0.0969652 0.592642 0.310293
9.9991E-05 0.144935 0.733921 0.121044
0.0514823 0.429953 0.518465 9.9991E-05
9.9991E-05 0.64479 0.194089 0.161021
9.9991E-05 0.748362 0.170204 0.0813347
9.9991E-05 0.515671 0.237212 0.247017
9.9982E-05 0.518346 0.481454 9.9982E-05
0.0646042 0.282124 0.495954 0.157317
0.0426008 0.237838 0.719461 9.9991E-05
0.0236013 0.155797 0.736118 0.0844837
0.00636143 0.185404 0.712613 0.0956216
0.0820779 9.9991E-05 0.770701 0.147121
0.520153 0.215992 0.229501 0.0343536
0.778137 0.0839574 0.10478 0.0331259
0.937783 9.9991E-05 0.0195742 0.0425428
0.741597 0.218977 0.0393263 9.9991E-05
0.833654 0.166146 9.9982E-05 9.9982E-05
0.712355 0.196136 0.0914087 9.9991E-05
0.182164 0.817636 9.9982E-05 9.9982E-05
0.443806 0.510062 0.0460313 9.9991E-05
0.615488 0.384312 9.9982E-05 9.9982E-05
0.751892 0.247908 9.9982E-05 9.9982E-05
0.597769 0.246714 0.155417 9.9991E-05
0.913696 9.99821E-05 0.0861037 9.99821E-05
0.575921 0.423879 9.9982E-05 9.9982E-05
0.791011 0.204261 0.00462833 9.9991E-05
0.485076 0.439903 0.0564446 0.0185759
0.787873 0.144146 0.0678812 9.9991E-05
0.538738 0.461062 9.9982E-05 9.9982E-05
0.835887 0.0928454 0.0257866 0.0454809
0.79891 9.9982E-05 0.20089 9.9982E-05
0.833931 0.102207 0.0637615 9.9991E-05
0.774957 0.190624 9.9991E-05 0.0343187
0.9765 9.9982E-05 9.9982E-05 0.0233
0.86379 0.13601 9.9982E-05 9.9982E-05
0.523831 0.475969 9.9982E-05 9.9982E-05
0.763522 0.135814 0.0667273 0.0339366
0.0719077 9.9991E-05 0.10041 0.827582
0.00746329 0.206626 0.0237448 0.762166
0.0548602 0.140612 9.9991E-05 0.804428
0.120145 0.0187887 0.00620995 0.854857
0.0128344 0.192732 0.074528 0.719905
9.9982E-05 0.729432 9.9982E-05 0.270368
0.0889152 0.258809 0.059107 0.593169
9.9991E-05 0.314482 0.158063 0.527355
0.0769391 0.0723681 0.0746895 0.776003
9.9982E-05 0.2314 9.9982E-05 0.7684
0.189195 9.9991E-05 0.0360093 0.774696
0.0734023 9.9991E-05 0.413218 0.51328
0.0451587 9.9991E-05 0.349019 0.605722
0.0818472 0.0628574 0.264752 0.590544
9.9991E-05 0.392561 0.224063 0.383276
9.9991E-05 0.112233 0.4 0.487667
0.159865 9.9991E-05 0.142303 0.697732
0.0985074 9.9991E-05 0.340299 0.561093
0.0365971 0.0493157 0.286495 0.627592
9.9991E-05 0.187951 0.114974 0.696975
9.9991E-05 0.059187 0.066998 0.873715
9.9991E-05 0.0849306 0.0745618 0.840408
9.9982E-05 0.149256 9.9982E-05 0.850544
0.05761 0.147228 9.9991E-05 0.795062
0.0346623 9.9991E-05 0.151928 0.813309
0.0209846 9.9991E-05 0.295798 0.683117
0.0789088 9.9982E-05 9.9982E-05 0.920891
0.109362 9.9991E-05 0.00910875 0.881429
0.0168632 9.9991E-05 0.127026 0.856011
0.0425107 9.9991E-05 0.0995713 0.857818
0.00205945 9.9991E-05 0.0162627 0.981578
9.9991E-05 0.103674 0.274516 0.62171
0.0431314 0.0711817 0.100606 0.785081
9.9991E-05 0.131424 0.128069 0.740407
0.0335264 0.0315141 0.0878125 0.847147
0.0412178 0.0136669 9.9991E-05 0.945015
0.0510213 9.9982E-05 9.9982E-05 0.948779
0.0197451 0.0665934 0.0227198 0.890942
9.9982E-05 0.246375 9.9982E-05 0.753425
9.9982E-05 0.235421 9.9982E-05 0.76438
0.0250051 0.118041 9.9991E-05 0.856853
0.0363764 9.9991E-05 0.0105805 0.952943
0.102138 9.9991E-05 0.124048 0.773713
0.068484 9.9991E-05 0.0784128 0.853003
0.0547346 9.9982E-05 9.9982E-05 0.945065
0.309244 9.9991E-05 0.033061 0.657595
0.4039 9.9982E-05 9.9982E-05 0.5959
9.9982E-05 0.11164 9.9982E-05 0.88816
9.9982E-05 0.2218 9.9982E-05 0.778
9.9982E-05 0.179601 9.9982E-05 0.820199
9.9982E-05 0.13632 9.9982E-05 0.86348
9.9982E-05 0.312156 9.9982E-05 0.687644
0.0415034 9.9982E-05 9.9982E-05 0.958297
9.9982E-05 0.1724 9.9982E-05 0.8274
0.0150429 0.0313812 0.0383412 0.915235
9.9991E-05 0.134256 0.138803 0.726841
9.9982E-05 0.166186 9.9982E-05 0.833614
0.36115 0.602641 9.9991E-05 0.0361093
0.677577 0.322223 9.9982E-05 9.9982E-05
0.616567 0.383233 9.9982E-05 9.9982E-05
0.713951 0.109405 0.0743601 0.102284
0.825237 0.0456545 9.9991E-05 0.129009
0.950755 0.0340635 9.9991E-05 0.0150815
0.678682 0.274488 9.9991E-05 0.0467307
0.545357 0.454443 9.9982E-05 9.9982E-05
0.109797 0.890003 9.9982E-05 9.9982E-05
0.80906 0.0704607 9.9991E-05 0.120379
0.948883 9.9982E-05 0.0509168 9.9982E-05
0.95386 9.9982E-05 0.0459397 9.9982E-05
0.928945 9.9991E-05 0.0603489 0.0106062
