9.99639E-05 0.341053 0.175555 9.99639E-05 0.325688 0.00697514 9.99639E-05 0.147924 9.99639E-05 0.00240424
9.99639E-05 0.148632 0.00841208 9.99639E-05 0.151451 0.265957 9.99639E-05 0.273844 9.99639E-05 0.151304
9.9964E-05 0.24138 0.302864 9.9964E-05 0.280812 0.147248 0.00433325 9.9964E-05 0.0229633 9.9964E-05
9.9964E-05 0.683492 0.00708587 0.049725 9.9964E-05 0.0681932 0.0510532 0.140051 9.9964E-05 9.9964E-05
9.9937E-05 0.275725 0.60662 9.9937E-05 0.116955 9.9937E-05 9.9937E-05 9.9937E-05 9.9937E-05 9.9937E-05
9.996E-05 0.66595 0.140438 0.0768853 0.0744953 9.996E-05 0.0042399 0.037591 9.996E-05 9.996E-05
0.226808 9.9955E-05 9.9955E-05 9.9955E-05 9.9955E-05 0.0527925 9.9955E-05 0.00100566 0.0491679 0.669726
0.102366 9.9946E-05 0.087879 9.9946E-05 9.9946E-05 9.9946E-05 9.9946E-05 9.9946E-05 0.184776 0.624379
0.119474 9.9955E-05 9.9955E-05 0.0776666 9.9955E-05 0.012153 0.00173028 9.9955E-05 9.9955E-05 0.788476
0.204827 0.0490565 9.9946E-05 9.9946E-05 9.9946E-05 9.9946E-05 0.00213871 9.9946E-05 9.9946E-05 0.743378
0.193347 9.99459E-05 9.99459E-05 9.99459E-05 9.99459E-05 0.0320374 9.99459E-05 0.0364066 9.99459E-05 0.737609
0.694168 9.9946E-05 0.0684062 9.9946E-05 0.00442668 9.9946E-05 9.9946E-05 9.9946E-05 9.9946E-05 0.2324
0.226325 9.9946E-05 9.9946E-05 0.00453757 9.9946E-05 9.9946E-05 0.195172 9.9946E-05 9.9946E-05 0.573366
9.9946E-05 9.9946E-05 9.9946E-05 0.00741231 9.9946E-05 9.9946E-05 0.124523 9.9946E-05 0.0763162 0.791149
0.00160589 9.9955E-05 9.9955E-05 9.9955E-05 0.0172465 0.0743686 0.0413741 9.9955E-05 9.9955E-05 0.864905
0.148265 9.99551E-05 9.99551E-05 9.99551E-05 9.99551E-05 0.0301999 9.99551E-05 0.0172909 0.00682051 0.796924
9.99459E-05 9.99459E-05 0.257355 0.0908011 0.192718 9.99459E-05 9.99459E-05 9.99459E-05 0.458525 9.99459E-05
0.0508438 0.102796 9.99604E-05 9.99604E-05 9.99604E-05 0.162247 9.99604E-05 0.0511967 0.632417 9.99604E-05
9.99369E-05 9.99369E-05 9.99369E-05 0.243893 0.338977 9.99369E-05 9.99369E-05 9.99369E-05 0.416431 9.99369E-05
9.9964E-05 0.0651631 0.152606 0.143753 0.106423 9.9964E-05 0.0364232 9.9964E-05 0.495231 9.9964E-05
9.99549E-05 0.14598 0.179722 0.00231853 9.99549E-05 0.104172 9.99549E-05 9.99549E-05 0.567307 9.99549E-05
9.9937E-05 0.392322 9.9937E-05 9.9937E-05 9.9937E-05 0.0146186 9.9937E-05 9.9937E-05 0.59236 9.9937E-05
0.0943094 9.9955E-05 0.166696 9.9955E-05 0.6337 0.0187083 9.9955E-05 0.0860869 9.9955E-05 9.9955E-05
9.9937E-05 9.9937E-05 0.236416 9.9937E-05 0.680733 9.9937E-05 9.9937E-05 0.0821517 9.9937E-05 9.9937E-05
9.99551E-05 0.181782 0.065093 0.0537298 0.695455 9.99551E-05 9.99551E-05 9.99551E-05 0.00343979 9.99551E-05
9.9946E-05 0.591148 9.9946E-05 9.9946E-05 0.10883 9.9946E-05 9.9946E-05 0.133634 0.165789 9.9946E-05
9.9946E-05 9.9946E-05 0.367786 9.9946E-05 0.247664 9.9946E-05 0.0576781 9.9946E-05 0.326272 9.9946E-05
9.9964E-05 0.0467978 0.307719 0.159691 0.31365 9.9964E-05 0.0539664 9.9964E-05 0.117776 9.9964E-05
9.9964E-05 0.00058231 0.415075 9.9964E-05 9.9964E-05 0.1484 9.9964E-05 0.146016 0.207933 0.0815939
9.996E-05 0.159596 0.285053 9.996E-05 9.996E-05 0.175809 9.996E-05 0.00522036 0.236135 0.137787
0.154269 0.477318 9.99369E-05 9.99369E-05 9.99369E-05 0.367714 9.99369E-05 9.99369E-05 9.99369E-05 9.99369E-05
0.173061 0.437289 0.232128 9.99549E-05 9.99549E-05 0.103162 9.99549E-05 9.99549E-05 0.0538592 9.99549E-05
9.9946E-05 0.689948 0.125626 9.9946E-05 9.9946E-05 0.0838296 9.9946E-05 9.9946E-05 0.0999962 9.9946E-05
9.99459E-05 0.169554 9.99459E-05 9.99459E-05 0.752755 9.99459E-05 9.99459E-05 0.0547258 9.99459E-05 0.022365
0.0132549 9.99369E-05 9.99369E-05 9.99369E-05 0.768069 0.217977 9.99369E-05 9.99369E-05 9.99369E-05 9.99369E-05
0.0201073 9.9955E-05 0.182669 0.0960891 0.353755 9.9955E-05 9.9955E-05 9.9955E-05 0.346879 9.9955E-05
9.99459E-05 0.0574452 9.99459E-05 9.99459E-05 0.449198 0.209905 0.282851 9.99459E-05 9.99459E-05 9.99459E-05
9.995E-05 9.995E-05 0.0708639 0.0683251 0.654303 9.995E-05 0.0213584 9.995E-05 0.18465 9.995E-05
9.9964E-05 0.110826 9.9964E-05 9.9964E-05 0.423927 0.155385 0.0989966 0.0602867 0.150179 9.9964E-05
9.996E-05 0.207773 0.0113142 0.0879398 0.336919 9.996E-05 0.0265762 9.996E-05 0.329078 9.996E-05
9.99371E-05 0.439139 9.99371E-05 0.0793175 9.99371E-05 9.99371E-05 9.99371E-05 0.480844 9.99371E-05 9.99371E-05
9.997E-05 0.125691 0.0210293 0.41375 0.0638985 9.997E-05 0.0726099 0.220634 0.0820871 9.997E-05
9.9964E-05 0.386001 9.9964E-05 0.405151 0.0280416 0.0648187 0.0973022 9.9964E-05 0.0182852 9.9964E-05
9.9946E-05 9.9946E-05 9.9946E-05 0.32537 0.0974851 9.9946E-05 0.121548 0.454997 9.9946E-05 9.9946E-05
9.99371E-05 0.781818 9.99371E-05 9.99371E-05 9.99371E-05 9.99371E-05 9.99371E-05 0.192301 9.99371E-05 0.025181
9.9946E-05 0.8087 9.9946E-05 9.9946E-05 0.080174 0.0967004 0.0138263 9.9946E-05 9.9946E-05 9.9946E-05
0.0728891 9.9937E-05 9.9937E-05 9.9937E-05 9.9937E-05 0.091738 9.9937E-05 9.9937E-05 0.834673 9.9937E-05
0.124152 9.99459E-05 9.99459E-05 9.99459E-05 9.99459E-05 0.283226 9.99459E-05 0.131398 0.460625 9.99459E-05
9.99279E-05 9.99279E-05 9.99279E-05 9.99279E-05 9.99279E-05 0.654527 9.99279E-05 9.99279E-05 0.344673 9.99279E-05
9.99459E-05 9.99459E-05 9.99459E-05 0.0273047 9.99459E-05 0.460022 9.99459E-05 0.144707 0.367367 9.99459E-05
9.99369E-05 9.99369E-05 9.99369E-05 9.99369E-05 9.99369E-05 0.316589 9.99369E-05 9.99369E-05 0.656916 0.0257949
9.9946E-05 9.9946E-05 9.9946E-05 9.9946E-05 0.130321 9.9946E-05 9.9946E-05 0.350057 0.453488 0.0655337
9.995E-05 9.995E-05 0.019521 9.995E-05 0.0442253 9.995E-05 0.0195026 0.0778872 0.838364 9.995E-05
9.9937E-05 9.9937E-05 9.9937E-05 9.9937E-05 0.238237 9.9937E-05 9.9937E-05 0.290893 0.47017 9.9937E-05
9.99369E-05 9.99369E-05 9.99369E-05 9.99369E-05 0.221389 9.99369E-05 9.99369E-05 0.322754 0.455158 9.99369E-05
9.9964E-05 0.43022 0.061401 0.00946158 0.11234 9.9964E-05 0.0652339 9.9964E-05 0.320943 9.9964E-05
0.325287 9.9955E-05 9.9955E-05 9.9955E-05 0.214519 9.9955E-05 0.198653 0.135297 9.9955E-05 0.125745
0.0321681 9.9964E-05 0.0373474 0.00753411 0.173044 9.9964E-05 0.303437 9.9964E-05 9.9964E-05 0.44607
9.995E-05 9.995E-05 0.00801596 9.995E-05 0.0600619 0.0124601 0.871265 9.995E-05 9.995E-05 0.0476977
0.313211 9.9955E-05 9.9955E-05 9.9955E-05 9.9955E-05 9.9955E-05 0.430894 0.106178 0.0859558 0.0632617
0.367031 9.9955E-05 9.9955E-05 0.020814 9.9955E-05 9.9955E-05 0.500501 0.0182111 9.9955E-05 0.0929428
0.309175 9.99459E-05 9.99459E-05 9.99459E-05 9.99459E-05 9.99459E-05 0.537619 0.0106269 0.141979 9.99459E-05
0.685592 9.99369E-05 9.99369E-05 9.99369E-05 0.0196284 0.29408 9.99369E-05 9.99369E-05 9.99369E-05 9.99369E-05
0.846957 0.152244 9.9928E-05 9.9928E-05 9.9928E-05 9.9928E-05 9.9928E-05 9.9928E-05 9.9928E-05 9.9928E-05
0.511199 9.9937E-05 9.9937E-05 0.107523 9.9937E-05 9.9937E-05 9.9937E-05 9.9937E-05 9.9937E-05 0.380578
0.330659 9.9946E-05 9.9946E-05 9.9946E-05 0.0240175 9.9946E-05 0.158932 9.9946E-05 9.9946E-05 0.485792
0.482062 9.9964E-05 9.9964E-05 0.0315244 0.159243 9.9964E-05 0.162802 9.9964E-05 0.0145011 0.149467
9.99371E-05 9.99371E-05 9.99371E-05 9.99371E-05 0.18042 9.99371E-05 0.446057 9.99371E-05 9.99371E-05 0.372823
0.449481 9.9955E-05 9.9955E-05 9.9955E-05 0.156551 0.071087 0.0627607 9.9955E-05 9.9955E-05 0.259621
0.471757 9.9946E-05 9.9946E-05 9.9946E-05 0.106247 9.9946E-05 0.280454 9.9946E-05 9.9946E-05 0.140943
0.640666 9.9955E-05 9.9955E-05 0.0153816 0.225982 0.0217396 9.9955E-05 9.9955E-05 9.9955E-05 0.0957315
0.463018 9.9946E-05 9.9946E-05 9.9946E-05 0.100406 9.9946E-05 0.34965 9.9946E-05 9.9946E-05 0.0863263
0.94583 9.9937E-05 0.0421776 9.9937E-05 0.0112929 9.9937E-05 9.9937E-05 9.9937E-05 9.9937E-05 9.9937E-05
0.266359 9.9955E-05 0.0317763 9.9955E-05 9.9955E-05 9.9955E-05 0.546107 9.9955E-05 0.112708 0.0425501
0.0611941 0.1159 9.9964E-05 9.9964E-05 0.0474736 9.9964E-05 0.616 9.9964E-05 0.0109295 0.148102
0.290787 0.0403997 9.9955E-05 9.9955E-05 9.9955E-05 0.0215622 0.6119 9.9955E-05 0.0348516 9.9955E-05
0.462815 9.9937E-05 9.9937E-05 0.124078 9.9937E-05 9.9937E-05 0.412407 9.9937E-05 9.9937E-05 9.9937E-05
0.0276559 9.9937E-05 9.9937E-05 0.0498274 9.9937E-05 9.9937E-05 0.921817 9.9937E-05 9.9937E-05 9.9937E-05
0.143254 9.9955E-05 9.9955E-05 9.9955E-05 0.00397508 9.9955E-05 0.572432 0.0328948 9.9955E-05 0.246944
0.849529 9.9937E-05 9.9937E-05 9.9937E-05 9.9937E-05 9.9937E-05 0.0238791 9.9937E-05 0.125893 9.9937E-05
0.0205827 0.100929 9.9946E-05 9.9946E-05 9.9946E-05 0.141283 0.736605 9.9946E-05 9.9946E-05 9.9946E-05
9.99461E-05 0.0829513 0.782134 9.99461E-05 9.99461E-05 9.99461E-05 0.0308499 9.99461E-05 0.103465 9.99461E-05
9.9937E-05 0.0215823 9.9937E-05 9.9937E-05 9.9937E-05 9.9937E-05 0.0827533 0.894965 9.9937E-05 9.9937E-05
9.9946E-05 9.9946E-05 0.085985 0.0607754 9.9946E-05 9.9946E-05 0.0739078 0.778732 9.9946E-05 9.9946E-05
9.997E-05 9.997E-05 0.685172 0.181902 0.00498239 0.0339784 0.00930155 9.997E-05 0.00903688 0.0753264
9.9946E-05 9.9946E-05 0.621304 9.9946E-05 9.9946E-05 0.188442 9.9946E-05 9.9946E-05 0.0964459 0.0932093
9.9928E-05 9.9928E-05 0.000935597 9.9928E-05 9.9928E-05 0.998265 9.9928E-05 9.9928E-05 9.9928E-05 9.9928E-05
9.99641E-05 9.99641E-05 0.0360985 0.550389 0.0289113 0.28572 9.99641E-05 0.0698911 9.99641E-05 0.0285896
9.9964E-05 0.051536 9.9964E-05 0.467661 0.00097159 0.187663 9.9964E-05 0.229586 9.9964E-05 0.0621821
0.00439657 0.118372 0.281583 0.553354 9.9964E-05 0.0378947 9.9964E-05 0.00400036 9.9964E-05 9.9964E-05
9.99459E-05 9.99459E-05 0.200692 0.446671 9.99459E-05 0.282401 9.99459E-05 0.0696373 9.99459E-05 9.99459E-05
9.9928E-05 9.9928E-05 9.9928E-05 0.997299 9.9928E-05 9.9928E-05 0.0019016 9.9928E-05 9.9928E-05 9.9928E-05
9.9928E-05 0.284157 9.9928E-05 0.715044 9.9928E-05 9.9928E-05 9.9928E-05 9.9928E-05 9.9928E-05 9.9928E-05
9.995E-05 0.33431 0.291525 0.312665 0.0277534 9.995E-05 9.995E-05 9.995E-05 9.995E-05 0.0332462
9.996E-05 0.0241237 0.0652945 0.783353 0.0256263 0.0582122 9.996E-05 9.996E-05 0.0429903 9.996E-05
0.0299992 0.380102 9.99549E-05 0.250494 9.99549E-05 0.315973 9.99549E-05 9.99549E-05 9.99549E-05 0.0229323
9.99549E-05 0.45632 0.0700767 0.323807 9.99549E-05 0.148841 9.99549E-05 9.99549E-05 9.99549E-05 0.000456815
9.9946E-05 9.9946E-05 0.191687 0.783947 0.0216239 9.9946E-05 0.00214206 9.9946E-05 9.9946E-05 9.9946E-05
9.9946E-05 0.0885844 0.0975336 0.731688 0.0815942 9.9946E-05 9.9946E-05 9.9946E-05 9.9946E-05 9.9946E-05
9.9964E-05 0.194323 0.118083 0.459793 0.0334251 9.9964E-05 9.9964E-05 0.176453 9.9964E-05 0.0175233
9.99549E-05 9.99549E-05 0.384972 0.054813 9.99549E-05 0.156049 9.99549E-05 0.2638 0.139866 9.99549E-05
9.99369E-05 0.185259 0.457576 9.99369E-05 9.99369E-05 9.99369E-05 9.99369E-05 0.356465 9.99369E-05 9.99369E-05
9.9946E-05 9.9946E-05 0.423149 9.9946E-05 0.0699074 9.9946E-05 9.9946E-05 0.441768 0.0645761 9.9946E-05
9.9946E-05 9.9946E-05 0.449096 0.0213438 9.9946E-05 9.9946E-05 9.9946E-05 0.513245 0.0157153 9.9946E-05
0.0213272 9.9946E-05 0.754795 0.0367785 9.9946E-05 0.1865 9.9946E-05 9.9946E-05 9.9946E-05 9.9946E-05
9.994E-05 0.0228953 0.841653 9.994E-05 0.0700934 9.994E-05 9.994E-05 9.994E-05 0.0647584 9.994E-05
9.9946E-05 0.017831 0.688589 9.9946E-05 0.0878301 9.9946E-05 9.9946E-05 9.9946E-05 0.20515 9.9946E-05
9.99461E-05 9.99461E-05 0.884313 0.034559 9.99461E-05 9.99461E-05 9.99461E-05 9.99461E-05 0.0526943 0.0278344
9.9955E-05 9.9955E-05 0.840167 0.0283769 0.0722466 0.0244889 0.034221 9.9955E-05 9.9955E-05 9.9955E-05
0.0218415 0.176053 0.754706 0.0467999 9.99459E-05 9.99459E-05 9.99459E-05 9.99459E-05 9.99459E-05 9.99459E-05
9.9955E-05 0.0941897 0.81374 9.9955E-05 0.0668206 9.9955E-05 0.00941002 0.01534 9.9955E-05 9.9955E-05
9.9946E-05 0.0113716 0.858586 9.9946E-05 0.066044 9.9946E-05 9.9946E-05 0.0633989 9.9946E-05 9.9946E-05
9.99459E-05 0.386987 0.319986 9.99459E-05 9.99459E-05 0.0815565 9.99459E-05 0.210871 9.99459E-05 9.99459E-05
9.9946E-05 9.9946E-05 0.360729 0.146237 9.9946E-05 9.9946E-05 9.9946E-05 0.285301 0.207134 9.9946E-05
9.9955E-05 0.144618 0.594202 9.9955E-05 0.10716 0.117667 9.9955E-05 0.0358527 9.9955E-05 9.9955E-05
9.99551E-05 9.99551E-05 0.588857 0.287977 9.99551E-05 0.00334785 9.99551E-05 0.0395866 0.0797316 9.99551E-05
9.99551E-05 0.129257 0.636546 0.0828639 9.99551E-05 0.0584419 9.99551E-05 0.0923912 9.99551E-05 9.99551E-05
9.9955E-05 9.9955E-05 0.860516 0.0395306 0.0536859 0.0248272 9.9955E-05 0.0209405 9.9955E-05 9.9955E-05
9.99369E-05 9.99369E-05 0.647608 0.176815 9.99369E-05 0.174877 9.99369E-05 9.99369E-05 9.99369E-05 9.99369E-05
9.994E-05 9.994E-05 0.252216 9.994E-05 0.181408 0.0250134 9.994E-05 0.540763 9.994E-05 9.994E-05
9.9946E-05 9.9946E-05 0.263589 0.0932385 9.9946E-05 0.0643796 9.9946E-05 0.578193 9.9946E-05 9.9946E-05
0.0816618 9.9955E-05 0.517986 0.019555 9.9955E-05 0.0478569 9.9955E-05 0.332441 9.9955E-05 9.9955E-05
9.9937E-05 0.221251 0.715798 9.9937E-05 9.9937E-05 9.9937E-05 9.9937E-05 0.062251 9.9937E-05 9.9937E-05
0.0561285 0.084243 0.676072 0.123566 0.0473915 9.9973E-05 0.0120063 9.9973E-05 9.9973E-05 0.000292543
9.9946E-05 9.9946E-05 0.67885 0.142196 0.14305 9.9946E-05 9.9946E-05 0.0353046 9.9946E-05 9.9946E-05
0.0156911 0.0255572 0.832733 0.0904437 9.9964E-05 9.9964E-05 9.9964E-05 0.0333756 0.0017994 9.9964E-05
0.00370114 9.9955E-05 0.57881 9.9955E-05 0.199946 9.9955E-05 0.131593 9.9955E-05 9.9955E-05 0.0854504
0.150957 9.9946E-05 0.57623 9.9946E-05 9.9946E-05 9.9946E-05 0.23835 0.0338635 9.9946E-05 9.9946E-05
9.9946E-05 9.9946E-05 0.759161 9.9946E-05 9.9946E-05 0.111752 9.9946E-05 0.108155 0.020332 9.9946E-05
9.9946E-05 9.9946E-05 0.264503 0.0577044 9.9946E-05 0.0404445 9.9946E-05 0.636748 9.9946E-05 9.9946E-05
9.9964E-05 9.9964E-05 0.418663 0.0232989 0.102665 0.0739114 9.9964E-05 0.353454 9.9964E-05 0.0276081
9.9955E-05 9.9955E-05 0.392259 0.0473225 0.098011 0.00482568 9.9955E-05 0.457082 9.9955E-05 9.9955E-05
9.9946E-05 9.9946E-05 0.0853188 9.9946E-05 9.9946E-05 0.0516777 9.9946E-05 0.827105 0.035299 9.9946E-05
9.9937E-05 9.9937E-05 0.778829 9.9937E-05 9.9937E-05 0.105271 9.9937E-05 0.1152 9.9937E-05 9.9937E-05
9.9955E-05 0.0196075 0.29148 0.0799142 9.9955E-05 9.9955E-05 9.9955E-05 0.569057 9.9955E-05 0.0394412
9.9946E-05 0.13902 0.562509 0.0179797 9.9946E-05 9.9946E-05 9.9946E-05 0.279892 9.9946E-05 9.9946E-05
9.99549E-05 0.170362 0.418395 9.99549E-05 0.0324255 0.110507 9.99549E-05 0.26781 9.99549E-05 9.99549E-05
9.9937E-05 9.9937E-05 0.615556 9.9937E-05 9.9937E-05 0.079361 9.9937E-05 0.304383 9.9937E-05 9.9937E-05
0.751478 9.9946E-05 9.9946E-05 9.9946E-05 9.9946E-05 0.0664367 0.0402308 0.141255 9.9946E-05 9.9946E-05
0.584062 9.9946E-05 9.9946E-05 9.9946E-05 9.9946E-05 9.9946E-05 0.359905 0.052927 0.00250626 9.9946E-05
0.596222 9.9964E-05 9.9964E-05 9.9964E-05 9.9964E-05 0.0851072 0.188846 0.0200586 0.0410574 0.0683085
0.0882095 9.99459E-05 9.99459E-05 9.99459E-05 9.99459E-05 0.151438 0.675607 0.0841456 9.99459E-05 9.99459E-05
0.0315437 9.99549E-05 9.99549E-05 0.079158 9.99549E-05 0.117347 0.684794 9.99549E-05 9.99549E-05 0.0866575
0.164438 9.9946E-05 9.9946E-05 9.9946E-05 9.9946E-05 0.0508217 0.781309 0.00283209 9.9946E-05 9.9946E-05
0.411112 9.995E-05 9.995E-05 0.0191483 9.995E-05 9.995E-05 0.213414 0.0422714 9.995E-05 0.313555
0.656458 9.9964E-05 9.9964E-05 0.0411856 0.00350532 0.0592111 0.0441764 9.9964E-05 9.9964E-05 0.195063
0.551418 9.99281E-05 9.99281E-05 9.99281E-05 9.99281E-05 0.447783 9.99281E-05 9.99281E-05 9.99281E-05 9.99281E-05
0.169086 9.9964E-05 0.0897987 0.00886386 9.9964E-05 0.00149413 0.523074 9.9964E-05 9.9964E-05 0.207283
9.99372E-05 9.99372E-05 9.99372E-05 9.99372E-05 9.99372E-05 9.99372E-05 0.913689 9.99372E-05 0.0325526 0.0530588
9.99461E-05 9.99461E-05 9.99461E-05 0.00871332 0.031429 9.99461E-05 0.940563 9.99461E-05 0.0186952 9.99461E-05
9.99461E-05 9.99461E-05 0.0171818 0.0500398 9.99461E-05 9.99461E-05 0.792749 9.99461E-05 9.99461E-05 0.13943
