0.141548 0.00126566 0.386875 0.196126 9.9982E-05 9.9982E-05 0.229526 0.0444602
0.217935 0.103741 0.026191 0.0221384 9.9991E-05 0.0361429 0.334189 0.259563
0.231887 9.9973E-05 0.270618 0.276997 9.9973E-05 9.9973E-05 0.0836408 0.136557
0.547958 0.0403838 0.207083 0.0160358 0.0138598 9.9982E-05 0.17448 9.9982E-05
0.137734 9.9955E-05 0.203958 0.657809 9.9955E-05 9.9955E-05 9.9955E-05 9.9955E-05
0.545789 9.9964E-05 0.254511 0.143738 9.9964E-05 9.9964E-05 0.0555625 9.9964E-05
9.9955E-05 0.139334 9.9955E-05 9.9955E-05 9.9955E-05 0.720644 9.9955E-05 0.139522
9.9982E-05 0.0891386 0.0268154 0.150404 9.9982E-05 0.666379 0.0257674 0.0412952
0.0712806 9.9955E-05 9.9955E-05 9.9955E-05 9.9955E-05 0.872705 9.9955E-05 0.0555147
9.9964E-05 0.050281 0.032139 9.9964E-05 9.9964E-05 0.8819 9.9964E-05 0.0352806
9.9955E-05 9.9955E-05 9.9955E-05 9.9955E-05 9.9955E-05 0.846061 0.0594819 0.0939574
9.99549E-05 9.99549E-05 9.99549E-05 0.0433765 9.99549E-05 0.487727 9.99549E-05 0.468397
0.0235604 9.9964E-05 9.9964E-05 9.9964E-05 0.181412 0.737299 9.9964E-05 0.0573293
9.9955E-05 9.9955E-05 0.0412827 9.9955E-05 0.0442753 0.913942 9.9955E-05 9.9955E-05
0.0199418 0.0983237 9.9973E-05 9.9973E-05 9.9973E-05 0.832094 0.0258962 0.0234448
9.99551E-05 9.99551E-05 9.99551E-05 9.99551E-05 9.99551E-05 0.775998 0.0731417 0.15036
9.996E-05 0.119027 0.548736 0.274857 9.996E-05 9.996E-05 9.996E-05 0.0569801
0.00456917 0.649628 0.202314 0.076779 0.0562653 9.9982E-05 9.9982E-05 0.0102446
0.0977741 0.165043 0.655382 9.997E-05 0.0122316 9.997E-05 9.997E-05 0.0692692
0.0984504 0.144731 0.513202 0.178583 0.0647336 9.9973E-05 9.9973E-05 9.9973E-05
0.012771 0.46075 0.266694 0.259386 9.99639E-05 9.99639E-05 9.99639E-05 9.99639E-05
0.0919046 0.417073 0.490522 9.9955E-05 9.9955E-05 9.9955E-05 9.9955E-05 9.9955E-05
9.9964E-05 9.9964E-05 0.467032 0.158846 9.9964E-05 9.9964E-05 0.147607 0.226115
9.9964E-05 9.9964E-05 0.582047 0.204018 9.9964E-05 9.9964E-05 0.175167 0.038369
0.0191448 9.99641E-05 0.819095 0.120844 9.99641E-05 9.99641E-05 0.0405164 9.99641E-05
0.213615 9.9964E-05 0.585447 0.0711083 9.9964E-05 9.9964E-05 0.12943 9.9964E-05
9.9955E-05 9.9955E-05 0.551869 0.360894 0.0867373 9.9955E-05 9.9955E-05 9.9955E-05
0.0789637 9.9973E-05 0.44433 0.416127 0.0125794 0.0477004 9.9973E-05 9.9973E-05
9.997E-05 0.283939 0.0842822 0.416002 9.997E-05 0.0751243 0.140352 9.997E-05
0.0635839 0.356515 0.0533477 0.312444 9.9982E-05 0.128274 0.0856359 9.9982E-05
0.34048 0.355859 9.9955E-05 9.9955E-05 9.9955E-05 9.9955E-05 9.9955E-05 0.303161
0.306522 0.131817 0.0903342 0.29264 9.99729E-05 9.99729E-05 9.99729E-05 0.178386
0.435382 0.208409 0.20906 0.14675 9.9964E-05 9.9964E-05 9.9964E-05 9.9964E-05
0.00636012 9.9973E-05 0.802428 9.9973E-05 9.9973E-05 0.00115978 0.135792 0.0539603
9.9955E-05 9.9955E-05 0.579664 9.9955E-05 9.9955E-05 9.9955E-05 0.0562789 0.363557
0.0461035 0.0681592 0.562878 0.248255 9.9973E-05 9.9973E-05 9.9973E-05 0.074305
0.207437 9.9964E-05 0.33649 9.9964E-05 0.157017 9.9964E-05 9.9964E-05 0.298657
0.115104 9.9982E-05 0.678255 0.0505454 0.0695017 9.9982E-05 0.0399319 0.0464619
0.0780863 0.127063 0.606808 9.9982E-05 0.0285818 0.0368839 0.122377 9.9982E-05
0.130117 0.12594 0.687755 0.0266877 9.9973E-05 0.0291995 9.9973E-05 9.9973E-05
0.382229 9.99551E-05 0.132854 9.99551E-05 9.99551E-05 9.99551E-05 0.484418 9.99551E-05
0.415581 9.9973E-05 0.187042 0.131959 0.0666857 9.9973E-05 0.198433 9.9973E-05
0.667368 0.105013 0.109035 0.0254783 0.0928053 9.9973E-05 9.9973E-05 9.9973E-05
0.211614 9.99639E-05 0.120489 9.99639E-05 0.154471 9.99639E-05 0.513027 9.99639E-05
0.517435 0.0235801 0.246615 0.0242018 9.9982E-05 0.0295661 0.158402 9.9982E-05
0.552029 0.0874434 0.359444 9.9964E-05 0.000684416 9.9964E-05 9.9964E-05 9.9964E-05
9.9955E-05 0.649525 0.288175 9.9955E-05 0.0618006 9.9955E-05 9.9955E-05 9.9955E-05
9.997E-05 0.69495 9.997E-05 0.0325334 0.000555284 9.997E-05 0.137412 0.134249
9.995E-05 0.814481 9.995E-05 9.995E-05 9.995E-05 9.995E-05 0.117517 0.067502
9.9946E-05 0.685518 9.9946E-05 9.9946E-05 9.9946E-05 9.9946E-05 0.313883 9.9946E-05
0.0837146 0.746687 0.155816 9.99639E-05 0.0133823 9.99639E-05 9.99639E-05 9.99639E-05
9.9964E-05 0.134653 0.447921 9.9964E-05 9.9964E-05 0.0989427 0.318084 9.9964E-05
9.996E-05 0.469611 0.4399 0.0275454 0.0625441 9.996E-05 9.996E-05 9.996E-05
9.9964E-05 0.112696 0.606762 9.9964E-05 0.0270758 9.9964E-05 0.253067 9.9964E-05
9.99689E-05 0.0838073 0.62441 9.99689E-05 9.99689E-05 0.00496204 0.286421 9.99689E-05
0.126058 0.0388265 0.570017 0.180434 0.0843644 9.9973E-05 9.9973E-05 9.9973E-05
9.9973E-05 9.9973E-05 0.161807 9.9973E-05 0.215869 0.335657 0.113299 0.173068
9.9964E-05 9.9964E-05 0.071753 0.106447 0.231533 0.589868 9.9964E-05 9.9964E-05
9.995E-05 9.995E-05 9.995E-05 9.995E-05 0.886002 0.0481591 0.0653389 9.995E-05
9.9982E-05 0.0884503 0.00928675 9.9982E-05 0.385395 0.363228 0.1045 0.0489392
9.99549E-05 9.99549E-05 9.99549E-05 9.99549E-05 0.538996 0.201773 9.99549E-05 0.258731
9.99549E-05 0.161308 9.99549E-05 9.99549E-05 0.638839 9.99549E-05 9.99549E-05 0.199353
9.99459E-05 0.119302 9.99459E-05 9.99459E-05 9.99459E-05 9.99459E-05 9.99459E-05 0.880099
9.99639E-05 9.99639E-05 0.0628193 0.02506 0.160141 9.99639E-05 9.99639E-05 0.75158
0.0806323 9.99639E-05 9.99639E-05 9.99639E-05 0.0350773 0.595508 9.99639E-05 0.288383
9.9964E-05 0.0231011 9.9964E-05 9.9964E-05 0.152465 0.787333 9.9964E-05 0.0367012
0.0316025 9.9973E-05 0.154092 9.9973E-05 0.226501 0.37175 9.9973E-05 0.215754
9.99551E-05 9.99551E-05 0.108358 9.99551E-05 0.421181 0.469961 9.99551E-05 9.99551E-05
9.9964E-05 9.9964E-05 0.0614476 9.9964E-05 0.16719 0.23247 9.9964E-05 0.538492
9.9964E-05 9.9964E-05 0.0566853 9.9964E-05 0.287333 0.38714 9.9964E-05 0.268441
9.997E-05 9.997E-05 0.111804 0.0152749 0.0944547 0.137516 9.997E-05 0.640651
9.9973E-05 9.9973E-05 0.0927096 0.0320436 0.422116 0.206473 9.9973E-05 0.246358
9.9964E-05 9.9964E-05 9.9964E-05 0.0264053 0.0828612 0.123032 9.9964E-05 0.767302
9.9964E-05 0.100062 9.9964E-05 0.0347696 0.688641 9.9964E-05 9.9964E-05 0.176128
9.9964E-05 9.9964E-05 0.178342 9.9964E-05 0.58409 0.217875 9.9964E-05 0.0192926
9.99549E-05 0.121132 9.99549E-05 9.99549E-05 0.731152 9.99549E-05 9.99549E-05 0.147216
0.0914329 9.99549E-05 9.99549E-05 9.99549E-05 0.554563 9.99549E-05 9.99549E-05 0.353504
0.00181573 9.9955E-05 9.9955E-05 0.0377047 0.95998 9.9955E-05 9.9955E-05 9.9955E-05
9.9973E-05 0.0154411 9.9973E-05 9.9973E-05 0.555459 0.361566 0.00952812 0.0577065
9.99639E-05 0.116778 9.99639E-05 9.99639E-05 0.202676 0.147701 9.99639E-05 0.532445
0.0496671 0.134144 9.997E-05 9.997E-05 0.674682 0.0821388 9.997E-05 0.0590677
0.0167905 9.99731E-05 0.0493309 0.874907 0.0515086 9.99731E-05 0.00716307 9.99731E-05
9.9955E-05 9.9955E-05 9.9955E-05 0.0245377 0.118241 9.9955E-05 0.856722 9.9955E-05
9.995E-05 9.995E-05 9.995E-05 0.141172 0.102252 9.995E-05 0.756077 9.995E-05
0.171737 0.106113 9.996E-05 0.681208 9.996E-05 0.040542 9.996E-05 9.996E-05
9.9964E-05 0.328047 9.9964E-05 0.572494 9.9964E-05 0.0359139 0.0631454 9.9964E-05
9.99551E-05 0.491527 9.99551E-05 9.99551E-05 9.99551E-05 9.99551E-05 0.342221 0.165753
0.593189 0.0455325 9.99641E-05 9.99641E-05 9.99641E-05 9.99641E-05 0.269338 0.0915408
0.508899 0.0383256 9.996E-05 9.996E-05 9.996E-05 0.0960939 0.356282 9.996E-05
0.544772 0.035706 9.9964E-05 0.361777 9.9964E-05 9.9964E-05 0.0573451 9.9964E-05
0.267559 0.0559841 9.997E-05 0.321285 9.997E-05 9.997E-05 0.271065 0.0838077
0.653572 9.9955E-05 9.9955E-05 0.277136 0.068792 9.9955E-05 9.9955E-05 9.9955E-05
0.89112 9.996E-05 0.0757678 0.0213422 0.0113705 9.996E-05 9.996E-05 9.996E-05
0.467698 9.996E-05 0.087785 0.392557 9.996E-05 0.0515603 9.996E-05 9.996E-05
0.643088 9.9964E-05 0.0327117 0.260301 9.9964E-05 9.9964E-05 9.9964E-05 0.0634998
0.654302 0.345098 9.99459E-05 9.99459E-05 9.99459E-05 9.99459E-05 9.99459E-05 9.99459E-05
0.578782 0.0993787 0.107365 0.174951 9.998E-05 0.0108721 0.0284511 9.998E-05
0.636131 9.9955E-05 9.9955E-05 0.339515 0.0238545 9.9955E-05 9.9955E-05 9.9955E-05
0.562028 9.997E-05 0.0880189 0.313669 0.0146023 9.997E-05 9.997E-05 0.0213814
0.484032 9.9973E-05 0.0978333 0.1902 9.9973E-05 0.00938471 0.218251 9.9973E-05
9.9964E-05 0.276121 9.9964E-05 0.400724 9.9964E-05 0.0034951 0.31926 9.9964E-05
0.055353 0.0671786 9.9964E-05 0.525147 9.9964E-05 9.9964E-05 0.351922 9.9964E-05
9.9964E-05 0.0385833 0.0327883 0.437312 9.9964E-05 9.9964E-05 0.490917 9.9964E-05
0.038151 0.027002 9.9964E-05 0.398433 9.9964E-05 9.9964E-05 0.536014 9.9964E-05
0.0426073 0.159866 9.996E-05 0.784942 9.996E-05 9.996E-05 9.996E-05 0.0121846
9.995E-05 0.0620608 0.104263 0.833176 9.995E-05 9.995E-05 9.995E-05 9.995E-05
9.9964E-05 0.10884 0.193192 0.671442 9.9964E-05 9.9964E-05 0.0261266 9.9964E-05
9.995E-05 0.0555657 9.995E-05 0.940228 9.995E-05 0.00370663 9.995E-05 9.995E-05
0.00484995 0.0663133 9.9964E-05 0.883219 9.9964E-05 9.9964E-05 9.9964E-05 0.0452179
0.153274 9.9964E-05 9.9964E-05 0.783033 9.9964E-05 9.9964E-05 0.0530717 0.010222
0.0793154 9.99695E-05 0.0915098 0.81632 9.99695E-05 9.99695E-05 0.0124551 9.99695E-05
9.9946E-05 9.9946E-05 9.9946E-05 0.898676 9.9946E-05 9.9946E-05 0.100724 9.9946E-05
0.281714 0.136787 0.0443197 0.3335 9.9973E-05 9.9973E-05 0.20338 9.9973E-05
0.10401 0.112606 9.997E-05 0.43312 0.0730791 9.997E-05 0.276886 9.997E-05
0.185615 0.0711881 0.0308609 0.514993 9.9982E-05 9.9982E-05 0.174945 0.022198
0.122629 0.0335805 0.0266171 0.701776 9.9982E-05 9.9982E-05 0.0810893 0.034108
0.0364314 0.0596632 9.99641E-05 0.765274 9.99641E-05 9.99641E-05 0.138231 9.99641E-05
9.9973E-05 0.0151659 0.00461823 0.79336 0.016814 9.9973E-05 0.169742 9.9973E-05
0.135254 0.0599318 9.9964E-05 0.696619 9.9964E-05 9.9964E-05 0.107796 9.9964E-05
9.996E-05 9.996E-05 0.0338938 0.250847 9.996E-05 9.996E-05 0.60864 0.10622
0.0353365 9.9964E-05 9.9964E-05 0.342948 9.9964E-05 9.9964E-05 0.559071 0.0622449
9.9955E-05 9.9955E-05 9.9955E-05 0.546582 9.9955E-05 9.9955E-05 0.386082 0.0668368
0.136287 9.9955E-05 9.9955E-05 0.791564 9.9955E-05 9.9955E-05 0.0716493 9.9955E-05
0.140536 9.9973E-05 9.9973E-05 0.721436 9.9973E-05 0.04739 0.041061 0.0492775
0.124517 9.9973E-05 0.0470883 0.695495 9.9973E-05 9.9973E-05 0.109421 0.0231786
9.9973E-05 0.0112969 9.9973E-05 0.846625 0.0109882 9.9973E-05 0.099628 0.0311615
9.9964E-05 9.9964E-05 0.114228 0.622221 0.0699915 0.19316 9.9964E-05 9.9964E-05
9.9955E-05 9.9955E-05 9.9955E-05 0.644576 0.274581 9.9955E-05 9.9955E-05 0.080343
9.9955E-05 0.109148 9.9955E-05 0.740226 9.9955E-05 9.9955E-05 0.150126 9.9955E-05
9.9955E-05 0.0442035 9.9955E-05 0.304306 9.9955E-05 9.9955E-05 0.650991 9.9955E-05
0.0709227 9.9964E-05 9.9964E-05 0.428815 9.9964E-05 9.9964E-05 0.386395 0.113468
0.0581101 9.996E-05 9.996E-05 0.329001 9.996E-05 0.0428095 0.56968 9.996E-05
9.9955E-05 0.108078 9.9955E-05 0.0714837 9.9955E-05 9.9955E-05 0.819938 9.9955E-05
9.9955E-05 0.113322 9.9955E-05 0.793135 9.9955E-05 9.9955E-05 0.0930436 9.9955E-05
0.0779289 0.0452496 9.997E-05 0.263688 9.997E-05 0.00664845 0.606185 9.997E-05
0.11533 9.996E-05 9.996E-05 0.608735 9.996E-05 0.00700608 0.268529 9.996E-05
0.198517 0.0932407 9.9964E-05 0.41091 9.9964E-05 9.9964E-05 0.296932 9.9964E-05
9.9955E-05 9.9955E-05 9.9955E-05 0.573974 9.9955E-05 9.9955E-05 0.380006 0.0455208
9.9964E-05 0.00186837 9.9964E-05 9.9964E-05 0.164395 9.9964E-05 0.108293 0.725044
9.9973E-05 0.0106086 9.9973E-05 9.9973E-05 0.461637 0.150874 0.00458822 0.371992
9.99639E-05 0.127789 9.99639E-05 9.99639E-05 0.244267 0.258183 9.99639E-05 0.369361
9.9973E-05 0.0648359 9.9973E-05 9.9973E-05 0.619359 0.118054 0.101145 0.096306
0.0481958 0.0216185 9.999E-05 0.0630279 0.649552 0.171125 0.00806292 0.0383183
9.9964E-05 0.044308 9.9964E-05 9.9964E-05 0.744099 0.141087 9.9964E-05 0.0701069
9.9964E-05 9.9964E-05 9.9964E-05 9.9964E-05 0.299223 0.365036 0.0363564 0.298985
9.9955E-05 9.9955E-05 9.9955E-05 9.9955E-05 0.218605 0.146588 9.9955E-05 0.634307
9.99462E-05 9.99462E-05 9.99462E-05 9.99462E-05 9.99462E-05 9.99462E-05 0.0255926 0.973808
9.9964E-05 9.9964E-05 9.9964E-05 0.10943 0.546438 0.219837 9.9964E-05 0.123896
9.99551E-05 9.99551E-05 0.0801195 9.99551E-05 0.893308 0.0260722 9.99551E-05 9.99551E-05
9.9964E-05 9.9964E-05 0.0661311 9.9964E-05 0.91966 0.00834993 0.00545923 9.9964E-05
0.0503019 9.99551E-05 9.99551E-05 9.99551E-05 0.822037 0.127161 9.99551E-05 9.99551E-05
