9.9991E-05 0.38554 0.453137 0.161223
9.9991E-05 0.354469 0.106856 0.538576
9.9991E-05 0.444724 0.373352 0.181824
0.0133283 0.388631 0.502782 0.0952588
0.0453636 0.732946 0.221591 9.9991E-05
9.9982E-05 0.47291 0.526891 9.9982E-05
0.45622 9.9982E-05 9.9982E-05 0.54358
0.539253 0.109477 0.0573469 0.293924
0.63644 0.00128748 9.9991E-05 0.362173
0.647651 9.9982E-05 9.9982E-05 0.352149
0.551557 9.9982E-05 9.9982E-05 0.448243
0.54278 0.00557389 0.00435811 0.447288
0.796679 9.9982E-05 9.9982E-05 0.203121
0.786685 0.00548816 9.9991E-05 0.207727
0.599521 9.9982E-05 9.9982E-05 0.400279
0.508731 9.9982E-05 9.9982E-05 0.491069
0.00695011 0.24198 0.665931 0.0851389
0.0131449 0.0564504 0.516781 0.413624
0.0741746 9.9991E-05 0.757537 0.168188
0.0993814 0.127277 0.773241 9.9991E-05
0.0276734 0.209894 0.543169 0.219264
0.00600634 9.9991E-05 0.801948 0.191946
0.0292982 0.1802 0.493514 0.296988
0.0694041 0.336082 0.582526 0.0119872
0.0779774 0.151392 0.77053 9.9991E-05
9.9991E-05 0.192789 0.794141 0.0129703
0.124523 0.29407 0.581307 9.9991E-05
0.119235 0.399411 0.481254 9.9991E-05
0.0438539 0.538532 0.151416 0.266198
0.0317121 0.384103 0.262743 0.321443
9.9982E-05 9.9982E-05 0.459447 0.540353
0.0616807 0.315348 0.360067 0.262905
9.9991E-05 0.266303 0.556812 0.176785
0.0373418 0.0295662 0.835344 0.0977479
9.9982E-05 9.9982E-05 0.607758 0.392042
0.0408821 0.150206 0.654898 0.154014
0.274332 9.9991E-05 0.529536 0.196032
0.151354 0.114265 0.646912 0.087469
0.0399991 9.9991E-05 0.723441 0.23646
0.0267589 0.0621889 0.848536 0.0625166
9.9991E-05 0.352176 0.421007 0.226718
0.0613023 0.462699 0.399031 0.0769684
0.13011 0.343442 0.499754 0.0266944
0.174553 0.528559 0.229667 0.0672217
9.9991E-05 0.303601 0.601054 0.0952449
9.9991E-05 0.129041 0.735766 0.135093
0.0607317 9.9991E-05 0.576657 0.362511
9.9991E-05 0.0882969 0.250284 0.661319
9.9991E-05 0.0437177 0.187275 0.768907
9.9991E-05 0.264741 0.217885 0.517273
9.9982E-05 9.9982E-05 0.518574 0.481226
0.0580045 0.156351 0.511322 0.274322
0.0683296 9.9991E-05 0.73758 0.193991
9.9991E-05 0.0815745 0.760251 0.158075
0.0202387 0.0568358 0.709667 0.213259
0.058171 0.0968014 0.844928 9.9991E-05
0.533569 0.0258632 0.158494 0.282073
0.737395 0.116224 0.0604245 0.085956
0.891171 0.0627553 0.0459737 9.9991E-05
0.730003 9.9991E-05 0.0460319 0.223865
0.836928 9.9982E-05 9.9982E-05 0.162872
0.731846 0.0658538 0.0473345 0.154965
0.240825 9.9982E-05 9.9982E-05 0.758975
0.516849 9.9991E-05 0.038729 0.444322
0.6441 9.9982E-05 9.9982E-05 0.3557
0.754766 9.9982E-05 9.9982E-05 0.245034
0.654279 9.9991E-05 0.103684 0.241937
0.923534 9.99821E-05 0.0762657 9.99821E-05
0.573624 9.9991E-05 0.00578636 0.42049
0.778084 9.9991E-05 0.0207226 0.201093
0.461982 0.00981277 0.0580417 0.470163
0.750858 0.0869475 0.0651485 0.0970459
0.531686 9.9982E-05 9.9982E-05 0.468115
0.817059 0.0747246 0.0404693 0.0677473
0.778304 9.9982E-05 0.221496 9.9982E-05
0.837017 9.9991E-05 0.0705075 0.0923751
0.814797 0.0270223 9.9991E-05 0.158081
0.998415 0.0013854 9.9982E-05 9.9982E-05
0.880255 9.9982E-05 9.9982E-05 0.119545
0.559458 9.9982E-05 9.9982E-05 0.440342
0.762392 9.9991E-05 0.121466 0.116042
0.0501129 0.848585 0.101203 9.9991E-05
9.9991E-05 0.717242 0.0384718 0.244187
0.0503146 0.787554 9.9991E-05 0.162032
0.0996228 0.845021 0.0552567 9.9991E-05
0.0283608 0.763177 0.0510763 0.157385
9.9982E-05 0.249538 9.9982E-05 0.750262
0.0641574 0.611447 0.0734955 0.2509
0.00276688 0.510856 0.159517 0.32686
0.055925 0.787878 0.0917163 0.0644809
9.9982E-05 0.732634 9.9982E-05 0.267166
0.185364 0.764591 0.049945 9.9991E-05
0.0732511 0.537724 0.388924 9.9991E-05
0.0465731 0.636707 0.31662 9.9991E-05
0.0843778 0.656062 0.218289 0.0412713
0.0121287 0.387025 0.198239 0.402608
0.0233477 0.491829 0.377832 0.106991
0.11773 0.678359 0.203811 9.9991E-05
0.0849419 0.610161 0.304797 9.9991E-05
0.0324698 0.653874 0.273808 0.0398479
9.9991E-05 0.656834 0.13981 0.203257
9.9991E-05 0.885225 0.0571859 0.0574895
9.9991E-05 0.836118 0.0721485 0.0916335
9.9982E-05 0.854639 9.9982E-05 0.145161
0.0315498 0.8217 9.9991E-05 0.14665
0.0114137 0.800588 0.187898 9.9991E-05
0.00243971 0.717525 0.279935 9.9991E-05
0.0756385 0.924162 9.9982E-05 9.9982E-05
0.0686825 0.919662 0.0115557 9.9991E-05
0.0196603 0.905097 0.0751423 9.9991E-05
0.041359 0.859901 0.0986396 9.9991E-05
0.0100589 0.9584 0.0314414 9.9991E-05
9.9991E-05 0.641703 0.238462 0.119736
0.0790891 0.827343 0.0709344 0.0226333
9.9991E-05 0.792617 0.0959109 0.111372
0.0217964 0.897213 0.0577707 0.0232203
0.0186043 0.936864 0.000535385 0.0439959
0.0321005 0.936462 0.0313376 9.9991E-05
0.0446514 0.912689 9.9991E-05 0.0425598
9.9982E-05 0.709784 9.9982E-05 0.290016
9.9982E-05 0.771122 9.9982E-05 0.228678
0.0175674 0.868121 9.9991E-05 0.114212
0.00992322 0.989877 9.9982E-05 9.9982E-05
0.0996893 0.830353 0.0698578 9.9991E-05
0.097806 0.901994 9.9982E-05 9.9982E-05
0.0571797 0.94262 9.99853E-05 9.99853E-05
0.304216 0.679269 0.016415 9.9991E-05
0.390284 0.609516 9.9982E-05 9.9982E-05
9.9982E-05 0.901608 9.9982E-05 0.0981921
9.9982E-05 0.755845 9.9982E-05 0.243955
9.9982E-05 0.778594 9.9982E-05 0.221206
9.9982E-05 0.826968 9.9982E-05 0.172832
9.9982E-05 0.688322 9.9982E-05 0.311478
0.0430712 0.944377 9.9991E-05 0.0124522
9.9982E-05 0.831784 9.9982E-05 0.168016
9.9991E-05 0.927154 0.0316313 0.0411149
9.9991E-05 0.751457 0.0920872 0.156355
9.9982E-05 0.834674 9.9982E-05 0.165126
0.407409 0.010055 9.9991E-05 0.582436
0.678865 9.9982E-05 9.9982E-05 0.320935
0.590496 9.9982E-05 9.9982E-05 0.409304
0.760044 0.0718106 0.0303469 0.137798
0.827881 0.121732 9.9991E-05 0.0502869
0.910182 0.0155912 9.9991E-05 0.074127
0.67068 0.0535188 9.9991E-05 0.275701
0.52485 9.9982E-05 9.9982E-05 0.47495
0.155141 9.9982E-05 9.9982E-05 0.844659
0.838787 0.056558 9.9991E-05 0.104555
0.950247 9.99821E-05 0.0495531 9.99821E-05
0.947312 9.9982E-05 0.0524879 9.9982E-05
0.954055 9.9982E-05 0.0457452 9.9982E-05
