9.9991E-05 0.356153 0.483191 0.160556
9.9991E-05 0.33095 0.151527 0.517422
9.9991E-05 0.416443 0.436591 0.146865
0.037193 0.344502 0.503157 0.115148
0.0475004 0.668441 0.283958 9.9991E-05
9.9982E-05 0.372442 0.627358 9.9982E-05
0.445731 9.9982E-05 9.9982E-05 0.554069
0.514425 0.12136 0.0342126 0.330002
0.625618 9.9982E-05 9.9982E-05 0.374182
0.654658 9.9982E-05 9.9982E-05 0.345142
0.527731 9.9982E-05 9.9982E-05 0.472069
0.527981 0.00437564 9.9991E-05 0.467543
0.770774 9.9982E-05 9.9982E-05 0.229026
0.820782 9.9982E-05 9.9982E-05 0.179018
0.575339 9.9982E-05 9.9982E-05 0.424461
0.51627 9.9982E-05 9.9982E-05 0.48353
0.0205008 0.261818 0.633786 0.0838947
0.0362197 0.0233415 0.548259 0.39218
0.1087 9.9991E-05 0.758765 0.132435
0.118109 0.124741 0.757051 9.9991E-05
0.0170908 0.18128 0.571905 0.229724
0.0394669 9.9991E-05 0.784063 0.17637
0.0515655 0.211025 0.480489 0.256921
0.100107 0.325972 0.573821 9.9991E-05
0.0686244 0.111829 0.819446 9.9991E-05
9.99906E-05 0.132528 0.867272 9.99906E-05
0.139191 0.233464 0.627246 9.9991E-05
0.132194 0.352165 0.515541 9.9991E-05
0.0195144 0.542132 0.207957 0.230396
0.0650667 0.397049 0.241617 0.296267
9.9991E-05 0.00780491 0.456475 0.53562
0.0732574 0.332778 0.360515 0.233449
9.9991E-05 0.289897 0.544417 0.165586
0.0492939 9.9991E-05 0.83601 0.114597
9.9982E-05 9.9982E-05 0.618113 0.381687
0.063156 0.161598 0.663128 0.112118
0.298249 9.9991E-05 0.478794 0.222857
0.137939 0.0449675 0.708793 0.108301
0.0430766 9.9991E-05 0.699654 0.25717
0.0479821 0.00803007 0.865452 0.0785362
9.9991E-05 0.320788 0.426993 0.252119
0.0795092 0.482688 0.404759 0.033044
0.132114 0.264504 0.523383 0.0799989
0.159156 0.555941 0.216334 0.0685701
9.9991E-05 0.29443 0.628836 0.0766342
9.9991E-05 0.118356 0.757123 0.124421
0.088999 9.9991E-05 0.558353 0.352548
9.9991E-05 0.0718333 0.303302 0.624765
9.9991E-05 0.111148 0.144678 0.744074
9.9991E-05 0.22507 0.257433 0.517397
9.9982E-05 9.9982E-05 0.53601 0.46379
0.0266278 0.144707 0.560054 0.268611
0.0776353 9.9991E-05 0.707977 0.214287
9.9991E-05 0.0713784 0.753871 0.174651
9.9991E-05 0.0435607 0.765431 0.190909
0.0703584 0.0970542 0.832487 9.9991E-05
0.552869 0.011833 0.140149 0.295149
0.753615 0.0638458 0.0756254 0.106914
0.932872 0.0207443 0.0462838 9.9991E-05
0.732267 9.9991E-05 0.0578842 0.209749
0.850361 9.9982E-05 9.9982E-05 0.149439
0.718832 0.0218294 0.0860048 0.173334
0.203467 9.9982E-05 9.9982E-05 0.796333
0.465876 9.9991E-05 0.0383413 0.495683
0.631803 9.9982E-05 9.9982E-05 0.367998
0.746946 9.9982E-05 9.9982E-05 0.252854
0.61453 9.9991E-05 0.160586 0.224785
0.932129 9.99821E-05 0.0676709 9.99821E-05
0.565693 9.9982E-05 9.9982E-05 0.434107
0.725792 9.9991E-05 0.0157239 0.258384
0.475981 9.9991E-05 0.0527597 0.471159
0.724839 0.0156661 0.102243 0.157251
0.540428 9.9982E-05 9.9982E-05 0.459372
0.836892 0.0277376 0.0534098 0.0819607
0.782976 9.9982E-05 0.216824 9.9982E-05
0.79814 9.9991E-05 0.0516764 0.150084
0.81093 9.9982E-05 9.9982E-05 0.18887
0.99247 0.00733044 9.9982E-05 9.9982E-05
0.867464 9.9982E-05 9.9982E-05 0.132336
0.554776 9.9982E-05 9.9982E-05 0.445024
0.795134 0.0176926 0.0867169 0.100456
0.0662334 0.827171 0.106496 9.9991E-05
9.9991E-05 0.705642 0.075578 0.21868
0.0526816 0.786983 9.9991E-05 0.160235
0.0952996 0.826616 0.0779841 9.9991E-05
0.034035 0.699144 0.0763788 0.190442
9.9982E-05 0.255484 9.9982E-05 0.744316
0.0560253 0.587242 0.0607546 0.295978
9.9991E-05 0.556156 0.146569 0.297175
0.0426874 0.737842 0.139223 0.0802476
9.9982E-05 0.740388 9.9982E-05 0.259412
0.152593 0.769607 0.0777001 9.9991E-05
0.0964236 0.476139 0.427337 9.9991E-05
0.0298147 0.619579 0.350506 9.9991E-05
0.0707958 0.567222 0.304471 0.0575121
9.9991E-05 0.389671 0.230981 0.379248
9.9991E-05 0.461233 0.411039 0.127628
0.130234 0.676558 0.193109 9.9991E-05
0.0729382 0.612634 0.314328 9.9991E-05
0.0217229 0.591043 0.306136 0.0810978
9.9991E-05 0.618951 0.141483 0.239466
9.9991E-05 0.863643 0.0771574 0.0590991
9.9991E-05 0.802884 0.0678326 0.129184
9.9982E-05 0.848944 9.9982E-05 0.150857
0.0386371 0.775923 9.9991E-05 0.185339
0.0501121 0.835766 0.114022 9.9991E-05
0.00180962 0.701367 0.296724 9.9991E-05
0.0964034 0.903397 9.9982E-05 9.9982E-05
0.0877078 0.901574 0.0106177 9.9991E-05
0.0307864 0.918965 0.0501482 9.9991E-05
0.0530581 0.840612 0.10623 9.9991E-05
9.9982E-05 0.957084 0.0427164 9.9982E-05
9.9991E-05 0.636519 0.241052 0.122329
0.0645984 0.766837 0.101435 0.06713
9.9991E-05 0.736729 0.150447 0.112725
0.0365294 0.822747 0.115905 0.0248182
0.0175668 0.948834 9.9991E-05 0.0334995
0.0136107 0.922976 0.0633129 9.9991E-05
0.00642482 0.892646 0.042529 0.0584001
9.9982E-05 0.762803 9.9982E-05 0.236997
9.9982E-05 0.799372 9.9982E-05 0.200428
0.0182597 0.844269 9.9991E-05 0.137371
0.0251213 0.974679 9.9982E-05 9.9982E-05
0.127423 0.758167 0.114311 9.9991E-05
0.0969344 0.852767 0.0501983 9.9991E-05
0.0406603 0.95914 9.9982E-05 9.9982E-05
0.323293 0.667143 0.00946484 9.9991E-05
0.398195 0.601605 9.9982E-05 9.9982E-05
9.9982E-05 0.889225 9.9982E-05 0.110575
9.9982E-05 0.774876 9.9982E-05 0.224924
9.9982E-05 0.7844 9.9982E-05 0.2154
9.9982E-05 0.839845 9.9982E-05 0.159955
9.9991E-05 0.638184 0.0342521 0.327464
0.0469356 0.946426 9.9991E-05 0.00653818
9.9982E-05 0.833755 9.9982E-05 0.166045
0.0425182 0.914396 0.00316693 0.039919
9.9991E-05 0.755144 0.101954 0.142802
9.9982E-05 0.847847 9.9982E-05 0.151953
0.4023 9.9982E-05 9.9982E-05 0.5975
0.706899 9.9982E-05 9.9982E-05 0.292901
0.590064 9.9991E-05 0.00221826 0.407618
0.739394 0.0529176 0.0558288 0.15186
0.772475 0.164356 9.9991E-05 0.063069
0.950938 9.9982E-05 9.9982E-05 0.0488619
0.671611 9.9982E-05 9.9982E-05 0.328189
0.539404 9.9982E-05 9.9982E-05 0.460396
0.13095 9.9982E-05 9.9982E-05 0.86885
0.833816 0.0902096 9.9991E-05 0.0758739
0.933808 9.99821E-05 0.065992 9.99821E-05
0.950372 9.9982E-05 0.0494279 9.9982E-05
0.917557 9.9982E-05 0.0822432 9.9982E-05
