0.477773 0.348913 0.03383 9.9982E-05 0.139284 9.9982E-05
0.0941992 0.319425 0.25309 9.9991E-05 0.100002 0.233184
0.316324 0.291421 0.0366189 9.9991E-05 0.274565 0.0809705
0.262416 0.0371411 9.9991E-05 0.00191814 0.559365 0.139061
0.171626 0.322673 9.9982E-05 0.00797387 0.497527 9.9982E-05
0.358879 0.0536462 9.9982E-05 9.9982E-05 0.544296 0.0429782
0.000267312 9.9973E-05 0.919518 9.9973E-05 9.9973E-05 0.0799144
0.0584408 0.1847 0.581077 0.175582 9.9982E-05 9.9982E-05
9.9973E-05 9.9973E-05 0.754393 0.220321 0.0249865 9.9973E-05
0.0610637 9.9973E-05 0.745696 0.19294 9.9973E-05 9.9973E-05
9.9973E-05 0.032189 0.924479 0.0430318 9.9973E-05 9.9973E-05
0.0125775 0.0164154 0.938832 9.9982E-05 0.0319749 9.9982E-05
9.9973E-05 9.9973E-05 0.601114 0.390021 0.00856492 9.9973E-05
0.0234159 0.0029205 0.603819 0.369644 9.9982E-05 9.9982E-05
0.00132458 9.9982E-05 0.715444 0.194497 9.9982E-05 0.0885352
9.99731E-05 0.0420362 0.942943 0.0147205 9.99731E-05 9.99731E-05
0.572423 0.224232 9.9991E-05 0.00979945 0.0887861 0.10466
0.313272 0.000355164 9.9982E-05 0.10095 9.9982E-05 0.585223
0.635157 9.9982E-05 9.9982E-05 0.0639032 0.150869 0.14987
0.515506 0.00337781 9.9991E-05 0.0986237 0.316809 0.065583
0.282236 9.9982E-05 9.9982E-05 0.0586629 0.263466 0.395435
0.521663 9.9982E-05 9.9982E-05 0.0789612 0.0976317 0.301544
0.553594 0.248123 0.197983 9.9973E-05 9.9973E-05 9.9973E-05
0.665028 0.318183 9.9973E-05 9.9973E-05 0.0164891 9.9973E-05
0.843237 0.0296882 9.9982E-05 0.00790628 0.118968 9.9982E-05
0.697685 0.123333 9.9982E-05 9.9982E-05 0.178266 0.000515569
0.568462 0.168455 9.9982E-05 0.142492 0.12039 9.9982E-05
0.467254 0.103906 9.9982E-05 0.0623891 0.366251 9.9982E-05
0.084586 0.555009 9.9991E-05 0.107608 0.00283278 0.249864
0.0921791 0.311938 0.00262195 0.133385 0.0380699 0.421807
0.116302 9.9982E-05 0.100431 9.9982E-05 0.273957 0.509109
0.139629 0.0474091 0.160903 9.9991E-05 0.45638 0.195579
0.287979 9.9973E-05 9.9973E-05 9.9973E-05 0.467007 0.244713
0.889028 9.9973E-05 0.0886069 9.9973E-05 0.0220648 9.9973E-05
0.677637 9.9973E-05 0.262825 9.9973E-05 9.9973E-05 0.0592383
0.530111 0.120384 0.0534909 0.0183033 0.174013 0.103697
0.367403 9.9991E-05 0.183704 0.187532 0.178883 0.0823782
0.686679 0.0556258 0.0660823 0.0894954 0.102017 9.9991E-05
0.67726 0.0346734 0.00508928 0.050627 0.0256355 0.206715
0.687534 9.9982E-05 9.9982E-05 0.0571506 0.166693 0.0884229
0.341791 0.190792 9.9982E-05 9.9982E-05 0.314091 0.153125
0.229302 0.233084 9.9991E-05 0.0584058 0.384115 0.0949933
0.199197 9.9982E-05 9.9982E-05 0.104491 0.509182 0.186931
0.190252 0.369208 0.065498 0.0805064 0.294436 9.9991E-05
0.375399 0.0623358 9.9982E-05 9.9982E-05 0.503843 0.0582222
0.466032 9.9973E-05 9.9973E-05 9.9973E-05 0.391346 0.142322
0.28044 9.9973E-05 9.9973E-05 0.140921 9.9973E-05 0.578339
0.079114 0.012188 0.0594146 0.00603386 0.0604793 0.78277
9.996E-05 9.996E-05 9.996E-05 9.996E-05 9.996E-05 0.9995
0.123954 0.173727 9.9973E-05 9.9973E-05 9.9973E-05 0.702019
0.173339 9.9982E-05 9.9982E-05 0.131787 0.0321004 0.662574
0.440134 0.292156 0.138496 0.00639081 9.9991E-05 0.122723
0.481884 0.0093242 9.9982E-05 0.153759 9.9982E-05 0.354833
0.635548 0.155375 9.9991E-05 0.0348227 0.0335808 0.140573
0.702325 0.157014 0.0480885 9.9982E-05 9.9982E-05 0.0923722
0.634419 9.9973E-05 9.9973E-05 0.0500488 0.315233 9.9973E-05
0.296792 0.0117108 0.440445 0.250852 9.9982E-05 9.9982E-05
0.0830105 0.0931471 0.349257 0.474386 9.9982E-05 9.9982E-05
0.0398603 0.0735458 9.9973E-05 0.886294 9.9973E-05 9.9973E-05
0.0535617 9.9982E-05 0.369644 0.523155 9.9982E-05 0.0534391
9.9973E-05 9.9973E-05 0.443105 0.526767 0.0298287 9.9973E-05
9.9982E-05 0.0430664 0.129746 0.662597 9.9982E-05 0.16439
9.99639E-05 9.99639E-05 0.725692 9.99639E-05 9.99639E-05 0.273908
0.0162736 9.9982E-05 0.801131 0.0143821 0.168014 9.9982E-05
9.9973E-05 9.9973E-05 0.748175 0.155474 0.0960517 9.9973E-05
0.0123364 9.9973E-05 0.564032 0.423332 9.9973E-05 9.9973E-05
0.124491 9.9982E-05 0.564757 0.227421 0.0831317 9.9982E-05
0.0822204 9.99731E-05 0.259017 0.658462 9.99731E-05 9.99731E-05
0.170168 9.9973E-05 0.680283 0.149248 9.9973E-05 9.9973E-05
0.0803387 9.9973E-05 0.559817 0.359544 9.9973E-05 9.9973E-05
0.113288 9.9973E-05 0.808086 9.9973E-05 0.0783264 9.9973E-05
0.108769 9.9982E-05 0.390763 0.468407 0.0318612 9.9982E-05
9.9982E-05 0.0196301 0.905431 0.0105082 0.0642308 9.9982E-05
9.9982E-05 9.9982E-05 0.203983 0.657287 0.0371555 0.101374
0.13946 9.9982E-05 0.115632 0.715499 0.0292082 9.9982E-05
9.9982E-05 9.9982E-05 0.0729599 0.785326 0.00458703 0.136927
9.9973E-05 9.9973E-05 0.353419 0.500967 0.145314 9.9973E-05
9.9964E-05 9.9964E-05 9.9964E-05 0.964513 0.0350872 9.9964E-05
0.00661697 9.9973E-05 0.331716 0.661367 9.9973E-05 9.9973E-05
9.9973E-05 9.9973E-05 0.71318 0.179347 9.9973E-05 0.107173
9.9982E-05 0.0101239 9.9982E-05 0.80572 0.0230069 0.160949
0.00205168 0.687658 9.9982E-05 0.0818951 0.228195 9.9982E-05
0.105382 0.822477 0.0519818 0.0110737 9.9991E-05 0.00898607
0.00725914 0.86848 0.0687246 0.0553367 9.9982E-05 9.9982E-05
9.9982E-05 0.528824 9.9982E-05 0.0757493 0.342057 0.0531696
9.9982E-05 0.557068 9.9982E-05 0.0428549 0.135714 0.264162
9.99731E-05 0.185802 0.00462264 9.99731E-05 9.99731E-05 0.809275
9.9982E-05 0.16776 0.088065 9.9982E-05 0.546744 0.197231
0.0205312 0.258724 0.0998402 9.9991E-05 0.40348 0.217325
9.9973E-05 0.14727 9.9973E-05 9.9973E-05 0.711717 0.140713
9.9973E-05 0.434255 9.9973E-05 9.9973E-05 0.304075 0.26137
9.9973E-05 0.0363415 0.0317459 9.9973E-05 0.931613 9.9973E-05
0.103351 9.9964E-05 9.9964E-05 9.9964E-05 0.896249 9.9964E-05
0.144865 0.22831 9.9982E-05 0.00378533 0.62284 9.9982E-05
0.0724436 0.0256934 0.00488421 9.9991E-05 0.815486 0.0813927
9.99639E-05 9.99639E-05 9.99639E-05 9.99639E-05 0.527437 0.472163
0.155508 0.00792047 9.9982E-05 9.9982E-05 0.664611 0.171761
0.0141692 0.107421 0.000101839 0.0255532 0.852655 9.9991E-05
0.106403 0.0781807 9.9982E-05 0.0141383 0.801078 9.9982E-05
0.142324 0.213081 0.0271896 9.9982E-05 0.617205 9.9982E-05
0.0950356 0.647932 9.9982E-05 9.9982E-05 0.00627384 0.250558
0.0360348 0.837228 9.9982E-05 9.9982E-05 0.11305 0.0134871
0.103918 0.884853 9.9982E-05 0.00138608 9.9982E-05 0.00964324
0.025922 0.781288 0.0143874 9.9991E-05 0.0887228 0.0895797
9.9991E-05 0.580568 0.0183262 0.0181083 0.257391 0.125506
0.147156 0.641433 9.9982E-05 0.0175814 0.19363 9.9982E-05
0.248665 0.70041 9.9982E-05 0.046603 9.9982E-05 0.00412159
9.9973E-05 0.733182 9.9973E-05 0.0774432 0.189075 9.9973E-05
9.9973E-05 0.626156 9.9973E-05 0.0563626 0.317181 9.9973E-05
0.0174297 0.586766 9.9973E-05 9.9973E-05 0.395505 9.9973E-05
0.071819 0.622774 9.9982E-05 0.0167317 0.288475 9.9982E-05
9.9973E-05 0.790181 9.9973E-05 0.0222733 0.187245 9.9973E-05
0.158337 0.50963 9.9982E-05 9.9982E-05 0.189219 0.142615
0.00338824 0.632635 9.9991E-05 0.0510332 0.205549 0.107294
0.117393 0.543005 9.9982E-05 9.9982E-05 0.284802 0.0545999
0.0454193 0.54498 9.9991E-05 0.00102717 0.386175 0.0222981
9.9982E-05 0.740841 9.9982E-05 0.0189224 0.228691 0.0113464
0.0190339 0.8012 9.9982E-05 0.0284195 0.151146 9.9982E-05
9.9973E-05 0.59287 9.9973E-05 9.9973E-05 0.371016 0.0358145
0.0750644 0.860621 0.0640142 9.99731E-05 9.99731E-05 9.99731E-05
9.9982E-05 0.772592 0.0349993 9.9982E-05 0.127624 0.0645851
0.0220644 0.800915 0.0345855 9.9982E-05 0.142235 9.9982E-05
9.9964E-05 0.666346 9.9964E-05 9.9964E-05 0.333255 9.9964E-05
0.04631 0.488165 9.9982E-05 0.0670161 0.398309 9.9982E-05
0.0121347 0.653227 9.9982E-05 0.0481695 0.286268 9.9982E-05
9.9973E-05 0.695688 9.9973E-05 0.0404173 0.263595 9.9973E-05
0.134962 0.599126 9.9982E-05 0.261475 0.00423697 9.9982E-05
9.9982E-05 0.444019 0.0778783 0.287743 0.19016 9.9982E-05
9.9973E-05 0.733451 9.9973E-05 9.9973E-05 0.198262 0.0679875
9.9973E-05 0.866299 0.00245924 9.9973E-05 9.9973E-05 0.130941
9.9973E-05 0.730132 0.105926 9.9973E-05 0.163642 9.9973E-05
0.0548735 0.839396 0.0610007 9.9982E-05 0.0445302 9.9982E-05
0.080133 0.755946 9.9973E-05 9.9973E-05 9.9973E-05 0.163621
9.9982E-05 0.746685 9.9982E-05 0.0613334 0.175572 0.0162094
0.00407421 0.79814 9.9982E-05 9.9982E-05 0.114733 0.0828524
0.0302874 0.701435 9.9982E-05 0.00431876 0.263759 9.9982E-05
0.0616191 0.636606 9.9982E-05 9.9982E-05 0.147226 0.15435
9.9973E-05 0.904085 0.086808 9.9973E-05 9.9973E-05 0.00880736
9.9982E-05 0.0799447 0.700503 0.0385363 9.9982E-05 0.180816
9.9973E-05 9.9973E-05 0.567089 0.405701 0.0269102 9.9973E-05
9.9973E-05 9.9973E-05 0.572868 0.252334 9.9973E-05 0.174498
9.9982E-05 0.152348 0.144698 0.646769 9.9982E-05 0.0559852
9.9991E-05 0.0447372 0.121542 0.68322 0.0641651 0.0862356
9.9973E-05 9.9973E-05 0.189777 0.788318 9.9973E-05 0.0216051
9.9973E-05 9.9973E-05 0.674906 0.276004 0.0487896 9.9973E-05
9.9973E-05 9.9973E-05 0.857507 0.0817419 0.0604512 9.9973E-05
9.99641E-05 9.99641E-05 0.777394 9.99641E-05 9.99641E-05 0.222206
9.9973E-05 0.0907268 0.299994 0.60898 9.9973E-05 9.9973E-05
0.039717 9.99641E-05 9.99641E-05 0.959883 9.99641E-05 9.99641E-05
0.0183483 9.9964E-05 9.9964E-05 0.981252 9.9964E-05 9.9964E-05
9.9973E-05 0.00476823 9.9973E-05 0.925931 0.0690013 9.9973E-05
