9.99729E-05 0.487496 0.214122 9.99729E-05 0.200962 9.99729E-05 0.00662279 0.0904966
0.00622165 0.12615 0.147312 9.9982E-05 0.11348 9.9982E-05 0.409036 0.1976
0.149198 0.160204 0.0370343 9.9982E-05 0.408087 9.9982E-05 0.128912 0.116365
0.207209 0.175733 0.00933318 0.0179272 0.542596 9.9991E-05 0.0126257 0.0344755
0.0352396 0.131476 9.9964E-05 9.9964E-05 0.719006 9.9964E-05 9.9964E-05 0.113879
0.156362 0.294426 9.9964E-05 9.9964E-05 0.537586 9.9964E-05 9.9964E-05 0.0112262
0.0718249 9.9964E-05 0.00959799 0.775238 9.9964E-05 9.9964E-05 0.142939 9.9964E-05
0.104148 9.9964E-05 9.9964E-05 0.71383 0.0510211 9.9964E-05 9.9964E-05 0.130601
9.9964E-05 9.9964E-05 0.01921 0.910648 0.036338 9.9964E-05 0.0334037 9.9964E-05
9.9955E-05 0.0233602 0.0647158 0.911424 9.9955E-05 9.9955E-05 9.9955E-05 9.9955E-05
9.9955E-05 9.9955E-05 9.9955E-05 0.810003 0.0214095 9.9955E-05 0.168088 9.9955E-05
9.99729E-05 0.0465775 9.99729E-05 0.497635 0.0279413 0.0658138 0.361732 9.99729E-05
9.9955E-05 9.9955E-05 9.9955E-05 0.73125 0.036038 0.232212 9.9955E-05 9.9955E-05
0.00764259 9.99551E-05 9.99551E-05 0.97406 9.99551E-05 0.0177975 9.99551E-05 9.99551E-05
0.0577094 9.9964E-05 9.9964E-05 0.784439 9.9964E-05 9.9964E-05 0.123143 0.0343084
9.9955E-05 9.9955E-05 9.9955E-05 0.702557 9.9955E-05 9.9955E-05 0.225073 0.0718698
0.301217 0.21551 9.9964E-05 9.9964E-05 0.344134 9.9964E-05 9.9964E-05 0.138739
0.767604 9.9964E-05 9.9964E-05 9.9964E-05 0.031486 0.0443257 9.9964E-05 0.156184
0.352136 0.453156 9.9964E-05 9.9964E-05 0.146815 0.0474935 9.9964E-05 9.9964E-05
0.308941 0.223204 9.9964E-05 9.9964E-05 0.36327 0.104186 9.9964E-05 9.9964E-05
0.468658 0.0646787 0.23725 0.0379918 0.191122 9.9973E-05 9.9973E-05 9.9973E-05
0.589882 0.226997 0.052449 9.9973E-05 0.125171 0.00520195 9.9973E-05 9.9973E-05
9.9973E-05 0.557993 0.175993 9.9973E-05 0.0169788 9.9973E-05 0.212594 0.0361403
9.9964E-05 0.641095 9.9964E-05 9.9964E-05 0.140102 0.0214806 9.9964E-05 0.196923
9.99551E-05 0.794924 9.99551E-05 0.00605048 0.198526 9.99551E-05 9.99551E-05 9.99551E-05
0.129305 0.482983 0.100065 9.9973E-05 0.176579 9.9973E-05 9.9973E-05 0.110768
0.144067 0.337228 9.9973E-05 9.9973E-05 0.358927 0.131311 9.9973E-05 0.0281667
9.9964E-05 0.40832 0.132826 9.9964E-05 0.392897 0.0655572 9.9964E-05 9.9964E-05
0.125851 0.00634942 0.482507 0.083841 0.139662 9.9982E-05 9.9982E-05 0.16159
0.203995 0.0492181 0.563637 0.110218 0.0387625 9.9982E-05 0.0339695 9.9982E-05
0.412284 9.9955E-05 9.9955E-05 9.9955E-05 0.229325 9.9955E-05 0.357891 9.9955E-05
0.336511 9.99549E-05 9.99549E-05 9.99549E-05 0.532856 9.99549E-05 0.130134 9.99549E-05
0.422638 0.0536662 9.9955E-05 9.9955E-05 0.523196 9.9955E-05 9.9955E-05 9.9955E-05
9.9964E-05 0.906566 9.9964E-05 0.0172172 0.00817324 9.9964E-05 9.9964E-05 0.0676438
9.99459E-05 0.671445 9.99459E-05 9.99459E-05 9.99459E-05 9.99459E-05 0.327955 9.99459E-05
0.184771 0.386023 0.15931 9.9973E-05 0.217458 0.0521379 9.9973E-05 9.9973E-05
0.0472029 0.381109 9.9973E-05 9.9973E-05 0.0637145 0.22536 0.282313 9.9973E-05
0.128225 0.539273 9.9982E-05 9.9982E-05 0.183267 0.115396 0.00621909 0.0274186
0.0849072 0.561729 0.276031 9.9973E-05 9.9973E-05 0.0358499 0.0411823 9.9973E-05
0.278555 0.464752 0.0872711 9.9973E-05 0.123712 0.0454107 9.9973E-05 9.9973E-05
0.113045 0.308505 0.119067 9.9973E-05 9.9973E-05 9.9973E-05 0.00306957 0.456013
0.0819794 0.254484 0.053971 9.9982E-05 0.352542 0.0928911 9.9982E-05 0.163932
0.0881303 0.25576 0.135354 9.9982E-05 0.361726 0.154205 0.00462473 9.9982E-05
9.9964E-05 0.248926 9.9964E-05 9.9964E-05 0.123209 0.136251 9.9964E-05 0.491214
0.0649394 0.413314 0.172544 0.0272846 0.268376 9.9982E-05 9.9982E-05 0.0533419
0.216464 0.444958 9.9955E-05 9.9955E-05 0.338078 9.9955E-05 9.9955E-05 9.9955E-05
0.82363 0.103765 9.9955E-05 9.9955E-05 9.9955E-05 0.0721055 9.9955E-05 9.9955E-05
0.621425 9.9955E-05 9.9955E-05 9.9955E-05 9.9955E-05 9.9955E-05 0.153462 0.224613
0.542476 9.9964E-05 0.211627 9.9964E-05 9.9964E-05 9.9964E-05 0.245144 0.000352027
0.301669 9.9955E-05 0.623923 9.9955E-05 9.9955E-05 9.9955E-05 0.0739084 9.9955E-05
0.699539 9.9964E-05 0.252054 0.0254253 9.9964E-05 9.9964E-05 0.0225817 9.9964E-05
0.292526 0.302626 9.9964E-05 0.0896048 9.9964E-05 9.9964E-05 9.9964E-05 0.314844
0.540722 0.173972 0.225115 9.9964E-05 9.9964E-05 0.0597906 9.9964E-05 9.9964E-05
0.26584 0.440187 9.9964E-05 9.9964E-05 9.9964E-05 0.0290611 9.9964E-05 0.264512
0.280008 0.418097 9.99549E-05 9.99549E-05 9.99549E-05 9.99549E-05 9.99549E-05 0.301395
0.244981 0.380132 9.9964E-05 9.9964E-05 0.309623 0.0648642 9.9964E-05 9.9964E-05
9.9973E-05 0.292045 0.0642339 0.336257 9.9973E-05 0.198116 0.109049 9.9973E-05
9.9964E-05 0.18831 0.0723804 0.342626 9.9964E-05 0.396284 9.9964E-05 9.9964E-05
9.9955E-05 9.9955E-05 9.9955E-05 9.9955E-05 0.015927 0.896861 9.9955E-05 0.0867126
0.152113 9.9973E-05 9.9973E-05 0.266321 9.9973E-05 0.449782 0.033317 0.0981676
9.99639E-05 9.99639E-05 9.99639E-05 0.167568 9.99639E-05 0.632396 0.17194 0.0276965
0.167668 9.99639E-05 9.99639E-05 9.99639E-05 9.99639E-05 0.69293 0.0903923 0.04861
0.0416675 9.99549E-05 9.99549E-05 0.180313 9.99549E-05 9.99549E-05 0.77752 9.99549E-05
0.0452661 0.0138691 9.9982E-05 0.042718 0.0382243 0.271906 0.587817 9.9982E-05
9.9964E-05 9.9964E-05 9.9964E-05 0.610929 0.0786224 0.111828 0.198221 9.9964E-05
9.9964E-05 0.0424083 0.00905147 0.836711 9.9964E-05 0.11143 9.9964E-05 9.9964E-05
9.9964E-05 0.171959 9.9964E-05 0.42963 9.9964E-05 0.24553 0.152481 9.9964E-05
9.99551E-05 0.138499 9.99551E-05 0.388607 9.99551E-05 0.472395 9.99551E-05 9.99551E-05
9.9964E-05 0.069502 9.9964E-05 0.261341 9.9964E-05 0.233605 0.435152 9.9964E-05
9.9964E-05 0.111845 9.9964E-05 0.261175 9.9964E-05 0.434493 0.192087 9.9964E-05
9.9964E-05 0.149752 9.9964E-05 0.132378 9.9964E-05 0.212741 0.50473 9.9964E-05
9.9964E-05 0.154035 9.9964E-05 0.326229 9.9964E-05 0.422594 0.0967423 9.9964E-05
9.9964E-05 9.9964E-05 9.9964E-05 0.165986 0.013823 0.249263 0.570529 9.9964E-05
0.112518 9.9973E-05 9.9973E-05 0.100678 0.0467876 0.679093 0.0606231 9.9973E-05
0.027306 0.15816 9.9973E-05 0.109782 0.00792214 0.69653 9.9973E-05 9.9973E-05
0.0802706 9.9964E-05 0.00210352 9.9964E-05 9.9964E-05 0.785479 0.131747 9.9964E-05
9.9964E-05 9.9964E-05 9.9964E-05 0.0198477 0.107191 0.640233 0.232328 9.9964E-05
9.9946E-05 9.9946E-05 9.9946E-05 9.9946E-05 0.0588787 0.940522 9.9946E-05 9.9946E-05
9.9964E-05 0.0224185 9.9964E-05 0.398639 9.9964E-05 0.550778 9.9964E-05 0.0277644
0.052841 9.99639E-05 9.99639E-05 0.232875 9.99639E-05 0.289857 0.424027 9.99639E-05
9.9955E-05 9.9955E-05 0.174522 9.9955E-05 9.9955E-05 0.744983 0.079995 9.9955E-05
9.99641E-05 9.99641E-05 0.163645 9.99641E-05 0.547693 0.0639435 9.99641E-05 0.224319
0.0714306 9.9955E-05 9.9955E-05 9.9955E-05 9.9955E-05 0.0423215 9.9955E-05 0.885748
9.9955E-05 9.9955E-05 9.9955E-05 9.9955E-05 0.0150011 0.10452 9.9955E-05 0.879979
9.9973E-05 9.9973E-05 0.297483 0.0522317 0.605501 0.0318478 9.9973E-05 0.0126364
9.99549E-05 9.99549E-05 0.8647 0.0388097 0.0959909 9.99549E-05 9.99549E-05 9.99549E-05
9.99461E-05 9.99461E-05 0.463684 9.99461E-05 9.99461E-05 9.99461E-05 0.535717 9.99461E-05
0.0383976 9.9982E-05 0.126534 9.9982E-05 0.444765 0.0107078 0.270866 0.10853
9.9973E-05 0.0655562 0.334921 9.9973E-05 0.355179 9.9973E-05 0.242421 0.00162236
0.109131 9.9973E-05 0.0304078 9.9973E-05 0.767012 9.9973E-05 0.0438323 0.0493169
9.9964E-05 9.9964E-05 0.240979 9.9964E-05 0.37481 9.9964E-05 0.185238 0.198573
9.99551E-05 9.99551E-05 9.99551E-05 9.99551E-05 0.845975 0.0572834 0.096242 9.99551E-05
0.0858055 0.113746 9.9964E-05 9.9964E-05 0.776122 0.0239264 9.9964E-05 9.9964E-05
0.055744 0.0895664 0.107784 0.023166 0.723439 9.9973E-05 9.9973E-05 9.9973E-05
0.0829221 0.0399796 9.9964E-05 9.9964E-05 0.754974 9.9964E-05 0.121724 9.9964E-05
0.280903 9.9964E-05 0.220967 9.9964E-05 0.35779 9.9964E-05 0.13994 9.9964E-05
0.0966692 0.0802328 0.16813 9.9973E-05 0.598026 9.9973E-05 0.0566421 9.9973E-05
9.9982E-05 0.00364829 0.033043 0.0217958 0.866204 0.0678028 0.00730583 9.9982E-05
0.00229956 0.0144239 9.9973E-05 9.9973E-05 0.856989 0.0174396 0.108548 9.9973E-05
9.9973E-05 0.15613 0.0568615 0.0471178 0.575712 9.9973E-05 9.9973E-05 0.163879
9.9964E-05 0.0730693 0.811746 0.00683077 9.9964E-05 9.9964E-05 9.9964E-05 0.107954
0.0402448 9.9964E-05 0.310555 9.9964E-05 0.294081 9.9964E-05 9.9964E-05 0.354719
9.9973E-05 0.0550849 0.449696 9.9973E-05 0.0312739 0.0214468 9.9973E-05 0.442199
0.04696 9.9964E-05 0.115651 9.9964E-05 0.162536 9.9964E-05 9.9964E-05 0.674453
9.9973E-05 9.9973E-05 0.403924 9.9973E-05 0.462084 0.0100566 0.0667955 0.0568395
9.9946E-05 9.9946E-05 0.459275 9.9946E-05 0.540125 9.9946E-05 9.9946E-05 9.9946E-05
9.9964E-05 0.162467 0.513579 9.9964E-05 0.292894 9.9964E-05 9.9964E-05 0.0306604
9.9955E-05 9.9955E-05 0.414723 9.9955E-05 0.526571 9.9955E-05 9.9955E-05 0.0582061
9.9964E-05 9.9964E-05 0.249405 9.9964E-05 0.724752 0.000648907 0.0247941 9.9964E-05
0.000195525 9.9964E-05 0.0628823 9.9964E-05 0.725265 9.9964E-05 9.9964E-05 0.211258
9.9973E-05 0.056446 0.0204816 9.9973E-05 0.681107 0.00261718 9.9973E-05 0.239048
9.9955E-05 9.9955E-05 0.112578 9.9955E-05 0.623198 9.9955E-05 9.9955E-05 0.263724
0.123648 0.0380923 0.335924 9.9973E-05 0.347056 9.9973E-05 9.9973E-05 0.15498
0.121024 9.9973E-05 0.0640018 9.9973E-05 0.357696 0.0427753 9.9973E-05 0.414203
0.081294 9.9973E-05 0.124227 9.9973E-05 0.571603 9.9973E-05 0.0327493 0.189828
0.0519404 9.9973E-05 0.231539 9.9973E-05 0.571775 9.9973E-05 0.00659407 0.137852
9.99551E-05 9.99551E-05 0.516219 9.99551E-05 0.450044 9.99551E-05 9.99551E-05 0.0332376
9.9964E-05 9.9964E-05 0.297261 9.9964E-05 0.450032 0.00427264 9.9964E-05 0.248034
9.99639E-05 9.99639E-05 0.311969 9.99639E-05 0.579401 9.99639E-05 0.0191819 0.0890485
9.9964E-05 0.141208 9.9964E-05 9.9964E-05 0.0613444 9.9964E-05 0.0721505 0.724897
9.9955E-05 9.9955E-05 9.9955E-05 9.9955E-05 0.187925 9.9955E-05 0.0887076 0.722868
0.0358561 9.9973E-05 9.9973E-05 9.9973E-05 0.34803 0.0137764 0.0128829 0.589155
9.9946E-05 9.9946E-05 9.9946E-05 9.9946E-05 0.752868 9.9946E-05 9.9946E-05 0.246532
0.00561146 9.9982E-05 0.0870933 0.0325532 0.600997 0.0618696 9.9982E-05 0.211675
9.9973E-05 0.0280327 0.0459672 9.9973E-05 0.579152 0.0341853 9.9973E-05 0.312363
0.0215125 9.9973E-05 0.109096 9.9973E-05 0.581291 0.0187287 9.9973E-05 0.269072
9.9982E-05 0.0949455 0.0410843 0.127999 0.490876 0.133834 9.9982E-05 0.111062
9.9973E-05 9.9973E-05 0.0620961 0.0408881 0.392836 0.307328 9.9973E-05 0.196553
0.0478258 9.9964E-05 0.245902 9.9964E-05 0.417744 9.9964E-05 9.9964E-05 0.288128
0.0360368 9.9964E-05 0.270794 9.9964E-05 0.0442957 9.9964E-05 9.9964E-05 0.648473
9.9973E-05 0.0681764 0.162445 9.9973E-05 0.277967 9.9973E-05 0.0611897 0.429921
9.9964E-05 0.105167 0.263473 9.9964E-05 0.145338 9.9964E-05 9.9964E-05 0.485623
0.00474188 0.0266886 0.298503 9.9973E-05 9.9973E-05 9.9973E-05 0.0173097 0.652457
9.99639E-05 9.99639E-05 0.541887 9.99639E-05 0.31936 0.00838351 9.99639E-05 0.12997
9.9964E-05 0.092508 0.433144 9.9964E-05 0.0458878 9.9964E-05 9.9964E-05 0.42806
9.9955E-05 9.9955E-05 0.162795 9.9955E-05 0.505419 9.9955E-05 9.9955E-05 0.331286
0.145936 9.9964E-05 0.152336 9.9964E-05 0.36563 9.9964E-05 9.9964E-05 0.335697
9.9964E-05 9.9964E-05 0.348686 9.9964E-05 0.145742 9.9964E-05 0.0733148 0.431857
9.99549E-05 9.99549E-05 9.99549E-05 9.99549E-05 9.99549E-05 0.278953 0.655931 0.0646162
9.9964E-05 9.9964E-05 9.9964E-05 0.177392 9.9964E-05 0.477532 0.306263 0.0384136
0.093086 9.997E-05 0.0431318 0.295674 9.997E-05 0.295477 0.272331 9.997E-05
0.0391516 9.9982E-05 0.0509699 0.0628487 9.9982E-05 0.693684 0.0528072 0.100339
9.9973E-05 9.9973E-05 9.9973E-05 0.117637 0.0690247 0.670632 0.0814053 0.0610006
0.00841773 9.9973E-05 9.9973E-05 0.032059 9.9973E-05 0.850104 0.0932258 0.0158935
9.9964E-05 9.9964E-05 9.9964E-05 0.275701 9.9964E-05 0.38439 0.283307 0.0562028
9.99549E-05 9.99549E-05 9.99549E-05 0.181829 9.99549E-05 0.294166 0.523506 9.99549E-05
9.99461E-05 9.99461E-05 9.99461E-05 0.0114926 9.99461E-05 9.99461E-05 0.987908 9.99461E-05
9.9982E-05 9.9982E-05 0.0198776 0.185304 0.0126364 0.661773 0.0243623 0.0958467
9.99551E-05 0.0780374 9.99551E-05 0.0490336 9.99551E-05 0.872429 9.99551E-05 9.99551E-05
0.0116847 0.0502341 9.99551E-05 9.99551E-05 9.99551E-05 0.937581 9.99551E-05 9.99551E-05
9.99551E-05 9.99551E-05 9.99551E-05 0.0674319 0.0809122 0.851156 9.99551E-05 9.99551E-05
