0.0360212 9.9991E-05 0.505232 0.00475036 0.305035 0.148862
0.207098 9.9991E-05 0.151912 0.273844 0.347448 0.0195978
0.17573 9.9991E-05 0.297549 0.0179921 0.208612 0.300017
0.148134 0.0145434 0.301205 9.9991E-05 0.0669377 0.46908
9.9982E-05 0.00453216 0.208141 9.9982E-05 0.288054 0.499073
0.0920549 9.9982E-05 0.385185 9.9982E-05 0.0609379 0.461623
9.9964E-05 9.9964E-05 9.9964E-05 0.976676 0.0229243 9.9964E-05
9.9982E-05 0.185274 0.0638661 0.578885 0.171775 9.9982E-05
9.9982E-05 0.252308 9.9982E-05 0.696154 0.0263351 0.0250025
9.9973E-05 0.192096 0.0989946 0.70861 9.9973E-05 9.9973E-05
9.9973E-05 0.0921858 0.0385302 0.868984 9.9973E-05 9.9973E-05
9.9973E-05 0.00395794 9.9973E-05 0.917937 9.9973E-05 0.0778054
9.9973E-05 0.431433 9.9973E-05 0.543984 9.9973E-05 0.0242837
9.9973E-05 0.41881 0.0637349 0.517155 9.9973E-05 9.9973E-05
0.00613081 0.196292 0.0285295 0.762949 9.9991E-05 0.00599887
9.99731E-05 0.04753 9.99731E-05 0.91602 0.0361498 9.99731E-05
0.13742 0.0235287 0.492272 0.000776545 0.131606 0.214396
0.585724 0.111761 0.302215 9.9973E-05 9.9973E-05 9.9973E-05
0.138826 0.0810089 0.58536 0.0152507 9.9991E-05 0.179454
0.0786436 0.110765 0.5339 9.9982E-05 9.9982E-05 0.276491
0.429942 0.0397771 0.337215 9.9982E-05 9.9982E-05 0.192866
0.346699 0.0764682 0.524422 9.9982E-05 9.9982E-05 0.0522114
9.9982E-05 9.9982E-05 0.532463 0.211298 0.220811 0.0352278
9.9982E-05 0.00920785 0.684335 9.9982E-05 0.237178 0.0690792
9.99641E-05 9.99641E-05 0.840178 9.99641E-05 9.99641E-05 0.159423
9.9973E-05 9.9973E-05 0.764417 9.9973E-05 0.141775 0.0935085
9.9982E-05 0.15956 0.553584 9.9982E-05 0.0969997 0.189656
9.9982E-05 0.0765756 0.444039 9.9982E-05 0.140236 0.338949
0.197752 0.0978196 0.125475 9.9982E-05 0.578753 9.9982E-05
0.407375 0.120334 0.0874665 9.9991E-05 0.342523 0.0422018
0.534008 9.9982E-05 0.151454 0.133088 9.9982E-05 0.18125
0.239306 9.9982E-05 0.150176 0.118969 9.9982E-05 0.49135
0.23067 9.9973E-05 0.352221 9.9973E-05 9.9973E-05 0.416808
9.9964E-05 9.9964E-05 0.921814 0.0777864 9.9964E-05 9.9964E-05
0.102891 9.9973E-05 0.651064 0.245745 9.9973E-05 9.9973E-05
0.118977 0.0335834 0.539016 0.0536834 0.0835094 0.171231
0.264489 0.298417 0.295193 0.0392244 9.9991E-05 0.102577
9.9991E-05 0.0539358 0.653931 0.101233 0.0100167 0.180783
0.239373 0.0635183 0.621073 9.9982E-05 0.0758351 9.9982E-05
0.137479 0.0790646 0.66924 9.9982E-05 9.9982E-05 0.114017
0.156084 9.9982E-05 0.418814 9.9982E-05 0.310962 0.11394
0.126851 0.0749773 0.243389 9.9991E-05 0.222979 0.331703
0.225368 0.0797774 0.191779 9.9982E-05 9.9982E-05 0.502876
9.9991E-05 0.0807163 0.290009 0.0221932 0.40238 0.204602
0.0584744 9.9982E-05 0.501904 9.9982E-05 0.176687 0.262735
0.186524 9.9973E-05 0.48649 9.9973E-05 9.9973E-05 0.326686
0.558471 0.136044 0.305185 9.9973E-05 9.9973E-05 9.9973E-05
0.796051 0.0344242 0.0550334 0.0321196 0.0822722 9.9991E-05
0.998668 9.9964E-05 9.9964E-05 9.9964E-05 0.000931783 9.9964E-05
0.692129 9.9973E-05 0.076417 9.9973E-05 0.231154 9.9973E-05
0.715997 0.111185 0.172518 9.99729E-05 9.99729E-05 9.99729E-05
0.147443 9.9982E-05 0.501087 0.138768 0.212502 9.9982E-05
0.357469 0.150318 0.491914 9.9973E-05 9.9973E-05 9.9973E-05
0.0547212 0.0248823 0.761471 9.9982E-05 0.158725 9.9982E-05
0.0314703 0.0075061 0.72157 0.0343075 0.205046 9.9991E-05
9.9973E-05 0.111328 0.642885 9.9973E-05 9.9973E-05 0.245487
9.9982E-05 0.231607 0.242934 0.485074 0.0401854 9.9982E-05
9.9973E-05 0.471382 0.185801 0.342517 9.9973E-05 9.9973E-05
9.9982E-05 0.897303 0.0312108 0.0372303 0.0340559 9.9982E-05
9.9973E-05 0.469372 0.134282 0.396047 9.9973E-05 9.9973E-05
9.9973E-05 0.585947 9.9973E-05 0.374099 9.9973E-05 0.0396547
0.182463 0.649298 0.00493967 0.156222 0.00697803 9.9991E-05
0.265015 9.99639E-05 9.99639E-05 0.734585 9.99639E-05 9.99639E-05
9.9982E-05 0.0316188 0.0365533 0.784537 9.9982E-05 0.147091
9.9973E-05 0.195312 9.9973E-05 0.727094 9.9973E-05 0.0772948
9.9964E-05 0.395098 9.9964E-05 0.604502 9.9964E-05 9.9964E-05
9.9982E-05 0.330014 0.170892 0.456282 9.9982E-05 0.042612
9.99731E-05 0.671326 0.113558 0.214815 9.99731E-05 9.99731E-05
9.9973E-05 0.16255 0.114563 0.722588 9.9973E-05 9.9973E-05
9.9973E-05 0.356136 0.0669963 0.576568 9.9973E-05 9.9973E-05
9.9982E-05 0.0623303 0.117719 0.73006 9.9982E-05 0.0896913
9.9982E-05 0.437395 0.0977236 0.441817 9.9982E-05 0.0228646
9.9982E-05 0.0574844 0.00598901 0.879505 9.9982E-05 0.0568211
0.0733895 0.685041 9.9982E-05 0.213437 9.9982E-05 0.0279322
0.0233682 0.691509 0.175149 0.109774 9.9982E-05 9.9982E-05
0.130949 0.738384 9.9982E-05 0.119495 9.9982E-05 0.0109724
9.9973E-05 0.582673 9.9973E-05 0.306186 9.9973E-05 0.110841
9.9964E-05 0.969522 9.9964E-05 9.9964E-05 9.9964E-05 0.0300782
9.9973E-05 0.654563 0.0305711 0.314566 9.9973E-05 9.9973E-05
0.106658 0.162386 0.00676508 0.723991 9.9982E-05 9.9982E-05
0.19451 0.777812 9.9982E-05 0.0019029 9.9982E-05 0.0255753
0.00695571 0.063394 0.0627508 9.9991E-05 0.47744 0.38936
9.9982E-05 0.0365491 0.0281147 0.0673904 0.867746 9.9982E-05
9.9973E-05 0.0755541 9.9973E-05 0.0385422 0.885604 9.9973E-05
0.0468117 0.0524384 9.9982E-05 9.9982E-05 0.423549 0.477001
0.217427 0.0542802 9.9982E-05 9.9982E-05 0.53744 0.190653
0.815731 9.99641E-05 9.99641E-05 9.99641E-05 0.183869 9.99641E-05
0.331364 9.9982E-05 9.9982E-05 0.0468421 0.0690175 0.552577
0.26483 9.9991E-05 0.036224 0.0582346 0.210509 0.430103
0.142813 9.9973E-05 9.9973E-05 9.9973E-05 0.131338 0.725549
0.2489 9.9973E-05 9.9973E-05 9.9973E-05 0.370995 0.379805
9.9973E-05 0.0204539 9.9973E-05 0.0377487 9.9973E-05 0.941497
9.9973E-05 0.00837472 0.118394 9.9973E-05 9.9973E-05 0.872931
0.030126 9.9982E-05 0.178623 9.9982E-05 0.112412 0.678639
0.133005 9.9982E-05 0.0708884 9.9982E-05 0.0022195 0.793687
0.505866 9.99639E-05 9.99639E-05 9.99639E-05 9.99639E-05 0.493734
0.186247 9.9973E-05 0.1443 9.9973E-05 9.9973E-05 0.669153
0.0107849 9.9982E-05 9.9982E-05 0.0451636 0.023568 0.920284
9.9973E-05 9.9973E-05 0.0889188 0.0424065 9.9973E-05 0.868375
9.9982E-05 9.9982E-05 0.165523 0.0443276 0.188942 0.601008
0.199701 9.9982E-05 0.133991 9.9982E-05 0.592356 0.073753
0.0133638 9.9982E-05 0.0731153 9.9982E-05 0.800666 0.112655
0.0265843 0.0382206 0.088874 9.9982E-05 0.846121 9.9982E-05
0.017858 9.9982E-05 0.0682555 9.9982E-05 0.80042 0.113267
0.167814 0.0251594 9.9982E-05 9.9982E-05 0.491104 0.315722
9.9982E-05 0.0284553 0.0948727 9.9982E-05 0.561009 0.315463
0.0143811 0.0461958 0.209267 9.9991E-05 0.551954 0.178103
9.9973E-05 0.0497102 9.9973E-05 9.9973E-05 0.617062 0.332927
0.00110795 0.060206 9.9982E-05 9.9982E-05 0.482759 0.455727
9.9964E-05 9.9964E-05 9.9964E-05 9.9964E-05 0.464717 0.534884
9.9982E-05 0.0214856 0.0737451 9.9982E-05 0.524577 0.379992
9.9973E-05 9.9973E-05 0.0012961 9.9973E-05 0.582807 0.415597
0.129227 9.9982E-05 0.186691 9.9982E-05 0.487609 0.196272
0.0670012 0.0626562 9.9982E-05 9.9982E-05 0.592364 0.277779
0.105803 9.9982E-05 0.0719408 9.9982E-05 0.451122 0.370934
0.0585068 0.0174611 9.9982E-05 9.9982E-05 0.437702 0.48613
0.0115288 0.00315041 9.9982E-05 9.9982E-05 0.601141 0.38398
9.9973E-05 9.9973E-05 0.0174088 9.9973E-05 0.642584 0.339707
0.0684773 9.9973E-05 9.9973E-05 9.9973E-05 0.480787 0.450436
9.9973E-05 9.9973E-05 0.0897671 0.0787085 0.831224 9.9973E-05
0.0466439 9.9982E-05 9.9982E-05 0.035414 0.663924 0.253819
0.0111691 9.9982E-05 9.9982E-05 0.0493983 0.654272 0.284961
9.9964E-05 9.9964E-05 9.9964E-05 9.9964E-05 0.477173 0.522427
9.9982E-05 0.0713014 0.0260871 9.9982E-05 0.438707 0.463705
9.9982E-05 0.0294762 0.049089 9.9982E-05 0.484678 0.436557
9.9973E-05 0.0149405 9.9973E-05 9.9973E-05 0.580376 0.404384
9.9982E-05 0.270237 0.130967 9.9982E-05 0.453997 0.144599
9.9982E-05 0.340203 9.9982E-05 0.0207087 0.48435 0.154538
0.0419977 9.9973E-05 9.9973E-05 9.9973E-05 0.672996 0.284707
0.0823717 9.9973E-05 9.9973E-05 9.9973E-05 0.910832 0.00649621
9.9973E-05 9.9973E-05 9.9973E-05 0.0840999 0.686353 0.229247
9.9982E-05 9.9982E-05 0.0454632 0.0363162 0.810591 0.107429
0.0419222 9.9973E-05 0.0822486 9.9973E-05 0.875529 9.9973E-05
0.00699794 0.0433403 9.9982E-05 9.9982E-05 0.725921 0.223541
0.0268922 9.9991E-05 0.0715039 0.00484014 0.789294 0.10737
9.9982E-05 0.0066347 0.0316859 9.9982E-05 0.650103 0.311376
0.150667 9.9982E-05 0.0811258 9.9982E-05 0.57054 0.197467
9.9982E-05 0.00523168 9.9982E-05 0.0440876 0.917305 0.0331762
0.104353 0.0572802 9.9991E-05 0.729905 0.0887379 0.0196238
0.00356966 0.358872 9.9982E-05 0.576321 9.9982E-05 0.0610375
0.128941 0.285328 9.9973E-05 0.585431 9.9973E-05 9.9973E-05
0.126747 0.697235 9.9982E-05 0.0967156 0.0791029 9.9982E-05
0.0481346 0.686183 9.9982E-05 0.145808 9.9982E-05 0.119674
0.0304007 0.808289 9.9973E-05 0.16101 9.9973E-05 9.9973E-05
9.9982E-05 0.319619 0.0220055 0.628676 0.0294998 9.9982E-05
9.9973E-05 0.143734 9.9973E-05 0.808807 9.9973E-05 0.0471591
0.193974 9.99641E-05 9.99641E-05 0.805626 9.99641E-05 9.99641E-05
0.00864665 0.697588 9.9982E-05 0.215183 0.0783823 9.9982E-05
9.99641E-05 0.929978 0.0696222 9.99641E-05 9.99641E-05 9.99641E-05
9.9964E-05 0.952002 0.0475984 9.9964E-05 9.9964E-05 9.9964E-05
9.99641E-05 0.937007 9.99641E-05 9.99641E-05 9.99641E-05 0.0625936
