0.139544 0.349956 0.510401 9.9991E-05
0.47922 0.369621 0.151059 9.9991E-05
0.135432 0.410429 0.454039 9.9991E-05
0.145898 0.336118 0.498699 0.0192852
9.999E-05 0.662769 0.269805 0.0673262
9.9982E-05 0.375065 0.624735 9.9982E-05
0.517917 9.9982E-05 9.9982E-05 0.481883
0.297567 0.140427 9.9991E-05 0.561906
0.344729 9.9982E-05 9.9982E-05 0.655071
0.358619 9.9982E-05 9.9982E-05 0.641181
0.460456 9.9982E-05 9.9982E-05 0.539344
0.455456 0.0215862 9.9991E-05 0.522858
0.173235 9.9982E-05 9.9982E-05 0.826565
0.201046 9.9982E-05 9.9982E-05 0.798754
0.402466 9.9982E-05 9.9982E-05 0.597334
0.459132 9.9982E-05 9.9982E-05 0.540668
0.0999526 0.268344 0.613024 0.0186799
0.42073 0.0217336 0.547623 0.00991386
0.181939 9.9991E-05 0.770103 0.0478583
9.9991E-05 0.129657 0.757162 0.11308
0.234582 0.208296 0.547105 0.0100164
0.169099 9.9991E-05 0.811793 0.0190081
0.275167 0.207858 0.4654 0.0515755
9.9991E-05 0.360054 0.56145 0.0783968
9.9991E-05 0.0954608 0.804902 0.0995371
0.0182268 0.154859 0.826814 9.9991E-05
9.9991E-05 0.265713 0.624575 0.109611
9.9991E-05 0.353387 0.509144 0.13737
0.214091 0.583167 0.172783 0.029959
0.339516 0.383586 0.196764 0.0801341
0.575737 9.9982E-05 0.424063 9.9982E-05
0.220819 0.358132 0.371712 0.0493374
0.196589 0.317464 0.485847 9.9991E-05
0.113848 9.9991E-05 0.851956 0.0340959
0.411529 9.9982E-05 0.588271 9.9982E-05
0.1445 0.149882 0.658288 0.0473294
0.190654 9.9991E-05 0.494248 0.314998
0.0783457 0.103077 0.727415 0.0911624
0.241852 9.9991E-05 0.713301 0.0447465
0.0691593 0.0372712 0.830516 0.0630539
0.233672 0.347467 0.41876 9.9991E-05
0.0329199 0.453268 0.436193 0.0776195
0.0856244 0.262092 0.526126 0.126158
0.0715704 0.538576 0.234746 0.155107
0.0938245 0.352161 0.553914 9.9991E-05
0.104553 0.136918 0.758429 9.9991E-05
0.429997 9.9991E-05 0.564381 0.00552164
0.645305 0.118764 0.235831 9.9991E-05
0.783387 0.0608439 0.15567 9.9991E-05
0.536078 0.279813 0.184009 9.9991E-05
0.469777 9.9991E-05 0.519132 0.0109919
0.291918 0.139971 0.505454 0.0626567
0.223709 9.9991E-05 0.70603 0.0701608
0.185959 0.0602236 0.753717 9.9991E-05
0.241351 0.0363007 0.722248 9.9991E-05
9.9991E-05 0.146645 0.798738 0.0545175
0.232905 0.0751517 0.134307 0.557636
0.0993764 0.0375489 0.116481 0.746593
9.9991E-05 0.0462626 0.00302256 0.950615
0.228009 9.9991E-05 0.031896 0.739995
0.154789 9.9982E-05 9.9982E-05 0.845011
0.181491 9.9991E-05 0.0924232 0.725986
0.764884 9.99819E-05 9.99819E-05 0.234916
0.459013 9.9991E-05 0.078103 0.462784
0.364481 0.00555839 9.9991E-05 0.629861
0.221845 9.9982E-05 9.9982E-05 0.777955
0.306836 9.9991E-05 0.0811464 0.611918
9.99821E-05 9.99821E-05 0.0757869 0.924013
0.419461 9.9991E-05 0.0321488 0.54829
0.204113 9.9991E-05 0.026961 0.768826
0.457249 0.00165623 0.0325278 0.508567
0.0775444 0.0285357 0.0940988 0.799821
0.434778 9.9982E-05 9.9982E-05 0.565022
0.046721 0.0685253 0.0661085 0.818645
9.9982E-05 9.9982E-05 0.158342 0.841458
0.0670578 9.9991E-05 0.0725911 0.860251
0.135799 0.0502051 9.9991E-05 0.813896
9.9982E-05 0.00947998 9.9982E-05 0.99032
0.105756 9.9982E-05 9.9982E-05 0.894044
0.442394 9.9982E-05 9.9982E-05 0.557406
0.0646121 0.0153673 0.077494 0.842527
9.9991E-05 0.847856 0.0951717 0.0568722
0.242714 0.757086 9.9982E-05 9.9982E-05
0.135053 0.814225 9.9991E-05 0.0506229
0.0105368 0.827615 0.0401998 0.121648
0.171781 0.76449 0.0304653 0.0332635
0.735106 0.264694 9.99821E-05 9.99821E-05
0.282309 0.606482 0.0624914 0.0487175
0.318673 0.549672 0.0989974 0.0326576
0.0691836 0.726659 0.173923 0.0302338
0.271054 0.728746 9.9982E-05 9.9982E-05
9.9991E-05 0.753383 0.0725855 0.173931
9.9991E-05 0.51994 0.412468 0.0674917
9.9991E-05 0.636737 0.309793 0.05337
0.0588042 0.59746 0.280971 0.0627643
0.405242 0.370859 0.223799 9.9991E-05
0.0974329 0.493376 0.409091 9.9991E-05
9.9991E-05 0.705725 0.168503 0.125671
9.9991E-05 0.604429 0.306338 0.0891327
0.0634898 0.648898 0.261349 0.0262634
0.220907 0.710399 0.0685941 9.9991E-05
0.0786297 0.862921 0.0583498 9.9991E-05
0.0935336 0.835339 0.0710271 9.9991E-05
0.158727 0.841073 9.9982E-05 9.9982E-05
0.158089 0.805012 9.9991E-05 0.0367989
9.9991E-05 0.815659 0.177972 0.00626878
0.0173121 0.700737 0.271304 0.0106471
9.9982E-05 0.935747 9.9982E-05 0.0640535
9.9991E-05 0.86806 0.0286094 0.10323
9.9991E-05 0.884743 0.0791237 0.0360334
9.9991E-05 0.839092 0.112539 0.0482686
9.9991E-05 0.962143 0.0147218 0.0230354
0.142431 0.680338 0.177132 9.9991E-05
0.0792448 0.78296 0.0812854 0.0565096
0.111489 0.769978 0.118434 9.9991E-05
0.0468713 0.841654 0.0752504 0.0362238
0.0224956 0.943893 9.9991E-05 0.0335115
9.9991E-05 0.942469 0.0331998 0.0242315
0.0889355 0.834504 0.0512185 0.0253423
0.272436 0.727364 9.9982E-05 9.9982E-05
0.229813 0.769987 9.9982E-05 9.9982E-05
0.144261 0.855539 9.9982E-05 9.9982E-05
9.9991E-05 0.954819 0.0304103 0.0146705
9.9991E-05 0.805191 0.0584403 0.136269
9.9991E-05 0.844827 0.0632569 0.0918157
9.9982E-05 0.926119 9.9982E-05 0.073681
9.9991E-05 0.652735 0.0234571 0.323708
9.9982E-05 0.609411 9.9982E-05 0.390389
0.104992 0.894808 9.9982E-05 9.9982E-05
0.238904 0.760896 9.9982E-05 9.9982E-05
0.213914 0.785886 9.9982E-05 9.9982E-05
0.172887 0.826913 9.9982E-05 9.9982E-05
0.343231 0.624102 0.0325673 9.9991E-05
0.0210051 0.940097 9.9991E-05 0.0387983
0.203424 0.796376 9.9982E-05 9.9982E-05
0.0317105 0.934507 0.0336825 9.9991E-05
0.124694 0.775359 0.0998473 9.9991E-05
0.185838 0.813962 9.9982E-05 9.9982E-05
0.597504 0.00175538 9.9991E-05 0.40064
0.286643 9.9982E-05 9.9982E-05 0.713157
0.386218 9.9982E-05 9.9982E-05 0.613582
0.140515 0.116136 9.9991E-05 0.74325
0.06419 0.118452 9.9991E-05 0.817259
0.0314235 0.0226485 9.9991E-05 0.945828
0.285388 0.0146196 9.9991E-05 0.699892
0.435601 9.9982E-05 9.9982E-05 0.564199
0.845466 9.9982E-05 9.9982E-05 0.154334
0.0596886 0.10716 9.9991E-05 0.833051
9.99821E-05 9.99821E-05 0.0595312 0.940269
9.9982E-05 9.9982E-05 0.0335827 0.966217
9.9982E-05 9.9982E-05 0.059094 0.940706
