0.0234309 9.9982E-05 0.470438 0.184179 9.9982E-05 0.321752
0.198442 9.9991E-05 0.11073 0.335612 0.220958 0.134158
0.145875 9.9991E-05 0.295974 0.033577 0.0375915 0.486882
0.10806 0.0468311 0.38561 0.133119 9.9991E-05 0.326281
9.9964E-05 9.9964E-05 0.218583 9.9964E-05 9.9964E-05 0.781017
0.109129 9.9982E-05 0.450945 0.0254641 9.9982E-05 0.414262
0.026094 9.9973E-05 9.9973E-05 0.0499645 0.923642 9.9973E-05
0.00305885 0.150048 0.0697491 0.0745133 0.592943 0.109688
9.9973E-05 0.185362 9.9973E-05 0.0552648 0.759073 9.9973E-05
9.9973E-05 0.138434 0.0856443 9.9973E-05 0.775622 9.9973E-05
9.9982E-05 0.0464816 0.00786344 0.0313942 0.914061 9.9982E-05
9.9973E-05 9.9973E-05 0.0125477 9.9973E-05 0.914444 0.0727081
9.9973E-05 0.365955 9.9973E-05 9.9973E-05 0.615986 0.0177589
9.9973E-05 0.440757 0.0387146 9.9973E-05 0.520228 9.9973E-05
0.0396438 0.163965 9.9982E-05 0.00454722 0.791644 9.9982E-05
9.99731E-05 0.0284816 9.99731E-05 0.0240866 0.947132 9.99731E-05
0.160086 9.9982E-05 0.459312 9.9982E-05 0.0235115 0.35689
0.686473 0.08139 0.201001 9.9982E-05 9.9982E-05 0.0309363
0.199214 0.0708166 0.710311 9.9982E-05 9.9982E-05 0.0194582
0.0983902 0.0754565 0.58362 9.9982E-05 9.9982E-05 0.242334
0.451752 0.039627 0.250518 9.9982E-05 9.9982E-05 0.257903
0.414641 0.00916534 0.575894 9.9973E-05 9.9973E-05 9.9973E-05
9.9982E-05 9.9982E-05 0.524684 0.177823 0.226853 0.0704398
9.9982E-05 0.00752088 0.661202 0.157876 9.9982E-05 0.173202
9.99731E-05 9.99731E-05 0.837277 9.99731E-05 0.0082733 0.15415
9.99875E-05 0.004114 0.752328 0.122615 9.99875E-05 0.120743
9.9973E-05 0.112589 0.513872 9.9973E-05 9.9973E-05 0.373239
9.9973E-05 0.0736896 0.47534 9.9973E-05 9.9973E-05 0.450671
0.248374 0.0212916 0.0856173 0.240495 0.0457866 0.358436
0.3945 0.0795872 0.100301 0.151378 9.9991E-05 0.274134
0.592657 9.9982E-05 0.18973 9.9982E-05 0.155155 0.0622584
0.280034 9.9982E-05 0.0996008 9.9982E-05 0.144468 0.475697
0.325311 9.9973E-05 0.352122 9.9973E-05 9.9973E-05 0.322267
9.9973E-05 9.9973E-05 0.841481 0.094889 0.0633303 9.9973E-05
9.9973E-05 9.9973E-05 0.633314 0.116312 0.250074 9.9973E-05
0.127628 9.9982E-05 0.543079 9.9982E-05 0.0757472 0.253346
0.117684 0.197846 0.470089 9.9991E-05 0.167941 0.0463402
9.9982E-05 0.00993837 0.669347 9.9982E-05 0.139264 0.18125
0.156531 0.051408 0.645024 0.104821 0.0421157 9.9991E-05
0.111739 0.0470023 0.726257 9.9991E-05 0.0327528 0.0821485
0.0534825 9.9973E-05 0.416982 0.529235 9.9973E-05 9.9973E-05
0.0749035 0.11319 0.296933 0.158077 9.9991E-05 0.356796
0.219349 0.106366 0.338664 9.9982E-05 9.9982E-05 0.335421
9.9982E-05 0.150649 0.23582 0.495567 9.9982E-05 0.117763
0.0189505 9.9982E-05 0.542046 0.192735 9.9982E-05 0.246068
0.201716 9.9973E-05 0.632706 9.9973E-05 9.9973E-05 0.165278
0.656756 0.110939 0.232005 9.9973E-05 9.9973E-05 9.9973E-05
0.795033 0.000305702 9.9982E-05 0.158079 0.0463814 9.9982E-05
0.943306 9.9964E-05 9.9964E-05 0.0562938 9.9964E-05 9.9964E-05
0.683103 9.9973E-05 0.0419207 0.274676 9.9973E-05 9.9973E-05
0.764433 0.0751452 0.158863 9.9982E-05 9.9982E-05 0.00135812
0.151418 0.094599 0.411085 0.342697 9.9982E-05 9.9982E-05
0.445906 0.104176 0.44511 9.9982E-05 9.9982E-05 0.00460871
0.0627379 0.0346778 0.632184 0.2702 9.9982E-05 9.9982E-05
0.0251784 0.00653706 0.606341 0.308635 0.0532083 9.9991E-05
0.0162996 0.0834333 0.674508 9.9982E-05 9.9982E-05 0.225559
9.9982E-05 0.283745 0.169744 0.147357 0.398954 9.9982E-05
9.9982E-05 0.464133 0.10617 0.0679234 0.361574 9.9982E-05
9.9991E-05 0.90933 0.0346378 0.03569 0.0198388 0.000403241
0.0165062 0.58008 9.9982E-05 0.160942 0.242271 9.9982E-05
9.9973E-05 0.618251 9.9973E-05 0.0163724 0.365076 9.9973E-05
0.216708 0.687657 9.9982E-05 0.00430785 0.0911274 9.9982E-05
0.2745 9.9973E-05 9.9973E-05 0.0152668 0.709933 9.9973E-05
0.0222114 0.0254239 0.100277 9.9991E-05 0.776992 0.0749962
9.9973E-05 0.193531 9.9973E-05 9.9973E-05 0.741736 0.0644334
9.9973E-05 0.333368 0.0026212 9.9973E-05 0.663711 9.9973E-05
9.9982E-05 0.273509 0.140859 9.9982E-05 0.565705 0.0197276
9.99731E-05 0.645177 0.0976733 9.99731E-05 0.256849 9.99731E-05
9.9982E-05 0.166478 0.120315 0.0207246 0.692282 9.9982E-05
9.9982E-05 0.408185 0.0500605 0.0175407 0.524014 9.9982E-05
9.9982E-05 0.0220098 0.119638 9.9982E-05 0.804501 0.053651
9.9982E-05 0.534997 0.0565006 9.9982E-05 0.376084 0.0322185
9.9964E-05 9.9964E-05 9.9964E-05 9.9964E-05 0.885856 0.113744
0.111252 0.678705 9.9982E-05 9.9982E-05 0.185215 0.0246284
9.9973E-05 0.749743 0.152239 9.9973E-05 0.0977179 9.9973E-05
0.20336 0.79624 9.9964E-05 9.9964E-05 9.9964E-05 9.9964E-05
0.0152517 0.585969 9.9982E-05 9.9982E-05 0.316049 0.0825307
9.9964E-05 0.957511 9.9964E-05 9.9964E-05 9.9964E-05 0.042089
9.9973E-05 0.689499 9.9973E-05 0.0157256 0.294475 9.9973E-05
0.186722 0.187616 9.9973E-05 9.9973E-05 0.625362 9.9973E-05
0.170932 0.752873 9.9982E-05 9.9982E-05 0.0351564 0.0408389
0.037212 0.0480167 0.0454089 0.108186 9.9991E-05 0.761076
9.9973E-05 0.102859 9.9973E-05 0.828084 9.9973E-05 0.0687577
9.9973E-05 0.0931121 9.9973E-05 0.700068 9.9973E-05 0.20652
0.177415 0.0135823 9.9973E-05 9.9973E-05 9.9973E-05 0.808703
0.31281 9.9973E-05 9.9973E-05 0.129553 9.9973E-05 0.557337
0.739711 9.99641E-05 9.99641E-05 0.259889 9.99641E-05 9.99641E-05
0.212114 9.9991E-05 0.00459393 0.12345 0.140118 0.519623
0.221213 9.9991E-05 0.065647 0.282537 0.10295 0.327553
0.183799 9.9973E-05 9.9973E-05 9.9973E-05 0.00209378 0.813808
0.217701 9.9973E-05 9.9973E-05 0.283422 9.9973E-05 0.498577
0.0190733 0.115886 0.0219393 9.9991E-05 0.000815357 0.842186
9.9973E-05 0.0606948 0.280184 9.9973E-05 9.9973E-05 0.658822
0.0351069 9.9982E-05 0.228299 9.9982E-05 0.00763285 0.728762
0.130983 0.016527 0.150816 9.9991E-05 0.038702 0.662872
0.531287 9.9973E-05 9.9973E-05 9.9973E-05 0.0355688 0.432844
0.213097 9.9973E-05 0.249707 9.9973E-05 9.9973E-05 0.536896
9.9982E-05 0.0647971 0.0810575 9.9982E-05 0.0268837 0.827062
9.9982E-05 0.0271205 0.181949 9.9982E-05 0.0171426 0.773588
9.9982E-05 9.9982E-05 0.244487 0.141367 0.0362429 0.577703
0.262484 9.9982E-05 0.00477648 0.363583 9.9982E-05 0.368956
0.0343961 9.9973E-05 9.9973E-05 0.408261 9.9973E-05 0.557042
0.0394343 9.9982E-05 0.0244848 0.491327 9.9982E-05 0.444554
9.9964E-05 9.9964E-05 9.9964E-05 0.592957 9.9964E-05 0.406643
0.232508 9.9973E-05 9.9973E-05 0.0250885 9.9973E-05 0.742104
0.0569662 9.9973E-05 0.0795186 9.9973E-05 9.9973E-05 0.863215
0.134441 9.9982E-05 0.186574 0.106935 9.9982E-05 0.57185
0.078167 9.9973E-05 9.9973E-05 0.0569395 9.9973E-05 0.864594
0.10684 9.9973E-05 9.9973E-05 9.9973E-05 0.0115365 0.881323
0.0127207 9.9973E-05 9.9973E-05 0.113845 9.9973E-05 0.873134
9.9973E-05 9.9973E-05 0.0986436 0.0828258 9.9973E-05 0.818231
9.9973E-05 9.9973E-05 0.00108766 0.142255 9.9973E-05 0.856357
0.138331 9.9982E-05 0.169352 0.262041 9.9982E-05 0.430077
0.11274 0.057396 9.9982E-05 0.32023 9.9982E-05 0.509433
0.0834316 9.9982E-05 0.100147 0.241807 9.9982E-05 0.574415
0.117877 9.99731E-05 9.99731E-05 0.00930111 9.99731E-05 0.872522
0.0317016 9.99731E-05 9.99731E-05 0.229756 9.99731E-05 0.738243
9.9973E-05 9.9973E-05 0.020176 0.147221 9.9973E-05 0.832303
0.102579 9.9973E-05 9.9973E-05 0.132814 9.9973E-05 0.764307
9.9982E-05 9.9982E-05 0.0340306 0.608914 0.0430932 0.313762
0.0125983 9.9973E-05 9.9973E-05 0.60142 9.9973E-05 0.385682
9.9982E-05 0.0176003 9.9982E-05 0.415975 0.0210077 0.545217
9.9964E-05 9.9964E-05 9.9964E-05 0.0718077 9.9964E-05 0.927792
9.9991E-05 0.0322448 0.0417177 0.0986155 0.028011 0.799311
9.9982E-05 0.0291842 0.0375558 0.174366 9.9982E-05 0.758694
0.0150978 9.9982E-05 9.9982E-05 0.162777 0.00782849 0.814097
9.9991E-05 0.179162 0.0807613 0.07982 0.0836755 0.576482
9.9982E-05 0.279702 9.9982E-05 0.0351504 0.116583 0.568365
0.0984802 9.9973E-05 9.9973E-05 0.223281 9.9973E-05 0.677939
0.0503532 9.9973E-05 9.9973E-05 0.651636 9.9973E-05 0.297711
9.9973E-05 9.9973E-05 9.9973E-05 0.415157 0.0734782 0.511065
9.9973E-05 9.9973E-05 0.0307369 0.58808 9.9973E-05 0.380883
0.0672194 9.9973E-05 0.0112331 0.921248 9.9973E-05 9.9973E-05
0.0699673 9.9973E-05 9.9973E-05 0.176433 9.9973E-05 0.7533
9.9973E-05 9.9973E-05 0.0322832 0.648419 9.9973E-05 0.318998
9.9973E-05 9.9973E-05 0.0319839 0.313521 9.9973E-05 0.654196
0.170524 9.9982E-05 0.0315735 0.338071 9.9982E-05 0.459632
0.0293083 9.9982E-05 9.9982E-05 0.499719 0.0271849 0.443588
0.0626336 0.05996 9.9982E-05 0.197217 0.67999 9.9982E-05
0.0394589 0.40825 9.9982E-05 0.0683877 0.483704 9.9982E-05
0.123824 0.260352 9.9982E-05 0.0376527 0.577972 9.9982E-05
0.0448386 0.655265 9.9982E-05 0.141852 0.157845 9.9982E-05
0.0257264 0.672283 9.9982E-05 9.9982E-05 0.191448 0.110343
0.0334102 0.824368 9.9973E-05 9.9973E-05 0.141922 9.9973E-05
9.9982E-05 0.373648 0.00429542 0.0651962 0.55666 9.9982E-05
9.9973E-05 0.144405 9.9973E-05 9.9973E-05 0.814138 0.0411573
0.118386 9.99731E-05 9.99731E-05 0.157534 0.72378 9.99731E-05
0.00899309 0.667284 9.9982E-05 9.9982E-05 0.221703 0.10182
9.99641E-05 0.942501 0.0570994 9.99641E-05 9.99641E-05 9.99641E-05
9.9964E-05 0.969176 0.0304242 9.9964E-05 9.9964E-05 9.9964E-05
9.9973E-05 0.882706 0.068193 9.9973E-05 9.9973E-05 0.0488008
