9.9982E-05 9.9982E-05 0.263051 0.366744 0.0145378 0.0779624 0.277504
9.999E-05 0.117336 0.0262616 0.0238973 0.225319 0.166172 0.440914
9.999E-05 0.038082 0.237701 0.246687 0.0246551 0.291322 0.161453
0.0353293 0.0109011 9.9982E-05 0.202962 9.9982E-05 0.519009 0.231599
9.9964E-05 9.9964E-05 0.633465 0.156685 9.9964E-05 0.20945 9.9964E-05
9.9982E-05 0.0340756 0.0411245 0.292206 9.9982E-05 0.543469 0.0889251
9.9964E-05 0.0703495 9.9964E-05 9.9964E-05 0.910809 9.9964E-05 0.0184414
0.0850213 0.0464395 0.15854 0.0555914 0.654208 9.9982E-05 9.9982E-05
0.191333 0.00574378 9.9982E-05 9.9982E-05 0.748084 0.048903 0.00573582
0.178347 0.0274819 9.9973E-05 0.0629225 0.730949 9.9973E-05 9.9973E-05
9.9964E-05 9.9964E-05 9.9964E-05 9.9964E-05 0.912843 0.035337 0.0514205
9.9964E-05 9.9964E-05 0.114707 0.012382 0.872511 9.9964E-05 9.9964E-05
0.32779 9.9973E-05 0.0132036 9.9973E-05 0.653437 0.00526898 9.9973E-05
0.387592 9.9964E-05 9.9964E-05 0.0366202 0.575388 9.9964E-05 9.9964E-05
0.207195 0.0613702 9.9982E-05 9.9982E-05 0.711573 0.00559624 0.0140651
0.0264429 9.99641E-05 9.99641E-05 9.99641E-05 0.906979 9.99641E-05 0.0661779
9.9964E-05 0.171414 0.351262 0.476924 9.9964E-05 9.9964E-05 9.9964E-05
0.0603081 0.628343 0.114944 0.196105 9.9973E-05 9.9973E-05 9.9973E-05
0.0188844 0.200846 9.9982E-05 0.667784 9.9982E-05 0.107715 0.00457069
0.0895761 0.124556 0.168662 0.513258 9.9982E-05 0.103748 9.9982E-05
0.0124682 0.467467 0.278272 0.227471 9.9982E-05 0.0141228 9.9982E-05
0.00207369 0.395039 9.9973E-05 0.499268 9.9973E-05 0.10332 9.9973E-05
9.9973E-05 9.9973E-05 0.106718 0.504782 0.158718 9.9973E-05 0.229482
9.9964E-05 9.9964E-05 0.219403 0.63818 9.9964E-05 9.9964E-05 0.142017
9.9973E-05 9.9973E-05 0.155895 0.812427 9.9973E-05 0.002094 0.0292841
9.9973E-05 9.9973E-05 0.0393671 0.605765 9.9973E-05 0.199884 0.154684
0.0665258 9.9964E-05 0.381632 0.551442 9.9964E-05 9.9964E-05 9.9964E-05
0.0432985 9.9973E-05 0.388165 0.467312 9.9973E-05 0.100925 9.9973E-05
0.0363798 0.251109 0.427988 0.0646366 9.9982E-05 9.9982E-05 0.219687
9.9982E-05 0.463419 0.379281 0.0776839 0.0531921 9.9982E-05 0.0262249
9.9964E-05 0.490116 9.9964E-05 9.9964E-05 0.124419 0.385065 9.9964E-05
9.9982E-05 0.245965 0.275058 0.0509453 0.0990012 0.32883 9.9982E-05
9.9973E-05 0.250369 0.136169 0.156565 9.9973E-05 0.456598 9.9973E-05
9.9964E-05 9.9964E-05 9.9964E-05 0.823543 0.0259251 9.9964E-05 0.150132
9.9964E-05 9.9964E-05 9.9964E-05 0.64442 0.145722 9.9964E-05 0.209458
9.9982E-05 0.138618 0.285473 0.53038 0.0268737 0.0184552 9.9982E-05
0.182984 0.0766222 9.9982E-05 0.393921 0.180446 0.165827 9.9982E-05
0.0382417 9.9982E-05 0.14076 0.672669 0.0912849 0.0568439 9.9982E-05
0.0728619 0.12925 9.9973E-05 0.5838 9.9973E-05 9.9973E-05 0.213789
0.00522517 0.162627 0.0283116 0.654255 9.9982E-05 0.149381 9.9982E-05
9.9964E-05 9.9964E-05 9.9964E-05 0.178832 9.9964E-05 0.298661 0.522107
0.052443 9.9982E-05 0.149818 0.200497 9.9982E-05 0.410748 0.186294
0.0924902 0.123996 9.99806E-05 0.202617 9.99806E-05 0.580597 9.99806E-05
0.155055 9.9973E-05 9.9973E-05 0.131593 9.9973E-05 0.236438 0.476614
9.9973E-05 9.9973E-05 0.00541061 0.310088 9.9973E-05 0.476584 0.207617
9.9973E-05 0.0842603 9.9973E-05 0.42117 9.9973E-05 0.466643 0.0276262
0.0527572 0.665037 9.9964E-05 0.281806 9.9964E-05 9.9964E-05 9.9964E-05
0.0251824 0.775462 9.9973E-05 9.9973E-05 9.9973E-05 0.0168733 0.182182
9.9955E-05 0.864637 9.9955E-05 9.9955E-05 9.9955E-05 9.9955E-05 0.134864
9.9964E-05 0.602941 9.9964E-05 0.0378911 9.9964E-05 9.9964E-05 0.358768
0.00184613 0.786168 9.9973E-05 0.163985 9.9973E-05 0.0477009 9.9973E-05
0.018409 0.163068 9.9982E-05 0.483034 0.0547028 9.9982E-05 0.280586
0.0394006 0.4419 0.0526821 0.465717 9.9973E-05 9.9973E-05 9.9973E-05
0.0129939 0.0680396 9.9973E-05 0.682688 9.9973E-05 9.9973E-05 0.235979
0.00957815 0.150002 9.99729E-05 0.596711 9.99729E-05 9.99729E-05 0.243408
0.0877006 0.0331838 0.152617 0.591741 9.9982E-05 0.134558 9.9982E-05
0.244463 9.9973E-05 9.9973E-05 0.214779 0.389957 9.9973E-05 0.150501
0.440133 9.9973E-05 0.0677214 0.109568 0.382277 9.9973E-05 9.9973E-05
0.924751 9.9973E-05 0.00130488 0.000112551 9.9973E-05 9.9973E-05 0.0735315
0.565457 0.0447977 9.9982E-05 0.00753904 0.238483 9.9982E-05 0.143522
0.578802 9.9964E-05 9.9964E-05 9.9964E-05 0.394082 9.9964E-05 0.0267164
0.65501 0.196941 9.9973E-05 9.9973E-05 0.136356 9.9973E-05 0.0113925
9.99639E-05 0.166427 9.99639E-05 9.99639E-05 0.700095 9.99639E-05 0.133078
9.9973E-05 0.00737549 9.9973E-05 0.0634931 0.788511 0.14032 9.9973E-05
0.150898 9.9964E-05 9.9964E-05 9.9964E-05 0.77081 0.0778925 9.9964E-05
0.337373 9.9964E-05 9.9964E-05 0.0287417 0.633486 9.9964E-05 9.9964E-05
0.180592 9.9973E-05 0.0160184 0.180918 0.622172 9.9973E-05 9.9973E-05
0.640643 9.99641E-05 9.99641E-05 0.109341 0.249617 9.99641E-05 9.99641E-05
0.168139 9.9973E-05 9.9973E-05 0.0619079 0.665767 9.9973E-05 0.103886
0.339878 9.9964E-05 9.9964E-05 0.0703075 0.589415 9.9964E-05 9.9964E-05
9.99641E-05 9.99641E-05 9.99641E-05 0.155023 0.809201 0.0353763 9.99641E-05
0.390774 9.9964E-05 9.9964E-05 0.125074 0.483752 9.9964E-05 9.9964E-05
0.00308254 9.9964E-05 0.0694827 9.9964E-05 0.927035 9.9964E-05 9.9964E-05
0.641283 0.0783628 0.0763088 9.9973E-05 0.203746 9.9973E-05 9.9973E-05
0.648482 0.031885 0.0372375 0.122077 0.160119 9.9982E-05 9.9982E-05
0.730636 0.174676 9.9973E-05 9.9973E-05 0.0847859 0.00960295 9.9973E-05
0.526306 9.9964E-05 9.9964E-05 9.9964E-05 0.352794 0.1205 9.9964E-05
0.943244 0.0134236 0.00322857 9.9973E-05 9.9973E-05 0.0398039 9.9973E-05
0.617665 9.9964E-05 9.9964E-05 9.9964E-05 0.342754 9.9964E-05 0.0391815
0.103319 0.138049 9.9973E-05 0.0171933 0.741139 9.9973E-05 9.9973E-05
0.76544 0.139459 9.9973E-05 9.9973E-05 0.0279298 0.0668714 9.9973E-05
0.0060352 0.0244947 0.861735 0.0840859 9.9982E-05 9.9982E-05 0.0234492
0.10815 9.9964E-05 0.143038 9.9964E-05 9.9964E-05 9.9964E-05 0.748412
0.0622558 9.9964E-05 0.308144 9.9964E-05 9.9964E-05 9.9964E-05 0.6292
0.0204147 0.125709 0.733155 9.9973E-05 9.9973E-05 0.120422 9.9973E-05
9.9964E-05 0.298044 0.634622 9.9964E-05 9.9964E-05 9.9964E-05 0.0669336
9.99551E-05 0.517285 9.99551E-05 9.99551E-05 9.99551E-05 9.99551E-05 0.482216
9.99731E-05 0.0787258 9.99731E-05 9.99731E-05 0.0893363 0.617228 0.21441
9.9973E-05 0.105584 9.9973E-05 9.9973E-05 0.0644514 0.451122 0.378542
9.9973E-05 0.0565537 0.257128 9.9973E-05 9.9973E-05 0.617762 0.068256
9.9973E-05 0.0714281 0.266043 9.9973E-05 9.9973E-05 0.29964 0.36259
0.032187 9.9964E-05 0.194671 9.9964E-05 9.9964E-05 0.772742 9.9964E-05
9.9955E-05 9.9955E-05 9.9955E-05 0.0795315 9.9955E-05 0.919969 9.9955E-05
9.99639E-05 9.99639E-05 0.345573 0.158158 9.99639E-05 0.495869 9.99639E-05
0.0152279 0.0436222 0.154273 0.0596546 9.9991E-05 0.69645 0.0306725
9.99549E-05 0.404428 9.99549E-05 9.99549E-05 9.99549E-05 0.595072 9.99549E-05
9.9973E-05 0.146445 0.15719 0.0753869 9.9973E-05 0.620678 9.9973E-05
0.0393872 9.9964E-05 0.275389 9.9964E-05 9.9964E-05 0.684824 9.9964E-05
0.00450152 9.9973E-05 0.289186 0.109514 9.9973E-05 0.596499 9.9973E-05
9.9982E-05 9.9982E-05 0.181645 0.129917 0.0174702 0.513231 0.157537
9.9973E-05 0.218832 0.418671 0.036828 9.9973E-05 9.9973E-05 0.325369
9.9973E-05 0.0222568 0.623753 9.9973E-05 9.9973E-05 0.0454784 0.308212
9.9973E-05 0.0689889 0.46746 0.063568 9.9973E-05 9.9973E-05 0.399683
9.9955E-05 9.9955E-05 0.506211 9.9955E-05 9.9955E-05 9.9955E-05 0.49329
9.9982E-05 0.186277 0.747499 9.9982E-05 0.00610629 0.0466424 0.0132753
9.9964E-05 0.00716564 0.892329 0.100106 9.9964E-05 9.9964E-05 9.9964E-05
9.9964E-05 0.108215 0.692079 0.199306 9.9964E-05 9.9964E-05 9.9964E-05
9.9955E-05 0.0578812 0.941619 9.9955E-05 9.9955E-05 9.9955E-05 9.9955E-05
0.0182898 0.0477177 0.850378 9.9982E-05 0.007927 0.0754872 9.9982E-05
9.9973E-05 9.9973E-05 0.808233 0.000360617 9.9973E-05 0.136719 0.0543871
9.9973E-05 9.9973E-05 0.829214 0.10429 9.9973E-05 0.0341344 0.0320615
9.9973E-05 9.9973E-05 0.819631 0.0364222 9.9973E-05 0.0280404 0.115607
9.9982E-05 0.0383937 0.460273 0.0596425 9.9982E-05 0.168524 0.272968
0.0821676 0.0837144 0.538571 9.9982E-05 9.9982E-05 0.0427148 0.252632
9.9982E-05 0.0547796 0.597232 0.0219906 9.9982E-05 0.156129 0.169669
9.9973E-05 0.0933071 0.692449 9.9973E-05 9.9973E-05 0.16534 0.0486038
9.9973E-05 0.0543166 0.742474 9.9973E-05 9.9973E-05 0.0603634 0.142546
9.9964E-05 9.9964E-05 0.852767 0.0247664 9.9964E-05 9.9964E-05 0.122067
9.99729E-05 0.0683657 0.610121 9.99729E-05 9.99729E-05 0.169374 0.151839
9.9973E-05 9.9973E-05 0.303643 0.0627912 0.00376281 9.9973E-05 0.629503
9.9964E-05 9.9964E-05 0.337804 9.9964E-05 9.9964E-05 0.0771736 0.584623
0.00831374 0.0030825 0.553431 0.00334835 0.0268732 0.0471291 0.357823
9.9964E-05 9.9964E-05 0.831387 9.9964E-05 9.9964E-05 0.139108 0.0291049
0.0268176 9.9991E-05 0.7245 0.011392 0.0568191 0.133717 0.0466541
0.0280144 9.9982E-05 0.689525 0.0859217 9.9982E-05 0.0804432 0.115896
9.9982E-05 0.0145046 0.820769 9.9982E-05 0.016175 0.0651125 0.0832391
0.124172 9.9973E-05 0.613896 0.15553 0.106102 9.9973E-05 9.9973E-05
0.231252 9.9964E-05 0.650784 9.9964E-05 0.117565 9.9964E-05 9.9964E-05
9.9964E-05 0.0866664 0.732682 9.9964E-05 9.9964E-05 9.9964E-05 0.180252
9.99639E-05 0.0310476 0.364798 9.99639E-05 9.99639E-05 9.99639E-05 0.603754
9.9973E-05 9.9973E-05 0.387939 9.9973E-05 0.0344635 0.0957758 0.481522
0.00558016 9.9973E-05 0.419497 9.9973E-05 9.9973E-05 0.0292591 0.545364
9.9973E-05 0.06137 0.141872 0.022365 9.9973E-05 9.9973E-05 0.774093
9.9964E-05 0.109123 0.812991 9.9964E-05 9.9964E-05 9.9964E-05 0.0774868
9.9964E-05 9.9964E-05 0.364418 9.9964E-05 9.9964E-05 0.0843594 0.550823
9.9973E-05 9.9973E-05 0.637188 9.9973E-05 0.00168529 0.0875974 0.27323
9.9982E-05 0.0760987 0.450463 0.0177126 9.9982E-05 0.115488 0.340038
9.9964E-05 9.9964E-05 0.594813 9.9964E-05 0.0138325 9.9964E-05 0.390955
0.0723682 0.0710135 9.9973E-05 9.9973E-05 0.617436 9.9973E-05 0.238882
0.403298 9.99779E-05 9.99779E-05 9.99779E-05 0.510508 0.00987878 0.0760156
0.251358 0.111817 9.9973E-05 9.9973E-05 0.613817 9.9973E-05 0.0227082
0.715779 0.106567 9.99729E-05 9.99729E-05 0.0121243 9.99729E-05 0.16523
0.759389 0.0123203 0.0469538 9.9982E-05 0.108435 9.9982E-05 0.0727025
0.810279 0.00330041 0.0256324 9.9982E-05 0.144826 9.9982E-05 0.0157617
0.298962 9.9973E-05 9.9973E-05 9.9973E-05 0.639433 0.00608588 0.0552196
0.0986974 9.9973E-05 0.00643789 9.9973E-05 0.839415 0.0551496 9.9973E-05
9.99641E-05 0.0262552 9.99641E-05 9.99641E-05 0.723956 9.99641E-05 0.249389
0.607872 9.9964E-05 0.116282 9.9964E-05 0.275446 9.9964E-05 9.9964E-05
0.932772 9.99551E-05 9.99551E-05 0.0667277 9.99551E-05 9.99551E-05 9.99551E-05
0.908066 9.99551E-05 9.99551E-05 0.0914338 9.99551E-05 9.99551E-05 9.99551E-05
0.883221 9.9973E-05 0.0528307 9.9973E-05 0.0275788 0.0360692 9.9973E-05
