9.9982E-05 0.102695 9.9982E-05 0.503459 0.338661 0.0549838
0.0396158 9.9982E-05 9.9982E-05 0.231816 0.29725 0.431119
9.999E-05 0.14647 0.0158061 0.279163 0.467211 0.0912503
0.00427555 0.330456 0.0358913 0.186027 0.433559 0.00979186
9.9973E-05 9.9973E-05 0.05311 0.264439 0.682151 9.9973E-05
9.9973E-05 0.232764 9.9973E-05 0.341864 0.425072 9.9973E-05
0.819309 9.9964E-05 9.9964E-05 9.9964E-05 9.9964E-05 0.180291
0.699556 0.0855832 9.9982E-05 9.9982E-05 0.153753 0.0609075
0.845442 9.9982E-05 0.0525174 9.9982E-05 0.0359946 0.0658458
0.91539 0.0842101 9.9964E-05 9.9964E-05 9.9964E-05 9.9964E-05
0.809418 9.9964E-05 9.9964E-05 9.9964E-05 9.9964E-05 0.190182
0.658583 9.9982E-05 0.0439827 0.0803619 9.9982E-05 0.216873
0.80864 9.9982E-05 0.165432 0.019331 0.00639648 9.9982E-05
0.936772 0.00126991 0.0616581 9.9973E-05 9.9973E-05 9.9973E-05
0.826845 0.0485661 9.9973E-05 9.9973E-05 9.9973E-05 0.124289
0.785311 9.9973E-05 9.9973E-05 9.9973E-05 0.0166687 0.197721
9.9982E-05 0.319296 0.0279179 0.328263 0.324323 9.9982E-05
0.0342721 0.769576 0.00669491 9.9991E-05 0.0626853 0.126672
9.9982E-05 0.391643 0.0753996 0.490069 0.0426882 9.9982E-05
9.9982E-05 0.497758 0.104324 0.211387 0.186331 9.9982E-05
0.0195389 0.784426 9.9973E-05 9.9973E-05 0.195735 9.9973E-05
9.9964E-05 0.860785 9.9964E-05 0.138815 9.9964E-05 9.9964E-05
0.0774564 9.9982E-05 9.9982E-05 0.599571 0.167858 0.154915
9.9973E-05 9.9973E-05 0.00369064 0.746656 0.249353 9.9973E-05
9.9973E-05 0.019965 9.9973E-05 0.87123 0.108505 9.9973E-05
9.9973E-05 0.319591 9.9973E-05 0.410011 0.270099 9.9973E-05
9.9982E-05 0.192449 0.142267 0.34211 0.322974 9.9982E-05
0.0536451 0.0787661 0.0951421 0.343264 0.429083 9.9991E-05
0.0970658 0.322816 9.9982E-05 9.9982E-05 0.518494 0.0614237
0.138936 0.424595 9.9982E-05 9.9982E-05 0.374499 0.0617694
9.9982E-05 0.602494 0.022411 9.9982E-05 0.0178565 0.357039
0.0351713 0.48669 0.03974 9.9991E-05 0.359184 0.0791152
9.9973E-05 0.577543 9.9973E-05 0.0963515 0.325806 9.9973E-05
0.0488942 9.9973E-05 9.9973E-05 0.930379 0.0204265 9.9973E-05
9.99639E-05 9.99639E-05 9.99639E-05 0.718616 9.99639E-05 0.280984
9.9991E-05 0.305744 0.0543403 0.343314 0.242992 0.0535098
9.9982E-05 0.111003 0.331254 0.403053 9.9982E-05 0.154491
9.9982E-05 0.114708 0.122454 0.656913 0.105725 9.9982E-05
9.9991E-05 0.230943 0.049578 0.564125 0.0600087 0.0952452
9.9982E-05 0.424633 0.0515114 0.467845 0.0558107 9.9982E-05
9.9982E-05 0.171933 9.9982E-05 0.302731 0.34029 0.184845
9.9982E-05 0.243857 0.0851329 0.172973 0.497838 9.9982E-05
9.9982E-05 0.363467 0.136276 0.171634 0.328423 9.9982E-05
9.9982E-05 9.9982E-05 0.112416 0.364462 0.442518 0.0804037
9.99731E-05 0.378209 9.99731E-05 0.231557 0.389935 9.99731E-05
9.9973E-05 0.465773 9.9973E-05 0.33308 0.200847 9.9973E-05
9.9973E-05 0.797684 0.0751781 9.9973E-05 9.9973E-05 0.126838
9.9982E-05 0.523906 0.0147996 9.9982E-05 0.0440927 0.417002
9.9964E-05 0.437147 9.9964E-05 9.9964E-05 9.9964E-05 0.562453
9.9973E-05 0.428275 9.9973E-05 9.9973E-05 0.250774 0.320652
0.0244846 0.828558 9.9973E-05 9.9973E-05 9.9973E-05 0.146657
0.0618098 0.387188 9.9991E-05 0.318135 0.166468 0.0662996
9.9982E-05 0.732135 0.0714626 0.134055 0.0621482 9.9982E-05
9.9982E-05 0.322105 9.9982E-05 0.538874 0.0992285 0.0395931
0.0279916 0.328252 9.9991E-05 0.50026 0.122809 0.020587
9.9982E-05 0.428893 0.103087 0.292797 0.175023 9.9982E-05
0.515517 9.9991E-05 0.138932 0.287363 0.0196834 0.0384045
0.614837 9.9982E-05 0.230571 0.102294 0.052099 9.9982E-05
9.9973E-05 9.9973E-05 0.915059 0.0341527 0.0504885 9.9973E-05
0.301745 0.0801128 0.493678 0.00736225 9.9991E-05 0.117002
0.257956 9.9973E-05 0.621092 9.9973E-05 9.9973E-05 0.120652
9.9973E-05 0.169123 0.720852 9.9973E-05 9.9973E-05 0.109725
0.36447 0.00847331 0.0195283 9.99819E-05 9.99819E-05 0.607328
0.260278 0.0509375 0.27016 0.0515534 9.9991E-05 0.366971
0.729378 9.9991E-05 0.107249 0.010287 0.00247843 0.150508
0.907513 0.0116415 0.0805459 9.9973E-05 9.9973E-05 9.9973E-05
0.689471 0.0441928 0.11996 0.134886 9.9991E-05 0.0113905
0.442182 9.99731E-05 0.419936 0.137582 9.99731E-05 9.99731E-05
0.366032 9.9982E-05 0.229156 0.117888 9.9982E-05 0.286724
0.483783 9.9982E-05 0.309979 0.144549 9.9982E-05 0.061488
0.191856 9.9982E-05 0.310124 0.134477 9.9982E-05 0.363343
0.503691 9.9973E-05 0.348778 0.147232 9.9973E-05 9.9973E-05
0.375225 9.9982E-05 0.211397 0.0979959 9.9982E-05 0.315182
0.109706 0.127135 0.730063 9.9982E-05 9.9982E-05 0.0328969
0.193778 0.102488 0.637115 0.066419 9.9982E-05 9.9982E-05
9.9973E-05 0.0617803 0.828976 9.9973E-05 9.9973E-05 0.108944
0.142089 0.02173 0.667722 9.9982E-05 9.9982E-05 0.168259
9.9964E-05 9.9964E-05 0.98824 9.9964E-05 0.0113602 9.9964E-05
0.379143 9.9982E-05 0.556207 0.0458736 9.9982E-05 0.0185769
0.401305 0.0185166 0.284602 0.0190336 9.9991E-05 0.276444
0.031105 0.189838 0.730818 9.9982E-05 9.9982E-05 0.048039
9.9982E-05 0.0590749 0.0881383 0.0370215 0.815565 9.9982E-05
9.9982E-05 9.9982E-05 0.0122094 0.103823 0.647747 0.236021
9.9982E-05 9.9982E-05 0.0229963 0.0727704 0.692322 0.211711
0.108674 0.0966149 0.0100537 9.9982E-05 0.784458 9.9982E-05
0.0789851 0.242203 9.9982E-05 9.9982E-05 0.656204 0.0224084
9.9973E-05 0.0572833 9.9973E-05 9.9973E-05 0.210464 0.731953
9.9991E-05 0.0737643 0.0939346 0.0136391 0.545824 0.272738
0.0296652 0.136403 0.00721943 0.0810274 0.503866 0.241818
9.9982E-05 0.152287 0.042739 9.9982E-05 0.744255 0.0605187
9.9964E-05 9.9964E-05 9.9964E-05 9.9964E-05 0.716288 0.283313
9.9982E-05 0.0379195 0.200926 0.0178802 0.743075 9.9982E-05
9.9982E-05 0.130882 0.134784 0.17439 0.559744 9.9982E-05
9.9982E-05 0.17432 0.0436005 0.153515 0.628365 9.9982E-05
9.9991E-05 0.121509 0.102219 0.123786 0.608503 0.0438818
0.0349248 0.429646 9.9982E-05 9.9982E-05 0.357627 0.177602
0.0025103 0.320727 0.0202974 0.132631 0.523735 9.9991E-05
9.9982E-05 0.00314992 0.143142 0.115305 0.738203 9.9982E-05
9.9982E-05 0.0344885 0.150404 0.181296 0.633612 9.9982E-05
0.100374 9.9973E-05 9.9973E-05 0.221246 0.67808 9.9973E-05
9.9982E-05 0.176702 9.9982E-05 0.0347495 0.677272 0.111077
9.9982E-05 0.124866 9.9982E-05 0.0269668 0.843177 0.00479037
9.9982E-05 0.0014476 9.9982E-05 0.114193 0.791064 0.0930954
9.9973E-05 9.9973E-05 9.9973E-05 0.0151946 0.814352 0.170154
0.0660954 0.0242224 9.9982E-05 9.9982E-05 0.810586 0.0988958
0.0115338 0.125027 9.9982E-05 0.0179334 0.845306 9.9982E-05
9.9973E-05 0.221946 9.9973E-05 0.11015 0.667604 9.9973E-05
0.0393482 0.0538972 9.9973E-05 9.9973E-05 0.906455 9.9973E-05
0.00349551 0.0726202 0.0737429 9.9982E-05 0.849941 9.9982E-05
9.9973E-05 9.9973E-05 0.0594293 0.0498191 0.890452 9.9973E-05
9.9973E-05 9.9973E-05 0.0413082 0.132185 0.826206 9.9973E-05
9.9973E-05 9.9973E-05 0.00522618 0.0525125 0.941961 9.9973E-05
9.9982E-05 0.211512 9.9982E-05 0.0216434 0.727213 0.0394319
9.9982E-05 0.156156 0.0552989 9.9982E-05 0.753796 0.034549
9.9982E-05 0.0548729 9.9982E-05 0.104168 0.779345 0.0614137
9.9991E-05 0.0904925 0.0490992 0.0269678 0.830256 0.00308443
0.029837 0.0890456 9.99731E-05 9.99731E-05 0.880817 9.99731E-05
9.9982E-05 0.0111174 0.0361277 0.0434366 0.909118 9.9982E-05
0.025861 0.0331072 9.9982E-05 9.9982E-05 0.89953 0.0413022
9.9973E-05 9.9973E-05 9.9973E-05 0.193574 0.553396 0.25273
9.9973E-05 9.9973E-05 9.9973E-05 0.100739 0.630028 0.268932
9.9973E-05 9.9973E-05 9.9973E-05 0.0886586 0.782421 0.128621
9.9964E-05 9.9964E-05 0.0288362 9.9964E-05 0.970764 9.9964E-05
0.0706184 9.9982E-05 0.0964872 0.0375541 0.79514 9.9982E-05
9.9973E-05 9.9973E-05 0.0668169 0.150778 0.782105 9.9973E-05
0.0490215 0.00293709 0.0230901 9.9982E-05 0.924751 9.9982E-05
0.188642 9.9982E-05 0.0812925 0.171713 0.558152 9.9982E-05
0.0656475 9.9973E-05 0.348396 9.9973E-05 0.585656 9.9973E-05
9.9982E-05 0.0222925 0.00114675 9.9982E-05 0.880687 0.0956737
9.9973E-05 9.9973E-05 9.9973E-05 0.0208533 0.709053 0.269794
9.9973E-05 9.9973E-05 9.9973E-05 0.132208 0.658521 0.208971
9.9973E-05 9.9973E-05 9.9973E-05 0.132388 0.71628 0.151033
9.9973E-05 9.9973E-05 9.9973E-05 0.0934238 0.587258 0.319018
0.0229873 0.0530158 9.9973E-05 9.9973E-05 0.923697 9.9973E-05
9.9973E-05 9.9973E-05 9.9973E-05 0.0852734 0.74202 0.172407
0.0623621 9.9982E-05 9.9982E-05 0.0359466 0.898125 0.00336664
9.9982E-05 0.0928111 9.9982E-05 0.0660923 0.714544 0.126353
9.9964E-05 9.9964E-05 9.9964E-05 9.9964E-05 0.755523 0.244077
0.0324786 9.99729E-05 0.411059 9.99729E-05 9.99729E-05 0.556163
0.393891 9.9973E-05 0.447875 9.9973E-05 9.9973E-05 0.157935
0.417088 0.0289282 0.32449 9.9982E-05 9.9982E-05 0.229294
0.152825 0.040378 0.612324 9.9991E-05 0.0998327 0.0945398
0.0551509 9.9982E-05 0.758717 9.9982E-05 0.0954856 0.0904461
0.11345 9.9973E-05 0.856212 9.9973E-05 9.9973E-05 0.0300382
0.317175 9.9982E-05 0.418184 0.0651421 9.9982E-05 0.199299
0.35268 9.9982E-05 0.295441 0.00294783 9.9982E-05 0.348731
0.207733 9.9973E-05 0.0317461 9.9973E-05 9.9973E-05 0.760221
0.2014 9.9982E-05 0.670921 9.9982E-05 0.0745441 0.0529352
0.0652379 9.99731E-05 0.898362 0.0361005 9.99731E-05 9.99731E-05
9.9964E-05 9.9964E-05 0.935988 0.0636117 9.9964E-05 9.9964E-05
0.0679087 9.9973E-05 0.877951 9.9973E-05 0.0538408 9.9973E-05
