9.99639E-05 0.174385 9.99639E-05 0.235443 0.227061 0.354513 9.99639E-05 0.00819717 9.99639E-05
9.9973E-05 0.0573908 0.284993 0.386917 0.165025 9.9973E-05 0.0785401 0.0268332 9.9973E-05
9.996E-05 0.346846 0.139406 0.05554 0.275724 0.182084 9.996E-05 9.996E-05 9.996E-05
0.0307683 0.0949547 9.9973E-05 0.104393 0.697655 0.0395551 9.9973E-05 0.0323735 9.9973E-05
0.0400299 0.662482 9.9955E-05 9.9955E-05 0.112951 0.184038 9.9955E-05 9.9955E-05 9.9955E-05
9.9955E-05 0.1871 9.9955E-05 0.0660393 0.516127 0.230234 9.9955E-05 9.9955E-05 9.9955E-05
9.9946E-05 9.9946E-05 0.140865 9.9946E-05 9.9946E-05 9.9946E-05 0.0547564 0.803779 9.9946E-05
0.0203632 0.16163 0.0720056 9.9973E-05 9.9973E-05 0.058803 0.0136318 0.673267 9.9973E-05
9.997E-05 0.00495989 0.0156378 0.0497329 9.997E-05 9.997E-05 0.00147669 0.813257 0.114635
9.9955E-05 9.9955E-05 9.9955E-05 9.9955E-05 9.9955E-05 0.0135681 0.04762 0.877577 0.0607353
9.99459E-05 9.99459E-05 0.192877 0.034178 9.99459E-05 9.99459E-05 9.99459E-05 0.772346 9.99459E-05
0.00582387 0.073043 0.493266 9.99639E-05 9.99639E-05 9.99639E-05 9.99639E-05 0.312926 0.114541
0.335595 9.9955E-05 0.140135 9.9955E-05 0.000207712 9.9955E-05 9.9955E-05 0.523562 9.9955E-05
0.246619 9.9946E-05 9.9946E-05 9.9946E-05 9.9946E-05 0.0102755 9.9946E-05 0.742506 9.9946E-05
9.9964E-05 9.9964E-05 0.0566879 9.9964E-05 0.0418435 9.9964E-05 0.0243071 0.869963 0.00679856
9.99461E-05 9.99461E-05 0.212174 0.0456599 9.99461E-05 9.99461E-05 9.99461E-05 0.741566 9.99461E-05
9.9955E-05 0.363579 0.0274412 9.9955E-05 9.9955E-05 0.494429 0.114051 9.9955E-05 9.9955E-05
0.076714 0.0392496 9.9964E-05 9.9964E-05 0.104291 0.136419 0.642926 9.9964E-05 9.9964E-05
0.0524232 0.0493343 0.0249729 9.9973E-05 0.137054 0.570261 0.165654 9.9973E-05 9.9973E-05
0.0861433 0.239449 9.9964E-05 9.9964E-05 0.0446011 0.463138 0.166269 9.9964E-05 9.9964E-05
9.99639E-05 0.21369 9.99639E-05 9.99639E-05 0.128761 0.1985 0.447319 0.0113293 9.99639E-05
0.0219829 9.9964E-05 9.9964E-05 9.9964E-05 0.225696 0.414871 0.333445 9.9964E-05 0.00360492
9.9955E-05 0.120685 0.168674 0.153687 9.9955E-05 0.556454 9.9955E-05 9.9955E-05 9.9955E-05
9.9955E-05 0.189095 0.0286527 0.179339 9.9955E-05 0.602414 9.9955E-05 9.9955E-05 9.9955E-05
9.99461E-05 0.145753 9.99461E-05 0.0242178 9.99461E-05 0.82943 9.99461E-05 9.99461E-05 9.99461E-05
9.9955E-05 0.00475996 9.9955E-05 0.0740464 0.385369 0.535325 9.9955E-05 9.9955E-05 9.9955E-05
0.0852722 0.393364 9.9955E-05 9.9955E-05 9.9955E-05 0.519653 9.9955E-05 9.9955E-05 0.00121062
0.0710163 0.440195 9.9955E-05 9.9955E-05 0.0311681 0.457121 9.9955E-05 9.9955E-05 9.9955E-05
9.9973E-05 0.354519 9.9973E-05 0.266099 0.00082993 0.0546172 0.203818 0.119817 9.9973E-05
0.0583611 0.253059 9.9982E-05 0.107779 0.11381 0.016461 0.349654 0.100676 9.9982E-05
9.99459E-05 9.99459E-05 0.32329 9.99459E-05 0.478378 9.99459E-05 0.197733 9.99459E-05 9.99459E-05
9.9973E-05 0.295211 0.174158 9.9973E-05 0.386606 0.0380777 0.0984283 9.9973E-05 0.00721883
9.99549E-05 0.121447 9.99549E-05 9.99549E-05 0.570471 0.177038 0.130544 9.99549E-05 9.99549E-05
9.9955E-05 9.9955E-05 9.9955E-05 0.136359 0.066601 0.775851 9.9955E-05 0.0206885 9.9955E-05
9.9946E-05 9.9946E-05 0.336011 0.110818 9.9946E-05 0.552572 9.9946E-05 9.9946E-05 9.9946E-05
9.9973E-05 0.253227 0.0479565 9.9973E-05 0.0764012 0.492424 0.116603 9.9973E-05 0.0130888
0.207756 9.9955E-05 0.308781 9.9955E-05 0.235996 0.246968 9.9955E-05 9.9955E-05 9.9955E-05
0.069418 0.129665 0.100611 9.9955E-05 9.9955E-05 0.699806 9.9955E-05 9.9955E-05 9.9955E-05
0.0915688 9.9982E-05 0.0188528 0.182166 0.155593 0.437495 0.105775 0.00835019 9.9982E-05
9.9964E-05 0.0826701 9.9964E-05 9.9964E-05 0.139718 0.646493 0.0703463 9.9964E-05 0.0603726
9.99461E-05 9.99461E-05 9.99461E-05 0.497365 0.476677 0.0253581 9.99461E-05 9.99461E-05 9.99461E-05
0.137492 0.179026 9.9964E-05 0.172841 0.445489 0.0647521 9.9964E-05 9.9964E-05 9.9964E-05
0.15687 0.118265 0.037996 9.9973E-05 0.599085 0.0106756 0.0768089 9.9973E-05 9.9973E-05
0.178972 9.99639E-05 9.99639E-05 0.581939 0.0759436 0.150753 9.99639E-05 9.99639E-05 0.0119931
9.9955E-05 9.9955E-05 9.9955E-05 0.112082 0.710209 0.126374 9.9955E-05 0.0508345 9.9955E-05
0.0269437 9.9955E-05 9.9955E-05 0.00197931 0.74793 0.222647 9.9955E-05 9.9955E-05 9.9955E-05
0.0233565 9.99549E-05 9.99549E-05 9.99549E-05 9.99549E-05 0.279863 0.614517 9.99549E-05 0.0817634
9.9946E-05 9.9946E-05 0.143366 0.123175 9.9946E-05 9.9946E-05 0.732859 9.9946E-05 9.9946E-05
9.9946E-05 9.9946E-05 0.0698763 0.0655599 9.9946E-05 9.9946E-05 0.863964 9.9946E-05 9.9946E-05
9.9937E-05 9.9937E-05 9.9937E-05 0.325504 9.9937E-05 9.9937E-05 0.673796 9.9937E-05 9.9937E-05
0.0188996 9.99639E-05 9.99639E-05 9.99639E-05 0.0586338 0.140082 0.753461 0.028524 9.99639E-05
9.9955E-05 9.9955E-05 9.9955E-05 0.304153 9.9955E-05 0.451569 0.144824 0.0989545 9.9955E-05
9.995E-05 0.0492004 9.995E-05 9.995E-05 9.995E-05 0.433777 0.431273 9.995E-05 0.0852497
0.0704514 9.9955E-05 9.9955E-05 0.262243 9.9955E-05 0.560562 0.106244 9.9955E-05 9.9955E-05
9.99549E-05 9.99549E-05 9.99549E-05 0.282358 9.99549E-05 0.60004 0.106055 0.0110468 9.99549E-05
0.0871623 0.128622 9.9955E-05 9.9955E-05 0.294589 0.489127 9.9955E-05 9.9955E-05 9.9955E-05
9.997E-05 9.997E-05 0.0542722 0.0993525 0.0112601 0.159598 9.997E-05 0.321523 0.353694
0.309302 0.0205322 9.9973E-05 0.0478836 9.9973E-05 0.10675 9.9973E-05 0.480105 0.0351273
0.503172 0.0214825 9.9946E-05 9.9946E-05 9.9946E-05 9.9946E-05 9.9946E-05 9.9946E-05 0.474746
9.995E-05 9.995E-05 9.995E-05 0.0965066 9.995E-05 0.0331354 9.995E-05 0.107252 0.762606
0.00404304 9.9955E-05 0.113142 9.9955E-05 9.9955E-05 9.9955E-05 9.9955E-05 0.0801205 0.802194
9.9964E-05 9.9964E-05 0.0349671 9.9964E-05 0.00788193 0.0456821 0.0750302 9.9964E-05 0.836039
9.99459E-05 9.99459E-05 0.748069 9.99459E-05 9.99459E-05 9.99459E-05 0.165946 0.0853852 9.99459E-05
0.193105 9.99459E-05 0.760357 9.99459E-05 9.99459E-05 0.0459385 9.99459E-05 9.99459E-05 9.99459E-05
9.9964E-05 0.0150373 0.289489 9.9964E-05 0.000132532 9.9964E-05 9.9964E-05 0.475347 0.219595
0.0189489 9.9946E-05 9.9946E-05 9.9946E-05 9.9946E-05 9.9946E-05 9.9946E-05 0.700404 0.280048
0.280443 9.9955E-05 0.219955 9.9955E-05 9.9955E-05 0.130243 9.9955E-05 0.368859 9.9955E-05
0.611095 9.99551E-05 0.0145316 9.99551E-05 9.99551E-05 0.0549117 9.99551E-05 0.318962 9.99551E-05
0.215753 9.9964E-05 0.539528 9.9964E-05 9.9964E-05 0.0438437 9.9964E-05 0.162641 0.0378337
0.141044 9.9964E-05 0.186365 9.9964E-05 9.9964E-05 0.103228 9.9964E-05 0.220768 0.348195
0.19211 9.9955E-05 0.634967 9.9955E-05 9.9955E-05 0.12599 9.9955E-05 0.0464321 9.9955E-05
0.29848 0.0609858 0.27953 9.9973E-05 9.9973E-05 0.0370243 9.9973E-05 0.130135 0.193544
9.9955E-05 9.9955E-05 0.7077 9.9955E-05 9.9955E-05 0.0370758 9.9955E-05 0.0624194 0.192305
0.384242 0.0160347 0.113108 9.9964E-05 9.9964E-05 9.9964E-05 0.0656829 9.9964E-05 0.420532
0.775927 9.9955E-05 0.100411 9.9955E-05 0.0885104 9.9955E-05 0.0346514 9.9955E-05 9.9955E-05
0.301076 9.9955E-05 0.0387753 9.9955E-05 9.9955E-05 9.9955E-05 0.0690898 9.9955E-05 0.590559
0.346639 9.99459E-05 0.332303 9.99459E-05 9.99459E-05 9.99459E-05 9.99459E-05 9.99459E-05 0.320458
0.398707 9.9937E-05 9.9937E-05 9.9937E-05 9.9937E-05 9.9937E-05 9.9937E-05 9.9937E-05 0.600593
0.115379 9.9955E-05 9.9955E-05 9.9955E-05 9.9955E-05 0.000293701 9.9955E-05 0.245503 0.638324
9.996E-05 9.996E-05 0.41621 9.996E-05 9.996E-05 0.00929143 0.0859149 0.0407112 0.447473
0.0703278 9.99551E-05 9.99551E-05 9.99551E-05 0.100279 9.99551E-05 0.0255266 9.99551E-05 0.803367
0.0430558 0.812014 9.99641E-05 9.99641E-05 0.0184632 0.0534299 0.0726373 9.99641E-05 9.99641E-05
0.107291 9.9946E-05 9.9946E-05 0.888454 9.9946E-05 9.9946E-05 9.9946E-05 9.9946E-05 0.00365548
0.109765 0.130523 9.99459E-05 0.759112 9.99459E-05 9.99459E-05 9.99459E-05 9.99459E-05 9.99459E-05
0.0590249 0.771667 9.9964E-05 9.9964E-05 0.0349715 9.9964E-05 0.117535 0.0164026 9.9964E-05
9.9955E-05 0.576141 9.9955E-05 0.0726387 9.9955E-05 9.9955E-05 0.294464 0.0562562 9.9955E-05
9.99461E-05 9.99461E-05 0.19362 0.362687 9.99461E-05 9.99461E-05 0.443094 9.99461E-05 9.99461E-05
9.99551E-05 0.115033 0.174379 0.177585 0.532504 9.99551E-05 9.99551E-05 9.99551E-05 9.99551E-05
9.9964E-05 0.105415 9.9964E-05 0.317591 0.423218 9.9964E-05 0.0529491 0.100426 9.9964E-05
9.9955E-05 0.454683 0.047304 9.9955E-05 0.45539 9.9955E-05 0.0421229 9.9955E-05 9.9955E-05
9.9964E-05 0.496266 0.1159 0.245866 0.0216616 9.9964E-05 0.119907 9.9964E-05 9.9964E-05
0.0794521 0.454367 0.00968042 9.995E-05 0.456001 9.995E-05 9.995E-05 9.995E-05 9.995E-05
0.0987379 0.228973 9.9946E-05 9.9946E-05 0.671689 9.9946E-05 9.9946E-05 9.9946E-05 9.9946E-05
9.99549E-05 0.448907 9.99549E-05 9.99549E-05 0.467755 0.0418789 9.99549E-05 0.040959 9.99549E-05
9.9964E-05 0.403076 0.0851089 9.9964E-05 0.485467 0.0167434 9.9964E-05 9.9964E-05 0.00920488
9.99549E-05 0.0337664 0.0711938 9.99549E-05 0.604294 9.99549E-05 0.290246 9.99549E-05 9.99549E-05
9.9973E-05 0.239191 9.9973E-05 0.0181777 0.638621 0.0304855 0.0300996 9.9973E-05 0.0431253
0.0720306 0.515226 9.9955E-05 9.9955E-05 0.407595 9.9955E-05 9.9955E-05 0.00464876 9.9955E-05
0.040142 0.520028 0.0273827 9.9964E-05 0.359074 0.0529731 9.9964E-05 9.9964E-05 9.9964E-05
9.99639E-05 0.324647 9.99639E-05 0.166112 0.433247 0.04309 9.99639E-05 0.0325041 9.99639E-05
9.9973E-05 0.348578 9.9973E-05 0.347847 0.0478581 0.0176346 0.222068 0.0157144 9.9973E-05
9.9955E-05 0.428839 9.9955E-05 0.390116 0.152686 9.9955E-05 0.0278599 9.9955E-05 9.9955E-05
9.9955E-05 0.425944 9.9955E-05 0.456258 9.9955E-05 0.0458567 0.0714416 9.9955E-05 9.9955E-05
9.9946E-05 0.452113 9.9946E-05 0.477654 9.9946E-05 9.9946E-05 0.0696331 9.9946E-05 9.9946E-05
9.9946E-05 0.754311 9.9946E-05 9.9946E-05 9.9946E-05 9.9946E-05 0.200862 0.0442266 9.9946E-05
9.9946E-05 0.814546 9.9946E-05 9.9946E-05 9.9946E-05 0.127944 0.0569105 9.9946E-05 9.9946E-05
9.9955E-05 0.637697 9.9955E-05 0.0235188 9.9955E-05 0.221457 0.116827 9.9955E-05 9.9955E-05
0.0192454 0.911087 9.9955E-05 9.9955E-05 9.9955E-05 9.9955E-05 0.0685677 0.000600183 9.9955E-05
0.00452857 0.896571 0.0399989 9.9973E-05 0.0239013 0.00253901 0.0321612 9.9973E-05 9.9973E-05
9.9946E-05 0.816816 9.9946E-05 0.0297905 0.152794 9.9946E-05 9.9946E-05 9.9946E-05 9.9946E-05
9.9946E-05 0.857656 9.9946E-05 0.03249 9.9946E-05 0.109254 9.9946E-05 9.9946E-05 9.9946E-05
9.9955E-05 0.833489 9.9955E-05 0.11227 0.0454624 0.00827874 9.9955E-05 9.9955E-05 9.9955E-05
9.99549E-05 0.34304 9.99549E-05 0.21242 0.362861 9.99549E-05 0.081179 9.99549E-05 9.99549E-05
0.0409087 0.507036 9.997E-05 0.267704 0.0595745 9.997E-05 0.0987676 9.997E-05 0.0257093
9.9973E-05 0.521934 0.0232021 0.217671 0.134988 0.0269846 0.0749209 9.9973E-05 9.9973E-05
9.997E-05 0.769062 0.0294853 0.0138104 0.0567557 0.0682733 0.0623131 9.997E-05 9.997E-05
9.99641E-05 0.692304 9.99641E-05 0.149134 0.0981126 9.99641E-05 0.0272529 0.0327964 9.99641E-05
9.99461E-05 0.820656 9.99461E-05 0.0814551 9.99461E-05 0.0972891 9.99461E-05 9.99461E-05 9.99461E-05
9.9955E-05 0.765499 9.9955E-05 0.0355251 0.113967 9.9955E-05 0.0845094 9.9955E-05 9.9955E-05
9.9946E-05 0.312129 0.0749752 0.612296 9.9946E-05 9.9946E-05 9.9946E-05 9.9946E-05 9.9946E-05
9.9946E-05 0.371076 0.111294 0.51703 9.9946E-05 9.9946E-05 9.9946E-05 9.9946E-05 9.9946E-05
9.9955E-05 0.592877 0.0697743 0.333076 9.9955E-05 0.00377311 9.9955E-05 9.9955E-05 9.9955E-05
9.9946E-05 0.802911 9.9946E-05 0.0979746 0.0985149 9.9946E-05 9.9946E-05 9.9946E-05 9.9946E-05
0.0738844 0.771022 0.0483735 0.015283 0.0529002 0.0382365 9.9973E-05 9.9973E-05 9.9973E-05
9.9964E-05 0.761119 9.9964E-05 0.119997 0.0294733 0.060832 9.9964E-05 9.9964E-05 0.0281784
9.9964E-05 0.927295 0.0019159 0.0367017 9.9964E-05 9.9964E-05 0.0254525 0.00823546 9.9964E-05
9.9955E-05 0.555474 9.9955E-05 9.9955E-05 9.9955E-05 0.186268 9.9955E-05 0.078365 0.179393
9.9937E-05 0.621352 9.9937E-05 9.9937E-05 9.9937E-05 9.9937E-05 9.9937E-05 9.9937E-05 0.377948
9.9946E-05 0.713952 9.9946E-05 0.158495 9.9946E-05 9.9946E-05 0.126953 9.9946E-05 9.9946E-05
9.9946E-05 0.304338 9.9946E-05 0.639695 9.9946E-05 9.9946E-05 0.0553677 9.9946E-05 9.9946E-05
9.9964E-05 0.462062 0.0807824 0.422509 0.0261506 9.9964E-05 9.9964E-05 0.00809589 9.9964E-05
9.9964E-05 0.378851 0.0204057 0.576372 0.0119964 9.9964E-05 9.9964E-05 0.0119747 9.9964E-05
9.9955E-05 0.0796302 9.9955E-05 0.817589 9.9955E-05 0.00288473 0.0993961 9.9955E-05 9.9955E-05
9.9946E-05 0.765424 9.9946E-05 0.0976282 9.9946E-05 9.9946E-05 0.136348 9.9946E-05 9.9946E-05
9.996E-05 0.347708 9.996E-05 0.569864 0.0368434 9.996E-05 0.0068571 0.0383278 9.996E-05
0.00580886 0.595537 9.996E-05 0.296426 0.100135 9.996E-05 9.996E-05 0.00169372 9.996E-05
9.99549E-05 0.375213 9.99549E-05 0.350873 0.170511 9.99549E-05 0.102903 9.99549E-05 9.99549E-05
9.9946E-05 0.576234 0.0583226 0.364844 9.9946E-05 9.9946E-05 9.9946E-05 9.9946E-05 9.9946E-05
9.9955E-05 9.9955E-05 0.630758 0.0631515 9.9955E-05 9.9955E-05 0.03157 9.9955E-05 0.274021
9.996E-05 0.00896845 0.189268 0.00515774 9.996E-05 9.996E-05 9.996E-05 0.167981 0.628226
9.9964E-05 9.9964E-05 0.241497 9.9964E-05 0.0121378 9.9964E-05 0.06699 0.162553 0.516423
9.9964E-05 9.9964E-05 9.9964E-05 0.0581363 0.0846559 9.9964E-05 0.0127377 0.00118691 0.842883
0.0737941 0.10449 9.9964E-05 9.9964E-05 0.0285778 9.9964E-05 9.9964E-05 0.0443844 0.748354
0.0857252 9.9946E-05 9.9946E-05 9.9946E-05 9.9946E-05 9.9946E-05 9.9946E-05 0.00542599 0.908249
0.22837 9.9964E-05 0.389725 0.0281645 9.9964E-05 9.9964E-05 9.9964E-05 0.168702 0.184638
0.152427 9.99549E-05 0.547791 9.99549E-05 9.99549E-05 9.99549E-05 9.99549E-05 0.193789 0.105493
9.99372E-05 9.99372E-05 0.994124 0.00517667 9.99372E-05 9.99372E-05 9.99372E-05 9.99372E-05 9.99372E-05
0.406494 0.0625242 0.122015 9.99639E-05 9.99639E-05 9.99639E-05 9.99639E-05 0.0427052 0.365861
0.999201 9.993E-05 9.993E-05 9.993E-05 9.993E-05 9.993E-05 9.993E-05 9.993E-05 9.993E-05
0.63222 9.9937E-05 9.9937E-05 9.9937E-05 9.9937E-05 9.9937E-05 9.9937E-05 9.9937E-05 0.367081
0.900113 9.9955E-05 9.9955E-05 9.9955E-05 9.9955E-05 9.9955E-05 0.045799 0.00263204 0.0509564
