0.151448 0.491079 0.357372 9.9991E-05
0.50653 0.133552 0.359817 9.9991E-05
0.187789 0.426768 0.385342 9.9991E-05
0.1452 0.442709 0.367171 0.0449196
9.999E-05 0.306193 0.6533 0.0404068
9.9982E-05 0.638254 0.361546 9.9982E-05
0.52105 9.9982E-05 9.9982E-05 0.47875
0.306577 0.0221917 0.105826 0.565406
0.346458 9.9982E-05 9.9982E-05 0.653342
0.339128 0.0100205 9.9991E-05 0.650751
0.449544 9.9982E-05 9.9982E-05 0.550256
0.446073 9.9982E-05 9.9982E-05 0.553727
0.215517 9.9982E-05 9.9982E-05 0.784283
0.178669 9.9982E-05 9.9982E-05 0.821131
0.392836 9.9982E-05 9.9982E-05 0.606964
0.44788 9.9982E-05 9.9982E-05 0.55192
0.0752221 0.609605 0.300699 0.0144738
0.40184 0.50872 0.0603811 0.0290589
0.174336 0.750481 9.9991E-05 0.0750826
9.9991E-05 0.745277 0.142537 0.112086
0.24401 0.511642 0.203242 0.0411056
0.170273 0.801418 9.9991E-05 0.0282083
0.244326 0.51032 0.174416 0.0709375
0.0111102 0.552354 0.360859 0.0756768
9.9991E-05 0.809645 0.120092 0.0701626
0.0569562 0.765708 0.177236 9.9991E-05
9.9991E-05 0.612761 0.244598 0.142542
9.9991E-05 0.544793 0.337121 0.117986
0.227662 0.208113 0.538661 0.025564
0.271623 0.268295 0.371157 0.0889247
0.518285 0.481515 9.9982E-05 9.9982E-05
0.224695 0.37142 0.326625 0.0772598
0.155681 0.598031 0.246187 9.9991E-05
0.112245 0.818359 0.00300236 0.0663933
0.408284 0.591516 9.9982E-05 9.9982E-05
0.135766 0.643635 0.189233 0.0313662
0.194655 0.478705 9.9991E-05 0.32654
0.0697354 0.763835 0.0547586 0.111671
0.275732 0.701411 0.00378809 0.0190684
0.0507146 0.859715 0.0513668 0.0382034
0.252081 0.416259 0.33156 9.9991E-05
0.0691331 0.406273 0.463954 0.0606403
0.0676573 0.487471 0.317249 0.127622
0.0761663 0.235324 0.541809 0.146701
0.120229 0.581861 0.29781 9.9991E-05
0.09467 0.797701 0.107529 9.9991E-05
0.372507 0.563165 9.9991E-05 0.0642286
0.62916 0.278724 0.0920154 9.9991E-05
0.743003 0.170387 0.0865092 9.9991E-05
0.533567 0.206897 0.259436 9.9991E-05
0.442626 0.520998 9.9991E-05 0.0362759
0.276423 0.548868 0.125377 0.049332
0.222046 0.677202 9.9991E-05 0.100652
0.182762 0.772485 0.0446525 9.9991E-05
0.189216 0.704018 0.106666 9.9991E-05
9.9991E-05 0.802931 0.119845 0.0771244
0.275393 0.114998 0.0632712 0.546337
0.136617 0.0922513 0.041457 0.729675
9.9991E-05 0.0176496 0.0465664 0.935684
0.237837 0.0441695 9.9991E-05 0.717894
0.155317 9.9982E-05 9.9982E-05 0.844483
0.155328 0.0613252 0.0612074 0.722139
0.782556 9.9982E-05 9.9982E-05 0.217244
0.486574 0.0503383 9.9991E-05 0.462988
0.367228 9.9982E-05 9.9982E-05 0.632572
0.261963 9.9982E-05 9.9982E-05 0.737837
0.275863 0.0805023 9.9991E-05 0.643535
9.99821E-05 0.0726045 9.99821E-05 0.927196
0.471429 9.9982E-05 9.9982E-05 0.528372
0.210691 0.0361933 9.9991E-05 0.753015
0.462719 0.0877836 0.0163889 0.433109
0.195092 0.0639207 0.00975733 0.73123
0.481895 9.9982E-05 9.9982E-05 0.517905
0.0843568 0.0299392 0.0624908 0.823213
9.9982E-05 0.170933 9.9982E-05 0.828867
0.0913129 0.0698435 9.9991E-05 0.838744
0.189853 9.9991E-05 0.0349275 0.77512
9.9982E-05 9.9982E-05 0.00209847 0.997702
0.0937482 9.9982E-05 9.9982E-05 0.906052
0.433023 9.9982E-05 9.9982E-05 0.566777
0.0897657 0.0855132 9.9991E-05 0.824621
9.9991E-05 0.139989 0.779943 0.0799679
0.193991 0.0530752 0.728447 0.0244869
0.142874 9.9991E-05 0.802869 0.0541568
0.00208376 0.0110789 0.839427 0.14741
0.191163 0.0280766 0.748621 0.0321391
0.772507 9.9982E-05 0.227293 9.9982E-05
0.301864 0.0857772 0.545841 0.0665186
0.318574 0.159698 0.510371 0.0113569
0.0862775 0.0876835 0.766853 0.059186
0.243387 9.9982E-05 0.756413 9.9982E-05
9.9991E-05 0.0390294 0.781627 0.179243
9.9991E-05 0.434319 0.493539 0.0720414
9.9991E-05 0.3577 0.591367 0.0508325
0.0307647 0.271694 0.617747 0.0797946
0.354052 0.246386 0.378034 0.0215277
0.0860128 0.41294 0.495732 0.00531529
9.9991E-05 0.164526 0.695478 0.139895
9.9991E-05 0.261501 0.618199 0.1202
0.0668387 0.264771 0.629443 0.0389474
0.20877 0.142069 0.64906 9.9991E-05
0.0691653 0.0708717 0.859863 9.9991E-05
0.105907 0.0730672 0.820925 9.9991E-05
0.159365 9.9982E-05 0.840435 9.9982E-05
0.139152 9.9991E-05 0.803909 0.0568391
9.9991E-05 0.165146 0.812367 0.0223871
9.9982E-05 0.328287 0.671513 9.9982E-05
0.00799054 9.9991E-05 0.899177 0.0927325
9.9991E-05 0.0734915 0.847185 0.0792235
9.9991E-05 0.0932118 0.881045 0.0256433
9.9991E-05 0.10135 0.8682 0.0303503
9.9991E-05 0.0702672 0.92642 0.00321265
0.128576 0.226851 0.644473 9.9991E-05
0.0609964 0.0543825 0.776067 0.108554
0.123729 0.122029 0.754141 9.9991E-05
0.0218398 0.0779057 0.859817 0.040437
0.0294784 0.0752597 0.870493 0.0247691
9.9991E-05 0.0325409 0.934301 0.0330578
0.0839458 0.0387021 0.871756 0.00559569
0.267837 9.9982E-05 0.731963 9.9982E-05
0.220119 9.9982E-05 0.779681 9.9982E-05
0.101186 0.0169315 0.881782 9.9991E-05
9.9991E-05 0.040526 0.947241 0.0121329
9.9991E-05 0.0909097 0.796389 0.112602
9.9991E-05 0.0599943 0.866736 0.0731699
0.00233814 9.9991E-05 0.945907 0.0516547
9.9991E-05 0.0866016 0.598517 0.314781
9.9982E-05 9.9982E-05 0.598723 0.401077
0.0893642 9.9982E-05 0.910436 9.9982E-05
0.230003 9.9982E-05 0.769797 9.9982E-05
0.219911 9.9982E-05 0.77989 9.9982E-05
0.142634 9.9982E-05 0.857166 9.9982E-05
0.340333 9.9982E-05 0.659467 9.9982E-05
0.0168706 9.9991E-05 0.952336 0.0306937
0.18218 9.9982E-05 0.81762 9.9982E-05
0.0702685 9.9991E-05 0.920508 0.00912354
0.165365 0.0986337 0.735901 9.9991E-05
0.180945 9.9982E-05 0.818855 9.9982E-05
0.58661 9.9991E-05 0.0110222 0.402268
0.296017 9.9982E-05 9.9982E-05 0.703783
0.42228 9.9982E-05 9.9982E-05 0.57752
0.128454 9.9991E-05 0.113835 0.757611
0.0640463 9.9991E-05 0.166213 0.769641
0.0254127 9.9991E-05 0.0141095 0.960378
0.295233 9.9991E-05 0.0119082 0.692759
0.463745 9.9982E-05 9.9982E-05 0.536055
0.834785 9.9982E-05 9.9982E-05 0.165015
0.0647505 9.9991E-05 0.0951071 0.840042
9.99821E-05 0.0350536 9.99821E-05 0.964746
9.9982E-05 0.0401578 9.9982E-05 0.959642
9.9982E-05 0.0587576 9.9982E-05 0.941042
