0.0493934 0.107395 9.998E-05 0.371776 0.269438 9.998E-05 0.013252 0.188546
0.00602976 0.162908 0.0842806 0.0412888 0.388973 9.999E-05 0.246789 0.0696312
9.998E-05 0.198847 0.0121478 0.285703 0.137038 9.998E-05 0.109491 0.256574
9.9973E-05 0.575801 0.0394475 0.1995 0.168314 0.0166369 9.9973E-05 9.9973E-05
9.9955E-05 0.187966 9.9955E-05 0.206922 9.9955E-05 9.9955E-05 9.9955E-05 0.604613
9.9964E-05 0.50584 9.9964E-05 0.330752 0.0753785 9.9964E-05 9.9964E-05 0.0876297
0.694194 9.9955E-05 0.107257 9.9955E-05 9.9955E-05 9.9955E-05 0.198049 9.9955E-05
0.586571 9.9982E-05 0.0588989 0.0299489 0.0203113 9.9982E-05 0.132544 0.171525
0.875654 0.0436742 0.00577326 9.997E-05 0.0414437 9.997E-05 0.0331551 9.997E-05
0.829879 9.9964E-05 0.0766395 9.9964E-05 0.0297578 9.9964E-05 0.0633242 9.9964E-05
0.756616 9.99549E-05 9.99549E-05 9.99549E-05 0.0328326 9.99549E-05 0.210051 9.99549E-05
0.378616 9.99549E-05 9.99549E-05 9.99549E-05 9.99549E-05 9.99549E-05 0.568871 0.0520135
0.733059 9.9964E-05 9.9964E-05 9.9964E-05 9.9964E-05 0.176304 0.0728687 0.0173682
0.899184 9.9973E-05 0.000811813 0.00524988 9.9973E-05 0.0865779 9.9973E-05 0.00787631
0.785507 9.9964E-05 0.0494799 9.9964E-05 0.0202027 9.9964E-05 0.14441 9.9964E-05
0.655759 9.99641E-05 0.04547 9.99641E-05 0.0371309 9.99641E-05 0.26124 9.99641E-05
9.996E-05 9.996E-05 0.109016 0.48255 9.996E-05 9.996E-05 0.0658155 0.342218
9.99654E-05 9.99654E-05 0.676447 0.185996 9.99654E-05 0.0610085 9.99654E-05 0.0761491
9.9973E-05 0.106754 0.161851 0.664119 9.9973E-05 0.0206741 0.0463014 9.9973E-05
9.9973E-05 0.207881 0.108611 0.574341 9.9973E-05 0.0322117 9.9973E-05 0.0766562
9.99729E-05 0.0292815 0.498644 0.199723 9.99729E-05 0.0270012 9.99729E-05 0.24505
9.9964E-05 0.0857078 0.45812 0.447036 9.9964E-05 0.00873627 9.9964E-05 9.9964E-05
9.9964E-05 9.9964E-05 9.9964E-05 0.489903 0.151654 9.9964E-05 0.258256 0.0997871
9.996E-05 9.996E-05 9.996E-05 0.58698 0.115355 9.996E-05 0.0734551 0.22381
9.99461E-05 9.99461E-05 9.99461E-05 0.855425 9.99461E-05 9.99461E-05 9.99461E-05 0.143975
9.9955E-05 0.216761 9.9955E-05 0.619288 0.163452 9.9955E-05 9.9955E-05 9.9955E-05
9.9964E-05 9.9964E-05 0.017414 0.552506 9.9964E-05 0.0935648 9.9964E-05 0.336115
0.00696192 0.145895 9.997E-05 0.44028 9.997E-05 0.063746 9.997E-05 0.342817
0.0949974 9.9973E-05 0.283622 0.0211938 0.180092 9.9973E-05 9.9973E-05 0.419794
0.116239 0.0714235 0.398919 0.0102302 0.100694 9.9982E-05 9.9982E-05 0.302294
9.9955E-05 0.35128 0.339022 9.9955E-05 9.9955E-05 9.9955E-05 0.309198 9.9955E-05
9.9973E-05 0.357926 0.189136 0.0687554 9.9973E-05 9.9973E-05 0.134745 0.249138
9.9964E-05 0.481056 0.225024 0.171187 9.9964E-05 9.9964E-05 9.9964E-05 0.122333
0.0694551 9.9955E-05 9.9955E-05 0.796122 0.133923 9.9955E-05 9.9955E-05 9.9955E-05
9.9955E-05 9.9955E-05 9.9955E-05 0.595086 0.07991 9.9955E-05 0.324504 9.9955E-05
9.997E-05 0.0153592 0.121175 0.54068 9.997E-05 9.997E-05 0.0998039 0.222683
9.9964E-05 0.146885 9.9964E-05 0.341274 9.9964E-05 0.196285 0.315157 9.9964E-05
9.999E-05 0.078864 0.00355112 0.668051 0.00705565 0.0381655 0.0839586 0.120254
0.0587632 0.0215241 0.112466 0.594396 0.188192 9.9982E-05 0.0244586 9.9982E-05
0.0652101 0.195943 0.0875123 0.640445 9.9973E-05 9.9973E-05 9.9973E-05 0.0105896
9.9955E-05 0.282463 9.9955E-05 0.204792 0.512245 9.9955E-05 9.9955E-05 9.9955E-05
9.9973E-05 0.396386 9.9973E-05 0.180446 0.226435 0.106573 9.9973E-05 0.0898599
9.997E-05 0.517385 0.172736 0.20192 9.997E-05 0.0904568 9.997E-05 0.017203
9.9964E-05 0.281051 9.9964E-05 0.138244 0.460846 0.119459 9.9964E-05 9.9964E-05
9.99641E-05 0.491108 0.00261157 0.34515 0.160731 9.99641E-05 9.99641E-05 9.99641E-05
9.9955E-05 0.476541 0.118056 0.404903 9.9955E-05 9.9955E-05 9.9955E-05 9.9955E-05
9.9955E-05 9.9955E-05 0.651271 0.291949 9.9955E-05 0.0562803 9.9955E-05 9.9955E-05
9.9955E-05 9.9955E-05 0.698627 9.9955E-05 0.174303 9.9955E-05 0.12657 9.9955E-05
9.9955E-05 9.9955E-05 0.85173 9.9955E-05 0.117621 9.9955E-05 0.0301491 9.9955E-05
9.9946E-05 9.9946E-05 0.66905 9.9946E-05 0.33035 9.9946E-05 9.9946E-05 9.9946E-05
9.99549E-05 9.99549E-05 0.788296 0.192899 9.99549E-05 0.0183048 9.99549E-05 9.99549E-05
0.0997417 9.9973E-05 0.112607 0.439502 0.343684 0.00416489 9.9973E-05 9.9973E-05
9.996E-05 9.996E-05 0.415791 0.481794 9.996E-05 0.0514968 9.996E-05 0.0505186
9.9964E-05 9.9964E-05 0.0594518 0.682224 0.242777 9.9964E-05 0.0151466 9.9964E-05
0.0752765 9.9964E-05 0.00680888 0.607837 0.309678 9.9964E-05 9.9964E-05 9.9964E-05
9.9973E-05 0.175263 0.0242888 0.584051 9.9973E-05 0.0661485 9.9973E-05 0.149949
0.41033 9.9973E-05 9.9973E-05 0.198603 0.103682 0.142934 0.144151 9.9973E-05
0.635619 9.9964E-05 9.9964E-05 0.144464 9.9964E-05 0.183738 9.9964E-05 0.0357786
9.9964E-05 9.9964E-05 9.9964E-05 0.0282184 0.0140478 0.908263 9.9964E-05 0.049071
0.221292 9.9973E-05 0.0194101 9.9973E-05 0.153565 0.503251 0.102182 9.9973E-05
0.107997 0.00748165 9.9973E-05 9.9973E-05 0.000258983 0.628633 0.25533 9.9973E-05
9.99639E-05 9.99639E-05 0.180271 9.99639E-05 0.0032906 0.689061 0.126977 9.99639E-05
9.99459E-05 9.99459E-05 0.141337 9.99459E-05 9.99459E-05 9.99459E-05 0.858063 9.99459E-05
9.9973E-05 0.0333395 9.9973E-05 0.0318306 9.9973E-05 0.130478 0.802692 0.00136042
0.583606 0.0740358 9.9964E-05 9.9964E-05 9.9964E-05 0.049796 0.292162 9.9964E-05
0.81544 9.9964E-05 0.0267602 9.9964E-05 9.9964E-05 0.0815028 0.0758974 9.9964E-05
0.431498 9.9973E-05 9.9973E-05 0.184074 9.9973E-05 0.132225 0.239966 0.0119371
0.483759 9.99551E-05 9.99551E-05 0.096598 9.99551E-05 0.419143 9.99551E-05 9.99551E-05
0.236114 9.9964E-05 9.9964E-05 0.0898076 9.9964E-05 0.142091 0.531588 9.9964E-05
0.320049 9.9964E-05 9.9964E-05 0.0766088 9.9964E-05 0.292832 0.310111 9.9964E-05
0.14808 9.997E-05 9.997E-05 0.122103 9.997E-05 0.0512473 0.66304 0.0152297
0.37654 9.997E-05 9.997E-05 0.108543 9.997E-05 0.283087 0.203504 0.0280275
0.147013 9.9964E-05 9.9964E-05 9.9964E-05 9.9964E-05 0.0725982 0.72298 0.057009
0.0584452 9.9973E-05 0.143797 9.9973E-05 9.9973E-05 0.652705 0.119464 0.0252886
0.203275 9.9964E-05 9.9964E-05 0.184169 9.9964E-05 0.571805 0.0403515 9.9964E-05
9.9973E-05 0.00756619 0.115457 0.00325461 9.9973E-05 0.762161 0.111262 9.9973E-05
9.995E-05 0.0749154 9.995E-05 9.995E-05 9.995E-05 0.566357 0.358228 9.995E-05
9.9955E-05 0.00698515 9.9955E-05 9.9955E-05 0.0130853 0.97943 9.9955E-05 9.9955E-05
0.316103 9.9964E-05 9.9964E-05 9.9964E-05 0.0268802 0.56387 0.092747 9.9964E-05
0.122703 9.996E-05 0.117899 9.996E-05 9.996E-05 0.190908 0.568089 9.996E-05
0.023642 0.033768 0.150562 9.997E-05 9.997E-05 0.758502 0.0332263 9.997E-05
9.99821E-05 0.00945996 0.0555937 0.0548962 0.0277867 0.0133522 9.99821E-05 0.838711
9.995E-05 9.995E-05 9.995E-05 9.995E-05 0.741758 0.11602 9.995E-05 0.141721
9.995E-05 9.995E-05 9.995E-05 9.995E-05 0.649884 0.128907 9.995E-05 0.22071
0.0491632 0.0560533 0.142571 0.00104246 9.997E-05 9.997E-05 9.997E-05 0.750871
0.0430307 0.0214082 0.30553 9.997E-05 0.0612072 9.997E-05 9.997E-05 0.568525
9.99551E-05 9.99551E-05 0.481567 9.99551E-05 0.353459 9.99551E-05 0.164474 9.99551E-05
9.99641E-05 0.562807 0.0563546 9.99641E-05 0.269285 9.99641E-05 0.111154 9.99641E-05
0.105346 0.478302 0.0718581 9.996E-05 0.344095 9.996E-05 9.996E-05 9.996E-05
9.9973E-05 0.572068 0.064151 9.9973E-05 0.0591125 9.9973E-05 0.0124732 0.291895
9.997E-05 0.276914 0.0889176 9.997E-05 0.324333 9.997E-05 0.066331 0.243205
9.9955E-05 0.75003 9.9955E-05 9.9955E-05 9.9955E-05 0.0407434 9.9955E-05 0.208727
9.9946E-05 0.942591 9.9946E-05 0.0568092 9.9946E-05 9.9946E-05 9.9946E-05 9.9946E-05
0.0437929 0.567853 9.996E-05 0.0647463 9.996E-05 9.996E-05 9.996E-05 0.323208
9.9973E-05 0.786482 9.9973E-05 0.00766386 0.051229 9.9973E-05 0.0351576 0.119168
9.99549E-05 0.624125 0.374952 9.99549E-05 9.99549E-05 9.99549E-05 0.00042346 9.99549E-05
0.00330369 0.771813 0.113467 0.0740726 0.0302448 9.998E-05 9.998E-05 0.00689912
0.0093843 0.708897 9.996E-05 9.996E-05 9.996E-05 0.0152951 9.996E-05 0.266024
9.9955E-05 0.664249 9.9955E-05 0.0727864 9.9955E-05 9.9955E-05 9.9955E-05 0.262464
0.023578 0.52254 9.997E-05 0.0824458 0.20089 9.997E-05 9.997E-05 0.170246
0.0159329 0.0141254 0.218998 0.0442062 0.327778 9.9982E-05 9.9982E-05 0.37876
9.9964E-05 0.0163713 0.0632899 9.9964E-05 0.375312 9.9964E-05 9.9964E-05 0.544627
9.9964E-05 9.9964E-05 0.0355743 0.0901204 0.457821 9.9964E-05 9.9964E-05 0.416085
9.9946E-05 9.9946E-05 9.9946E-05 9.9946E-05 0.544746 9.9946E-05 9.9946E-05 0.454654
9.9955E-05 9.9955E-05 0.234069 9.9955E-05 9.9955E-05 9.9955E-05 0.0124294 0.753002
9.9955E-05 9.9955E-05 0.039046 0.125278 9.9955E-05 9.9955E-05 9.9955E-05 0.835177
9.9964E-05 9.9964E-05 0.123033 0.230688 0.0102329 9.9964E-05 9.9964E-05 0.635646
0.022965 9.995E-05 0.108325 9.995E-05 9.995E-05 9.995E-05 9.995E-05 0.86821
0.0158064 9.9964E-05 0.0810784 9.9964E-05 9.9964E-05 0.00129074 9.9964E-05 0.901425
9.9964E-05 0.19938 9.9964E-05 0.00952094 0.0442656 9.9964E-05 9.9964E-05 0.746434
9.9955E-05 0.0367424 9.9955E-05 0.0715041 9.9955E-05 9.9955E-05 9.9955E-05 0.891254
9.99461E-05 9.99461E-05 9.99461E-05 9.99461E-05 0.0357652 9.99461E-05 9.99461E-05 0.963635
9.9973E-05 0.160409 0.107183 0.129154 0.243709 9.9973E-05 9.9973E-05 0.359245
9.997E-05 0.091061 0.098738 9.997E-05 0.258987 0.0556581 9.997E-05 0.495256
9.9982E-05 0.174272 0.0509363 0.0560806 0.157612 9.9982E-05 0.00448817 0.55641
9.9973E-05 0.153039 0.0874961 9.9973E-05 0.0219247 9.9973E-05 0.0552101 0.68203
9.99641E-05 0.0462856 0.0731937 9.99641E-05 0.146529 9.99641E-05 9.99641E-05 0.733591
9.9964E-05 9.9964E-05 9.9964E-05 0.0368382 0.119555 9.9964E-05 0.0129253 0.830281
9.99639E-05 0.178911 0.0805722 9.99639E-05 0.135366 9.99639E-05 9.99639E-05 0.604751
9.9964E-05 9.9964E-05 9.9964E-05 0.0156745 0.614033 9.9964E-05 0.0794864 0.290407
9.9964E-05 0.0143309 9.9964E-05 9.9964E-05 0.554484 9.9964E-05 0.0609707 0.369815
9.99551E-05 9.99551E-05 9.99551E-05 9.99551E-05 0.315578 9.99551E-05 0.0819092 0.602013
9.9955E-05 0.11005 9.9955E-05 9.9955E-05 0.0311465 9.9955E-05 9.9955E-05 0.858303
0.0344371 0.18038 9.997E-05 0.0770313 9.997E-05 9.997E-05 0.0463944 0.661457
9.9973E-05 0.0975113 9.9973E-05 0.0402223 0.13285 0.0312073 9.9973E-05 0.697909
9.9973E-05 0.0603825 0.0373187 9.9973E-05 0.0272882 9.9973E-05 0.0124607 0.86225
0.231787 9.9964E-05 9.9964E-05 0.0768764 9.9964E-05 0.0352821 9.9964E-05 0.655654
9.9964E-05 9.9964E-05 9.9964E-05 9.9964E-05 0.00786031 0.280456 0.102212 0.609072
9.9955E-05 9.9955E-05 0.113503 9.9955E-05 0.162323 9.9955E-05 9.9955E-05 0.723674
9.99549E-05 9.99549E-05 0.041793 9.99549E-05 0.671422 9.99549E-05 9.99549E-05 0.286285
9.9964E-05 0.0246853 9.9964E-05 9.9964E-05 0.461739 9.9964E-05 0.0899869 0.423189
0.0331903 0.029073 9.9973E-05 0.0112191 0.452238 9.9973E-05 9.9973E-05 0.47398
9.9964E-05 9.9964E-05 0.0205514 0.0187725 0.934412 9.9964E-05 9.9964E-05 0.0258646
9.9955E-05 9.9955E-05 0.113596 9.9955E-05 0.0687036 9.9955E-05 9.9955E-05 0.817201
9.9955E-05 0.158113 9.9955E-05 9.9955E-05 0.59239 9.9955E-05 9.9955E-05 0.248997
0.0125594 0.111598 9.9964E-05 9.9964E-05 0.298702 9.9964E-05 9.9964E-05 0.576741
9.997E-05 0.184697 0.0903628 0.0328939 0.300712 9.997E-05 9.997E-05 0.391035
9.9964E-05 9.9964E-05 0.00308523 9.9964E-05 0.413343 9.9964E-05 0.0497318 0.533441
9.9964E-05 9.9964E-05 0.0155395 9.9964E-05 0.101399 0.190646 0.692016 9.9964E-05
0.212692 0.03554 9.9973E-05 9.9973E-05 0.0014128 0.42169 0.328365 9.9973E-05
0.172682 9.9973E-05 0.0930431 9.9973E-05 0.0293751 0.346048 0.358552 9.9973E-05
0.0353692 0.00820635 0.0489891 9.998E-05 0.136693 0.698074 0.0724687 9.998E-05
0.198189 0.051428 9.998E-05 9.998E-05 0.0178746 0.655843 0.0049499 0.0715162
0.122909 9.9973E-05 0.0192023 9.9973E-05 9.9973E-05 0.765065 0.0737045 0.01882
0.230741 9.9982E-05 9.9982E-05 0.0176298 0.000725343 0.31081 0.417378 0.0225155
0.178942 9.996E-05 9.996E-05 9.996E-05 9.996E-05 0.187119 0.633158 0.000380853
9.99462E-05 9.99462E-05 9.99462E-05 9.99462E-05 0.0590801 9.99462E-05 0.94032 9.99462E-05
0.15668 9.9964E-05 9.9964E-05 9.9964E-05 9.9964E-05 0.594706 0.144344 0.103869
0.0579736 9.99551E-05 9.99551E-05 0.113731 9.99551E-05 0.827795 9.99551E-05 9.99551E-05
9.99551E-05 9.99551E-05 9.99551E-05 0.0229629 0.00518928 0.971348 9.99551E-05 9.99551E-05
0.100473 0.0475622 9.99641E-05 9.99641E-05 9.99641E-05 0.834246 9.99641E-05 0.0173192
