0.142886 0.494461 9.9991E-05 0.362553
0.508471 0.123556 9.9991E-05 0.367873
0.144606 0.380837 9.9991E-05 0.474456
0.131072 0.442253 0.0258664 0.400809
9.999E-05 0.239037 0.0485752 0.712288
9.9982E-05 0.605991 9.9982E-05 0.393809
0.548976 9.9982E-05 0.450824 9.9982E-05
0.326608 0.0179034 0.521947 0.133542
0.372806 9.9982E-05 0.626994 9.9982E-05
0.383217 9.9982E-05 0.616583 9.9982E-05
0.476247 9.9982E-05 0.523553 9.9982E-05
0.490701 9.9991E-05 0.509025 0.000174094
0.237832 9.9982E-05 0.761968 9.9982E-05
0.20229 0.000818438 0.796791 9.9991E-05
0.423393 9.9982E-05 0.576407 9.9982E-05
0.467236 9.9982E-05 0.532564 9.9982E-05
0.11371 0.528444 0.0265482 0.331298
0.372654 0.514983 0.0525029 0.0598603
0.15929 0.785286 0.0553241 9.9991E-05
9.9991E-05 0.720503 0.111942 0.167455
0.205626 0.503517 0.0576509 0.233206
0.171999 0.795944 0.0319577 9.9991E-05
0.273643 0.529693 0.034749 0.161914
9.9991E-05 0.621875 0.0558951 0.32213
0.00383504 0.843457 0.0591919 0.0935159
9.9982E-05 0.838796 9.9982E-05 0.161004
9.9991E-05 0.588609 0.134293 0.276998
9.9991E-05 0.537313 0.136141 0.326446
0.20248 0.145963 0.0518527 0.599704
0.291472 0.282179 0.0732831 0.353066
0.566961 0.414069 9.9991E-05 0.01887
0.241473 0.313957 0.0776121 0.366958
0.183034 0.507819 9.9991E-05 0.309047
0.0866008 0.882401 0.0308985 9.9991E-05
0.390921 0.608879 9.9982E-05 9.9982E-05
0.139942 0.643561 0.0505122 0.165985
0.192003 0.513496 0.294401 9.9991E-05
0.0883328 0.705665 0.139796 0.0662055
0.255889 0.677038 0.03367 0.0334031
0.0674156 0.841574 0.0535726 0.0374381
0.216589 0.445859 9.9991E-05 0.337452
0.0296375 0.366816 0.0761418 0.527405
0.0707415 0.461574 0.153306 0.314378
0.11176 0.238877 0.149702 0.499661
0.102459 0.593972 9.9991E-05 0.303468
0.139107 0.734277 9.9991E-05 0.126516
0.379391 0.53311 0.0873994 9.9991E-05
0.670222 0.219568 9.9991E-05 0.11011
0.755362 0.115518 9.9991E-05 0.12902
0.485976 0.23234 9.9991E-05 0.281584
0.473165 0.513403 0.0133316 9.9991E-05
0.254911 0.486605 0.0728139 0.185671
0.169271 0.678586 0.0824026 0.0697404
0.17218 0.791444 0.00576144 0.0306154
0.216213 0.716032 9.9991E-05 0.0676548
9.9991E-05 0.78647 0.0766737 0.136756
0.242049 0.180453 0.534465 0.0430325
0.147461 0.155737 0.696702 9.9991E-05
9.9991E-05 0.051545 0.909549 0.0388056
0.232753 0.084219 0.682928 9.9991E-05
0.174506 9.9982E-05 0.825294 9.9982E-05
0.163101 0.0996096 0.710975 0.0263145
0.807789 9.9982E-05 0.192011 9.9982E-05
0.488803 0.0626919 0.448405 9.9991E-05
0.397274 9.9982E-05 0.602526 9.9982E-05
0.267038 9.9982E-05 0.732762 9.9982E-05
0.275355 0.123918 0.600628 9.9991E-05
0.0047505 0.0693826 0.925767 9.9991E-05
0.429257 0.0441095 0.526533 9.9991E-05
0.238119 0.0192937 0.742487 9.9991E-05
0.49979 0.020322 0.436287 0.0436006
0.170292 0.0564618 0.737836 0.0354099
0.507203 9.9982E-05 0.492597 9.9982E-05
0.0783492 0.0365994 0.818684 0.0663672
9.9982E-05 0.184304 0.815496 9.9982E-05
0.134352 0.0316404 0.833908 9.9991E-05
0.1586 9.9991E-05 0.804059 0.0372407
9.9982E-05 9.9982E-05 0.962182 0.0376183
0.111156 9.9982E-05 0.888644 9.9982E-05
0.466792 9.9982E-05 0.533008 9.9982E-05
0.114917 0.061625 0.815358 0.00810052
9.9991E-05 0.0908138 0.075266 0.83382
0.21047 0.0294899 9.9991E-05 0.75994
0.15705 9.9991E-05 0.0406061 0.802244
9.9991E-05 0.0609573 0.115552 0.823391
0.130574 0.017852 0.0505296 0.801044
0.766893 9.9982E-05 9.9982E-05 0.232907
0.280487 0.0896858 0.0431645 0.586663
0.306546 0.155679 9.9991E-05 0.537674
0.0682553 0.0916204 0.0543079 0.785816
0.227177 9.9982E-05 9.9982E-05 0.772623
9.9991E-05 0.141929 0.138986 0.718985
9.9991E-05 0.403975 0.0853797 0.510545
9.9991E-05 0.358126 0.0622441 0.57953
0.0531027 0.273041 0.0806996 0.593156
0.379047 0.260728 9.9991E-05 0.360124
0.107718 0.399815 0.00409302 0.488374
9.9991E-05 0.191224 0.141467 0.66721
9.9991E-05 0.285053 0.0896179 0.625229
0.0532059 0.23657 0.0365002 0.673724
0.175001 0.13281 9.9991E-05 0.692089
0.051364 0.0821056 9.9991E-05 0.86643
0.0686631 0.106117 9.9991E-05 0.82512
0.147569 9.9982E-05 9.9982E-05 0.852231
0.117966 9.9991E-05 0.0416739 0.84026
9.9991E-05 0.149616 0.0381527 0.812132
9.9991E-05 0.238192 0.0100294 0.751679
9.9982E-05 9.9982E-05 0.0948505 0.90495
9.9991E-05 0.00926282 0.102276 0.888361
9.9991E-05 0.0367163 0.0382089 0.924975
9.9991E-05 0.130495 0.045088 0.824317
9.9991E-05 0.0209461 0.0155059 0.963448
0.126587 0.158318 9.9991E-05 0.714995
0.0675994 0.0250123 0.0874543 0.819934
0.12509 0.134064 9.9991E-05 0.740746
0.0118677 0.0696692 0.0486278 0.869835
0.00286272 9.9991E-05 0.0310872 0.96595
9.9991E-05 0.0292327 0.0235858 0.947081
0.0565296 9.9991E-05 0.0133204 0.93005
0.273818 9.9982E-05 9.9982E-05 0.725982
0.216286 9.9982E-05 9.9982E-05 0.783514
0.120228 9.9991E-05 0.016054 0.863618
9.9991E-05 0.0147527 0.0230801 0.962067
0.00166803 0.0635314 0.113743 0.821058
0.00252613 0.027955 0.0795345 0.889984
0.00636183 9.9991E-05 0.0443743 0.949164
9.9991E-05 0.021843 0.339419 0.638638
9.9982E-05 9.9982E-05 0.390408 0.609392
0.0881295 9.9982E-05 9.9982E-05 0.911671
0.208416 9.9982E-05 9.9982E-05 0.791384
0.198773 9.9982E-05 9.9982E-05 0.801027
0.143247 9.9982E-05 9.9982E-05 0.856553
0.318964 9.9982E-05 9.9982E-05 0.680836
0.00143568 9.9991E-05 0.0454561 0.953008
0.158291 0.0141134 9.9991E-05 0.827495
0.0171275 9.9991E-05 0.03953 0.943243
0.159614 0.105998 9.9991E-05 0.734288
0.165688 9.9982E-05 9.9982E-05 0.834112
0.619108 9.9991E-05 0.356175 0.0246165
0.294711 9.9982E-05 0.70509 9.9982E-05
0.415441 9.9982E-05 0.584359 9.9982E-05
0.1667 0.0157025 0.742289 0.0753089
0.0417929 9.9991E-05 0.857472 0.100635
0.0512654 9.9991E-05 0.933412 0.0152225
0.308584 0.00387856 0.679678 0.00786008
0.470423 9.9982E-05 0.529377 9.9982E-05
0.880677 9.9982E-05 0.119123 9.9982E-05
0.0879251 9.9991E-05 0.809724 0.102251
9.99821E-05 0.00483653 0.994964 9.99821E-05
9.9982E-05 0.0480274 0.951773 9.9982E-05
9.9991E-05 0.0628911 0.932711 0.00429777
