0.0839015 9.9991E-05 0.293022 0.278322 0.344655
0.449201 9.9991E-05 0.285925 0.202949 0.0618253
0.125271 9.9991E-05 0.0730622 0.478646 0.32292
0.0664233 0.0117275 0.145053 0.360736 0.41606
9.999E-05 0.028666 0.00735151 0.706733 0.257149
9.9982E-05 9.9982E-05 0.15476 0.334626 0.510414
0.554898 0.444802 9.9973E-05 9.9973E-05 9.9973E-05
0.327069 0.515311 0.0510908 0.0916127 0.0149159
0.368456 0.631244 9.9973E-05 9.9973E-05 9.9973E-05
0.359751 0.632885 9.9982E-05 9.9982E-05 0.00716435
0.462453 0.537247 9.99729E-05 9.99729E-05 9.99729E-05
0.446254 0.522503 9.9982E-05 0.0310428 9.9982E-05
0.249048 0.750653 9.9973E-05 9.9973E-05 9.9973E-05
0.22306 0.741292 9.9982E-05 9.9982E-05 0.0354479
0.42475 0.57495 9.9973E-05 9.9973E-05 9.9973E-05
0.503279 0.496422 9.9973E-05 9.9973E-05 9.9973E-05
0.12467 9.9991E-05 0.0225409 0.316285 0.536404
0.415588 0.0330573 9.9991E-05 0.073946 0.477309
0.134274 0.0484427 0.0453785 9.9991E-05 0.771805
9.9982E-05 0.0600177 9.9982E-05 0.253124 0.686659
0.271853 9.9982E-05 9.9982E-05 0.310664 0.417283
0.19365 9.9982E-05 9.9982E-05 0.00182469 0.804326
0.157013 0.0655678 0.30623 0.0366956 0.434494
9.999E-05 0.0716576 0.425332 0.00405777 0.498853
9.9991E-05 0.0571251 0.235156 0.0351096 0.67251
9.9982E-05 9.9982E-05 0.296031 0.00383357 0.699935
9.9982E-05 0.0969828 9.9982E-05 0.350864 0.551953
9.9982E-05 0.102447 9.9982E-05 0.426333 0.47102
0.23325 0.0056904 0.161752 0.443662 0.155645
0.338133 0.00562784 9.9991E-05 0.35921 0.296929
0.524908 9.9982E-05 9.9982E-05 0.112548 0.362344
0.262304 0.00755423 9.9991E-05 0.447477 0.282564
0.131528 9.9982E-05 9.9982E-05 0.368437 0.499836
9.9982E-05 0.0499597 0.279217 9.9982E-05 0.670623
0.300118 9.9982E-05 0.115029 9.9982E-05 0.584653
0.129336 0.00973855 9.9991E-05 0.279675 0.58115
0.215906 0.270105 9.9991E-05 0.0444068 0.469482
0.0114548 0.106041 0.182313 0.0520246 0.648166
0.10297 0.0479137 0.23413 9.9991E-05 0.614887
0.0450528 0.0119581 9.9991E-05 0.144589 0.7983
0.0767832 9.9982E-05 0.61241 9.9982E-05 0.310607
9.9991E-05 0.0650476 0.189924 0.376619 0.368309
0.0856949 0.126079 9.9991E-05 0.389141 0.398985
9.9991E-05 0.174817 0.589424 0.0722543 0.163404
0.0456631 9.9991E-05 0.235523 0.242191 0.476522
0.0740289 9.9991E-05 0.110361 0.14207 0.67344
0.39259 0.0318946 9.9982E-05 9.9982E-05 0.575316
0.618355 9.9982E-05 9.9982E-05 0.129124 0.252321
0.784526 9.9982E-05 9.9982E-05 0.0348459 0.180428
0.503538 9.9991E-05 0.138416 0.166717 0.191229
0.442641 9.9982E-05 9.9982E-05 0.0297861 0.527373
0.149692 0.0649726 0.363655 9.9991E-05 0.421581
0.204269 0.0170331 9.9991E-05 0.0698743 0.708723
0.00515915 0.013552 0.381027 9.9991E-05 0.600162
9.9982E-05 0.0339395 0.39193 9.9982E-05 0.57393
9.9991E-05 0.0102142 0.0221716 0.193388 0.774126
0.15847 0.561742 0.193242 9.9991E-05 0.0864457
0.124234 0.705235 0.013959 0.0716981 0.0848742
9.9973E-05 0.918828 9.9973E-05 0.080872 9.9973E-05
0.182755 0.701628 0.112298 9.9991E-05 0.00321994
0.142833 0.846188 9.9982E-05 0.0107791 9.9982E-05
0.191737 0.700321 9.9991E-05 0.0149559 0.0928864
0.785848 0.213853 9.99729E-05 9.99729E-05 9.99729E-05
0.50313 0.435807 9.9991E-05 0.0150643 0.0458989
0.366758 0.630053 9.9982E-05 0.0029888 9.9982E-05
0.24399 0.75571 9.9973E-05 9.9973E-05 9.9973E-05
0.297914 0.60217 9.9982E-05 9.9982E-05 0.0997153
9.99821E-05 0.894174 0.0667488 9.99821E-05 0.0388777
0.432125 0.554517 9.9982E-05 9.9982E-05 0.0131584
0.21516 0.756183 0.0284565 9.9982E-05 9.9982E-05
0.49717 0.438391 9.9982E-05 9.9982E-05 0.0642384
0.175171 0.744144 9.9982E-05 0.0804854 9.9982E-05
0.489548 0.510152 9.99729E-05 9.99729E-05 9.99729E-05
0.0946061 0.808398 9.9991E-05 0.0402413 0.0566542
9.9973E-05 0.787229 9.9973E-05 9.9973E-05 0.212471
0.1059 0.812189 9.9991E-05 0.0227612 0.0590495
0.171223 0.778394 9.9982E-05 0.0501829 9.9982E-05
9.9973E-05 0.940292 9.9973E-05 0.0594082 9.9973E-05
0.0921669 0.858848 0.0487847 9.9982E-05 9.9982E-05
0.4795 0.5202 9.99729E-05 9.99729E-05 9.99729E-05
0.0887704 0.765583 9.9991E-05 0.112902 0.032644
9.9991E-05 0.0118976 0.0257932 0.858023 0.104186
9.9982E-05 0.0939739 0.90232 0.00350569 9.9982E-05
9.9982E-05 0.100563 0.810046 0.0891914 9.9982E-05
0.0865679 0.0345588 9.9991E-05 0.858338 0.020435
0.225814 9.9982E-05 9.9982E-05 0.741515 0.0324707
0.737663 9.9982E-05 0.0907165 0.17142 9.9982E-05
0.292891 9.9991E-05 0.0946459 0.512419 0.0999446
0.230178 0.0102241 0.235412 0.374154 0.150031
0.112293 0.00947156 9.9991E-05 0.785663 0.0924725
0.232365 9.9982E-05 0.169626 0.597809 9.9982E-05
9.9982E-05 0.149029 9.9982E-05 0.774631 0.07614
9.9982E-05 0.0161584 9.9982E-05 0.607566 0.376076
9.9982E-05 0.00449703 9.9982E-05 0.68857 0.306733
0.0576689 0.0553812 9.9991E-05 0.64894 0.23791
0.371802 9.9982E-05 9.9982E-05 0.495549 0.132449
0.135512 9.9982E-05 9.9982E-05 0.505465 0.358823
9.9982E-05 0.0899904 9.9982E-05 0.779759 0.13005
9.9982E-05 0.0478497 9.9982E-05 0.75112 0.20083
0.0264099 0.0333023 0.206266 0.523708 0.210314
0.132395 9.9991E-05 0.278488 0.476278 0.112738
9.9982E-05 9.9982E-05 0.397734 0.535172 0.0668941
9.9982E-05 9.9982E-05 0.554314 0.349222 0.096264
9.9973E-05 9.9973E-05 0.575901 0.4238 9.9973E-05
0.164473 9.9973E-05 9.9973E-05 0.835227 9.9973E-05
9.9973E-05 9.9973E-05 9.9973E-05 0.886823 0.112877
9.9982E-05 9.9982E-05 0.116391 0.639591 0.243819
0.0346191 0.0195824 9.9982E-05 0.945598 9.9982E-05
0.0311009 0.039837 9.9982E-05 0.928862 9.9982E-05
9.9991E-05 0.00820304 0.0772253 0.887242 0.0272294
9.9991E-05 0.00819294 0.109111 0.800187 0.0824085
9.9973E-05 9.9973E-05 0.170139 0.829561 9.9973E-05
0.0590244 9.9991E-05 0.249609 0.484665 0.206602
0.0155509 0.0408108 0.27319 0.562298 0.10815
0.125522 9.9991E-05 0.0643768 0.787959 0.0220425
0.0770385 9.9991E-05 0.0138481 0.852166 0.0568475
0.0487333 9.9982E-05 0.0784185 0.872648 9.9982E-05
9.9991E-05 0.000219399 0.156649 0.826614 0.0164181
0.0891061 9.9982E-05 0.0220235 0.88867 9.9982E-05
0.06286 9.9982E-05 0.777809 0.159131 9.9982E-05
0.0468157 9.9982E-05 0.641964 0.31102 9.9982E-05
0.0190381 0.0147192 0.409375 0.556768 9.9991E-05
9.9973E-05 9.9973E-05 0.133046 0.866655 9.9973E-05
0.0159481 0.0777489 0.0239937 0.833241 0.049068
9.9982E-05 0.0537041 0.185484 0.760611 9.9982E-05
0.0485084 0.00278293 0.0396925 0.908916 9.9991E-05
9.9982E-05 0.306309 0.142362 0.551129 9.9982E-05
9.9982E-05 0.355612 0.0106782 0.63351 9.9982E-05
0.111433 9.9982E-05 0.103857 0.78451 9.9982E-05
0.0660714 9.9982E-05 0.625907 0.307821 9.9982E-05
0.0934132 9.9982E-05 0.431796 0.474591 9.9982E-05
9.9982E-05 0.0106629 0.593158 0.39598 9.9982E-05
0.0787579 9.9982E-05 0.862104 0.058938 9.9982E-05
9.9982E-05 0.00214572 0.11666 0.880994 9.9982E-05
0.0226585 9.9982E-05 0.60934 0.367801 9.9982E-05
9.9982E-05 9.9982E-05 0.269031 0.722137 0.00863223
0.0858575 9.9991E-05 0.312016 0.507317 0.0947095
0.0866254 9.9982E-05 0.359592 0.553583 9.9982E-05
0.561674 0.359326 0.0787998 9.9982E-05 9.9982E-05
0.28684 0.702903 9.9982E-05 0.0100569 9.9982E-05
0.376152 0.623548 9.99729E-05 9.99729E-05 9.99729E-05
0.139486 0.715467 0.00370376 0.112736 0.0286064
0.0357439 0.831558 9.9982E-05 0.132498 9.9982E-05
0.0445248 0.937554 9.9982E-05 0.0177214 9.9982E-05
0.242736 0.687581 0.0694827 9.9982E-05 9.9982E-05
0.456132 0.543568 9.9973E-05 9.9973E-05 9.9973E-05
0.863685 0.136015 9.99731E-05 9.99731E-05 9.99731E-05
0.123309 0.772904 9.9982E-05 0.103587 9.9982E-05
9.99731E-05 0.93282 9.99731E-05 9.99731E-05 0.0668801
9.9973E-05 0.931257 9.9973E-05 9.9973E-05 0.0684433
9.9982E-05 0.911055 9.9982E-05 0.0129349 0.0758105
