0.00681395 0.03509 9.9982E-05 9.9982E-05 0.335367 0.282076 0.224395 0.116058
0.200352 0.0404576 0.107534 9.9991E-05 0.140853 0.0386182 0.0712546 0.400831
9.9982E-05 0.219443 0.107092 9.9982E-05 0.271995 0.0669207 0.259059 0.0752905
0.0435818 0.340989 0.0655191 0.00166178 9.9982E-05 0.494132 9.9982E-05 0.0539157
9.9964E-05 0.194516 9.9964E-05 9.9964E-05 0.180317 0.0590873 0.565681 9.9964E-05
9.996E-05 0.315062 9.996E-05 9.996E-05 0.188058 0.394095 0.102385 9.996E-05
0.928438 9.9955E-05 0.0071941 9.9955E-05 9.9955E-05 0.0638683 9.9955E-05 9.9955E-05
0.651729 9.9973E-05 0.0399156 0.0801778 9.9973E-05 0.0255347 0.202343 9.9973E-05
0.749115 0.0749932 9.9964E-05 0.142067 9.9964E-05 0.0334247 9.9964E-05 9.9964E-05
0.77075 9.9955E-05 9.9955E-05 0.0800047 9.9955E-05 0.148746 9.9955E-05 9.9955E-05
0.906372 9.9946E-05 9.9946E-05 9.9946E-05 9.9946E-05 0.0930284 9.9946E-05 9.9946E-05
0.836033 0.00531483 9.9964E-05 9.9964E-05 0.103696 9.9964E-05 0.0545558 9.9964E-05
0.600766 9.99551E-05 9.99551E-05 0.359296 9.99551E-05 0.0394383 9.99551E-05 9.99551E-05
0.596313 9.99551E-05 9.99551E-05 0.340231 9.99551E-05 0.0629564 9.99551E-05 9.99551E-05
0.838559 9.9964E-05 0.00320138 0.0728655 9.9964E-05 0.0849744 9.9964E-05 9.9964E-05
0.913663 9.99641E-05 9.99641E-05 0.0391515 9.99641E-05 9.99641E-05 0.0211206 0.0256649
9.9982E-05 0.0554117 0.209112 0.00239903 0.366079 0.00263209 0.364167 9.9982E-05
9.9964E-05 9.9964E-05 0.661289 0.0562312 9.9964E-05 0.196765 0.0853155 9.9964E-05
9.9973E-05 0.165745 0.271144 0.0224779 0.503479 0.0368536 9.9973E-05 9.9973E-05
9.9982E-05 0.124238 0.158255 0.105835 0.162324 0.325948 0.123201 9.9982E-05
9.99639E-05 9.99639E-05 0.469323 0.0399495 9.99639E-05 0.191524 0.298804 9.99639E-05
9.99639E-05 9.99639E-05 0.404859 0.0391618 0.0217734 0.533806 9.99639E-05 9.99639E-05
0.0596019 0.0219556 0.038002 9.9982E-05 0.643049 9.9982E-05 0.157768 0.0794229
9.9964E-05 9.9964E-05 9.9964E-05 9.9964E-05 0.584663 0.0674629 0.252634 0.0948402
9.9964E-05 0.0705553 9.9964E-05 9.9964E-05 0.650924 0.175787 0.102334 9.9964E-05
9.9964E-05 0.00063864 9.9964E-05 9.9964E-05 0.141952 0.788776 0.0682341 9.9964E-05
9.9964E-05 9.9964E-05 9.9964E-05 0.106205 0.379285 0.0529831 0.461128 9.9964E-05
9.9973E-05 0.073209 9.9973E-05 0.0520096 0.279018 0.23204 0.363423 9.9973E-05
0.0641704 9.9973E-05 0.248127 9.9973E-05 9.9973E-05 0.0782521 0.419265 0.189885
0.0732087 9.9982E-05 0.339175 0.0462747 9.9982E-05 0.170008 0.285312 0.0858205
0.106579 0.32635 0.566571 9.9955E-05 9.9955E-05 9.9955E-05 9.9955E-05 9.9955E-05
0.0699464 0.3518 0.323986 9.9973E-05 0.0488744 9.9973E-05 0.205093 9.9973E-05
9.9973E-05 0.31272 0.290551 9.9973E-05 0.00681442 0.263824 0.125791 9.9973E-05
9.9955E-05 9.9955E-05 9.9955E-05 9.9955E-05 0.695274 0.303843 9.9955E-05 0.000383169
0.0358246 9.9964E-05 0.0521066 9.9964E-05 0.770171 9.9964E-05 9.9964E-05 0.141498
9.9973E-05 0.0916889 0.168753 9.9973E-05 0.408243 0.0965359 0.23448 9.9973E-05
9.9964E-05 0.221604 0.137796 0.21589 0.42431 9.9964E-05 9.9964E-05 9.9964E-05
9.9973E-05 0.134187 0.0232669 0.0390362 0.696675 9.9973E-05 0.106535 9.9973E-05
9.9982E-05 0.000253011 0.17456 0.0569352 0.435411 0.253978 9.9982E-05 0.0786626
9.9982E-05 0.11501 0.179488 0.00195092 0.447604 0.211475 0.0442726 9.9982E-05
9.9946E-05 9.9946E-05 9.9946E-05 9.9946E-05 9.9946E-05 0.638328 9.9946E-05 0.361073
9.9973E-05 0.217447 9.9973E-05 0.0784212 9.9973E-05 0.462353 0.123193 0.118286
9.9973E-05 0.365533 0.130523 0.108736 9.9973E-05 0.391675 0.00323333 9.9973E-05
9.9973E-05 0.17195 9.9973E-05 0.127399 0.0540224 0.181178 9.9973E-05 0.46515
0.00994674 9.9946E-05 9.9946E-05 9.9946E-05 9.9946E-05 0.989454 9.9946E-05 9.9946E-05
9.9955E-05 0.136769 0.0162635 9.9955E-05 9.9955E-05 0.846468 9.9955E-05 9.9955E-05
9.9955E-05 9.9955E-05 0.730531 0.0734587 0.195511 9.9955E-05 9.9955E-05 9.9955E-05
9.9955E-05 0.0395912 0.769418 9.9955E-05 9.9955E-05 9.9955E-05 9.9955E-05 0.190491
9.9946E-05 9.9946E-05 0.813795 9.9946E-05 9.9946E-05 9.9946E-05 9.9946E-05 0.185605
9.9964E-05 0.0081134 0.611038 9.9964E-05 0.006943 9.9964E-05 9.9964E-05 0.373506
9.9973E-05 0.00737182 0.78962 9.9973E-05 0.0688803 0.0964687 0.0373592 9.9973E-05
9.9982E-05 9.9982E-05 0.217219 0.0467769 0.251933 0.213776 0.0152196 0.254875
9.9973E-05 9.9973E-05 0.434483 0.0959423 0.235323 0.156946 0.0770059 9.9973E-05
9.9973E-05 9.9973E-05 0.124161 0.0218401 0.328078 0.332176 9.9973E-05 0.193445
9.99729E-05 9.99729E-05 0.144748 0.0272765 0.333561 0.293471 9.99729E-05 0.200644
9.9973E-05 9.9973E-05 0.0235016 0.100557 0.207269 0.542977 0.125395 9.9973E-05
0.392304 9.9973E-05 9.9973E-05 0.24414 0.246553 0.0308421 9.9973E-05 0.0858615
0.370591 9.9973E-05 9.9973E-05 0.434846 0.138711 0.0251506 0.0304018 9.9973E-05
9.9973E-05 0.0071617 9.9973E-05 0.861778 0.0542989 9.9973E-05 0.0267588 0.0497025
0.318321 9.9973E-05 0.0458009 0.455145 9.9973E-05 0.0618305 9.9973E-05 0.118603
0.396182 0.020144 9.9964E-05 0.551876 9.9964E-05 9.9964E-05 9.9964E-05 0.031398
0.135948 9.9964E-05 0.148605 0.671631 9.9964E-05 9.9964E-05 9.9964E-05 0.0434151
0.732889 9.99549E-05 0.113759 9.99549E-05 9.99549E-05 9.99549E-05 9.99549E-05 0.152852
0.662741 0.130399 0.0403695 0.025176 0.141015 9.9973E-05 9.9973E-05 9.9973E-05
0.772185 0.126983 9.9955E-05 0.100333 9.9955E-05 9.9955E-05 9.9955E-05 9.9955E-05
0.688748 9.9955E-05 9.9955E-05 0.302338 9.9955E-05 0.00841345 9.9955E-05 9.9955E-05
0.573804 0.0481603 9.9973E-05 0.196705 0.142822 0.0382092 9.9973E-05 9.9973E-05
0.178855 9.99551E-05 9.99551E-05 0.626916 0.193729 9.99551E-05 9.99551E-05 9.99551E-05
0.612977 9.9964E-05 9.9964E-05 0.15655 0.157275 9.9964E-05 9.9964E-05 0.0727979
0.50378 9.9955E-05 9.9955E-05 0.31716 0.17856 9.9955E-05 9.9955E-05 9.9955E-05
0.684845 0.0718191 9.9955E-05 9.9955E-05 0.242837 9.9955E-05 9.9955E-05 9.9955E-05
0.420026 9.9964E-05 9.9964E-05 0.391081 0.116515 9.9964E-05 0.0719782 9.9964E-05
0.800761 9.9964E-05 9.9964E-05 0.014464 0.130049 9.9964E-05 0.054326 9.9964E-05
0.246191 0.0119887 0.0666407 0.630358 9.9973E-05 9.9973E-05 0.0445222 9.9973E-05
0.157065 9.9973E-05 0.0580087 0.633165 0.076873 0.0745882 9.9973E-05 9.9973E-05
0.229956 0.031064 0.0763073 0.662273 9.9964E-05 9.9964E-05 9.9964E-05 9.9964E-05
0.327411 0.212811 9.9955E-05 0.459278 9.9955E-05 9.9955E-05 9.9955E-05 9.9955E-05
9.9946E-05 0.0401845 9.9946E-05 0.959216 9.9946E-05 9.9946E-05 9.9946E-05 9.9946E-05
0.342605 9.9964E-05 9.9964E-05 0.625221 0.0102656 9.9964E-05 9.9964E-05 0.0215077
0.738587 9.9964E-05 0.115957 0.0983506 0.0467057 9.9964E-05 9.9964E-05 9.9964E-05
0.119809 9.9964E-05 0.139679 0.68042 9.9964E-05 0.0596924 9.9964E-05 9.9964E-05
9.99551E-05 9.99551E-05 0.028967 9.99551E-05 9.99551E-05 0.197513 0.77302 9.99551E-05
9.9964E-05 9.9964E-05 9.9964E-05 0.0718378 9.9964E-05 0.0764529 0.170994 0.680315
9.9964E-05 9.9964E-05 9.9964E-05 0.114491 9.9964E-05 0.0332012 0.198638 0.65327
9.9973E-05 0.123067 0.0785254 0.015237 0.0257553 9.9973E-05 0.757115 9.9973E-05
0.0150349 9.9973E-05 0.218074 9.9973E-05 9.9973E-05 0.0171558 0.661505 0.0879305
0.0474835 9.99551E-05 0.43357 9.99551E-05 9.99551E-05 9.99551E-05 9.99551E-05 0.518447
0.056674 0.601171 0.0755632 9.99731E-05 9.99731E-05 0.0394237 9.99731E-05 0.226868
0.0642505 0.509603 0.0853888 9.9964E-05 9.9964E-05 9.9964E-05 9.9964E-05 0.340358
9.9964E-05 0.644126 0.0719146 9.9964E-05 9.9964E-05 9.9964E-05 0.216418 0.0671416
9.99639E-05 0.464817 0.0854098 9.99639E-05 9.99639E-05 9.99639E-05 0.0999841 0.34939
9.9964E-05 0.924811 9.9964E-05 0.0102263 9.9964E-05 9.9964E-05 0.0496922 0.0148705
9.9946E-05 0.821181 9.9946E-05 9.9946E-05 9.9946E-05 0.17822 9.9946E-05 9.9946E-05
9.9973E-05 0.521756 0.0026562 9.9973E-05 0.10297 0.105065 0.267254 9.9973E-05
9.9973E-05 0.806129 0.0228847 9.9973E-05 0.0538815 0.0226327 9.9973E-05 0.0941727
9.99459E-05 0.623165 0.376235 9.99459E-05 9.99459E-05 9.99459E-05 9.99459E-05 9.99459E-05
0.00825252 0.590964 0.109357 9.9991E-05 0.0204639 0.20114 0.0627228 0.00699882
9.9955E-05 0.788914 9.9955E-05 0.0242031 9.9955E-05 9.9955E-05 0.186383 9.9955E-05
9.9955E-05 0.792995 9.9955E-05 9.9955E-05 0.0758145 9.9955E-05 0.130691 9.9955E-05
9.9973E-05 0.445948 9.9973E-05 9.9973E-05 0.0734027 0.177846 0.189402 0.113102
9.9973E-05 0.0448769 0.193327 9.9973E-05 9.9973E-05 0.0427073 0.45903 0.259759
9.9955E-05 9.9955E-05 9.9955E-05 9.9955E-05 9.9955E-05 0.212934 0.535946 0.25062
9.9964E-05 9.9964E-05 0.0360666 9.9964E-05 0.0628697 9.9964E-05 0.504948 0.395715
9.9955E-05 9.9955E-05 9.9955E-05 9.9955E-05 9.9955E-05 0.0459912 0.424547 0.528962
0.00949631 0.0883486 0.158007 9.9973E-05 9.9973E-05 9.9973E-05 0.687335 0.0565124
9.9964E-05 9.9964E-05 0.0246695 9.9964E-05 0.0650806 0.00743513 0.902415 9.9964E-05
9.9955E-05 9.9955E-05 0.0886326 9.9955E-05 0.145601 9.9955E-05 0.765266 9.9955E-05
0.000510284 9.9955E-05 0.0772975 9.9955E-05 9.9955E-05 9.9955E-05 0.921692 9.9955E-05
0.0445203 0.105575 0.00756164 9.9973E-05 0.023534 9.9973E-05 0.818509 9.9973E-05
9.9973E-05 0.256676 9.9973E-05 9.9973E-05 0.0222798 0.00716818 0.681063 0.0325133
9.9964E-05 0.0357336 9.9964E-05 9.9964E-05 0.0721974 0.122206 0.769464 9.9964E-05
9.9964E-05 0.0558498 9.9964E-05 9.9964E-05 0.0145898 9.9964E-05 0.866301 0.0628599
9.99729E-05 0.00757676 0.0919693 9.99729E-05 9.99729E-05 0.335525 0.409978 0.15465
9.9973E-05 0.113673 0.0586821 0.045098 9.9973E-05 9.9973E-05 0.509503 0.272744
9.9973E-05 0.201163 0.0491252 9.9973E-05 0.0836034 9.9973E-05 0.497413 0.168396
9.9973E-05 0.205089 0.0629959 9.9973E-05 0.0498304 9.9973E-05 0.588307 0.0934778
9.99641E-05 9.99641E-05 0.0328035 9.99641E-05 9.99641E-05 0.100467 0.714297 0.152032
9.9964E-05 0.0251198 9.9964E-05 9.9964E-05 0.0653064 9.9964E-05 0.777154 0.13202
9.99639E-05 0.23357 0.0773441 9.99639E-05 9.99639E-05 9.99639E-05 0.564068 0.124618
9.9955E-05 9.9955E-05 9.9955E-05 9.9955E-05 0.191859 9.9955E-05 0.236667 0.570975
9.9964E-05 0.20003 9.9964E-05 9.9964E-05 0.0173252 9.9964E-05 0.123124 0.659121
9.9964E-05 0.159171 9.9964E-05 9.9964E-05 0.0276843 9.9964E-05 0.392437 0.420309
9.9964E-05 0.080759 9.9964E-05 9.9964E-05 9.9964E-05 0.148016 0.73866 0.0321659
0.0208188 0.246586 9.9982E-05 0.0402579 0.0519293 9.9982E-05 0.599664 0.0405447
9.9964E-05 0.2299 9.9964E-05 9.9964E-05 0.122536 9.9964E-05 0.56961 0.0775549
9.9955E-05 0.135039 9.9955E-05 9.9955E-05 9.9955E-05 9.9955E-05 0.801187 0.0632734
0.0697646 9.9964E-05 9.9964E-05 0.12362 0.208241 9.9964E-05 0.597974 9.9964E-05
0.11324 9.9964E-05 9.9964E-05 0.26012 9.9964E-05 9.9964E-05 0.619909 0.00633154
9.996E-05 0.0209872 0.0435082 9.996E-05 9.996E-05 9.996E-05 0.714917 0.220188
9.99639E-05 0.0219285 0.0346195 9.99639E-05 9.99639E-05 9.99639E-05 0.342406 0.600646
0.037491 0.0711313 9.9982E-05 9.9982E-05 0.0481441 0.012833 0.424676 0.405525
9.9973E-05 0.0282992 9.9973E-05 9.9973E-05 0.043364 0.0210258 0.420849 0.486162
9.9955E-05 9.9955E-05 9.9955E-05 9.9955E-05 9.9955E-05 0.0819664 0.16627 0.751263
9.9964E-05 9.9964E-05 0.0409454 9.9964E-05 9.9964E-05 0.0156235 0.866798 0.0762328
9.9964E-05 0.0640138 9.9964E-05 9.9964E-05 9.9964E-05 0.0498643 0.308398 0.577324
9.9964E-05 0.0721829 9.9964E-05 9.9964E-05 9.9964E-05 0.141068 0.562555 0.223795
9.998E-05 0.108698 0.0806293 9.998E-05 0.0236417 0.115015 0.420522 0.251294
0.0115973 9.9955E-05 9.9955E-05 9.9955E-05 9.9955E-05 9.9955E-05 0.611001 0.376902
0.609226 9.9973E-05 0.07843 0.0855863 0.00832555 9.9973E-05 9.9973E-05 0.218133
0.528853 0.0426142 9.9973E-05 0.371183 9.9973E-05 9.9973E-05 0.0328645 0.0241853
0.59806 0.0280404 0.067228 0.234368 9.9973E-05 9.9973E-05 9.9973E-05 0.0720038
0.127938 0.0227219 0.0524977 0.653171 9.99729E-05 9.99729E-05 9.99729E-05 0.143372
0.119743 0.132085 0.00879697 0.673131 9.9982E-05 9.9982E-05 0.0403815 0.0256625
0.185125 9.9964E-05 0.00919492 0.794757 9.9964E-05 9.9964E-05 0.0105231 9.9964E-05
0.546851 0.0101886 9.9973E-05 0.321043 0.0145664 9.9973E-05 9.9973E-05 0.107051
0.769209 0.106729 9.9964E-05 0.0938827 0.0297795 9.9964E-05 9.9964E-05 9.9964E-05
0.7154 9.99551E-05 0.00749742 9.99551E-05 9.99551E-05 9.99551E-05 9.99551E-05 0.276603
0.254261 9.9955E-05 9.9955E-05 0.645119 9.9955E-05 9.9955E-05 0.10012 9.9955E-05
9.99551E-05 9.99551E-05 9.99551E-05 0.947127 0.0459542 0.00641933 9.99551E-05 9.99551E-05
9.99461E-05 9.99461E-05 9.99461E-05 0.943028 0.0563721 9.99461E-05 9.99461E-05 9.99461E-05
9.99551E-05 9.99551E-05 0.0319355 0.917868 9.99551E-05 9.99551E-05 0.0496964 9.99551E-05
