0.0449289 0.462124 9.9982E-05 0.00742352 0.201909 9.9982E-05 0.283415
0.373177 0.0620584 9.9991E-05 0.0156808 0.275628 0.111874 0.161481
0.199892 0.218651 9.9982E-05 9.9982E-05 0.0159669 0.0864466 0.478843
0.0138836 0.354863 0.0361798 9.9991E-05 0.0814101 0.139764 0.3738
0.0364838 0.174824 9.9964E-05 9.9964E-05 9.9964E-05 9.9964E-05 0.788292
9.9973E-05 0.428544 9.9973E-05 9.9973E-05 0.0371977 0.107319 0.426639
0.12616 9.9973E-05 9.9973E-05 0.765416 0.0124003 0.0957239 9.9973E-05
0.0094636 0.0442835 9.9991E-05 0.756572 0.085342 0.0141544 0.0900843
9.9973E-05 9.9973E-05 9.9973E-05 0.959965 0.00048147 0.0141027 0.0251504
9.9964E-05 0.0233063 9.9964E-05 0.928983 9.9964E-05 0.0473113 9.9964E-05
0.180262 9.9964E-05 9.9964E-05 0.790386 0.0289526 9.9964E-05 9.9964E-05
0.446288 0.0267975 0.0299087 0.44628 9.9982E-05 9.9982E-05 0.0505262
0.00876803 9.9973E-05 0.229498 0.745207 9.9973E-05 9.9973E-05 0.0162269
9.99612E-05 9.99612E-05 0.121447 0.878053 9.99612E-05 9.99612E-05 9.99612E-05
0.0124737 9.9973E-05 9.9973E-05 0.890108 9.9973E-05 0.0770396 0.0200789
0.152276 9.99641E-05 9.99641E-05 0.780556 0.0667676 9.99641E-05 9.99641E-05
0.0163808 0.502974 0.00721498 9.9991E-05 0.000578954 0.149177 0.323574
9.9982E-05 0.204397 0.0965181 9.9982E-05 0.0258775 0.634372 0.038635
0.0453399 0.6564 0.0625776 9.9982E-05 9.9982E-05 0.191327 0.0441562
9.9973E-05 0.540687 0.103448 9.9973E-05 9.9973E-05 0.130761 0.224804
9.9973E-05 0.269219 0.0138206 9.9973E-05 9.9973E-05 0.510825 0.205836
9.9964E-05 0.523864 0.0444011 9.9964E-05 9.9964E-05 0.431335 9.9964E-05
0.251693 0.545832 9.9973E-05 9.9973E-05 0.112467 9.9973E-05 0.0897072
0.0270699 0.629276 9.9973E-05 9.9973E-05 0.183536 9.9973E-05 0.159817
0.00301498 0.806902 9.9982E-05 0.0335624 0.0216988 9.9982E-05 0.134622
9.9973E-05 0.701457 9.9973E-05 9.9973E-05 0.136599 0.0192097 0.142434
9.9964E-05 0.517569 0.140477 9.9964E-05 9.9964E-05 9.9964E-05 0.341553
9.9973E-05 0.475104 0.0465744 0.0291092 9.9973E-05 9.9973E-05 0.448913
9.9973E-05 9.9973E-05 9.9973E-05 0.11202 0.250876 0.284315 0.352489
9.9982E-05 0.0891024 9.9982E-05 0.153954 0.0627588 0.423809 0.270177
0.363758 0.163222 9.9973E-05 9.9973E-05 9.9973E-05 0.411314 0.0614057
0.195677 0.126511 9.9973E-05 9.9973E-05 9.9973E-05 0.245555 0.431957
0.0152838 0.310332 9.997E-05 9.997E-05 9.997E-05 0.297954 0.376131
0.0329825 0.856612 9.9973E-05 0.00829983 0.101806 9.9973E-05 9.9973E-05
0.371963 0.600537 9.9964E-05 9.9964E-05 0.0271 9.9964E-05 9.9964E-05
0.109968 0.567971 0.00101733 9.9982E-05 9.9982E-05 0.0968092 0.224034
0.345668 0.37414 0.187974 9.9982E-05 9.9982E-05 0.049924 0.0420939
0.10778 0.685315 0.079423 9.9982E-05 0.00518508 9.9982E-05 0.122097
0.036424 0.57657 0.0493789 0.00044238 0.159116 0.177968 9.9991E-05
9.9982E-05 0.750135 0.0307945 0.00873267 9.9982E-05 0.144016 0.066122
9.9964E-05 0.349692 9.9964E-05 9.9964E-05 0.525794 0.124114 9.9964E-05
9.9982E-05 0.250008 0.0855693 9.9982E-05 0.17805 0.0873268 0.398846
0.0223157 0.252935 0.105148 9.9982E-05 9.9982E-05 0.19858 0.420821
9.9973E-05 0.215636 0.175841 9.9973E-05 0.476805 9.9973E-05 0.131419
9.9982E-05 0.504383 9.9982E-05 0.0120689 0.13273 0.0859361 0.264682
9.9964E-05 0.568565 9.9964E-05 9.9964E-05 9.9964E-05 0.222187 0.208848
9.9964E-05 0.211236 0.118086 9.9964E-05 9.9964E-05 0.670278 9.9964E-05
0.112276 9.9973E-05 0.0420803 9.9973E-05 0.125016 0.720328 9.9973E-05
0.0608807 9.996E-05 9.996E-05 9.996E-05 0.0877906 0.850929 9.996E-05
9.9964E-05 0.000396329 9.9964E-05 9.9964E-05 0.277886 0.721318 9.9964E-05
9.99639E-05 0.178764 0.0289949 9.99639E-05 9.99639E-05 0.791842 9.99639E-05
9.9973E-05 0.381841 9.9973E-05 0.150554 0.330901 0.136404 9.9973E-05
9.9964E-05 0.433813 0.0931379 9.9964E-05 9.9964E-05 0.472649 9.9964E-05
9.9973E-05 0.545365 0.0286252 9.9973E-05 0.325223 0.100487 9.9973E-05
9.9973E-05 0.613238 9.9973E-05 0.0545119 0.278867 0.0530829 9.9973E-05
9.9973E-05 0.645045 0.100342 9.9973E-05 9.9973E-05 0.0403128 0.214001
0.15572 0.217766 0.20503 0.316993 0.104291 9.998E-05 9.998E-05
9.9973E-05 0.13882 0.255471 0.585134 9.9973E-05 9.9973E-05 0.0202757
9.9973E-05 0.0407039 0.808571 0.0777285 0.0726963 9.9973E-05 9.9973E-05
0.052671 9.9982E-05 0.454658 0.301434 0.154999 0.036038 9.9982E-05
0.212038 9.99639E-05 0.593776 0.193787 9.99639E-05 9.99639E-05 9.99639E-05
0.158447 9.9973E-05 0.673213 9.9973E-05 0.0202584 0.147782 9.9973E-05
0.819001 9.99639E-05 9.99639E-05 0.0519454 9.99639E-05 0.128654 9.99639E-05
0.72896 0.0733308 0.197309 9.99639E-05 9.99639E-05 9.99639E-05 9.99639E-05
0.293419 9.997E-05 0.0895553 0.572019 9.997E-05 9.997E-05 0.0447068
9.9973E-05 0.00565524 0.155411 0.793697 9.9973E-05 0.0449368 9.9973E-05
0.22259 0.157258 0.263606 0.356246 9.9973E-05 9.9973E-05 9.9973E-05
9.99641E-05 0.119731 0.469923 0.409946 9.99641E-05 9.99641E-05 9.99641E-05
0.502318 0.0886664 0.222238 0.186477 9.9973E-05 9.9973E-05 9.9973E-05
0.199929 0.0656885 0.431224 0.302859 9.9973E-05 9.9973E-05 9.9973E-05
0.614332 0.11962 0.182272 0.0834531 9.998E-05 9.998E-05 0.000122506
0.229085 0.033343 0.434932 0.283691 9.9982E-05 9.9982E-05 0.0187483
0.714839 9.9964E-05 0.13864 0.146121 9.9964E-05 9.9964E-05 9.9964E-05
0.0930248 9.9982E-05 0.68231 0.109556 9.9982E-05 0.0990616 0.0158473
0.0391629 0.164707 0.670864 0.124967 9.9973E-05 9.9973E-05 9.9973E-05
0.125905 9.9964E-05 0.766066 9.9964E-05 9.9964E-05 0.107629 9.9964E-05
0.303348 9.9964E-05 0.636407 9.9964E-05 9.9964E-05 9.9964E-05 0.0598453
9.9955E-05 9.9955E-05 0.955329 9.9955E-05 9.9955E-05 9.9955E-05 0.0441713
0.0320694 9.9973E-05 0.524904 0.419383 0.0233438 9.9973E-05 9.9973E-05
0.495552 9.9973E-05 0.233684 0.159507 9.9973E-05 0.110956 9.9973E-05
9.9964E-05 9.9964E-05 0.719684 0.0910671 9.9964E-05 0.188849 9.9964E-05
9.99731E-05 0.0601486 0.0464337 9.99731E-05 9.99731E-05 0.0767669 0.816351
9.9955E-05 9.9955E-05 0.109803 9.9955E-05 0.889697 9.9955E-05 9.9955E-05
9.9964E-05 9.9964E-05 0.11075 9.9964E-05 0.834149 9.9964E-05 0.0547009
9.9964E-05 9.9964E-05 9.9964E-05 0.0588949 9.9964E-05 0.152879 0.787826
9.9973E-05 9.9973E-05 9.9973E-05 0.053657 0.07175 0.33465 0.539643
0.296316 9.99641E-05 9.99641E-05 9.99641E-05 0.220716 0.482568 9.99641E-05
0.194973 9.99731E-05 9.99731E-05 9.99731E-05 0.140397 0.157955 0.506376
0.0951318 0.0736745 9.9991E-05 0.0503555 0.204126 0.192155 0.384456
0.0462676 9.9964E-05 9.9964E-05 9.9964E-05 9.9964E-05 0.171927 0.781406
0.103298 9.9973E-05 9.9973E-05 9.9973E-05 0.211256 0.182674 0.502472
0.0667394 0.0114016 0.122514 9.9973E-05 9.9973E-05 9.9973E-05 0.799045
9.9964E-05 0.317075 0.0436708 9.9964E-05 9.9964E-05 9.9964E-05 0.638855
9.9973E-05 0.26415 9.9973E-05 0.0328261 9.9973E-05 0.0286879 0.674036
0.0791418 0.115466 0.0129365 9.998E-05 9.998E-05 0.102305 0.689951
0.114243 9.9964E-05 9.9964E-05 9.9964E-05 9.9964E-05 0.481048 0.404309
9.9964E-05 0.261994 9.9964E-05 9.9964E-05 9.9964E-05 0.226267 0.51134
0.0180415 0.069992 0.0896257 0.00281303 9.9991E-05 0.00442112 0.815007
0.00657186 0.187537 0.0482828 9.9973E-05 9.9973E-05 9.9973E-05 0.757309
0.0418379 0.231446 9.9982E-05 0.0064602 0.0807825 9.9982E-05 0.639274
9.9973E-05 9.9973E-05 9.9973E-05 0.0210055 0.373048 0.248217 0.35743
9.9964E-05 9.9964E-05 9.9964E-05 9.9964E-05 0.393108 0.0727119 0.53378
9.9982E-05 0.0587789 0.00906224 9.9982E-05 0.516192 0.0439293 0.371838
9.9964E-05 9.9964E-05 9.9964E-05 9.9964E-05 0.563302 0.0240019 0.412296
9.9964E-05 9.9964E-05 9.9964E-05 0.000580728 9.9964E-05 0.228854 0.770166
9.9964E-05 0.111533 9.9964E-05 9.9964E-05 9.9964E-05 0.0386102 0.849457
9.9973E-05 0.181544 9.9973E-05 9.9973E-05 0.136583 0.108557 0.573016
9.997E-05 9.997E-05 9.997E-05 0.0319123 0.0159485 0.101709 0.85013
9.9973E-05 9.9973E-05 0.0332377 9.9973E-05 0.030973 0.0862914 0.849198
9.9964E-05 0.0722005 9.9964E-05 9.9964E-05 0.0754397 9.9964E-05 0.85196
9.9973E-05 0.106749 0.00459592 9.9973E-05 0.112108 9.9973E-05 0.776248
9.9955E-05 9.9955E-05 9.9955E-05 9.9955E-05 0.186698 9.9955E-05 0.812802
9.9973E-05 0.0896741 9.9973E-05 9.9973E-05 0.327402 0.124167 0.458457
9.997E-05 9.997E-05 0.078672 9.997E-05 0.373663 0.0845151 0.46285
0.0370698 0.107046 9.9982E-05 9.9982E-05 0.182589 0.0559484 0.617146
0.0265426 0.0278546 9.9982E-05 9.9982E-05 0.08669 0.0791865 0.779526
9.9973E-05 9.9973E-05 9.9973E-05 0.0114529 0.132772 0.112983 0.742493
9.9982E-05 0.00277684 0.0221008 9.9982E-05 0.194507 0.0213286 0.759086
0.00281176 9.9973E-05 9.9973E-05 9.9973E-05 0.0839277 0.105173 0.807787
0.11873 9.9964E-05 9.9964E-05 9.9964E-05 0.707428 9.9964E-05 0.173442
0.108187 9.996E-05 9.996E-05 9.996E-05 0.532146 9.996E-05 0.359268
0.077521 9.9964E-05 9.9964E-05 9.9964E-05 0.380358 9.9964E-05 0.541721
9.9955E-05 9.9955E-05 9.9955E-05 9.9955E-05 0.117245 9.9955E-05 0.882255
0.0430045 0.0739538 0.0448649 9.9982E-05 0.0879382 9.9982E-05 0.750039
0.0320265 0.0903069 0.0157662 9.9982E-05 0.139484 9.9982E-05 0.722217
9.9982E-05 9.9982E-05 0.000386764 0.0124347 0.166807 0.0312361 0.788935
9.998E-05 0.106124 0.0864742 0.195952 0.0976525 9.998E-05 0.513597
0.0736933 9.9973E-05 0.298422 9.9973E-05 0.0691173 9.9973E-05 0.558467
9.9964E-05 9.9964E-05 9.9964E-05 9.9964E-05 0.221952 0.121011 0.656637
9.99639E-05 9.99639E-05 9.99639E-05 9.99639E-05 0.710962 0.0627678 0.225871
0.0933559 9.9973E-05 9.9973E-05 0.0122824 0.399006 9.9973E-05 0.495055
0.00779217 9.9973E-05 9.9973E-05 0.0216901 0.550813 9.9973E-05 0.419405
9.9964E-05 0.00294221 9.9964E-05 9.9964E-05 0.895734 0.100924 9.9964E-05
9.9964E-05 9.9964E-05 9.9964E-05 9.9964E-05 0.122022 0.114212 0.763367
9.9964E-05 9.9964E-05 9.9964E-05 0.0413804 0.566164 9.9964E-05 0.392056
9.9964E-05 9.9964E-05 9.9964E-05 0.0202498 0.358231 9.9964E-05 0.621119
9.9973E-05 0.0487449 9.9973E-05 9.9973E-05 0.362014 0.111002 0.477939
0.0961006 9.9964E-05 9.9964E-05 9.9964E-05 0.444916 9.9964E-05 0.458584
0.602794 9.9973E-05 0.213519 9.9973E-05 0.134524 0.0488634 9.9973E-05
0.385965 9.9973E-05 0.481914 0.0888883 9.9973E-05 0.0429331 9.9973E-05
0.25586 9.9982E-05 0.243351 0.349341 0.0107707 0.140477 9.9982E-05
0.0885408 9.9982E-05 0.640791 0.0813828 0.14849 0.0405957 9.9982E-05
0.0826896 9.9973E-05 0.676643 0.149391 9.9973E-05 9.9973E-05 0.0909761
0.0521852 9.9973E-05 0.747874 0.18187 0.0177708 9.9973E-05 9.9973E-05
0.382079 9.9973E-05 0.341771 0.266772 0.00907878 9.9973E-05 9.9973E-05
0.527634 9.9964E-05 0.198388 0.273578 9.9964E-05 9.9964E-05 9.9964E-05
0.9994 9.995E-05 9.995E-05 9.995E-05 9.995E-05 9.995E-05 9.995E-05
0.0782492 9.9973E-05 0.615103 0.232775 9.9973E-05 9.9973E-05 0.0735732
9.99551E-05 0.0790349 0.920465 9.99551E-05 9.99551E-05 9.99551E-05 9.99551E-05
9.99551E-05 0.0444621 0.955038 9.99551E-05 9.99551E-05 9.99551E-05 9.99551E-05
9.9973E-05 0.0188547 0.865209 0.102365 9.9973E-05 9.9973E-05 0.0132716
