0.0119562 0.768092 0.219952
9.9991E-05 0.455428 0.544472
0.0606939 0.731159 0.208147
0.0950884 0.75925 0.145662
0.0847817 0.915118 9.9991E-05
0.101301 0.898521 0.00017878
0.451944 9.9991E-05 0.547956
0.571716 0.137653 0.290631
0.656276 9.9991E-05 0.343624
0.641628 9.9991E-05 0.358272
0.536389 9.9991E-05 0.463511
0.551173 9.9991E-05 0.448727
0.79484 9.9991E-05 0.20506
0.858054 9.9991E-05 0.141846
0.578972 9.9991E-05 0.420928
0.525884 9.9991E-05 0.474016
0.122159 0.716287 0.161553
0.136568 0.39379 0.469641
0.228786 0.540947 0.230267
0.275437 0.697568 0.0269958
0.151655 0.567218 0.281126
0.179986 0.534166 0.285848
0.137447 0.572577 0.289976
0.19049 0.76848 0.0410296
0.260792 0.69299 0.0462183
0.136159 0.788503 0.0753381
0.286999 0.712901 9.9991E-05
0.235782 0.764118 9.9991E-05
0.0426367 0.724269 0.233095
0.124748 0.592203 0.283049
0.0407745 0.336771 0.622454
0.0926535 0.639753 0.267594
0.0178437 0.720056 0.2621
0.204283 0.636298 0.159419
0.0996166 0.339727 0.560657
0.171532 0.649447 0.179021
0.410735 0.327569 0.261696
0.256135 0.559333 0.184531
0.164119 0.553244 0.282636
0.206539 0.685122 0.108339
9.9991E-05 0.681193 0.318707
0.1547 0.809176 0.0361242
0.2138 0.703383 0.0828168
0.175446 0.708665 0.115888
0.0536763 0.804325 0.141999
0.134658 0.696758 0.168584
0.244234 0.22442 0.531346
0.0209683 0.297743 0.681289
9.9991E-05 0.176303 0.823597
9.9991E-05 0.422495 0.577405
0.121795 0.357166 0.521039
0.146523 0.514244 0.339234
0.216131 0.486013 0.297855
0.143075 0.637078 0.219847
0.128246 0.566396 0.305358
0.245927 0.749539 0.00453448
0.606315 0.146781 0.246904
0.785189 0.0791035 0.135707
0.935489 0.0644113 9.9991E-05
0.765475 0.0160466 0.218478
0.851129 9.9991E-05 0.148771
0.795968 0.0794074 0.124625
0.193245 9.9991E-05 0.806655
0.495308 0.0158539 0.488838
0.645259 9.9991E-05 0.354641
0.763848 9.9991E-05 0.236052
0.67919 0.069806 0.251004
0.947828 0.0155229 0.0366495
0.557612 9.9991E-05 0.442288
0.79271 9.9991E-05 0.20719
0.495331 0.0621161 0.442553
0.764557 0.118223 0.11722
0.52612 9.9991E-05 0.47378
0.813897 0.135955 0.0501486
0.914053 0.0858469 9.9991E-05
0.888932 0.0611914 0.0498766
0.809861 0.03349 0.156648
0.995813 0.00408733 9.9991E-05
0.914022 9.9991E-05 0.0858783
0.536343 9.9991E-05 0.463557
0.853492 0.0380691 0.108439
0.0766168 0.923283 9.9991E-05
9.9991E-05 0.773897 0.226003
0.0120072 0.840791 0.147201
0.0971333 0.902767 9.9991E-05
0.00916133 0.801515 0.189324
9.9991E-05 0.239192 0.760708
0.0537296 0.665341 0.280929
0.0248439 0.66485 0.310306
0.0474444 0.874999 0.0775565
9.9991E-05 0.761344 0.238556
0.14608 0.85382 9.9991E-05
0.141536 0.858364 9.9991E-05
0.095646 0.904254 9.9991E-05
0.105476 0.8101 0.0844243
0.0127041 0.602351 0.384945
0.0461746 0.817139 0.136687
0.147565 0.852335 9.9991E-05
0.114723 0.885177 9.9991E-05
0.0777874 0.848007 0.0742053
9.9991E-05 0.762242 0.237658
9.9991E-05 0.942881 0.0570194
9.9991E-05 0.917865 0.0820345
9.9991E-05 0.838277 0.161623
0.0452668 0.808046 0.146687
0.0389194 0.960981 9.9991E-05
0.0579702 0.94193 9.9991E-05
0.0466706 0.953229 9.9991E-05
0.0422901 0.954887 0.00282268
0.0107211 0.981595 0.00768387
0.0240039 0.975896 9.9991E-05
9.999E-05 0.9998 9.999E-05
9.9991E-05 0.88636 0.11354
0.0229764 0.88135 0.0956738
9.9991E-05 0.869181 0.130719
0.0113176 0.956806 0.0318765
0.0162019 0.967026 0.016772
0.0287141 0.971186 9.9991E-05
9.9991E-05 0.937893 0.0620069
9.9991E-05 0.714571 0.285329
9.9991E-05 0.771208 0.228692
9.9991E-05 0.857588 0.142313
9.999E-05 0.9998 9.999E-05
0.11824 0.88166 9.9991E-05
0.0528458 0.947054 9.9991E-05
0.0251784 0.952144 0.0226775
0.303477 0.696423 9.9991E-05
0.375778 0.624122 9.9991E-05
9.9991E-05 0.881722 0.118178
9.9991E-05 0.741819 0.258082
9.9991E-05 0.786748 0.213152
9.9991E-05 0.849582 0.150318
9.9991E-05 0.643599 0.356301
0.0418004 0.952034 0.006166
9.9991E-05 0.830358 0.169542
9.9991E-05 0.974809 0.0250907
9.9991E-05 0.837497 0.162403
9.9991E-05 0.843298 0.156602
0.398669 0.0114616 0.589869
0.7479 9.9991E-05 0.252
0.635034 9.9991E-05 0.364866
0.804114 0.0728931 0.122993
0.840147 0.127448 0.0324057
0.990683 9.9991E-05 0.00921737
0.708967 9.9991E-05 0.290933
0.55143 9.9991E-05 0.44847
0.138231 9.9991E-05 0.861669
0.841402 0.0773712 0.0812271
0.9998 9.999E-05 9.999E-05
0.9998 9.999E-05 9.999E-05
0.994454 0.00544599 9.9991E-05
