0.0121775 9.998E-05 0.236778 0.210897 9.998E-05 0.343166 0.196782
0.341439 9.9973E-05 0.0144094 0.275823 9.9973E-05 9.9973E-05 0.368029
0.0825635 9.999E-05 0.327449 0.242776 0.0321085 0.236576 0.0784268
9.998E-05 0.0357436 9.998E-05 0.632852 0.0758636 0.128165 0.127176
9.9964E-05 9.9964E-05 0.57287 0.257317 9.9964E-05 0.169412 9.9964E-05
9.9973E-05 9.9973E-05 0.0191083 0.686297 9.9973E-05 0.195339 0.0989558
0.790612 0.145251 9.9964E-05 9.9964E-05 0.0637367 9.9964E-05 9.9964E-05
0.5209 0.252303 0.12578 9.9991E-05 0.00842551 0.0418608 0.0506305
0.61017 0.346042 9.9973E-05 0.0282538 9.9973E-05 9.9973E-05 0.0152343
0.628372 0.341638 9.9964E-05 9.9964E-05 9.9964E-05 0.0295901 9.9964E-05
0.749312 0.217842 9.9973E-05 0.0231637 9.9973E-05 9.9973E-05 0.00938193
0.805111 0.120084 0.0584034 9.9973E-05 9.9973E-05 0.0161013 9.9973E-05
0.495983 0.490788 0.0128294 9.9964E-05 9.9964E-05 9.9964E-05 9.9964E-05
0.440984 0.517525 9.9964E-05 9.9964E-05 9.9964E-05 0.0410915 9.9964E-05
0.660995 0.303889 9.9964E-05 9.9964E-05 0.0347164 9.9964E-05 9.9964E-05
0.740937 0.218307 9.99641E-05 9.99641E-05 9.99641E-05 9.99641E-05 0.0403566
9.9964E-05 9.9964E-05 0.34999 9.9964E-05 0.176454 0.473156 9.9964E-05
9.9982E-05 0.0518135 0.0565709 0.0573937 0.630878 0.203144 9.9982E-05
9.997E-05 0.0392167 9.997E-05 0.125985 0.216784 0.617714 9.997E-05
9.998E-05 0.0584733 0.192482 0.130526 0.143792 0.474527 9.998E-05
9.9982E-05 0.0196096 0.293933 0.0546881 0.419776 0.211793 9.9982E-05
9.9973E-05 0.00972732 9.9973E-05 0.174293 0.335419 0.48026 9.9973E-05
0.202327 9.9973E-05 0.120073 9.9973E-05 9.9973E-05 0.515077 0.162223
9.9964E-05 9.9964E-05 0.207393 9.9964E-05 9.9964E-05 0.61487 0.177337
9.9973E-05 9.9973E-05 0.123637 0.00582312 9.9973E-05 0.845322 0.0249178
9.9964E-05 9.9964E-05 9.9964E-05 0.303264 9.9964E-05 0.549796 0.14654
9.9973E-05 0.053239 0.402541 9.9973E-05 0.000207422 0.543713 9.9973E-05
9.9973E-05 0.0472668 0.413573 0.0855552 9.9973E-05 0.453306 9.9973E-05
0.0611307 9.9982E-05 0.388772 9.9982E-05 0.289889 0.0360298 0.223979
0.0605712 0.0168861 0.335035 0.0240686 0.445885 0.0730423 0.044511
0.251626 9.9964E-05 9.9964E-05 0.457251 0.290723 9.9964E-05 9.9964E-05
0.132744 0.00556526 0.262651 0.427812 0.165771 0.00535562 9.9991E-05
0.00622394 9.9982E-05 0.101325 0.541305 0.196138 0.154809 9.9982E-05
0.0141695 9.9973E-05 9.9973E-05 0.0532868 9.9973E-05 0.833026 0.0992174
0.29375 9.9964E-05 9.9964E-05 9.9964E-05 9.9964E-05 0.597399 0.10845
0.0726771 9.9982E-05 0.299931 0.00502811 0.146224 0.47594 9.9982E-05
0.237874 0.162407 9.9973E-05 0.233768 9.9973E-05 0.365651 9.9973E-05
0.105767 0.00961305 0.17411 0.0243212 9.9982E-05 0.685989 9.9982E-05
0.071172 0.0361455 9.9991E-05 0.0377292 0.123853 0.566843 0.164157
9.9982E-05 0.00124233 0.0517336 0.182629 0.10435 0.659845 9.9982E-05
9.9964E-05 9.9964E-05 9.9964E-05 0.433397 9.9964E-05 0.0877384 0.478465
9.998E-05 0.0813512 0.153421 0.396353 9.998E-05 0.204131 0.164544
9.998E-05 0.116583 0.0617707 0.579927 0.0905505 0.150968 9.998E-05
9.997E-05 0.190054 9.997E-05 0.169325 9.997E-05 0.0939893 0.546332
9.9964E-05 9.9964E-05 9.9964E-05 0.571408 9.9964E-05 0.263103 0.165089
0.0103093 9.9982E-05 9.9982E-05 0.619774 0.0216108 0.332696 0.0154103
9.9964E-05 0.0831447 9.9964E-05 9.9964E-05 0.604895 0.31156 9.9964E-05
0.0121051 0.0399758 9.9973E-05 9.9973E-05 0.779831 9.9973E-05 0.167788
9.9955E-05 9.9955E-05 9.9955E-05 9.9955E-05 0.896329 9.9955E-05 0.103172
9.9964E-05 9.9964E-05 9.9964E-05 9.9964E-05 0.644289 0.0408562 0.314455
9.9973E-05 0.00445183 9.9973E-05 0.0667054 0.728011 0.200532 9.9973E-05
0.0226528 0.0396391 9.998E-05 9.998E-05 0.173271 0.431883 0.332354
9.997E-05 0.0453055 0.0525068 9.997E-05 0.462 0.439887 9.997E-05
9.9973E-05 0.0126412 9.9973E-05 9.9973E-05 0.0961924 0.589958 0.300908
9.997E-05 0.0330255 9.997E-05 9.997E-05 0.0670603 0.562641 0.336974
9.998E-05 0.0488581 0.121591 0.284895 0.00814352 0.536312 9.998E-05
0.356908 0.35998 9.997E-05 9.997E-05 9.997E-05 0.195016 0.0877953
0.237219 0.540417 0.0521974 9.9982E-05 9.9982E-05 0.14945 0.0205161
9.997E-05 0.908196 9.997E-05 0.0356668 0.00444729 9.997E-05 0.0513897
0.28081 0.534274 9.9973E-05 9.9973E-05 9.9973E-05 0.017446 0.16717
0.344029 0.63214 9.996E-05 9.996E-05 9.996E-05 9.996E-05 0.0234317
0.187776 0.644483 9.9991E-05 0.0131932 0.123214 0.00161144 0.0296226
0.868604 9.9964E-05 9.9964E-05 9.9964E-05 0.121884 9.9964E-05 0.00911164
0.723748 0.12496 0.0204878 0.0817165 9.9982E-05 0.0488873 9.9982E-05
0.706528 0.292788 0.000283931 9.9964E-05 9.9964E-05 9.9964E-05 9.9964E-05
0.461634 0.51038 9.9973E-05 9.9973E-05 0.0112032 0.0164827 9.9973E-05
0.458526 0.370891 0.0272263 9.997E-05 9.997E-05 0.143058 9.997E-05
0.122742 0.724295 9.99641E-05 9.99641E-05 9.99641E-05 0.152563 9.99641E-05
0.659732 0.226136 9.9964E-05 9.9964E-05 9.9964E-05 0.113732 9.9964E-05
0.473417 0.437898 9.9964E-05 9.9964E-05 9.9964E-05 0.0882853 9.9964E-05
0.702519 0.0876958 0.0811421 9.9973E-05 9.9973E-05 0.128343 9.9973E-05
0.353537 0.500568 0.0178648 9.997E-05 9.997E-05 0.12773 9.997E-05
0.848877 0.0898251 0.0395456 9.9973E-05 9.9973E-05 0.0214522 9.9973E-05
0.203805 0.669793 0.0280912 9.997E-05 0.0980109 9.997E-05 9.997E-05
0.0608117 0.711911 9.9973E-05 9.9973E-05 0.0604042 0.166573 9.9973E-05
0.0507454 0.756423 9.9973E-05 0.0279324 0.1646 9.9973E-05 9.9973E-05
0.315613 0.606956 9.9964E-05 0.0770317 9.9964E-05 9.9964E-05 9.9964E-05
9.9955E-05 0.953697 9.9955E-05 0.045803 9.9955E-05 9.9955E-05 9.9955E-05
0.27708 0.694177 9.9973E-05 9.9973E-05 0.0220173 9.9973E-05 0.0064258
0.695518 0.209292 9.9973E-05 9.9973E-05 0.0773733 0.0175173 9.9973E-05
0.11816 0.691243 9.9973E-05 0.0499948 0.140303 9.9973E-05 9.9973E-05
9.99731E-05 0.00926392 0.847388 9.99731E-05 0.00194386 0.141105 9.99731E-05
9.9955E-05 0.116306 9.9955E-05 9.9955E-05 9.9955E-05 9.9955E-05 0.883195
9.9964E-05 0.11094 0.170044 9.9964E-05 9.9964E-05 9.9964E-05 0.718616
9.9973E-05 0.0237196 0.738036 0.0875027 0.150441 9.9973E-05 9.9973E-05
9.9964E-05 9.9964E-05 0.59261 9.9964E-05 0.289698 9.9964E-05 0.117291
0.181532 9.99641E-05 9.99641E-05 9.99641E-05 0.485306 9.99641E-05 0.332762
0.120481 9.9973E-05 9.9973E-05 0.576 0.0371667 9.9973E-05 0.266052
0.11323 9.9973E-05 9.9973E-05 0.503588 0.0627187 9.9973E-05 0.320163
9.9973E-05 9.9973E-05 0.393159 0.50116 0.0938876 9.9973E-05 0.0114936
9.9973E-05 9.9973E-05 0.39136 0.16143 0.171161 9.9973E-05 0.27575
9.9964E-05 0.020356 0.341704 0.637541 9.9964E-05 9.9964E-05 9.9964E-05
9.997E-05 0.0361627 0.08545 0.847633 9.997E-05 0.0304545 9.997E-05
9.9973E-05 0.00398501 0.356476 0.54754 9.9973E-05 0.0916983 9.9973E-05
0.0169899 0.0280327 0.258879 0.674387 9.9982E-05 0.0215111 9.9982E-05
0.0216944 9.99639E-05 9.99639E-05 0.655451 0.322455 9.99639E-05 9.99639E-05
0.0244164 9.998E-05 0.179435 0.699007 0.0837735 0.0131685 9.998E-05
9.996E-05 0.0662322 0.316669 0.616699 9.996E-05 9.996E-05 9.996E-05
9.997E-05 0.0336151 0.402936 0.499529 9.997E-05 0.0636203 9.997E-05
0.025024 9.998E-05 0.26149 0.44386 9.998E-05 0.116779 0.152647
9.9982E-05 9.9982E-05 0.346855 0.0173088 0.2509 0.0397999 0.344936
9.9973E-05 9.9973E-05 0.455552 0.128847 0.0505576 9.9973E-05 0.364744
9.9973E-05 9.9973E-05 0.377355 9.9973E-05 0.0325116 0.0309332 0.5589
9.9964E-05 9.9964E-05 0.412703 9.9964E-05 0.0243887 9.9964E-05 0.562509
0.0662875 9.9964E-05 0.756156 9.9964E-05 0.177157 9.9964E-05 9.9964E-05
9.996E-05 9.996E-05 0.889829 9.996E-05 0.0537464 0.0560246 9.996E-05
9.997E-05 9.997E-05 0.704674 9.997E-05 0.0977535 0.164705 0.0325681
9.99551E-05 9.99551E-05 0.932573 9.99551E-05 0.0669274 9.99551E-05 9.99551E-05
9.9973E-05 0.0304375 0.879069 0.0386337 0.0515599 9.9973E-05 9.9973E-05
9.996E-05 9.996E-05 0.756706 0.205174 9.996E-05 9.996E-05 0.0377201
9.9973E-05 9.9973E-05 0.803573 0.066807 9.9973E-05 0.115028 0.0142917
9.9955E-05 9.9955E-05 0.924553 9.9955E-05 9.9955E-05 9.9955E-05 0.0749471
9.998E-05 9.998E-05 0.333107 0.296506 0.103491 0.0190304 0.247666
9.998E-05 0.029635 0.481799 0.0687738 0.126645 9.998E-05 0.292947
0.0397074 9.9982E-05 0.522195 0.228214 0.0466574 9.9982E-05 0.163027
0.0113533 9.998E-05 0.739255 0.127442 0.0813276 9.998E-05 0.0404227
9.9973E-05 9.9973E-05 0.735111 0.0809451 0.0464537 9.9973E-05 0.13719
9.9964E-05 9.9964E-05 0.848874 9.9964E-05 9.9964E-05 0.0419822 0.108743
0.00906071 9.998E-05 0.722749 0.129101 0.0526423 9.998E-05 0.0862472
0.0117949 9.9973E-05 0.210382 9.9973E-05 9.9973E-05 0.0702255 0.707298
0.025163 9.9973E-05 0.237189 0.09984 9.9973E-05 9.9973E-05 0.637508
0.0030613 0.00508238 0.514495 0.0238197 0.00676907 9.9991E-05 0.446672
9.9964E-05 9.9964E-05 0.753774 0.162761 9.9964E-05 9.9964E-05 0.083065
9.9982E-05 0.0693031 0.698568 0.152621 9.9982E-05 0.020385 0.0589229
0.00828197 0.0136342 0.742758 0.0396622 9.9991E-05 0.0881161 0.107448
0.0368338 9.9982E-05 0.819941 0.00459656 0.0472828 9.9982E-05 0.0911462
0.0375332 0.193007 0.638704 9.9973E-05 9.9973E-05 0.130455 9.9973E-05
0.0999767 0.226367 0.673257 9.9964E-05 9.9964E-05 9.9964E-05 9.9964E-05
9.9964E-05 9.9964E-05 0.744555 9.9964E-05 0.110132 9.9964E-05 0.144912
9.996E-05 9.996E-05 0.253394 9.996E-05 0.094028 9.996E-05 0.652178
0.096453 9.997E-05 0.447831 0.0213365 9.997E-05 9.997E-05 0.43408
9.9973E-05 0.0136638 0.366873 0.00686379 9.9973E-05 9.9973E-05 0.6123
9.9964E-05 9.9964E-05 0.0445009 9.9964E-05 0.0926558 9.9964E-05 0.862443
9.9964E-05 9.9964E-05 0.799938 9.9964E-05 0.0951704 9.9964E-05 0.104492
9.9964E-05 9.9964E-05 0.349965 0.0545508 9.9964E-05 9.9964E-05 0.595084
9.9964E-05 9.9964E-05 0.555248 0.132225 9.9964E-05 9.9964E-05 0.312126
9.997E-05 9.997E-05 0.323712 0.243414 0.0745698 9.997E-05 0.358004
0.0306004 9.9973E-05 0.550413 9.9973E-05 0.00719131 9.9973E-05 0.411495
0.673172 0.122431 9.997E-05 9.997E-05 0.0733451 9.997E-05 0.130752
0.462999 0.461933 9.9964E-05 9.9964E-05 0.0746687 9.9964E-05 9.9964E-05
0.538726 0.332464 9.99639E-05 9.99639E-05 0.12841 9.99639E-05 9.99639E-05
0.232298 0.636515 9.99729E-05 9.99729E-05 0.0530158 9.99729E-05 0.0778717
0.104317 0.74898 0.0768111 9.9973E-05 9.9973E-05 9.9973E-05 0.0695919
0.129092 0.841534 9.9964E-05 9.9964E-05 0.0289737 9.9964E-05 9.9964E-05
0.507084 0.424145 9.9964E-05 9.9964E-05 9.9964E-05 9.9964E-05 0.0683712
0.728192 0.226498 0.0449103 9.9964E-05 9.9964E-05 9.9964E-05 9.9964E-05
0.892814 9.99552E-05 9.99552E-05 9.99552E-05 9.99552E-05 9.99552E-05 0.106686
0.218556 0.68506 0.0959841 9.9964E-05 9.9964E-05 9.9964E-05 9.9964E-05
9.99551E-05 0.940402 9.99551E-05 9.99551E-05 9.99551E-05 0.0590981 9.99551E-05
9.9964E-05 0.941788 9.9964E-05 0.0395752 9.9964E-05 0.018237 9.9964E-05
9.99641E-05 0.919506 0.00921008 0.0708844 9.99641E-05 9.99641E-05 9.99641E-05
