0.0662424 9.99639E-05 9.99639E-05 0.14181 0.578322 9.99639E-05 0.0323523 9.99639E-05 0.180874
0.0871409 0.113267 0.216435 0.02619 0.272336 9.9973E-05 9.9973E-05 9.9973E-05 0.284331
9.9964E-05 9.9964E-05 0.112116 0.371841 0.380865 9.9964E-05 0.0522752 9.9964E-05 0.0825033
9.9964E-05 0.051748 9.9964E-05 0.123687 0.655328 9.9964E-05 9.9964E-05 0.0844904 0.0843474
9.9955E-05 9.9955E-05 9.9955E-05 0.649863 0.255346 9.9955E-05 0.0766222 0.0176695 9.9955E-05
9.9964E-05 9.9964E-05 9.9964E-05 0.225972 0.675699 9.9964E-05 0.0286864 0.0566504 0.012593
0.875837 0.0375763 0.0859869 9.9946E-05 9.9946E-05 9.9946E-05 9.9946E-05 9.9946E-05 9.9946E-05
0.735618 9.9946E-05 9.9946E-05 0.0623858 9.9946E-05 9.9946E-05 0.201396 9.9946E-05 9.9946E-05
0.782984 9.9955E-05 9.9955E-05 9.9955E-05 0.0513861 0.0906448 9.9955E-05 0.0744856 9.9955E-05
0.653934 0.0270896 9.9955E-05 9.9955E-05 0.0475278 0.270949 9.9955E-05 9.9955E-05 9.9955E-05
0.856272 9.9946E-05 0.0495934 9.9946E-05 0.0935346 9.9946E-05 9.9946E-05 9.9946E-05 9.9946E-05
0.448259 9.99729E-05 0.38114 0.0171353 9.99729E-05 0.0777816 0.0330637 0.0423202 9.99729E-05
0.387692 9.9964E-05 0.0191857 0.0118679 9.9964E-05 0.523009 9.9964E-05 0.0578449 9.9964E-05
0.563049 9.9946E-05 9.9946E-05 9.9946E-05 9.9946E-05 0.412156 0.0241952 9.9946E-05 9.9946E-05
0.853602 9.9946E-05 9.9946E-05 9.9946E-05 0.0577573 9.9946E-05 9.9946E-05 0.0880411 9.9946E-05
0.970297 9.99372E-05 9.99372E-05 9.99372E-05 9.99372E-05 9.99372E-05 9.99372E-05 9.99372E-05 0.0290036
9.9964E-05 0.0354514 0.0663652 0.29424 9.9964E-05 9.9964E-05 0.59589 9.9964E-05 0.00765424
0.0692581 0.505206 9.9964E-05 9.9964E-05 0.0185259 9.9964E-05 0.392854 0.0137559 9.9964E-05
9.999E-05 0.0777632 0.0726874 0.00407849 0.28058 0.0189916 0.528125 0.0113013 0.00637331
9.9973E-05 0.0951808 9.9973E-05 0.208602 0.0599559 0.0310533 0.576632 0.0282756 9.9973E-05
9.9973E-05 0.408729 9.9973E-05 0.198696 0.0192316 0.0191122 0.33823 0.0157009 9.9973E-05
9.99549E-05 0.32273 9.99549E-05 9.99549E-05 0.177823 9.99549E-05 0.48605 0.0128973 9.99549E-05
0.00496997 9.9973E-05 0.210308 0.0984323 0.225216 9.9973E-05 0.341339 9.9973E-05 0.119434
9.9973E-05 9.9973E-05 0.000342612 0.125202 0.229757 0.0742262 0.325122 9.9973E-05 0.24505
9.9964E-05 9.9964E-05 9.9964E-05 0.0841721 0.364423 0.0621708 0.462339 9.9964E-05 0.026495
9.9946E-05 9.9946E-05 9.9946E-05 9.9946E-05 0.495644 9.9946E-05 0.349196 9.9946E-05 0.15456
9.9946E-05 9.9946E-05 9.9946E-05 0.315527 9.9946E-05 9.9946E-05 0.680195 0.00367799 9.9946E-05
9.9955E-05 9.9955E-05 9.9955E-05 0.451977 0.0175148 0.0605135 0.469495 9.9955E-05 9.9955E-05
0.085999 0.312365 9.9964E-05 0.319844 9.9964E-05 9.9964E-05 0.132404 9.9964E-05 0.148988
0.0148986 0.428241 9.9982E-05 0.201691 0.0713466 0.129193 0.101139 9.9982E-05 0.0532904
9.9946E-05 0.25873 0.358235 9.9946E-05 0.382435 9.9946E-05 9.9946E-05 9.9946E-05 9.9946E-05
9.99639E-05 0.121159 0.201299 0.388963 0.213857 9.99639E-05 0.0743216 9.99639E-05 9.99639E-05
9.9964E-05 0.129953 0.042306 0.25417 0.420684 9.9964E-05 0.152486 9.9964E-05 9.9964E-05
9.99549E-05 9.99549E-05 9.99549E-05 9.99549E-05 0.471857 0.092948 0.359226 9.99549E-05 0.0754697
9.9955E-05 9.9955E-05 0.347516 9.9955E-05 0.383636 9.9955E-05 0.254678 9.9955E-05 0.0136711
9.9964E-05 0.0586437 0.111792 0.274318 0.0386797 9.9964E-05 0.516167 9.9964E-05 9.9964E-05
9.9964E-05 9.9964E-05 0.295047 9.9964E-05 0.268775 0.0125178 0.228051 0.195209 9.9964E-05
9.9955E-05 9.9955E-05 0.141711 0.109132 0.154278 9.9955E-05 0.594379 9.9955E-05 9.9955E-05
9.9973E-05 0.132261 0.0533053 9.9973E-05 0.340853 0.0734055 0.324538 9.9973E-05 0.0753363
0.0288723 0.0436077 9.9964E-05 0.115291 0.149109 9.9964E-05 0.66272 9.9964E-05 9.9964E-05
9.9946E-05 0.0307501 9.9946E-05 9.9946E-05 0.59718 9.9946E-05 9.9946E-05 9.9946E-05 0.37147
9.9973E-05 0.0293798 9.9973E-05 0.221653 0.389773 9.9973E-05 0.0346226 0.139078 0.185194
9.9964E-05 0.138784 9.9964E-05 0.147679 0.521562 0.0834654 9.9964E-05 0.10811 9.9964E-05
9.9955E-05 9.9955E-05 9.9955E-05 0.11166 0.270809 9.9955E-05 9.9955E-05 0.184183 0.432849
0.085342 0.0096221 9.9964E-05 0.0947857 0.677399 9.9964E-05 9.9964E-05 9.9964E-05 0.132451
9.9955E-05 0.125562 9.9955E-05 9.9955E-05 0.775593 0.0429895 0.0553555 9.9955E-05 9.9955E-05
9.9955E-05 0.448485 0.0550741 9.9955E-05 9.9955E-05 9.9955E-05 0.451736 0.044205 9.9955E-05
9.9964E-05 0.631755 0.161631 9.9964E-05 9.9964E-05 9.9964E-05 0.138299 0.0346886 0.033226
9.9955E-05 0.86477 0.11791 9.9955E-05 9.9955E-05 9.9955E-05 0.0101226 9.9955E-05 0.00669726
9.9946E-05 0.727832 9.9946E-05 9.9946E-05 9.9946E-05 9.9946E-05 0.0981773 9.9946E-05 0.173391
9.99459E-05 0.692563 9.99459E-05 9.99459E-05 9.99459E-05 0.0569428 0.249895 9.99459E-05 9.99459E-05
0.0326463 0.103743 9.9964E-05 9.9964E-05 9.9964E-05 0.0869461 0.419366 9.9964E-05 0.356898
9.9955E-05 0.349373 9.9955E-05 9.9955E-05 0.0248248 9.9955E-05 0.592617 0.0326854 9.9955E-05
9.995E-05 9.995E-05 9.995E-05 9.995E-05 0.102193 0.0187937 0.565028 9.995E-05 0.313486
0.00559114 9.99459E-05 9.99459E-05 9.99459E-05 9.99459E-05 9.99459E-05 0.653518 9.99459E-05 0.340291
9.9955E-05 9.9955E-05 9.9955E-05 0.175284 0.231314 9.9955E-05 0.545805 0.0470971 9.9955E-05
0.172473 9.9982E-05 0.0571673 9.9982E-05 0.0803909 0.364839 0.027746 0.143172 0.154012
0.0852171 0.0326707 9.9982E-05 0.0101859 9.9982E-05 0.694991 0.0126227 0.0645049 0.0996078
0.0839174 9.99551E-05 9.99551E-05 9.99551E-05 9.99551E-05 9.99551E-05 0.032067 0.866879 0.0166369
0.363527 9.9955E-05 9.9955E-05 9.9955E-05 9.9955E-05 9.9955E-05 0.0318227 0.527131 0.0770194
0.217282 9.9955E-05 0.140923 0.00101913 9.9955E-05 9.9955E-05 9.9955E-05 0.640276 9.9955E-05
0.108102 0.0428267 0.11121 9.9973E-05 9.9973E-05 9.9973E-05 0.0599956 0.664911 0.0126551
0.0954759 0.129415 0.77451 9.99459E-05 9.99459E-05 9.99459E-05 9.99459E-05 9.99459E-05 9.99459E-05
9.99639E-05 9.99639E-05 0.724789 0.0234435 9.99639E-05 0.0661196 0.042963 0.142285 9.99639E-05
0.272103 9.99639E-05 0.298614 0.0352367 9.99639E-05 0.369125 9.99639E-05 0.0245207 9.99639E-05
0.286557 0.0832043 9.99459E-05 9.99459E-05 9.99459E-05 0.629639 9.99459E-05 9.99459E-05 9.99459E-05
9.99459E-05 0.131046 0.177389 9.99459E-05 9.99459E-05 0.690965 9.99459E-05 9.99459E-05 9.99459E-05
9.99461E-05 9.99461E-05 9.99461E-05 9.99461E-05 9.99461E-05 0.951531 9.99461E-05 0.0307857 0.017084
9.9955E-05 9.9955E-05 0.555606 9.9955E-05 0.0417832 0.274157 9.9955E-05 0.127954 9.9955E-05
0.204215 9.9964E-05 0.162746 9.9964E-05 9.9964E-05 0.392902 0.0688316 0.170906 9.9964E-05
0.000429805 9.9973E-05 0.592005 0.0184175 9.9973E-05 0.288602 0.0907147 0.00953115 9.9973E-05
9.9955E-05 9.9955E-05 0.248572 0.0194049 9.9955E-05 0.544131 9.9955E-05 0.187392 9.9955E-05
0.0586813 9.99639E-05 0.681178 0.0119441 9.99639E-05 0.215972 9.99639E-05 0.0318248 9.99639E-05
0.0969992 0.0132928 0.106792 9.9973E-05 9.9973E-05 0.0463009 0.0499367 0.686378 9.9973E-05
9.9964E-05 0.00286289 0.025735 9.9964E-05 9.9964E-05 0.561672 0.109777 0.299553 9.9964E-05
9.9955E-05 0.0865562 0.100155 9.9955E-05 9.9955E-05 0.0700577 9.9955E-05 0.742731 9.9955E-05
9.9955E-05 9.9955E-05 0.278226 0.013118 9.9955E-05 0.203499 9.9955E-05 0.504656 9.9955E-05
9.9946E-05 9.9946E-05 9.9946E-05 0.0233076 9.9946E-05 0.0574298 9.9946E-05 0.918663 9.9946E-05
0.288293 9.9946E-05 9.9946E-05 9.9946E-05 9.9946E-05 0.140953 9.9946E-05 0.570155 9.9946E-05
0.239823 0.0412152 0.401671 9.9964E-05 9.9964E-05 9.9964E-05 0.0552937 0.261597 9.9964E-05
0.0564679 0.0903513 9.9955E-05 9.9955E-05 0.101476 9.9955E-05 9.9955E-05 0.751205 9.9955E-05
9.99731E-05 0.0219712 9.99731E-05 0.72204 0.0164636 9.99731E-05 0.141968 0.0233885 0.0738691
9.9937E-05 9.9937E-05 9.9937E-05 9.9937E-05 9.9937E-05 9.9937E-05 9.9937E-05 0.111341 0.887959
9.9955E-05 9.9955E-05 9.9955E-05 0.145576 9.9955E-05 9.9955E-05 0.00361037 0.090894 0.75942
9.9946E-05 0.141839 9.9946E-05 0.769967 9.9946E-05 0.0875948 9.9946E-05 9.9946E-05 9.9946E-05
0.0593523 0.359296 9.9946E-05 0.580752 9.9946E-05 9.9946E-05 9.9946E-05 9.9946E-05 9.9946E-05
9.99461E-05 0.72695 0.141246 9.99461E-05 9.99461E-05 9.99461E-05 9.99461E-05 9.99461E-05 0.131204
9.99641E-05 0.176031 0.0952501 0.336198 0.272427 9.99641E-05 9.99641E-05 9.99641E-05 0.119694
0.0810593 0.236414 9.9964E-05 0.214062 0.300579 9.9964E-05 9.9964E-05 9.9964E-05 0.167486
9.9946E-05 0.173667 9.9946E-05 0.604393 0.22134 9.9946E-05 9.9946E-05 9.9946E-05 9.9946E-05
9.9964E-05 0.249412 0.0684348 0.51977 0.00371473 9.9964E-05 9.9964E-05 9.9964E-05 0.158269
9.9946E-05 9.9946E-05 9.9946E-05 0.5873 0.312008 9.9946E-05 9.9946E-05 0.100092 9.9946E-05
9.9946E-05 9.9946E-05 9.9946E-05 0.40491 0.527114 9.9946E-05 9.9946E-05 0.0673755 9.9946E-05
0.0195403 9.99549E-05 9.99549E-05 0.549477 0.40863 9.99549E-05 9.99549E-05 0.0218527 9.99549E-05
9.9964E-05 0.0618529 0.025001 0.494413 0.361364 9.9964E-05 9.9964E-05 0.056969 9.9964E-05
0.0205078 0.45727 9.99639E-05 0.150115 0.36149 9.99639E-05 9.99639E-05 0.0102184 9.99639E-05
0.0296533 0.11445 9.9964E-05 0.364207 0.486493 9.9964E-05 9.9964E-05 0.00479682 9.9964E-05
9.9955E-05 9.9955E-05 9.9955E-05 0.578778 0.356866 0.003072 9.9955E-05 0.0607843 9.9955E-05
9.9955E-05 9.9955E-05 9.9955E-05 0.569019 0.354193 9.9955E-05 0.00271943 0.0735691 9.9955E-05
0.0745874 9.995E-05 9.995E-05 0.447177 0.382755 9.995E-05 9.995E-05 9.995E-05 0.0949802
9.9964E-05 0.298243 9.9964E-05 0.348777 0.042319 0.0170809 9.9964E-05 9.9964E-05 0.29318
9.9955E-05 0.0405751 9.9955E-05 0.422792 0.12848 9.9955E-05 9.9955E-05 9.9955E-05 0.407653
9.9955E-05 0.0789366 9.9955E-05 0.32345 9.9955E-05 9.9955E-05 0.0364112 9.9955E-05 0.560702
9.9946E-05 0.0276144 9.9946E-05 0.389234 9.9946E-05 9.9946E-05 9.9946E-05 9.9946E-05 0.582552
9.9937E-05 0.24662 9.9937E-05 0.75268 9.9937E-05 9.9937E-05 9.9937E-05 9.9937E-05 9.9937E-05
9.9955E-05 0.0246583 9.9955E-05 0.853236 9.9955E-05 0.0359072 0.0856992 9.9955E-05 9.9955E-05
9.9964E-05 0.10499 9.9964E-05 0.674219 0.00316115 9.9964E-05 0.198853 9.9964E-05 0.018377
0.001965 0.0526385 9.9955E-05 0.894233 9.9955E-05 0.0506639 9.9955E-05 9.9955E-05 9.9955E-05
9.9964E-05 0.041074 0.0349361 0.894355 9.9964E-05 0.0119548 9.9964E-05 0.0172799 9.9964E-05
9.9946E-05 9.9946E-05 0.0253203 0.84498 0.1291 9.9946E-05 9.9946E-05 9.9946E-05 9.9946E-05
9.9964E-05 9.9964E-05 9.9964E-05 0.764709 0.0625683 0.00841606 0.0521956 9.9964E-05 0.111711
9.99461E-05 9.99461E-05 9.99461E-05 0.831089 9.99461E-05 9.99461E-05 0.00122384 9.99461E-05 0.167087
9.99549E-05 0.106608 9.99549E-05 0.356612 0.312076 9.99549E-05 9.99549E-05 9.99549E-05 0.224204
9.9964E-05 0.0454824 9.9964E-05 0.437854 9.9964E-05 9.9964E-05 0.0698454 0.065018 0.381401
9.9964E-05 0.0743355 0.0116419 0.599006 0.175074 9.9964E-05 9.9964E-05 9.9964E-05 0.139543
9.99641E-05 0.114615 9.99641E-05 0.770147 0.0661894 9.99641E-05 0.0287908 9.99641E-05 0.0198576
9.99551E-05 0.129106 9.99551E-05 0.724949 9.99551E-05 0.0194829 9.99551E-05 9.99551E-05 0.125963
9.9955E-05 9.9955E-05 0.000229631 0.823795 9.9955E-05 9.9955E-05 0.0638954 9.9955E-05 0.111581
9.99459E-05 0.157324 9.99459E-05 0.798105 9.99459E-05 9.99459E-05 9.99459E-05 9.99459E-05 0.0439717
9.9946E-05 9.9946E-05 0.093486 0.243872 9.9946E-05 9.9946E-05 9.9946E-05 9.9946E-05 0.662042
9.9946E-05 9.9946E-05 0.140481 0.277934 9.9946E-05 9.9946E-05 9.9946E-05 9.9946E-05 0.580986
9.9955E-05 9.9955E-05 0.0806793 0.516813 9.9955E-05 9.9955E-05 0.000720236 9.9955E-05 0.401288
9.9946E-05 9.9946E-05 9.9946E-05 0.806163 0.0711732 9.9946E-05 9.9946E-05 9.9946E-05 0.122065
9.997E-05 9.997E-05 0.0369757 0.739235 0.101188 0.0528449 0.0498729 9.997E-05 0.0195831
9.9964E-05 9.9964E-05 0.00833709 0.680866 0.0721124 9.9964E-05 9.9964E-05 0.0497374 0.188547
0.019773 0.032212 9.9964E-05 0.807626 9.9964E-05 9.9964E-05 0.0324082 9.9964E-05 0.107581
0.158591 9.9964E-05 9.9964E-05 0.572474 9.9964E-05 9.9964E-05 0.154084 0.0752221 0.0392287
0.118461 9.9955E-05 0.0597158 0.598253 9.9955E-05 9.9955E-05 9.9955E-05 0.22307 9.9955E-05
9.9955E-05 0.11259 0.00240386 0.721267 9.9955E-05 9.9955E-05 9.9955E-05 9.9955E-05 0.16324
9.9946E-05 0.0842408 9.9946E-05 0.281674 9.9946E-05 9.9946E-05 9.9946E-05 9.9946E-05 0.633486
0.0422585 9.9964E-05 0.069001 0.436457 0.0383355 9.9964E-05 9.9964E-05 9.9964E-05 0.413548
0.0152804 9.9955E-05 9.9955E-05 0.359027 0.0667719 9.9955E-05 9.9955E-05 9.9955E-05 0.558421
9.9937E-05 0.128894 9.9937E-05 9.9937E-05 9.9937E-05 9.9937E-05 9.9937E-05 9.9937E-05 0.870406
9.9946E-05 0.156918 9.9946E-05 0.755617 9.9946E-05 9.9946E-05 9.9946E-05 9.9946E-05 0.086865
9.9964E-05 0.0266286 9.9964E-05 0.272426 0.104035 0.00204927 9.9964E-05 9.9964E-05 0.594462
9.9955E-05 9.9955E-05 9.9955E-05 0.619136 0.051792 0.0210547 9.9955E-05 9.9955E-05 0.307518
9.99549E-05 0.113485 9.99549E-05 0.38497 0.157956 9.99549E-05 9.99549E-05 9.99549E-05 0.343089
9.9955E-05 0.043965 0.0427933 0.480242 9.9955E-05 9.9955E-05 9.9955E-05 9.9955E-05 0.4325
9.9955E-05 0.00458684 0.686348 9.9955E-05 9.9955E-05 9.9955E-05 9.9955E-05 0.189862 0.118704
0.20462 9.9964E-05 0.285077 9.9964E-05 0.0249601 9.9964E-05 9.9964E-05 0.482863 0.00207947
0.330688 0.130783 0.172126 9.9955E-05 9.9955E-05 9.9955E-05 9.9955E-05 0.365903 9.9955E-05
0.130932 0.0450549 0.0183472 9.9973E-05 0.000451387 9.9973E-05 9.9973E-05 0.702441 0.102473
0.158457 0.0459016 0.0248488 0.0623561 9.9973E-05 9.9973E-05 9.9973E-05 0.699291 0.00884562
0.189141 9.9937E-05 9.9937E-05 9.9937E-05 9.9937E-05 9.9937E-05 9.9937E-05 0.81016 9.9937E-05
0.344205 9.9955E-05 0.253548 9.9955E-05 9.9955E-05 9.9955E-05 0.0321861 0.369561 9.9955E-05
0.30003 9.9946E-05 0.474126 9.9946E-05 9.9946E-05 9.9946E-05 9.9946E-05 0.225244 9.9946E-05
9.993E-05 9.993E-05 0.999201 9.993E-05 9.993E-05 9.993E-05 9.993E-05 9.993E-05 9.993E-05
0.231208 9.9946E-05 9.9946E-05 0.101602 9.9946E-05 9.9946E-05 9.9946E-05 0.66659 9.9946E-05
9.99371E-05 9.99371E-05 9.99371E-05 9.99371E-05 9.99371E-05 0.516379 9.99371E-05 0.482922 9.99371E-05
9.99461E-05 9.99461E-05 9.99461E-05 9.99461E-05 9.99461E-05 0.0190082 0.0764703 0.903922 9.99461E-05
0.0228357 9.9964E-05 9.9964E-05 0.0317244 9.9964E-05 0.192509 0.0171496 0.735381 9.9964E-05
