0.212919 9.9982E-05 0.0147177 0.201901 0.0172336 0.377015 9.9982E-05 0.176013
0.0374543 9.9991E-05 0.0723758 0.329794 0.0220537 0.0184984 0.312909 0.206815
0.312999 9.9982E-05 0.0700261 0.0735734 9.9982E-05 0.191418 0.12562 0.226164
9.9982E-05 0.00677776 0.0462277 0.135542 0.0480558 0.0987854 9.9982E-05 0.664412
0.670675 9.9955E-05 9.9955E-05 9.9955E-05 9.9955E-05 0.14085 9.9955E-05 0.187975
0.172394 9.9973E-05 0.0424736 0.0542723 9.9973E-05 0.206947 9.9973E-05 0.523614
9.9964E-05 9.9964E-05 0.139318 0.0133915 0.677139 9.9964E-05 0.169751 9.9964E-05
0.125071 0.0765817 0.0890592 0.0894812 0.537943 0.011429 0.070335 9.9991E-05
9.9964E-05 9.9964E-05 9.9964E-05 0.0385331 0.892547 9.9964E-05 0.0544074 0.0141123
9.9964E-05 9.9964E-05 0.0450961 9.9964E-05 0.867051 0.0444329 0.0430199 9.9964E-05
9.99549E-05 9.99549E-05 9.99549E-05 0.061192 0.741286 9.99549E-05 0.197022 9.99549E-05
0.0314214 0.0116879 9.99729E-05 9.99729E-05 0.462144 0.038756 0.455691 9.99729E-05
0.0364292 0.167773 9.9973E-05 9.9973E-05 0.693867 9.9973E-05 0.0959268 0.00570372
9.99551E-05 0.079623 0.0125262 9.99551E-05 0.907351 9.99551E-05 9.99551E-05 9.99551E-05
9.9955E-05 9.9955E-05 0.115697 9.9955E-05 0.798597 9.9955E-05 0.0852061 9.9955E-05
9.99551E-05 9.99551E-05 9.99551E-05 0.0317875 0.653857 9.99551E-05 0.313856 9.99551E-05
0.375321 9.9964E-05 0.224546 9.9964E-05 9.9964E-05 0.389574 0.0101595 9.9964E-05
0.141528 0.0559913 0.678374 0.0130249 9.9991E-05 0.0561154 0.00582272 0.0490429
9.9964E-05 0.059657 0.251916 9.9964E-05 9.9964E-05 0.567278 9.9964E-05 0.120749
0.168305 0.0834365 0.184591 9.9973E-05 9.9973E-05 0.395446 9.9973E-05 0.167921
0.257908 9.9973E-05 0.564737 9.9973E-05 0.00376724 0.105158 9.9973E-05 0.06813
9.9964E-05 0.0265962 0.458145 9.9964E-05 9.9964E-05 0.339935 9.9964E-05 0.174923
0.186481 9.9964E-05 9.9964E-05 0.079938 9.9964E-05 0.540811 0.19237 9.9964E-05
0.247997 9.9964E-05 9.9964E-05 0.0938356 9.9964E-05 0.641173 0.0165941 9.9964E-05
0.149187 9.99551E-05 9.99551E-05 9.99551E-05 9.99551E-05 0.825669 9.99551E-05 0.0246446
0.0716725 9.9973E-05 0.0666175 0.136093 9.9973E-05 0.420465 9.9973E-05 0.304852
0.422034 0.116407 0.0403972 9.9964E-05 9.9964E-05 0.420761 9.9964E-05 9.9964E-05
0.435378 0.0608408 9.9973E-05 9.9973E-05 0.0230817 0.403561 9.9973E-05 0.0768379
0.336916 9.9964E-05 0.255057 0.295476 0.112151 9.9964E-05 9.9964E-05 9.9964E-05
0.22898 9.9973E-05 0.36223 0.151528 0.154062 9.9973E-05 9.9973E-05 0.1029
9.9955E-05 9.9955E-05 0.329789 9.9955E-05 9.9955E-05 9.9955E-05 0.311226 0.358485
0.309001 0.00787882 0.22137 9.9982E-05 9.9982E-05 0.0035733 0.165077 0.292899
0.181319 9.9964E-05 0.258895 9.9964E-05 9.9964E-05 0.120179 9.9964E-05 0.439207
9.9964E-05 9.9964E-05 9.9964E-05 0.104318 0.014736 0.849573 9.9964E-05 0.0309724
9.9955E-05 9.9955E-05 9.9955E-05 0.0357496 9.9955E-05 0.66525 0.298501 9.9955E-05
0.252881 9.9973E-05 0.191906 9.9973E-05 9.9973E-05 0.459091 0.0396238 0.0561987
9.9973E-05 0.203332 0.0249095 9.9973E-05 9.9973E-05 0.33187 0.237564 0.202025
0.150671 0.059289 0.00305524 9.9982E-05 9.9982E-05 0.704297 0.0537284 0.0287595
9.9973E-05 0.0593056 0.13772 0.167023 9.9973E-05 0.482666 9.9973E-05 0.152986
0.0866683 0.0377524 0.198224 9.9973E-05 9.9973E-05 0.567969 9.9973E-05 0.109086
9.9955E-05 9.9955E-05 9.9955E-05 0.463881 9.9955E-05 0.105934 9.9955E-05 0.429685
0.0541484 0.0918092 9.9973E-05 0.203417 9.9973E-05 0.117175 9.9973E-05 0.53315
9.9964E-05 0.110419 0.086304 9.9964E-05 9.9964E-05 0.101239 9.9964E-05 0.701639
9.9964E-05 0.141263 9.9964E-05 0.456231 9.9964E-05 0.191725 9.9964E-05 0.210381
9.9973E-05 9.9973E-05 0.0254588 0.13156 0.0299288 0.197082 9.9973E-05 0.61567
9.9955E-05 9.9955E-05 0.0713114 9.9955E-05 9.9955E-05 0.284269 9.9955E-05 0.64392
9.9955E-05 0.0571338 0.764126 9.9955E-05 9.9955E-05 0.178241 9.9955E-05 9.9955E-05
9.9964E-05 0.00868259 0.677392 0.174613 9.9964E-05 9.9964E-05 0.138913 9.9964E-05
9.9955E-05 9.9955E-05 0.767554 0.141417 9.9955E-05 9.9955E-05 0.0905296 9.9955E-05
9.9955E-05 9.9955E-05 0.574163 0.418621 0.00671675 9.9955E-05 9.9955E-05 9.9955E-05
0.0132351 9.9973E-05 0.792081 9.9973E-05 0.0516814 0.0558943 9.9973E-05 0.0868083
0.0140126 9.9973E-05 0.227246 0.27518 0.096754 0.386508 9.9973E-05 9.9973E-05
0.114061 0.0472457 0.530752 9.9964E-05 9.9964E-05 0.307542 9.9964E-05 9.9964E-05
9.9964E-05 0.0203837 0.175703 0.255277 9.9964E-05 0.548237 9.9964E-05 9.9964E-05
9.99639E-05 0.00264577 0.18598 0.274341 9.99639E-05 0.536634 9.99639E-05 9.99639E-05
0.176389 0.0730909 0.13235 9.9973E-05 9.9973E-05 0.443771 9.9973E-05 0.174098
9.9973E-05 0.223531 9.9973E-05 0.108913 0.351822 0.18201 0.133424 9.9973E-05
0.0475121 0.197575 9.9964E-05 9.9964E-05 0.594236 0.160277 9.9964E-05 9.9964E-05
0.0713118 0.883162 9.9964E-05 9.9964E-05 0.0344032 0.0107228 9.9964E-05 9.9964E-05
9.9973E-05 0.447334 0.115663 0.101056 0.256126 9.9973E-05 0.0795212 9.9973E-05
9.9964E-05 0.638721 9.9964E-05 0.0239676 0.122576 9.9964E-05 0.214335 9.9964E-05
9.996E-05 0.68902 0.180406 0.00604276 9.996E-05 9.996E-05 0.124131 9.996E-05
9.99549E-05 9.99549E-05 0.102158 9.99549E-05 0.0648638 9.99549E-05 0.832478 9.99549E-05
0.00835531 0.1977 9.99639E-05 9.99639E-05 9.99639E-05 0.0779438 0.715601 9.99639E-05
9.99639E-05 0.0580228 9.99639E-05 9.99639E-05 0.58391 9.99639E-05 0.291717 0.0659499
9.9964E-05 0.0141189 0.016451 9.9964E-05 0.959517 0.00951349 9.9964E-05 9.9964E-05
9.9964E-05 0.186421 9.9964E-05 9.9964E-05 0.415365 0.179262 0.218552 9.9964E-05
9.99551E-05 0.366075 9.99551E-05 9.99551E-05 0.543798 0.0896278 9.99551E-05 9.99551E-05
9.9964E-05 0.19214 9.9964E-05 9.9964E-05 0.192072 0.128636 0.486752 9.9964E-05
9.9964E-05 0.320954 9.9964E-05 9.9964E-05 0.307068 0.118354 0.253224 9.9964E-05
9.9964E-05 0.148895 9.9964E-05 9.9964E-05 0.112618 0.14279 0.595297 9.9964E-05
0.0428924 0.404038 9.9973E-05 9.9973E-05 0.280738 0.0957511 0.176281 9.9973E-05
9.99639E-05 0.171688 9.99639E-05 9.99639E-05 0.111277 0.05055 0.666084 9.99639E-05
9.9964E-05 0.701069 0.125115 9.9964E-05 0.0275173 9.9964E-05 0.145899 9.9964E-05
0.0149118 0.581974 0.0601567 9.9973E-05 0.247086 0.0955721 9.9973E-05 9.9973E-05
9.9955E-05 0.752717 0.12576 9.9955E-05 9.9955E-05 9.9955E-05 0.121023 9.9955E-05
9.996E-05 0.602959 9.996E-05 9.996E-05 0.0320955 9.996E-05 0.316612 0.0479336
9.9946E-05 0.957212 9.9946E-05 9.9946E-05 9.9946E-05 9.9946E-05 9.9946E-05 0.0421887
9.9973E-05 0.543712 9.9973E-05 0.0510858 0.35837 0.014748 0.0317844 9.9973E-05
9.99639E-05 0.23039 0.0789566 9.99639E-05 0.204155 9.99639E-05 0.486099 9.99639E-05
9.9973E-05 0.634593 0.0929778 9.9973E-05 0.199899 9.9973E-05 0.0146006 0.0576301
0.897261 0.0311804 0.0430163 9.99641E-05 9.99641E-05 0.028142 9.99641E-05 9.99641E-05
0.0524919 0.104662 9.9955E-05 0.842346 9.9955E-05 9.9955E-05 9.9955E-05 9.9955E-05
0.168446 0.112435 9.9955E-05 0.718619 9.9955E-05 9.9955E-05 9.9955E-05 9.9955E-05
0.826742 9.9964E-05 0.0784542 9.9964E-05 0.0812325 9.9964E-05 9.9964E-05 0.0131711
0.493042 9.9973E-05 0.229986 0.171776 0.0524487 9.9973E-05 9.9973E-05 0.0524484
9.99641E-05 9.99641E-05 0.284031 0.352157 9.99641E-05 9.99641E-05 0.349221 0.014191
0.0383914 9.99731E-05 9.99731E-05 0.219573 0.0264967 9.99731E-05 0.145857 0.569381
9.9973E-05 9.9973E-05 0.048908 0.357045 0.0681199 9.9973E-05 0.0384358 0.487191
0.425317 9.9973E-05 0.019676 0.0178269 9.9973E-05 9.9973E-05 0.0466946 0.490186
0.311942 9.9964E-05 9.9964E-05 0.316926 9.9964E-05 9.9964E-05 0.159213 0.211519
0.227125 0.045906 9.9955E-05 9.9955E-05 9.9955E-05 9.9955E-05 9.9955E-05 0.726469
0.126047 0.024151 9.9955E-05 9.9955E-05 9.9955E-05 9.9955E-05 9.9955E-05 0.849302
0.411049 9.99639E-05 9.99639E-05 9.99639E-05 0.0321914 0.0597427 9.99639E-05 0.496617
0.23986 0.018571 9.9973E-05 0.054594 9.9973E-05 9.9973E-05 0.0669409 0.619734
9.99549E-05 9.99549E-05 0.271915 9.99549E-05 9.99549E-05 9.99549E-05 0.061972 0.665613
0.155816 9.9973E-05 0.106111 9.9973E-05 9.9973E-05 0.0852553 0.0111467 0.64137
0.292521 0.0576067 9.9955E-05 9.9955E-05 9.9955E-05 9.9955E-05 9.9955E-05 0.649372
0.378186 0.0271379 9.9973E-05 9.9973E-05 9.9973E-05 0.0825937 0.024963 0.48682
0.213144 9.9973E-05 9.9973E-05 0.158137 0.0309141 0.0972046 9.9973E-05 0.5003
0.263142 9.9973E-05 0.175658 0.418663 0.054221 9.9973E-05 9.9973E-05 0.0880163
0.52076 9.9964E-05 0.0644559 0.364365 9.9964E-05 9.9964E-05 9.9964E-05 0.0500197
0.365091 9.9964E-05 0.0318785 0.562329 9.9964E-05 0.0403015 9.9964E-05 9.9964E-05
0.371579 9.9955E-05 9.9955E-05 0.565961 9.9955E-05 9.9955E-05 9.9955E-05 0.0619603
0.780193 9.9955E-05 0.151435 9.9955E-05 9.9955E-05 9.9955E-05 0.0678729 9.9955E-05
0.872778 9.9955E-05 0.0850755 9.9955E-05 9.9955E-05 0.0416471 9.9955E-05 9.9955E-05
0.680111 9.9964E-05 0.14479 0.0312265 9.9964E-05 0.143472 9.9964E-05 9.9964E-05
0.89419 9.9955E-05 0.103034 0.00227696 9.9955E-05 9.9955E-05 9.9955E-05 9.9955E-05
0.892784 0.00263344 0.0213385 9.9991E-05 0.0372401 0.000441973 0.0192556 0.026206
0.801798 9.9982E-05 9.9982E-05 0.0393154 0.0276354 0.00582951 0.00638218 0.11884
0.792081 9.9955E-05 9.9955E-05 9.9955E-05 9.9955E-05 0.144235 9.9955E-05 0.0631844
0.911946 9.9955E-05 9.9955E-05 0.0742078 9.9955E-05 0.0133463 9.9955E-05 9.9955E-05
0.333633 9.9973E-05 0.108042 0.287328 9.9973E-05 0.0229326 9.9973E-05 0.247764
0.473362 0.0632603 0.131471 0.281713 9.997E-05 9.997E-05 9.997E-05 0.049893
0.600181 9.9982E-05 0.05667 0.151247 9.9982E-05 0.0565381 0.0114296 0.123735
0.731543 9.9982E-05 0.0699765 0.0353401 9.9982E-05 0.00211555 0.0525469 0.108278
0.676236 9.99641E-05 0.0449314 0.177011 9.99641E-05 9.99641E-05 9.99641E-05 0.101422
0.802685 9.9964E-05 9.9964E-05 0.159259 9.9964E-05 0.0275125 0.0101435 9.9964E-05
0.690871 9.9973E-05 0.0582444 0.0807093 9.9973E-05 9.9973E-05 0.0084306 0.161444
0.268759 9.9964E-05 9.9964E-05 0.553718 9.9964E-05 0.0886629 0.0884601 9.9964E-05
0.32437 9.9955E-05 9.9955E-05 0.58791 9.9955E-05 9.9955E-05 0.0872206 9.9955E-05
0.608639 9.99551E-05 9.99551E-05 0.287544 9.99551E-05 9.99551E-05 0.103317 9.99551E-05
0.826897 9.9955E-05 9.9955E-05 0.0282598 9.9955E-05 9.9955E-05 9.9955E-05 0.144343
0.696526 0.0378983 9.9991E-05 0.0643755 0.0438767 0.000409358 0.0142747 0.14254
0.725323 0.000624439 9.9982E-05 0.038022 9.9982E-05 0.0930068 0.0109595 0.131865
0.841284 9.9973E-05 0.025078 0.0670373 9.9973E-05 9.9973E-05 0.0374733 0.0288274
0.62261 0.0954019 9.9964E-05 9.9964E-05 0.13816 0.143428 9.9964E-05 9.9964E-05
0.57158 0.287665 9.9964E-05 0.0376215 9.9964E-05 9.9964E-05 0.102733 9.9964E-05
0.724131 9.9955E-05 0.0928385 0.182531 9.9955E-05 9.9955E-05 9.9955E-05 9.9955E-05
0.216781 9.9973E-05 0.0499674 0.699164 0.0297015 9.9973E-05 0.00408628 9.9973E-05
0.436748 9.9982E-05 9.9982E-05 0.367721 0.00395737 0.0394682 0.0788444 0.0730615
0.323579 9.9973E-05 9.9973E-05 0.588414 0.00685828 0.0320957 9.9973E-05 0.0487533
0.0212623 9.9955E-05 0.0503319 0.927906 9.9955E-05 9.9955E-05 9.9955E-05 9.9955E-05
0.750174 9.9955E-05 0.102758 0.146568 9.9955E-05 9.9955E-05 9.9955E-05 9.9955E-05
0.26184 9.9964E-05 9.9964E-05 0.616608 0.037756 9.9964E-05 9.9964E-05 0.0833961
0.617428 9.9964E-05 9.9964E-05 0.258006 0.0248334 9.9964E-05 9.9964E-05 0.0993325
0.458133 9.9964E-05 0.0937828 0.338376 9.9964E-05 9.9964E-05 9.9964E-05 0.109308
0.483285 9.9964E-05 0.00177708 0.447799 9.9964E-05 9.9964E-05 0.0667398 9.9964E-05
9.9964E-05 0.172169 0.0214651 0.068905 9.9964E-05 9.9964E-05 0.737061 9.9964E-05
0.00914222 0.391991 9.9973E-05 0.0188866 0.258746 9.9973E-05 0.320934 9.9973E-05
9.9973E-05 0.279142 0.114357 0.00766193 0.307138 9.9973E-05 0.291401 9.9973E-05
9.9982E-05 0.692462 0.0298282 0.139668 0.0546926 9.9982E-05 0.0760518 0.00709749
0.093508 0.59193 9.9982E-05 0.00342769 0.22499 9.9982E-05 0.0813818 0.00456303
0.00272375 0.751575 0.010899 9.9973E-05 0.143284 9.9973E-05 0.091218 9.9973E-05
9.9973E-05 0.336743 9.9973E-05 0.024493 0.307357 0.0216381 0.309469 9.9973E-05
9.99549E-05 0.218754 9.99549E-05 9.99549E-05 0.167804 9.99549E-05 0.612943 9.99549E-05
9.994E-05 9.994E-05 9.994E-05 9.994E-05 9.994E-05 9.994E-05 0.9993 9.994E-05
0.0765263 0.657143 9.9964E-05 9.9964E-05 0.109659 9.9964E-05 0.156272 9.9964E-05
9.99551E-05 0.857463 9.99551E-05 9.99551E-05 0.0298299 0.112207 9.99551E-05 9.99551E-05
9.99461E-05 0.944669 9.99461E-05 9.99461E-05 9.99461E-05 0.0547318 9.99461E-05 9.99461E-05
0.0050261 0.840173 9.99641E-05 9.99641E-05 0.0877055 9.99641E-05 9.99641E-05 0.0666953
