0.232523 0.229052 0.440334 0.0979908 9.9991E-05
0.1823 0.275318 0.081363 0.460919 9.9991E-05
0.440243 0.133776 0.273548 0.152333 9.9991E-05
0.596319 0.0142382 0.292331 0.0970117 9.9991E-05
0.508757 0.31426 0.144852 9.9991E-05 0.0320311
0.562463 0.0389373 0.3984 9.9982E-05 9.9982E-05
9.9973E-05 9.9973E-05 9.9973E-05 0.592536 0.407164
9.999E-05 0.192965 0.00753259 0.283629 0.515774
9.9973E-05 9.9973E-05 9.9973E-05 0.382305 0.617395
9.9973E-05 9.9973E-05 9.9973E-05 0.426064 0.573636
9.99729E-05 9.99729E-05 9.99729E-05 0.527403 0.472297
9.9982E-05 0.0241489 9.9982E-05 0.514097 0.461554
9.9973E-05 9.9973E-05 9.9973E-05 0.274264 0.725436
9.9982E-05 0.0603006 9.9982E-05 0.155204 0.784295
9.9973E-05 9.9973E-05 9.9973E-05 0.447575 0.552125
9.9973E-05 9.9973E-05 9.9973E-05 0.539092 0.460608
0.0829663 0.303606 0.573087 0.00940043 0.03094
9.999E-05 0.107435 0.508747 0.31621 0.0675071
0.127844 9.9991E-05 0.705564 0.0676056 0.0988861
0.284928 0.0148199 0.590868 9.9991E-05 0.109284
0.282872 0.00175002 0.518758 0.19652 9.9991E-05
0.135177 9.9991E-05 0.711687 0.136023 0.0170129
0.217402 0.0838131 0.461462 0.237223 9.9991E-05
0.0751149 0.344896 0.499417 9.9991E-05 0.0804725
0.20952 0.0579651 0.69537 9.9991E-05 0.0370448
0.193687 0.158225 0.647888 9.9982E-05 9.9982E-05
0.0758599 0.231323 0.54632 9.9991E-05 0.146397
0.299807 0.166147 0.432765 9.9991E-05 0.101181
0.0222314 0.574446 0.209066 0.163316 0.030941
0.190129 0.218067 0.249296 0.305023 0.0374854
0.295426 9.9982E-05 0.185132 0.519242 9.9982E-05
0.497082 0.0547679 0.1892 0.254357 0.00459295
0.455944 0.023809 0.372658 0.147489 9.9991E-05
0.116023 9.9991E-05 0.794627 0.0410104 0.0482399
9.9973E-05 9.9973E-05 0.630064 0.369636 9.9973E-05
0.237518 0.0537498 0.605684 0.0769378 0.0261111
0.166304 9.9991E-05 0.333891 0.214067 0.285638
0.209132 0.0392611 0.608956 0.00737961 0.135272
0.0882921 0.00587126 0.705756 0.15925 0.0408304
0.189501 9.9982E-05 0.756255 9.9982E-05 0.0540441
0.225503 0.259817 0.366027 0.148553 9.9991E-05
0.388189 0.266824 0.283973 9.9991E-05 0.060914
0.56529 9.9991E-05 0.270082 0.0841571 0.0803717
0.278147 0.409614 0.102386 0.0299973 0.179857
0.447441 0.0383113 0.464476 0.0496718 9.9991E-05
0.491409 9.9982E-05 0.447686 0.0607046 9.9982E-05
9.9982E-05 9.9982E-05 0.632592 0.33737 0.0298379
0.0219928 0.122008 0.254072 0.601827 9.9991E-05
9.9982E-05 0.122416 0.221079 0.656304 9.9982E-05
9.9982E-05 0.305801 0.284323 0.409676 9.9982E-05
0.0864981 9.9982E-05 0.508515 0.404787 9.9982E-05
9.9991E-05 0.260313 0.513561 0.146381 0.0796452
9.9991E-05 0.0794629 0.731291 0.116357 0.0727896
9.9991E-05 0.167245 0.786271 0.0270506 0.0193337
9.9991E-05 0.177836 0.740014 0.0486298 0.0334198
0.238699 9.9982E-05 0.677367 9.9982E-05 0.0837338
9.9991E-05 0.0972989 0.164391 0.226204 0.512006
9.9991E-05 0.037906 0.11499 0.142943 0.704061
0.0352251 0.0484969 9.9982E-05 9.9982E-05 0.916078
9.9982E-05 9.9982E-05 0.0835931 0.250803 0.665404
9.9973E-05 9.9973E-05 9.9973E-05 0.177104 0.822596
9.9991E-05 0.0197641 0.0706345 0.185052 0.724449
9.99729E-05 9.99729E-05 9.99729E-05 0.854699 0.145002
0.0490402 9.9991E-05 0.0151446 0.552158 0.383557
0.00851487 9.9982E-05 9.9982E-05 0.441822 0.549463
9.9973E-05 9.9973E-05 9.9973E-05 0.28708 0.71262
9.9982E-05 9.9982E-05 0.154876 0.267779 0.577145
0.00767788 9.9991E-05 0.0820946 0.0276106 0.882517
9.9982E-05 9.9982E-05 0.0226817 0.45069 0.526429
9.9991E-05 0.0140871 0.0295006 0.284382 0.67193
0.0319485 9.9991E-05 0.0654931 0.48329 0.419168
9.9982E-05 9.9982E-05 0.072205 0.196472 0.731123
0.0102378 9.9982E-05 9.9982E-05 0.555019 0.434543
0.0226882 0.0125271 0.0318289 0.11961 0.813346
0.00935996 9.9982E-05 0.197982 9.9982E-05 0.792458
0.0523325 9.9991E-05 0.0239156 0.119337 0.804315
0.0868278 9.9982E-05 9.9982E-05 0.199836 0.713136
0.0371196 9.9973E-05 9.9973E-05 9.9973E-05 0.96258
9.9973E-05 9.9973E-05 9.9973E-05 0.145562 0.854139
9.99729E-05 9.99729E-05 9.99729E-05 0.508339 0.491361
0.0932878 9.9982E-05 9.9982E-05 0.149044 0.757468
0.300081 0.585609 0.0862329 9.9991E-05 0.0279763
9.9991E-05 0.832016 0.0553602 0.0660949 0.046429
9.9982E-05 0.867277 9.9982E-05 0.0450021 0.0875212
0.382263 0.524628 9.9982E-05 9.9982E-05 0.0929099
0.207369 0.566839 0.0503787 0.160316 0.0150968
9.99731E-05 0.296163 9.99731E-05 0.703537 9.99731E-05
0.574365 0.147401 9.9982E-05 0.278034 9.9982E-05
0.600588 0.0724004 9.9982E-05 0.326812 9.9982E-05
0.747257 0.193161 9.9982E-05 0.0593827 9.9982E-05
0.35474 0.469224 9.9982E-05 0.175836 9.9982E-05
0.995905 9.9973E-05 9.9973E-05 9.9973E-05 0.00379468
0.919874 9.9973E-05 0.0798262 9.9973E-05 9.9973E-05
0.744219 0.0785609 0.17702 9.9982E-05 9.9982E-05
0.795186 0.0556276 0.0647792 0.0729648 0.0114428
0.664322 9.9973E-05 9.9973E-05 0.335378 9.9973E-05
0.753449 9.9982E-05 0.125178 0.121173 9.9982E-05
0.865331 0.0933186 9.9982E-05 9.9982E-05 0.04115
0.91853 9.9982E-05 0.0532776 9.9982E-05 0.0279924
0.635541 0.202291 0.127279 0.034789 9.9991E-05
0.0651865 0.654475 0.195414 0.0848246 9.9991E-05
0.159069 0.723956 0.116775 9.9982E-05 9.9982E-05
9.9973E-05 0.848046 0.151654 9.9973E-05 9.9973E-05
9.9982E-05 0.862623 0.0530781 0.0840988 9.9982E-05
0.290692 0.604759 9.9991E-05 0.0924404 0.0120089
0.288407 0.576717 0.110503 9.9991E-05 0.0242735
0.134596 0.5762 0.289004 9.9982E-05 9.9982E-05
0.285124 0.659488 9.9982E-05 9.9982E-05 0.0551882
0.352902 0.579827 9.9982E-05 9.9982E-05 0.0670715
0.423276 0.576424 9.9973E-05 9.9973E-05 9.9973E-05
0.300469 0.617077 0.0387994 9.9991E-05 0.0435549
0.284533 0.715167 9.9973E-05 9.9973E-05 9.9973E-05
0.256689 0.509167 0.187381 0.0466635 9.9991E-05
0.22438 0.678996 0.0238746 9.9991E-05 0.0726495
0.336635 0.529582 0.0760226 0.0576609 9.9991E-05
0.406783 0.557045 0.0219594 0.0141133 9.9991E-05
0.29944 0.68826 9.9982E-05 9.9982E-05 0.0121003
0.188793 0.746012 0.0360885 9.9991E-05 0.0290061
0.420848 0.573935 9.9982E-05 0.00501732 9.9982E-05
9.9973E-05 0.840128 9.9973E-05 0.159572 9.9973E-05
0.107598 0.740445 9.9982E-05 0.151757 9.9982E-05
0.109744 0.777931 0.0316314 0.0659017 0.0147919
0.358379 0.641321 9.9973E-05 9.9973E-05 9.9973E-05
0.339226 0.508884 0.0848043 9.9991E-05 0.066986
0.36691 0.577122 9.9982E-05 9.9982E-05 0.0557675
0.282879 0.679229 9.9982E-05 9.9982E-05 0.0376925
0.103385 0.561522 0.0337178 9.9991E-05 0.301275
0.169952 0.412358 9.9982E-05 9.9982E-05 0.41749
0.19597 0.776543 9.9982E-05 0.0272867 9.9982E-05
9.9982E-05 0.869816 0.00545518 0.124529 9.9982E-05
0.200473 0.636903 9.9982E-05 0.162424 9.9982E-05
0.168747 0.737255 9.9982E-05 0.0937975 9.9982E-05
9.9982E-05 0.80735 0.00112881 0.191322 9.9982E-05
0.225148 0.753992 9.9982E-05 9.9982E-05 0.0206603
0.067014 0.84883 9.9982E-05 0.0839559 9.9982E-05
0.232838 0.740457 0.0265054 9.9982E-05 9.9982E-05
0.171988 0.632957 0.121868 0.0730864 9.9991E-05
9.9982E-05 0.935645 9.9982E-05 0.0449925 0.0191628
9.9982E-05 0.0208653 9.9982E-05 0.641405 0.33753
0.017585 9.9982E-05 9.9982E-05 0.339968 0.642248
9.9973E-05 9.9973E-05 9.9973E-05 0.455987 0.543713
0.0165859 0.0905761 9.9991E-05 0.16926 0.723478
0.151749 0.0148577 9.9991E-05 0.0557592 0.777534
9.9973E-05 9.9973E-05 9.9973E-05 0.0767304 0.92297
0.0108703 9.9982E-05 9.9982E-05 0.360575 0.628355
9.99729E-05 9.99729E-05 9.99729E-05 0.506256 0.493444
9.99731E-05 9.99731E-05 9.99731E-05 0.913061 0.0866392
9.9982E-05 0.075549 9.9982E-05 0.112187 0.812064
9.997E-05 9.997E-05 9.997E-05 9.997E-05 0.9996
9.9973E-05 9.9973E-05 0.0338057 9.9973E-05 0.965894
0.0522512 9.9973E-05 9.9973E-05 9.9973E-05 0.947449
