9.9991E-05 0.298767 0.143371 0.496487 0.0551053 0.00617004
9.999E-05 0.356763 0.0639575 0.0945847 0.30916 0.175435
9.999E-05 0.216501 0.369613 0.255803 0.0982659 0.0597176
9.9982E-05 0.00347469 0.480516 0.366064 9.9982E-05 0.149746
9.9973E-05 0.31264 0.504898 0.182162 9.9973E-05 9.9973E-05
9.9982E-05 0.0444805 0.522857 0.374734 9.9982E-05 0.0577279
0.038909 9.9973E-05 9.9973E-05 9.9973E-05 0.891812 0.0689795
0.207634 0.197289 9.9973E-05 9.9973E-05 0.594777 9.9973E-05
0.255385 9.9982E-05 0.023583 0.00622075 0.714611 9.9982E-05
0.242891 9.9973E-05 9.9973E-05 0.0200112 0.736798 9.9973E-05
0.0973007 0.0543857 9.9982E-05 0.00320762 0.844906 9.9982E-05
0.0727311 0.0263692 0.0250377 0.00615755 0.869604 9.9991E-05
0.433103 9.9964E-05 9.9964E-05 9.9964E-05 0.566497 9.9964E-05
0.416971 9.9973E-05 9.9973E-05 0.0211783 0.561551 9.9973E-05
0.234192 9.9982E-05 9.9982E-05 0.0154835 0.737055 0.013069
0.0903964 0.0549933 9.99731E-05 9.99731E-05 0.85431 9.99731E-05
0.0537858 0.203521 0.153213 0.466972 9.9991E-05 0.122408
0.115296 0.0374723 9.9982E-05 0.251496 9.9982E-05 0.595536
0.0834756 9.9982E-05 0.136719 0.603942 9.9982E-05 0.175663
0.120593 9.9982E-05 0.224349 0.578254 9.9982E-05 0.0766046
0.0714535 0.0536507 0.208477 0.283856 9.9991E-05 0.382464
0.0664856 9.9982E-05 0.0462575 0.596813 9.9982E-05 0.290244
9.9973E-05 0.252541 9.9973E-05 0.504089 0.243069 9.9973E-05
0.0538349 0.305311 0.00785919 0.632795 9.9982E-05 9.9982E-05
0.0143156 0.0341168 0.079871 0.871497 9.9982E-05 9.9982E-05
9.9982E-05 0.152345 0.0858198 0.728671 9.9982E-05 0.032964
0.137355 0.250163 0.0870094 0.525272 9.9982E-05 9.9982E-05
0.0958724 0.173468 0.284936 0.445523 9.9982E-05 9.9982E-05
0.0527371 0.544083 0.0180726 0.110061 0.0688483 0.206198
0.112256 0.311612 0.0231942 0.12566 0.0129886 0.414288
9.9982E-05 9.9982E-05 0.313695 0.0881592 0.144353 0.453594
9.999E-05 0.0272557 0.577261 0.103168 0.102026 0.190189
9.9982E-05 0.0192686 0.425581 0.321559 9.9982E-05 0.233391
9.9982E-05 0.045437 0.0231209 0.858495 0.0727467 9.9982E-05
9.9964E-05 9.9964E-05 9.9964E-05 0.671087 0.328513 9.9964E-05
0.00629507 0.106599 0.191632 0.515101 0.0737921 0.10658
0.236999 9.9991E-05 0.158444 0.347321 0.17109 0.0860456
0.0581335 0.0354189 0.127027 0.662227 0.117093 9.9991E-05
0.0168739 0.063002 9.9991E-05 0.655838 0.11602 0.148166
0.0497978 0.00588406 0.14467 0.697396 0.0153718 0.0868805
9.9982E-05 0.213602 0.214778 0.402208 9.9982E-05 0.169212
0.0594543 0.231876 0.319755 0.307159 9.9991E-05 0.0816558
0.113314 9.9982E-05 0.468965 0.239727 9.9982E-05 0.177794
0.090471 0.433552 0.196761 0.221056 0.05806 9.9991E-05
9.9991E-05 0.202646 0.271918 0.483214 0.00840532 0.0337167
9.9973E-05 9.9973E-05 0.305905 0.544342 9.9973E-05 0.149454
0.15104 9.9973E-05 9.9973E-05 0.330357 9.9973E-05 0.518303
0.0630837 9.9991E-05 0.0991974 0.0299658 0.0267947 0.780858
9.996E-05 9.996E-05 9.996E-05 9.996E-05 9.996E-05 0.9995
9.9973E-05 0.196762 9.9973E-05 0.110662 9.9973E-05 0.692276
0.0882581 9.99729E-05 9.99729E-05 0.246396 9.99729E-05 0.665046
9.9982E-05 0.210564 9.9982E-05 0.515855 0.167047 0.106334
0.106442 9.9973E-05 9.9973E-05 0.495444 9.9973E-05 0.397814
0.0192845 0.0958121 9.9982E-05 0.722275 9.9982E-05 0.162428
9.9982E-05 0.166499 9.9982E-05 0.696239 0.03653 0.100532
0.0836081 9.9973E-05 0.238567 0.677525 9.9973E-05 9.9973E-05
0.281829 0.0474172 9.9982E-05 0.242241 0.428313 9.9982E-05
0.460833 9.9973E-05 9.9973E-05 0.134533 0.404334 9.9973E-05
0.896898 0.0784932 0.00326268 0.00819901 0.0130475 9.9991E-05
0.491262 0.089434 9.9982E-05 0.0614022 0.357702 9.9982E-05
0.539806 9.9973E-05 0.0174403 9.9973E-05 0.442454 9.9973E-05
0.664434 9.9982E-05 9.9982E-05 0.0120065 0.162321 0.161039
9.99639E-05 9.99639E-05 9.99639E-05 9.99639E-05 0.792684 0.206916
0.0943667 9.9982E-05 0.156204 0.0174297 0.7318 9.9982E-05
0.239328 9.9973E-05 0.0660627 9.9973E-05 0.694309 9.9973E-05
0.446372 9.9973E-05 9.9973E-05 0.00715389 0.546174 9.9973E-05
0.294114 9.9973E-05 9.9973E-05 0.159957 0.545629 9.9973E-05
0.68231 9.99731E-05 9.99731E-05 0.128798 0.188592 9.99731E-05
0.188869 9.9973E-05 9.9973E-05 0.101397 0.709434 9.9973E-05
0.447222 9.9973E-05 9.9973E-05 0.0614797 0.490999 9.9973E-05
0.0466096 9.9982E-05 0.0868729 0.101895 0.764423 9.9982E-05
0.459535 0.0315535 0.0274596 0.0775193 0.403833 9.9991E-05
0.0574756 0.030787 0.0183541 9.9982E-05 0.893183 9.9982E-05
0.695275 9.9982E-05 0.0244515 9.9982E-05 0.208035 0.0720392
0.742576 9.9982E-05 9.9982E-05 0.152858 0.0798016 0.0245642
0.7947 9.9991E-05 0.0251396 0.00590252 0.012892 0.161266
0.554937 9.9973E-05 0.142389 9.9973E-05 0.302373 9.9973E-05
0.974029 9.9964E-05 0.0255714 9.9964E-05 9.9964E-05 9.9964E-05
0.70291 9.9982E-05 9.9982E-05 0.00467269 0.274579 0.0176382
0.159467 9.9982E-05 9.9982E-05 0.00457469 0.758621 0.0771368
0.724789 9.9982E-05 0.0358039 9.9982E-05 0.154507 0.0847008
0.0845745 0.589677 0.22185 0.103699 9.9982E-05 9.9982E-05
9.9982E-05 0.833158 9.9982E-05 0.0812795 0.0838334 0.00152882
0.0756204 0.830953 9.9982E-05 0.0307045 0.0625218 9.9982E-05
0.100565 0.555282 0.328394 9.9982E-05 9.9982E-05 0.0155594
0.0624729 0.590443 0.125623 9.9982E-05 9.9982E-05 0.221261
9.99731E-05 0.175162 9.99731E-05 9.99731E-05 0.0694446 0.755094
9.9982E-05 0.174496 0.49433 9.9982E-05 0.068792 0.262183
9.9991E-05 0.17629 0.460725 0.0224244 0.134986 0.205475
9.9973E-05 0.126007 0.720974 9.9973E-05 9.9973E-05 0.15272
9.9973E-05 0.389338 0.352307 9.9973E-05 9.9973E-05 0.258056
9.996E-05 9.996E-05 0.9995 9.996E-05 9.996E-05 9.996E-05
0.00401794 9.9973E-05 0.854434 0.141249 9.9973E-05 9.9973E-05
9.9973E-05 0.148251 0.64388 0.207569 9.9973E-05 9.9973E-05
9.9982E-05 9.9982E-05 0.80378 0.11567 0.0333929 0.046957
9.99639E-05 9.99639E-05 0.580997 9.99639E-05 9.99639E-05 0.418603
9.9973E-05 9.9973E-05 0.705209 0.140254 9.9973E-05 0.154237
0.0376412 0.0626351 0.844187 0.0516691 9.9991E-05 0.00376782
9.9973E-05 0.0304339 0.865044 0.104222 9.9973E-05 9.9973E-05
9.9982E-05 0.26184 0.523843 0.185617 0.0284998 9.9982E-05
9.9982E-05 0.605979 0.0134291 0.129661 9.9982E-05 0.250731
9.9982E-05 0.790376 0.0648456 0.0863775 9.9982E-05 0.0582007
9.9973E-05 0.808423 9.9973E-05 0.132547 9.9973E-05 0.0587305
9.9982E-05 0.802281 0.0878502 0.0258023 9.9982E-05 0.0838669
0.0143808 0.525576 0.302076 9.9991E-05 0.0105306 0.147336
0.0318494 0.64586 0.217258 0.104833 9.9982E-05 9.9982E-05
0.0478386 0.647237 9.9982E-05 0.278892 9.9982E-05 0.0258322
0.059078 0.681295 0.259327 9.9973E-05 9.9973E-05 9.9973E-05
0.0721077 0.59956 0.328032 9.9973E-05 9.9973E-05 9.9973E-05
9.9964E-05 0.539918 0.459682 9.9964E-05 9.9964E-05 9.9964E-05
0.0166314 0.592337 0.245109 0.145723 9.9982E-05 9.9982E-05
0.00952238 0.74441 0.238604 0.00726405 9.9982E-05 9.9982E-05
9.9982E-05 0.480067 0.199451 0.171085 9.9982E-05 0.149197
0.0479592 0.55387 0.239889 0.0210087 9.9991E-05 0.137173
9.9991E-05 0.56463 0.266718 0.0874755 0.00783879 0.0732367
0.0484312 0.552317 0.377683 9.9982E-05 9.9982E-05 0.0213696
0.0294115 0.672917 0.228397 9.9982E-05 9.9982E-05 0.0690745
0.0136841 0.773218 0.156672 0.0562256 9.9982E-05 9.9982E-05
9.9973E-05 0.547109 0.400051 9.9973E-05 9.9973E-05 0.0525393
9.9973E-05 0.838401 9.9973E-05 0.0730398 0.0882588 9.9973E-05
9.9982E-05 0.737507 0.145368 9.9982E-05 0.0508467 0.066078
9.9982E-05 0.784512 0.156595 9.9982E-05 0.0528839 0.005809
9.9964E-05 0.57313 0.42647 9.9964E-05 9.9964E-05 9.9964E-05
0.076966 0.477416 0.417272 0.0281459 9.9982E-05 9.9982E-05
0.03883 0.616454 0.30812 0.0363961 9.9982E-05 9.9982E-05
0.0290085 0.646704 0.323987 9.9973E-05 9.9973E-05 9.9973E-05
0.270605 0.536489 0.0836257 0.10908 9.9982E-05 9.9982E-05
0.328681 0.471548 0.172667 9.9982E-05 0.0269036 9.9982E-05
9.9973E-05 0.698745 0.2281 9.9973E-05 9.9973E-05 0.0728549
9.9964E-05 0.846757 9.9964E-05 9.9964E-05 9.9964E-05 0.152844
9.9973E-05 0.695979 0.170499 9.9973E-05 0.133222 9.9973E-05
9.9982E-05 0.862107 0.050256 0.0226321 0.064805 9.9982E-05
9.9973E-05 0.796057 9.9973E-05 0.0324672 9.9973E-05 0.171176
0.0424578 0.767896 0.172223 9.9982E-05 9.9982E-05 0.0172231
9.9991E-05 0.801931 0.0845668 0.0465409 0.0247177 0.042144
0.0054505 0.714444 0.220977 0.0589284 9.9982E-05 9.9982E-05
9.9982E-05 0.601884 0.15738 0.115856 9.9982E-05 0.12468
9.9973E-05 0.908388 9.9973E-05 9.9973E-05 0.0880801 0.0032317
0.105203 0.109001 0.00115089 9.9991E-05 0.671616 0.112929
0.463707 0.0219481 0.00242336 9.9982E-05 0.511721 9.9982E-05
0.318614 9.9982E-05 0.00542246 9.9982E-05 0.491228 0.184535
0.67905 0.0576925 9.9982E-05 9.9982E-05 0.169532 0.0935261
0.720718 0.0201931 0.118379 9.9991E-05 0.138512 0.00209761
0.852156 0.00149964 9.9973E-05 9.9973E-05 0.146045 9.9973E-05
0.306058 9.9973E-05 0.073639 9.9973E-05 0.620003 9.9973E-05
0.146973 9.9973E-05 0.0812543 9.9973E-05 0.771473 9.9973E-05
9.99641E-05 9.99641E-05 9.99641E-05 9.99641E-05 0.836964 0.162637
0.656816 0.0658228 9.9982E-05 9.9982E-05 0.276383 0.000778159
0.963496 9.99641E-05 9.99641E-05 0.0361044 9.99641E-05 9.99641E-05
0.933386 9.9982E-05 9.9982E-05 0.0567823 0.00434979 0.00528156
0.940888 9.9973E-05 0.0522321 9.9973E-05 0.00657984 9.9973E-05
