0.189405 9.9982E-05 0.00145645 0.035007 0.207569 0.222467 0.343895 9.9982E-05
0.166161 9.9982E-05 9.9982E-05 0.40953 0.104642 0.143815 0.150324 0.0253282
0.188527 9.9973E-05 0.0781885 0.138494 9.9973E-05 0.341546 0.252945 9.9973E-05
9.9973E-05 0.0154273 0.0721814 0.0574494 0.349635 0.505007 9.9973E-05 9.9973E-05
0.288237 9.9955E-05 9.9955E-05 9.9955E-05 9.9955E-05 0.531818 0.179445 9.9955E-05
9.9964E-05 9.9964E-05 0.14034 9.9964E-05 0.18644 0.556297 0.116523 9.9964E-05
9.9964E-05 9.9964E-05 0.0516098 0.128287 0.023569 9.9964E-05 9.9964E-05 0.796134
0.217292 9.9955E-05 0.090749 9.9955E-05 9.9955E-05 9.9955E-05 9.9955E-05 0.691459
9.9973E-05 0.0193539 9.9973E-05 0.032752 0.0229505 0.0976782 9.9973E-05 0.826965
9.9955E-05 9.9955E-05 0.0887046 9.9955E-05 0.0402302 9.9955E-05 9.9955E-05 0.870565
9.9964E-05 9.9964E-05 9.9964E-05 0.157255 0.0258233 0.0277141 9.9964E-05 0.788807
0.00380683 9.99729E-05 9.99729E-05 0.168082 9.99729E-05 0.0282404 0.105371 0.6942
9.9964E-05 0.121443 9.9964E-05 9.9964E-05 0.0368736 0.032953 9.9964E-05 0.80833
9.9964E-05 0.02322 0.0611972 9.9964E-05 9.9964E-05 0.0138143 9.9964E-05 0.901369
9.9973E-05 9.9973E-05 0.0984064 0.0657309 0.00140741 0.0477656 9.9973E-05 0.78639
0.0842223 9.99641E-05 0.000155946 0.0832453 9.99641E-05 9.99641E-05 9.99641E-05 0.831977
0.180404 9.9964E-05 0.299905 9.9964E-05 9.9964E-05 0.213364 0.305927 9.9964E-05
0.116639 0.0283152 0.757881 0.0501769 0.0466876 9.9973E-05 9.9973E-05 9.9973E-05
9.9982E-05 0.0510543 0.296512 0.00590817 0.12531 0.136507 0.384508 9.9982E-05
9.9973E-05 0.0388451 0.403924 9.9973E-05 0.0265828 0.34453 0.185818 9.9973E-05
0.208896 9.99549E-05 0.663741 9.99549E-05 9.99549E-05 0.126863 9.99549E-05 9.99549E-05
9.9964E-05 9.9964E-05 0.634118 9.9964E-05 0.0952671 0.191081 0.0791345 9.9964E-05
0.0763105 9.9964E-05 9.9964E-05 0.164161 9.9964E-05 0.107307 0.651821 9.9964E-05
0.184903 9.9964E-05 9.9964E-05 9.9964E-05 0.180603 0.000891226 0.633202 9.9964E-05
9.99551E-05 9.99551E-05 9.99551E-05 9.99551E-05 0.0419247 0.155834 0.801741 9.99551E-05
9.99639E-05 9.99639E-05 0.147281 9.99639E-05 0.487534 0.121195 0.24359 9.99639E-05
0.197921 0.0638714 0.182417 9.9973E-05 9.9973E-05 0.140381 0.415109 9.9973E-05
0.131313 9.9982E-05 0.0543602 9.9982E-05 0.0249463 0.428547 0.327667 0.032967
0.535856 9.9973E-05 0.262497 0.0371191 0.078162 9.9973E-05 9.9973E-05 0.0860665
0.224573 9.9982E-05 0.439718 0.0452508 0.135347 0.0814352 9.9982E-05 0.0734763
9.9964E-05 0.00806309 0.339692 0.361049 9.9964E-05 0.290796 9.9964E-05 9.9964E-05
0.0661767 9.9973E-05 0.296731 0.0783607 9.9973E-05 0.506832 9.9973E-05 0.0515999
0.0138926 9.9973E-05 0.330382 0.0452691 0.0464706 0.563686 9.9973E-05 9.9973E-05
9.99549E-05 9.99549E-05 9.99549E-05 9.99549E-05 0.222688 0.0307065 0.746106 9.99549E-05
9.99459E-05 9.99459E-05 9.99459E-05 0.316615 9.99459E-05 9.99459E-05 0.682785 9.99459E-05
0.141546 9.9973E-05 0.31699 9.9973E-05 9.9973E-05 0.186232 0.332724 0.0222079
9.9973E-05 0.296017 0.0572729 0.167224 9.9973E-05 0.114641 0.364545 9.9973E-05
0.0661155 0.052625 0.0601546 0.00178134 9.9982E-05 0.134449 0.684674 9.9982E-05
9.999E-05 0.0450276 0.147436 0.0620059 0.321374 0.00445179 0.409221 0.0103834
9.9964E-05 9.9964E-05 0.286431 9.9964E-05 0.0244691 0.244635 0.444065 9.9964E-05
9.9955E-05 9.9955E-05 9.9955E-05 0.0769728 0.905428 0.0170993 9.9955E-05 9.9955E-05
0.134873 0.116249 9.9964E-05 9.9964E-05 0.571239 0.177239 9.9964E-05 9.9964E-05
9.9964E-05 0.157048 0.0588863 9.9964E-05 0.432682 0.350984 9.9964E-05 9.9964E-05
0.206681 0.166654 9.9973E-05 9.9973E-05 0.50457 0.0960749 0.0257198 9.9973E-05
9.9964E-05 9.9964E-05 0.0691183 9.9964E-05 0.67909 0.227153 9.9964E-05 0.0242394
9.9973E-05 0.0104068 0.145909 9.9973E-05 0.549427 0.2266 0.0673574 9.9973E-05
9.9964E-05 0.0392747 0.873309 0.0165477 9.9964E-05 9.9964E-05 0.0704689 9.9964E-05
0.0572088 9.9964E-05 0.566132 0.317838 9.9964E-05 0.0584212 9.9964E-05 9.9964E-05
0.0120834 9.9955E-05 0.544608 0.442809 9.9955E-05 9.9955E-05 9.9955E-05 9.9955E-05
0.158622 9.9964E-05 0.395421 0.253551 0.192006 9.9964E-05 9.9964E-05 9.9964E-05
9.9955E-05 9.9955E-05 0.800842 0.121181 9.9955E-05 0.0774771 9.9955E-05 9.9955E-05
0.180884 9.9973E-05 0.346332 9.9973E-05 0.246264 9.9973E-05 0.162546 0.063674
0.112885 0.0154843 0.754277 9.9964E-05 9.9964E-05 9.9964E-05 0.116954 9.9964E-05
0.0312673 0.0327977 0.272622 9.9973E-05 0.423484 9.9973E-05 0.23953 9.9973E-05
0.0986632 9.997E-05 0.271846 9.997E-05 0.315943 9.997E-05 0.280613 0.0326354
9.9973E-05 0.0499019 0.294421 9.9973E-05 0.185883 0.285673 0.183821 9.9973E-05
9.9973E-05 0.144149 9.9973E-05 0.0558015 0.142036 9.9973E-05 0.203244 0.454469
0.0180248 0.210901 9.9982E-05 9.9982E-05 0.0723033 0.0337603 0.134481 0.53033
0.0311846 0.888572 9.9955E-05 9.9955E-05 9.9955E-05 9.9955E-05 0.0797434 9.9955E-05
9.9973E-05 0.475358 0.0746388 0.0594817 0.115418 9.9973E-05 9.9973E-05 0.274804
9.9964E-05 0.610472 9.9964E-05 0.117937 9.9964E-05 0.0110809 9.9964E-05 0.26011
9.99549E-05 0.743901 0.143489 0.11211 9.99549E-05 9.99549E-05 9.99549E-05 9.99549E-05
9.99639E-05 9.99639E-05 0.0130576 0.542975 9.99639E-05 9.99639E-05 0.0354128 0.408155
9.99729E-05 0.262014 9.99729E-05 0.32482 9.99729E-05 0.0266441 0.129917 0.256304
9.9964E-05 0.0299129 9.9964E-05 0.105949 9.9964E-05 0.110252 9.9964E-05 0.753486
9.9973E-05 0.1139 0.0402922 9.9973E-05 0.00138907 9.9973E-05 0.0203796 0.823739
9.9982E-05 0.0792454 0.0251415 0.0126864 0.090705 9.9982E-05 0.140492 0.65153
9.99551E-05 0.488665 9.99551E-05 9.99551E-05 9.99551E-05 9.99551E-05 0.139258 0.371576
9.9964E-05 0.205225 9.9964E-05 0.270851 9.9964E-05 9.9964E-05 0.14486 0.378664
9.9964E-05 0.214361 9.9964E-05 0.0169111 9.9964E-05 9.9964E-05 0.177394 0.590934
9.99639E-05 0.182498 9.99639E-05 0.293855 9.99639E-05 9.99639E-05 0.18907 0.334177
9.9964E-05 0.293169 9.9964E-05 9.9964E-05 9.9964E-05 0.0364121 0.169012 0.501007
0.00158844 0.0763553 9.99729E-05 0.280345 9.99729E-05 9.99729E-05 0.107744 0.533668
9.9964E-05 0.609393 0.118786 9.9964E-05 9.9964E-05 0.0350246 9.9964E-05 0.236396
9.9964E-05 0.670142 0.0971487 9.9964E-05 9.9964E-05 9.9964E-05 0.106215 0.126095
9.9964E-05 0.808439 0.125385 0.0638473 0.00192861 9.9964E-05 9.9964E-05 9.9964E-05
9.9964E-05 0.590171 9.9964E-05 0.114344 9.9964E-05 0.0895259 9.9964E-05 0.205559
9.994E-05 0.9993 9.994E-05 9.994E-05 9.994E-05 9.994E-05 9.994E-05 9.994E-05
9.9964E-05 0.519956 0.0410716 9.9964E-05 9.9964E-05 9.9964E-05 0.0397765 0.398796
9.9973E-05 0.145633 0.135435 0.197505 9.9973E-05 9.9973E-05 0.0281923 0.492936
9.9973E-05 0.752208 0.109206 0.0500414 0.0421307 9.9973E-05 9.9973E-05 0.0461147
0.620073 0.0234742 0.0431235 9.9982E-05 0.00586675 0.25473 0.052533 9.9982E-05
0.560048 0.03049 9.9964E-05 0.0853683 0.323694 9.9964E-05 9.9964E-05 9.9964E-05
0.635592 0.0537046 9.9964E-05 0.0829676 0.227336 9.9964E-05 9.9964E-05 9.9964E-05
0.535176 9.9964E-05 0.0975373 9.9964E-05 9.9964E-05 0.332793 9.9964E-05 0.034093
0.608976 9.9973E-05 0.215916 9.9973E-05 0.0601077 0.0426323 9.9973E-05 0.0720681
0.194047 9.9964E-05 0.000162848 0.795266 9.9964E-05 0.0101243 9.9964E-05 9.9964E-05
0.150508 9.99641E-05 9.99641E-05 0.281463 0.0428947 0.524734 9.99641E-05 9.99641E-05
0.094705 9.9973E-05 9.9973E-05 0.262685 0.136702 0.472613 9.9973E-05 0.0329947
0.189425 9.9973E-05 0.0556662 0.0734207 0.000248156 0.68094 9.9973E-05 9.9973E-05
0.40782 9.99549E-05 9.99549E-05 0.302355 9.99549E-05 0.289325 9.99549E-05 9.99549E-05
0.0296903 9.99551E-05 9.99551E-05 0.0269314 9.99551E-05 0.942879 9.99551E-05 9.99551E-05
9.9964E-05 0.0140652 9.9964E-05 9.9964E-05 0.0320191 0.944247 0.00926831 9.9964E-05
0.183338 9.9964E-05 0.0677821 9.9964E-05 9.9964E-05 0.703957 0.0445234 9.9964E-05
0.016241 0.0015148 9.9964E-05 0.101075 9.9964E-05 0.88077 9.9964E-05 9.9964E-05
9.99549E-05 9.99549E-05 0.17281 0.247055 9.99549E-05 0.579635 9.99549E-05 9.99549E-05
9.9964E-05 9.9964E-05 0.0969134 0.0759745 0.075322 0.75139 9.9964E-05 9.9964E-05
0.0714647 0.0282708 9.9964E-05 9.9964E-05 0.0687691 0.831096 9.9964E-05 9.9964E-05
0.0456266 0.00989995 9.9964E-05 9.9964E-05 9.9964E-05 0.863608 0.0804656 9.9964E-05
0.17082 9.9973E-05 9.9973E-05 9.9973E-05 0.153687 0.602732 0.0353396 0.0371211
0.570861 9.9973E-05 0.186103 0.0480621 0.185113 9.9973E-05 9.9973E-05 0.00956055
0.677476 9.9964E-05 0.067439 9.9964E-05 0.201897 0.0527883 9.9964E-05 9.9964E-05
0.77243 9.9973E-05 0.0549532 0.0290388 0.0870807 9.9973E-05 0.0561978 9.9973E-05
0.65492 9.9964E-05 9.9964E-05 0.0303942 0.286225 0.0280602 9.9964E-05 9.9964E-05
0.631133 0.0232048 0.0610526 0.0913677 9.9982E-05 0.176468 9.9982E-05 0.0165742
0.661281 9.9964E-05 0.133308 9.9964E-05 9.9964E-05 0.146867 0.058145 9.9964E-05
0.632147 9.9964E-05 0.187984 9.9964E-05 9.9964E-05 0.0747214 0.104748 9.9964E-05
0.706413 0.0142871 0.0935722 9.9964E-05 9.9964E-05 0.185328 9.9964E-05 9.9964E-05
0.612219 0.0523671 0.0473915 9.9973E-05 9.9973E-05 0.262993 0.0247299 9.9973E-05
0.54546 9.99549E-05 0.00958616 9.99549E-05 9.99549E-05 0.444454 9.99549E-05 9.99549E-05
0.626991 0.0294965 9.9964E-05 9.9964E-05 9.9964E-05 0.235459 0.107654 9.9964E-05
0.760789 9.9955E-05 9.9955E-05 9.9955E-05 9.9955E-05 0.173722 0.0649889 9.9955E-05
0.375651 9.9964E-05 0.0985269 9.9964E-05 0.259143 0.26628 9.9964E-05 9.9964E-05
0.564564 9.9964E-05 0.211734 9.9964E-05 0.0380426 0.185259 9.9964E-05 9.9964E-05
0.495116 9.9973E-05 0.00986435 0.118438 9.9973E-05 0.292412 0.0838702 9.9973E-05
0.551633 0.00416762 0.0360337 0.0226769 9.9982E-05 0.323698 0.0615903 9.9982E-05
0.656226 9.9973E-05 0.0486046 9.9973E-05 0.0862927 0.205272 9.9973E-05 0.0033053
0.748384 9.9955E-05 9.9955E-05 9.9955E-05 9.9955E-05 0.149903 0.101213 9.9955E-05
0.527494 9.99639E-05 9.99639E-05 0.0563432 0.0253655 0.390397 9.99639E-05 9.99639E-05
0.563747 9.9955E-05 9.9955E-05 0.223986 9.9955E-05 9.9955E-05 0.211767 9.9955E-05
0.523668 9.9973E-05 9.9973E-05 0.211302 0.10705 0.109615 0.0480656 9.9973E-05
0.718677 9.9964E-05 9.9964E-05 0.112646 9.9964E-05 0.0842623 0.084014 9.9964E-05
0.604229 9.9946E-05 9.9946E-05 9.9946E-05 9.9946E-05 0.395172 9.9946E-05 9.9946E-05
0.516363 0.0193036 9.9973E-05 9.9973E-05 9.9973E-05 0.383544 0.0294596 0.0510299
0.601145 0.0128498 9.996E-05 9.996E-05 9.996E-05 0.205571 0.180035 9.996E-05
0.690417 9.9964E-05 0.0302533 9.9964E-05 9.9964E-05 0.26388 9.9964E-05 0.0150499
0.506152 0.193835 9.9973E-05 9.9973E-05 9.9973E-05 0.00448042 0.254744 0.0404886
0.486308 0.320869 9.9964E-05 9.9964E-05 9.9964E-05 0.152234 9.9964E-05 0.0401891
0.75036 9.9964E-05 0.0423063 0.0265881 9.9964E-05 0.180346 9.9964E-05 9.9964E-05
0.657017 9.99549E-05 9.99549E-05 0.117607 0.224876 9.99549E-05 9.99549E-05 9.99549E-05
0.560398 9.9973E-05 9.9973E-05 0.156986 0.113382 0.116952 0.0519828 9.9973E-05
0.66452 9.9964E-05 9.9964E-05 0.0792878 0.167663 9.9964E-05 0.0881289 9.9964E-05
0.533417 9.9955E-05 9.9955E-05 0.171137 0.294946 9.9955E-05 9.9955E-05 9.9955E-05
0.822721 0.0117767 0.0390829 9.9973E-05 0.00927984 0.11684 9.9973E-05 9.9973E-05
0.593171 9.9955E-05 9.9955E-05 0.0554243 0.350905 9.9955E-05 9.9955E-05 9.9955E-05
0.657502 9.99549E-05 9.99549E-05 9.99549E-05 0.199106 0.142892 9.99549E-05 9.99549E-05
0.547023 9.9982E-05 0.0365531 0.139401 0.0601239 0.201378 0.0153207 9.9982E-05
0.857456 9.9946E-05 9.9946E-05 0.141944 9.9946E-05 9.9946E-05 9.9946E-05 9.9946E-05
9.99639E-05 0.386983 9.99639E-05 0.539569 9.99639E-05 9.99639E-05 0.0535714 0.0194763
9.9973E-05 0.498249 0.0236629 0.174402 9.9973E-05 9.9973E-05 0.0400814 0.263304
9.99729E-05 0.365208 0.0593993 0.237542 0.0301309 9.99729E-05 9.99729E-05 0.30742
0.0735699 0.677288 0.0348225 0.0903827 9.9973E-05 9.9973E-05 9.9973E-05 0.123637
0.113851 0.781214 9.9973E-05 0.0849252 9.9973E-05 0.00876759 9.9973E-05 0.0109423
0.0162025 0.851323 0.0145748 0.000903416 9.9973E-05 9.9973E-05 9.9973E-05 0.116696
9.9973E-05 0.360085 9.9973E-05 0.132563 9.9973E-05 0.0412404 0.0165741 0.449237
9.99729E-05 0.315553 9.99729E-05 0.33078 9.99729E-05 0.00702846 0.00113804 0.345201
9.9946E-05 9.9946E-05 9.9946E-05 0.707327 9.9946E-05 9.9946E-05 9.9946E-05 0.292073
0.0933998 0.635083 9.9955E-05 9.9955E-05 9.9955E-05 9.9955E-05 9.9955E-05 0.271017
9.99462E-05 0.968756 9.99462E-05 9.99462E-05 9.99462E-05 9.99462E-05 0.0306445 9.99462E-05
9.99551E-05 0.967839 0.0246696 9.99551E-05 9.99551E-05 9.99551E-05 0.00699209 9.99551E-05
9.99551E-05 0.860538 9.99551E-05 9.99551E-05 9.99551E-05 0.0533298 9.99551E-05 0.0856324
