9.9991E-05 0.165936 0.314855 0.102846 0.416263
9.999E-05 0.141583 0.29238 0.502687 0.0632504
9.9991E-05 0.357328 0.240618 0.117327 0.284627
9.9982E-05 0.597378 9.9982E-05 0.106143 0.296279
0.032148 0.472318 0.390526 9.9991E-05 0.104908
9.9982E-05 0.512663 0.0639242 9.9982E-05 0.423213
0.418599 9.9973E-05 9.9973E-05 0.581101 9.9973E-05
0.507197 9.9991E-05 0.140736 0.312281 0.0396858
0.623316 9.9973E-05 9.9973E-05 0.376384 9.9973E-05
0.593049 9.9982E-05 9.9982E-05 0.359955 0.0467961
0.466382 9.99729E-05 9.99729E-05 0.533318 9.99729E-05
0.478881 0.00432393 0.00316365 0.513532 9.9991E-05
0.737741 9.9973E-05 9.9973E-05 0.261959 9.9973E-05
0.792504 9.9973E-05 9.9973E-05 0.207196 9.9973E-05
0.56239 9.9973E-05 9.9973E-05 0.43731 9.9973E-05
0.47784 9.9973E-05 9.9973E-05 0.52186 9.9973E-05
0.00708189 0.15018 0.187006 0.0541456 0.601586
0.0487424 0.052746 0.107806 0.359862 0.430844
0.0811551 0.188466 9.9991E-05 0.0857005 0.644578
0.0916754 0.246012 9.9982E-05 9.9982E-05 0.662113
0.0114669 0.159915 0.109794 0.197504 0.52132
0.00197033 0.0975903 9.9991E-05 0.167715 0.732625
0.0268827 0.00579881 0.241734 0.217816 0.507769
0.0780137 0.0514312 0.331469 9.9991E-05 0.538986
0.0589125 0.112386 0.0712881 9.9991E-05 0.757314
9.9982E-05 0.18198 0.10614 9.9982E-05 0.71168
0.129748 0.104016 0.185356 9.9991E-05 0.58078
0.0843427 0.258932 0.20374 9.9991E-05 0.452885
9.9982E-05 9.9982E-05 0.578112 0.20516 0.216528
0.088642 9.9991E-05 0.412241 0.253312 0.245705
9.9982E-05 0.322639 9.9982E-05 0.511234 0.165927
0.0342273 0.465357 0.0721582 0.235793 0.192464
9.9991E-05 0.469207 0.00648911 0.13052 0.393683
0.0643375 0.0496604 0.0296064 0.0453576 0.811038
9.9973E-05 9.9973E-05 9.9973E-05 0.381985 0.617715
0.0390919 0.154881 0.104782 0.121477 0.579767
0.287549 0.137383 9.9991E-05 0.204355 0.370613
0.110571 0.176247 0.016985 0.0514177 0.64478
0.0444214 0.00852985 0.113952 0.202011 0.631085
0.0377189 0.19005 9.9991E-05 0.0337801 0.738351
9.9991E-05 0.380312 0.124785 0.195148 0.299655
0.0413465 0.454068 0.220978 0.0721156 0.211492
0.080173 0.608672 9.9991E-05 0.0745999 0.236455
0.161064 0.32559 0.331006 0.0450391 0.137302
9.9991E-05 0.459017 0.0749611 0.0662007 0.399721
9.9982E-05 0.482009 9.9982E-05 0.0789929 0.438799
0.0390728 9.9982E-05 9.9982E-05 0.361211 0.599517
9.9991E-05 0.120631 0.106997 0.561564 0.210708
9.9982E-05 9.9982E-05 0.118608 0.684705 0.196487
9.9982E-05 9.9982E-05 0.262649 0.429336 0.307816
9.9982E-05 0.0509357 9.9982E-05 0.438252 0.510612
0.0533106 9.9991E-05 0.21644 0.184775 0.545374
0.0603216 9.9991E-05 0.0743008 0.105291 0.759987
9.9982E-05 9.9982E-05 0.178791 0.0952476 0.725762
9.9982E-05 9.9982E-05 0.0989874 0.148357 0.752456
0.0402805 0.233058 9.9982E-05 9.9982E-05 0.726461
0.547563 9.9991E-05 0.0163972 0.251385 0.184555
0.717977 9.9991E-05 0.122443 0.0977022 0.0617779
0.942162 0.0284184 0.0268878 9.9991E-05 0.00243189
0.659049 9.9982E-05 9.9982E-05 0.232229 0.108522
0.773917 0.0268937 9.9982E-05 0.198989 9.9982E-05
0.694214 0.0348612 9.9991E-05 0.193825 0.077
0.167457 9.99729E-05 9.99729E-05 0.832243 9.99729E-05
0.416815 0.0722774 9.9982E-05 0.510708 9.9982E-05
0.548424 0.0241957 9.9982E-05 0.42718 9.9982E-05
0.724071 9.9973E-05 9.9973E-05 0.275629 9.9973E-05
0.589476 9.9982E-05 9.9982E-05 0.289083 0.121241
0.909449 9.99821E-05 9.99821E-05 0.0270806 0.0632701
0.488651 9.9982E-05 9.9982E-05 0.494328 0.0168213
0.714902 9.9982E-05 9.9982E-05 0.261421 0.0234777
0.421146 0.0499172 9.9991E-05 0.472576 0.0562601
0.740143 0.0362415 9.9991E-05 0.18005 0.043465
0.482662 9.9973E-05 9.9973E-05 0.517038 9.9973E-05
0.843771 0.0720699 9.9982E-05 0.0839591 9.9982E-05
0.82645 0.00116097 9.9991E-05 0.0170645 0.155224
0.807333 0.0684813 9.9982E-05 0.123986 9.9982E-05
0.729504 0.0900669 9.9982E-05 0.180229 9.9982E-05
0.918398 0.0813023 9.9973E-05 9.9973E-05 9.9973E-05
0.852431 9.9973E-05 9.9973E-05 0.147269 9.9973E-05
0.511534 9.9982E-05 9.9982E-05 0.485784 0.00248171
0.809724 0.0481767 9.9991E-05 0.104674 0.0373254
0.0604034 0.255059 0.640058 9.9991E-05 0.0443795
0.0217912 9.9991E-05 0.754393 0.190775 0.0329403
0.0736189 9.9991E-05 0.792815 0.121161 0.0123049
0.0912333 0.285934 0.618825 9.9991E-05 0.00390798
0.0233655 0.097946 0.685973 0.122766 0.0699493
9.99731E-05 9.99731E-05 0.294082 0.705618 9.99731E-05
9.9982E-05 0.610382 0.0917525 0.297666 9.9982E-05
9.9991E-05 0.528788 0.1618 0.288794 0.0205187
9.9982E-05 0.747287 0.196379 0.0561346 9.9982E-05
9.9982E-05 0.337031 0.454539 0.20823 9.9982E-05
0.0506057 0.93483 0.0143643 9.9982E-05 9.9982E-05
0.01855 0.92235 9.9982E-05 9.9982E-05 0.0589002
9.9982E-05 0.675911 0.125513 9.9982E-05 0.198376
9.9991E-05 0.796761 0.0450287 0.0781517 0.0799586
9.9973E-05 0.646503 9.9973E-05 0.353198 9.9973E-05
9.9982E-05 0.727771 9.9982E-05 0.120134 0.151894
0.0505592 0.819737 0.129503 9.9982E-05 9.9982E-05
0.0341944 0.887787 9.9982E-05 9.9982E-05 0.0778183
0.00591634 0.543407 0.304851 0.0422818 0.103544
9.9991E-05 0.017472 0.698857 0.140367 0.143203
9.9991E-05 0.0916865 0.835164 0.000914286 0.0721354
9.9982E-05 9.9982E-05 0.844871 0.020378 0.134551
9.9991E-05 0.00247832 0.890285 0.105042 0.00209496
0.00838484 0.200629 0.647798 0.143088 9.9991E-05
0.0124748 0.0847171 0.756058 9.9991E-05 0.14665
0.0163175 9.9982E-05 0.701278 9.9982E-05 0.282204
0.0746694 0.0888082 0.830726 9.9991E-05 0.00569621
0.0762366 0.270268 0.653295 9.9982E-05 9.9982E-05
9.9982E-05 0.341782 0.62803 9.9982E-05 0.0299888
0.0413058 0.240616 0.684214 9.9991E-05 0.0337643
9.9982E-05 0.137893 0.828861 9.9982E-05 0.0330465
9.9991E-05 0.189638 0.557236 0.0585166 0.19451
0.0704238 0.146462 0.652027 0.0147263 0.116361
9.9991E-05 0.250382 0.572941 0.0822241 0.0943536
0.0234516 0.341434 0.599445 9.9991E-05 0.0355691
0.0133225 0.195186 0.791291 9.9982E-05 9.9982E-05
9.9982E-05 0.122982 0.810598 9.9982E-05 0.0662201
9.9982E-05 0.376587 0.597819 0.0253941 9.9982E-05
9.9973E-05 9.9973E-05 0.823173 0.176527 9.9973E-05
9.9982E-05 0.158906 0.685475 0.15542 9.9982E-05
9.9982E-05 0.157468 0.738864 0.103468 9.9982E-05
9.9973E-05 0.296966 0.702734 9.9973E-05 9.9973E-05
0.102171 0.268831 0.57533 9.9991E-05 0.0535677
0.0539752 0.29757 0.648255 9.9982E-05 9.9982E-05
0.0318985 0.221469 0.746432 9.9982E-05 9.9982E-05
0.328507 9.9982E-05 0.595685 9.9982E-05 0.0756084
0.37125 0.144367 0.484183 9.9982E-05 9.9982E-05
9.9982E-05 0.152217 0.765579 0.0820036 9.9982E-05
9.9973E-05 9.9973E-05 0.811489 0.188211 9.9973E-05
9.9982E-05 0.140618 0.652966 0.206217 9.9982E-05
0.00936134 0.0463706 0.843397 0.100771 9.9991E-05
9.9982E-05 9.9982E-05 0.769596 0.194518 0.0356859
0.0102454 0.113164 0.876391 9.9982E-05 9.9982E-05
9.9982E-05 0.106189 0.779126 0.114485 9.9982E-05
9.9982E-05 0.202544 0.780214 9.9982E-05 0.0170425
9.9991E-05 0.168373 0.627428 0.0864631 0.117636
9.9973E-05 9.9973E-05 0.887071 0.11263 9.9973E-05
0.370326 9.9982E-05 0.0475844 0.58189 9.9982E-05
0.653926 9.9973E-05 9.9973E-05 0.345774 9.9973E-05
0.554518 9.9973E-05 9.9973E-05 0.445182 9.9973E-05
0.73615 9.9982E-05 0.12269 0.14096 9.9982E-05
0.78662 0.08595 0.0211357 0.106194 9.9991E-05
0.940961 9.9982E-05 0.0145588 0.0442801 9.9982E-05
0.653228 0.0329691 9.9982E-05 0.313603 9.9982E-05
0.496324 9.99729E-05 9.99729E-05 0.503377 9.99729E-05
0.0629366 9.99731E-05 9.99731E-05 0.936763 9.99731E-05
0.782885 9.9982E-05 0.101004 0.11591 9.9982E-05
0.988466 9.99731E-05 9.99731E-05 9.99731E-05 0.0112341
0.944039 9.9973E-05 9.9973E-05 9.9973E-05 0.0556608
0.941402 0.058298 9.9973E-05 9.9973E-05 9.9973E-05
