9.9982E-05 0.505499 0.0544157 0.302195 0.0522994 9.9982E-05 0.0832968 0.00209423
9.9982E-05 0.271214 0.191093 0.0957001 0.0423617 0.112367 0.287064 9.9982E-05
9.9973E-05 0.336254 9.9973E-05 0.29137 0.19698 9.9973E-05 0.143289 0.0318076
0.0391545 0.0213038 0.229431 9.9991E-05 0.615108 0.00177113 0.00852224 0.0846091
0.0038966 0.158351 9.9973E-05 0.572129 0.246095 9.9973E-05 9.9973E-05 0.0192289
9.9973E-05 0.167197 0.088225 0.0534718 0.564366 9.9973E-05 9.9973E-05 0.126441
9.9955E-05 9.9955E-05 0.0876959 9.9955E-05 9.9955E-05 0.909026 9.9955E-05 0.00277801
0.0655312 9.9973E-05 0.0147423 0.11888 9.9973E-05 0.621722 9.9973E-05 0.178824
0.158818 9.9964E-05 0.0325396 9.9964E-05 0.0537928 0.75445 9.9964E-05 9.9964E-05
0.0974313 9.99551E-05 9.99551E-05 9.99551E-05 9.99551E-05 0.797281 9.99551E-05 0.104788
9.9964E-05 0.0180204 0.0638109 9.9964E-05 0.0424123 0.875357 9.9964E-05 9.9964E-05
9.9955E-05 0.0816534 9.9955E-05 0.0624128 9.9955E-05 0.855434 9.9955E-05 9.9955E-05
0.348685 9.99641E-05 9.99641E-05 9.99641E-05 0.0322298 0.600695 9.99641E-05 0.0179902
0.290014 9.9955E-05 9.9955E-05 9.9955E-05 9.9955E-05 0.578619 9.9955E-05 0.130867
0.052038 9.9973E-05 0.0445822 9.9973E-05 0.022491 0.820818 9.9973E-05 0.0597706
9.99551E-05 9.99551E-05 0.0872699 9.99551E-05 9.99551E-05 0.906048 0.00618225 9.99551E-05
9.9964E-05 0.128294 9.9964E-05 0.333835 9.9964E-05 9.9964E-05 0.00232376 0.535147
0.0173209 9.9973E-05 9.9973E-05 0.0238902 9.9973E-05 0.0144864 0.374822 0.569181
0.0212229 0.316923 9.9973E-05 9.9973E-05 0.186496 9.9973E-05 0.0761865 0.398872
9.9955E-05 9.9955E-05 9.9955E-05 0.0630071 0.27227 9.9955E-05 9.9955E-05 0.664223
9.99639E-05 9.99639E-05 9.99639E-05 0.23174 0.0382363 9.99639E-05 0.216336 0.513288
9.99549E-05 9.99549E-05 9.99549E-05 9.99549E-05 0.138474 9.99549E-05 0.123734 0.737292
9.9973E-05 0.592904 0.104918 0.18036 9.9973E-05 0.120721 0.000797583 9.9973E-05
9.9964E-05 0.714903 0.0679062 0.206959 9.9964E-05 9.9964E-05 9.9964E-05 0.00983169
9.9964E-05 0.668398 9.9964E-05 0.0589513 0.111504 9.9964E-05 9.9964E-05 0.160747
9.9964E-05 0.0689936 0.175942 9.9964E-05 0.334895 9.9964E-05 9.9964E-05 0.419769
0.0341396 0.099168 9.9964E-05 0.354935 9.9964E-05 9.9964E-05 9.9964E-05 0.511358
0.0210813 0.098028 9.9973E-05 0.322018 0.215842 9.9973E-05 9.9973E-05 0.342731
9.9973E-05 9.9973E-05 0.248822 0.333428 9.9973E-05 0.02804 0.14742 0.24199
9.9982E-05 9.9982E-05 0.0773957 0.231784 0.012275 0.0662129 0.249765 0.362368
9.9964E-05 9.9964E-05 9.9964E-05 9.9964E-05 0.413558 0.1645 0.295174 0.126368
9.99729E-05 9.99729E-05 9.99729E-05 0.217467 0.337773 0.0803203 0.116838 0.247302
9.997E-05 9.997E-05 0.0467645 0.0653451 0.51309 9.997E-05 0.0753691 0.299131
9.9964E-05 0.84914 0.0190073 9.9964E-05 0.0587292 9.9964E-05 9.9964E-05 0.0727233
9.99459E-05 0.868202 9.99459E-05 9.99459E-05 9.99459E-05 9.99459E-05 0.131198 9.99459E-05
9.9973E-05 0.199265 9.9973E-05 0.146607 0.17289 0.06991 9.9973E-05 0.411029
0.279593 0.450802 9.9964E-05 9.9964E-05 0.106135 9.9964E-05 0.16307 9.9964E-05
0.0967973 0.520625 9.9973E-05 0.101936 0.0986485 9.9973E-05 9.9973E-05 0.181693
0.0538689 0.381455 0.0798904 9.9982E-05 0.0219133 9.9982E-05 0.208094 0.254578
9.9973E-05 0.237388 0.0126704 0.0148176 0.216691 9.9973E-05 9.9973E-05 0.518133
9.9964E-05 0.0178921 0.581448 9.9964E-05 0.321801 9.9964E-05 9.9964E-05 0.0784587
0.0545451 0.0496571 0.213142 0.174026 0.400589 9.9982E-05 9.9982E-05 0.10784
0.114159 0.0433266 9.9982E-05 0.0692531 0.515538 9.9982E-05 0.165482 0.0920415
0.138266 9.9955E-05 0.52959 9.9955E-05 0.331644 9.9955E-05 9.9955E-05 9.9955E-05
9.9955E-05 9.9955E-05 0.212837 9.9955E-05 0.515546 9.9955E-05 9.9955E-05 0.271117
9.9964E-05 0.162811 9.9964E-05 9.9964E-05 0.531452 9.9964E-05 0.0635228 0.241815
0.0204649 9.9964E-05 9.9964E-05 9.9964E-05 9.9964E-05 0.033413 0.296272 0.64945
9.9964E-05 9.9964E-05 0.0193225 9.9964E-05 9.9964E-05 0.0497244 0.605943 0.32461
9.9946E-05 9.9946E-05 9.9946E-05 9.9946E-05 9.9946E-05 9.9946E-05 0.859526 0.139875
9.9964E-05 9.9964E-05 0.157652 0.00140647 9.9964E-05 9.9964E-05 0.618939 0.221602
0.0240733 9.99549E-05 9.99549E-05 9.99549E-05 9.99549E-05 9.99549E-05 0.536018 0.439409
0.0234319 9.9964E-05 0.449375 9.9964E-05 9.9964E-05 0.0645542 9.9964E-05 0.462239
0.0255671 0.0381613 0.040979 0.0158801 9.9982E-05 9.9982E-05 0.19741 0.681802
9.9955E-05 0.12097 0.339743 9.9955E-05 9.9955E-05 9.9955E-05 9.9955E-05 0.538787
9.99549E-05 0.058417 0.370159 9.99549E-05 9.99549E-05 9.99549E-05 9.99549E-05 0.570924
0.000436 9.9973E-05 0.0146143 0.108484 0.247428 9.9973E-05 9.9973E-05 0.628738
0.25291 0.280231 0.0678419 9.9964E-05 9.9964E-05 0.398617 9.9964E-05 9.9964E-05
0.420902 0.231995 0.00420183 0.0176777 9.9973E-05 0.324924 9.9973E-05 9.9973E-05
0.912627 9.9964E-05 0.0723297 9.9964E-05 0.00671935 0.00792457 9.9964E-05 9.9964E-05
0.495779 9.9964E-05 0.141354 9.9964E-05 9.9964E-05 0.319155 9.9964E-05 0.0433118
0.593076 9.9955E-05 0.0452518 9.9955E-05 9.9955E-05 0.361172 9.9955E-05 9.9955E-05
0.637757 9.99639E-05 9.99639E-05 9.99639E-05 9.99639E-05 0.131995 0.101168 0.128681
9.99549E-05 0.0594242 9.99549E-05 9.99549E-05 9.99549E-05 0.626649 0.313428 9.99549E-05
9.9964E-05 0.118017 9.9964E-05 9.9964E-05 0.162071 0.718337 9.9964E-05 0.00117556
0.0934157 0.0214082 9.9964E-05 9.9964E-05 0.114903 0.769873 9.9964E-05 9.9964E-05
0.3093 0.0463999 9.9955E-05 9.9955E-05 9.9955E-05 0.643801 9.9955E-05 9.9955E-05
0.225051 0.134846 9.9973E-05 0.0137397 9.9973E-05 0.538939 9.9973E-05 0.0871247
0.603577 0.185962 9.99551E-05 9.99551E-05 9.99551E-05 0.209961 9.99551E-05 9.99551E-05
0.127195 0.2022 9.9964E-05 9.9964E-05 9.9964E-05 0.658044 0.0121612 9.9964E-05
0.364931 0.13177 9.9955E-05 9.9955E-05 9.9955E-05 0.502799 9.9955E-05 9.9955E-05
0.0356084 0.268957 9.9982E-05 0.0396068 0.00879323 0.617374 0.0294603 9.9982E-05
0.395332 0.160274 9.9964E-05 0.0266516 9.9964E-05 0.417343 9.9964E-05 9.9964E-05
9.9955E-05 0.0885967 9.9955E-05 0.0893739 9.9955E-05 0.82153 9.9955E-05 9.9955E-05
0.577283 9.9964E-05 9.9964E-05 0.0353215 9.9964E-05 0.248025 9.9964E-05 0.138971
0.590303 0.0465114 9.9973E-05 9.9973E-05 0.0268333 0.158568 9.9973E-05 0.177484
0.768994 9.9964E-05 9.9964E-05 9.9964E-05 9.9964E-05 0.0899435 0.110862 0.0298007
0.543434 9.9964E-05 9.9964E-05 9.9964E-05 0.123687 0.325005 0.00747426 9.9964E-05
0.964155 9.9946E-05 9.9946E-05 9.9946E-05 0.0352458 9.9946E-05 9.9946E-05 9.9946E-05
0.62674 0.0114158 0.0493986 9.9964E-05 9.9964E-05 0.312046 9.9964E-05 9.9964E-05
0.132571 0.0167864 9.9973E-05 9.9973E-05 9.9973E-05 0.717025 0.107687 0.0256309
0.773943 9.9964E-05 9.9964E-05 9.9964E-05 0.0356866 0.00892223 0.181049 9.9964E-05
0.00538918 0.00461177 9.99641E-05 0.850232 9.99641E-05 9.99641E-05 9.99641E-05 0.139367
0.0796166 9.9964E-05 0.824463 0.0743206 9.9964E-05 9.9964E-05 9.9964E-05 0.0212005
0.0721673 9.9955E-05 0.642766 0.284567 9.9955E-05 9.9955E-05 9.9955E-05 9.9955E-05
0.0558589 0.0415317 9.9982E-05 0.714638 0.115075 9.9982E-05 0.0704634 0.00223354
9.9964E-05 9.9964E-05 0.0193249 0.627903 9.9964E-05 9.9964E-05 0.261442 0.0909295
9.99461E-05 9.99461E-05 0.0206632 9.99461E-05 9.99461E-05 9.99461E-05 0.978737 9.99461E-05
9.99731E-05 9.99731E-05 0.147616 0.07344 0.538039 0.0595259 0.18108 9.99731E-05
9.9973E-05 0.0315398 0.279346 9.9973E-05 0.443152 0.0631452 0.182517 9.9973E-05
9.9964E-05 9.9964E-05 9.9964E-05 0.418199 0.479775 0.00431662 0.0973101 9.9964E-05
9.9973E-05 0.0159025 0.109684 0.359469 0.194833 9.9973E-05 0.319812 9.9973E-05
0.0348561 9.9955E-05 9.9955E-05 0.218568 0.746076 9.9955E-05 9.9955E-05 9.9955E-05
0.009245 0.00980754 9.9964E-05 0.0727066 0.907841 9.9964E-05 9.9964E-05 9.9964E-05
9.99639E-05 0.0996354 9.99639E-05 0.373334 0.504147 9.99639E-05 9.99639E-05 0.0224839
9.9964E-05 0.0516464 9.9964E-05 0.216728 0.650104 9.9964E-05 0.0811209 9.9964E-05
9.99549E-05 9.99549E-05 9.99549E-05 9.99549E-05 0.562817 0.00829734 0.428386 9.99549E-05
9.9973E-05 9.9973E-05 0.0578363 0.0185167 0.734403 9.9973E-05 0.145223 0.0437215
0.0371401 9.9955E-05 9.9955E-05 0.297692 0.664668 9.9955E-05 9.9955E-05 9.9955E-05
0.000139071 0.0661481 9.9973E-05 0.315684 0.591721 9.9973E-05 9.9973E-05 0.0260086
9.9973E-05 0.0409654 0.182359 0.234887 0.488823 0.0526659 9.9973E-05 9.9973E-05
9.99639E-05 9.99639E-05 0.228627 0.426866 9.99639E-05 9.99639E-05 0.2378 0.106306
9.9964E-05 9.9964E-05 0.414068 0.495123 0.0394028 9.9964E-05 9.9964E-05 0.0510066
9.9973E-05 0.0565362 0.45466 0.419221 9.9973E-05 9.9973E-05 0.0446391 0.0246432
9.9973E-05 9.9973E-05 0.517159 0.457755 0.0147236 0.00041157 9.9973E-05 0.00965138
9.99459E-05 9.99459E-05 9.99459E-05 0.756943 9.99459E-05 9.99459E-05 0.242458 9.99459E-05
9.9955E-05 0.0610674 9.9955E-05 0.866121 9.9955E-05 9.9955E-05 9.9955E-05 0.0723122
9.9964E-05 0.0902964 0.0595907 0.648544 9.9964E-05 9.9964E-05 9.9964E-05 0.201169
9.99551E-05 9.99551E-05 9.99551E-05 0.939941 9.99551E-05 0.0098828 9.99551E-05 0.0496759
0.0587377 0.0508357 9.9973E-05 0.809191 0.0308078 9.9973E-05 0.0501279 9.9973E-05
9.9982E-05 0.0117043 0.0188702 0.719615 0.235911 0.00408116 9.9982E-05 0.00961776
9.9955E-05 0.122407 9.9955E-05 0.815966 0.0611275 9.9955E-05 9.9955E-05 9.9955E-05
9.9955E-05 0.0903251 0.0780328 0.831142 9.9955E-05 9.9955E-05 9.9955E-05 9.9955E-05
9.9973E-05 9.9973E-05 0.252322 0.371356 0.222366 9.9973E-05 0.0733486 0.0803074
9.9964E-05 9.9964E-05 0.32472 0.420786 0.068635 9.9964E-05 9.9964E-05 0.185459
9.997E-05 0.149459 0.131717 0.53328 0.100651 9.997E-05 0.0845924 9.997E-05
9.99641E-05 0.0674698 9.99641E-05 0.726873 0.124238 9.99641E-05 0.0810197 9.99641E-05
9.9973E-05 9.9973E-05 0.0947762 0.747442 0.0761413 9.9973E-05 0.0517582 0.0295826
9.9964E-05 0.0549812 0.0603129 0.86542 9.9964E-05 9.9964E-05 9.9964E-05 0.0188862
9.99639E-05 9.99639E-05 0.00444309 0.745551 0.124609 9.99639E-05 0.124998 9.99639E-05
9.9964E-05 0.238137 0.463146 0.254395 9.9964E-05 9.9964E-05 0.0439218 9.9964E-05
9.9973E-05 0.0697657 0.431048 0.316292 0.0630142 9.9973E-05 0.11958 9.9973E-05
0.0206685 0.0343796 0.397333 0.504352 0.0429666 9.9973E-05 9.9973E-05 9.9973E-05
9.9955E-05 9.9955E-05 0.0886214 0.775957 0.134921 9.9955E-05 9.9955E-05 9.9955E-05
0.040694 0.0568165 0.0450116 0.659241 0.175028 0.023009 9.9982E-05 9.9982E-05
9.9964E-05 0.201864 0.0439573 0.698831 0.0549482 9.9964E-05 9.9964E-05 9.9964E-05
9.9973E-05 9.9973E-05 0.109297 0.830314 0.0132753 0.0403114 9.9973E-05 0.00650165
0.148119 0.26204 9.9964E-05 0.551069 9.9964E-05 0.0383725 9.9964E-05 9.9964E-05
0.264653 9.9955E-05 9.9955E-05 0.620881 9.9955E-05 0.113966 9.9955E-05 9.9955E-05
9.9955E-05 9.9955E-05 0.0756367 0.803402 9.9955E-05 9.9955E-05 0.120461 9.9955E-05
9.99549E-05 9.99549E-05 0.583448 0.319232 9.99549E-05 9.99549E-05 0.0968201 9.99549E-05
9.9973E-05 0.119904 0.293978 0.510873 9.9973E-05 0.044128 0.030817 9.9973E-05
9.9964E-05 0.112363 0.487317 0.388526 0.0113945 9.9964E-05 9.9964E-05 9.9964E-05
9.9964E-05 9.9964E-05 0.882648 0.0943153 9.9964E-05 9.9964E-05 0.0186475 0.00398959
9.9955E-05 9.9955E-05 0.0952552 0.842453 9.9955E-05 9.9955E-05 0.0617923 9.9955E-05
9.9964E-05 0.0149233 0.616441 0.304475 0.0637609 9.9964E-05 9.9964E-05 9.9964E-05
9.9964E-05 9.9964E-05 0.264488 0.608037 0.107349 9.9964E-05 9.9964E-05 0.0197257
9.99729E-05 0.0122306 0.293339 0.402876 0.137804 9.99729E-05 0.153451 9.99729E-05
9.9964E-05 9.9964E-05 0.357152 0.573106 9.9964E-05 0.0440437 0.0252979 9.9964E-05
0.113547 0.016137 0.138936 9.9973E-05 9.9973E-05 0.540127 0.190952 9.9973E-05
0.422053 0.00282993 0.0272906 9.9973E-05 9.9973E-05 0.462077 0.0854503 9.9973E-05
0.316622 9.9982E-05 0.0201575 9.9982E-05 0.0071628 0.48836 0.160623 0.00687429
0.674147 9.99729E-05 0.116415 9.99729E-05 9.99729E-05 0.0663572 0.122699 0.020082
0.713457 0.0119383 0.0284325 0.0411594 0.00841888 0.0950222 0.101471 9.9991E-05
0.794424 9.9964E-05 0.0166721 9.9964E-05 9.9964E-05 0.179747 0.00875664 9.9964E-05
0.332273 0.0102854 0.0457896 9.9973E-05 0.0162162 0.595136 9.9973E-05 9.9973E-05
0.148138 0.0507419 9.9973E-05 0.0227912 9.9973E-05 0.713541 0.0644875 9.9973E-05
9.99551E-05 9.99551E-05 0.0424104 9.99551E-05 9.99551E-05 0.615147 0.341942 9.99551E-05
0.61705 9.9964E-05 9.9964E-05 0.112802 9.9964E-05 0.248008 0.0217397 9.9964E-05
0.921902 9.99462E-05 9.99462E-05 9.99462E-05 9.99462E-05 9.99462E-05 9.99462E-05 0.0774985
0.937757 0.0331833 9.9955E-05 9.9955E-05 9.9955E-05 9.9955E-05 9.9955E-05 0.0285597
0.920117 9.99641E-05 9.99641E-05 0.0225757 0.0300437 9.99641E-05 9.99641E-05 0.0268632
