0.283407 0.211484 9.99729E-05 0.297703 0.0170128 0.0503403 9.99729E-05 9.99729E-05 0.139754
0.071695 0.107753 0.176217 0.106459 0.0482815 9.9982E-05 9.9982E-05 0.0445336 0.444861
0.229695 0.194185 9.9973E-05 0.0814394 0.237033 9.9973E-05 9.9973E-05 0.0822094 0.175138
9.9973E-05 0.00165056 9.9973E-05 0.458246 0.366359 9.9973E-05 0.0176599 0.0540267 0.101758
0.150956 0.600723 9.9946E-05 9.9946E-05 0.247722 9.9946E-05 9.9946E-05 9.9946E-05 9.9946E-05
0.192642 0.102661 9.9964E-05 0.287967 0.399124 9.9964E-05 9.9964E-05 0.0172055 9.9964E-05
9.9937E-05 9.9937E-05 0.847511 9.9937E-05 9.9937E-05 0.15179 9.9937E-05 9.9937E-05 9.9937E-05
0.0261784 0.0589793 0.614057 9.9964E-05 9.9964E-05 0.242507 0.0578778 9.9964E-05 9.9964E-05
9.9946E-05 9.9946E-05 0.72617 9.9946E-05 9.9946E-05 0.183471 0.08976 9.9946E-05 9.9946E-05
9.9955E-05 9.9955E-05 0.712972 0.0119052 9.9955E-05 0.206253 0.06837 9.9955E-05 9.9955E-05
9.9964E-05 9.9964E-05 0.804886 0.0170335 9.9964E-05 0.0407247 0.0487591 9.9964E-05 0.088197
0.0865562 0.0615604 0.85085 9.99549E-05 0.000534096 9.99549E-05 9.99549E-05 9.99549E-05 9.99549E-05
9.9955E-05 9.9955E-05 0.659962 0.0660033 9.9955E-05 0.0119565 0.261578 9.9955E-05 9.9955E-05
9.99461E-05 9.99461E-05 0.551947 9.99461E-05 9.99461E-05 0.105932 0.341521 9.99461E-05 9.99461E-05
9.9955E-05 9.9955E-05 0.750969 9.9955E-05 9.9955E-05 0.185897 0.0555796 0.00705505 9.9955E-05
9.99551E-05 0.0113003 0.874559 9.99551E-05 9.99551E-05 0.0824279 9.99551E-05 9.99551E-05 0.0312132
0.400844 0.340362 9.99459E-05 9.99459E-05 9.99459E-05 9.99459E-05 9.99459E-05 0.258195 9.99459E-05
9.9964E-05 0.111178 0.00344704 0.161689 9.9964E-05 9.9964E-05 0.00795631 0.715331 9.9964E-05
0.55912 9.99459E-05 9.99459E-05 9.99459E-05 0.1916 9.99459E-05 9.99459E-05 0.248681 9.99459E-05
0.259467 0.0049025 9.9982E-05 0.250561 0.189745 0.0960477 0.0553125 0.143765 9.9982E-05
9.99639E-05 0.0681116 9.99639E-05 0.228847 0.0102718 0.243141 9.99639E-05 0.449228 9.99639E-05
0.120301 9.99639E-05 9.99639E-05 0.377299 9.99639E-05 0.0507482 0.0151871 0.436065 9.99639E-05
0.559601 0.0240577 0.066335 9.9973E-05 0.0742966 0.123308 9.9973E-05 9.9973E-05 0.152102
0.609973 0.288039 9.9955E-05 0.0764036 9.9955E-05 9.9955E-05 9.9955E-05 9.9955E-05 0.0250843
0.758427 0.0656124 9.99551E-05 0.0615814 0.113879 9.99551E-05 9.99551E-05 9.99551E-05 9.99551E-05
0.212562 9.9946E-05 9.9946E-05 0.661576 9.9946E-05 0.125262 9.9946E-05 9.9946E-05 9.9946E-05
0.443111 0.369249 9.9955E-05 9.9955E-05 9.9955E-05 9.9955E-05 0.100783 0.0863575 9.9955E-05
0.35863 0.197139 9.9973E-05 0.043309 0.170017 0.186576 0.0440283 9.9973E-05 9.9973E-05
9.9973E-05 0.158102 0.0300107 0.00401386 9.9973E-05 0.628812 9.9973E-05 0.125246 0.0535147
9.9964E-05 9.9964E-05 0.0189379 0.00782725 0.0331698 0.794821 9.9964E-05 0.144844 9.9964E-05
9.9955E-05 9.9955E-05 0.03876 9.9955E-05 0.298542 9.9955E-05 9.9955E-05 0.568721 0.093477
9.9964E-05 0.212215 0.0488994 0.00250538 0.378646 9.9964E-05 9.9964E-05 0.357334 9.9964E-05
9.9955E-05 0.131223 9.9955E-05 0.179495 0.357481 9.9955E-05 9.9955E-05 0.331302 9.9955E-05
0.738876 9.9946E-05 9.9946E-05 0.25646 9.9946E-05 9.9946E-05 9.9946E-05 9.9946E-05 0.00406426
0.687227 9.99459E-05 0.0428268 9.99459E-05 9.99459E-05 9.99459E-05 9.99459E-05 9.99459E-05 0.269347
0.39739 0.110985 0.0127675 9.9973E-05 0.0626035 0.280304 9.9973E-05 0.135649 9.9973E-05
0.400043 9.9964E-05 0.0670037 9.9964E-05 0.159648 9.9964E-05 0.206201 0.166704 9.9964E-05
0.706238 0.00200714 9.9964E-05 9.9964E-05 0.208453 9.9964E-05 0.0321918 0.0507101 9.9964E-05
0.483228 9.9973E-05 9.9973E-05 0.0959503 0.00712423 0.222763 9.9973E-05 0.0626418 0.127993
0.543152 9.99549E-05 9.99549E-05 9.99549E-05 0.14682 0.193205 9.99549E-05 0.116323 9.99549E-05
9.99369E-05 9.99369E-05 9.99369E-05 0.652214 9.99369E-05 9.99369E-05 9.99369E-05 9.99369E-05 0.347087
9.9964E-05 0.150879 9.9964E-05 0.579986 0.128968 9.9964E-05 0.0675067 9.9964E-05 0.0722603
9.996E-05 9.996E-05 9.996E-05 0.565708 0.273906 0.00785728 0.116398 0.0357316 9.996E-05
0.179464 0.00470867 9.9973E-05 0.117111 0.320905 9.9973E-05 0.0848979 9.9973E-05 0.292613
9.993E-05 9.993E-05 9.993E-05 0.999201 9.993E-05 9.993E-05 9.993E-05 9.993E-05 9.993E-05
9.9946E-05 9.9946E-05 9.9946E-05 0.888183 0.0900012 9.9946E-05 9.9946E-05 0.0212161 9.9946E-05
0.157316 9.9946E-05 9.9946E-05 9.9946E-05 9.9946E-05 9.9946E-05 0.029014 0.81307 9.9946E-05
9.99459E-05 0.00858312 9.99459E-05 9.99459E-05 9.99459E-05 9.99459E-05 9.99459E-05 0.744474 0.246343
9.99369E-05 9.99369E-05 9.99369E-05 9.99369E-05 9.99369E-05 9.99369E-05 9.99369E-05 0.694826 0.304474
9.9946E-05 9.9946E-05 9.9946E-05 9.9946E-05 9.9946E-05 0.411961 9.9946E-05 0.241208 0.346232
9.9946E-05 9.9946E-05 9.9946E-05 0.0787364 9.9946E-05 0.202639 9.9946E-05 0.718025 9.9946E-05
0.324685 9.9982E-05 0.00688705 0.190844 9.9982E-05 0.119562 0.0583937 0.117339 0.182089
0.24111 9.9964E-05 9.9964E-05 0.0568336 9.9964E-05 0.237112 0.0358273 0.428716 9.9964E-05
0.409045 0.0390118 9.9973E-05 0.323157 9.9973E-05 9.9973E-05 0.0119695 0.0849197 0.131598
0.478108 0.0135273 9.9982E-05 0.126349 9.9982E-05 0.0979658 0.00113065 0.17812 0.1046
0.283726 0.0677179 9.9982E-05 0.394585 0.0488748 0.0484881 0.0651288 0.0912795 9.9982E-05
0.253296 9.9964E-05 0.42589 9.9964E-05 9.9964E-05 0.140768 0.147819 9.9964E-05 0.0318268
0.0742812 9.9964E-05 0.305746 0.0341427 9.9964E-05 0.195162 0.390268 9.9964E-05 9.9964E-05
0.0231212 0.0194029 9.9964E-05 9.9964E-05 0.0398673 9.9964E-05 0.880188 9.9964E-05 0.0370207
9.9964E-05 9.9964E-05 0.338196 9.9964E-05 9.9964E-05 0.0618533 0.472767 0.0178149 0.108969
9.9964E-05 0.0126126 0.504601 9.9964E-05 0.000680964 9.9964E-05 0.478087 9.9964E-05 0.00361875
9.99639E-05 0.00739899 0.111786 9.99639E-05 9.99639E-05 9.99639E-05 0.624752 0.219915 0.0357479
9.99459E-05 9.99459E-05 0.637489 9.99459E-05 9.99459E-05 9.99459E-05 9.99459E-05 0.131793 0.230118
0.0620261 9.9955E-05 0.68482 9.9955E-05 0.0918586 9.9955E-05 9.9955E-05 0.160795 9.9955E-05
9.9946E-05 9.9946E-05 0.822675 9.9946E-05 0.136561 9.9946E-05 0.0401636 9.9946E-05 9.9946E-05
9.9946E-05 9.9946E-05 0.626498 9.9946E-05 9.9946E-05 0.114585 0.258317 9.9946E-05 9.9946E-05
0.0633062 9.9955E-05 0.602651 0.177019 9.9955E-05 9.9955E-05 0.156523 9.9955E-05 9.9955E-05
0.0994123 9.99462E-05 0.268791 9.99462E-05 9.99462E-05 9.99462E-05 0.631197 9.99462E-05 9.99462E-05
0.0683033 9.9955E-05 0.590736 9.9955E-05 9.9955E-05 9.9955E-05 0.15361 9.9955E-05 0.186851
0.136874 9.9946E-05 0.633707 9.9946E-05 9.9946E-05 9.9946E-05 0.228819 9.9946E-05 9.9946E-05
0.189682 9.9955E-05 0.73876 9.9955E-05 0.047481 9.9955E-05 9.9955E-05 9.9955E-05 0.0235775
0.145404 9.9955E-05 0.498796 9.9955E-05 9.9955E-05 9.9955E-05 0.334339 0.0209615 9.9955E-05
9.9937E-05 0.137259 0.862041 9.9937E-05 9.9937E-05 9.9937E-05 9.9937E-05 9.9937E-05 9.9937E-05
9.9955E-05 0.0569062 0.283878 9.9955E-05 9.9955E-05 9.9955E-05 0.555155 0.103561 9.9955E-05
0.0425891 9.9955E-05 0.200867 0.138227 9.9955E-05 9.9955E-05 0.617817 9.9955E-05 9.9955E-05
9.9955E-05 9.9955E-05 0.167042 9.9955E-05 9.9955E-05 0.0316531 0.648921 0.151884 9.9955E-05
9.9955E-05 9.9955E-05 0.365414 9.9955E-05 0.155323 9.9955E-05 0.460585 0.0181776 9.9955E-05
9.9946E-05 9.9946E-05 9.9946E-05 9.9946E-05 0.0372941 9.9946E-05 0.954335 0.00777103 9.9946E-05
9.9955E-05 9.9955E-05 0.292258 9.9955E-05 9.9955E-05 0.0273105 0.639983 9.9955E-05 0.0399479
0.0414822 9.9964E-05 0.759763 9.9964E-05 9.9964E-05 0.0214219 0.0286319 0.148301 9.9964E-05
9.9964E-05 9.9964E-05 0.0655116 0.00614954 9.9964E-05 0.197984 0.707299 0.0226568 9.9964E-05
9.99461E-05 0.78888 9.99461E-05 0.166249 9.99461E-05 9.99461E-05 0.0442718 9.99461E-05 9.99461E-05
9.9955E-05 0.401413 9.9955E-05 0.107736 9.9955E-05 9.9955E-05 0.0677621 9.9955E-05 0.422589
9.9946E-05 0.522537 9.9946E-05 9.9946E-05 9.9946E-05 9.9946E-05 0.0908874 9.9946E-05 0.385976
0.00163706 0.610987 9.9964E-05 9.9964E-05 0.145994 0.188398 0.0525847 9.9964E-05 9.9964E-05
9.995E-05 0.15657 9.995E-05 9.995E-05 0.0222649 0.759741 9.995E-05 9.995E-05 0.0609242
9.99371E-05 9.99371E-05 9.99371E-05 9.99371E-05 9.99371E-05 9.99371E-05 9.99371E-05 0.230634 0.768667
9.99641E-05 9.99641E-05 0.0937028 0.116946 0.506374 0.0175206 9.99641E-05 9.99641E-05 0.265056
9.9955E-05 9.9955E-05 9.9955E-05 9.9955E-05 0.461136 0.122373 0.00980262 9.9955E-05 0.406189
9.9964E-05 0.280969 9.9964E-05 0.0319262 0.593767 9.9964E-05 9.9964E-05 0.0649316 0.0280064
9.99549E-05 0.164451 9.99549E-05 9.99549E-05 0.404863 0.0466965 9.99549E-05 9.99549E-05 0.38349
9.99461E-05 9.99461E-05 9.99461E-05 9.99461E-05 0.968755 0.00115258 0.0294927 9.99461E-05 9.99461E-05
0.0131239 9.9946E-05 9.9946E-05 0.0676162 0.91866 9.9946E-05 9.9946E-05 9.9946E-05 9.9946E-05
0.0426041 0.187381 9.99639E-05 0.0836354 0.567847 0.118132 9.99639E-05 9.99639E-05 9.99639E-05
0.0399061 9.9964E-05 9.9964E-05 9.9964E-05 0.82961 0.0560535 9.9964E-05 0.0332508 0.0407794
9.9955E-05 9.9955E-05 9.9955E-05 9.9955E-05 0.551433 0.0267297 9.9955E-05 0.354845 0.0664918
0.0584421 9.9973E-05 9.9973E-05 0.0152982 0.645123 0.206215 9.9973E-05 0.0483274 0.0262941
9.9955E-05 0.0328471 9.9955E-05 0.00244295 0.879293 0.0849172 9.9955E-05 9.9955E-05 9.9955E-05
0.0896809 0.0826093 9.9946E-05 9.9946E-05 0.82711 9.9946E-05 9.9946E-05 9.9946E-05 9.9946E-05
0.0271042 0.207339 0.0251691 0.181687 0.4644 9.997E-05 9.997E-05 9.997E-05 0.0940017
9.99549E-05 0.090706 9.99549E-05 9.99549E-05 0.0973978 0.657873 9.99549E-05 9.99549E-05 0.153524
9.9955E-05 0.565607 9.9955E-05 0.104975 9.9955E-05 0.229724 9.9955E-05 9.9955E-05 0.0991948
0.00448547 0.436389 9.9955E-05 9.9955E-05 9.9955E-05 0.303458 9.9955E-05 9.9955E-05 0.255167
9.9946E-05 0.576718 9.9946E-05 9.9946E-05 9.9946E-05 0.0865405 9.9946E-05 9.9946E-05 0.336142
9.9973E-05 0.542901 0.0439614 9.9973E-05 0.11027 0.189669 9.9973E-05 0.0502337 0.0626647
0.023389 0.674269 9.9955E-05 0.0129393 9.9955E-05 0.288903 9.9955E-05 9.9955E-05 9.9955E-05
0.130096 0.477481 9.9946E-05 9.9946E-05 9.9946E-05 0.391823 9.9946E-05 9.9946E-05 9.9946E-05
9.9946E-05 0.69512 0.00159901 9.9946E-05 9.9946E-05 0.302681 9.9946E-05 9.9946E-05 9.9946E-05
0.00103296 0.717418 9.9973E-05 9.9973E-05 0.0820368 0.149031 0.0257315 0.0244496 9.9973E-05
9.9946E-05 0.7473 9.9946E-05 9.9946E-05 0.231396 0.0207043 9.9946E-05 9.9946E-05 9.9946E-05
0.0309135 0.852357 9.9955E-05 0.0993007 9.9955E-05 9.9955E-05 0.0169293 9.9955E-05 9.9955E-05
0.0350052 0.89597 9.9964E-05 0.0348923 0.0150164 9.9964E-05 9.9964E-05 9.9964E-05 0.0187163
9.99729E-05 0.388023 9.99729E-05 0.30228 0.00404815 0.148963 9.99729E-05 0.0206918 0.135694
9.997E-05 0.581782 9.997E-05 9.997E-05 0.0904379 0.0288114 0.0456039 0.134522 0.118544
0.0487916 0.576338 9.9982E-05 0.0188998 0.119828 0.0297156 9.9982E-05 0.0517113 0.154516
9.99731E-05 0.556077 9.99731E-05 0.0382789 0.278133 0.0146188 9.99731E-05 0.0542356 0.058357
9.9955E-05 0.470289 9.9955E-05 0.0852397 9.9955E-05 0.422566 9.9955E-05 9.9955E-05 0.0214054
0.0807258 0.73446 9.9955E-05 9.9955E-05 9.9955E-05 0.156005 9.9955E-05 9.9955E-05 0.0283091
9.99549E-05 0.464609 9.99549E-05 9.99549E-05 0.232118 0.207156 9.99549E-05 9.99549E-05 0.0956183
0.0982219 0.451005 9.9946E-05 9.9946E-05 9.9946E-05 9.9946E-05 9.9946E-05 9.9946E-05 0.450173
9.9946E-05 0.531312 9.9946E-05 9.9946E-05 0.0269182 9.9946E-05 9.9946E-05 9.9946E-05 0.44117
0.0490096 0.683576 9.9955E-05 9.9955E-05 0.0237981 9.9955E-05 9.9955E-05 9.9955E-05 0.243116
9.9946E-05 0.785089 9.9946E-05 0.120359 0.0939518 9.9946E-05 9.9946E-05 9.9946E-05 9.9946E-05
0.012767 0.673612 0.0789075 9.9982E-05 0.227411 0.00138112 0.00315412 0.00256781 9.9982E-05
0.0610236 0.652776 9.9973E-05 0.0360669 0.14563 9.9973E-05 0.0302721 9.9973E-05 0.073932
9.9955E-05 0.784476 9.9955E-05 9.9955E-05 0.131037 0.0133745 9.9955E-05 0.0706121 9.9955E-05
0.194724 0.563344 0.046795 9.9964E-05 9.9964E-05 0.0694575 0.12528 9.9964E-05 9.9964E-05
9.9964E-05 0.575452 0.12281 9.9964E-05 0.0157415 0.0721021 0.213494 9.9964E-05 9.9964E-05
9.9964E-05 0.676685 9.9964E-05 9.9964E-05 0.0176954 0.0774966 9.9964E-05 0.121843 0.10588
9.99549E-05 0.411669 9.99549E-05 9.99549E-05 0.0370339 0.143828 9.99549E-05 9.99549E-05 0.40697
0.00785554 0.492302 0.032818 0.0263266 0.0751218 9.9973E-05 9.9973E-05 9.9973E-05 0.365276
0.0347991 0.424008 9.9964E-05 9.9964E-05 0.0586526 0.153594 9.9964E-05 9.9964E-05 0.328547
9.99549E-05 0.216914 9.99549E-05 0.0518267 9.99549E-05 0.180422 9.99549E-05 9.99549E-05 0.550338
9.99459E-05 0.627146 9.99459E-05 9.99459E-05 0.00972656 0.362528 9.99459E-05 9.99459E-05 9.99459E-05
0.00334139 0.361021 9.9973E-05 0.000845814 0.0232563 0.309251 9.9973E-05 9.9973E-05 0.301984
9.99549E-05 0.620619 9.99549E-05 0.211306 9.99549E-05 0.0531043 9.99549E-05 9.99549E-05 0.114471
9.99639E-05 0.561844 9.99639E-05 0.12906 0.0111518 9.99639E-05 9.99639E-05 0.0822961 0.215249
9.9946E-05 0.530653 9.9946E-05 9.9946E-05 9.9946E-05 0.156584 9.9946E-05 9.9946E-05 0.312163
9.9955E-05 9.9955E-05 0.589014 9.9955E-05 9.9955E-05 9.9955E-05 0.0498202 0.132472 0.228194
9.9955E-05 9.9955E-05 0.546994 9.9955E-05 9.9955E-05 9.9955E-05 0.324562 0.0341241 0.0938194
9.9982E-05 9.9982E-05 0.654616 0.0607906 0.00879302 0.0288476 0.170337 0.0500755 0.026341
9.997E-05 9.997E-05 0.148283 9.997E-05 0.00327498 0.0395153 0.637459 0.0209389 0.150229
0.00998591 0.0466033 0.0369072 9.9973E-05 0.118451 9.9973E-05 0.73129 9.9973E-05 0.0564629
9.9946E-05 0.0255507 0.239147 9.9946E-05 9.9946E-05 9.9946E-05 0.734703 9.9946E-05 9.9946E-05
0.0116545 0.0376341 0.630782 9.9964E-05 9.9964E-05 9.9964E-05 0.270299 9.9964E-05 0.049231
9.9955E-05 9.9955E-05 0.859209 9.9955E-05 0.0683272 9.9955E-05 0.0194915 9.9955E-05 0.0524726
9.99371E-05 9.99371E-05 0.55782 9.99371E-05 9.99371E-05 9.99371E-05 9.99371E-05 9.99371E-05 0.44148
9.9946E-05 0.111873 0.308106 9.9946E-05 9.9946E-05 9.9946E-05 0.579421 9.9946E-05 9.9946E-05
0.0547073 9.99371E-05 9.99371E-05 9.99371E-05 9.99371E-05 9.99371E-05 0.944593 9.99371E-05 9.99371E-05
0.0441795 9.99461E-05 9.99461E-05 9.99461E-05 9.99461E-05 9.99461E-05 0.948292 0.0069284 9.99461E-05
9.99551E-05 9.99551E-05 0.0211019 9.99551E-05 0.0286198 0.079126 0.870653 9.99551E-05 9.99551E-05
