0.18979 0.196997 9.99639E-05 9.99639E-05 9.99639E-05 0.161596 0.389154 0.0620644 9.99639E-05
0.306804 0.0867928 9.9964E-05 9.9964E-05 9.9964E-05 9.9964E-05 0.225264 0.367737 0.0130017
0.0845754 0.262187 9.9973E-05 9.9973E-05 0.123023 0.187616 0.250565 0.0917346 9.9973E-05
0.0728752 9.9964E-05 0.00479489 9.9964E-05 0.245154 9.9964E-05 0.650628 0.0261486 9.9964E-05
9.9955E-05 0.565892 9.9955E-05 9.9955E-05 0.0971898 0.119697 0.216722 9.9955E-05 9.9955E-05
0.00599479 0.157341 9.9964E-05 9.9964E-05 0.173329 0.094617 0.568318 9.9964E-05 9.9964E-05
9.99459E-05 9.99459E-05 0.545586 9.99459E-05 9.99459E-05 9.99459E-05 9.99459E-05 0.365313 0.0885006
0.0839527 0.073325 0.573739 0.0123284 9.9982E-05 0.0380537 9.9982E-05 0.118934 0.099467
0.0104516 9.9973E-05 0.701278 0.00968657 0.0575139 9.9973E-05 9.9973E-05 0.189152 0.0316183
9.9955E-05 9.9955E-05 0.758906 9.9955E-05 9.9955E-05 9.9955E-05 0.0157322 0.129294 0.0955683
0.0380273 9.99459E-05 0.601701 9.99459E-05 9.99459E-05 9.99459E-05 9.99459E-05 0.359672 9.99459E-05
9.99639E-05 0.0277588 0.344059 0.0395674 9.99639E-05 0.0405951 9.99639E-05 0.547619 9.99639E-05
9.9973E-05 0.00540359 0.719954 0.133717 0.0287125 9.9973E-05 0.00170041 0.110213 9.9973E-05
9.9955E-05 0.00454951 0.94809 9.9955E-05 0.0222955 9.9955E-05 9.9955E-05 9.9955E-05 0.0245652
0.0134755 9.9964E-05 0.655664 0.0154754 9.9964E-05 9.9964E-05 9.9964E-05 0.26224 0.0527448
0.038294 9.9955E-05 0.562095 9.9955E-05 9.9955E-05 9.9955E-05 9.9955E-05 0.377013 0.0220976
9.9955E-05 0.358454 9.9955E-05 9.9955E-05 9.9955E-05 0.501706 9.9955E-05 0.0253486 0.113991
9.9973E-05 0.044171 9.9973E-05 0.0752358 9.9973E-05 0.0244119 0.276522 0.0475121 0.531848
9.9955E-05 9.9955E-05 9.9955E-05 0.00985253 0.180685 0.637252 9.9955E-05 9.9955E-05 0.171711
9.9973E-05 0.156857 9.9973E-05 0.0813069 0.0546106 0.319764 0.229813 9.9973E-05 0.157348
9.9982E-05 0.181329 0.0129848 0.0205494 0.0312871 0.0919941 0.188603 9.9982E-05 0.473052
9.99549E-05 9.99549E-05 9.99549E-05 0.042637 9.99549E-05 0.189035 0.403917 9.99549E-05 0.363911
0.13834 0.136933 9.9955E-05 9.9955E-05 9.9955E-05 0.571557 9.9955E-05 0.152671 9.9955E-05
0.116263 0.250975 9.9946E-05 9.9946E-05 9.9946E-05 0.632162 9.9946E-05 9.9946E-05 9.9946E-05
9.99461E-05 0.129168 9.99461E-05 9.99461E-05 0.0916418 0.77859 9.99461E-05 9.99461E-05 9.99461E-05
0.0795019 9.9946E-05 9.9946E-05 9.9946E-05 9.9946E-05 0.253347 0.666552 9.9946E-05 9.9946E-05
9.9946E-05 0.385943 9.9946E-05 0.0795299 9.9946E-05 0.533928 9.9946E-05 9.9946E-05 9.9946E-05
9.9973E-05 0.365679 0.0653526 0.0166621 0.172583 0.337901 0.0415222 9.9973E-05 9.9973E-05
0.188402 0.375522 0.0590433 9.9964E-05 9.9964E-05 9.9964E-05 0.100414 9.9964E-05 0.27622
0.0957386 0.265832 0.0964495 9.9964E-05 9.9964E-05 9.9964E-05 0.138608 9.9964E-05 0.402973
9.9946E-05 9.9946E-05 9.9946E-05 9.9946E-05 9.9946E-05 9.9946E-05 0.468131 0.358315 0.172955
9.9964E-05 0.25767 9.9964E-05 9.9964E-05 0.126147 9.9964E-05 0.330222 0.199695 0.0858658
9.9964E-05 0.158349 9.9964E-05 9.9964E-05 0.0517634 9.9964E-05 0.599713 0.0657523 0.124023
0.0674626 9.9964E-05 0.0285341 9.9964E-05 9.9964E-05 0.684659 0.208925 0.0100189 9.9964E-05
0.0748677 9.9946E-05 9.9946E-05 9.9946E-05 9.9946E-05 0.640534 9.9946E-05 0.283999 9.9946E-05
9.9973E-05 0.185575 9.9973E-05 9.9973E-05 0.0940611 0.516848 0.0193906 0.0272625 0.156563
9.9964E-05 9.9964E-05 9.9964E-05 0.181595 0.170926 0.324775 0.0871219 0.235182 9.9964E-05
9.9973E-05 0.0448023 9.9973E-05 0.0295918 0.205884 0.666322 9.9973E-05 0.0416192 0.0114805
0.11911 9.9973E-05 0.064895 0.002792 9.9973E-05 0.454824 0.191521 9.9973E-05 0.166558
9.9955E-05 9.9955E-05 9.9955E-05 9.9955E-05 0.22914 0.594913 0.0361563 9.9955E-05 0.13929
0.501834 9.9946E-05 9.9946E-05 9.9946E-05 0.000451581 9.9946E-05 0.497115 9.9946E-05 9.9946E-05
0.185195 0.00383965 9.9973E-05 0.0962144 0.330573 0.0424967 0.341381 9.9973E-05 9.9973E-05
9.9955E-05 9.9955E-05 9.9955E-05 0.116318 0.314686 9.9955E-05 0.475515 9.9955E-05 0.0929812
0.452806 9.9955E-05 9.9955E-05 0.106902 0.310549 0.129243 9.9955E-05 9.9955E-05 9.9955E-05
0.095784 9.99461E-05 0.0356402 9.99461E-05 9.99461E-05 9.99461E-05 0.867976 9.99461E-05 9.99461E-05
9.9937E-05 9.9937E-05 9.9937E-05 0.0352059 9.9937E-05 9.9937E-05 0.964095 9.9937E-05 9.9937E-05
9.9946E-05 9.9946E-05 9.9946E-05 0.0585749 9.9946E-05 0.265975 9.9946E-05 9.9946E-05 0.67485
0.111801 9.9955E-05 9.9955E-05 9.9955E-05 0.06957 9.9955E-05 9.9955E-05 0.104711 0.713418
0.14619 9.9946E-05 9.9946E-05 9.9946E-05 9.9946E-05 9.9946E-05 9.9946E-05 0.0674877 0.785723
0.322416 9.9946E-05 9.9946E-05 9.9946E-05 9.9946E-05 0.00905527 9.9946E-05 9.9946E-05 0.667929
9.99639E-05 9.99639E-05 0.0527044 0.00847968 9.99639E-05 0.0554611 0.126374 9.99639E-05 0.756581
0.299856 0.0053634 0.0892916 9.9973E-05 9.9973E-05 0.389985 0.0249313 9.9973E-05 0.190273
9.9964E-05 0.0558663 9.9964E-05 0.0635161 9.9964E-05 0.388813 0.00984129 9.9964E-05 0.481563
0.256368 9.9964E-05 9.9964E-05 0.0336272 9.9964E-05 0.529106 0.121174 9.9964E-05 0.0593243
0.278985 9.99639E-05 0.0549141 9.99639E-05 9.99639E-05 0.48982 0.0782644 9.99639E-05 0.0976168
9.99549E-05 0.116034 9.99549E-05 0.0877156 9.99549E-05 0.32998 0.465771 9.99549E-05 9.99549E-05
0.176301 9.9964E-05 0.400248 0.190779 9.9964E-05 0.148678 9.9964E-05 0.0835953 9.9964E-05
9.9955E-05 0.0838192 0.663843 0.145914 9.9955E-05 0.105924 9.9955E-05 9.9955E-05 9.9955E-05
9.9955E-05 0.0356493 0.0908864 0.840594 9.9955E-05 0.0323704 9.9955E-05 9.9955E-05 9.9955E-05
0.0971928 9.9973E-05 0.0865209 0.593802 9.9973E-05 0.00142936 9.9973E-05 0.177898 0.042857
0.000509361 9.9964E-05 0.0630512 0.6313 0.0219616 9.9964E-05 9.9964E-05 0.282778 9.9964E-05
0.0122627 9.99549E-05 9.99549E-05 0.675726 9.99549E-05 9.99549E-05 9.99549E-05 0.199495 0.112017
9.9946E-05 9.9946E-05 0.00741194 9.9946E-05 9.9946E-05 9.9946E-05 9.9946E-05 0.900396 0.0915926
9.9964E-05 0.0139033 9.9964E-05 0.177114 9.9964E-05 0.0722839 0.0350039 0.701295 9.9964E-05
9.99549E-05 9.99549E-05 0.510077 0.0473103 0.0922258 9.99549E-05 9.99549E-05 0.349887 9.99549E-05
9.9955E-05 9.9955E-05 0.814607 0.029373 9.9955E-05 9.9955E-05 9.9955E-05 0.112722 0.0427987
9.9973E-05 9.9973E-05 0.522425 0.103138 9.9973E-05 0.0938535 0.0678456 0.206828 0.00561011
9.99462E-05 9.99462E-05 0.619013 0.28686 9.99462E-05 0.0935273 9.99462E-05 9.99462E-05 9.99462E-05
0.0375054 9.9964E-05 0.244112 0.111864 9.9964E-05 0.0575445 9.9964E-05 0.548574 9.9964E-05
9.9955E-05 9.9955E-05 0.327384 0.267351 9.9955E-05 0.129862 9.9955E-05 0.274902 9.9955E-05
9.9964E-05 0.0259093 0.116777 0.1382 9.9964E-05 0.118111 9.9964E-05 0.600603 9.9964E-05
9.996E-05 0.0318379 0.263431 0.397225 9.996E-05 0.0823832 9.996E-05 0.224724 9.996E-05
9.996E-05 0.0621658 0.0872427 0.133139 9.996E-05 0.00859413 9.996E-05 0.708458 9.996E-05
9.9955E-05 0.0405731 9.9955E-05 0.696671 9.9955E-05 9.9955E-05 9.9955E-05 0.183815 0.078442
9.9955E-05 9.9955E-05 0.200239 0.595113 9.9955E-05 0.0824357 0.121712 9.9955E-05 9.9955E-05
9.9946E-05 9.9946E-05 9.9946E-05 0.755513 9.9946E-05 9.9946E-05 9.9946E-05 0.158168 0.0857186
9.9955E-05 9.9955E-05 0.0412392 0.575508 0.0916758 9.9955E-05 9.9955E-05 0.291077 9.9955E-05
9.9946E-05 0.00656869 9.9946E-05 0.96324 0.0295919 9.9946E-05 9.9946E-05 9.9946E-05 9.9946E-05
0.0167801 9.9964E-05 0.289059 0.588082 9.9964E-05 9.9964E-05 9.9964E-05 0.0866548 0.0190246
9.99639E-05 9.99639E-05 0.0686795 0.248516 9.99639E-05 0.00176091 9.99639E-05 0.598153 0.0824914
9.9964E-05 9.9964E-05 0.0104031 0.740578 9.9964E-05 9.9964E-05 0.0883626 0.0667795 0.0934772
9.99641E-05 0.791584 9.99641E-05 0.0498634 9.99641E-05 0.00729496 0.136447 9.99641E-05 0.0144108
0.774617 0.0469197 9.995E-05 0.103717 9.995E-05 9.995E-05 0.0742464 9.995E-05 9.995E-05
0.743795 0.161809 9.9946E-05 0.0937962 9.9946E-05 9.9946E-05 9.9946E-05 9.9946E-05 9.9946E-05
9.9964E-05 0.69613 0.0455029 9.9964E-05 0.156569 0.00236038 9.9964E-05 9.9964E-05 0.0990378
0.124974 0.538789 0.0245546 9.9955E-05 9.9955E-05 9.9955E-05 9.9955E-05 9.9955E-05 0.311182
0.342028 9.99461E-05 9.99461E-05 9.99461E-05 9.99461E-05 9.99461E-05 9.99461E-05 0.178112 0.479261
0.226044 9.99551E-05 9.99551E-05 9.99551E-05 0.569715 9.99551E-05 9.99551E-05 0.0788401 0.1249
0.310239 9.9973E-05 0.0474291 9.9973E-05 0.471036 9.9973E-05 0.0252652 0.0190319 0.126699
0.0776828 0.189743 9.9964E-05 9.9964E-05 0.579069 9.9964E-05 0.0760914 9.9964E-05 0.0770137
0.335607 0.0617638 9.99549E-05 9.99549E-05 0.504205 9.99549E-05 9.99549E-05 9.99549E-05 0.0979252
9.993E-05 9.993E-05 9.993E-05 9.993E-05 0.999201 9.993E-05 9.993E-05 9.993E-05 9.993E-05
9.9946E-05 9.9946E-05 9.9946E-05 9.9946E-05 0.851476 0.0289697 0.118954 9.9946E-05 9.9946E-05
9.99639E-05 0.259857 0.0236818 9.99639E-05 0.494437 0.0147419 0.206882 9.99639E-05 9.99639E-05
0.0805347 9.9964E-05 9.9964E-05 9.9964E-05 0.822992 0.0507486 9.9964E-05 0.0158704 0.0294542
9.99549E-05 9.99549E-05 9.99549E-05 9.99549E-05 0.50104 9.99549E-05 0.108774 0.0428237 0.346862
9.9964E-05 0.0680172 9.9964E-05 9.9964E-05 0.616118 0.0301379 0.184204 9.9964E-05 0.101122
9.9955E-05 0.140714 0.00167555 0.0292803 0.827831 9.9955E-05 9.9955E-05 9.9955E-05 9.9955E-05
9.9946E-05 0.123525 9.9946E-05 9.9946E-05 0.767846 0.108029 9.9946E-05 9.9946E-05 9.9946E-05
0.175213 0.0980549 0.0589722 9.9973E-05 0.493881 0.00893408 0.164644 9.9973E-05 9.9973E-05
0.378236 0.225439 0.011709 9.99729E-05 0.139904 0.00197475 9.99729E-05 9.99729E-05 0.242437
0.302366 0.490358 9.9946E-05 9.9946E-05 9.9946E-05 9.9946E-05 0.206676 9.9946E-05 9.9946E-05
0.436513 0.457163 9.9955E-05 9.9955E-05 9.9955E-05 0.0484505 9.9955E-05 9.9955E-05 0.0573739
0.587953 0.341055 0.0143963 9.9955E-05 0.0560955 9.9955E-05 9.9955E-05 9.9955E-05 9.9955E-05
9.9955E-05 0.719314 9.9955E-05 9.9955E-05 0.0424277 9.9955E-05 9.9955E-05 0.0189991 0.21876
9.9955E-05 0.849311 9.9955E-05 9.9955E-05 9.9955E-05 0.0925641 0.0429504 9.9955E-05 0.0146742
0.0279863 0.662776 9.9955E-05 9.9955E-05 9.9955E-05 0.191662 9.9955E-05 9.9955E-05 0.117076
9.9946E-05 0.850746 0.0143261 9.9946E-05 9.9946E-05 9.9946E-05 9.9946E-05 9.9946E-05 0.134329
9.9982E-05 0.787763 0.00778318 0.00288055 0.108199 9.9982E-05 0.0408307 0.02892 0.0234236
0.0122297 0.707722 0.0134604 9.9964E-05 0.190785 9.9964E-05 0.0754031 9.9964E-05 9.9964E-05
9.9955E-05 0.820176 9.9955E-05 0.00423914 9.9955E-05 0.0224474 0.152638 9.9955E-05 9.9955E-05
0.111109 0.860392 9.9955E-05 9.9955E-05 0.00147418 0.0265257 9.9955E-05 9.9955E-05 9.9955E-05
0.225022 0.300828 9.99549E-05 9.99549E-05 9.99549E-05 9.99549E-05 0.452123 9.99549E-05 0.0215274
0.261848 0.366005 9.9964E-05 0.0311743 0.212965 9.9964E-05 9.9964E-05 9.9964E-05 0.127608
0.0771661 0.634102 9.9964E-05 9.9964E-05 9.9964E-05 9.9964E-05 0.197529 0.0700517 0.0207508
0.0195877 0.720848 9.99731E-05 9.99731E-05 0.120559 0.0223538 9.99731E-05 0.00123131 0.11512
0.122049 0.679895 9.99551E-05 9.99551E-05 0.0598437 9.99551E-05 9.99551E-05 9.99551E-05 0.137713
0.0872218 0.84056 9.9955E-05 9.9955E-05 9.9955E-05 0.0405769 9.9955E-05 9.9955E-05 0.031142
0.131182 0.571844 9.99549E-05 9.99549E-05 0.211278 9.99549E-05 9.99549E-05 9.99549E-05 0.0851965
0.529406 0.286144 9.9955E-05 9.9955E-05 9.9955E-05 0.079932 9.9955E-05 0.104018 9.9955E-05
0.516242 0.310411 9.9955E-05 9.9955E-05 0.0960171 9.9955E-05 9.9955E-05 0.0768303 9.9955E-05
0.291043 0.55212 9.9964E-05 9.9964E-05 0.0652544 0.0311108 9.9964E-05 0.060072 9.9964E-05
0.0147413 0.826333 9.9955E-05 9.9955E-05 0.00996211 9.9955E-05 0.148464 9.9955E-05 9.9955E-05
0.0666776 0.626734 0.0321708 0.00338674 0.210112 0.0185287 0.0381414 0.00414923 9.9991E-05
0.0911747 0.696602 9.9964E-05 0.0205988 0.152548 0.0386763 9.9964E-05 9.9964E-05 9.9964E-05
0.0540187 0.797351 9.9973E-05 9.9973E-05 0.0731321 0.00369263 9.9973E-05 0.018086 0.0534195
9.9955E-05 0.621091 0.209968 0.0382307 9.9955E-05 0.130211 9.9955E-05 9.9955E-05 9.9955E-05
9.9955E-05 0.593571 9.9955E-05 0.274715 0.0331671 9.9955E-05 9.9955E-05 0.0980476 9.9955E-05
0.169004 0.669088 9.9964E-05 9.9964E-05 0.0524717 9.9964E-05 9.9964E-05 0.0119011 0.0971356
0.669426 0.235566 9.99549E-05 9.99549E-05 0.0765729 9.99549E-05 9.99549E-05 9.99549E-05 0.0179358
0.400524 0.479129 0.00217258 9.9964E-05 0.0162592 9.9964E-05 9.9964E-05 0.101516 9.9964E-05
0.529033 0.392045 0.00557063 9.9955E-05 0.0728519 9.9955E-05 9.9955E-05 9.9955E-05 9.9955E-05
0.853112 0.0556429 9.9955E-05 9.9955E-05 9.9955E-05 9.9955E-05 0.0696116 9.9955E-05 0.0211333
0.122545 0.744819 0.011314 9.9964E-05 0.0420187 9.9964E-05 9.9964E-05 9.9964E-05 0.0789039
0.642809 0.1787 0.00472902 9.9964E-05 0.140436 9.9964E-05 0.0329266 9.9964E-05 9.9964E-05
0.218676 0.623787 9.99459E-05 9.99459E-05 9.99459E-05 9.99459E-05 0.156937 9.99459E-05 9.99459E-05
0.308105 0.444062 9.99549E-05 9.99549E-05 9.99549E-05 9.99549E-05 0.208677 9.99549E-05 0.0386572
0.46914 0.478367 9.9946E-05 9.9946E-05 9.9946E-05 9.9946E-05 9.9946E-05 0.0518928 9.9946E-05
0.0861908 9.9955E-05 9.9955E-05 0.170195 9.9955E-05 9.9955E-05 9.9955E-05 0.717367 0.0257475
9.9964E-05 0.00324769 0.115956 0.444657 9.9964E-05 9.9964E-05 9.9964E-05 0.434597 0.00114279
0.0159475 9.9964E-05 0.140173 0.306655 9.9964E-05 9.9964E-05 9.9964E-05 0.419247 0.117577
0.134271 9.99639E-05 0.0299465 0.648743 9.99639E-05 9.99639E-05 9.99639E-05 0.0950912 0.0915484
0.0373751 0.0149111 0.121094 0.697233 0.100371 9.9982E-05 9.9982E-05 0.0102156 0.0186002
9.9964E-05 0.013594 0.00033909 0.852465 9.9964E-05 9.9964E-05 0.00694309 0.126259 9.9964E-05
9.9964E-05 9.9964E-05 0.236479 0.317037 0.0195333 0.00232685 9.9964E-05 0.424224 9.9964E-05
9.9955E-05 9.9955E-05 0.163356 0.185464 0.0125556 9.9955E-05 9.9955E-05 0.638124 9.9955E-05
0.0293555 9.99372E-05 9.99372E-05 9.99372E-05 9.99372E-05 9.99372E-05 9.99372E-05 0.969945 9.99372E-05
9.9964E-05 0.0367156 0.09858 0.628356 0.0621166 9.9964E-05 9.9964E-05 0.173832 9.9964E-05
9.99462E-05 9.99462E-05 0.236792 0.693332 9.99462E-05 0.0692766 9.99462E-05 9.99462E-05 9.99462E-05
9.99371E-05 9.99371E-05 9.99371E-05 0.939367 9.99371E-05 0.0599333 9.99371E-05 9.99371E-05 9.99371E-05
9.99551E-05 9.99551E-05 0.167005 0.783373 0.0435693 0.00555231 9.99551E-05 9.99551E-05 9.99551E-05
