0.361883 0.132524 0.00370496 9.9982E-05 0.00663336 0.294339 9.9982E-05 0.200716
0.0457201 0.176096 0.274076 9.9982E-05 9.9982E-05 0.339755 0.112427 0.0517267
0.239581 0.233933 0.114584 9.9982E-05 9.9982E-05 0.0914813 0.0116644 0.308556
0.143515 0.562113 9.9973E-05 0.0247684 9.9973E-05 0.200344 0.0689597 9.9973E-05
0.180602 0.25205 9.9955E-05 9.9955E-05 9.9955E-05 9.9955E-05 9.9955E-05 0.566848
0.273916 0.521441 9.9973E-05 9.9973E-05 9.9973E-05 0.160937 0.0026425 0.0407637
9.9955E-05 9.9955E-05 0.156434 9.9955E-05 0.714359 9.9955E-05 0.128707 9.9955E-05
0.0173167 9.9973E-05 0.0444734 9.9973E-05 0.688382 9.9973E-05 0.11198 0.137547
9.9964E-05 0.0178884 9.9964E-05 9.9964E-05 0.928095 0.0120406 0.0415762 9.9964E-05
9.9964E-05 9.9964E-05 0.025666 9.9964E-05 0.849652 0.00646915 0.117813 9.9964E-05
9.9955E-05 9.9955E-05 0.165516 9.9955E-05 0.790786 0.0431978 9.9955E-05 9.9955E-05
0.0340276 9.99729E-05 0.525578 0.00681393 0.383785 9.99729E-05 9.99729E-05 0.0494953
9.9973E-05 0.0264861 0.0267974 0.186939 0.753912 9.9973E-05 9.9973E-05 0.00556553
0.0020097 9.99551E-05 9.99551E-05 0.0765384 0.920952 9.99551E-05 9.99551E-05 9.99551E-05
9.997E-05 0.0256301 0.0522952 0.0141544 0.782932 9.997E-05 0.124688 9.997E-05
9.996E-05 9.996E-05 0.125841 9.996E-05 0.756538 0.0761039 0.0411164 9.996E-05
0.533396 9.9964E-05 0.0154316 9.9964E-05 9.9964E-05 9.9964E-05 0.120865 0.329908
0.157671 0.0419731 9.9982E-05 0.0875961 9.9982E-05 0.00776444 0.650628 0.0541674
0.64265 0.115511 9.9973E-05 0.0330373 9.9973E-05 9.9973E-05 0.207632 0.000869556
0.4751 0.164018 9.9973E-05 0.0533216 9.9973E-05 9.9973E-05 0.0991688 0.208092
0.234149 0.0469832 9.9982E-05 0.0125736 0.0222842 9.9982E-05 0.500466 0.183345
0.433662 0.0984496 9.9964E-05 0.0290692 9.9964E-05 9.9964E-05 0.438419 9.9964E-05
0.517575 9.9964E-05 0.204271 9.9964E-05 9.9964E-05 0.16234 9.9964E-05 0.115415
0.570425 9.9964E-05 0.0370792 9.9964E-05 9.9964E-05 0.170814 9.9964E-05 0.221282
0.800365 0.0288325 9.99641E-05 9.99641E-05 9.99641E-05 0.0178275 9.99641E-05 0.152575
0.54112 0.232134 9.9973E-05 9.9973E-05 9.9973E-05 0.141377 0.0181017 0.0669669
0.529743 9.9955E-05 9.9955E-05 0.115082 9.9955E-05 9.9955E-05 9.9955E-05 0.354675
0.446288 0.0747359 9.9973E-05 0.0211371 0.054977 9.9973E-05 9.9973E-05 0.402562
0.00785584 9.9973E-05 9.9973E-05 9.9973E-05 0.099377 0.196741 0.286705 0.409021
0.0411338 0.069577 9.9991E-05 0.0228667 0.0998895 0.0558559 0.42996 0.280617
9.9955E-05 0.356961 0.330614 9.9955E-05 9.9955E-05 9.9955E-05 0.311925 9.9955E-05
0.00451691 0.391076 0.206248 9.9973E-05 9.9973E-05 9.9973E-05 0.144201 0.253658
0.194076 0.474624 9.9964E-05 9.9964E-05 9.9964E-05 9.9964E-05 0.228949 0.101951
0.771172 9.9955E-05 9.9955E-05 9.9955E-05 0.050401 0.177928 9.9955E-05 9.9955E-05
0.591216 9.9955E-05 0.305562 9.9955E-05 9.9955E-05 0.102722 9.9955E-05 9.9955E-05
0.550197 0.055848 0.0841335 9.9973E-05 9.9973E-05 9.9973E-05 0.0968571 0.212664
0.34854 0.182102 0.282896 0.161424 9.997E-05 9.997E-05 0.0247386 9.997E-05
0.658769 0.0655196 0.167519 9.996E-05 9.996E-05 9.996E-05 9.996E-05 0.107793
0.560123 0.0181355 9.9973E-05 9.9973E-05 0.0454203 0.211883 0.164138 9.9973E-05
0.632634 0.148075 9.9973E-05 9.9973E-05 0.059462 9.9973E-05 0.107111 0.0524184
0.114434 0.340779 9.9964E-05 9.9964E-05 9.9964E-05 0.543517 0.000869737 9.9964E-05
0.143973 0.389657 9.9973E-05 0.0961027 9.9973E-05 0.254228 9.9973E-05 0.11574
0.123725 0.597876 9.9973E-05 0.121599 9.9973E-05 9.9973E-05 0.150188 0.00631249
0.111788 0.209751 9.99639E-05 0.164687 9.99639E-05 0.513374 9.99639E-05 9.99639E-05
0.262792 0.539964 9.996E-05 9.996E-05 0.0203228 0.176521 9.996E-05 9.996E-05
0.31902 0.518712 9.9964E-05 9.9964E-05 9.9964E-05 0.0320817 0.129787 9.9964E-05
0.300928 9.9955E-05 9.9955E-05 0.110204 9.9955E-05 9.9955E-05 0.588368 9.9955E-05
0.0209212 9.9973E-05 0.104443 0.0108041 9.9973E-05 0.114816 0.748716 9.9973E-05
9.9955E-05 9.9955E-05 0.0111558 9.9955E-05 9.9955E-05 0.0947136 0.893631 9.9955E-05
0.026823 9.9955E-05 9.9955E-05 9.9955E-05 9.9955E-05 0.305303 0.667374 9.9955E-05
0.148042 9.9973E-05 9.9973E-05 0.0152619 0.0153472 9.9973E-05 0.785127 0.0359229
0.404995 9.9964E-05 9.9964E-05 9.9964E-05 0.113331 0.292641 0.188633 9.9964E-05
0.45183 9.9964E-05 9.9964E-05 0.0942103 9.9964E-05 9.9964E-05 0.399117 0.054443
0.619723 9.9964E-05 9.9964E-05 0.0270259 9.9964E-05 0.269782 0.0830685 9.9964E-05
0.586176 9.996E-05 9.996E-05 9.996E-05 0.0627408 0.280212 0.0704714 9.996E-05
0.585827 0.225947 9.9973E-05 0.0592606 9.9973E-05 9.9973E-05 0.021814 0.106851
0.167994 9.9973E-05 0.168584 0.226179 0.345403 0.0915395 9.9973E-05 9.9973E-05
0.135897 9.9964E-05 9.9964E-05 0.212358 0.586873 9.9964E-05 9.9964E-05 0.0644723
0.0698354 9.9964E-05 9.9964E-05 0.828592 0.0804588 0.0207142 9.9964E-05 9.9964E-05
0.00762371 9.9982E-05 0.18337 0.50591 0.15847 0.111156 0.0332703 9.9982E-05
9.9964E-05 9.9964E-05 0.291691 0.601449 0.0943609 0.0120992 9.9964E-05 9.9964E-05
9.99549E-05 9.99549E-05 0.189458 0.671473 9.99549E-05 9.99549E-05 0.13857 9.99549E-05
9.99459E-05 9.99459E-05 0.885342 9.99459E-05 9.99459E-05 9.99459E-05 0.114058 9.99459E-05
0.0495491 0.0176544 0.758104 0.170089 9.9973E-05 9.9973E-05 9.9973E-05 0.00430339
9.99639E-05 0.0564995 0.34068 0.0746335 0.527787 9.99639E-05 9.99639E-05 9.99639E-05
9.9964E-05 9.9964E-05 0.0242213 0.197857 0.734701 9.9964E-05 0.0428209 9.9964E-05
0.0847281 0.0487762 0.180529 0.177238 0.459979 9.999E-05 0.0201397 0.02851
0.0997686 9.99551E-05 9.99551E-05 0.415741 0.483991 9.99551E-05 9.99551E-05 9.99551E-05
0.0295123 9.9964E-05 0.596431 0.194654 0.179003 9.9964E-05 9.9964E-05 9.9964E-05
0.0884907 9.9964E-05 0.230912 0.307976 0.372222 9.9964E-05 9.9964E-05 9.9964E-05
0.173977 9.9973E-05 0.536603 0.0473351 0.23175 9.9973E-05 9.9973E-05 0.0100343
0.0884127 9.997E-05 0.215899 0.478968 0.138109 9.997E-05 9.997E-05 0.0783118
9.9964E-05 9.9964E-05 0.797784 0.124011 0.0559949 9.9964E-05 9.9964E-05 0.02181
9.9964E-05 9.9964E-05 0.186832 0.692631 9.9964E-05 9.9964E-05 0.0962597 0.0238766
0.183764 9.9973E-05 0.0125361 0.601059 0.192845 9.9973E-05 0.00949507 9.9973E-05
9.99549E-05 9.99549E-05 0.174785 0.72909 9.99549E-05 9.99549E-05 0.0956254 9.99549E-05
9.996E-05 0.0674576 0.352444 0.574048 0.00565088 9.996E-05 9.996E-05 9.996E-05
9.9946E-05 0.0341462 9.9946E-05 0.965254 9.9946E-05 9.9946E-05 9.9946E-05 9.9946E-05
9.9964E-05 9.9964E-05 0.0900583 0.577865 0.267714 0.063963 9.9964E-05 9.9964E-05
9.9964E-05 9.9964E-05 0.594301 0.230795 0.0874831 9.9964E-05 0.0870211 9.9964E-05
9.9964E-05 0.0407677 0.0918558 0.700471 9.9964E-05 9.9964E-05 0.166506 9.9964E-05
0.0602138 0.0231897 9.998E-05 0.05467 9.998E-05 0.0555365 0.0235608 0.782629
9.9955E-05 9.9955E-05 9.9955E-05 0.113526 9.9955E-05 0.797379 9.9955E-05 0.0885947
9.9955E-05 9.9955E-05 9.9955E-05 0.109372 9.9955E-05 0.674475 9.9955E-05 0.215653
9.996E-05 0.0792563 9.996E-05 9.996E-05 0.039258 9.996E-05 0.0967308 0.784355
9.99719E-05 9.99719E-05 9.99719E-05 9.99719E-05 0.0279704 0.0160551 0.332903 0.622672
9.99551E-05 9.99551E-05 0.158664 9.99551E-05 9.99551E-05 0.277175 0.563661 9.99551E-05
9.99731E-05 0.6557 0.0838997 9.99731E-05 0.00717124 0.167325 0.0856045 9.99731E-05
9.9964E-05 0.491556 9.9964E-05 9.9964E-05 0.0745725 0.307831 0.125641 9.9964E-05
9.9973E-05 0.544944 0.0142284 9.9973E-05 9.9973E-05 0.00193838 0.0917778 0.346812
9.997E-05 0.17253 0.0354309 9.997E-05 9.997E-05 0.25971 0.137119 0.39491
9.9964E-05 0.726597 0.00222209 0.0412337 9.9964E-05 9.9964E-05 9.9964E-05 0.229547
0.0535825 0.93374 9.9955E-05 0.0121776 9.9955E-05 9.9955E-05 9.9955E-05 9.9955E-05
0.0983123 0.530136 9.99639E-05 9.99639E-05 0.0402171 9.99639E-05 9.99639E-05 0.330935
0.0194522 0.663557 0.0812886 9.9973E-05 9.9973E-05 0.0343305 9.9973E-05 0.201072
9.99549E-05 0.612339 0.0103782 9.99549E-05 9.99549E-05 9.99549E-05 0.376783 9.99549E-05
0.106945 0.668836 9.9964E-05 9.9964E-05 9.9964E-05 9.9964E-05 0.173877 0.0499424
9.996E-05 0.635947 9.996E-05 0.0279908 0.0149625 9.996E-05 9.996E-05 0.3207
0.0545258 0.673845 9.9964E-05 0.00668873 9.9964E-05 9.9964E-05 9.9964E-05 0.264541
0.0637917 0.548065 9.9973E-05 9.9973E-05 0.0408107 0.193441 9.9973E-05 0.153591
0.000395861 0.00680936 9.9973E-05 9.9973E-05 9.9973E-05 0.353044 0.244299 0.395151
9.9964E-05 0.0437534 9.9964E-05 9.9964E-05 9.9964E-05 0.37765 0.0443923 0.533805
0.0190605 9.9964E-05 9.9964E-05 9.9964E-05 9.9964E-05 0.450254 0.0453976 0.484889
9.9946E-05 9.9946E-05 9.9946E-05 9.9946E-05 9.9946E-05 0.589404 9.9946E-05 0.409996
9.9955E-05 9.9955E-05 0.0275115 9.9955E-05 9.9955E-05 9.9955E-05 0.224541 0.747448
0.0449191 9.9955E-05 9.9955E-05 9.9955E-05 9.9955E-05 9.9955E-05 0.0657968 0.888784
0.203291 9.9955E-05 9.9955E-05 9.9955E-05 9.9955E-05 9.9955E-05 0.10818 0.688029
9.99461E-05 9.99461E-05 9.99461E-05 9.99461E-05 9.99461E-05 9.99461E-05 0.0580244 0.941376
9.9964E-05 0.0341346 9.9964E-05 9.9964E-05 0.0144285 9.9964E-05 0.07122 0.879817
9.9964E-05 0.24326 0.0145195 9.9964E-05 9.9964E-05 0.0458985 9.9964E-05 0.695923
0.104183 0.00265844 9.9964E-05 9.9964E-05 9.9964E-05 0.00217169 9.9964E-05 0.890587
0.00801833 0.0010853 9.9964E-05 9.9964E-05 9.9964E-05 0.0714165 9.9964E-05 0.91908
0.0228453 0.263934 9.997E-05 9.997E-05 9.997E-05 0.283727 0.101945 0.327249
9.997E-05 0.104654 9.997E-05 0.052599 9.997E-05 0.290012 0.115337 0.437097
0.0527301 0.187978 0.0534119 9.9982E-05 9.9982E-05 0.171198 0.0124428 0.522039
0.0337652 0.105245 9.9973E-05 9.9973E-05 9.9973E-05 0.00684309 0.109113 0.744734
9.99641E-05 0.0503274 9.99641E-05 9.99641E-05 9.99641E-05 0.118154 0.100294 0.730825
0.0410365 9.9973E-05 0.0150259 9.9973E-05 9.9973E-05 0.0694232 0.0051847 0.86903
9.99639E-05 0.0881252 9.99639E-05 9.99639E-05 9.99639E-05 0.0780257 0.103444 0.730005
0.0259231 9.9964E-05 0.0836317 9.9964E-05 9.9964E-05 0.558311 9.9964E-05 0.331734
9.9964E-05 0.0427617 0.0454011 9.9964E-05 9.9964E-05 0.58953 9.9964E-05 0.321907
9.9955E-05 9.9955E-05 0.07168 9.9955E-05 9.9955E-05 0.320871 9.9955E-05 0.606949
9.9955E-05 0.156889 9.9955E-05 9.9955E-05 9.9955E-05 0.0598693 9.9955E-05 0.782742
0.00554491 0.176128 0.0501971 0.00933496 0.0273808 0.0651691 9.9991E-05 0.666145
0.0490331 0.0706549 0.0249676 9.9973E-05 9.9973E-05 0.125046 9.9973E-05 0.729999
9.9964E-05 9.9964E-05 0.0267353 9.9964E-05 9.9964E-05 0.0927214 0.0164837 0.86366
0.134289 9.9964E-05 9.9964E-05 0.10483 0.11792 9.9964E-05 9.9964E-05 0.642562
9.9955E-05 9.9955E-05 0.151062 0.254858 9.9955E-05 9.9955E-05 9.9955E-05 0.59358
9.9955E-05 9.9955E-05 9.9955E-05 9.9955E-05 9.9955E-05 0.150551 0.136041 0.712909
9.99639E-05 0.000850018 9.99639E-05 9.99639E-05 9.99639E-05 0.635342 0.0653439 0.298064
9.9964E-05 0.0781252 0.0732694 9.9964E-05 9.9964E-05 0.43331 9.9964E-05 0.414895
0.00936358 0.0252584 0.00583639 9.9982E-05 0.0218398 0.542879 9.9982E-05 0.394623
0.0107856 9.9964E-05 9.9964E-05 9.9964E-05 9.9964E-05 0.82827 0.0516955 0.108849
9.9955E-05 9.9955E-05 9.9955E-05 9.9955E-05 9.9955E-05 0.121044 0.0803102 0.798146
9.9964E-05 0.0557258 9.9964E-05 9.9964E-05 0.008372 0.57215 9.9964E-05 0.363352
9.9955E-05 0.100956 9.9955E-05 9.9955E-05 9.9955E-05 0.291097 9.9955E-05 0.607447
9.9964E-05 0.103793 9.9964E-05 9.9964E-05 9.9964E-05 0.371568 0.117909 0.406331
9.996E-05 9.996E-05 0.0707662 9.996E-05 9.996E-05 0.305232 0.0264728 0.597129
9.9955E-05 9.9955E-05 0.741548 0.164728 9.9955E-05 0.0932242 9.9955E-05 9.9955E-05
9.9973E-05 9.9973E-05 0.397112 0.432556 0.131552 0.0135702 0.0249105 9.9973E-05
9.99639E-05 9.99639E-05 0.412659 0.337626 0.134562 9.99639E-05 0.114754 9.99639E-05
9.998E-05 0.0187777 0.0966774 0.658695 0.0685993 0.0772646 0.0797861 9.998E-05
9.9982E-05 9.9982E-05 0.0439735 0.613623 0.208416 0.027197 0.00757404 0.0990158
9.9973E-05 9.9973E-05 0.104306 0.78966 0.0833603 0.0179567 0.00441725 9.9973E-05
9.9964E-05 9.9964E-05 0.389891 0.303062 0.286589 9.9964E-05 9.9964E-05 0.0200588
9.9964E-05 9.9964E-05 0.585449 0.172983 0.239333 9.9964E-05 9.9964E-05 0.00183484
9.99462E-05 9.99462E-05 0.938406 9.99462E-05 9.99462E-05 0.0609946 9.99462E-05 9.99462E-05
9.997E-05 9.997E-05 0.111646 0.626044 0.155002 9.997E-05 0.0090169 0.097991
0.103459 9.99551E-05 9.99551E-05 0.872893 0.0231477 9.99551E-05 9.99551E-05 9.99551E-05
0.0632556 9.996E-05 9.996E-05 0.907072 0.0230511 0.00622171 9.996E-05 9.996E-05
0.0287268 0.0250031 9.9973E-05 0.825471 0.115971 9.9973E-05 9.9973E-05 0.00452785
