9.99549E-05 0.201181 0.0126644 9.99549E-05 0.656107 0.0514603 9.99549E-05 9.99549E-05 9.99549E-05 0.0780876
0.0979648 0.0431703 9.99639E-05 9.99639E-05 0.220917 0.309027 9.99639E-05 9.99639E-05 0.118407 0.210114
9.9964E-05 0.333782 0.112401 9.9964E-05 0.306266 9.9964E-05 9.9964E-05 0.0465921 0.0751157 0.125443
0.012443 9.9973E-05 0.542552 0.0336467 0.207976 0.0616096 9.9973E-05 0.0178774 9.9973E-05 0.123595
9.9955E-05 0.503733 0.231112 9.9955E-05 0.255197 9.9955E-05 0.00860216 0.000856594 9.9955E-05 9.9955E-05
9.9955E-05 0.0156468 0.477528 9.9955E-05 0.4055 9.9955E-05 9.9955E-05 0.0620374 9.9955E-05 0.0387876
0.750467 9.9946E-05 9.9946E-05 0.0929631 9.9946E-05 9.9946E-05 9.9946E-05 9.9946E-05 0.111551 0.0444196
0.753723 0.104418 9.9937E-05 9.9937E-05 9.9937E-05 9.9937E-05 9.9937E-05 0.14116 9.9937E-05 9.9937E-05
0.640806 9.9955E-05 0.0278292 0.283608 9.9955E-05 9.9955E-05 0.0349146 9.9955E-05 9.9955E-05 0.0123429
0.426392 9.9946E-05 9.9946E-05 0.518243 0.00143347 9.9946E-05 9.9946E-05 9.9946E-05 9.9946E-05 0.0533326
0.822345 9.99459E-05 9.99459E-05 0.0674957 0.0856188 9.99459E-05 9.99459E-05 9.99459E-05 0.0239411 9.99459E-05
0.212831 0.0349228 9.99459E-05 0.150645 9.99459E-05 9.99459E-05 9.99459E-05 9.99459E-05 0.601002 9.99459E-05
0.228383 9.9946E-05 9.9946E-05 0.429063 9.9946E-05 9.9946E-05 0.171973 9.9946E-05 0.169982 9.9946E-05
0.579795 9.9946E-05 9.9946E-05 0.2751 9.9946E-05 9.9946E-05 0.058577 0.0859276 9.9946E-05 9.9946E-05
0.820448 9.9964E-05 0.0331319 0.122142 0.00441661 9.9964E-05 0.00855664 9.9964E-05 9.9964E-05 0.0109049
0.939758 9.99281E-05 9.99281E-05 9.99281E-05 9.99281E-05 9.99281E-05 9.99281E-05 9.99281E-05 0.059443 9.99281E-05
9.9937E-05 0.328131 9.9937E-05 9.9937E-05 9.9937E-05 9.9937E-05 9.9937E-05 0.606592 0.0645773 9.9937E-05
0.0739672 9.9937E-05 9.9937E-05 9.9937E-05 9.9937E-05 9.9937E-05 9.9937E-05 0.543663 9.9937E-05 0.38167
9.9964E-05 9.9964E-05 0.153863 0.0201617 0.231811 9.9964E-05 9.9964E-05 0.481183 0.031271 0.08131
9.9946E-05 0.138425 0.160058 9.9946E-05 9.9946E-05 9.9946E-05 0.0103188 0.690599 9.9946E-05 9.9946E-05
9.99549E-05 0.201726 0.0063258 0.0119637 9.99549E-05 9.99549E-05 9.99549E-05 0.479151 9.99549E-05 0.300334
0.0253175 9.9946E-05 0.0809072 9.9946E-05 9.9946E-05 9.9946E-05 9.9946E-05 0.732962 9.9946E-05 0.160213
0.00871387 0.0782323 9.9955E-05 9.9955E-05 0.679812 0.0497166 9.9955E-05 9.9955E-05 0.183025 9.9955E-05
9.9946E-05 0.158673 9.9946E-05 9.9946E-05 0.721567 0.0681052 0.0510554 9.9946E-05 9.9946E-05 9.9946E-05
9.99461E-05 0.0613102 9.99461E-05 9.99461E-05 0.817438 9.99461E-05 0.00294914 0.117704 9.99461E-05 9.99461E-05
9.9955E-05 0.0398182 0.174361 9.9955E-05 0.362689 0.0951963 9.9955E-05 0.327435 9.9955E-05 9.9955E-05
9.9946E-05 0.33667 9.9946E-05 9.9946E-05 0.113944 9.9946E-05 0.0617468 0.487039 9.9946E-05 9.9946E-05
9.9955E-05 0.343536 0.121291 9.9955E-05 0.209727 9.9955E-05 0.0414834 0.283463 9.9955E-05 9.9955E-05
0.0554483 0.391465 9.9955E-05 9.9955E-05 9.9955E-05 0.158274 9.9955E-05 0.206168 9.9955E-05 0.188145
0.0321178 0.197314 0.0794965 0.11787 9.9973E-05 0.0617021 9.9973E-05 0.194069 9.9973E-05 0.317131
9.9946E-05 9.9946E-05 0.258343 9.9946E-05 9.9946E-05 9.9946E-05 9.9946E-05 0.145325 0.294373 0.301359
9.99549E-05 0.230097 0.286299 9.99549E-05 9.99549E-05 9.99549E-05 9.99549E-05 0.250126 0.219145 0.0138333
0.00432303 0.0587683 0.420528 9.9982E-05 0.0627472 0.0728319 9.9982E-05 0.272955 0.0139692 0.0936777
0.00773226 9.994E-05 9.994E-05 0.0177717 0.93048 9.994E-05 9.994E-05 0.0434165 9.994E-05 9.994E-05
9.9928E-05 9.9928E-05 9.9928E-05 9.9928E-05 0.748377 9.9928E-05 9.9928E-05 9.9928E-05 0.250824 9.9928E-05
9.996E-05 0.175915 0.0506197 9.996E-05 0.232471 9.996E-05 9.996E-05 0.415111 0.0987433 0.0267398
9.996E-05 9.996E-05 0.0124973 9.996E-05 0.459781 9.996E-05 0.231136 0.000676368 0.17487 0.12064
9.9964E-05 0.073038 0.0136109 9.9964E-05 0.556626 9.9964E-05 0.0827178 0.213108 0.0604991 9.9964E-05
9.9964E-05 9.9964E-05 9.9964E-05 0.00254363 0.509216 0.0102837 0.0624805 0.166131 9.9964E-05 0.248945
9.9946E-05 9.9946E-05 0.202761 9.9946E-05 0.314554 9.9946E-05 9.9946E-05 0.465579 9.9946E-05 0.0165071
9.99371E-05 9.99371E-05 0.342887 9.99371E-05 9.99371E-05 0.559138 9.99371E-05 0.097276 9.99371E-05 9.99371E-05
9.9955E-05 0.092813 0.386355 9.9955E-05 9.9955E-05 0.290339 0.08747 0.142523 9.9955E-05 9.9955E-05
9.9955E-05 9.9955E-05 0.480899 9.9955E-05 0.161814 9.9955E-05 0.123893 0.0564096 9.9955E-05 0.176485
9.9955E-05 9.9955E-05 0.235418 9.9955E-05 0.0569497 0.535184 0.154424 0.0175245 9.9955E-05 9.9955E-05
0.0214493 9.99551E-05 0.461587 9.99551E-05 0.0905949 0.204451 9.99551E-05 0.221418 9.99551E-05 9.99551E-05
9.9946E-05 9.9946E-05 0.472533 9.9946E-05 0.310538 9.9946E-05 9.9946E-05 0.0917977 9.9946E-05 0.124532
9.993E-05 9.993E-05 9.993E-05 9.993E-05 9.993E-05 9.993E-05 9.993E-05 0.615105 0.0677686 0.316427
9.994E-05 9.994E-05 9.994E-05 9.994E-05 9.994E-05 0.0191505 9.994E-05 0.264855 0.135333 0.580062
9.9937E-05 9.9937E-05 9.9937E-05 9.9937E-05 9.9937E-05 9.9937E-05 9.9937E-05 0.0512937 0.0159731 0.932034
9.99459E-05 9.99459E-05 9.99459E-05 9.99459E-05 0.0209679 0.157645 9.99459E-05 0.116493 9.99459E-05 0.704294
9.99369E-05 9.99369E-05 9.99369E-05 0.0558892 9.99369E-05 9.99369E-05 9.99369E-05 0.383753 9.99369E-05 0.559658
9.9946E-05 9.9946E-05 9.9946E-05 0.0935462 0.0135563 0.420141 9.9946E-05 0.472157 9.9946E-05 9.9946E-05
9.9946E-05 9.9946E-05 9.9946E-05 0.0440653 9.9946E-05 9.9946E-05 0.012546 0.658992 9.9946E-05 0.283797
9.9928E-05 9.9928E-05 9.9928E-05 9.9928E-05 9.9928E-05 0.324662 9.9928E-05 0.674539 9.9928E-05 9.9928E-05
9.99369E-05 9.99369E-05 9.99369E-05 0.023108 9.99369E-05 0.319792 9.99369E-05 0.656401 9.99369E-05 9.99369E-05
9.9937E-05 9.9937E-05 0.275659 9.9937E-05 0.0640104 9.9937E-05 9.9937E-05 0.659631 9.9937E-05 9.9937E-05
9.9955E-05 9.9955E-05 0.00403965 0.641603 0.142842 0.147826 9.9955E-05 9.9955E-05 0.0631895 9.9955E-05
9.9928E-05 0.173635 9.9928E-05 0.825566 9.9928E-05 9.9928E-05 9.9928E-05 9.9928E-05 9.9928E-05 9.9928E-05
0.0811964 0.00194374 9.9946E-05 9.9946E-05 0.0455485 9.9946E-05 0.870712 9.9946E-05 9.9946E-05 9.9946E-05
0.0867653 9.9964E-05 9.9964E-05 0.234632 9.9964E-05 0.129189 0.386974 0.0262457 0.135794 9.9964E-05
0.0986628 9.9955E-05 9.9955E-05 0.0411168 9.9955E-05 0.0215187 0.61034 9.9955E-05 0.227862 9.9955E-05
9.99549E-05 9.99549E-05 9.99549E-05 9.99549E-05 9.99549E-05 0.000371798 0.650554 0.0676793 0.241455 0.0394403
9.99279E-05 9.99279E-05 9.99279E-05 9.99279E-05 9.99279E-05 9.99279E-05 9.99279E-05 9.99279E-05 0.78353 0.215671
9.9946E-05 9.9946E-05 0.0230987 9.9946E-05 9.9946E-05 9.9946E-05 0.0725505 0.0721603 0.831591 9.9946E-05
0.0107965 9.99459E-05 0.0565152 0.625559 9.99459E-05 9.99459E-05 9.99459E-05 9.99459E-05 0.306529 9.99459E-05
9.99279E-05 9.99279E-05 9.99279E-05 0.930753 9.99279E-05 9.99279E-05 9.99279E-05 9.99279E-05 9.99279E-05 0.0684477
9.9946E-05 0.0630707 9.9946E-05 0.665993 9.9946E-05 9.9946E-05 9.9946E-05 0.0751031 0.195233 9.9946E-05
9.99372E-05 9.99372E-05 9.99372E-05 0.718166 0.0520292 9.99372E-05 0.229105 9.99372E-05 9.99372E-05 9.99372E-05
9.9955E-05 9.9955E-05 9.9955E-05 0.450714 0.01401 0.0709471 0.0127188 9.9955E-05 0.451111 9.9955E-05
0.0662482 9.9964E-05 9.9964E-05 0.351494 0.00629888 9.9964E-05 0.218386 0.0530848 0.304089 9.9964E-05
9.9955E-05 0.0236138 9.9955E-05 0.196596 0.0809854 9.9955E-05 0.0114649 9.9955E-05 0.68684 9.9955E-05
9.9955E-05 0.0176634 9.9955E-05 0.528444 9.9955E-05 9.9955E-05 0.150354 0.0903994 0.212639 9.9955E-05
9.9946E-05 0.0353436 9.9946E-05 0.198765 9.9946E-05 9.9946E-05 0.00232594 9.9946E-05 0.762966 9.9946E-05
0.0633745 9.9955E-05 9.9955E-05 9.9955E-05 9.9955E-05 9.9955E-05 0.632857 0.0949227 0.199761 0.00858502
0.0137994 9.99461E-05 9.99461E-05 0.385185 9.99461E-05 9.99461E-05 0.439467 0.160948 9.99461E-05 9.99461E-05
9.996E-05 9.996E-05 0.000684914 0.201141 9.996E-05 9.996E-05 0.628867 0.0111517 0.0791357 0.07862
9.994E-05 9.994E-05 0.100469 0.128957 9.994E-05 9.994E-05 0.405103 9.994E-05 0.364872 9.994E-05
9.99371E-05 0.0120011 9.99371E-05 0.0116633 9.99371E-05 9.99371E-05 0.975636 9.99371E-05 9.99371E-05 9.99371E-05
0.209726 9.9964E-05 9.9964E-05 0.218014 0.00610665 9.9964E-05 0.522225 9.9964E-05 0.0388044 0.00472387
9.99549E-05 9.99549E-05 9.99549E-05 0.263076 9.99549E-05 9.99549E-05 0.0624311 0.0128552 0.579561 0.081577
9.9955E-05 9.9955E-05 9.9955E-05 0.162571 0.0507313 9.9955E-05 0.631831 9.9955E-05 0.00579301 0.148574
0.00234624 0.80184 0.0178796 9.99731E-05 0.022016 0.00678935 0.0415914 0.107237 9.99731E-05 9.99731E-05
9.9946E-05 0.0239664 9.9946E-05 9.9946E-05 9.9946E-05 0.88516 0.0785915 0.0116828 9.9946E-05 9.9946E-05
9.9937E-05 0.143409 9.9937E-05 9.9937E-05 9.9937E-05 0.7569 0.098992 9.9937E-05 9.9937E-05 9.9937E-05
9.9946E-05 0.674434 0.0998221 0.083423 9.9946E-05 9.9946E-05 9.9946E-05 9.9946E-05 9.9946E-05 0.141721
0.0647336 0.575365 9.9937E-05 9.9937E-05 9.9937E-05 9.9937E-05 9.9937E-05 9.9937E-05 9.9937E-05 0.359201
9.99371E-05 9.99371E-05 9.99371E-05 9.99371E-05 9.99371E-05 0.101332 9.99371E-05 9.99371E-05 0.0230621 0.874906
0.0175683 0.00178754 0.495755 0.00557525 9.99731E-05 0.207694 9.99731E-05 9.99731E-05 0.0478302 0.22349
0.0810433 9.9955E-05 0.493995 9.9955E-05 0.0118268 0.257493 9.9955E-05 9.9955E-05 9.9955E-05 0.155143
9.9955E-05 0.311717 0.525952 9.9955E-05 9.9955E-05 0.00228793 9.9955E-05 9.9955E-05 0.01249 0.147053
9.99549E-05 0.29648 0.246659 9.99549E-05 9.99549E-05 0.233641 9.99549E-05 9.99549E-05 0.0115964 0.211124
9.9946E-05 0.145472 0.806077 9.9946E-05 9.9946E-05 9.9946E-05 0.0106304 9.9946E-05 0.0372218 9.9946E-05
9.9928E-05 9.9928E-05 0.885049 9.9928E-05 9.9928E-05 9.9928E-05 9.9928E-05 0.114152 9.9928E-05 9.9928E-05
0.0110347 0.264098 0.510106 9.99459E-05 0.214161 9.99459E-05 9.99459E-05 9.99459E-05 9.99459E-05 9.99459E-05
9.9964E-05 0.075866 0.737009 9.9964E-05 0.0442924 0.0436332 9.9964E-05 9.9964E-05 0.0379086 0.0608911
0.000993078 9.99369E-05 0.558845 9.99369E-05 9.99369E-05 9.99369E-05 9.99369E-05 9.99369E-05 9.99369E-05 0.439462
0.0128702 0.00824803 0.650657 9.99549E-05 0.167812 9.99549E-05 9.99549E-05 9.99549E-05 9.99549E-05 0.159913
9.9946E-05 0.269073 0.635762 0.0680051 9.9946E-05 9.9946E-05 9.9946E-05 9.9946E-05 9.9946E-05 0.0265598
9.995E-05 0.226026 0.654605 9.995E-05 0.0753336 9.995E-05 0.0150808 9.995E-05 0.0284555 9.995E-05
9.99639E-05 0.12378 0.500996 0.044356 0.0943086 0.223934 9.99639E-05 0.0122253 9.99639E-05 9.99639E-05
9.99639E-05 0.347405 0.0408356 0.028405 0.0568146 0.244933 9.99639E-05 9.99639E-05 9.99639E-05 0.281207
9.9955E-05 0.49844 0.0251326 9.9955E-05 0.0880938 0.369362 9.9955E-05 9.9955E-05 9.9955E-05 0.0184712
9.9946E-05 0.448161 9.9946E-05 9.9946E-05 0.0849171 0.394493 9.9946E-05 9.9946E-05 9.9946E-05 0.0718292
9.9946E-05 0.425412 9.9946E-05 9.9946E-05 9.9946E-05 0.504002 9.9946E-05 0.0671663 9.9946E-05 0.00281943
9.9946E-05 0.724158 9.9946E-05 0.0181521 9.9946E-05 9.9946E-05 9.9946E-05 9.9946E-05 0.000819342 0.256271
9.994E-05 0.842961 9.994E-05 0.0243064 0.0574177 9.994E-05 9.994E-05 0.0747154 9.994E-05 9.994E-05
9.9946E-05 0.659128 9.9946E-05 9.9946E-05 0.222245 9.9946E-05 9.9946E-05 0.051437 9.9946E-05 0.0665895
9.99461E-05 0.939038 9.99461E-05 0.032449 9.99461E-05 9.99461E-05 9.99461E-05 0.0118136 9.99461E-05 0.0160995
9.9955E-05 0.822606 0.00877423 9.9955E-05 0.0817441 9.9955E-05 0.0252426 9.9955E-05 9.9955E-05 0.0611329
9.99459E-05 0.664952 0.248515 9.99459E-05 0.0478824 0.0380509 9.99459E-05 9.99459E-05 9.99459E-05 9.99459E-05
9.996E-05 0.828857 0.0192172 9.996E-05 0.131159 0.0101282 0.00173564 9.996E-05 0.00850351 9.996E-05
9.99371E-05 0.906384 9.99371E-05 9.99371E-05 0.0588645 0.0340518 9.99371E-05 9.99371E-05 9.99371E-05 9.99371E-05
9.99549E-05 0.426839 0.121034 9.99549E-05 0.157367 0.146302 9.99549E-05 9.99549E-05 9.99549E-05 0.147957
9.9964E-05 0.435637 0.124874 9.9964E-05 9.9964E-05 0.285758 0.013589 0.132298 9.9964E-05 0.00744481
9.9955E-05 0.581115 0.06229 9.9955E-05 0.160434 0.094186 9.9955E-05 9.9955E-05 9.9955E-05 0.101475
9.997E-05 0.718367 0.0693367 9.997E-05 0.0161752 0.0409445 9.997E-05 0.0599375 0.0389962 0.0559433
9.99641E-05 0.77043 0.0238256 0.00606457 9.99641E-05 0.112636 9.99641E-05 0.0171149 9.99641E-05 0.0695295
9.9946E-05 0.807564 9.9946E-05 9.9946E-05 0.0552924 0.134348 0.00219599 9.9946E-05 9.9946E-05 9.9946E-05
0.000551054 0.684006 0.136552 9.99549E-05 9.99549E-05 0.0445123 9.99549E-05 9.99549E-05 9.99549E-05 0.133878
9.9946E-05 0.310282 9.9946E-05 9.9946E-05 0.171952 0.4816 9.9946E-05 9.9946E-05 0.035566 9.9946E-05
9.9955E-05 0.309793 0.080774 9.9955E-05 9.9955E-05 0.542366 9.9955E-05 9.9955E-05 0.0617915 0.00477568
9.99461E-05 0.56101 0.0510432 9.99461E-05 9.99461E-05 0.309366 9.99461E-05 9.99461E-05 0.0779814 9.99461E-05
9.9946E-05 0.727139 0.163056 9.9946E-05 0.0140762 0.0951297 9.9946E-05 9.9946E-05 9.9946E-05 9.9946E-05
9.996E-05 0.689315 0.144396 0.0347192 9.996E-05 0.0386889 9.996E-05 0.0133553 0.0791252 9.996E-05
9.9955E-05 0.646888 0.071125 9.9955E-05 0.158871 0.0865625 0.0360545 9.9955E-05 9.9955E-05 9.9955E-05
9.9955E-05 0.835003 0.0526794 9.9955E-05 9.9955E-05 0.0403122 9.9955E-05 0.0184114 0.0530944 9.9955E-05
0.0949227 0.559096 9.9955E-05 0.0661224 0.183638 9.9955E-05 0.0957203 9.9955E-05 9.9955E-05 9.9955E-05
0.00924651 0.584417 9.9964E-05 9.9964E-05 9.9964E-05 0.0104476 0.24902 0.00928477 0.137185 9.9964E-05
9.9946E-05 0.774797 9.9946E-05 9.9946E-05 9.9946E-05 0.127388 9.9946E-05 9.9946E-05 0.00494052 0.0922751
9.99369E-05 0.332863 9.99369E-05 9.99369E-05 9.99369E-05 0.559417 9.99369E-05 9.99369E-05 9.99369E-05 0.107021
0.0194697 0.476698 0.000497136 9.9964E-05 0.0631867 0.390817 9.9964E-05 9.9964E-05 0.0489322 9.9964E-05
9.9946E-05 0.380785 0.0202447 9.9946E-05 0.124429 0.473942 9.9946E-05 9.9946E-05 9.9946E-05 9.9946E-05
9.9937E-05 0.120708 9.9937E-05 9.9937E-05 9.9937E-05 0.774911 9.9937E-05 9.9937E-05 9.9937E-05 0.103681
9.9946E-05 0.825828 9.9946E-05 0.00669571 9.9946E-05 0.053379 9.9946E-05 9.9946E-05 9.9946E-05 0.113498
9.9955E-05 0.341096 0.0490938 9.9955E-05 0.0619838 0.532874 9.9955E-05 9.9955E-05 9.9955E-05 0.0144518
9.995E-05 0.652455 0.0419459 0.00729282 9.995E-05 0.268907 9.995E-05 0.0288997 9.995E-05 9.995E-05
9.9955E-05 0.433932 0.0590378 9.9955E-05 0.0852556 0.294747 9.9955E-05 9.9955E-05 9.9955E-05 0.126528
9.9946E-05 0.564349 9.9946E-05 9.9946E-05 9.9946E-05 0.34917 9.9946E-05 9.9946E-05 0.0819445 0.00393699
9.9946E-05 9.9946E-05 9.9946E-05 9.9946E-05 9.9946E-05 0.108102 0.109397 9.9946E-05 0.722874 0.0590267
0.0827775 9.99549E-05 9.99549E-05 0.158868 9.99549E-05 9.99549E-05 0.372103 9.99549E-05 0.368172 0.0175793
9.99459E-05 9.99459E-05 9.99459E-05 0.28473 9.99459E-05 9.99459E-05 0.224539 9.99459E-05 0.364326 0.125805
9.99639E-05 9.99639E-05 0.0467092 0.0987463 9.99639E-05 0.0387719 0.620731 9.99639E-05 0.0356171 0.159025
0.063014 0.0817641 0.000828862 0.0660256 9.9973E-05 9.9973E-05 0.668368 9.9973E-05 0.0384297 0.0812696
9.9946E-05 9.9946E-05 9.9946E-05 0.103386 9.9946E-05 9.9946E-05 0.794799 9.9946E-05 0.0805269 0.0206884
0.346104 9.9946E-05 9.9946E-05 9.9946E-05 9.9946E-05 0.0231576 0.341536 9.9946E-05 0.288603 9.9946E-05
0.285747 9.9937E-05 9.9937E-05 9.9937E-05 9.9937E-05 9.9937E-05 0.166247 9.9937E-05 0.547306 9.9937E-05
9.99372E-05 9.99372E-05 9.99372E-05 9.99372E-05 9.99372E-05 0.0504424 9.99372E-05 9.99372E-05 0.812241 0.136617
0.180936 0.0689643 9.99459E-05 9.99459E-05 9.99459E-05 9.99459E-05 0.683349 9.99459E-05 0.0661512 9.99459E-05
9.99372E-05 9.99372E-05 9.99372E-05 0.137765 9.99372E-05 9.99372E-05 0.807569 0.053966 9.99372E-05 9.99372E-05
0.0415201 9.99371E-05 9.99371E-05 9.99371E-05 0.0583568 9.99371E-05 0.899424 9.99371E-05 9.99371E-05 9.99371E-05
0.174661 9.99281E-05 9.99281E-05 9.99281E-05 9.99281E-05 9.99281E-05 0.82454 9.99281E-05 9.99281E-05 9.99281E-05
