9.99549E-05 0.00600669 0.645576 9.99549E-05 9.99549E-05 0.248815 9.99549E-05 0.099103 9.99549E-05
9.9982E-05 0.00379393 0.296932 0.135625 0.066004 0.111384 0.0672325 0.318829 9.9982E-05
9.9955E-05 0.169782 0.425775 9.9955E-05 9.9955E-05 0.271897 9.9955E-05 0.132046 9.9955E-05
0.0212495 0.516185 0.245097 0.0452014 0.0168704 0.0291798 9.9991E-05 0.120251 0.00586633
9.9955E-05 0.231357 0.220586 9.9955E-05 9.9955E-05 0.54167 9.9955E-05 9.9955E-05 0.00588767
0.0644592 0.414739 0.371687 0.0626735 9.9973E-05 0.0546547 9.9973E-05 0.0314867 9.9973E-05
9.9946E-05 9.9946E-05 9.9946E-05 9.9946E-05 0.722469 9.9946E-05 0.191657 0.0852742 9.9946E-05
0.170557 9.9964E-05 9.9964E-05 0.0632947 0.57407 0.0780166 0.113662 9.9964E-05 9.9964E-05
9.9973E-05 0.036812 9.9973E-05 0.0240206 0.857483 9.9973E-05 0.0429643 0.0233348 0.0150849
0.0291399 9.9955E-05 0.0648668 9.9955E-05 0.867533 9.9955E-05 0.0379608 9.9955E-05 9.9955E-05
9.99639E-05 9.99639E-05 0.0575473 0.0205817 0.829955 9.99639E-05 0.0499879 0.0415287 9.99639E-05
9.9955E-05 9.9955E-05 0.0403782 9.9955E-05 0.308322 0.0318722 0.618928 9.9955E-05 9.9955E-05
9.9955E-05 9.9955E-05 9.9955E-05 9.9955E-05 0.678389 0.0152261 0.0771786 9.9955E-05 0.228706
0.0882343 9.9946E-05 9.9946E-05 9.9946E-05 0.796594 9.9946E-05 9.9946E-05 9.9946E-05 0.114572
9.9955E-05 9.9955E-05 0.025925 0.0415646 0.874623 9.9955E-05 9.9955E-05 0.0573872 9.9955E-05
9.99461E-05 9.99461E-05 9.99461E-05 0.0615395 0.668589 9.99461E-05 0.269272 9.99461E-05 9.99461E-05
0.540647 0.10543 9.9964E-05 0.0798419 9.9964E-05 0.217876 0.0558056 9.9964E-05 9.9964E-05
0.498975 9.9964E-05 9.9964E-05 0.00523686 9.9964E-05 9.9964E-05 0.0326118 0.433259 0.0295174
0.494108 0.110529 0.248181 0.0158746 9.9982E-05 9.9982E-05 0.0452893 0.0712789 0.0145387
0.700491 0.191523 9.9946E-05 9.9946E-05 9.9946E-05 0.107387 9.9946E-05 9.9946E-05 9.9946E-05
0.480725 9.99549E-05 9.99549E-05 9.99549E-05 0.0149988 0.267705 9.99549E-05 0.236071 9.99549E-05
0.754159 0.0885674 9.9946E-05 9.9946E-05 9.9946E-05 9.9946E-05 9.9946E-05 0.156674 9.9946E-05
0.00650731 9.9964E-05 0.639916 0.0208167 9.9964E-05 0.139598 0.192762 9.9964E-05 9.9964E-05
9.9955E-05 9.9955E-05 0.716476 0.0647509 9.9955E-05 0.1925 9.9955E-05 9.9955E-05 0.0257739
0.155482 9.99551E-05 0.7454 9.99551E-05 9.99551E-05 0.0946631 9.99551E-05 9.99551E-05 0.00395532
0.429734 0.16036 0.256973 0.138133 9.9964E-05 0.0144007 9.9964E-05 9.9964E-05 9.9964E-05
0.600951 9.9964E-05 0.00822511 9.9964E-05 9.9964E-05 0.357485 0.0212006 9.9964E-05 0.0117389
0.391793 0.223813 0.0843073 9.9973E-05 0.0120791 0.255151 9.9973E-05 9.9973E-05 0.0325572
0.153163 9.9964E-05 9.9964E-05 0.0971064 0.0951715 0.428658 9.9964E-05 0.225501 9.9964E-05
0.229354 9.99551E-05 9.99551E-05 9.99551E-05 0.13283 0.310846 9.99551E-05 0.32647 9.99551E-05
0.134229 0.249595 9.9955E-05 9.9955E-05 9.9955E-05 9.9955E-05 0.183906 0.43177 9.9955E-05
0.211542 0.268034 9.99639E-05 9.99639E-05 9.99639E-05 0.251263 0.124665 0.144095 9.99639E-05
0.326266 0.418318 9.9955E-05 9.9955E-05 9.9955E-05 0.115336 9.9955E-05 0.13958 9.9955E-05
0.0777028 9.99459E-05 0.871087 9.99459E-05 0.0506109 9.99459E-05 9.99459E-05 9.99459E-05 9.99459E-05
9.99459E-05 9.99459E-05 0.735473 9.99459E-05 9.99459E-05 9.99459E-05 0.164639 0.0992881 9.99459E-05
0.501667 0.154678 0.101146 9.9973E-05 9.9973E-05 0.143551 0.0855367 0.0131217 9.9973E-05
0.00980693 0.0666894 0.414185 9.9973E-05 9.9973E-05 9.9973E-05 0.135434 0.12462 0.248964
0.269479 0.0659175 0.474901 9.9973E-05 9.9973E-05 0.0544893 0.0757878 9.9973E-05 0.0591255
0.283232 9.9973E-05 0.338746 0.110225 0.0127876 9.9973E-05 9.9973E-05 0.198891 0.0558189
0.534384 0.225338 0.215938 9.9964E-05 0.00137051 9.9964E-05 9.9964E-05 0.0225703 9.9964E-05
0.0341706 0.256994 0.226108 0.396437 9.9964E-05 9.9964E-05 9.9964E-05 0.0858907 9.9964E-05
0.110246 0.386542 0.0735211 0.215606 9.9982E-05 0.110906 9.9982E-05 0.0146331 0.0883465
0.0930675 0.452589 0.160295 9.9973E-05 9.9973E-05 0.0579769 9.9973E-05 0.139527 0.0962438
0.0129356 0.212516 0.038595 0.560513 9.9964E-05 9.9964E-05 9.9964E-05 9.9964E-05 0.17504
0.273617 0.364694 0.115871 0.236576 0.00884329 9.9964E-05 9.9964E-05 9.9964E-05 9.9964E-05
0.23537 0.357269 0.268581 9.9955E-05 9.9955E-05 9.9955E-05 9.9955E-05 0.13828 9.9955E-05
0.651815 9.9946E-05 9.9946E-05 9.9946E-05 9.9946E-05 9.9946E-05 0.0807681 0.266817 9.9946E-05
0.245139 9.99459E-05 9.99459E-05 9.99459E-05 9.99459E-05 9.99459E-05 0.128641 0.62562 9.99459E-05
0.117882 9.9946E-05 9.9946E-05 9.9946E-05 9.9946E-05 9.9946E-05 0.0104907 0.871027 9.9946E-05
0.13627 9.9964E-05 0.0277334 0.0589201 9.9964E-05 0.0741957 9.9964E-05 0.702481 9.9964E-05
0.392656 9.99459E-05 9.99459E-05 9.99459E-05 0.043297 9.99459E-05 9.99459E-05 0.563448 9.99459E-05
0.456885 9.9955E-05 0.0195217 0.40853 0.114564 9.9955E-05 9.9955E-05 9.9955E-05 9.9955E-05
0.668924 9.9964E-05 9.9964E-05 0.0535319 9.9964E-05 0.0404878 9.9964E-05 0.183495 0.0531612
0.668575 9.9937E-05 9.9937E-05 0.330725 9.9937E-05 9.9937E-05 9.9937E-05 9.9937E-05 9.9937E-05
0.632658 9.99369E-05 9.99369E-05 0.366642 9.99369E-05 9.99369E-05 9.99369E-05 9.99369E-05 9.99369E-05
0.654674 0.19087 0.0197109 9.9964E-05 9.9964E-05 0.124485 9.9964E-05 9.9964E-05 0.00985975
9.9973E-05 9.9973E-05 0.278928 0.0528109 0.25724 9.9973E-05 0.147225 0.0068329 0.256664
9.9955E-05 9.9955E-05 0.168267 9.9955E-05 0.454659 0.0361979 9.9955E-05 9.9955E-05 0.340376
9.9964E-05 9.9964E-05 0.0170404 0.0574496 0.0333654 0.0152506 9.9964E-05 9.9964E-05 0.876494
0.084701 9.9964E-05 9.9964E-05 0.0944909 0.150579 9.9964E-05 0.233751 9.9964E-05 0.436078
9.9964E-05 0.0174936 9.9964E-05 0.0308952 0.132457 9.9964E-05 0.272905 9.9964E-05 0.545848
0.123988 9.9964E-05 9.9964E-05 0.0280667 9.9964E-05 9.9964E-05 0.308706 0.00782297 0.531016
9.99369E-05 9.99369E-05 9.99369E-05 9.99369E-05 9.99369E-05 9.99369E-05 0.749743 0.249557 9.99369E-05
0.0793405 0.0726432 9.9946E-05 9.9946E-05 9.9946E-05 9.9946E-05 0.847417 9.9946E-05 9.9946E-05
9.9955E-05 0.0932055 9.9955E-05 9.9955E-05 0.498489 9.9955E-05 0.362539 9.9955E-05 0.045267
9.9955E-05 9.9955E-05 0.0814024 9.9955E-05 0.716354 9.9955E-05 9.9955E-05 0.00156928 0.200175
0.0568334 9.9973E-05 0.121775 9.9973E-05 0.286189 9.9973E-05 0.262563 0.0278596 0.244481
9.99461E-05 9.99461E-05 0.159089 9.99461E-05 0.314905 9.99461E-05 9.99461E-05 9.99461E-05 0.525406
9.996E-05 9.996E-05 0.147659 9.996E-05 0.193961 9.996E-05 0.484599 0.0174825 0.155899
0.0154319 9.9964E-05 0.0525774 9.9964E-05 0.199407 9.9964E-05 0.407751 9.9964E-05 0.324433
9.9964E-05 0.073278 0.152208 9.9964E-05 0.0778586 9.9964E-05 0.647428 9.9964E-05 0.048827
9.9964E-05 9.9964E-05 0.140764 9.9964E-05 0.130566 0.0388424 0.255425 9.9964E-05 0.434003
9.9964E-05 9.9964E-05 0.0214906 9.9964E-05 0.0285774 0.0244707 0.877969 9.9964E-05 0.0470926
0.0830925 0.0149339 9.9982E-05 9.9982E-05 0.0233252 0.0315655 0.244977 0.00420886 0.597697
0.206903 0.00457405 0.0169239 9.9973E-05 0.132632 9.9973E-05 0.0545089 9.9973E-05 0.584158
0.0115274 9.9955E-05 9.9955E-05 9.9955E-05 9.9955E-05 9.9955E-05 0.16961 0.102592 0.715772
9.9946E-05 0.104535 9.9946E-05 9.9946E-05 9.9946E-05 9.9946E-05 0.39807 9.9946E-05 0.496795
9.9946E-05 0.0204431 9.9946E-05 9.9946E-05 9.9946E-05 0.0375764 9.9946E-05 9.9946E-05 0.941381
9.9955E-05 9.9955E-05 0.0549743 9.9955E-05 0.253083 9.9955E-05 0.094123 9.9955E-05 0.59732
0.0420426 9.9955E-05 9.9955E-05 9.9955E-05 0.0842322 9.9955E-05 0.754474 9.9955E-05 0.118751
9.9964E-05 9.9964E-05 0.0200309 9.9964E-05 0.0430511 9.9964E-05 0.0380639 0.147743 0.750712
0.0893087 9.99641E-05 0.104752 0.0221925 9.99641E-05 0.766962 9.99641E-05 9.99641E-05 0.0163852
9.99513E-05 9.99513E-05 9.99513E-05 0.919751 9.99513E-05 0.0195081 9.99513E-05 9.99513E-05 0.0601407
9.9946E-05 9.9946E-05 9.9946E-05 0.807769 9.9946E-05 0.114289 9.9946E-05 9.9946E-05 0.0773425
9.9964E-05 0.127898 0.0539552 9.9964E-05 0.0776634 0.67325 9.9964E-05 0.0668343 9.9964E-05
0.0282958 9.9955E-05 9.9955E-05 9.9955E-05 0.0825209 0.654894 9.9955E-05 0.23379 9.9955E-05
9.99371E-05 9.99371E-05 9.99371E-05 0.0250159 9.99371E-05 9.99371E-05 9.99371E-05 0.974285 9.99371E-05
9.99641E-05 0.529339 9.99641E-05 0.147007 0.00215596 9.99641E-05 0.0259318 0.295166 9.99641E-05
9.9964E-05 0.41308 0.0507233 0.237349 0.0633556 9.9964E-05 9.9964E-05 0.235092 9.9964E-05
9.9946E-05 0.584664 9.9946E-05 9.9946E-05 9.9946E-05 0.2838 9.9946E-05 0.130936 9.9946E-05
9.9955E-05 0.261115 9.9955E-05 0.121371 9.9955E-05 0.332112 9.9955E-05 0.284902 9.9955E-05
9.9955E-05 0.861939 9.9955E-05 0.0566627 9.9955E-05 0.0434303 9.9955E-05 9.9955E-05 0.0374687
0.0623206 0.934901 0.00103406 9.9955E-05 9.9955E-05 9.9955E-05 9.9955E-05 9.9955E-05 0.00124504
0.0116682 0.511512 0.156632 9.99639E-05 0.0341845 0.285603 9.99639E-05 9.99639E-05 9.99639E-05
0.0473496 0.756177 9.9973E-05 0.0911863 9.9973E-05 0.0329363 0.0277112 0.04434 9.9973E-05
9.99459E-05 0.530681 9.99459E-05 9.99459E-05 0.0481876 9.99459E-05 9.99459E-05 0.420532 9.99459E-05
0.0239448 0.700286 0.0832028 9.9973E-05 0.00379749 0.0361758 9.9973E-05 0.152293 9.9973E-05
9.9946E-05 0.784279 9.9946E-05 9.9946E-05 0.0498836 0.165238 9.9946E-05 9.9946E-05 9.9946E-05
0.0581608 0.711371 0.0311479 9.9973E-05 9.9973E-05 0.175306 0.0150379 9.9973E-05 0.00867678
9.9964E-05 0.507689 0.0609605 0.150099 0.0545445 0.226307 9.9964E-05 9.9964E-05 9.9964E-05
0.106236 9.9964E-05 9.9964E-05 0.233683 0.0296297 0.470741 9.9964E-05 0.15931 9.9964E-05
9.9955E-05 9.9955E-05 0.090919 0.313209 9.9955E-05 0.551414 9.9955E-05 0.0439584 9.9955E-05
0.0727687 9.9964E-05 0.011369 0.459057 9.9964E-05 0.424514 9.9964E-05 0.0318919 9.9964E-05
0.00451123 0.0529923 9.9964E-05 0.460789 9.9964E-05 0.477659 9.9964E-05 0.00364847 9.9964E-05
9.99463E-05 9.99463E-05 9.99463E-05 9.99463E-05 9.99463E-05 0.752516 9.99463E-05 0.243419 0.00346532
0.0745967 9.9946E-05 0.0747372 9.9946E-05 9.9946E-05 0.850066 9.9946E-05 9.9946E-05 9.9946E-05
0.130175 9.9946E-05 0.174447 9.9946E-05 9.9946E-05 0.694778 9.9946E-05 9.9946E-05 9.9946E-05
0.0724959 9.9946E-05 9.9946E-05 9.9946E-05 9.9946E-05 0.91472 0.0121842 9.9946E-05 9.9946E-05
9.9955E-05 9.9955E-05 0.0400047 9.9955E-05 9.9955E-05 0.852023 9.9955E-05 0.0591016 0.0483704
0.00273456 0.233616 0.0255301 0.0067198 0.00442345 0.726676 9.9973E-05 9.9973E-05 9.9973E-05
9.9955E-05 0.09837 0.116645 9.9955E-05 9.9955E-05 0.770394 9.9955E-05 9.9955E-05 0.014091
9.9955E-05 0.0150715 0.106512 0.0568537 9.9955E-05 0.821063 9.9955E-05 9.9955E-05 9.9955E-05
0.024016 0.101486 0.0933808 0.0966349 9.9973E-05 0.496566 9.9973E-05 0.187616 9.9973E-05
0.10851 0.165566 9.9964E-05 0.347312 9.9964E-05 0.359834 9.9964E-05 9.9964E-05 0.0183783
9.9964E-05 0.107462 0.180071 0.0468107 9.9964E-05 0.531148 9.9964E-05 0.134109 9.9964E-05
9.99731E-05 0.10804 0.0851847 0.0252836 9.99731E-05 0.692034 0.00562841 0.0835288 9.99731E-05
0.000486899 0.00296051 9.99704E-05 0.0854089 9.99704E-05 0.829941 9.99704E-05 0.080803 9.99704E-05
9.9946E-05 9.9946E-05 0.0870325 0.110869 9.9946E-05 0.801499 9.9946E-05 9.9946E-05 9.9946E-05
9.99549E-05 0.146602 9.99549E-05 0.000563852 9.99549E-05 0.705947 9.99549E-05 0.146387 9.99549E-05
9.9955E-05 9.9955E-05 0.176713 0.566825 9.9955E-05 0.229738 0.0262245 9.9955E-05 9.9955E-05
9.9964E-05 0.100502 9.9964E-05 0.570889 9.9964E-05 0.209933 0.0375867 0.0806898 9.9964E-05
9.9955E-05 0.129369 9.9955E-05 0.400874 9.9955E-05 0.426448 0.0428094 9.9955E-05 9.9955E-05
9.9946E-05 0.207775 9.9946E-05 0.113835 9.9946E-05 0.67779 9.9946E-05 9.9946E-05 9.9946E-05
0.0875002 0.135035 0.0290449 0.0301927 0.0199539 0.653784 0.0228915 0.00641469 0.0151831
9.9973E-05 0.0482753 0.17733 0.0611629 9.9973E-05 0.671461 0.0400215 9.9973E-05 0.00144907
9.9955E-05 0.0494874 9.9955E-05 0.0489181 9.9955E-05 0.852854 0.0482409 9.9955E-05 9.9955E-05
9.9964E-05 9.9964E-05 0.216834 9.9964E-05 0.157862 0.551239 0.000548559 9.9964E-05 0.0731172
9.99459E-05 9.99459E-05 9.99459E-05 9.99459E-05 9.99459E-05 0.593546 0.12866 9.99459E-05 0.277194
9.9955E-05 9.9955E-05 9.9955E-05 0.109871 9.9955E-05 0.783363 0.0150256 0.0912401 9.9955E-05
9.99459E-05 9.99459E-05 9.99459E-05 0.519515 9.99459E-05 0.360448 9.99459E-05 0.119438 9.99459E-05
9.9964E-05 0.00506552 0.148854 0.353869 9.9964E-05 0.467097 0.0247149 9.9964E-05 9.9964E-05
9.9964E-05 0.0097903 0.140296 0.415 9.9964E-05 0.416707 9.9964E-05 0.0178068 9.9964E-05
9.9955E-05 9.9955E-05 0.047311 0.710042 9.9955E-05 0.108672 9.9955E-05 0.133476 9.9955E-05
9.9955E-05 9.9955E-05 9.9955E-05 0.0653143 0.00430345 0.852614 9.9955E-05 0.0772689 9.9955E-05
9.9964E-05 0.0861176 0.031918 0.530446 0.0313167 0.319802 9.9964E-05 9.9964E-05 9.9964E-05
9.9946E-05 0.13672 9.9946E-05 0.295817 9.9946E-05 0.566864 9.9946E-05 9.9946E-05 9.9946E-05
9.99639E-05 0.0263592 0.127274 0.18937 9.99639E-05 0.463969 9.99639E-05 0.192628 9.99639E-05
9.9955E-05 9.9955E-05 9.9955E-05 0.35129 9.9955E-05 0.590319 0.0475369 0.0103543 9.9955E-05
9.9955E-05 9.9955E-05 9.9955E-05 0.144379 9.9955E-05 9.9955E-05 0.719942 0.0821343 0.0530455
9.9973E-05 9.9973E-05 0.0474542 9.9973E-05 0.171402 0.0267091 0.38231 0.00501949 0.366806
9.99549E-05 9.99549E-05 9.99549E-05 9.99549E-05 0.170447 9.99549E-05 0.389811 0.169136 0.270106
9.99729E-05 9.99729E-05 0.00398958 0.0580725 0.114671 9.99729E-05 0.0661962 0.124629 0.632142
9.9973E-05 0.0695701 9.9973E-05 0.0649424 0.0614217 9.9973E-05 0.0373437 0.052701 0.713721
9.9964E-05 9.9964E-05 9.9964E-05 0.00558834 9.9964E-05 0.00711237 0.156273 0.0280863 0.80254
9.9964E-05 0.0107188 9.9964E-05 0.0940821 0.22653 9.9964E-05 0.381443 9.9964E-05 0.286826
9.9964E-05 0.0133524 9.9964E-05 9.9964E-05 0.224118 0.0205955 0.651469 9.9964E-05 0.0900657
9.99461E-05 9.99461E-05 9.99461E-05 0.0216705 9.99461E-05 9.99461E-05 0.772966 0.204764 9.99461E-05
9.99639E-05 9.99639E-05 9.99639E-05 9.99639E-05 0.129119 0.071116 0.110793 0.0470189 0.641553
0.0537471 9.99462E-05 9.99462E-05 9.99462E-05 0.0372138 9.99462E-05 9.99462E-05 9.99462E-05 0.908439
0.0715801 9.99461E-05 9.99461E-05 0.00277108 9.99461E-05 9.99461E-05 9.99461E-05 9.99461E-05 0.925049
0.0352759 0.0105262 9.9964E-05 9.9964E-05 0.0618264 0.0319672 9.9964E-05 9.9964E-05 0.860004
