0.0135921 0.754485 0.231923
9.9991E-05 0.487986 0.511914
0.031209 0.694402 0.274389
0.0936444 0.73414 0.172215
0.0983407 0.901559 9.9991E-05
0.106275 0.867541 0.026184
0.392128 9.9991E-05 0.607772
0.515271 0.13276 0.351969
0.606309 9.9991E-05 0.393591
0.596826 9.9991E-05 0.403074
0.483742 9.9991E-05 0.516158
0.505328 9.9991E-05 0.494572
0.713773 9.9991E-05 0.286127
0.764589 9.9991E-05 0.235311
0.522754 9.9991E-05 0.477146
0.466436 9.9991E-05 0.533464
0.139684 0.734909 0.125407
0.125205 0.438351 0.436443
0.252798 0.539264 0.207938
0.278378 0.681278 0.0403442
0.126824 0.598373 0.274803
0.188022 0.505852 0.306126
0.104341 0.567734 0.327925
0.187253 0.765572 0.0471744
0.251785 0.713936 0.0342796
0.135409 0.787375 0.0772167
0.266813 0.733087 9.9991E-05
0.238046 0.761854 9.9991E-05
0.0308547 0.685134 0.284011
0.0946178 0.561186 0.344196
0.0203139 0.365358 0.614328
0.0983549 0.643089 0.258556
9.9991E-05 0.727918 0.271982
0.18739 0.623901 0.188708
0.100733 0.364931 0.534336
0.180394 0.644931 0.174675
0.395612 0.334716 0.269673
0.244791 0.61313 0.142079
0.207822 0.494559 0.297619
0.234947 0.632172 0.132881
9.9991E-05 0.685524 0.314376
0.159288 0.763299 0.0774129
0.252834 0.669986 0.0771794
0.169868 0.73875 0.0913823
0.0586527 0.776142 0.165205
0.134213 0.694612 0.171175
0.135845 0.279145 0.585011
9.9991E-05 0.346549 0.653351
9.9991E-05 0.221369 0.778531
9.9991E-05 0.450221 0.549679
0.0778488 0.385712 0.53644
0.136762 0.557025 0.306213
0.193254 0.51624 0.290506
0.136001 0.609216 0.254783
0.151938 0.532506 0.315556
0.262788 0.734101 0.00311085
0.592794 0.118709 0.288496
0.750642 0.0810481 0.16831
0.940724 0.0591757 9.9991E-05
0.722108 9.9991E-05 0.277792
0.834765 9.9991E-05 0.165135
0.750024 0.0534204 0.196555
0.15574 9.9991E-05 0.84416
0.430903 0.00628675 0.56281
0.608358 9.9991E-05 0.391542
0.675017 9.9991E-05 0.324883
0.647589 0.00754327 0.344868
0.940052 9.9991E-05 0.0598481
0.497562 9.9991E-05 0.502338
0.720756 9.9991E-05 0.279144
0.43084 0.0674772 0.501682
0.777756 0.0553814 0.166862
0.482158 9.9991E-05 0.517742
0.807352 0.060789 0.131859
0.91184 0.0710479 0.0171117
0.830589 0.0138768 0.155534
0.79414 9.9991E-05 0.20576
0.987124 0.0127761 9.9991E-05
0.824474 9.9991E-05 0.175426
0.470326 9.9991E-05 0.529574
0.85124 0.0214799 0.12728
0.0560189 0.943881 9.9991E-05
9.9991E-05 0.720826 0.279074
0.0157668 0.809877 0.174356
0.094047 0.905853 9.9991E-05
0.028791 0.805095 0.166114
9.9991E-05 0.261318 0.738582
0.0300115 0.67962 0.290369
9.9991E-05 0.664478 0.335422
0.0562168 0.876369 0.0674145
9.9991E-05 0.75825 0.24165
0.16688 0.83302 9.9991E-05
0.138025 0.861875 9.9991E-05
0.0834251 0.916475 9.9991E-05
0.104643 0.853244 0.0421134
9.9991E-05 0.592731 0.407169
0.0363301 0.818505 0.145165
0.152149 0.847751 9.9991E-05
0.14667 0.85323 9.9991E-05
0.0776652 0.856569 0.065766
9.9991E-05 0.790099 0.209801
9.9991E-05 0.929894 0.0700057
9.9991E-05 0.900587 0.0993135
9.9991E-05 0.903616 0.0962836
0.0447637 0.841612 0.113624
0.0333184 0.966582 9.9991E-05
0.0638118 0.936088 9.9991E-05
0.0544064 0.945494 9.9991E-05
0.0727688 0.927131 9.9991E-05
0.0221474 0.977753 9.9991E-05
0.057281 0.942619 9.9991E-05
9.999E-05 0.9998 9.999E-05
9.9991E-05 0.880909 0.118991
0.0439627 0.873606 0.0824311
9.9991E-05 0.892607 0.107293
0.0464232 0.891836 0.0617412
0.00266746 0.970487 0.0268456
0.01064 0.98926 9.9991E-05
0.0168773 0.949709 0.0334135
9.9991E-05 0.73626 0.26364
9.9991E-05 0.798651 0.201249
9.9991E-05 0.897796 0.102104
9.999E-05 0.9998 9.999E-05
0.100624 0.899276 9.9991E-05
0.0594223 0.940478 9.9991E-05
0.0612528 0.938647 9.9991E-05
0.318296 0.681604 9.9991E-05
0.379723 0.620177 9.9991E-05
9.9991E-05 0.906315 0.0935851
9.9991E-05 0.761962 0.237938
9.9991E-05 0.814862 0.185038
9.9991E-05 0.871725 0.128175
9.9991E-05 0.709915 0.289985
0.0312058 0.968694 9.9991E-05
9.9991E-05 0.811946 0.187954
9.9991E-05 0.966414 0.0334861
9.9991E-05 0.842763 0.157137
9.9991E-05 0.807986 0.191914
0.365403 0.0104268 0.624171
0.650881 9.9991E-05 0.349019
0.552354 9.9991E-05 0.447546
0.720144 0.12906 0.150796
0.831422 0.119527 0.0490508
0.950252 9.9991E-05 0.0496481
0.657158 9.9991E-05 0.342742
0.480521 9.9991E-05 0.519379
0.0467816 9.9991E-05 0.953118
0.846972 0.0682253 0.084803
0.9998 9.999E-05 9.999E-05
0.9998 9.999E-05 9.999E-05
0.949427 0.0504728 9.9991E-05
