0.177068 0.384021 0.104306 9.9991E-05 0.334506
0.193392 0.0804835 0.446903 9.9991E-05 0.279122
0.398892 0.336086 0.147166 9.9991E-05 0.117756
0.280545 0.421604 0.0561451 0.0158099 0.225896
0.681442 0.210483 9.9991E-05 0.0381806 0.0697941
0.309162 0.54577 9.9982E-05 9.9982E-05 0.144868
9.9973E-05 9.9973E-05 0.559944 0.439756 9.9973E-05
0.0973736 0.0101786 0.328872 0.523602 0.0399745
9.9973E-05 9.9973E-05 0.369411 0.630289 9.9973E-05
9.9982E-05 0.00294264 0.386071 0.610786 9.9982E-05
9.9982E-05 9.9982E-05 0.484289 0.515067 0.000444067
9.99729E-05 9.99729E-05 0.492249 0.507451 9.99729E-05
9.9973E-05 9.9973E-05 0.241592 0.758108 9.9973E-05
9.9982E-05 0.0367782 0.184008 0.779014 9.9982E-05
9.9973E-05 9.9973E-05 0.427424 0.572276 9.9973E-05
9.9973E-05 9.9973E-05 0.519306 0.480394 9.9973E-05
0.363356 0.548904 0.0835908 9.9991E-05 0.00404944
0.0704722 0.506284 0.398324 0.0248193 9.9991E-05
9.9991E-05 0.698943 0.163365 0.0795651 0.0580264
0.191077 0.748068 9.9982E-05 0.0606547 9.9982E-05
0.25469 0.523759 0.221351 9.9982E-05 9.9982E-05
9.9973E-05 0.80395 0.19575 9.9973E-05 9.9973E-05
0.0540457 0.389139 0.174253 0.0685229 0.31404
0.0469881 0.373971 9.9991E-05 0.093816 0.485125
9.9982E-05 0.652785 9.9982E-05 0.0614034 0.285611
9.9973E-05 0.71994 9.9973E-05 9.9973E-05 0.27976
0.3743 0.497745 9.9982E-05 0.127755 9.9982E-05
0.424668 0.491797 9.9982E-05 0.083335 9.9982E-05
0.44941 0.191269 0.23195 9.9991E-05 0.127271
0.364327 0.249064 0.330746 0.0557634 9.9991E-05
0.0496116 0.38108 0.569108 9.9982E-05 9.9982E-05
0.442926 0.292695 0.258534 0.00574568 9.9991E-05
0.332386 0.494268 0.173145 9.9982E-05 9.9982E-05
9.9982E-05 0.622388 9.9982E-05 0.057327 0.320085
9.9982E-05 0.487464 0.311605 9.9982E-05 0.200731
0.257423 0.561292 0.120858 0.0539486 0.006478
9.9991E-05 0.44427 0.208165 0.288746 0.0587192
0.0198556 0.613813 0.046356 0.132166 0.187809
9.9991E-05 0.627719 0.145929 0.0265608 0.19969
0.115117 0.772483 0.0295961 0.0373264 0.0454778
9.9982E-05 0.357679 0.0371764 9.9982E-05 0.604945
0.300714 0.356965 9.9991E-05 0.057846 0.284375
0.342029 0.48522 0.0775377 0.0951133 9.9991E-05
0.116168 0.133257 9.9991E-05 0.167238 0.583237
0.149433 0.568504 9.9982E-05 9.9982E-05 0.281864
0.0665819 0.690229 0.0721337 9.9991E-05 0.170955
9.9982E-05 0.530184 0.456011 0.0136051 9.9982E-05
0.13937 0.245427 0.607839 9.9991E-05 0.00726401
0.0536837 0.21258 0.733537 9.9982E-05 9.9982E-05
0.281508 0.216569 0.481617 9.9991E-05 0.0202062
0.0169371 0.536738 0.446125 9.9982E-05 9.9982E-05
9.9991E-05 0.355228 0.120507 0.0991135 0.425051
0.0425775 0.708293 0.190078 0.0589517 9.9991E-05
9.9982E-05 0.617566 9.9982E-05 0.0173363 0.364897
9.9991E-05 0.552795 0.0408787 0.0327196 0.373506
0.171973 0.745383 9.9991E-05 0.0501362 0.0324078
9.9991E-05 0.100707 0.200228 0.557562 0.141403
0.0731878 0.0587468 0.149604 0.718361 9.9991E-05
0.06714 9.9982E-05 9.9982E-05 0.913341 0.0193186
9.9982E-05 9.9982E-05 0.179749 0.682884 0.137167
9.9982E-05 9.9982E-05 0.159187 0.817298 0.0233149
0.0122704 0.132988 0.156504 0.698138 9.9991E-05
9.99729E-05 9.99729E-05 0.81421 0.18549 9.99729E-05
9.9982E-05 0.0351539 0.544499 0.420147 9.9982E-05
0.0177462 9.9982E-05 0.378165 0.603889 9.9982E-05
9.9973E-05 9.9973E-05 0.234502 0.765198 9.9973E-05
0.00356863 0.131923 0.265735 0.598673 9.9991E-05
9.99731E-05 9.99731E-05 9.99731E-05 0.908893 0.090807
9.9982E-05 9.9982E-05 0.43934 0.521713 0.038747
9.9973E-05 9.9973E-05 0.260689 0.739012 9.9973E-05
0.0341123 0.0242275 0.485074 0.456486 9.9991E-05
9.9982E-05 0.0697247 0.187255 0.74282 9.9982E-05
0.00217579 9.9982E-05 0.482416 0.515209 9.9982E-05
0.0688946 0.0263736 0.0887166 0.815915 9.9991E-05
9.9973E-05 0.199135 9.9973E-05 0.800565 9.9973E-05
0.018695 0.0968649 0.128891 0.755449 9.9991E-05
0.0335472 9.9982E-05 0.214297 0.751955 9.9982E-05
0.0169488 9.9973E-05 9.9973E-05 0.982751 9.9973E-05
9.9982E-05 9.9982E-05 0.130154 0.855883 0.013763
9.99729E-05 9.99729E-05 0.47436 0.52534 9.99729E-05
0.0632827 0.0659235 0.097828 0.772866 9.9991E-05
0.804085 0.117334 9.9991E-05 0.0305223 0.0479591
0.0592268 9.9982E-05 9.9982E-05 0.0455145 0.895059
0.165317 9.9982E-05 9.9982E-05 0.0989195 0.735563
0.856805 0.0590759 0.0316744 0.0523444 9.9991E-05
0.749773 0.0434899 0.206537 9.9982E-05 9.9982E-05
0.242529 9.99731E-05 0.757171 9.99731E-05 9.99731E-05
0.555204 0.0439499 0.309236 0.0391294 0.0524805
0.407595 0.161975 0.253208 9.9991E-05 0.177123
0.816057 0.0854666 0.0972023 0.00117457 9.9991E-05
0.679084 9.9982E-05 0.268307 9.9982E-05 0.0524093
0.828068 0.0119968 9.9982E-05 0.159736 9.9982E-05
0.565986 0.390198 9.9982E-05 0.0436157 9.9982E-05
0.64897 0.311041 9.9982E-05 0.0397894 9.9982E-05
0.636214 0.244068 0.0858831 0.0337353 9.9991E-05
0.395554 0.198199 0.406047 9.9982E-05 9.9982E-05
0.499782 0.382265 0.117753 9.9982E-05 9.9982E-05
0.754401 0.142294 9.9982E-05 0.103105 9.9982E-05
0.711821 0.219451 9.9982E-05 0.0685274 9.9982E-05
0.591178 0.229592 0.00541465 0.036555 0.137261
0.545153 0.12059 0.141976 9.9991E-05 0.192182
0.521807 0.0648273 9.9982E-05 9.9982E-05 0.413166
0.406527 0.0332832 9.9982E-05 9.9982E-05 0.559989
0.480794 9.9982E-05 0.0313416 9.9982E-05 0.487665
0.819353 9.9973E-05 0.180347 9.9973E-05 9.9973E-05
0.840081 0.15266 9.9982E-05 0.00705982 9.9982E-05
0.602752 0.245504 9.9982E-05 9.9982E-05 0.151544
0.926689 0.0297994 0.0258639 0.0175472 9.9991E-05
0.914513 0.0234326 0.0185633 0.0433914 9.9991E-05
0.876135 0.0457245 9.9982E-05 9.9982E-05 0.0779406
0.83717 0.110218 9.9991E-05 0.00305681 0.0494546
0.850142 9.9973E-05 9.9973E-05 9.9973E-05 0.149558
0.543239 0.221887 0.0719082 9.9991E-05 0.162866
0.609537 0.0619499 0.0296581 0.0417445 0.257111
0.661992 0.124833 0.0717372 9.9991E-05 0.141338
0.843657 0.0498537 0.0498109 9.9991E-05 0.0565785
0.922695 9.9982E-05 0.0640084 9.9982E-05 0.0130962
0.829017 9.9973E-05 9.9973E-05 9.9973E-05 0.170683
0.87009 9.9982E-05 0.113254 9.9982E-05 0.0164562
0.186411 9.9982E-05 0.0815405 9.9982E-05 0.731849
0.322122 9.9982E-05 0.0498352 9.9982E-05 0.627843
0.59935 9.9982E-05 0.0148884 9.9982E-05 0.385561
0.871121 0.00145443 9.9982E-05 9.9982E-05 0.127225
0.852289 0.0593058 0.00561824 0.0796586 0.00312852
0.806779 9.9982E-05 9.9982E-05 0.0713244 0.121696
0.93805 0.00211021 0.0596403 9.9982E-05 9.9982E-05
0.605943 9.9982E-05 9.9982E-05 0.281437 0.11242
0.612913 9.9982E-05 0.00264708 0.38424 9.9982E-05
0.832451 9.9982E-05 0.0997266 9.9982E-05 0.0676223
0.317628 9.9982E-05 0.0947548 9.9982E-05 0.587418
0.495915 9.9982E-05 0.116597 9.9982E-05 0.387288
0.444589 9.9982E-05 9.9982E-05 0.0032793 0.551932
0.126885 9.9982E-05 0.120519 9.9982E-05 0.752396
0.986127 9.99749E-05 9.99749E-05 9.99749E-05 0.0135735
0.454892 9.9982E-05 0.0371582 9.9982E-05 0.507749
0.735103 0.0255627 9.9982E-05 9.9982E-05 0.239134
0.530729 0.0483557 0.0921187 9.9991E-05 0.328696
0.607504 9.9982E-05 0.0846533 9.9982E-05 0.307642
9.9982E-05 9.9982E-05 0.557635 0.38305 0.0591152
0.0147813 9.9982E-05 0.292281 0.692738 9.9982E-05
9.9982E-05 9.9982E-05 0.405501 0.562898 0.0314013
0.0462326 0.00494916 0.119641 0.726871 0.102306
0.15225 9.9982E-05 0.0443743 0.803176 9.9982E-05
0.0440384 9.9982E-05 0.032929 0.922833 9.9982E-05
9.9982E-05 9.9982E-05 0.248544 0.663855 0.0874008
9.9973E-05 9.9973E-05 0.483981 0.515719 9.9973E-05
9.99731E-05 9.99731E-05 0.867038 0.132662 9.99731E-05
0.0888921 9.9982E-05 0.0775058 0.833402 9.9982E-05
9.99731E-05 0.0678759 9.99731E-05 0.931824 9.99731E-05
9.9973E-05 0.0443855 9.9973E-05 0.955315 9.9973E-05
0.0252737 0.0625416 9.9982E-05 0.911985 9.9982E-05
