9.99639E-05 0.050186 9.99639E-05 0.0635798 9.99639E-05 0.543061 9.99639E-05 0.0519256 0.290847
9.9973E-05 0.00796211 9.9973E-05 0.242313 9.9973E-05 0.248765 0.19965 0.21309 0.0879205
9.997E-05 0.169259 9.997E-05 9.997E-05 0.0968653 0.242357 0.0372351 0.121929 0.332054
0.00230847 0.518912 9.9973E-05 0.137063 0.115546 0.111429 9.9973E-05 0.114441 9.9973E-05
0.0102824 0.198405 9.9955E-05 9.9955E-05 9.9955E-05 0.215803 9.9955E-05 9.9955E-05 0.57501
9.9964E-05 0.407179 9.9964E-05 0.0853133 0.0799477 0.3367 9.9964E-05 9.9964E-05 0.0904597
9.9955E-05 9.9955E-05 0.624789 0.00939737 9.9955E-05 9.9955E-05 0.253988 0.111326 9.9955E-05
9.996E-05 9.996E-05 0.607345 0.0718123 0.117038 9.996E-05 0.0932696 9.996E-05 0.110135
9.99459E-05 0.00250842 0.886833 9.99459E-05 9.99459E-05 9.99459E-05 9.99459E-05 0.110059 9.99459E-05
9.9964E-05 9.9964E-05 0.792823 9.9964E-05 0.0409792 0.0396047 0.0829027 0.0432909 9.9964E-05
9.99549E-05 9.99549E-05 0.634035 0.0925016 9.99549E-05 9.99549E-05 0.242711 0.0302531 9.99549E-05
9.995E-05 9.995E-05 0.32803 9.995E-05 9.995E-05 0.001807 0.615372 9.995E-05 0.0542916
0.0716088 9.9955E-05 0.829992 9.9955E-05 9.9955E-05 9.9955E-05 0.0891232 9.9955E-05 0.00877603
9.99371E-05 9.99371E-05 0.945088 9.99371E-05 0.0542121 9.99371E-05 9.99371E-05 9.99371E-05 9.99371E-05
9.9955E-05 9.9955E-05 0.728859 9.9955E-05 9.9955E-05 0.013076 0.147316 0.110248 9.9955E-05
9.99461E-05 9.99461E-05 0.527355 0.0540061 9.99461E-05 9.99461E-05 0.418039 9.99461E-05 9.99461E-05
9.9973E-05 0.00992244 9.9973E-05 0.0113222 0.503454 0.06538 0.0272012 9.9973E-05 0.38242
9.9955E-05 9.9955E-05 9.9955E-05 0.0449292 0.636543 9.9955E-05 0.0718084 0.246219 9.9955E-05
9.9955E-05 0.145745 9.9955E-05 9.9955E-05 0.476273 0.312709 0.0647723 9.9955E-05 9.9955E-05
9.9946E-05 0.297473 9.9946E-05 9.9946E-05 0.670836 9.9946E-05 9.9946E-05 9.9946E-05 0.0310911
9.99549E-05 9.99549E-05 0.0122306 9.99549E-05 0.52965 9.99549E-05 9.99549E-05 0.213513 0.244106
9.9955E-05 0.0863619 0.00853099 9.9955E-05 0.774934 9.9955E-05 9.9955E-05 0.129673 9.9955E-05
9.9946E-05 9.9946E-05 9.9946E-05 9.9946E-05 9.9946E-05 0.664077 0.15324 9.9946E-05 0.182083
0.0111886 9.9955E-05 9.9955E-05 0.105847 9.9955E-05 0.64943 9.9955E-05 9.9955E-05 0.233035
0.00514817 0.0344156 9.9964E-05 9.9964E-05 0.13733 0.703407 9.9964E-05 9.9964E-05 0.1193
9.9964E-05 0.14899 9.9964E-05 0.200108 0.402084 0.201512 9.9964E-05 9.9964E-05 0.0469053
0.0656304 9.9955E-05 9.9955E-05 9.9955E-05 0.425726 0.121308 9.9955E-05 9.9955E-05 0.386837
0.0351808 0.0904935 0.0585421 9.9973E-05 0.203511 0.215015 9.9973E-05 9.9973E-05 0.396957
9.996E-05 9.996E-05 0.0665328 0.0629825 0.244657 9.996E-05 9.996E-05 0.192023 0.433404
9.996E-05 9.996E-05 0.122674 0.0139448 0.30732 9.996E-05 9.996E-05 0.273857 0.281804
9.9955E-05 0.132004 9.9955E-05 9.9955E-05 0.267644 9.9955E-05 0.263805 0.336048 9.9955E-05
9.99639E-05 0.297146 9.99639E-05 9.99639E-05 0.274879 9.99639E-05 0.144474 0.067325 0.215777
9.9964E-05 0.287984 9.9964E-05 0.0745172 0.422232 9.9964E-05 9.9964E-05 0.0633179 0.151549
9.9946E-05 9.9946E-05 0.0133164 9.9946E-05 0.108952 0.877132 9.9946E-05 9.9946E-05 9.9946E-05
9.994E-05 9.994E-05 9.994E-05 9.994E-05 9.994E-05 0.773378 0.103539 0.122483 9.994E-05
9.996E-05 0.0184507 9.996E-05 9.996E-05 0.421948 0.260279 0.0744138 9.996E-05 0.224508
0.250631 0.0887483 9.9964E-05 9.9964E-05 9.9964E-05 0.423759 0.0615961 0.174865 9.9964E-05
0.109648 0.0181428 9.9973E-05 9.9973E-05 0.16092 0.604749 0.00906479 9.9973E-05 0.0971756
0.0654461 9.9955E-05 9.9955E-05 9.9955E-05 0.206939 0.520772 9.9955E-05 0.206343 9.9955E-05
0.0169734 0.115315 9.9964E-05 9.9964E-05 0.414831 0.346132 9.9964E-05 9.9964E-05 0.106348
9.99551E-05 0.29521 9.99551E-05 0.556528 0.0846713 0.0630912 9.99551E-05 9.99551E-05 9.99551E-05
0.0892166 0.398232 9.9973E-05 0.27541 0.131133 9.9973E-05 9.9973E-05 0.0423432 0.0633654
0.0916461 0.544071 9.9964E-05 9.9964E-05 0.104849 0.100455 9.9964E-05 0.15858 9.9964E-05
0.138602 0.223877 9.9955E-05 0.584593 9.9955E-05 0.0524289 9.9955E-05 9.9955E-05 9.9955E-05
9.996E-05 0.423553 0.0434922 0.23546 0.235987 0.0611091 9.996E-05 9.996E-05 9.996E-05
9.9955E-05 0.378098 9.9955E-05 9.9955E-05 0.244136 0.285846 9.9955E-05 0.0914208 9.9955E-05
9.9946E-05 9.9946E-05 9.9946E-05 9.9946E-05 0.712472 9.9946E-05 0.125269 0.161658 9.9946E-05
9.99549E-05 9.99549E-05 9.99549E-05 0.0225832 0.336163 9.99549E-05 0.161901 0.478853 9.99549E-05
9.9937E-05 9.9937E-05 9.9937E-05 9.9937E-05 0.215172 9.9937E-05 9.9937E-05 0.784129 9.9937E-05
9.9964E-05 9.9964E-05 9.9964E-05 0.0972546 0.199086 0.034729 9.9964E-05 0.667453 0.00107757
9.99459E-05 9.99459E-05 0.0431904 9.99459E-05 0.479278 9.99459E-05 9.99459E-05 0.476932 9.99459E-05
9.9946E-05 9.9946E-05 0.132499 0.437173 0.429729 9.9946E-05 9.9946E-05 9.9946E-05 9.9946E-05
0.0325719 9.9973E-05 9.9973E-05 0.0219931 0.745315 0.0271174 9.9973E-05 0.155969 0.0167332
9.9964E-05 0.0044566 9.9964E-05 0.390593 0.586706 0.00963027 0.00821403 9.9964E-05 9.9964E-05
9.99549E-05 9.99549E-05 0.0301494 0.357137 0.536643 0.0755708 9.99549E-05 9.99549E-05 9.99549E-05
0.0136689 0.218662 9.9973E-05 0.0290762 0.633244 0.0261338 9.9973E-05 9.9973E-05 0.0789152
0.18021 9.9964E-05 0.387087 0.0245833 9.9964E-05 0.273294 0.134426 9.9964E-05 9.9964E-05
0.212154 9.9955E-05 0.596003 9.9955E-05 9.9955E-05 0.129128 9.9955E-05 9.9955E-05 0.0622151
0.864398 9.9964E-05 0.0770384 0.0228746 9.9964E-05 0.0200276 9.9964E-05 9.9964E-05 0.0152616
0.487556 9.9964E-05 0.0705911 0.116395 0.0540722 9.9964E-05 0.270985 9.9964E-05 9.9964E-05
0.608615 9.9955E-05 0.107632 0.0241618 9.9955E-05 9.9955E-05 0.259091 9.9955E-05 9.9955E-05
0.609043 9.9964E-05 9.9964E-05 0.0112831 0.128359 9.9964E-05 0.228548 0.0223677 9.9964E-05
9.99369E-05 9.99369E-05 9.99369E-05 9.99369E-05 9.99369E-05 9.99369E-05 0.771042 0.228258 9.99369E-05
9.9946E-05 0.0270276 9.9946E-05 9.9946E-05 0.0736857 9.9946E-05 0.898687 9.9946E-05 9.9946E-05
9.99459E-05 0.0811899 0.598923 9.99459E-05 9.99459E-05 9.99459E-05 0.319287 9.99459E-05 9.99459E-05
0.0843788 9.9955E-05 0.796826 9.9955E-05 9.9955E-05 0.0378868 0.0804086 9.9955E-05 9.9955E-05
0.0831359 0.038444 0.514363 9.9982E-05 0.00463881 0.0914672 0.219839 9.9982E-05 0.0479127
0.417552 9.99461E-05 0.47947 9.99461E-05 9.99461E-05 0.102379 9.99461E-05 9.99461E-05 9.99461E-05
0.114323 9.9955E-05 0.243783 9.9955E-05 9.9955E-05 0.171053 0.470341 9.9955E-05 9.9955E-05
0.251109 9.9955E-05 0.239215 9.9955E-05 9.9955E-05 0.0511888 0.457988 9.9955E-05 9.9955E-05
0.01293 0.00384233 0.127609 9.9973E-05 9.9973E-05 0.119237 0.703088 9.9973E-05 0.0329929
0.387818 9.9955E-05 0.204464 9.9955E-05 9.9955E-05 0.119646 0.287572 9.9955E-05 9.9955E-05
0.0130531 9.9955E-05 0.100136 9.9955E-05 9.9955E-05 9.9955E-05 0.816675 9.9955E-05 0.0696356
0.623794 9.9955E-05 9.9955E-05 9.9955E-05 0.125366 9.9955E-05 0.229124 9.9955E-05 0.0212159
0.538137 9.9973E-05 0.235375 9.9973E-05 0.186711 0.0274635 0.00596272 9.9973E-05 0.00605032
0.747469 9.9955E-05 9.9955E-05 9.9955E-05 0.0420026 9.9955E-05 0.167661 0.0423682 9.9955E-05
0.440058 0.0867731 0.0714382 9.9955E-05 9.9955E-05 9.9955E-05 0.401231 9.9955E-05 9.9955E-05
0.992244 0.00705631 9.99371E-05 9.99371E-05 9.99371E-05 9.99371E-05 9.99371E-05 9.99371E-05 9.99371E-05
0.567512 9.9964E-05 0.255028 0.0115432 9.9964E-05 0.0487893 0.116728 9.9964E-05 9.9964E-05
0.131191 9.9955E-05 0.0846017 9.9955E-05 0.0518059 9.9955E-05 0.731902 9.9955E-05 9.9955E-05
0.730171 9.9964E-05 0.0103707 9.9964E-05 9.9964E-05 0.0295218 0.0682804 0.161256 9.9964E-05
0.0103249 0.039143 9.99641E-05 9.99641E-05 0.0932432 0.0437547 9.99641E-05 9.99641E-05 0.813134
0.0961875 9.9946E-05 9.9946E-05 0.857874 9.9946E-05 9.9946E-05 9.9946E-05 9.9946E-05 0.0453384
0.100621 9.9946E-05 9.9946E-05 0.727737 9.9946E-05 9.9946E-05 9.9946E-05 9.9946E-05 0.171042
9.9964E-05 0.112062 0.0823332 9.9964E-05 9.9964E-05 0.0112297 9.9964E-05 0.121316 0.672659
9.9955E-05 9.9955E-05 0.0714785 9.9955E-05 0.020018 9.9955E-05 9.9955E-05 0.308959 0.599045
9.993E-05 9.993E-05 9.993E-05 9.993E-05 9.993E-05 9.993E-05 9.993E-05 0.999201 9.993E-05
9.99551E-05 0.544913 0.0329017 0.143195 9.99551E-05 9.99551E-05 9.99551E-05 0.27849 9.99551E-05
9.9964E-05 0.439874 0.0462202 0.220662 9.9964E-05 0.0260981 9.9964E-05 0.266746 9.9964E-05
9.9955E-05 0.560864 9.9955E-05 0.0357114 9.9955E-05 9.9955E-05 9.9955E-05 0.127516 0.275409
9.99549E-05 0.278995 9.99549E-05 0.104504 9.99549E-05 9.99549E-05 9.99549E-05 0.341015 0.274986
0.000837756 0.895919 0.0276847 9.9955E-05 9.9955E-05 9.9955E-05 9.9955E-05 9.9955E-05 0.0750589
9.9937E-05 0.961397 9.9937E-05 9.9937E-05 0.037903 9.9937E-05 9.9937E-05 9.9937E-05 9.9937E-05
9.997E-05 0.496 0.0155761 9.997E-05 0.0198886 0.164346 9.997E-05 0.00995822 0.293932
9.9973E-05 0.673485 9.9973E-05 0.011631 9.9973E-05 0.0841134 0.0143195 0.08873 0.127421
9.99459E-05 0.538251 0.0337198 9.99459E-05 9.99459E-05 9.99459E-05 9.99459E-05 0.42743 9.99459E-05
9.99549E-05 0.588671 9.99549E-05 9.99549E-05 9.99549E-05 0.131972 9.99549E-05 0.160392 0.118464
9.9946E-05 0.700414 0.0532402 9.9946E-05 9.9946E-05 9.9946E-05 9.9946E-05 9.9946E-05 0.245746
9.9964E-05 0.72846 9.9964E-05 9.9964E-05 0.0269446 0.0360004 0.0338515 9.9964E-05 0.174344
9.9973E-05 0.490286 0.0605443 0.27004 0.00377838 0.0437343 9.9973E-05 9.9973E-05 0.131317
9.997E-05 0.0114246 0.0245662 0.18456 0.0894245 9.997E-05 9.997E-05 0.277364 0.41236
9.9955E-05 9.9955E-05 9.9955E-05 0.38767 0.0752538 9.9955E-05 9.9955E-05 0.0140141 0.522563
9.9955E-05 9.9955E-05 9.9955E-05 0.416541 9.9955E-05 0.0790169 9.9955E-05 0.077145 0.426797
9.9946E-05 0.0298354 9.9946E-05 0.569898 9.9946E-05 9.9946E-05 9.9946E-05 9.9946E-05 0.399667
0.0193192 9.9946E-05 9.9946E-05 9.9946E-05 9.9946E-05 9.9946E-05 9.9946E-05 0.252252 0.727829
9.9946E-05 9.9946E-05 9.9946E-05 9.9946E-05 0.0895017 0.0117547 9.9946E-05 9.9946E-05 0.898144
9.9955E-05 9.9955E-05 9.9955E-05 9.9955E-05 0.119137 0.154589 9.9955E-05 0.0291015 0.696672
9.99551E-05 9.99551E-05 0.0413612 9.99551E-05 0.0310039 9.99551E-05 9.99551E-05 0.00616701 0.920968
0.0385454 9.9964E-05 0.00411402 9.9964E-05 9.9964E-05 0.0480743 9.9964E-05 0.0964689 0.812398
9.9964E-05 0.19513 9.9964E-05 0.0175088 9.9964E-05 0.0281335 0.00531603 9.9964E-05 0.753512
9.9946E-05 9.9946E-05 9.9946E-05 0.072737 9.9946E-05 0.0780029 9.9946E-05 9.9946E-05 0.84866
9.9955E-05 0.0320679 9.9955E-05 0.114936 9.9955E-05 0.0129991 9.9955E-05 9.9955E-05 0.839498
9.9973E-05 0.0688006 9.9973E-05 0.250502 0.109599 0.0421844 9.9973E-05 0.101343 0.42727
0.00476573 0.114673 9.9964E-05 0.334186 0.135434 9.9964E-05 9.9964E-05 9.9964E-05 0.410541
9.9964E-05 0.0885684 9.9964E-05 0.0747337 9.9964E-05 0.127293 9.9964E-05 0.105177 0.603828
9.9973E-05 0.147201 9.9973E-05 0.0353818 9.9973E-05 0.033237 0.0212885 0.0635799 0.699012
9.99461E-05 9.99461E-05 9.99461E-05 0.0777125 9.99461E-05 9.99461E-05 9.99461E-05 0.0913886 0.830299
9.9964E-05 9.9964E-05 9.9964E-05 0.0919336 9.9964E-05 0.0409603 0.0123042 0.0180683 0.836334
9.99459E-05 0.114789 9.99459E-05 9.99459E-05 9.99459E-05 9.99459E-05 9.99459E-05 0.166237 0.718375
9.9964E-05 9.9964E-05 9.9964E-05 0.563079 9.9964E-05 0.160954 0.0225886 0.0153303 0.237649
9.9964E-05 0.1107 9.9964E-05 0.571831 9.9964E-05 9.9964E-05 0.024206 0.0609786 0.231884
9.9964E-05 0.0177146 9.9964E-05 0.384299 9.9964E-05 0.000125176 0.0476852 9.9964E-05 0.549777
9.99461E-05 0.116757 9.99461E-05 0.108887 9.99461E-05 9.99461E-05 9.99461E-05 9.99461E-05 0.773756
0.023884 0.168701 0.0381325 0.0255917 0.0500727 0.0194411 0.0187995 9.999E-05 0.655277
0.014263 0.121257 9.9973E-05 0.0614736 9.9973E-05 0.129263 0.0165691 9.9973E-05 0.656874
9.9955E-05 0.0718563 9.9955E-05 0.037823 9.9955E-05 9.9955E-05 0.0519598 9.9955E-05 0.837861
0.122824 9.9955E-05 0.0913006 9.9955E-05 9.9955E-05 0.157315 9.9955E-05 9.9955E-05 0.62806
0.259836 0.00881397 9.996E-05 0.0299624 9.996E-05 9.996E-05 0.12705 9.996E-05 0.573938
9.9964E-05 0.057453 9.9964E-05 0.119632 9.9964E-05 9.9964E-05 0.00519481 0.147538 0.669783
9.99459E-05 9.99459E-05 9.99459E-05 0.557148 9.99459E-05 9.99459E-05 9.99459E-05 0.114784 0.327468
9.9964E-05 0.0173075 9.9964E-05 0.375034 9.9964E-05 0.0858509 0.068058 9.9964E-05 0.453349
9.9964E-05 0.024522 9.9964E-05 0.480712 9.9964E-05 0.123712 9.9964E-05 0.0176876 0.352967
9.996E-05 9.996E-05 9.996E-05 0.785846 9.996E-05 0.00775627 9.996E-05 0.115795 0.0901035
9.9946E-05 9.9946E-05 9.9946E-05 0.0603493 9.9946E-05 9.9946E-05 9.9946E-05 0.118229 0.820822
9.9964E-05 0.0692671 9.9964E-05 0.527067 9.9964E-05 0.0071234 9.9964E-05 0.0661477 0.329995
9.9955E-05 0.0958787 0.0306583 0.240922 9.9955E-05 9.9955E-05 9.9955E-05 9.9955E-05 0.632041
9.99639E-05 0.0214235 9.99639E-05 0.274147 0.0676142 9.99639E-05 9.99639E-05 0.141212 0.495203
9.9955E-05 9.9955E-05 9.9955E-05 0.392413 9.9955E-05 9.9955E-05 0.0154577 0.0887963 0.502833
0.0445779 9.9955E-05 9.9955E-05 0.0953598 9.9955E-05 9.9955E-05 0.858044 0.00151895 9.9955E-05
0.405672 9.9964E-05 0.100137 9.9964E-05 9.9964E-05 0.00069377 0.463196 9.9964E-05 0.0299018
0.3115 9.9955E-05 0.140761 9.9955E-05 9.9955E-05 9.9955E-05 0.409348 0.137892 9.9955E-05
0.726145 9.9964E-05 0.0193584 0.106182 9.9964E-05 9.9964E-05 0.0832262 0.064689 9.9964E-05
0.733609 0.0331079 0.0803301 0.000265179 9.9973E-05 9.9973E-05 9.9973E-05 0.124043 0.0283444
0.818024 9.9955E-05 0.0124779 0.0263441 9.9955E-05 9.9955E-05 0.142655 9.9955E-05 9.9955E-05
0.30472 9.9955E-05 0.167946 0.110059 9.9955E-05 9.9955E-05 0.416776 9.9955E-05 9.9955E-05
0.119346 0.00476625 0.159845 9.9973E-05 9.9973E-05 9.9973E-05 0.694084 0.00365623 0.0180026
9.99461E-05 9.99461E-05 9.99461E-05 0.0109503 9.99461E-05 9.99461E-05 0.77949 0.20896 9.99461E-05
0.631231 9.9964E-05 0.0557667 9.9964E-05 9.9964E-05 9.9964E-05 0.213403 0.0105482 0.0886503
0.84859 9.99462E-05 0.074471 9.99462E-05 0.0763392 9.99462E-05 9.99462E-05 9.99462E-05 9.99462E-05
0.971654 9.99371E-05 9.99371E-05 9.99371E-05 9.99371E-05 0.0276462 9.99371E-05 9.99371E-05 9.99371E-05
0.833978 0.0284395 0.107728 9.99551E-05 0.0293545 9.99551E-05 9.99551E-05 9.99551E-05 9.99551E-05
