9.9991E-05 0.164656 0.415219 0.420025
9.999E-05 0.534497 0.330955 0.134449
0.0136297 0.179581 0.415783 0.391006
0.0181565 0.127969 0.365987 0.487888
0.0620411 9.9991E-05 0.679563 0.258296
9.9982E-05 9.9982E-05 0.393769 0.606031
0.499949 0.499851 9.9982E-05 9.9982E-05
0.557157 0.309284 0.106076 0.0274829
0.66888 0.33092 9.9982E-05 9.9982E-05
0.68117 0.31863 9.9982E-05 9.9982E-05
0.560157 0.439643 9.9982E-05 9.9982E-05
0.549929 0.442801 0.00717037 9.9991E-05
0.819308 0.180492 9.9982E-05 9.9982E-05
0.825289 0.155762 9.9991E-05 0.0188496
0.59844 0.401361 9.9982E-05 9.9982E-05
0.54826 0.45154 9.9982E-05 9.9982E-05
0.0307773 0.0743087 0.299263 0.595651
0.0563933 0.397134 0.0238745 0.522599
0.0894857 0.129029 9.9991E-05 0.781385
0.11344 9.9991E-05 0.124538 0.761922
0.00844138 0.236002 0.159509 0.596047
0.0208755 0.182475 9.9991E-05 0.796549
0.0516886 0.2661 0.211865 0.470346
0.0893371 0.00363706 0.332355 0.57467
0.0594734 9.9991E-05 0.124751 0.815676
9.9982E-05 9.9982E-05 0.240229 0.759571
0.153267 9.9991E-05 0.277376 0.569257
0.104862 9.9991E-05 0.391843 0.503195
0.0366229 0.233312 0.572844 0.157221
0.0831761 0.307112 0.378137 0.231575
9.9982E-05 0.578784 9.9982E-05 0.421016
0.0673849 0.218306 0.343971 0.370338
9.9991E-05 0.165905 0.302013 0.531982
0.0460307 0.0801399 0.0351637 0.838666
9.9982E-05 0.36653 9.9982E-05 0.63327
0.0446153 0.123112 0.195128 0.637144
0.28482 0.189541 9.9991E-05 0.525539
0.108329 0.132583 0.101128 0.65796
0.00361138 0.267655 9.9991E-05 0.728634
0.0403166 0.0509599 0.0457358 0.862988
9.9991E-05 0.245117 0.314372 0.440411
0.0881295 0.0400766 0.469743 0.402051
0.15053 0.0603457 0.292659 0.496464
0.158887 0.0945465 0.559466 0.1871
9.9991E-05 0.107926 0.290939 0.601035
9.9991E-05 0.105363 0.145492 0.749045
0.06728 0.35657 9.9991E-05 0.57605
9.9991E-05 0.639562 0.0953026 0.265035
9.9991E-05 0.776837 0.0532035 0.169859
9.9991E-05 0.564587 0.207168 0.228145
9.9982E-05 0.438768 9.9982E-05 0.561032
0.0596342 0.283366 0.127898 0.529102
0.044161 0.224478 9.9991E-05 0.731261
9.9991E-05 0.172386 0.0715673 0.755947
9.9991E-05 0.196649 0.0318828 0.771368
0.0511642 9.9991E-05 0.109417 0.839319
0.570296 0.238804 9.9991E-05 0.1908
0.736245 0.116608 0.0198778 0.127269
0.922641 9.9982E-05 0.0771592 9.9982E-05
0.712008 0.199972 9.9991E-05 0.08792
0.833633 0.166167 9.9982E-05 9.9982E-05
0.724344 0.145894 0.0278967 0.101865
0.250231 0.749569 9.9982E-05 9.9982E-05
0.484474 0.46135 9.9991E-05 0.0540763
0.682143 0.315604 0.00215267 9.9991E-05
0.783204 0.216596 9.9982E-05 9.9982E-05
0.631823 0.241886 9.9991E-05 0.126191
0.930217 9.99821E-05 9.99821E-05 0.0695827
0.596074 0.403726 9.9982E-05 9.9982E-05
0.778311 0.221457 9.9991E-05 0.000132094
0.470994 0.449834 0.0139834 0.065188
0.789465 0.116451 9.9991E-05 0.0939839
0.56036 0.433064 0.00647614 9.9991E-05
0.84091 0.0669802 0.0560106 0.0360995
0.802542 9.9982E-05 9.9982E-05 0.197258
0.846509 0.0789114 9.9991E-05 0.0744792
0.819624 0.142268 0.0380072 9.9991E-05
0.981863 9.9982E-05 0.0179371 9.9982E-05
0.884316 0.115484 9.9982E-05 9.9982E-05
0.577518 0.422282 9.9982E-05 9.9982E-05
0.837779 0.0761552 0.063877 0.022189
0.098042 9.9991E-05 0.858123 0.0437346
9.9991E-05 0.230935 0.766982 0.00198367
0.0349778 0.182352 0.78257 9.9991E-05
0.133225 0.0113409 0.821493 0.0339415
0.0663877 0.177153 0.734907 0.0215526
9.99821E-05 0.757766 0.242035 9.99821E-05
0.0610716 0.270039 0.567224 0.101665
0.0339791 0.315242 0.496967 0.153812
0.0460611 0.10042 0.746329 0.10719
9.9982E-05 0.253308 0.746492 9.9982E-05
0.167283 9.9991E-05 0.736774 0.095843
0.064886 9.9991E-05 0.513032 0.421982
0.0387886 9.9991E-05 0.618285 0.342826
0.0570591 0.0394322 0.566836 0.336673
0.0564397 0.345978 0.430089 0.167493
9.9991E-05 0.103577 0.481255 0.415068
0.131493 9.9991E-05 0.685695 0.182712
0.0836183 9.9991E-05 0.622426 0.293855
0.0132133 0.0416497 0.663364 0.281773
9.9991E-05 0.201327 0.649584 0.14899
9.9991E-05 0.0844717 0.858144 0.0572846
9.9991E-05 0.119907 0.804614 0.0753792
9.9982E-05 0.196009 0.803791 9.9982E-05
0.0557454 0.139726 0.804429 9.9991E-05
0.0017656 9.9991E-05 0.857763 0.140371
9.9982E-05 9.9982E-05 0.719273 0.280527
0.0570994 9.9982E-05 0.942701 9.9982E-05
0.10191 9.9991E-05 0.851558 0.0464316
0.0510896 9.9991E-05 0.919426 0.0293842
0.0334194 9.9991E-05 0.855363 0.111117
9.9982E-05 9.9982E-05 0.986927 0.0128731
9.9991E-05 0.128968 0.649569 0.221363
0.0760808 0.0585121 0.805407 0.0600004
9.9991E-05 0.140435 0.764729 0.094736
0.0430795 0.0353777 0.85994 0.0616026
0.00396204 0.0432907 0.952647 9.9991E-05
0.0341942 9.9991E-05 0.963927 0.0017791
0.00790972 0.0893549 0.893783 0.00895193
9.9982E-05 0.27507 0.72473 9.9982E-05
9.9982E-05 0.240015 0.759785 9.9982E-05
0.00992428 0.117628 0.872348 9.9991E-05
0.010308 9.9991E-05 0.988955 0.000637138
0.100567 0.000843387 0.792752 0.105838
0.0873095 9.9991E-05 0.885827 0.0267633
0.0476907 9.9982E-05 0.952109 9.9982E-05
0.320788 9.9991E-05 0.665329 0.0137835
0.388277 9.9982E-05 0.611523 9.9982E-05
9.9982E-05 0.109878 0.889922 9.9982E-05
9.9982E-05 0.251665 0.748135 9.9982E-05
9.9982E-05 0.213075 0.786725 9.9982E-05
9.9982E-05 0.155907 0.843893 9.9982E-05
9.9982E-05 0.33008 0.66972 9.9982E-05
0.0296891 0.027166 0.943045 9.9991E-05
9.9982E-05 0.186796 0.813004 9.9982E-05
0.0102861 0.0464962 0.91875 0.0244674
9.9991E-05 0.179564 0.727032 0.0933039
9.9982E-05 0.192041 0.807759 9.9982E-05
0.388909 0.601256 0.00973578 9.9991E-05
0.722254 0.272435 0.0052109 9.9991E-05
0.606138 0.393662 9.9982E-05 9.9982E-05
0.754347 0.130579 0.105427 0.00964772
0.814041 0.0681091 0.11775 9.9991E-05
0.94028 0.0456786 0.0139413 9.9991E-05
0.702278 0.266545 0.0310767 9.9991E-05
0.545378 0.454422 9.9982E-05 9.9982E-05
0.168235 0.831565 9.9982E-05 9.9982E-05
0.828971 0.0508247 0.120104 9.9991E-05
0.956734 9.99821E-05 9.99821E-05 0.0430664
0.936931 9.9982E-05 9.9982E-05 0.0628686
0.963577 9.9991E-05 0.0155114 0.0208119
