9.9991E-05 0.0830557 0.422665 0.490284 0.00389486
9.999E-05 0.329124 0.414272 0.0618502 0.194654
9.999E-05 0.0829384 0.429072 0.371847 0.116043
0.0574691 9.9991E-05 0.36357 0.449343 0.129518
0.0455731 9.9982E-05 0.618052 0.336175 9.9982E-05
0.0139449 9.9991E-05 0.366739 0.538536 0.080681
9.9973E-05 0.950288 9.9973E-05 9.9973E-05 0.0494118
0.174566 0.62599 0.150643 0.0487012 9.9991E-05
0.257426 0.708407 0.0339667 9.9982E-05 9.9982E-05
0.258589 0.726403 9.9991E-05 0.000895166 0.0140131
0.0669613 0.910138 0.0227012 9.9982E-05 9.9982E-05
0.0997779 0.820852 0.0270626 0.0522074 9.9991E-05
0.469848 0.529853 9.9973E-05 9.9973E-05 9.9973E-05
0.465245 0.508299 9.9982E-05 0.0262566 9.9982E-05
0.212682 0.747923 9.9991E-05 0.0177183 0.0215772
0.0821778 0.917522 9.99731E-05 9.99731E-05 9.99731E-05
0.0100842 0.0196478 0.260924 0.557673 0.151671
0.0980325 9.9982E-05 9.9982E-05 0.293972 0.607795
0.0734971 9.9982E-05 9.9982E-05 0.729734 0.196569
0.117304 9.9991E-05 0.111655 0.652119 0.118822
0.0614983 9.9991E-05 0.131009 0.381863 0.425529
0.0750011 9.9982E-05 9.9982E-05 0.560393 0.364406
9.9982E-05 0.301039 0.200882 0.497879 9.9982E-05
9.9982E-05 0.0659136 0.249413 0.684474 9.9982E-05
9.9982E-05 0.0306838 0.0351714 0.933945 9.9982E-05
9.9982E-05 9.9982E-05 0.103313 0.844011 0.0524765
0.131989 9.9982E-05 0.264396 0.603416 9.9982E-05
0.0940255 9.9982E-05 0.297885 0.607889 9.9982E-05
0.00447723 0.0854439 0.563506 0.084932 0.26164
0.116045 9.9991E-05 0.313136 0.131968 0.438751
9.9991E-05 0.146895 0.00645586 0.307258 0.539291
9.9991E-05 0.163141 0.3482 0.294126 0.194433
9.9982E-05 9.9982E-05 0.241699 0.508387 0.249714
9.9973E-05 0.124326 9.9973E-05 0.875374 9.9973E-05
9.9982E-05 0.343279 9.9982E-05 0.615035 0.0414865
0.0218493 0.037642 0.106737 0.684911 0.148861
0.235863 0.134879 9.9991E-05 0.474668 0.15449
0.0161722 0.190858 0.0266502 0.766219 9.9991E-05
9.9982E-05 0.0968756 9.9982E-05 0.653597 0.249328
0.0310221 0.0276761 9.9991E-05 0.822804 0.118398
9.9982E-05 9.9982E-05 0.349855 0.447065 0.20288
0.0873003 9.9991E-05 0.425613 0.382209 0.104777
0.166255 9.9991E-05 0.266599 0.388579 0.178467
0.0618674 0.121833 0.519468 0.296732 9.9991E-05
9.9982E-05 9.9982E-05 0.320121 0.597129 0.0825498
0.0160264 9.9991E-05 0.0767454 0.725236 0.181892
0.13298 9.9982E-05 9.9982E-05 0.283913 0.582908
0.0382204 9.9991E-05 0.0462078 0.0732045 0.842267
9.997E-05 9.997E-05 9.997E-05 9.997E-05 0.9996
9.9982E-05 9.9982E-05 0.199897 0.0290267 0.770876
0.0919403 9.9982E-05 9.9982E-05 0.187798 0.720062
9.9991E-05 0.182451 0.19703 0.479826 0.140594
0.118862 9.9982E-05 9.9982E-05 0.483778 0.39716
0.0318581 9.9991E-05 0.0311346 0.741538 0.195369
9.9991E-05 0.0816967 0.0569591 0.721786 0.139458
0.0819643 9.9982E-05 0.144322 0.773514 9.9982E-05
0.253103 0.54161 0.0223783 0.182808 9.9991E-05
0.456204 0.373801 0.0772739 0.0926207 9.9991E-05
0.882147 0.0500346 0.0412475 0.0264708 9.9991E-05
0.486952 0.44636 9.9991E-05 0.0427896 0.023799
0.594692 0.400971 0.00413714 9.9982E-05 9.9982E-05
0.637937 0.192065 0.0135451 9.9991E-05 0.156353
9.9973E-05 0.722929 9.9973E-05 9.9973E-05 0.276771
0.0856761 0.768246 0.0176254 0.127085 0.00136719
0.192814 0.793236 0.0137498 9.9982E-05 9.9982E-05
0.418992 0.580708 9.9973E-05 9.9973E-05 9.9973E-05
0.316378 0.510811 9.9982E-05 0.172611 9.9982E-05
0.657188 0.279385 9.99821E-05 0.0632279 9.99821E-05
0.173917 0.758235 9.9982E-05 0.0676479 9.9982E-05
0.381005 0.560118 9.9982E-05 0.0586767 9.9982E-05
0.0756932 0.724726 0.0257881 0.173692 9.9991E-05
0.430421 0.481859 0.00152485 0.0860951 9.9991E-05
0.0962401 0.877552 0.0238371 0.0022704 9.9991E-05
0.715546 0.17672 0.0155555 9.9991E-05 0.0920788
0.738343 0.0904467 9.9991E-05 0.144289 0.0268223
0.727476 0.12504 9.9982E-05 9.9982E-05 0.147284
0.611735 0.358444 9.9982E-05 9.9982E-05 0.029621
0.963273 9.9973E-05 0.0364267 9.9973E-05 9.9973E-05
0.631879 0.367821 9.9973E-05 9.9973E-05 9.9973E-05
0.192944 0.714032 9.9982E-05 9.9982E-05 0.0928242
0.7207 0.144899 0.000466637 9.9991E-05 0.133835
0.082271 9.9991E-05 0.751622 0.122494 0.0435136
9.99821E-05 0.186567 0.77118 9.99821E-05 0.042053
9.99731E-05 0.1518 0.8479 9.99731E-05 9.99731E-05
0.122454 9.9991E-05 0.785554 0.0428384 0.0490538
0.0708675 9.9982E-05 0.673427 9.9982E-05 0.255505
9.9982E-05 0.0455407 0.138118 9.9982E-05 0.816142
0.0154434 0.122914 0.508285 0.097985 0.255372
9.9991E-05 0.114905 0.550547 0.117298 0.21715
0.0931569 9.9991E-05 0.703048 0.0416391 0.162056
9.9973E-05 9.9973E-05 0.729448 9.9973E-05 0.270252
0.191686 9.9982E-05 0.760528 0.0475858 9.9982E-05
0.0952368 9.9982E-05 0.473393 0.431171 9.9982E-05
0.0572753 9.9991E-05 0.622569 0.318696 0.00135954
0.101069 9.9991E-05 0.600269 0.212429 0.0861331
0.0477315 0.037357 0.323639 0.0743158 0.516956
0.0156626 0.00315047 0.43576 0.373957 0.17147
0.129641 9.9982E-05 0.663772 0.206387 9.9982E-05
0.0913401 9.9982E-05 0.572922 0.335538 9.9982E-05
9.9982E-05 0.0631085 0.611701 0.32499 9.9982E-05
0.00358363 9.9991E-05 0.651409 0.0571136 0.287793
9.9982E-05 9.9982E-05 0.875828 0.0582281 0.0657437
9.9982E-05 9.9982E-05 0.778808 0.0774623 0.14353
9.9982E-05 9.9982E-05 0.905502 0.0124043 0.0818938
0.0468813 0.0341611 0.75312 9.9991E-05 0.165738
0.0425075 9.9982E-05 0.819838 0.137454 9.9982E-05
0.0326955 9.9991E-05 0.695424 0.218436 0.0533446
0.0851717 9.9982E-05 0.90941 9.9982E-05 0.00521838
0.0964973 9.9991E-05 0.84729 0.0319052 0.0242071
0.0405769 9.9982E-05 0.898373 0.0608499 9.9982E-05
0.0292272 9.9982E-05 0.82846 0.142113 9.9982E-05
0.0386744 9.9982E-05 0.904913 0.0562128 9.9982E-05
9.9982E-05 9.9982E-05 0.630218 0.18791 0.181672
0.081049 9.9991E-05 0.774144 0.0318915 0.112816
9.9991E-05 0.0338373 0.78029 0.11232 0.0734527
0.0590718 9.9991E-05 0.83179 0.0740306 0.0350081
0.0322156 9.9982E-05 0.887479 9.9982E-05 0.0801053
0.0328361 9.9982E-05 0.910203 0.0567606 9.9982E-05
0.0195215 9.9982E-05 0.89899 9.9982E-05 0.0812885
9.99731E-05 0.167361 0.832339 9.99731E-05 9.99731E-05
9.9982E-05 0.0605273 0.816894 9.9982E-05 0.122379
9.9991E-05 0.0787209 0.860691 0.0372359 0.0232527
0.0259987 9.9982E-05 0.929601 0.0442005 9.9982E-05
0.119016 9.9982E-05 0.772462 0.108322 9.9982E-05
0.0585606 9.9982E-05 0.852828 0.0884112 9.9982E-05
0.0685423 9.9973E-05 0.931158 9.9973E-05 9.9973E-05
0.217231 0.0547873 0.579103 0.14878 9.9991E-05
0.314001 0.0876694 0.598129 9.9982E-05 9.9982E-05
0.00165028 9.9982E-05 0.867508 9.9982E-05 0.130642
9.9982E-05 0.0616933 0.832217 9.9982E-05 0.10589
9.9973E-05 0.156165 0.843535 9.9973E-05 9.9973E-05
9.9973E-05 0.133591 0.866109 9.9973E-05 9.9973E-05
9.9991E-05 0.0387671 0.72213 0.0368609 0.202142
0.0337007 9.9982E-05 0.906963 9.9982E-05 0.0591365
9.9982E-05 0.0658825 0.859331 9.9982E-05 0.0745868
0.0188661 9.9982E-05 0.909804 0.0711298 9.9982E-05
9.9982E-05 9.9982E-05 0.74627 0.0990174 0.154512
9.9982E-05 0.085294 0.878181 9.9982E-05 0.0363254
0.0641822 0.761457 0.108845 9.9991E-05 0.0654151
0.377725 0.609988 0.0120871 9.9982E-05 9.9982E-05
0.260636 0.598731 9.9982E-05 9.9982E-05 0.140432
0.598622 0.234227 0.040486 9.9991E-05 0.126564
0.659726 0.156024 0.129642 9.9991E-05 0.0545082
0.780904 0.211673 9.9982E-05 9.9982E-05 0.00722257
0.319453 0.661129 0.00509999 0.0142184 9.9991E-05
0.203401 0.780193 0.0162057 9.9982E-05 9.9982E-05
9.99731E-05 0.789329 9.99731E-05 9.99731E-05 0.210371
0.666916 0.275009 0.0578751 9.9982E-05 9.9982E-05
0.962251 9.99731E-05 9.99731E-05 0.0374494 9.99731E-05
0.980944 9.9973E-05 9.9973E-05 0.0187562 9.9973E-05
0.959983 9.9991E-05 0.000252904 0.0277921 0.0118718
