0.489519 9.9982E-05 0.139131 0.0059754 0.0688328 0.296342 9.9982E-05
0.201185 0.0417863 0.0457106 9.9982E-05 0.444302 0.266816 9.9982E-05
0.291668 9.9982E-05 0.300991 0.0448865 0.130183 0.232072 9.9982E-05
0.14195 9.9982E-05 0.641244 0.106658 0.0711029 0.0388444 9.9982E-05
0.162969 9.9973E-05 0.258276 9.9973E-05 9.9973E-05 0.546923 0.031533
0.258937 9.9973E-05 0.537981 0.0740439 9.9973E-05 0.128738 9.9973E-05
9.9964E-05 0.77115 9.9964E-05 0.0854571 0.142993 9.9964E-05 9.9964E-05
9.9964E-05 0.727548 9.9964E-05 0.103528 9.9964E-05 0.168524 9.9964E-05
9.9964E-05 0.871642 0.0838695 9.9964E-05 0.0440889 9.9964E-05 9.9964E-05
9.9955E-05 0.907229 9.9955E-05 0.0922708 9.9955E-05 9.9955E-05 9.9955E-05
9.9964E-05 0.806919 0.016055 9.9964E-05 0.176626 9.9964E-05 9.9964E-05
0.0670461 0.7476 9.99729E-05 9.99729E-05 0.172229 0.0128246 9.99729E-05
9.99641E-05 0.876115 0.0376436 9.99641E-05 9.99641E-05 9.99641E-05 0.0858418
9.99641E-05 0.894427 9.99641E-05 0.0681527 9.99641E-05 9.99641E-05 0.0370207
9.9973E-05 0.797196 0.0164137 0.140047 0.0460429 9.9973E-05 9.9973E-05
9.99641E-05 0.817577 9.99641E-05 0.0499519 0.132071 9.99641E-05 9.99641E-05
0.312945 9.998E-05 0.0551309 0.277248 9.998E-05 0.338004 0.0164722
9.9982E-05 9.9982E-05 0.0185795 0.715137 0.0508099 0.159646 0.0556279
0.535009 9.9973E-05 0.157391 0.270557 9.9973E-05 9.9973E-05 0.0367428
0.337532 9.9982E-05 0.266006 0.296679 9.9982E-05 0.0418542 0.0577294
9.9964E-05 9.9964E-05 0.213761 0.601338 9.9964E-05 0.184502 9.9964E-05
0.189501 9.9973E-05 0.235264 0.561501 9.9973E-05 9.9973E-05 0.0134345
0.62078 0.0322437 9.9973E-05 9.9973E-05 0.177732 0.168944 9.9973E-05
0.726126 9.9955E-05 9.9955E-05 9.9955E-05 9.9955E-05 0.273374 9.9955E-05
0.848511 9.99641E-05 0.071469 9.99641E-05 9.99641E-05 0.0796201 9.99641E-05
0.520223 9.9973E-05 0.210087 0.118771 9.9973E-05 0.150618 9.9973E-05
0.409381 9.9973E-05 9.9973E-05 0.136385 9.9973E-05 0.332268 0.121666
0.410578 0.0461767 0.190721 9.9982E-05 9.9982E-05 0.294353 0.0579714
9.9964E-05 0.0801295 9.9964E-05 0.299188 9.9964E-05 0.620283 9.9964E-05
9.998E-05 0.134688 0.047521 0.380239 0.0414201 0.395931 9.998E-05
9.9964E-05 9.9964E-05 0.367011 0.315145 0.317444 9.9964E-05 9.9964E-05
9.9982E-05 0.0809083 0.437108 0.290594 0.0120225 0.179168 9.9982E-05
0.0299801 9.9973E-05 0.562163 0.344665 9.9973E-05 0.0628917 9.9973E-05
0.871162 0.0372959 0.0833997 9.9973E-05 0.00784213 9.9973E-05 9.9973E-05
0.68956 9.99549E-05 9.99549E-05 9.99549E-05 0.30994 9.99549E-05 9.99549E-05
0.434869 0.0259973 0.10567 0.223981 9.9991E-05 0.202846 0.00653674
0.413906 9.9982E-05 0.0867184 0.0314238 0.163807 9.9982E-05 0.303945
0.655044 9.9982E-05 0.109109 0.0689118 9.9982E-05 0.0719429 0.0947931
0.581399 9.9982E-05 0.140219 0.171623 0.0931429 9.9982E-05 0.0134164
0.533954 9.9973E-05 0.216221 0.231012 9.9973E-05 9.9973E-05 0.0185132
0.279176 9.9973E-05 0.402509 9.9973E-05 0.24004 0.0779758 9.9973E-05
0.185002 9.9982E-05 0.391607 9.9982E-05 0.0756805 0.235253 0.112258
0.0810289 9.9982E-05 0.651392 0.135001 0.0250947 9.9982E-05 0.107283
0.272187 0.0312067 0.239962 9.9991E-05 0.10607 0.267047 0.0834279
0.264719 9.99731E-05 0.551249 0.079197 9.99731E-05 0.104535 9.99731E-05
0.273674 9.9964E-05 0.581344 0.144582 9.9964E-05 9.9964E-05 9.9964E-05
0.140534 9.9964E-05 9.9964E-05 0.822076 9.9964E-05 9.9964E-05 0.0369904
9.9973E-05 9.9973E-05 0.0227914 0.604009 0.276533 0.0963661 9.9973E-05
9.9964E-05 9.9964E-05 9.9964E-05 0.589524 0.402938 0.00713877 9.9964E-05
9.9964E-05 9.9964E-05 9.9964E-05 0.435515 0.308023 0.256063 9.9964E-05
9.9973E-05 0.0129671 0.143254 0.735917 0.107562 9.9973E-05 9.9973E-05
0.375627 0.0975384 9.9982E-05 0.301731 0.00225151 0.222652 9.9982E-05
0.225472 9.9973E-05 9.9973E-05 0.614392 9.9973E-05 0.101895 0.0579413
0.529526 9.9973E-05 9.9973E-05 0.226526 9.9973E-05 0.197968 0.0456802
0.535847 0.0222914 9.9973E-05 0.268904 9.9973E-05 0.172658 9.9973E-05
0.350931 9.9982E-05 0.307573 0.218922 9.9982E-05 0.0297868 0.0925879
0.279349 0.478868 9.9982E-05 9.9982E-05 0.0707792 0.000857067 0.169947
0.169597 0.508056 9.9973E-05 9.9973E-05 9.9973E-05 0.0542064 0.267841
0.0138361 9.9973E-05 9.9973E-05 9.9973E-05 0.00621689 0.0390827 0.940564
0.00892452 0.175281 9.9982E-05 0.129882 0.135285 9.9982E-05 0.550427
9.9964E-05 0.329574 9.9964E-05 9.9964E-05 0.105952 9.9964E-05 0.564075
9.9973E-05 9.9973E-05 9.9973E-05 0.146267 0.108063 0.023666 0.721704
0.00582004 0.435339 9.99639E-05 9.99639E-05 0.558441 9.99639E-05 9.99639E-05
0.0685067 0.272165 0.0325721 0.0318546 0.327342 9.9991E-05 0.267459
9.9964E-05 0.809465 0.114512 9.9964E-05 0.0756235 9.9964E-05 9.9964E-05
0.00122544 0.914418 9.9973E-05 0.055321 9.9973E-05 9.9973E-05 0.0287354
0.16701 0.690758 0.0367939 0.0461254 9.9982E-05 9.9982E-05 0.0591128
0.106477 0.466511 9.99641E-05 9.99641E-05 9.99641E-05 9.99641E-05 0.426612
0.117033 0.355414 9.9973E-05 9.9973E-05 0.303825 9.9973E-05 0.223427
0.103219 0.575792 9.9973E-05 9.9973E-05 0.0620047 9.9973E-05 0.258685
0.15724 0.391804 9.9973E-05 9.9973E-05 0.334381 9.9973E-05 0.116276
0.15346 0.496019 9.9973E-05 9.9973E-05 9.9973E-05 0.0410659 0.309155
0.0927477 0.521046 9.99729E-05 9.99729E-05 0.290275 9.99729E-05 0.0956314
9.9973E-05 0.175046 9.9973E-05 0.124243 9.9973E-05 0.0435971 0.656815
0.125778 0.217988 9.9973E-05 0.0740664 9.9973E-05 9.9973E-05 0.581867
9.9973E-05 9.9973E-05 0.000195453 0.0347959 0.140398 9.9973E-05 0.824311
9.9973E-05 0.221494 0.0573546 9.9973E-05 0.134938 9.9973E-05 0.585913
9.9955E-05 9.9955E-05 0.0167309 9.9955E-05 9.9955E-05 9.9955E-05 0.982769
0.0106041 0.357248 9.9973E-05 9.9973E-05 0.0280901 9.9973E-05 0.603758
0.00227709 0.468012 9.9982E-05 0.109568 0.217752 9.9982E-05 0.202192
9.9973E-05 9.9973E-05 0.08273 0.0240184 0.129348 9.9973E-05 0.763604
0.0613935 9.9982E-05 0.0109897 0.038425 9.9982E-05 0.826046 0.0629454
0.0614465 9.9973E-05 9.9973E-05 9.9973E-05 0.211341 0.700815 0.0260979
0.0303782 9.9973E-05 9.9973E-05 9.9973E-05 0.177426 0.726927 0.0649692
9.9982E-05 0.037896 0.196005 0.0666884 9.9982E-05 0.667901 0.0313103
9.9973E-05 0.0824455 0.0372537 0.1957 9.9973E-05 0.684301 9.9973E-05
9.9964E-05 9.9964E-05 9.9964E-05 0.109853 0.712251 0.177496 9.9964E-05
9.9973E-05 0.00533662 0.551368 9.9973E-05 0.298042 0.144953 9.9973E-05
0.0372415 9.9982E-05 0.530321 0.0107729 0.308599 0.112866 9.9982E-05
9.9973E-05 9.9973E-05 0.630825 0.0472783 0.033937 0.28766 9.9973E-05
9.99639E-05 9.99639E-05 0.264952 9.99639E-05 0.298677 0.435971 9.99639E-05
9.9964E-05 9.9964E-05 0.796286 9.9964E-05 9.9964E-05 0.15553 0.0477843
0.0596691 9.9964E-05 0.929437 9.9964E-05 9.9964E-05 9.9964E-05 0.0104942
0.0847548 9.99729E-05 0.667527 0.0434423 9.99729E-05 0.203976 9.99729E-05
0.0184729 9.9982E-05 0.753521 9.9982E-05 0.0436439 0.147767 0.0363955
9.99639E-05 9.99639E-05 0.6475 0.174034 0.178066 9.99639E-05 9.99639E-05
0.0443352 0.0191639 0.771587 0.0973608 0.0287938 0.0386597 9.9991E-05
9.9964E-05 0.0725651 0.736662 9.9964E-05 9.9964E-05 0.190373 9.9964E-05
0.0523093 9.9973E-05 0.766287 9.9973E-05 9.9973E-05 0.145491 0.0356125
0.142941 0.0304869 0.556421 9.9973E-05 9.9973E-05 0.269851 9.9973E-05
0.0209829 9.9982E-05 0.0163516 0.182913 0.0917402 0.687812 9.9982E-05
0.0480331 9.9973E-05 0.00755142 0.0661867 9.9973E-05 0.877929 9.9973E-05
0.0688152 9.9973E-05 9.9973E-05 0.0660566 0.0716405 0.793188 9.9973E-05
0.0972052 9.9964E-05 9.9964E-05 9.9964E-05 0.155315 0.74708 9.9964E-05
9.9991E-05 0.0286271 0.0636612 0.0795248 0.0905726 0.732559 0.00495503
0.149348 0.0182739 0.00741546 0.0665926 9.9991E-05 0.757622 0.000647831
0.13981 9.9964E-05 9.9964E-05 0.13704 9.9964E-05 0.72275 9.9964E-05
9.9973E-05 0.0200723 9.9973E-05 0.0490399 9.9973E-05 0.894155 0.0364329
9.9973E-05 9.9973E-05 0.0492457 0.0179174 9.9973E-05 0.828328 0.104209
9.99639E-05 0.0285737 0.313681 9.99639E-05 9.99639E-05 0.657345 9.99639E-05
0.0954098 9.997E-05 0.089693 9.997E-05 9.997E-05 0.785685 0.0289121
0.0442329 9.9973E-05 0.040653 9.9973E-05 9.9973E-05 0.911681 0.00313284
0.054834 9.9982E-05 0.277987 0.100071 0.0459008 0.521007 9.9982E-05
9.9973E-05 9.9973E-05 0.0570116 0.17574 9.9973E-05 0.719527 0.0474209
0.0579518 9.9982E-05 0.253954 0.00401779 0.0862684 0.597608 9.9982E-05
0.0551195 9.9982E-05 0.185604 0.0540181 0.00787481 0.697184 9.9982E-05
9.9973E-05 0.0214272 0.0519092 0.0468757 9.9973E-05 0.879488 9.9973E-05
0.0791888 9.9964E-05 9.9964E-05 9.9964E-05 9.9964E-05 0.880881 0.0395304
9.9973E-05 9.9973E-05 0.247681 9.9973E-05 0.0306991 0.718003 0.00331676
0.198601 9.9964E-05 9.9964E-05 9.9964E-05 0.23964 0.561359 9.9964E-05
0.0687038 9.9964E-05 9.9964E-05 9.9964E-05 0.276137 0.65476 9.9964E-05
0.0395433 9.9982E-05 0.0160467 9.9982E-05 0.132921 0.780074 0.0312151
9.9955E-05 9.9955E-05 0.20044 9.9955E-05 9.9955E-05 0.79906 9.9955E-05
0.0590443 0.0380555 0.222501 9.9982E-05 9.9982E-05 0.633769 0.0464308
0.130277 9.9973E-05 0.0823335 9.9973E-05 9.9973E-05 0.727708 0.0593817
9.9982E-05 0.00230217 0.0931708 0.0232215 9.9982E-05 0.845852 0.0352539
0.225475 0.0820659 9.9973E-05 9.9973E-05 9.9973E-05 0.543038 0.149122
0.00504213 0.0289023 0.026345 9.9982E-05 9.9982E-05 0.59718 0.34233
9.9964E-05 9.9964E-05 9.9964E-05 0.15334 0.0160797 0.83018 9.9964E-05
0.0403604 9.9964E-05 9.9964E-05 9.9964E-05 0.216611 0.742629 9.9964E-05
0.0765721 0.0049398 0.0359624 9.9982E-05 0.203252 0.679073 9.9982E-05
0.145109 9.9964E-05 9.9964E-05 9.9964E-05 0.145312 0.709178 9.9964E-05
0.0786594 9.9964E-05 9.9964E-05 9.9964E-05 0.255981 0.66496 9.9964E-05
9.9964E-05 9.9964E-05 9.9964E-05 0.0582553 9.9964E-05 0.933847 0.00749783
0.117437 9.9964E-05 9.9964E-05 9.9964E-05 0.136059 0.746104 9.9964E-05
0.0458394 0.0235216 0.112194 9.9982E-05 0.0216326 0.796612 9.9982E-05
9.9973E-05 9.9973E-05 0.158485 0.0416219 0.153642 0.645952 9.9973E-05
9.9955E-05 9.9955E-05 9.9955E-05 9.9955E-05 0.187322 0.812179 9.9955E-05
9.99729E-05 0.117189 9.99729E-05 9.99729E-05 0.534272 0.0141797 0.334059
9.9973E-05 0.386994 9.9973E-05 0.00264579 0.145728 9.9973E-05 0.464332
0.00298422 0.504123 0.0103324 0.0755299 0.180092 9.9991E-05 0.226838
9.9991E-05 0.0322602 0.0440666 0.0243357 0.162947 0.0189182 0.717372
9.9982E-05 0.184878 0.0461427 9.9982E-05 0.077074 0.0470725 0.644633
9.9973E-05 0.107244 9.9973E-05 9.9973E-05 0.0346441 0.0172479 0.840564
0.0253048 0.498967 0.00238867 9.9982E-05 0.15873 9.9982E-05 0.31441
9.99639E-05 0.475068 9.99639E-05 9.99639E-05 0.303498 9.99639E-05 0.221034
9.9964E-05 0.175663 9.9964E-05 9.9964E-05 0.774089 9.9964E-05 0.0498488
9.9973E-05 0.255368 9.9973E-05 9.9973E-05 0.00867559 0.109264 0.626393
0.0545419 9.99551E-05 9.99551E-05 9.99551E-05 9.99551E-05 9.99551E-05 0.944958
0.0630886 9.99551E-05 9.99551E-05 9.99551E-05 9.99551E-05 9.99551E-05 0.936412
9.99641E-05 0.0659745 0.0663844 9.99641E-05 9.99641E-05 9.99641E-05 0.867241
