0.546296 0.0772419 9.9991E-05 0.37619 0.000172104
0.178572 0.470943 9.9982E-05 0.350285 9.9982E-05
0.331275 0.12284 0.0107633 0.463595 0.071527
0.390129 0.0577325 0.0180062 0.431249 0.102884
0.245492 9.9982E-05 0.0725105 0.681798 9.9982E-05
0.473762 9.9982E-05 9.9982E-05 0.425948 0.10009
9.9982E-05 0.619943 0.311025 9.9982E-05 0.0688321
0.00300446 0.340069 0.439174 0.119446 0.0983058
9.9973E-05 0.473763 0.525938 9.9973E-05 9.9973E-05
0.0441556 0.440347 0.506813 9.9991E-05 0.00858468
0.00418159 0.594657 0.400962 9.9982E-05 9.9982E-05
0.0414858 0.616583 0.341731 9.99819E-05 9.99819E-05
9.9973E-05 0.36475 0.63495 9.9973E-05 9.9973E-05
9.9973E-05 0.277707 0.721993 9.9973E-05 9.9973E-05
9.9982E-05 0.505138 0.475082 9.9982E-05 0.0195801
9.9973E-05 0.604398 0.395302 9.9973E-05 9.9973E-05
0.295617 9.9991E-05 0.0380815 0.369205 0.296997
0.0592749 0.00429343 0.0517985 0.117579 0.767054
0.622425 9.9982E-05 0.0620078 9.9982E-05 0.315367
0.4161 9.9991E-05 0.129474 0.165535 0.288791
0.0532008 9.9991E-05 0.0335723 0.231347 0.68178
0.351987 9.9982E-05 0.0279377 9.9982E-05 0.619876
0.560272 0.280085 9.9982E-05 0.159443 9.9982E-05
0.762929 9.9982E-05 0.0103944 0.226477 9.9982E-05
0.919962 9.9982E-05 0.0205169 0.0593212 9.9982E-05
0.624514 9.9982E-05 9.9982E-05 0.224716 0.15057
0.344091 9.9991E-05 0.191273 0.329464 0.135073
0.452719 9.9982E-05 0.15293 0.394151 9.9982E-05
9.9991E-05 0.0756913 0.0436264 0.556477 0.324105
9.9991E-05 0.0739702 0.0790485 0.430626 0.416255
0.108996 0.330827 9.9991E-05 0.0534851 0.506592
0.119515 0.102161 0.0568484 0.390558 0.330918
0.254945 9.9982E-05 9.9982E-05 0.336647 0.408208
0.968759 0.0309414 9.9973E-05 9.9973E-05 9.9973E-05
0.672156 0.327544 9.9973E-05 9.9973E-05 9.9973E-05
0.468475 0.0096104 0.0429332 0.211301 0.26768
0.48897 0.224079 0.238406 9.9991E-05 0.0484448
0.678971 0.0356615 0.108838 0.116205 0.0603247
0.612674 0.160798 9.9991E-05 0.0296203 0.196808
0.576056 9.9991E-05 0.0578274 0.10297 0.263047
0.464293 0.176663 9.9982E-05 0.358844 9.9982E-05
0.310147 0.0192866 0.110917 0.527164 0.0324855
0.347443 9.9991E-05 0.123728 0.361111 0.167618
0.378821 0.103118 0.0917035 0.426258 9.9991E-05
0.534081 9.9982E-05 9.9982E-05 0.330941 0.134778
0.682761 9.9982E-05 9.9982E-05 0.115432 0.201607
0.080215 9.9982E-05 0.0940694 9.9982E-05 0.825516
9.9982E-05 0.205408 9.9982E-05 0.101106 0.693286
9.9973E-05 0.281574 9.9973E-05 9.9973E-05 0.718126
9.9982E-05 0.168662 9.9982E-05 0.30269 0.528449
0.018217 0.0339195 0.0284777 0.0852219 0.834164
0.329301 0.0523598 0.0302423 0.218236 0.369861
0.297413 9.9982E-05 0.0752302 9.9982E-05 0.627156
0.632947 9.9991E-05 0.016277 0.0829052 0.267771
0.58721 0.00771785 9.9991E-05 0.116175 0.288797
0.49698 9.9991E-05 0.0901391 0.181256 0.231525
0.263334 0.311999 0.424467 9.9982E-05 9.9982E-05
0.156912 0.213652 0.629235 9.9982E-05 9.9982E-05
9.9973E-05 9.9973E-05 0.908868 0.0908323 9.9973E-05
0.0681075 0.241315 0.627709 9.9991E-05 0.0627686
9.9973E-05 0.272705 0.726995 9.9973E-05 9.9973E-05
9.9991E-05 0.167207 0.638711 0.00144371 0.192538
0.0131329 0.91088 0.0757869 9.9982E-05 9.9982E-05
0.0762844 0.591933 0.331582 9.9982E-05 9.9982E-05
9.99729E-05 0.509308 0.490392 9.99729E-05 9.99729E-05
9.9973E-05 0.351682 0.648018 9.9973E-05 9.9973E-05
0.177468 0.323027 0.499306 9.9982E-05 9.9982E-05
0.161439 0.048894 0.789467 9.99821E-05 9.99821E-05
0.1276 0.486414 0.385786 9.9982E-05 9.9982E-05
0.0458511 0.341828 0.612121 9.9982E-05 9.9982E-05
0.132338 0.555949 0.311513 9.9982E-05 9.9982E-05
0.121371 0.257733 0.620697 9.9982E-05 9.9982E-05
0.0284568 0.624227 0.347116 9.9982E-05 9.9982E-05
9.9991E-05 0.0933141 0.75656 0.0243453 0.125681
0.0788848 9.9982E-05 0.76904 9.9982E-05 0.151875
9.9982E-05 0.0867652 0.777396 9.9982E-05 0.135639
9.9982E-05 0.300835 0.67121 0.0277556 9.9982E-05
9.9973E-05 9.9973E-05 0.955899 0.0438009 9.9973E-05
9.9973E-05 0.209749 0.789951 9.9973E-05 9.9973E-05
9.9982E-05 0.559304 0.407619 9.9982E-05 0.0328771
9.9982E-05 0.132246 0.745102 9.9982E-05 0.122453
0.0552819 9.9991E-05 0.0925994 0.837312 0.0147064
0.0641222 0.243173 9.9982E-05 0.692505 9.9982E-05
9.9982E-05 0.211486 0.0138453 0.774469 9.9982E-05
9.9982E-05 9.9982E-05 0.106784 0.799666 0.0933495
9.9991E-05 0.0120803 0.00501644 0.694133 0.28867
9.9982E-05 0.63481 9.9982E-05 0.245495 0.119495
0.111393 0.285257 0.00310636 0.600144 9.9991E-05
0.132601 0.301272 9.9991E-05 0.538311 0.027716
9.9982E-05 9.9982E-05 0.0796417 0.784119 0.136039
9.9973E-05 0.250913 9.9973E-05 0.748787 9.9973E-05
0.0633886 9.9982E-05 0.187862 0.74855 9.9982E-05
0.293354 9.9982E-05 0.111455 0.594991 9.9982E-05
0.287454 9.9991E-05 0.0575304 0.610991 0.0439247
0.225469 0.0202282 0.055882 0.637486 0.0609346
9.9991E-05 0.176031 0.00936701 0.44035 0.374152
0.260347 0.0363838 0.00458323 0.524882 0.173803
0.13966 9.9982E-05 0.153385 0.706755 9.9982E-05
0.228252 9.9982E-05 0.123393 0.648155 9.9982E-05
0.328384 0.0407582 0.0220562 0.608701 9.9991E-05
0.0204964 0.125518 9.9991E-05 0.665741 0.188145
0.029384 9.9982E-05 9.9982E-05 0.823728 0.146688
0.0648779 0.0200245 9.9991E-05 0.804101 0.110896
0.0732013 0.0942912 9.9991E-05 0.826706 0.00570167
9.9991E-05 0.0570178 0.0171022 0.786579 0.139201
9.9982E-05 9.9982E-05 0.0404797 0.842982 0.116339
0.0926751 9.9991E-05 0.0563709 0.716325 0.134529
9.9982E-05 9.9982E-05 0.0519406 0.857138 0.0907213
9.9991E-05 0.0192809 0.0734556 0.84386 0.0633033
0.0623873 9.9982E-05 0.0868432 0.850569 9.9982E-05
0.0692216 9.9982E-05 0.0563568 0.874222 9.9982E-05
0.0111679 9.9982E-05 0.0231194 0.965513 9.9982E-05
0.149458 0.00274357 9.9991E-05 0.700085 0.147613
9.9982E-05 9.9982E-05 0.0557373 0.771403 0.17266
0.0989983 0.0605692 9.9991E-05 0.780112 0.0602209
0.00178366 9.9991E-05 0.0275526 0.867572 0.102992
9.9982E-05 9.9982E-05 0.0222914 0.919928 0.0575803
0.00828103 9.9982E-05 0.0252186 0.9663 9.9982E-05
9.9991E-05 0.0312936 0.0341258 0.923512 0.0109685
0.091206 0.233078 9.9982E-05 0.675516 9.9982E-05
0.0505777 0.195341 9.9982E-05 0.753881 9.9982E-05
0.0115463 0.118238 0.014904 0.855211 9.9991E-05
9.9973E-05 9.9973E-05 0.0473837 0.952316 9.9973E-05
0.0965299 9.9991E-05 0.109168 0.788258 0.00594431
0.102795 9.9982E-05 0.0777167 0.819289 9.9982E-05
9.9982E-05 9.9982E-05 0.0640277 0.898674 0.0370981
0.134987 9.9982E-05 0.274476 0.590337 9.9982E-05
9.9982E-05 0.0252395 0.36564 0.608921 9.9982E-05
9.9982E-05 0.0477474 9.9982E-05 0.84008 0.111973
9.9982E-05 0.211125 9.9982E-05 0.779164 0.00951025
0.0718182 0.178073 9.9982E-05 0.749909 9.9982E-05
0.110076 0.144497 9.9982E-05 0.745228 9.9982E-05
0.0792179 0.252448 9.9991E-05 0.662057 0.00617678
9.9982E-05 9.9982E-05 0.0517137 0.872174 0.0759123
0.0704154 0.144056 9.9982E-05 0.785329 9.9982E-05
0.0655363 0.0238663 0.0373284 0.873169 9.9991E-05
0.0429206 0.0710567 9.9991E-05 0.761633 0.12429
9.9973E-05 0.186939 9.9973E-05 0.812761 9.9973E-05
9.9982E-05 0.699825 0.278049 0.0219261 9.9982E-05
9.9973E-05 0.388717 0.610983 9.9973E-05 9.9973E-05
9.9982E-05 0.4357 0.498882 9.9982E-05 0.0652182
9.9991E-05 0.196162 0.67234 0.0703047 0.0610931
9.9982E-05 0.115484 0.766718 0.117598 9.9982E-05
9.9991E-05 0.125968 0.859693 0.0114592 0.00277968
0.0425723 0.433241 0.523986 9.9982E-05 9.9982E-05
9.9973E-05 0.597332 0.402368 9.9973E-05 9.9973E-05
9.997E-05 0.9996 9.997E-05 9.997E-05 9.997E-05
9.9982E-05 0.177404 0.752575 0.0698211 9.9982E-05
0.0276649 9.99731E-05 0.972035 9.99731E-05 9.99731E-05
0.0218451 9.9973E-05 0.977855 9.9973E-05 9.9973E-05
9.9982E-05 9.9982E-05 0.946445 0.0326772 0.0206777
