0.0191357 0.0183399 9.9991E-05 0.013446 0.290829 0.433503 0.224646
0.109655 0.00597932 9.9991E-05 0.338857 0.130431 0.0512217 0.363756
0.145222 9.9982E-05 9.9982E-05 0.13768 0.464687 0.192331 0.0598794
0.123582 9.9982E-05 0.0329526 9.9982E-05 0.337482 0.376837 0.128946
9.9964E-05 9.9964E-05 0.0137897 9.9964E-05 0.753119 0.232692 9.9964E-05
0.109484 9.9973E-05 9.9973E-05 9.9973E-05 0.413016 0.430843 0.0463571
0.0786009 0.679731 9.9973E-05 0.195933 9.9973E-05 9.9973E-05 0.045435
0.0860719 0.656089 0.0193053 0.0750045 0.108127 0.0185931 0.0368098
9.9973E-05 0.833145 0.00712325 0.118967 0.0404645 9.9973E-05 9.9973E-05
0.0406946 0.850971 9.9973E-05 0.106559 9.9973E-05 0.00147607 9.9973E-05
9.996E-05 0.767393 9.996E-05 0.221442 9.996E-05 9.996E-05 0.0107653
9.9973E-05 0.361933 0.0237102 0.569885 0.0441713 9.9973E-05 9.9973E-05
9.9964E-05 0.634928 0.247855 0.116818 9.9964E-05 9.9964E-05 9.9964E-05
9.9955E-05 0.913896 0.0856045 9.9955E-05 9.9955E-05 9.9955E-05 9.9955E-05
9.9964E-05 0.81376 9.9964E-05 0.170865 0.0149752 9.9964E-05 9.9964E-05
9.9964E-05 0.729367 9.9964E-05 0.23528 9.9964E-05 9.9964E-05 0.0349533
0.24995 9.9982E-05 0.00140315 0.0368558 0.335596 0.375995 9.9982E-05
0.671416 0.0105744 0.0853809 9.9991E-05 0.065165 0.134312 0.0330522
0.245206 9.9982E-05 0.0568908 0.0335033 0.0161929 0.648007 9.9982E-05
0.181984 9.9973E-05 0.0969407 9.9973E-05 0.202738 0.518038 9.9973E-05
0.504084 0.0470228 9.9973E-05 9.9973E-05 0.272334 0.176259 9.9973E-05
0.476868 0.0276628 0.0235694 9.9982E-05 0.0102237 0.461476 9.9982E-05
9.9973E-05 9.9973E-05 9.9973E-05 0.213724 0.131844 0.568529 0.0856027
9.9973E-05 9.9973E-05 9.9973E-05 0.0669085 0.186512 0.63981 0.106469
9.99731E-05 0.0263036 9.99731E-05 9.99731E-05 0.130877 0.837088 0.00543216
0.0436326 9.9973E-05 9.9973E-05 9.9973E-05 0.0716173 0.720353 0.164097
0.0258373 9.9973E-05 0.117948 9.9973E-05 0.361824 0.49409 9.9973E-05
9.9973E-05 0.044631 0.0517356 9.9973E-05 0.44182 0.461513 9.9973E-05
0.252153 0.104118 9.9973E-05 9.9973E-05 0.378809 9.9973E-05 0.264621
0.414518 0.0991221 0.0311626 9.9982E-05 0.263279 9.9982E-05 0.191719
0.406745 9.9973E-05 9.9973E-05 0.354544 0.0844294 0.153981 9.9973E-05
0.220401 9.9982E-05 0.0260195 0.17094 0.485911 0.0965284 9.9982E-05
0.32622 9.9964E-05 9.9964E-05 9.9964E-05 0.362131 0.311249 9.9964E-05
9.9973E-05 0.02454 9.9973E-05 0.0557258 9.9973E-05 0.859253 0.060181
9.996E-05 9.996E-05 9.996E-05 0.350571 9.996E-05 0.602528 0.0465006
0.137212 9.9973E-05 9.9973E-05 0.0997523 0.246488 0.516247 9.9973E-05
0.0377857 9.9982E-05 0.167963 0.330196 0.0440253 0.419831 9.9982E-05
0.041535 9.9991E-05 0.0687104 0.111689 0.137803 0.638932 0.00123134
0.147646 0.0841098 0.00721235 0.0142162 9.9991E-05 0.566881 0.179835
0.148339 9.9973E-05 0.0540589 9.9973E-05 0.127297 0.670006 9.9973E-05
9.9955E-05 9.9955E-05 9.9955E-05 9.9955E-05 9.9955E-05 0.409499 0.590001
0.00939518 9.9982E-05 0.0866105 9.9982E-05 0.32785 0.332886 0.243059
0.146926 9.9982E-05 0.101108 0.0222592 0.346425 0.383082 9.9982E-05
9.9973E-05 9.9973E-05 0.16016 9.9973E-05 0.0966482 0.259228 0.483663
0.00334763 0.0430737 9.9982E-05 9.9982E-05 0.20791 0.500024 0.245444
0.195997 9.9973E-05 9.9973E-05 9.9973E-05 0.156058 0.624136 0.0235091
0.774657 9.9964E-05 0.106215 9.9964E-05 9.9964E-05 0.118728 9.9964E-05
0.730105 9.9973E-05 0.00402917 0.129329 9.9973E-05 9.9973E-05 0.136237
0.793689 9.9964E-05 9.9964E-05 0.0495481 9.9964E-05 9.9964E-05 0.156363
0.600382 9.9955E-05 9.9955E-05 9.9955E-05 9.9955E-05 9.9955E-05 0.399119
0.825692 0.0319678 0.000379385 9.9982E-05 0.0624372 0.0793232 9.9982E-05
0.221188 0.140043 9.9973E-05 9.9973E-05 9.9973E-05 0.350318 0.288151
0.550467 9.9973E-05 0.0983565 9.9973E-05 0.0418937 0.308983 9.9973E-05
0.101151 9.997E-05 0.040247 9.997E-05 9.997E-05 0.583052 0.275249
0.0777935 0.108221 9.9973E-05 9.9973E-05 9.9973E-05 0.515907 0.297779
0.0631927 9.997E-05 0.0872398 9.997E-05 0.228665 0.620602 9.997E-05
9.998E-05 0.235955 0.201611 0.286675 9.998E-05 0.165613 0.109946
9.998E-05 0.577975 0.235117 0.00550535 0.089226 0.0919765 9.998E-05
9.9973E-05 0.0100658 0.903208 9.9973E-05 0.00563762 9.9973E-05 0.0807883
0.0596375 0.258953 0.447312 0.167406 9.9982E-05 9.9982E-05 0.0664913
9.9964E-05 0.126416 0.56797 0.305214 9.9964E-05 9.9964E-05 9.9964E-05
0.147635 9.99639E-05 0.63243 0.219535 9.99639E-05 9.99639E-05 9.99639E-05
0.114056 9.9964E-05 9.9964E-05 0.883516 9.9964E-05 9.9964E-05 0.00202881
0.00441592 9.9982E-05 0.146089 0.780563 0.0279355 0.0407962 9.9982E-05
9.997E-05 0.4133 0.118774 0.426454 0.0411727 9.997E-05 9.997E-05
9.9973E-05 0.684737 0.164041 0.135798 9.9973E-05 0.0151248 9.9973E-05
9.9973E-05 0.300561 0.232664 0.309835 9.9973E-05 0.156641 9.9973E-05
9.99641E-05 0.475847 0.461243 9.99641E-05 9.99641E-05 0.0625102 9.99641E-05
9.9973E-05 0.149099 0.191972 0.577507 9.9973E-05 0.0811229 9.9973E-05
9.9973E-05 0.345626 0.332552 0.260281 9.9973E-05 0.0612422 9.9973E-05
9.9982E-05 0.135014 0.0183118 0.723789 0.0343171 0.0883683 9.9982E-05
9.9973E-05 0.0788692 0.484823 0.349782 9.9973E-05 0.0862258 9.9973E-05
9.9964E-05 0.100266 0.133719 0.765615 9.9964E-05 9.9964E-05 9.9964E-05
0.075919 0.0858561 0.662676 0.159814 0.015535 9.998E-05 9.998E-05
0.0403145 0.170344 0.645366 0.018599 9.9982E-05 0.125177 9.9982E-05
0.11939 9.9973E-05 0.71825 0.152114 9.9973E-05 0.00994671 9.9973E-05
9.9964E-05 9.9964E-05 0.571276 0.398258 0.0300663 9.9964E-05 9.9964E-05
9.9964E-05 9.9964E-05 0.96361 0.0013197 0.0346705 9.9964E-05 9.9964E-05
9.9973E-05 0.328466 0.56196 0.0540605 9.9973E-05 9.9973E-05 0.0552138
0.0967041 0.121976 0.233132 0.547888 9.997E-05 9.997E-05 9.997E-05
0.206612 0.00576986 0.664686 0.122632 9.9973E-05 9.9973E-05 9.9973E-05
0.0974183 9.9982E-05 0.0150353 9.9982E-05 0.791448 0.0797298 0.0161686
9.9964E-05 9.9964E-05 0.0847671 9.9964E-05 0.126596 9.9964E-05 0.788237
9.9964E-05 9.9964E-05 0.113631 9.9964E-05 0.161886 9.9964E-05 0.724083
0.134683 0.0596905 9.9964E-05 9.9964E-05 0.805227 9.9964E-05 9.9964E-05
0.228964 0.0957803 9.997E-05 9.997E-05 0.472456 9.997E-05 0.2025
0.436651 9.99641E-05 9.99641E-05 0.188379 9.99641E-05 9.99641E-05 0.37457
0.158714 9.998E-05 9.998E-05 0.193786 0.441045 0.0575977 0.148657
0.123607 0.00932578 9.999E-05 0.118811 0.377988 0.0684928 0.301675
0.16858 9.9973E-05 9.9973E-05 0.0449404 0.769976 9.9973E-05 0.0162041
0.110467 9.9973E-05 9.9973E-05 0.0746196 0.534831 9.9973E-05 0.279782
9.997E-05 9.997E-05 0.0673963 0.0524726 0.860464 0.0193667 9.997E-05
9.9973E-05 9.9973E-05 0.052563 0.000340148 0.620682 0.326115 9.9973E-05
0.0459866 0.0220831 9.997E-05 9.997E-05 0.669348 0.262282 9.997E-05
0.0688165 9.9982E-05 0.0120664 0.0742961 0.671492 0.173129 9.9982E-05
0.425992 9.9964E-05 9.9964E-05 0.152681 0.420928 9.9964E-05 9.9964E-05
0.187875 9.997E-05 9.997E-05 0.0343067 0.519783 0.257736 9.997E-05
9.997E-05 9.997E-05 0.0901393 0.00532765 0.758491 0.145742 9.997E-05
9.997E-05 9.997E-05 0.040506 0.0506365 0.699085 0.209472 9.997E-05
9.998E-05 0.0328211 9.998E-05 0.0154302 0.476769 0.279551 0.195228
0.217074 0.0407611 9.9973E-05 9.9973E-05 0.352553 9.9973E-05 0.389312
0.0469703 9.9964E-05 9.9964E-05 9.9964E-05 0.547259 9.9964E-05 0.405371
0.0918885 9.9973E-05 0.00209471 9.9973E-05 0.41302 9.9973E-05 0.492697
0.0163331 9.9964E-05 9.9964E-05 9.9964E-05 0.393715 9.9964E-05 0.589552
0.181817 9.9973E-05 9.9973E-05 0.0409423 0.76862 9.9973E-05 0.00832091
0.0765896 9.9964E-05 9.9964E-05 9.9964E-05 0.853065 0.0699457 9.9964E-05
0.154639 9.9973E-05 9.9973E-05 9.9973E-05 0.630139 0.119749 0.0951737
0.0905663 0.0320723 9.9964E-05 9.9964E-05 0.876962 9.9964E-05 9.9964E-05
0.0461156 0.0370469 9.9964E-05 9.9964E-05 0.916438 9.9964E-05 9.9964E-05
9.9964E-05 0.0119661 9.9964E-05 9.9964E-05 0.977678 9.9964E-05 0.00995581
9.9964E-05 9.9964E-05 9.9964E-05 9.9964E-05 0.826838 0.0856265 0.0871355
9.9955E-05 9.9955E-05 9.9955E-05 9.9955E-05 0.875914 9.9955E-05 0.123586
0.155184 9.9973E-05 9.9973E-05 9.9973E-05 0.463746 0.0947736 0.285997
0.12029 9.9973E-05 0.0572034 9.9973E-05 0.577158 9.9973E-05 0.245048
0.0554835 9.9982E-05 9.9982E-05 0.0415052 0.642099 0.0353229 0.22539
0.120109 9.99731E-05 9.99731E-05 0.0334778 0.821306 9.99731E-05 0.0248073
0.0703154 0.00368126 9.9973E-05 9.9973E-05 0.683402 9.9973E-05 0.242301
0.0138562 9.998E-05 0.0199951 9.998E-05 0.792704 0.0192988 0.153946
0.0530107 9.9973E-05 9.9973E-05 0.00494279 0.786023 9.9973E-05 0.155724
9.9973E-05 9.9973E-05 9.9973E-05 0.0888026 0.312233 0.0384285 0.560236
9.9964E-05 9.9964E-05 9.9964E-05 0.0840835 0.365307 9.9964E-05 0.550209
0.015705 9.9982E-05 0.00481994 0.0784161 0.555953 9.9982E-05 0.344906
9.9955E-05 9.9955E-05 9.9955E-05 9.9955E-05 0.910512 9.9955E-05 0.0889881
0.0116672 0.00958385 0.0430213 0.0247143 0.728938 0.0555062 0.126569
9.9973E-05 9.9973E-05 9.9973E-05 0.0359287 0.736678 0.0738632 0.15323
0.0199882 9.9973E-05 9.9973E-05 0.0389938 0.861726 9.9973E-05 0.0789925
9.9982E-05 0.215046 0.0934528 9.9982E-05 0.610313 0.0759978 0.00499046
9.9973E-05 0.00381516 0.261876 0.123255 0.610753 9.9973E-05 9.9973E-05
0.0886964 9.9964E-05 9.9964E-05 9.9964E-05 0.716914 9.9964E-05 0.19399
0.0578283 9.9964E-05 9.9964E-05 9.9964E-05 0.292498 9.9964E-05 0.649274
9.9964E-05 9.9964E-05 9.9964E-05 0.111781 0.488011 9.9964E-05 0.399808
9.997E-05 0.0185098 9.997E-05 9.997E-05 0.38132 0.0295601 0.57031
0.053419 9.9973E-05 9.9973E-05 9.9973E-05 0.0657754 0.0142969 0.866209
0.0637219 9.9964E-05 9.9964E-05 9.9964E-05 0.733745 9.9964E-05 0.202134
9.9964E-05 0.00272896 9.9964E-05 9.9964E-05 0.384862 9.9964E-05 0.612009
9.997E-05 0.00572718 9.997E-05 9.997E-05 0.665335 0.0285547 0.300083
0.102152 9.9973E-05 9.9973E-05 9.9973E-05 0.509811 0.0148492 0.372888
9.9964E-05 9.9964E-05 9.9964E-05 0.0459909 0.457055 9.9964E-05 0.496555
0.00187985 9.997E-05 0.130201 0.753977 9.997E-05 9.997E-05 0.113642
9.9973E-05 0.151964 0.407745 0.384473 9.9973E-05 9.9973E-05 0.0555172
0.0922206 0.0957823 0.330113 0.481584 9.9973E-05 9.9973E-05 9.9973E-05
0.0768409 0.0382771 0.632618 0.163427 9.9982E-05 9.9982E-05 0.0886369
0.0127677 0.148888 0.602476 0.0998162 0.125182 9.9991E-05 0.010771
0.0202083 0.112476 0.750068 0.116947 9.9973E-05 9.9973E-05 9.9973E-05
9.9982E-05 0.294995 0.292161 0.376141 9.9982E-05 0.00335403 0.0331487
9.9964E-05 0.120544 0.190477 0.688579 9.9964E-05 9.9964E-05 9.9964E-05
9.99551E-05 9.99551E-05 9.99551E-05 0.885536 9.99551E-05 9.99551E-05 0.113964
9.9973E-05 0.158508 0.635995 0.140583 0.0646138 9.9973E-05 9.9973E-05
9.99641E-05 0.0362104 0.906264 9.99641E-05 9.99641E-05 0.057126 9.99641E-05
9.9964E-05 9.9964E-05 0.910471 9.9964E-05 9.9964E-05 0.0887018 0.000427491
9.9973E-05 0.11198 0.839469 9.9973E-05 0.0288247 0.0194263 9.9973E-05
