9.99639E-05 9.99639E-05 0.613686 0.0791313 9.99639E-05 0.0593281 9.99639E-05 0.23958 0.0078748
9.9973E-05 9.9973E-05 0.260059 0.193268 9.9973E-05 0.219918 0.212924 0.081246 0.0322855
9.9964E-05 9.9964E-05 0.394175 0.147862 9.9964E-05 9.9964E-05 0.0485638 0.352108 0.0568912
0.0760884 0.0123914 0.121855 0.110088 9.9973E-05 0.109021 9.9973E-05 9.9973E-05 0.570256
0.0451417 0.0128464 0.213336 9.9964E-05 9.9964E-05 9.9964E-05 9.9964E-05 0.583485 0.144791
0.0565216 9.9964E-05 0.389601 0.0156749 9.9964E-05 9.9964E-05 9.9964E-05 0.132 0.405802
9.9955E-05 9.9955E-05 9.9955E-05 0.0412407 0.761856 0.0331565 0.163247 9.9955E-05 9.9955E-05
0.157011 9.9964E-05 9.9964E-05 9.9964E-05 0.610017 0.0324873 0.0997161 0.100369 9.9964E-05
9.9946E-05 9.9946E-05 9.9946E-05 0.0246369 0.901646 9.9946E-05 9.9946E-05 9.9946E-05 0.0731173
9.99461E-05 9.99461E-05 0.0258941 9.99461E-05 0.959017 0.0144892 9.99461E-05 9.99461E-05 9.99461E-05
9.9955E-05 9.9955E-05 0.0160628 9.9955E-05 0.812653 0.0514763 0.119308 9.9955E-05 9.9955E-05
0.0339346 0.000817005 9.99639E-05 9.99639E-05 0.42025 9.99639E-05 0.485769 0.0588294 9.99639E-05
9.9964E-05 0.212108 9.9964E-05 9.9964E-05 0.695808 9.9964E-05 0.0541547 0.0305057 0.007024
0.113232 0.0856631 9.9946E-05 9.9946E-05 0.800506 9.9946E-05 9.9946E-05 9.9946E-05 9.9946E-05
9.9955E-05 9.9955E-05 9.9955E-05 0.0187791 0.874841 0.0635945 0.0422857 9.9955E-05 9.9955E-05
9.99461E-05 9.99461E-05 9.99461E-05 9.99461E-05 0.686122 0.0501131 0.263166 9.99461E-05 9.99461E-05
0.590845 9.9973E-05 9.9973E-05 0.0137416 9.9973E-05 0.0183398 0.0395421 0.316411 0.0208207
0.487644 0.0142089 9.9973E-05 0.453014 0.0197547 0.00585992 0.0192191 9.9973E-05 9.9973E-05
0.379278 0.0567426 0.324305 0.131285 9.9973E-05 9.9973E-05 0.0106517 9.9973E-05 0.0974376
0.716483 9.9946E-05 9.9946E-05 9.9946E-05 9.9946E-05 9.9946E-05 9.9946E-05 0.0674445 0.215473
0.427525 9.99549E-05 9.99549E-05 0.346547 9.99549E-05 9.99549E-05 9.99549E-05 0.18533 0.0400981
0.701105 9.9955E-05 9.9955E-05 0.194058 0.00586234 9.9955E-05 9.9955E-05 9.9955E-05 0.0984742
9.9946E-05 9.9946E-05 0.623467 9.9946E-05 9.9946E-05 9.9946E-05 0.232285 0.143647 9.9946E-05
0.0340705 0.0443816 0.626377 9.9973E-05 9.9973E-05 0.0495011 0.00600592 0.239364 9.9973E-05
0.130507 0.00468384 0.745688 9.9964E-05 9.9964E-05 9.9964E-05 9.9964E-05 0.100043 0.0186784
0.333195 9.9955E-05 0.280408 9.9955E-05 9.9955E-05 0.186617 9.9955E-05 9.9955E-05 0.199281
0.66818 9.9946E-05 0.00189558 9.9946E-05 9.9946E-05 9.9946E-05 9.9946E-05 0.329325 9.9946E-05
0.411302 0.0229744 0.108255 9.9964E-05 9.9964E-05 9.9964E-05 9.9964E-05 0.271199 0.185869
0.179601 9.9964E-05 9.9964E-05 0.15989 0.100835 0.199808 9.9964E-05 0.359465 9.9964E-05
0.164269 9.9973E-05 9.9973E-05 0.353982 0.0996693 0.103392 9.9973E-05 0.26333 0.0150579
0.0892351 9.9955E-05 9.9955E-05 0.238175 9.9955E-05 9.9955E-05 0.368798 9.9955E-05 0.303292
0.247979 9.99639E-05 9.99639E-05 0.0477167 9.99639E-05 9.99639E-05 0.200999 0.192743 0.310163
0.283918 9.9964E-05 9.9964E-05 0.082432 9.9964E-05 0.0878269 0.0236579 9.9964E-05 0.521765
0.102531 9.9946E-05 0.879492 9.9946E-05 0.017377 9.9946E-05 9.9946E-05 9.9946E-05 9.9946E-05
9.9946E-05 9.9946E-05 0.758923 0.0256166 9.9946E-05 9.9946E-05 0.21486 9.9946E-05 9.9946E-05
0.479004 9.9973E-05 0.134433 0.00936635 9.9973E-05 9.9973E-05 0.0878479 0.147569 0.141479
9.9964E-05 0.231397 0.426742 0.0786711 9.9964E-05 9.9964E-05 0.192434 9.9964E-05 0.070355
0.270154 0.0883909 0.464683 0.0026943 9.9982E-05 9.9982E-05 0.0298459 0.0909355 0.0530962
0.125482 0.0625723 0.543719 0.243396 9.9964E-05 0.0244306 9.9964E-05 9.9964E-05 9.9964E-05
0.540242 9.9955E-05 0.210856 9.9955E-05 0.0132614 9.9955E-05 9.9955E-05 9.9955E-05 0.235141
0.0318827 9.9955E-05 0.129815 9.9955E-05 9.9955E-05 0.542413 9.9955E-05 9.9955E-05 0.29539
0.118324 0.0955241 9.9973E-05 0.0178421 9.9973E-05 0.257006 9.9973E-05 0.0434017 0.467601
0.0304532 0.13774 0.177517 0.246993 9.9973E-05 9.9973E-05 9.9973E-05 0.0111776 0.39582
9.9955E-05 0.161648 0.0691387 9.9955E-05 9.9955E-05 0.52384 9.9955E-05 9.9955E-05 0.244874
0.176725 9.99641E-05 0.12674 9.99641E-05 0.0140059 0.206124 9.99641E-05 9.99641E-05 0.476006
0.137219 9.9955E-05 0.317454 0.121026 9.9955E-05 9.9955E-05 9.9955E-05 9.9955E-05 0.4238
0.528144 0.00398086 9.9955E-05 0.384822 9.9955E-05 9.9955E-05 0.082553 9.9955E-05 9.9955E-05
0.146746 9.9955E-05 9.9955E-05 0.658937 9.9955E-05 0.0990528 0.0947645 9.9955E-05 9.9955E-05
0.00175098 9.9946E-05 9.9946E-05 0.991716 9.9946E-05 9.9946E-05 0.00593363 9.9946E-05 9.9946E-05
0.0280279 9.9955E-05 0.0871425 0.748896 9.9955E-05 0.135434 9.9955E-05 9.9955E-05 9.9955E-05
0.322855 9.99459E-05 9.99459E-05 0.616376 0.0601688 9.99459E-05 9.99459E-05 9.99459E-05 9.99459E-05
0.460665 9.9955E-05 0.0284442 9.9955E-05 0.0905018 0.419889 9.9955E-05 9.9955E-05 9.9955E-05
0.544501 0.0529005 0.103493 0.258751 9.9964E-05 9.9964E-05 9.9964E-05 0.0399552 9.9964E-05
0.588365 9.9946E-05 0.0614326 9.9946E-05 9.9946E-05 0.349603 9.9946E-05 9.9946E-05 9.9946E-05
0.56871 9.99459E-05 0.0400369 9.99459E-05 9.99459E-05 0.390653 9.99459E-05 9.99459E-05 9.99459E-05
0.649818 9.9955E-05 9.9955E-05 9.9955E-05 9.9955E-05 0.0247199 9.9955E-05 0.027201 0.297761
9.996E-05 0.252397 0.256792 9.996E-05 0.302396 0.0441072 0.143908 9.996E-05 9.996E-05
9.9946E-05 0.318592 0.198123 9.9946E-05 0.482686 9.9946E-05 9.9946E-05 9.9946E-05 9.9946E-05
9.9955E-05 0.861752 9.9955E-05 9.9955E-05 0.0347107 0.0681488 9.9955E-05 0.0348888 9.9955E-05
0.0502044 0.432268 9.9964E-05 9.9964E-05 0.295504 0.146073 0.0755505 9.9964E-05 9.9964E-05
9.9946E-05 0.634594 9.9946E-05 9.9946E-05 0.145628 9.9946E-05 0.219178 9.9946E-05 9.9946E-05
0.124609 0.622491 9.9964E-05 0.0396162 9.9964E-05 0.0133176 0.199567 9.9964E-05 9.9964E-05
9.99459E-05 9.99459E-05 9.99459E-05 0.141421 0.0507681 9.99459E-05 0.807211 9.99459E-05 9.99459E-05
0.110248 0.108133 9.99459E-05 9.99459E-05 9.99459E-05 9.99459E-05 0.781019 9.99459E-05 9.99459E-05
9.9955E-05 0.0916146 9.9955E-05 9.9955E-05 0.543475 9.9955E-05 0.295859 9.9955E-05 0.0685514
9.9955E-05 0.154166 0.0747129 0.00619115 0.76443 9.9955E-05 9.9955E-05 9.9955E-05 9.9955E-05
0.00385304 0.26281 0.181548 9.9964E-05 0.33055 9.9964E-05 0.220839 9.9964E-05 9.9964E-05
9.99461E-05 0.477772 0.189449 9.99461E-05 0.332179 9.99461E-05 9.99461E-05 9.99461E-05 9.99461E-05
9.9955E-05 0.213657 0.125371 9.9955E-05 0.188603 9.9955E-05 0.471869 9.9955E-05 9.9955E-05
9.9955E-05 0.338855 0.110059 9.9955E-05 0.322911 9.9955E-05 0.227676 9.9955E-05 9.9955E-05
9.9964E-05 0.123668 0.101488 9.9964E-05 0.0961475 9.9964E-05 0.654973 9.9964E-05 0.0233231
9.9955E-05 0.383254 0.157326 9.9955E-05 0.299871 9.9955E-05 0.159049 9.9955E-05 9.9955E-05
9.9964E-05 0.118161 0.00863985 9.9964E-05 0.0800657 9.9964E-05 0.75543 0.037303 9.9964E-05
0.153294 0.582556 9.9964E-05 9.9964E-05 0.0847189 9.9964E-05 0.17295 9.9964E-05 0.00608191
0.194712 0.6379 9.9955E-05 9.9955E-05 0.0840205 9.9955E-05 0.0828684 9.9955E-05 9.9955E-05
0.0471063 0.734888 9.9955E-05 0.0431943 9.9955E-05 9.9955E-05 0.174312 9.9955E-05 9.9955E-05
9.9946E-05 0.58796 9.9946E-05 9.9946E-05 9.9946E-05 9.9946E-05 0.331031 9.9946E-05 0.0804093
9.99371E-05 0.963773 9.99371E-05 9.99371E-05 9.99371E-05 9.99371E-05 9.99371E-05 0.0355273 9.99371E-05
9.9955E-05 0.614356 0.0294739 9.9955E-05 0.267823 9.9955E-05 0.0878467 9.9955E-05 9.9955E-05
0.024656 0.238727 9.99639E-05 0.0424618 0.119311 9.99639E-05 0.574445 9.99639E-05 9.99639E-05
9.9973E-05 0.703844 0.0196841 0.127098 0.0668719 9.9973E-05 0.0570176 9.9973E-05 0.0251849
0.124424 0.0114394 0.0330905 9.99731E-05 9.99731E-05 0.019107 9.99731E-05 0.776682 0.0349571
0.0402811 0.0508428 9.9955E-05 9.9955E-05 9.9955E-05 0.799006 9.9955E-05 0.109371 9.9955E-05
9.9946E-05 0.0891425 9.9946E-05 9.9946E-05 9.9946E-05 0.703942 9.9946E-05 0.206315 9.9946E-05
9.9964E-05 9.9964E-05 0.0117601 0.134297 0.0560505 9.9964E-05 9.9964E-05 0.752433 0.0450595
9.9964E-05 9.9964E-05 9.9964E-05 0.34707 0.0579044 0.0199234 9.9964E-05 0.571952 0.00275041
9.99461E-05 9.99461E-05 9.99461E-05 0.746015 9.99461E-05 0.0850006 0.168385 9.99461E-05 9.99461E-05
9.99641E-05 9.99641E-05 9.99641E-05 0.173466 9.99641E-05 0.106973 0.0909297 0.0120072 0.616224
9.9964E-05 9.9964E-05 0.0608024 0.157143 0.0635569 0.290275 9.9964E-05 9.9964E-05 0.427823
9.9955E-05 9.9955E-05 9.9955E-05 0.109137 9.9955E-05 0.0607317 9.9955E-05 0.306191 0.52344
9.9964E-05 9.9964E-05 9.9964E-05 0.240475 9.9964E-05 0.173511 0.0318017 0.261982 0.29183
9.9946E-05 0.0405185 9.9946E-05 9.9946E-05 9.9946E-05 9.9946E-05 9.9946E-05 0.166013 0.792869
0.0574288 9.9937E-05 9.9937E-05 9.9937E-05 9.9937E-05 9.9937E-05 9.9937E-05 9.9937E-05 0.941872
9.99639E-05 9.99639E-05 0.145099 0.0131228 0.0214223 9.99639E-05 9.99639E-05 0.337924 0.482032
9.9982E-05 0.0296198 0.0213155 0.0686333 9.9982E-05 0.0300983 0.0140912 0.0587054 0.777337
9.99459E-05 9.99459E-05 9.99459E-05 0.413698 0.0395565 9.99459E-05 9.99459E-05 9.99459E-05 0.546146
0.0355523 9.9973E-05 0.026636 0.0953286 0.0475379 9.9973E-05 9.9973E-05 0.0867185 0.707927
9.9955E-05 0.0242521 9.9955E-05 9.9955E-05 0.0234074 9.9955E-05 9.9955E-05 0.223598 0.728243
0.00215248 0.0251157 0.0484512 9.9964E-05 9.9964E-05 9.9964E-05 9.9964E-05 0.262091 0.66179
9.9973E-05 9.9973E-05 0.0321424 9.9973E-05 0.0266055 0.18758 0.020949 0.191188 0.541235
9.9973E-05 9.9973E-05 0.0479813 0.268183 0.00486622 0.279212 9.9973E-05 0.369175 0.0302823
9.9964E-05 9.9964E-05 0.00203779 0.0391191 9.9964E-05 0.391377 9.9964E-05 0.510778 0.0562878
9.9955E-05 9.9955E-05 0.0579571 0.0924955 9.9955E-05 0.427901 9.9955E-05 0.421147 9.9955E-05
9.9937E-05 9.9937E-05 9.9937E-05 9.9937E-05 9.9937E-05 0.599017 9.9937E-05 0.400283 9.9937E-05
9.9964E-05 9.9964E-05 9.9964E-05 0.242907 0.012861 9.9964E-05 0.0106186 0.707207 0.0260067
0.0954902 9.9946E-05 0.0571983 9.9946E-05 9.9946E-05 9.9946E-05 9.9946E-05 0.846712 9.9946E-05
0.113996 9.9955E-05 0.141246 0.108347 9.9955E-05 9.9955E-05 9.9955E-05 0.635912 9.9955E-05
0.0472629 9.9955E-05 9.9955E-05 0.0586067 0.0273035 9.9955E-05 9.9955E-05 0.866327 9.9955E-05
9.9955E-05 0.0127331 0.0412696 0.0864735 9.9955E-05 9.9955E-05 9.9955E-05 0.859024 9.9955E-05
9.9955E-05 9.9955E-05 0.069808 9.9955E-05 9.9955E-05 0.031357 9.9955E-05 0.734671 0.163664
9.99606E-05 0.00367527 0.108456 9.99606E-05 9.99606E-05 0.00548608 9.99606E-05 0.881883 9.99606E-05
9.99461E-05 9.99461E-05 0.0470129 9.99461E-05 9.99461E-05 0.0535889 9.99461E-05 0.898798 9.99461E-05
0.0312498 9.9973E-05 0.0553755 0.124669 9.9973E-05 0.243396 9.9973E-05 0.363533 0.181477
0.163293 0.0222724 9.9973E-05 0.0319539 9.9973E-05 0.3282 9.9973E-05 0.396004 0.057977
9.9964E-05 9.9964E-05 0.115931 0.11244 9.9964E-05 0.0451881 9.9964E-05 0.550976 0.175065
9.99641E-05 9.99641E-05 0.10514 0.0642121 9.99641E-05 9.99641E-05 0.0559633 0.65794 0.116344
9.99551E-05 9.99551E-05 9.99551E-05 0.0805089 9.99551E-05 0.12779 9.99551E-05 0.696951 0.0942506
9.9964E-05 9.9964E-05 0.0499166 0.0228049 9.9964E-05 0.0544153 0.0106858 0.861777 9.9964E-05
9.99639E-05 9.99639E-05 9.99639E-05 0.108176 9.99639E-05 0.0754224 0.005282 0.648961 0.161759
9.9955E-05 9.9955E-05 0.217573 9.9955E-05 9.9955E-05 0.514968 0.0336008 0.233358 9.9955E-05
9.9964E-05 9.9964E-05 0.0444945 0.0366892 9.9964E-05 0.530397 0.0395684 0.348451 9.9964E-05
9.99461E-05 9.99461E-05 9.99461E-05 9.99461E-05 9.99461E-05 0.296068 0.0888923 0.61444 9.99461E-05
9.9955E-05 9.9955E-05 0.00647515 9.9955E-05 9.9955E-05 0.0819659 9.9955E-05 0.796355 0.114704
0.0301608 0.0389595 0.0216029 9.9991E-05 0.018479 0.10461 0.0440786 0.60837 0.133639
9.9973E-05 0.013649 0.173462 9.9973E-05 9.9973E-05 0.0617548 0.00690985 0.695155 0.0487693
9.9964E-05 9.9964E-05 9.9964E-05 0.00984143 0.015114 0.092583 9.9964E-05 0.848959 0.0331028
9.9955E-05 0.115752 0.195429 9.9955E-05 0.0983865 9.9955E-05 9.9955E-05 0.589932 9.9955E-05
0.00817785 0.296836 9.9964E-05 9.9964E-05 0.00709799 9.9964E-05 0.0851922 0.602296 9.9964E-05
9.9955E-05 9.9955E-05 9.9955E-05 0.102124 9.9955E-05 0.156139 0.006696 0.734542 9.9955E-05
9.99459E-05 9.99459E-05 9.99459E-05 0.0836284 9.99459E-05 0.614367 9.99459E-05 0.301405 9.99459E-05
9.9964E-05 9.9964E-05 0.096625 9.9964E-05 9.9964E-05 0.407835 0.0742014 0.398045 0.0228936
9.9955E-05 9.9955E-05 0.136098 9.9955E-05 9.9955E-05 0.403783 9.9955E-05 0.425663 0.033957
0.00227626 9.9955E-05 9.9955E-05 0.0788198 9.9955E-05 0.872274 9.9955E-05 0.0461297 9.9955E-05
9.9955E-05 0.00742476 9.9955E-05 0.0903765 9.9955E-05 0.0930397 9.9955E-05 0.808659 9.9955E-05
9.9955E-05 9.9955E-05 0.037021 9.9955E-05 9.9955E-05 0.638717 9.9955E-05 0.224169 0.099594
0.0215264 9.9964E-05 9.9964E-05 9.9964E-05 0.00408157 0.324514 9.9964E-05 0.546335 0.103143
9.996E-05 9.996E-05 0.0608903 0.105953 9.996E-05 0.29613 9.996E-05 0.406824 0.129802
9.9946E-05 9.9946E-05 9.9946E-05 9.9946E-05 9.9946E-05 0.417568 0.0554821 0.52635 9.9946E-05
9.9955E-05 0.192148 9.9955E-05 0.0126649 9.9955E-05 0.12729 0.667398 9.9955E-05 9.9955E-05
9.9964E-05 0.39259 0.0269032 0.0256464 0.238978 9.9964E-05 0.315483 9.9964E-05 9.9964E-05
9.9973E-05 0.284624 9.9973E-05 0.130242 0.244238 0.00859796 0.320648 9.9973E-05 0.0113503
9.99729E-05 0.600527 9.99729E-05 0.10771 0.130092 0.118606 0.0114981 9.99729E-05 0.0312663
9.9991E-05 0.656976 0.0389421 0.0329352 0.119944 0.0408016 0.0320425 0.053484 0.0247755
9.9973E-05 0.768948 9.9973E-05 0.0191276 0.0852935 0.0137226 0.106012 0.00659669 9.9973E-05
9.9964E-05 0.392442 0.0099681 9.9964E-05 0.150981 0.0717528 0.374456 9.9964E-05 9.9964E-05
9.9955E-05 0.189395 9.9955E-05 9.9955E-05 0.23871 9.9955E-05 0.566396 0.0049991 9.9955E-05
9.99462E-05 9.99462E-05 9.99462E-05 0.0293264 9.99462E-05 0.0377309 0.932343 9.99462E-05 9.99462E-05
9.99549E-05 0.616173 9.99549E-05 9.99549E-05 0.112536 9.99549E-05 0.12407 0.146721 9.99549E-05
0.102402 0.896898 9.99372E-05 9.99372E-05 9.99372E-05 9.99372E-05 9.99372E-05 9.99372E-05 9.99372E-05
0.0441342 0.955166 9.99371E-05 9.99371E-05 9.99371E-05 9.99371E-05 9.99371E-05 9.99371E-05 9.99371E-05
0.0438839 0.802167 9.9964E-05 9.9964E-05 0.108307 9.9964E-05 9.9964E-05 0.0410488 0.00419418
