9.99459E-05 9.99459E-05 0.253299 9.99459E-05 0.196348 9.99459E-05 0.00142393 9.99459E-05 0.54833 9.99459E-05
9.99639E-05 9.99639E-05 0.27314 9.99639E-05 0.0992667 0.0254264 0.36112 0.0481334 0.192513 9.99639E-05
9.9955E-05 0.0722655 9.9955E-05 9.9955E-05 0.336342 9.9955E-05 0.132216 9.9955E-05 0.342821 0.115857
0.00966119 9.9964E-05 0.177515 0.0282499 0.0568121 9.9964E-05 9.9964E-05 9.9964E-05 0.300566 0.426796
9.9955E-05 9.9955E-05 9.9955E-05 0.174326 0.629981 0.0260515 9.9955E-05 9.9955E-05 0.092284 0.076858
9.9964E-05 0.0509904 9.9964E-05 0.0874755 0.187942 0.019223 9.9964E-05 9.9964E-05 0.285608 0.368361
9.9946E-05 0.0310545 0.0783631 9.9946E-05 9.9946E-05 9.9946E-05 0.128319 0.761664 9.9946E-05 9.9946E-05
9.9955E-05 9.9955E-05 0.0166991 0.249936 9.9955E-05 0.0649672 0.00804249 0.659855 9.9955E-05 9.9955E-05
9.9946E-05 9.9946E-05 0.0693308 9.9946E-05 9.9946E-05 9.9946E-05 0.0207789 0.876965 9.9946E-05 0.032326
9.9955E-05 0.00391769 0.0776009 0.0130797 9.9955E-05 9.9955E-05 9.9955E-05 0.904128 0.000774282 9.9955E-05
9.99549E-05 9.99549E-05 0.0278637 9.99549E-05 9.99549E-05 0.00739629 0.192167 0.75892 0.0131532 9.99549E-05
9.99459E-05 9.99459E-05 9.99459E-05 0.000660989 0.065514 9.99459E-05 0.251677 0.681548 9.99459E-05 9.99459E-05
0.130278 9.99371E-05 9.99371E-05 9.99371E-05 9.99371E-05 9.99371E-05 9.99371E-05 0.816552 9.99371E-05 0.0524704
9.99371E-05 9.99371E-05 9.99371E-05 0.0452506 9.99371E-05 0.0334965 9.99371E-05 0.920553 9.99371E-05 9.99371E-05
0.00205868 0.027677 0.0639491 9.9964E-05 9.9964E-05 9.9964E-05 0.0782574 0.801862 9.9964E-05 0.025796
9.99461E-05 9.99461E-05 0.0142499 9.99461E-05 9.99461E-05 0.113553 0.0993354 0.772262 9.99461E-05 9.99461E-05
9.99549E-05 0.0669585 9.99549E-05 0.588654 0.155997 0.160873 0.0270189 9.99549E-05 9.99549E-05 9.99549E-05
0.0227907 0.664552 9.9964E-05 0.0854679 9.9964E-05 0.199237 9.9964E-05 0.0143563 9.9964E-05 0.0131956
0.0296223 0.272804 9.9964E-05 0.0900347 0.0032641 9.9964E-05 9.9964E-05 9.9964E-05 0.530154 0.0737203
0.0249735 0.210147 9.9964E-05 0.376923 0.0814061 9.9964E-05 9.9964E-05 9.9964E-05 0.155823 0.150327
9.99639E-05 0.568335 9.99639E-05 0.0910709 0.236118 9.99639E-05 9.99639E-05 0.0173855 0.0157 0.070991
9.9946E-05 0.408521 9.9946E-05 0.447204 9.9946E-05 9.9946E-05 9.9946E-05 9.9946E-05 0.0340258 0.109649
9.9964E-05 9.9964E-05 0.0776636 0.472431 0.0403519 0.0174776 0.187583 9.9964E-05 0.204094 9.9964E-05
9.9937E-05 9.9937E-05 9.9937E-05 9.9937E-05 0.220707 0.030036 9.9937E-05 9.9937E-05 0.748558 9.9937E-05
9.9955E-05 9.9955E-05 9.9955E-05 0.173226 0.0858473 9.9955E-05 9.9955E-05 0.000864777 0.719145 0.0204167
9.9955E-05 9.9955E-05 0.124089 0.315383 9.9955E-05 0.016517 9.9955E-05 9.9955E-05 0.397533 0.145978
0.0274526 9.9937E-05 9.9937E-05 0.765492 0.206356 9.9937E-05 9.9937E-05 9.9937E-05 9.9937E-05 9.9937E-05
9.9964E-05 9.9964E-05 0.0063398 0.573128 0.26884 9.9964E-05 9.9964E-05 0.0431017 0.00149465 0.106696
9.9955E-05 0.0709418 0.488482 0.218106 0.138853 9.9955E-05 9.9955E-05 0.0831178 9.9955E-05 9.9955E-05
9.9964E-05 0.180491 0.399906 0.157882 0.0618469 9.9964E-05 9.9964E-05 0.115718 9.9964E-05 0.0837556
9.99459E-05 0.0251552 9.99459E-05 0.314199 9.99459E-05 9.99459E-05 0.522136 9.99459E-05 9.99459E-05 0.13791
9.99459E-05 9.99459E-05 9.99459E-05 0.337918 0.222146 9.99459E-05 0.247531 9.99459E-05 9.99459E-05 0.191805
9.99639E-05 0.00970716 0.043255 0.475118 0.0751246 9.99639E-05 0.13785 9.99639E-05 9.99639E-05 0.258545
9.9937E-05 9.9937E-05 9.9937E-05 0.00265825 9.9937E-05 9.9937E-05 9.9937E-05 0.0550333 0.941609 9.9937E-05
9.99279E-05 9.99279E-05 9.99279E-05 9.99279E-05 9.99279E-05 9.99279E-05 0.311759 9.99279E-05 0.687442 9.99279E-05
9.9964E-05 9.9964E-05 0.0361277 0.674999 0.102052 9.9964E-05 0.0945001 9.9964E-05 0.0315275 0.0603944
0.274078 9.9955E-05 9.9955E-05 0.111834 9.9955E-05 9.9955E-05 0.225952 9.9955E-05 0.306224 0.0814106
0.073216 9.9955E-05 9.9955E-05 0.432833 0.113425 9.9955E-05 0.0464152 9.9955E-05 0.33361 9.9955E-05
0.0539229 0.0568556 0.254986 0.234226 9.9955E-05 9.9955E-05 9.9955E-05 9.9955E-05 0.39951 9.9955E-05
9.9937E-05 9.9937E-05 0.0622645 0.908875 9.9937E-05 9.9937E-05 9.9937E-05 9.9937E-05 9.9937E-05 0.0281605
9.99371E-05 9.99371E-05 0.579697 9.99371E-05 9.99371E-05 9.99371E-05 9.99371E-05 9.99371E-05 0.164867 0.254736
0.0823066 9.9964E-05 0.278554 9.9964E-05 0.0169064 0.0463703 9.9964E-05 9.9964E-05 0.149698 0.425765
0.0842557 0.179807 9.9946E-05 9.9946E-05 9.9946E-05 9.9946E-05 9.9946E-05 9.9946E-05 0.153658 0.581679
0.0656585 9.9955E-05 9.9955E-05 9.9955E-05 9.9955E-05 0.554095 9.9955E-05 0.0151136 0.175919 0.188713
9.99371E-05 9.99371E-05 0.225963 9.99371E-05 9.99371E-05 9.99371E-05 9.99371E-05 9.99371E-05 0.267547 0.50579
9.9937E-05 0.107766 9.9937E-05 9.9937E-05 9.9937E-05 9.9937E-05 9.9937E-05 9.9937E-05 0.384565 0.50697
0.0600693 0.793366 9.9937E-05 0.145865 9.9937E-05 9.9937E-05 9.9937E-05 9.9937E-05 9.9937E-05 9.9937E-05
9.99459E-05 0.694217 0.0305717 9.99459E-05 9.99459E-05 0.0785979 0.196013 9.99459E-05 9.99459E-05 9.99459E-05
9.9937E-05 0.628747 0.0841373 9.9937E-05 9.9937E-05 9.9937E-05 0.286416 9.9937E-05 9.9937E-05 9.9937E-05
9.9928E-05 0.445569 0.553632 9.9928E-05 9.9928E-05 9.9928E-05 9.9928E-05 9.9928E-05 9.9928E-05 9.9928E-05
9.9946E-05 0.844495 9.9946E-05 9.9946E-05 9.9946E-05 9.9946E-05 0.00580053 9.9946E-05 0.0397735 0.109332
9.9955E-05 0.246321 0.108085 9.9955E-05 9.9955E-05 0.227279 9.9955E-05 0.0345855 0.383231 9.9955E-05
0.062876 0.59024 9.9955E-05 9.9955E-05 0.0249092 0.0202889 9.9955E-05 9.9955E-05 0.301186 9.9955E-05
9.9955E-05 0.167741 0.0171518 0.117456 9.9955E-05 0.193861 9.9955E-05 9.9955E-05 0.50329 9.9955E-05
9.9964E-05 0.0581369 0.0731306 0.434169 9.9964E-05 0.213278 9.9964E-05 0.0486388 0.172246 9.9964E-05
0.016464 9.9955E-05 9.9955E-05 0.546103 9.9955E-05 0.02423 9.9955E-05 9.9955E-05 0.199876 0.212827
0.0665261 9.9946E-05 0.126957 9.9946E-05 9.9946E-05 9.9946E-05 9.9946E-05 0.545384 0.260533 9.9946E-05
0.185534 9.99461E-05 0.0248786 9.99461E-05 9.99461E-05 9.99461E-05 9.99461E-05 0.605482 0.183506 9.99461E-05
0.871537 9.9937E-05 9.9937E-05 0.0775339 9.9937E-05 0.0502295 9.9937E-05 9.9937E-05 9.9937E-05 9.9937E-05
0.367233 0.0671653 0.037005 0.108921 9.9973E-05 0.0172363 0.0103907 0.391749 9.9973E-05 9.9973E-05
0.592989 9.99459E-05 9.99459E-05 9.99459E-05 9.99459E-05 0.040445 0.111897 0.25407 9.99459E-05 9.99459E-05
0.68134 0.0986471 9.9964E-05 0.0731987 9.9964E-05 0.0121362 0.112383 0.0218955 9.9964E-05 9.9964E-05
9.99369E-05 0.0481176 9.99369E-05 9.99369E-05 9.99369E-05 9.99369E-05 0.648888 0.302295 9.99369E-05 9.99369E-05
0.233753 9.99639E-05 9.99639E-05 0.00193329 0.00706622 9.99639E-05 0.463385 0.247972 0.0454903 9.99639E-05
0.0382719 9.9964E-05 9.9964E-05 9.9964E-05 0.00547283 9.9964E-05 0.147016 0.710663 0.00642967 0.0917472
0.00978445 9.9937E-05 9.9937E-05 9.9937E-05 9.9937E-05 9.9937E-05 9.9937E-05 0.954502 0.0350139 9.9937E-05
0.139872 0.0372237 9.9964E-05 9.9964E-05 9.9964E-05 9.9964E-05 0.0357888 0.59347 0.138793 0.0544528
0.479336 9.99372E-05 9.99372E-05 9.99372E-05 9.99372E-05 9.99372E-05 9.99372E-05 0.372292 0.147672 9.99372E-05
0.186645 9.99459E-05 9.99459E-05 9.99459E-05 9.99459E-05 9.99459E-05 0.311844 0.352628 0.148283 9.99459E-05
0.290215 9.9964E-05 9.9964E-05 0.0254852 9.9964E-05 0.0561941 0.0939354 0.494471 0.039299 9.9964E-05
0.129537 9.9955E-05 9.9955E-05 9.9955E-05 0.0129697 9.9955E-05 0.436721 0.321309 0.098964 9.9955E-05
0.209021 9.9946E-05 9.9946E-05 9.9946E-05 9.9946E-05 9.9946E-05 9.9946E-05 0.636693 0.0990361 0.0546506
0.0918213 9.99459E-05 9.99459E-05 9.99459E-05 0.0470445 9.99459E-05 0.392143 0.468392 9.99459E-05 9.99459E-05
0.586088 0.0989522 9.9955E-05 0.0654833 9.9955E-05 0.0435054 9.9955E-05 0.205472 9.9955E-05 9.9955E-05
0.638849 0.0564003 9.9946E-05 9.9946E-05 9.9946E-05 9.9946E-05 9.9946E-05 0.165183 0.138968 9.9946E-05
0.777032 0.117744 0.00839043 9.9955E-05 9.9955E-05 9.9955E-05 0.0566479 0.039686 9.9955E-05 9.9955E-05
0.500683 9.99459E-05 9.99459E-05 9.99459E-05 9.99459E-05 9.99459E-05 0.114896 0.262288 9.99459E-05 0.121534
0.947316 9.99371E-05 9.99371E-05 9.99371E-05 0.00469362 9.99371E-05 9.99371E-05 9.99371E-05 9.99371E-05 0.0472904
0.545302 9.9955E-05 0.0127186 9.9955E-05 9.9955E-05 0.00132747 9.9955E-05 0.399797 0.0403544 9.9955E-05
0.142681 0.0987023 9.99549E-05 0.0141963 9.99549E-05 9.99549E-05 0.255955 0.487966 9.99549E-05 9.99549E-05
0.687851 0.0956814 0.0646143 9.9955E-05 9.9955E-05 9.9955E-05 9.9955E-05 0.081454 9.9955E-05 0.0698992
0.0216533 0.061424 9.99551E-05 9.99551E-05 0.732513 0.0716872 9.99551E-05 9.99551E-05 0.112222 9.99551E-05
9.99201E-05 9.99201E-05 9.99201E-05 9.99201E-05 9.99201E-05 0.999101 9.99201E-05 9.99201E-05 9.99201E-05 9.99201E-05
9.99279E-05 9.99279E-05 9.99279E-05 9.99279E-05 0.0304984 0.968702 9.99279E-05 9.99279E-05 9.99279E-05 9.99279E-05
9.9946E-05 0.132514 9.9946E-05 9.9946E-05 0.731313 9.9946E-05 9.9946E-05 0.0670101 9.9946E-05 0.068564
9.99549E-05 0.139265 0.453981 0.0563937 0.345722 9.99549E-05 9.99549E-05 0.0041387 9.99549E-05 9.99549E-05
9.99371E-05 0.111918 0.390477 9.99371E-05 9.99371E-05 9.99371E-05 0.496906 9.99371E-05 9.99371E-05 9.99371E-05
9.9955E-05 9.9955E-05 0.138767 9.9955E-05 9.9955E-05 0.0212003 0.222443 0.00407123 9.9955E-05 0.613019
9.9955E-05 9.9955E-05 0.385335 9.9955E-05 9.9955E-05 9.9955E-05 0.10978 0.0184531 0.0216637 0.464268
9.9955E-05 0.0197894 0.0560831 9.9955E-05 0.242383 9.9955E-05 0.0610033 9.9955E-05 9.9955E-05 0.620242
9.99459E-05 9.99459E-05 0.229685 9.99459E-05 0.34245 9.99459E-05 0.220456 9.99459E-05 9.99459E-05 0.20681
0.0175897 9.9946E-05 9.9946E-05 9.9946E-05 0.217892 0.00588114 9.9946E-05 9.9946E-05 9.9946E-05 0.758037
9.9946E-05 9.9946E-05 9.9946E-05 0.0293744 0.104 9.9946E-05 9.9946E-05 9.9946E-05 0.0261384 0.839887
9.99639E-05 9.99639E-05 0.00128071 0.0475776 0.357039 9.99639E-05 9.99639E-05 0.0038241 0.136177 0.453702
9.99639E-05 9.99639E-05 9.99639E-05 0.0231353 0.188219 0.0882456 0.0328147 9.99639E-05 0.0351666 0.632019
9.99459E-05 0.277049 0.077509 9.99459E-05 9.99459E-05 9.99459E-05 0.105304 9.99459E-05 9.99459E-05 0.539539
9.9955E-05 9.9955E-05 0.13652 0.22127 0.00575453 9.9955E-05 0.0219815 9.9955E-05 9.9955E-05 0.613975
9.9955E-05 9.9955E-05 0.0035712 0.00527272 0.298472 9.9955E-05 9.9955E-05 0.0269771 9.9955E-05 0.665207
0.0231991 9.9955E-05 9.9955E-05 0.0319164 0.357196 9.9955E-05 9.9955E-05 9.9955E-05 0.0125902 0.574599
9.99639E-05 9.99639E-05 0.107479 9.99639E-05 0.176534 0.0686477 9.99639E-05 0.0122688 0.157154 0.477517
9.99459E-05 0.0590174 0.68552 0.100136 0.154727 9.99459E-05 9.99459E-05 9.99459E-05 9.99459E-05 9.99459E-05
9.9964E-05 9.9964E-05 0.404196 0.0404466 0.443736 0.0718835 9.9964E-05 9.9964E-05 0.0287676 0.0105698
9.9964E-05 0.031858 0.425674 0.045624 0.340853 0.152162 9.9964E-05 9.9964E-05 0.00342844 9.9964E-05
9.9946E-05 9.9946E-05 0.427502 9.9946E-05 0.300051 0.240773 9.9946E-05 9.9946E-05 0.0310738 9.9946E-05
9.9955E-05 0.138187 0.0102326 9.9955E-05 0.761383 9.9955E-05 0.0683744 0.0213225 9.9955E-05 9.9955E-05
9.9946E-05 0.0525206 0.1068 0.0995033 0.740577 9.9946E-05 9.9946E-05 9.9946E-05 9.9946E-05 9.9946E-05
9.9955E-05 0.0253616 0.147122 0.215482 0.548299 9.9955E-05 9.9955E-05 9.9955E-05 0.0632358 9.9955E-05
9.99461E-05 0.0888322 0.0586032 9.99461E-05 0.83818 9.99461E-05 9.99461E-05 0.0137846 9.99461E-05 9.99461E-05
0.0226243 0.0463678 0.00934641 9.9964E-05 0.874111 9.9964E-05 0.0376967 9.9964E-05 0.00945406 9.9964E-05
9.9955E-05 9.9955E-05 9.9955E-05 9.9955E-05 0.811384 0.00681846 0.0345929 9.9955E-05 0.0448638 0.101841
9.9946E-05 9.9946E-05 9.9946E-05 9.9946E-05 0.832907 0.0219825 9.9946E-05 9.9946E-05 0.136379 0.00813193
9.9946E-05 9.9946E-05 0.00326725 9.9946E-05 0.822371 0.0855919 9.9946E-05 9.9946E-05 0.0881704 9.9946E-05
9.99639E-05 0.0550464 0.441294 0.0328321 0.349072 9.99639E-05 9.99639E-05 9.99639E-05 0.0283193 0.0930369
9.9964E-05 0.0898997 0.0784841 0.102841 0.307799 0.310139 9.9964E-05 9.9964E-05 9.9964E-05 0.110436
9.9946E-05 9.9946E-05 0.129504 0.140037 0.595472 9.9946E-05 0.134387 9.9946E-05 9.9946E-05 9.9946E-05
9.99641E-05 0.0737399 9.99641E-05 9.99641E-05 0.671058 0.0455241 0.0294444 9.99641E-05 0.0651548 0.114679
0.00087725 9.9955E-05 0.401382 0.0100455 0.527405 9.9955E-05 9.9955E-05 9.9955E-05 9.9955E-05 0.0597908
9.9955E-05 0.0159951 0.067443 0.0601373 0.795432 0.0604933 9.9955E-05 9.9955E-05 9.9955E-05 9.9955E-05
9.99639E-05 0.0133706 0.211334 0.0240919 0.627051 9.99639E-05 0.00772172 9.99639E-05 9.99639E-05 0.116031
9.9955E-05 9.9955E-05 0.0945124 9.9955E-05 0.345024 0.267343 0.159175 9.9955E-05 0.133446 9.9955E-05
9.9946E-05 9.9946E-05 9.9946E-05 9.9946E-05 0.44554 0.345206 0.202244 9.9946E-05 0.00641026 9.9946E-05
9.9946E-05 9.9946E-05 9.9946E-05 9.9946E-05 0.576233 0.284648 0.111074 9.9946E-05 0.0274452 9.9946E-05
9.9937E-05 9.9937E-05 9.9937E-05 9.9937E-05 0.728828 0.151875 9.9937E-05 9.9937E-05 9.9937E-05 0.118597
0.0522968 9.9973E-05 0.0621477 0.15787 0.654053 0.0102007 9.9973E-05 0.00496418 9.9973E-05 0.058168
0.038969 9.9955E-05 0.0342218 9.9955E-05 0.762677 9.9955E-05 0.00327877 9.9955E-05 0.160354 9.9955E-05
9.9973E-05 0.00692333 0.0400493 0.0827603 0.802921 0.0434176 0.0207913 0.00283717 9.9973E-05 9.9973E-05
0.0738322 9.9946E-05 9.9946E-05 9.9946E-05 0.616918 9.9946E-05 9.9946E-05 0.163112 0.145538 9.9946E-05
0.270657 9.9937E-05 9.9937E-05 9.9937E-05 0.636705 9.9937E-05 9.9937E-05 0.0919386 9.9937E-05 9.9937E-05
9.9955E-05 0.0727771 0.128636 9.9955E-05 0.689051 0.0825099 0.0265262 9.9955E-05 9.9955E-05 9.9955E-05
9.99459E-05 9.99459E-05 0.521625 9.99459E-05 0.214726 0.240313 0.0227362 9.99459E-05 9.99459E-05 9.99459E-05
9.9955E-05 9.9955E-05 0.268515 9.9955E-05 0.426176 0.0322046 0.143853 9.9955E-05 0.128752 9.9955E-05
9.9946E-05 9.9946E-05 0.555818 9.9946E-05 0.33195 0.0411267 9.9946E-05 9.9946E-05 0.0705059 9.9946E-05
9.9955E-05 9.9955E-05 0.875383 0.0460657 9.9955E-05 0.0678483 0.000434684 9.9955E-05 0.00976806 9.9955E-05
9.9937E-05 9.9937E-05 0.318959 9.9937E-05 0.671513 9.9937E-05 9.9937E-05 0.00882864 9.9937E-05 9.9937E-05
9.9946E-05 9.9946E-05 0.695191 9.9946E-05 0.214904 0.0498469 9.9946E-05 9.9946E-05 0.0394585 9.9946E-05
9.9955E-05 9.9955E-05 0.202217 9.9955E-05 0.581014 0.134663 9.9955E-05 9.9955E-05 0.0394927 0.0421132
9.99639E-05 0.0200459 0.277788 9.99639E-05 0.463751 0.0880052 0.0607873 9.99639E-05 0.0892229 9.99639E-05
9.9946E-05 9.9946E-05 0.368317 9.9946E-05 0.406131 0.176646 0.0483053 9.9946E-05 9.9946E-05 9.9946E-05
0.303828 9.99459E-05 9.99459E-05 9.99459E-05 9.99459E-05 0.0464518 0.618504 0.0306168 9.99459E-05 9.99459E-05
0.328992 0.0107507 9.9973E-05 9.9973E-05 0.0164613 0.0095273 0.134605 0.460505 0.0388584 9.9973E-05
0.173749 0.0695412 0.0751263 9.99549E-05 9.99549E-05 9.99549E-05 0.128556 0.552528 9.99549E-05 9.99549E-05
0.707844 0.0022873 0.171419 0.039167 9.996E-05 9.996E-05 0.0496191 0.0292636 9.996E-05 9.996E-05
0.683267 9.9955E-05 9.9955E-05 9.9955E-05 0.0733143 0.0619499 0.0471093 0.133859 9.9955E-05 9.9955E-05
0.779592 9.9955E-05 9.9955E-05 9.9955E-05 0.014867 0.0189692 0.0213782 0.164694 9.9955E-05 9.9955E-05
0.342984 9.99549E-05 9.99549E-05 9.99549E-05 9.99549E-05 0.0855708 0.183871 0.369862 0.0172125 9.99549E-05
0.228599 9.99369E-05 9.99369E-05 9.99369E-05 9.99369E-05 9.99369E-05 0.388653 0.382048 9.99369E-05 9.99369E-05
9.99281E-05 9.99281E-05 9.99281E-05 9.99281E-05 9.99281E-05 9.99281E-05 0.817131 0.18207 9.99281E-05 9.99281E-05
0.723176 9.9955E-05 9.9955E-05 9.9955E-05 0.0417056 0.0628668 0.0566773 0.115074 9.9955E-05 9.9955E-05
0.926185 9.99282E-05 9.99282E-05 9.99282E-05 9.99282E-05 9.99282E-05 9.99282E-05 9.99282E-05 0.0730155 9.99282E-05
0.951197 9.99371E-05 9.99371E-05 9.99371E-05 9.99371E-05 0.0102341 9.99371E-05 9.99371E-05 0.0378689 9.99371E-05
0.7957 9.99461E-05 9.99461E-05 0.119173 9.99461E-05 0.0108898 9.99461E-05 0.0736375 9.99461E-05 9.99461E-05
