9.9982E-05 9.9982E-05 0.383115 0.104855 0.51183
0.190901 9.9991E-05 0.407285 0.296324 0.10539
0.0985261 9.9991E-05 0.433416 0.0893692 0.378589
0.177892 0.0214964 0.350387 9.9991E-05 0.450124
9.9982E-05 0.0571611 0.642104 9.9982E-05 0.300535
0.0116558 0.0469989 0.368436 9.9991E-05 0.572809
0.0347338 9.9973E-05 9.9973E-05 0.964966 9.9973E-05
0.0362146 0.15945 0.147661 0.608835 0.0478387
9.9982E-05 0.255698 0.0103711 0.733731 9.9982E-05
9.9982E-05 0.197709 9.9982E-05 0.784573 0.0175182
9.9973E-05 0.0658028 9.9973E-05 0.933897 9.9973E-05
9.999E-05 0.0237463 0.0419211 0.903411 0.0308221
9.9973E-05 0.417964 9.9973E-05 0.581736 9.9973E-05
9.9982E-05 0.430577 9.9982E-05 0.547526 0.0216976
0.0259134 0.168326 9.9991E-05 0.7865 0.0191608
9.99731E-05 0.0303859 9.99731E-05 0.969314 9.99731E-05
0.112919 9.9991E-05 0.280161 0.068297 0.538522
0.558325 0.141862 9.9982E-05 9.9982E-05 0.299613
0.18719 0.107287 9.9982E-05 9.9982E-05 0.705324
0.122895 0.113495 0.0850494 9.9991E-05 0.678461
0.418451 0.0867366 0.147414 9.9991E-05 0.347298
0.336121 0.0790496 9.9982E-05 9.9982E-05 0.58463
9.9982E-05 9.9982E-05 0.178889 0.296333 0.524578
9.9982E-05 9.9982E-05 0.264245 0.0751807 0.660374
9.9991E-05 0.011699 0.00320894 0.0628192 0.922173
0.031827 9.9982E-05 0.145232 9.9982E-05 0.822741
9.9982E-05 0.150038 0.244846 9.9982E-05 0.604916
9.9982E-05 0.123307 0.377571 9.9982E-05 0.498922
0.296678 0.0202424 0.527223 0.0676477 0.0882087
0.419233 0.0838088 0.293443 0.0561583 0.147356
0.533657 9.9982E-05 9.9982E-05 0.167453 0.29869
0.213033 0.0386376 0.363351 0.156259 0.22872
0.291744 9.9982E-05 0.248223 9.9982E-05 0.459833
9.9973E-05 9.9973E-05 9.9973E-05 0.128161 0.871539
0.0370067 9.9982E-05 9.9982E-05 0.304805 0.657988
0.0999475 0.0190153 0.155793 0.0813508 0.643894
0.131402 0.184195 9.9991E-05 0.197957 0.486346
9.9991E-05 0.0903226 0.0814843 0.126429 0.701664
0.170396 9.9982E-05 9.9982E-05 0.101082 0.728322
0.105041 0.0706573 0.0299993 0.0365781 0.757724
0.266782 9.9982E-05 0.250033 9.9982E-05 0.482985
0.112141 0.101224 0.438884 9.9991E-05 0.347652
0.183928 0.160816 0.21919 9.9991E-05 0.435967
9.9991E-05 0.071882 0.500386 0.136817 0.290815
0.0398316 9.9991E-05 0.293984 0.0223833 0.643701
0.199414 9.9982E-05 0.0584144 9.9982E-05 0.741971
0.549903 0.141104 9.9982E-05 9.9982E-05 0.308793
0.833429 0.0592454 0.0272955 0.0199621 0.0600679
0.994449 9.9973E-05 9.9973E-05 0.00525121 9.9973E-05
0.759904 9.9982E-05 0.147441 9.9982E-05 0.0924543
0.668669 0.0926887 9.9982E-05 9.9982E-05 0.238442
0.198729 0.00114111 0.146584 0.149543 0.504002
0.329901 0.132147 9.9982E-05 9.9982E-05 0.537752
0.165335 0.0411857 0.0218622 9.9991E-05 0.771517
0.169087 9.9991E-05 0.0291373 0.0943515 0.707324
0.0491565 0.105722 0.114543 9.9991E-05 0.730478
9.9991E-05 0.262059 0.0068578 0.494623 0.236361
9.9991E-05 0.470301 0.0164399 0.354577 0.158582
9.9991E-05 0.859984 0.0585881 0.0678371 0.0134904
0.042552 0.464595 9.9991E-05 0.44437 0.0483835
9.9982E-05 0.570304 0.0149673 0.414528 9.9982E-05
0.173173 0.656687 0.00226852 0.167772 9.9991E-05
0.244186 9.9973E-05 9.9973E-05 0.755514 9.9973E-05
0.0189391 0.0773104 0.0467687 0.790026 0.0669556
9.9982E-05 0.218166 0.0110067 0.770628 9.9982E-05
9.9973E-05 0.345678 9.9973E-05 0.654022 9.9973E-05
9.9982E-05 0.286375 9.9982E-05 0.555831 0.157595
9.99821E-05 0.627132 9.99821E-05 0.307659 0.065009
9.9982E-05 0.141638 9.9982E-05 0.756433 0.101729
9.9982E-05 0.346933 9.9982E-05 0.629994 0.0228732
9.9982E-05 0.0536874 9.9982E-05 0.823569 0.122543
9.9982E-05 0.482776 9.9982E-05 0.41616 0.100864
9.9982E-05 0.0325159 0.067243 0.900041 9.9982E-05
0.117771 0.664627 0.011227 0.206274 9.9991E-05
9.9982E-05 0.704506 9.9982E-05 0.11455 0.180744
0.160768 0.78466 9.9991E-05 0.052529 0.00194303
0.094318 0.575835 0.0199129 0.309834 9.9991E-05
0.00693312 0.972989 0.00305706 0.016921 9.9991E-05
9.9973E-05 0.602216 9.9973E-05 0.397484 9.9973E-05
0.0914562 0.19292 9.9982E-05 0.715424 9.9982E-05
0.098062 0.723308 9.9991E-05 0.160251 0.0182794
9.9982E-05 0.0681606 0.815126 9.9982E-05 0.116514
0.065975 9.9982E-05 0.789577 0.144248 9.9982E-05
9.9982E-05 0.00237264 0.831394 0.166033 9.9982E-05
0.0827953 0.114086 0.802918 9.9982E-05 9.9982E-05
0.299275 0.0380455 0.66248 9.9982E-05 9.9982E-05
0.798319 9.9982E-05 0.160807 0.0406739 9.9982E-05
0.195549 0.0124891 0.599377 0.155637 0.0369478
0.234366 9.9991E-05 0.482907 0.124499 0.158127
0.16208 0.0748876 0.730354 9.9991E-05 0.0325777
0.315657 9.9973E-05 0.684043 9.9973E-05 9.9973E-05
9.9982E-05 0.174997 0.746466 9.9982E-05 0.0783371
9.9982E-05 0.0918828 0.501159 9.9982E-05 0.406758
9.9982E-05 0.0906232 0.60517 9.9982E-05 0.304007
0.0704598 0.120542 0.576384 9.9991E-05 0.232514
0.488194 0.0428464 0.363528 0.0252706 0.0801611
0.152499 0.0156677 0.466654 9.9991E-05 0.36508
9.9982E-05 0.120368 0.683923 9.9982E-05 0.195509
9.9982E-05 0.114589 0.617846 9.9982E-05 0.267365
9.9982E-05 9.9982E-05 0.615063 0.0677983 0.316939
0.294759 9.9982E-05 0.604935 9.9982E-05 0.100106
0.113909 9.9982E-05 0.841648 9.9982E-05 0.0442425
0.125656 9.9982E-05 0.805246 9.9982E-05 0.0688979
0.148712 9.9982E-05 0.845022 0.00606554 9.9982E-05
0.184969 0.0435773 0.771254 9.9982E-05 9.9982E-05
9.9982E-05 0.0452725 0.801044 9.9982E-05 0.153483
0.0565372 0.0323077 0.643905 9.9991E-05 0.267151
0.0255836 0.0689455 0.905271 9.9982E-05 9.9982E-05
0.0486441 0.101189 0.8416 9.9991E-05 0.00846764
9.9982E-05 0.0401427 0.896949 9.9982E-05 0.062708
9.9982E-05 0.0486724 0.841331 9.9982E-05 0.109797
9.9973E-05 0.0194783 0.980222 9.9973E-05 9.9973E-05
0.186984 9.9982E-05 0.615125 9.9982E-05 0.197691
0.121449 0.086849 0.791502 9.9982E-05 9.9982E-05
0.0738862 9.9991E-05 0.776216 0.0292682 0.120529
0.0278409 0.0317228 0.850593 0.0450672 0.0447765
0.108927 0.0327412 0.858132 9.9982E-05 9.9982E-05
9.9973E-05 0.0690628 0.930637 9.9973E-05 9.9973E-05
0.123697 0.0214088 0.854694 9.9982E-05 9.9982E-05
0.023096 9.9982E-05 0.782692 0.194012 9.9982E-05
0.126163 9.9982E-05 0.794842 0.0787945 9.9982E-05
0.0232537 9.9982E-05 0.898482 0.0780645 9.9982E-05
9.9982E-05 0.0174996 0.933245 9.9982E-05 0.0490551
0.00569671 0.0755457 0.758079 0.0446628 0.116016
9.9982E-05 0.049771 0.854089 9.9982E-05 0.0959402
9.9982E-05 0.0376663 0.948615 0.0135191 9.9982E-05
9.9991E-05 0.190097 0.632601 0.0804349 0.0967665
9.9982E-05 0.305027 0.603137 0.091636 9.9982E-05
0.108525 9.9973E-05 0.891175 9.9973E-05 9.9973E-05
0.212076 9.9982E-05 0.780743 0.00698041 9.9982E-05
9.9973E-05 9.9973E-05 0.815067 0.184633 9.9973E-05
9.9982E-05 9.9982E-05 0.875922 0.110245 0.0136336
0.357828 9.9982E-05 0.628293 9.9982E-05 0.0136782
0.0692325 0.0379105 0.892657 9.9982E-05 9.9982E-05
0.154503 9.9982E-05 0.813584 0.0317131 9.9982E-05
9.9982E-05 9.9982E-05 0.918273 0.0486407 0.032886
0.163434 9.9982E-05 0.718244 9.9982E-05 0.118122
0.0790546 9.9982E-05 0.847709 0.0730368 9.9982E-05
0.10829 0.0286871 0.119494 0.743429 9.9991E-05
9.9982E-05 0.3794 0.0003003 0.6201 9.9982E-05
0.108874 0.295008 9.9991E-05 0.587145 0.0088729
0.111656 0.627694 0.0622261 0.198324 9.9991E-05
9.9982E-05 0.67385 0.102412 0.223538 9.9982E-05
0.0121333 0.739839 0.021816 0.226111 9.9991E-05
9.9991E-05 0.301262 0.0193272 0.624336 0.0549747
9.9982E-05 0.15947 0.0171747 0.823155 9.9982E-05
0.220122 9.99731E-05 9.99731E-05 0.779578 9.99731E-05
9.9982E-05 0.627973 0.0907063 0.28112 9.9982E-05
9.99731E-05 0.926635 9.99731E-05 9.99731E-05 0.0730653
9.9973E-05 0.972802 9.9973E-05 9.9973E-05 0.0268978
9.9991E-05 0.922406 0.0349621 0.0158051 0.0267271
