0.239136 0.0492296 0.164717 9.99639E-05 9.99639E-05 0.338762 0.207755 9.99639E-05 9.99639E-05
0.324537 0.338069 0.053198 0.0573102 0.0024516 0.0454518 0.178782 9.9982E-05 9.9982E-05
0.0343408 0.155205 0.306057 9.9964E-05 9.9964E-05 0.229104 0.274893 9.9964E-05 9.9964E-05
0.176617 9.9964E-05 9.9964E-05 0.0199271 9.9964E-05 0.139717 0.622732 9.9964E-05 0.0406074
9.9946E-05 9.9946E-05 0.638468 9.9946E-05 9.9946E-05 0.191106 0.169827 9.9946E-05 9.9946E-05
0.0991201 9.9955E-05 0.0943313 9.9955E-05 9.9955E-05 0.279413 0.526636 9.9955E-05 9.9955E-05
9.9955E-05 0.152787 9.9955E-05 0.670253 0.0534941 9.9955E-05 9.9955E-05 0.122965 9.9955E-05
9.9946E-05 9.9946E-05 0.123409 0.797596 9.9946E-05 0.0783959 9.9946E-05 9.9946E-05 9.9946E-05
9.9946E-05 9.9946E-05 9.9946E-05 0.717736 9.9946E-05 9.9946E-05 0.0176623 0.264002 9.9946E-05
0.00311756 9.9964E-05 9.9964E-05 0.398599 0.0576485 0.0264884 9.9964E-05 0.513746 9.9964E-05
0.00751376 0.158431 9.996E-05 0.640115 9.996E-05 9.996E-05 0.038618 0.154922 9.996E-05
9.997E-05 0.40261 0.0567367 0.262209 9.997E-05 0.0441517 9.997E-05 0.216952 0.0170403
9.99461E-05 9.99461E-05 9.99461E-05 0.446368 9.99461E-05 9.99461E-05 9.99461E-05 0.423189 0.129844
9.9946E-05 9.9946E-05 9.9946E-05 0.773255 9.9946E-05 9.9946E-05 9.9946E-05 0.113479 0.112666
9.9973E-05 0.0365908 9.9973E-05 0.774961 0.0241424 9.9973E-05 0.052001 0.108341 0.00366292
9.99371E-05 0.113018 9.99371E-05 0.886282 9.99371E-05 9.99371E-05 9.99371E-05 9.99371E-05 9.99371E-05
9.9955E-05 0.0215986 0.323638 9.9955E-05 0.125626 0.528637 9.9955E-05 9.9955E-05 9.9955E-05
0.0195555 0.0285083 0.104898 0.0123223 0.600691 0.132361 0.0242399 9.9991E-05 0.0773247
9.9982E-05 0.0189217 0.0377071 9.9982E-05 0.189889 0.61448 0.10443 0.00688795 0.0274838
9.9964E-05 9.9964E-05 0.140141 9.9964E-05 0.159563 0.503648 0.146509 9.9964E-05 0.049739
9.99639E-05 9.99639E-05 0.265984 9.99639E-05 0.493342 0.198647 0.0333475 9.99639E-05 0.00827819
9.99549E-05 9.99549E-05 9.99549E-05 9.99549E-05 0.444794 0.479486 0.0715043 9.99549E-05 0.0037162
0.173201 0.189608 0.140453 9.9964E-05 9.9964E-05 0.468917 9.9964E-05 0.0274212 9.9964E-05
0.21082 9.9955E-05 0.168356 9.9955E-05 9.9955E-05 0.592856 9.9955E-05 0.0274685 9.9955E-05
0.0699927 9.99641E-05 0.0375164 9.99641E-05 9.99641E-05 0.754069 0.130722 0.00730015 9.99641E-05
0.172235 9.9946E-05 9.9946E-05 9.9946E-05 9.9946E-05 0.516675 0.31049 9.9946E-05 9.9946E-05
9.9946E-05 9.9946E-05 0.354793 9.9946E-05 9.9946E-05 0.575401 9.9946E-05 9.9946E-05 0.0692068
9.9964E-05 9.9964E-05 0.393004 9.9964E-05 9.9964E-05 0.488771 0.0641467 0.0388493 0.014829
0.232643 9.9964E-05 0.398926 0.043914 0.299482 0.0246353 9.9964E-05 9.9964E-05 9.9964E-05
0.0909009 9.9964E-05 0.249679 9.9964E-05 0.416648 9.9964E-05 0.11523 0.127142 9.9964E-05
9.9946E-05 0.362723 9.9946E-05 9.9946E-05 0.255481 9.9946E-05 0.381196 9.9946E-05 9.9946E-05
9.9982E-05 0.175797 0.325872 0.00811743 0.13284 0.0630039 0.269413 9.9982E-05 0.0247568
9.9964E-05 0.0416839 0.0936479 9.9964E-05 0.162613 0.20518 0.496476 9.9964E-05 9.9964E-05
0.150146 9.9955E-05 9.9955E-05 9.9955E-05 9.9955E-05 0.811713 0.00908275 0.0285589 9.9955E-05
0.0328083 0.367409 9.99459E-05 9.99459E-05 9.99459E-05 0.599183 9.99459E-05 9.99459E-05 9.99459E-05
9.9964E-05 0.100612 0.2076 9.9964E-05 0.0849292 0.541083 0.0653757 9.9964E-05 9.9964E-05
9.9955E-05 0.288646 9.9955E-05 9.9955E-05 9.9955E-05 0.343055 0.135974 9.9955E-05 0.231825
9.995E-05 0.14758 0.146662 9.995E-05 9.995E-05 0.670399 9.995E-05 9.995E-05 0.0348588
0.185309 9.9964E-05 9.9964E-05 9.9964E-05 0.0995375 0.482923 0.110295 0.121535 9.9964E-05
9.9964E-05 9.9964E-05 0.0556361 0.0216723 0.158318 0.689183 0.0747904 9.9964E-05 9.9964E-05
0.398173 9.99461E-05 9.99461E-05 9.99461E-05 9.99461E-05 0.108566 0.492661 9.99461E-05 9.99461E-05
0.178509 9.9964E-05 0.142144 9.9964E-05 9.9964E-05 0.16514 0.428857 9.9964E-05 0.0849501
9.9973E-05 9.9973E-05 0.0213973 9.9973E-05 0.0696465 0.105685 0.68128 0.0488466 0.0728452
0.486954 9.9955E-05 9.9955E-05 9.9955E-05 9.9955E-05 0.133155 0.226038 9.9955E-05 0.153354
0.169781 9.99551E-05 9.99551E-05 9.99551E-05 9.99551E-05 0.200966 0.605116 0.0236381 9.99551E-05
0.00755191 0.00063229 9.9955E-05 9.9955E-05 9.9955E-05 0.301977 0.68934 9.9955E-05 9.9955E-05
9.9946E-05 9.9946E-05 9.9946E-05 9.9946E-05 0.655851 0.264947 9.9946E-05 9.9946E-05 0.0786025
0.148439 0.119034 9.9955E-05 9.9955E-05 0.705968 9.9955E-05 9.9955E-05 9.9955E-05 0.0260592
0.0791645 0.108278 9.9946E-05 9.9946E-05 0.811958 9.9946E-05 9.9946E-05 9.9946E-05 9.9946E-05
0.340862 9.9937E-05 9.9937E-05 9.9937E-05 0.658439 9.9937E-05 9.9937E-05 9.9937E-05 9.9937E-05
9.9964E-05 9.9964E-05 9.9964E-05 0.0156484 0.761026 0.141477 0.0760474 9.9964E-05 0.0054007
0.311779 9.9973E-05 0.00479312 0.0906864 0.204006 0.360108 9.9973E-05 0.028327 9.9973E-05
9.9955E-05 9.9955E-05 0.0530461 9.9955E-05 0.466001 0.430432 9.9955E-05 9.9955E-05 0.0500213
0.309894 9.9955E-05 9.9955E-05 9.9955E-05 0.11499 0.555631 9.9955E-05 9.9955E-05 0.0189854
0.296786 9.99549E-05 9.99549E-05 0.0140091 0.130655 0.55805 9.99549E-05 9.99549E-05 9.99549E-05
9.9964E-05 9.9964E-05 0.160902 9.9964E-05 0.0505064 0.558926 0.166678 9.9964E-05 0.0625879
0.200017 9.9946E-05 9.9946E-05 9.9946E-05 9.9946E-05 0.0977626 9.9946E-05 0.701621 9.9946E-05
9.9964E-05 9.9964E-05 0.150794 0.000770434 9.9964E-05 0.0340743 9.9964E-05 0.752859 0.0611021
0.0108295 9.9964E-05 0.00383594 0.0588298 9.9964E-05 0.039474 9.9964E-05 9.9964E-05 0.886631
0.158204 0.0023621 9.9973E-05 0.135498 0.0651729 9.9973E-05 9.9973E-05 0.156787 0.481677
0.0302497 0.135655 9.996E-05 0.121126 9.996E-05 9.996E-05 9.996E-05 0.113033 0.599536
0.0289519 0.109252 9.99549E-05 9.99549E-05 0.152857 9.99549E-05 9.99549E-05 9.99549E-05 0.70844
9.99459E-05 0.76213 9.99459E-05 9.99459E-05 0.0862556 9.99459E-05 9.99459E-05 0.151015 9.99459E-05
9.99549E-05 0.646223 9.99549E-05 0.0407664 9.99549E-05 0.0450892 9.99549E-05 9.99549E-05 0.267422
9.99639E-05 0.186046 0.0198712 0.0495771 9.99639E-05 9.99639E-05 0.0116631 0.732443 9.99639E-05
9.9946E-05 9.9946E-05 9.9946E-05 0.0366723 0.00794204 9.9946E-05 9.9946E-05 0.954786 9.9946E-05
9.9955E-05 0.046104 0.079695 9.9955E-05 9.9955E-05 0.0786863 9.9955E-05 0.795015 9.9955E-05
9.99551E-05 9.99551E-05 9.99551E-05 0.0881004 9.99551E-05 0.0611165 9.99551E-05 0.46502 0.385263
9.9955E-05 0.443267 9.9955E-05 9.9955E-05 9.9955E-05 0.0587495 9.9955E-05 0.344553 0.152931
9.9964E-05 0.149995 9.9964E-05 0.184877 9.9964E-05 0.0387847 9.9964E-05 0.305041 0.320902
9.9964E-05 0.546117 9.9964E-05 0.129878 9.9964E-05 0.131074 9.9964E-05 0.0507432 0.141788
9.9964E-05 0.0368473 0.0797714 9.9964E-05 9.9964E-05 0.0648114 9.9964E-05 0.599422 0.218748
9.99639E-05 0.562318 0.00357729 0.0121417 9.99639E-05 9.99639E-05 9.99639E-05 0.309596 0.111967
9.9973E-05 0.0740255 0.012539 0.015935 0.0895092 9.9973E-05 9.9973E-05 0.0534184 0.754273
9.9964E-05 9.9964E-05 9.9964E-05 0.00655811 0.0350716 0.0829488 9.9964E-05 0.256393 0.618629
9.9964E-05 0.00500416 9.9964E-05 9.9964E-05 0.123662 9.9964E-05 0.00266909 0.272841 0.595424
9.995E-05 0.151671 9.995E-05 9.995E-05 9.995E-05 9.995E-05 0.0555919 0.364932 0.427306
9.9946E-05 9.9946E-05 0.0403689 9.9946E-05 9.9946E-05 9.9946E-05 9.9946E-05 0.029686 0.929345
0.0110026 9.9955E-05 9.9955E-05 0.190116 9.9955E-05 9.9955E-05 9.9955E-05 0.243894 0.554488
9.99639E-05 0.371563 9.99639E-05 0.052456 0.099004 9.99639E-05 9.99639E-05 0.286871 0.189706
9.9955E-05 9.9955E-05 9.9955E-05 9.9955E-05 0.0978139 9.9955E-05 0.0895059 0.191466 0.620715
9.99641E-05 9.99641E-05 0.842979 9.99641E-05 0.00376966 0.0546993 0.0596664 9.99641E-05 0.0384859
0.834233 9.9946E-05 0.0401541 9.9946E-05 9.9946E-05 9.9946E-05 9.9946E-05 9.9946E-05 0.125014
0.7333 9.9946E-05 0.155125 9.9946E-05 9.9946E-05 9.9946E-05 9.9946E-05 9.9946E-05 0.110975
9.9955E-05 9.9955E-05 0.765676 9.9955E-05 0.105811 9.9955E-05 0.0774216 0.050592 9.9955E-05
0.0437497 9.9973E-05 0.570364 0.0335299 0.313361 9.9973E-05 0.0231425 0.0155524 9.9973E-05
0.299948 0.257943 9.99461E-05 9.99461E-05 0.441509 9.99461E-05 9.99461E-05 9.99461E-05 9.99461E-05
0.0844304 0.194901 0.045869 9.99551E-05 9.99551E-05 9.99551E-05 0.6743 9.99551E-05 9.99551E-05
0.307003 0.0167379 9.997E-05 0.00737847 0.0469278 9.997E-05 0.558411 0.0632416 9.997E-05
9.9955E-05 0.0426726 0.462411 9.9955E-05 0.0370509 9.9955E-05 0.457366 9.9955E-05 9.9955E-05
0.196299 0.139335 0.426338 9.9964E-05 0.0771603 9.9964E-05 0.160468 9.9964E-05 9.9964E-05
9.9946E-05 9.9946E-05 0.324844 9.9946E-05 9.9946E-05 9.9946E-05 0.6036 9.9946E-05 0.070956
9.9955E-05 9.9955E-05 0.112865 9.9955E-05 9.9955E-05 0.0749715 0.767478 9.9955E-05 0.0441861
9.995E-05 9.995E-05 0.359155 0.0223311 9.995E-05 0.0875148 0.530499 9.995E-05 9.995E-05
9.996E-05 0.0662871 0.32686 9.996E-05 9.996E-05 0.0460869 0.547992 9.996E-05 0.0123741
9.99459E-05 0.0548909 9.99459E-05 9.99459E-05 0.293447 9.99459E-05 0.651063 9.99459E-05 9.99459E-05
9.9964E-05 9.9964E-05 0.143643 9.9964E-05 0.120575 0.0449092 0.682806 0.00766707 9.9964E-05
9.995E-05 9.995E-05 0.385499 9.995E-05 9.995E-05 9.995E-05 0.516562 0.0654772 0.0319619
9.9955E-05 9.9955E-05 0.311527 9.9955E-05 9.9955E-05 0.0659192 0.582245 9.9955E-05 0.0398088
0.179792 9.99639E-05 0.238556 9.99639E-05 9.99639E-05 0.0605729 0.473918 0.0467609 9.99639E-05
0.298319 9.99639E-05 0.410638 9.99639E-05 0.212145 9.99639E-05 0.0670796 0.0114176 9.99639E-05
0.350048 9.9955E-05 0.451345 9.9955E-05 0.0361085 9.9955E-05 0.161999 9.9955E-05 9.9955E-05
0.520521 9.99551E-05 0.417103 9.99551E-05 0.0356949 0.0261814 9.99551E-05 9.99551E-05 9.99551E-05
0.574956 9.9946E-05 0.403097 9.9946E-05 0.0213472 9.9946E-05 9.9946E-05 9.9946E-05 9.9946E-05
9.9955E-05 0.0348262 0.75825 9.9955E-05 0.181047 9.9955E-05 9.9955E-05 0.0253762 9.9955E-05
9.9955E-05 9.9955E-05 0.808548 9.9955E-05 0.0629973 0.121117 9.9955E-05 0.00683784 9.9955E-05
0.0574712 9.9964E-05 0.643878 9.9964E-05 0.108663 0.182701 9.9964E-05 0.00688718 9.9964E-05
9.99461E-05 9.99461E-05 0.886829 9.99461E-05 0.0557641 9.99461E-05 9.99461E-05 0.0568075 9.99461E-05
9.9973E-05 0.0359567 0.88839 9.9973E-05 9.9973E-05 0.00291864 0.0455765 0.0103065 0.0165517
0.0455269 9.9946E-05 0.808681 9.9946E-05 9.9946E-05 9.9946E-05 0.145192 9.9946E-05 9.9946E-05
0.0539831 9.9946E-05 0.849949 9.9946E-05 9.9946E-05 0.0954685 9.9946E-05 9.9946E-05 9.9946E-05
0.0966568 9.9955E-05 0.831818 9.9955E-05 9.9955E-05 0.00556926 0.0654558 9.9955E-05 9.9955E-05
0.301168 9.99549E-05 0.316536 9.99549E-05 0.117606 9.99549E-05 0.26419 9.99549E-05 9.99549E-05
0.282442 9.9955E-05 0.494088 9.9955E-05 0.14237 9.9955E-05 9.9955E-05 9.9955E-05 0.0806015
0.133729 0.0554545 0.601685 9.997E-05 0.0199247 0.0657414 0.123166 9.997E-05 9.997E-05
9.99641E-05 0.0557199 0.780947 9.99641E-05 0.00757928 0.00986609 0.145488 9.99641E-05 9.99641E-05
0.02778 9.99641E-05 0.784763 9.99641E-05 0.0757019 9.99641E-05 0.101608 0.0097465 9.99641E-05
0.0807267 0.0201602 0.887403 9.99551E-05 9.99551E-05 0.0112101 9.99551E-05 9.99551E-05 9.99551E-05
0.116801 9.9955E-05 0.700897 9.9955E-05 0.0597934 9.9955E-05 0.122009 9.9955E-05 9.9955E-05
0.655685 0.108111 0.235605 9.9946E-05 9.9946E-05 9.9946E-05 9.9946E-05 9.9946E-05 9.9946E-05
0.52052 0.113476 0.365405 9.9946E-05 9.9946E-05 9.9946E-05 9.9946E-05 9.9946E-05 9.9946E-05
0.278708 0.0874792 0.633213 9.99461E-05 9.99461E-05 9.99461E-05 9.99461E-05 9.99461E-05 9.99461E-05
0.0844403 9.9946E-05 0.78882 9.9946E-05 9.9946E-05 9.9946E-05 0.12614 9.9946E-05 9.9946E-05
0.0367134 0.0358219 0.74283 9.998E-05 9.998E-05 0.0550555 0.0552129 0.0391449 0.0350215
0.102092 0.0238735 0.746755 9.997E-05 9.997E-05 0.0795168 0.0282224 9.997E-05 0.0192403
0.0270301 0.04535 0.897409 9.9964E-05 0.0263745 9.9964E-05 9.9964E-05 0.00343682 9.9964E-05
9.9964E-05 9.9964E-05 0.61048 0.0833806 9.9964E-05 0.146633 9.9964E-05 0.0779082 0.0811985
9.9946E-05 0.0793282 0.586745 9.9946E-05 9.9946E-05 9.9946E-05 9.9946E-05 9.9946E-05 0.333327
0.0859501 0.0346268 0.754499 9.9955E-05 0.124424 9.9955E-05 9.9955E-05 9.9955E-05 9.9955E-05
0.641361 9.9955E-05 0.272656 9.9955E-05 0.0847883 9.9955E-05 9.9955E-05 0.000694629 9.9955E-05
0.431451 0.0771084 0.413799 0.0394258 9.9964E-05 9.9964E-05 0.0378154 9.9964E-05 9.9964E-05
0.548704 0.0191495 0.383962 0.0074212 9.9973E-05 9.9973E-05 0.0195394 0.0209245 9.9973E-05
0.896513 9.9946E-05 0.0399955 9.9946E-05 0.0628921 9.9946E-05 9.9946E-05 9.9946E-05 9.9946E-05
0.0960113 9.9946E-05 0.809848 9.9946E-05 0.0935411 9.9946E-05 9.9946E-05 9.9946E-05 9.9946E-05
0.554304 9.9955E-05 0.343445 9.9955E-05 9.9955E-05 9.9955E-05 0.0749544 0.0267971 9.9955E-05
0.299245 9.9946E-05 0.624225 9.9946E-05 9.9946E-05 9.9946E-05 0.0759302 9.9946E-05 9.9946E-05
0.335736 9.9955E-05 0.424932 9.9955E-05 0.079512 9.9955E-05 0.159321 9.9955E-05 9.9955E-05
0.381827 0.0680867 0.542485 9.9955E-05 0.00710152 9.9955E-05 9.9955E-05 9.9955E-05 9.9955E-05
0.0644241 0.652747 9.9955E-05 0.00780443 9.9955E-05 9.9955E-05 9.9955E-05 9.9955E-05 0.274525
9.9955E-05 0.248654 0.00216436 9.9955E-05 9.9955E-05 9.9955E-05 9.9955E-05 0.413418 0.335263
9.9964E-05 0.204906 9.9964E-05 0.0263677 0.148106 9.9964E-05 9.9964E-05 0.395356 0.224864
0.121964 0.00355774 9.99729E-05 9.99729E-05 0.0519803 9.99729E-05 0.0409339 0.162994 0.61827
0.0234927 9.9982E-05 0.0239586 0.194098 0.0369034 9.9982E-05 0.0463353 0.0894958 0.585517
9.9955E-05 0.0397598 9.9955E-05 0.142185 9.9955E-05 9.9955E-05 9.9955E-05 0.057325 0.76023
9.9955E-05 0.263039 9.9955E-05 0.366526 9.9955E-05 0.00014403 9.9955E-05 9.9955E-05 0.369791
9.99549E-05 0.487832 9.99549E-05 0.158827 9.99549E-05 9.99549E-05 9.99549E-05 0.112371 0.24047
9.993E-05 0.999201 9.993E-05 9.993E-05 9.993E-05 9.993E-05 9.993E-05 9.993E-05 9.993E-05
9.996E-05 0.0588922 0.0560916 0.279037 0.00155982 9.996E-05 9.996E-05 9.996E-05 0.604019
9.99462E-05 9.99462E-05 9.99462E-05 9.99462E-05 9.99462E-05 0.0630813 9.99462E-05 0.0218052 0.914514
9.99371E-05 9.99371E-05 9.99371E-05 9.99371E-05 9.99371E-05 0.048703 9.99371E-05 9.99371E-05 0.950597
9.99461E-05 9.99461E-05 0.00431081 0.139486 9.99461E-05 9.99461E-05 9.99461E-05 9.99461E-05 0.855604
