0.0684687 9.9973E-05 9.9973E-05 0.296275 9.9973E-05 0.488256 0.1467
0.360025 9.9982E-05 9.9982E-05 0.308083 0.0614536 0.188599 0.0816393
0.147465 9.9982E-05 0.0425071 0.255556 9.9982E-05 0.246393 0.307878
0.108899 0.000770141 0.0685013 9.9982E-05 9.9982E-05 0.142908 0.678721
9.9973E-05 0.0144875 9.9973E-05 0.445767 9.9973E-05 0.187926 0.351519
9.9973E-05 9.9973E-05 0.0733336 0.0774912 9.9973E-05 0.246402 0.602473
0.14241 9.9964E-05 0.154361 9.9964E-05 0.702829 9.9964E-05 9.9964E-05
9.9964E-05 9.9964E-05 0.17647 0.170567 0.652564 9.9964E-05 9.9964E-05
0.0357219 9.99725E-05 9.99725E-05 9.99725E-05 0.8777 9.99725E-05 0.0861777
9.9955E-05 9.9955E-05 0.130516 9.9955E-05 0.868984 9.9955E-05 9.9955E-05
0.173143 9.9964E-05 9.9964E-05 9.9964E-05 0.800853 9.9964E-05 0.0256035
0.178981 9.99729E-05 9.99729E-05 0.036653 0.743583 0.0404835 9.99729E-05
9.99551E-05 0.100507 9.99551E-05 9.99551E-05 0.898993 9.99551E-05 9.99551E-05
9.99641E-05 0.0888222 0.0441777 9.99641E-05 0.8666 9.99641E-05 9.99641E-05
0.0679535 9.9964E-05 0.10117 9.9964E-05 0.830477 9.9964E-05 9.9964E-05
0.149839 9.99641E-05 9.99641E-05 0.0536434 0.796117 9.99641E-05 9.99641E-05
9.9973E-05 9.9973E-05 0.3009 0.28223 9.9973E-05 0.337594 0.0789759
0.0433134 0.0342805 0.733946 0.106979 9.9982E-05 9.9982E-05 0.0812818
9.9973E-05 0.0323809 0.345691 9.9973E-05 9.9973E-05 0.487366 0.134262
9.9973E-05 0.0652385 0.341995 9.9973E-05 9.9973E-05 0.25131 0.341157
9.9973E-05 9.9973E-05 0.640173 0.102281 0.033058 9.9973E-05 0.224188
9.9964E-05 9.9964E-05 0.60545 9.9964E-05 9.9964E-05 0.187418 0.206733
0.133933 9.9973E-05 9.9973E-05 0.196549 0.0583937 0.610824 9.9973E-05
9.9955E-05 9.9955E-05 9.9955E-05 0.279563 9.9955E-05 0.719937 9.9955E-05
9.99641E-05 9.99641E-05 9.99641E-05 0.0844787 9.99641E-05 0.897295 0.0178264
9.9973E-05 9.9973E-05 0.14551 0.0673652 9.9973E-05 0.492252 0.294573
9.9982E-05 0.164023 0.122054 0.310883 9.9982E-05 0.388316 0.0145244
9.9982E-05 0.113609 0.00721449 0.314001 9.9982E-05 0.3586 0.206375
0.0218783 9.99787E-05 0.339889 0.565202 0.0727312 9.99787E-05 9.99787E-05
9.9973E-05 9.9973E-05 0.437268 0.374012 0.101011 9.9973E-05 0.0874091
0.355274 9.9964E-05 0.313373 9.9964E-05 9.9964E-05 9.9964E-05 0.330953
0.0891394 9.998E-05 0.267869 0.142057 0.0543773 9.998E-05 0.446357
0.0275644 9.9982E-05 0.303271 0.0770926 9.9982E-05 0.0539544 0.537918
9.9973E-05 9.9973E-05 9.9973E-05 0.0201943 0.0422657 0.916632 0.0206077
0.307769 9.99549E-05 9.99549E-05 9.99549E-05 9.99549E-05 0.691731 9.99549E-05
9.9982E-05 0.0257258 0.242793 0.225147 9.9982E-05 0.446386 0.0597477
0.196267 0.304935 0.0117404 9.9982E-05 9.9982E-05 0.378981 0.107877
9.9982E-05 0.107976 0.126371 0.0982945 9.9982E-05 0.629115 0.0380434
0.137342 0.0375954 0.152529 0.0283805 9.9991E-05 0.622245 0.0218089
9.9982E-05 0.0478304 0.28947 0.0240585 9.9982E-05 0.486902 0.151539
0.24507 9.997E-05 9.997E-05 0.131934 9.997E-05 0.286528 0.336168
0.0355495 0.0595905 0.0680597 0.310907 9.9991E-05 0.201322 0.324471
0.0230553 0.120504 0.0921271 0.0398958 9.9991E-05 0.14817 0.576148
0.0388414 0.118523 9.9982E-05 0.366579 9.9982E-05 0.302964 0.172892
9.9973E-05 9.9973E-05 0.102411 0.0706848 9.9973E-05 0.309401 0.517203
0.043949 9.9973E-05 0.119918 9.9973E-05 9.9973E-05 0.277242 0.558591
9.9964E-05 0.0869797 0.8239 9.9964E-05 9.9964E-05 0.0887202 9.9964E-05
0.269328 9.9973E-05 0.622833 0.0742567 9.9973E-05 9.9973E-05 0.0332827
0.459547 9.99549E-05 0.539953 9.99549E-05 9.99549E-05 9.99549E-05 9.99549E-05
0.27595 9.9964E-05 0.472522 0.251128 9.9964E-05 9.9964E-05 9.9964E-05
0.0784824 9.9973E-05 0.799622 9.9973E-05 0.0223012 9.9973E-05 0.0992945
0.0242985 9.9982E-05 0.26749 0.241453 0.0755199 0.391039 9.9982E-05
9.9973E-05 0.0818941 0.59761 0.0889502 9.9973E-05 0.231246 9.9973E-05
9.9964E-05 9.9964E-05 0.28716 0.158547 9.9964E-05 0.553893 9.9964E-05
0.00989555 9.9982E-05 0.312856 0.186767 0.00646518 0.483817 9.9982E-05
9.9982E-05 0.0583992 0.247263 0.0121424 9.9982E-05 0.358598 0.323398
0.0968824 0.189442 9.997E-05 9.997E-05 0.42544 0.287935 9.997E-05
9.9973E-05 0.236984 9.9973E-05 0.0281178 0.567038 0.16756 9.9973E-05
9.9973E-05 0.927881 9.9973E-05 0.0437958 9.9973E-05 0.0158751 0.0121481
0.088169 0.541456 0.0997185 9.9982E-05 0.238999 0.0314577 9.9982E-05
0.0779492 0.629195 9.9973E-05 9.9973E-05 0.26814 9.9973E-05 0.024415
0.107079 0.739442 0.139797 0.0082967 0.00518602 9.9982E-05 9.9982E-05
0.58351 9.99639E-05 0.0267292 9.99639E-05 0.389361 9.99639E-05 9.99639E-05
0.32924 0.203806 9.99819E-05 9.99819E-05 0.354002 0.0400194 0.0727334
0.155459 0.0257284 9.9973E-05 9.9973E-05 0.746808 9.9973E-05 0.071704
9.9964E-05 0.0431037 9.9964E-05 9.9964E-05 0.93256 0.0239365 9.9964E-05
0.0208904 0.0797066 0.0445412 9.9991E-05 0.661924 0.153206 0.0396315
9.99641E-05 0.457452 9.99641E-05 9.99641E-05 0.452413 0.0897353 9.99641E-05
0.350951 0.38808 9.99729E-05 9.99729E-05 0.175366 0.0853037 9.99729E-05
9.9964E-05 0.219493 9.9964E-05 9.9964E-05 0.689676 0.0904303 9.9964E-05
0.286583 0.0955823 9.9973E-05 9.9973E-05 0.474845 0.14269 9.9973E-05
9.9973E-05 0.318339 9.9973E-05 9.9973E-05 0.537703 0.113197 0.0304611
0.26801 0.0578309 9.9982E-05 0.0216393 0.605571 0.0467485 9.9982E-05
0.0038359 0.643786 0.111854 9.9982E-05 0.167124 9.9982E-05 0.0731999
9.9973E-05 0.626998 0.0779542 9.9973E-05 0.183383 0.111364 9.9973E-05
0.0795897 0.794926 0.122898 9.9982E-05 0.00111804 9.9982E-05 0.001268
0.102261 0.622426 9.9973E-05 9.9973E-05 0.182201 9.9973E-05 0.0928125
9.9955E-05 0.950353 9.9955E-05 9.9955E-05 9.9955E-05 9.9955E-05 0.0491475
0.055384 0.615202 9.997E-05 9.997E-05 0.281129 0.0479848 9.997E-05
0.224765 0.203058 0.111595 9.99729E-05 0.460282 9.99729E-05 9.99729E-05
0.118681 0.795156 0.0466134 9.9973E-05 9.9973E-05 9.9973E-05 0.0392495
9.9973E-05 0.0752693 0.0529521 0.736421 9.9973E-05 9.9973E-05 0.135058
0.184423 0.0568823 9.9973E-05 0.687372 9.9973E-05 0.0710231 9.9973E-05
0.168206 0.0666349 9.9964E-05 0.764759 9.9964E-05 9.9964E-05 9.9964E-05
9.9982E-05 0.0178115 0.0936797 0.614997 0.055186 9.9982E-05 0.218126
9.9973E-05 9.9973E-05 0.244787 0.688887 0.0403159 9.9973E-05 0.0257098
0.682718 9.9964E-05 0.0911615 0.225721 9.9964E-05 9.9964E-05 9.9964E-05
0.286996 9.9982E-05 0.00438865 0.143663 0.00225554 9.9982E-05 0.562496
0.31437 9.9982E-05 9.9982E-05 0.117301 0.00990187 0.0196348 0.538593
0.0498703 9.9964E-05 9.9964E-05 0.249967 9.9964E-05 9.9964E-05 0.699763
0.282894 9.9964E-05 9.9964E-05 0.465949 9.9964E-05 9.9964E-05 0.250757
9.9973E-05 0.0501007 9.9973E-05 0.130475 0.0115981 9.9973E-05 0.807527
9.9964E-05 0.00225764 9.9964E-05 9.9964E-05 9.9964E-05 0.0302224 0.96712
9.9982E-05 9.9982E-05 0.0359453 0.215576 0.0165681 0.0542856 0.677425
0.0456233 0.018326 0.00528005 0.173936 9.9991E-05 0.0361821 0.720553
0.223361 9.99639E-05 0.176449 9.99639E-05 9.99639E-05 9.99639E-05 0.59979
0.0718859 9.9982E-05 0.067509 0.0355921 9.9982E-05 0.0398921 0.784921
9.9973E-05 0.03142 9.9973E-05 0.167404 0.0161578 9.9973E-05 0.784719
9.9973E-05 0.0365319 9.9973E-05 0.189395 9.9973E-05 0.0460242 0.727749
9.9973E-05 9.9973E-05 9.9973E-05 0.248027 0.0173816 0.144844 0.589448
0.0697095 9.9973E-05 0.206553 0.680828 9.9973E-05 0.0426096 9.9973E-05
9.9973E-05 9.9973E-05 0.0883968 0.837603 9.9973E-05 0.0176756 0.0560244
0.0363405 9.9973E-05 0.0479544 0.837374 9.9973E-05 0.0780313 9.9973E-05
0.0680405 9.9964E-05 9.9964E-05 0.862784 9.9964E-05 0.0687762 9.9964E-05
0.0479004 9.9982E-05 0.11584 0.713205 0.0353194 9.9982E-05 0.0875354
9.9973E-05 9.9973E-05 0.0819507 0.744431 9.9973E-05 0.0219371 0.151382
9.9982E-05 0.00402428 0.144423 0.674662 9.9982E-05 0.163549 0.0131418
9.9973E-05 9.9973E-05 0.0750451 0.846933 0.0346292 9.9973E-05 0.0430929
9.9973E-05 0.0728289 0.0209966 0.732939 9.9973E-05 9.9973E-05 0.172935
9.9955E-05 9.9955E-05 9.9955E-05 0.61348 9.9955E-05 9.9955E-05 0.386021
9.9973E-05 0.0294402 9.9973E-05 0.714566 9.9973E-05 0.102621 0.153073
9.9973E-05 0.00755587 9.9973E-05 0.836854 9.9973E-05 0.0111436 0.144147
0.0333917 9.9982E-05 0.118645 0.499294 9.9982E-05 0.0357638 0.312706
9.9973E-05 0.0573497 0.164921 0.67025 9.9973E-05 9.9973E-05 0.10718
0.0659047 9.9982E-05 0.0375633 0.593983 9.9982E-05 0.0257955 0.276553
9.99731E-05 0.0207739 0.0632588 0.697877 9.99731E-05 9.99731E-05 0.21779
9.99731E-05 9.99731E-05 0.0210521 0.852551 0.0487657 9.99731E-05 0.077331
9.9973E-05 0.0528381 0.00866717 0.857655 9.9973E-05 0.0805399 9.9973E-05
0.0202872 9.9973E-05 0.000943509 0.715549 9.9973E-05 9.9973E-05 0.26292
0.22941 9.9964E-05 9.9964E-05 0.629618 9.9964E-05 0.140572 9.9964E-05
0.254643 9.9973E-05 9.9973E-05 0.639243 9.9973E-05 0.0425364 0.0632777
0.10792 0.0418159 9.9973E-05 0.814686 9.9973E-05 0.0352783 9.9973E-05
9.9955E-05 9.9955E-05 9.9955E-05 0.701479 9.9955E-05 9.9955E-05 0.298021
9.9982E-05 0.0766884 9.9982E-05 0.641617 0.0277878 0.033709 0.219998
9.9973E-05 0.0322517 9.9973E-05 0.70163 9.9973E-05 0.113829 0.151989
9.9982E-05 0.0231833 0.00747856 0.798016 0.0359465 9.9982E-05 0.135175
9.9973E-05 0.130614 9.9973E-05 0.546174 0.136201 0.186711 9.9973E-05
9.9973E-05 0.287564 9.9973E-05 0.58422 0.122112 9.9973E-05 0.00580304
0.0138238 9.9973E-05 0.112499 0.829231 9.9973E-05 9.9973E-05 0.0441467
0.177775 9.9964E-05 9.9964E-05 0.799955 9.9964E-05 0.0218704 9.9964E-05
0.150008 9.9982E-05 9.9982E-05 0.723671 0.0158022 0.105527 0.00479167
0.130631 9.9964E-05 9.9964E-05 0.766127 9.9964E-05 0.102842 9.9964E-05
0.259348 9.9964E-05 9.9964E-05 0.675456 9.9964E-05 0.0647957 9.9964E-05
9.9982E-05 0.0303218 0.0390832 0.909832 0.00561263 9.9982E-05 0.0149505
0.165942 9.9973E-05 9.9973E-05 0.748271 9.9973E-05 0.0729227 0.0125646
0.00357834 9.9982E-05 9.9982E-05 0.799105 0.00190343 0.0354265 0.159787
0.11873 9.9982E-05 0.0244134 0.651237 9.9982E-05 0.00918774 0.196232
0.141975 9.9955E-05 9.9955E-05 0.857525 9.9955E-05 9.9955E-05 9.9955E-05
0.491645 0.317379 9.997E-05 0.0268253 0.163851 9.997E-05 9.997E-05
0.21874 0.449869 9.9973E-05 9.9973E-05 0.330155 9.9973E-05 0.000935487
0.214459 0.299811 0.104667 9.9973E-05 0.380763 9.9973E-05 9.9973E-05
0.147636 0.684965 9.9973E-05 9.9973E-05 0.0896465 9.9973E-05 0.0774526
0.0704344 0.699471 9.9982E-05 0.0294904 0.122112 9.9982E-05 0.0782924
0.0227705 0.843397 9.9964E-05 9.9964E-05 0.133433 9.9964E-05 9.9964E-05
0.202661 0.389921 9.9982E-05 9.9982E-05 0.369891 0.0260903 0.0112364
0.288929 0.194484 9.9973E-05 9.9973E-05 0.504453 9.9973E-05 0.0118336
0.760836 0.0625527 9.9964E-05 9.9964E-05 0.176212 9.9964E-05 9.9964E-05
9.9964E-05 0.645345 9.9964E-05 0.108277 0.245977 9.9964E-05 9.9964E-05
9.99552E-05 0.941004 9.99552E-05 9.99552E-05 9.99552E-05 0.0584961 9.99552E-05
9.9955E-05 0.978903 9.9955E-05 9.9955E-05 9.9955E-05 0.0205968 9.9955E-05
9.99641E-05 0.898039 9.99641E-05 9.99641E-05 0.0648191 9.99641E-05 0.0367419
