0.116688 9.9982E-05 9.9982E-05 0.342544 0.540568
0.507444 9.9982E-05 9.9982E-05 0.313457 0.178899
0.0709576 9.9991E-05 0.177524 0.430914 0.320504
0.0545398 0.0436922 0.133857 0.396081 0.37183
9.9982E-05 0.0651897 9.9982E-05 0.649369 0.285241
9.9982E-05 9.9982E-05 0.12179 0.364815 0.513194
0.668416 0.331284 9.9973E-05 9.9973E-05 9.9973E-05
0.390547 0.449283 0.0448426 0.115227 9.9991E-05
0.466217 0.533483 9.9973E-05 9.9973E-05 9.9973E-05
0.469182 0.497511 9.9982E-05 9.9982E-05 0.0331068
0.605081 0.390769 9.9982E-05 9.9982E-05 0.00394991
0.569203 0.395422 9.99819E-05 9.99819E-05 0.0351755
0.322541 0.677159 9.9973E-05 9.9973E-05 9.9973E-05
0.260688 0.70098 9.9982E-05 9.9982E-05 0.0381317
0.509849 0.489851 9.9973E-05 9.9973E-05 9.9973E-05
0.612997 0.386703 9.9973E-05 9.9973E-05 9.9973E-05
9.9991E-05 0.0495754 0.293238 0.317196 0.339891
0.00835857 0.0620421 0.799396 0.104731 0.0254719
9.9991E-05 0.0863888 0.302659 0.003848 0.607005
9.999E-05 0.135444 0.307037 0.151466 0.405954
9.999E-05 0.0634626 0.611914 0.216521 0.108002
9.9982E-05 0.0259261 0.653253 9.9982E-05 0.320621
0.257684 9.9982E-05 9.9982E-05 0.134017 0.608099
9.9982E-05 0.0310867 9.9982E-05 0.27915 0.689563
9.9982E-05 0.0408472 9.9982E-05 0.0619603 0.896993
9.9982E-05 9.9982E-05 0.167229 0.184066 0.648505
9.9991E-05 0.13742 0.105319 0.29063 0.466531
9.9982E-05 0.148628 9.9982E-05 0.375643 0.47553
0.0846054 0.0344928 0.326652 0.55415 9.9991E-05
0.099775 0.0695663 0.426758 0.403801 9.9991E-05
0.306061 9.9991E-05 0.475053 0.0785873 0.140199
0.0839226 0.0820251 0.318343 0.428584 0.0871254
9.9982E-05 9.9982E-05 0.386227 0.381953 0.23162
0.059488 9.9973E-05 9.9973E-05 9.9973E-05 0.940212
0.298347 9.9973E-05 9.9973E-05 9.9973E-05 0.701353
0.0191062 0.0853732 0.250985 0.191599 0.452936
0.196089 0.238075 0.0841681 9.9991E-05 0.481568
0.0183655 0.097577 0.101321 0.102384 0.680352
0.107349 0.0260423 0.197413 0.0610727 0.608123
9.9991E-05 0.0610346 0.249399 0.0896277 0.599839
0.168464 9.9991E-05 0.0608742 0.34182 0.428742
0.0145766 0.101196 0.034189 0.502141 0.347898
9.9991E-05 0.152332 0.231648 0.280204 0.335717
0.0847503 0.110495 9.9991E-05 0.446942 0.357713
9.9982E-05 9.9982E-05 0.162261 0.349911 0.487627
9.9982E-05 9.9982E-05 0.241231 0.19635 0.562219
9.9982E-05 0.0959341 0.800947 9.9982E-05 0.102919
0.19857 9.9982E-05 0.739483 0.0617474 9.9982E-05
0.299451 9.9973E-05 0.700249 9.9973E-05 9.9973E-05
0.171536 9.9982E-05 0.595131 0.233134 9.9982E-05
0.0122475 0.0229692 0.910778 0.00363856 0.0503665
0.0666547 0.035341 0.351756 0.177433 0.368815
9.9991E-05 0.0749565 0.649991 0.0551878 0.219765
9.9991E-05 0.0107084 0.222577 0.124949 0.641666
0.0321996 9.9991E-05 0.309573 0.0962684 0.561859
9.9991E-05 0.0941504 0.239769 0.182883 0.483098
0.283912 0.4422 9.9982E-05 9.9982E-05 0.273688
0.168517 0.623677 9.9991E-05 0.00813728 0.199569
9.9982E-05 0.902031 9.9982E-05 0.0636148 0.0341538
0.264025 0.626388 0.0884605 9.9991E-05 0.0210265
0.256913 0.742787 9.9973E-05 9.9973E-05 9.9973E-05
0.19004 0.654114 0.155645 9.9982E-05 9.9982E-05
0.900402 0.0897715 0.00198443 9.9991E-05 0.00774202
0.510594 0.326351 0.0167016 9.9991E-05 0.146254
0.469958 0.48163 9.9982E-05 9.9982E-05 0.0482113
0.354302 0.645398 9.9973E-05 9.9973E-05 9.9973E-05
0.278213 0.539803 0.0297685 9.9991E-05 0.152115
0.0636487 0.775497 9.99821E-05 9.99821E-05 0.160654
0.489374 0.382747 9.9982E-05 9.9982E-05 0.127679
0.315504 0.601096 9.9982E-05 9.9982E-05 0.0832007
0.510563 0.34245 9.9982E-05 9.9982E-05 0.146787
0.209507 0.671224 9.9982E-05 9.9982E-05 0.119069
0.581004 0.380765 9.9982E-05 9.9982E-05 0.0380314
0.0896732 0.773792 0.136335 9.9982E-05 9.9982E-05
9.9982E-05 0.802464 0.0615329 9.9982E-05 0.135803
0.0648669 0.78103 0.153903 9.9982E-05 9.9982E-05
0.267201 0.71468 9.9991E-05 0.00208692 0.0159315
9.9973E-05 0.942695 9.9973E-05 0.0570053 9.9973E-05
0.208779 0.790921 9.9973E-05 9.9973E-05 9.9973E-05
0.500228 0.446806 0.0527654 9.9982E-05 9.9982E-05
0.121617 0.726801 0.133755 0.0177272 9.9991E-05
9.9991E-05 0.0661685 0.0541679 0.829646 0.049918
0.220498 9.9982E-05 9.9982E-05 0.708798 0.0705036
0.195788 0.0117249 9.9991E-05 0.785559 0.00682822
9.9982E-05 0.123924 0.0993234 0.776553 9.9982E-05
0.0460458 9.9982E-05 0.276398 0.677356 9.9982E-05
0.588772 9.9982E-05 0.145787 0.26524 9.9982E-05
0.267284 9.9991E-05 0.0240435 0.58862 0.119952
0.291999 9.9991E-05 0.0553809 0.523769 0.128751
9.9991E-05 0.0616887 0.170138 0.752247 0.015826
0.215065 9.9982E-05 0.0124374 0.772297 9.9982E-05
9.9982E-05 0.192454 9.9982E-05 0.684019 0.123327
9.9982E-05 0.080628 9.9982E-05 0.526422 0.39275
9.9991E-05 0.0530021 0.0536059 0.613471 0.279821
0.0205207 0.0630399 0.0648486 0.592627 0.258964
0.161695 9.9982E-05 0.421858 0.416247 9.9982E-05
9.9991E-05 0.00406126 0.193243 0.489602 0.312994
9.9982E-05 0.107578 9.9982E-05 0.714013 0.178209
9.9982E-05 0.110936 9.9982E-05 0.594154 0.29471
0.0397587 0.0125507 9.9991E-05 0.584349 0.363241
0.106249 9.9991E-05 0.177777 0.685861 0.030013
9.9982E-05 9.9982E-05 0.129904 0.856265 0.0136312
0.0606847 9.9991E-05 0.0834424 0.821775 0.0339984
0.109395 9.9982E-05 9.9982E-05 0.876179 0.0142256
0.082101 0.0360943 0.0963272 0.785378 9.9991E-05
9.9991E-05 0.0646762 0.0861983 0.772211 0.076815
9.9991E-05 0.0269396 0.148824 0.652697 0.171439
9.9982E-05 0.0811544 0.0505919 0.868054 9.9982E-05
9.9991E-05 0.105121 0.0541473 0.840059 0.000572488
9.9982E-05 0.0558392 9.9982E-05 0.842744 0.101217
9.9982E-05 0.0611259 9.9982E-05 0.817534 0.12114
9.9982E-05 0.00769295 9.9982E-05 0.951115 0.0409922
0.00711944 9.9991E-05 0.165023 0.694707 0.133051
9.9982E-05 0.067301 0.15044 0.782059 9.9982E-05
0.103955 9.9991E-05 0.0485121 0.735903 0.11153
9.9991E-05 0.0457919 0.120194 0.763727 0.0701867
9.9982E-05 0.0233696 0.0580871 0.918343 9.9982E-05
9.9982E-05 0.0374638 9.9982E-05 0.887693 0.0746429
0.039122 0.0174269 0.0377177 0.905633 9.9991E-05
0.220988 9.9982E-05 9.9982E-05 0.637277 0.141535
0.212036 9.9982E-05 9.9982E-05 0.735201 0.0525624
0.135475 9.9982E-05 9.9982E-05 0.856161 0.00816326
9.9982E-05 0.0286872 9.9982E-05 0.942975 0.0281377
9.9982E-05 0.104253 9.9982E-05 0.793186 0.102362
0.00508058 0.0569346 9.9991E-05 0.788306 0.149579
9.9982E-05 0.0741188 0.0360872 0.889594 9.9982E-05
9.9982E-05 0.256917 9.9982E-05 0.545822 0.197061
0.0512667 0.351719 9.9982E-05 0.596815 9.9982E-05
0.0662011 9.9982E-05 0.0776613 0.855938 9.9982E-05
0.203483 9.9973E-05 9.9973E-05 0.796217 9.9973E-05
0.203869 9.9982E-05 9.9982E-05 0.705883 0.0900484
0.137731 9.9982E-05 9.9982E-05 0.7788 0.0832689
0.274242 9.9991E-05 0.0626135 0.650211 0.0128335
9.9982E-05 0.0372092 0.0720698 0.890521 9.9982E-05
0.14362 9.9982E-05 9.9982E-05 0.794196 0.0619839
9.9982E-05 0.0493985 9.9982E-05 0.889505 0.0608961
0.0224858 9.9991E-05 0.115778 0.748683 0.112954
0.178733 9.9973E-05 9.9973E-05 0.820967 9.9973E-05
0.676903 0.277959 9.9982E-05 0.0449387 9.9982E-05
0.398438 0.601262 9.99729E-05 9.99729E-05 9.99729E-05
0.464604 0.473209 0.0619865 9.9982E-05 9.9982E-05
0.205663 0.690215 0.0295315 0.0739218 0.000668866
0.120357 0.780169 9.9982E-05 0.0992742 9.9982E-05
0.118604 0.868806 0.01239 9.9982E-05 9.9982E-05
0.390405 0.561963 9.9982E-05 9.9982E-05 0.0474314
0.575132 0.424568 9.9973E-05 9.9973E-05 9.9973E-05
0.9996 9.997E-05 9.997E-05 9.997E-05 9.997E-05
0.145927 0.758693 9.9982E-05 0.0951799 9.9982E-05
9.99731E-05 0.961361 9.99731E-05 9.99731E-05 0.0383393
9.9973E-05 0.924957 9.9973E-05 9.9973E-05 0.0747434
9.9991E-05 0.945309 0.00262979 0.0484262 0.00353496
