9.99639E-05 0.545459 9.99639E-05 0.132312 0.0585719 0.234472 9.99639E-05 0.0287853 9.99639E-05
0.107438 0.310034 9.9973E-05 0.00191991 9.9973E-05 0.112335 9.9973E-05 0.306974 0.160999
9.9973E-05 0.297873 0.000514015 9.9973E-05 0.109991 0.395088 0.078459 0.117774 9.9973E-05
0.0741209 0.00719814 9.9982E-05 9.9982E-05 0.649563 0.111365 0.064757 0.00787974 0.0849164
9.9955E-05 0.14629 9.9955E-05 9.9955E-05 0.0519336 0.726942 0.0743347 9.9955E-05 9.9955E-05
9.9964E-05 0.242632 0.0148567 9.9964E-05 0.439172 0.258592 0.0443473 9.9964E-05 9.9964E-05
0.858342 9.9937E-05 9.9937E-05 0.140959 9.9937E-05 9.9937E-05 9.9937E-05 9.9937E-05 9.9937E-05
0.639285 9.9973E-05 0.0137968 0.0705646 9.9973E-05 0.0353042 0.184345 9.9973E-05 0.0564046
0.76827 9.9955E-05 0.114055 0.0827491 0.0344263 9.9955E-05 9.9955E-05 9.9955E-05 9.9955E-05
0.776837 9.9946E-05 0.0657629 0.156801 9.9946E-05 9.9946E-05 9.9946E-05 9.9946E-05 9.9946E-05
0.863381 9.9964E-05 9.9964E-05 0.00322594 0.03975 9.9964E-05 9.9964E-05 0.0293596 0.0638835
0.851328 0.00770798 9.9955E-05 9.9955E-05 9.9955E-05 0.123371 0.0170931 9.9955E-05 9.9955E-05
0.659761 9.99551E-05 0.320854 9.99551E-05 0.0172052 0.00168015 9.99551E-05 9.99551E-05 9.99551E-05
0.609387 9.99461E-05 0.218874 9.99461E-05 9.99461E-05 9.99461E-05 0.171139 9.99461E-05 9.99461E-05
0.757413 9.9955E-05 0.0929069 0.110828 0.0383518 9.9955E-05 9.9955E-05 9.9955E-05 9.9955E-05
0.877823 9.99461E-05 9.99461E-05 0.0111108 9.99461E-05 9.99461E-05 9.99461E-05 9.99461E-05 0.110467
9.9946E-05 9.9946E-05 9.9946E-05 9.9946E-05 9.9946E-05 0.297932 0.604407 9.9946E-05 0.0970618
9.9955E-05 9.9955E-05 0.0207578 9.9955E-05 9.9955E-05 0.0594178 0.54836 0.370964 9.9955E-05
9.9973E-05 0.258807 0.024247 9.9973E-05 0.110179 9.9973E-05 0.477878 0.0952471 0.0333408
9.9946E-05 9.9946E-05 9.9946E-05 9.9946E-05 0.240888 0.187104 0.571408 9.9946E-05 9.9946E-05
9.99639E-05 9.99639E-05 9.99639E-05 0.223079 0.0690438 0.0877593 0.451998 0.16772 9.99639E-05
9.9955E-05 9.9955E-05 9.9955E-05 0.0631769 0.197661 9.9955E-05 0.629502 0.10916 9.9955E-05
0.109492 0.60271 9.9964E-05 0.254302 9.9964E-05 0.0158138 9.9964E-05 9.9964E-05 0.0172827
9.9955E-05 0.674234 0.0115271 9.9955E-05 9.9955E-05 0.287803 9.9955E-05 9.9955E-05 0.0259363
9.9964E-05 0.701439 9.9964E-05 0.017827 0.0958881 0.0778774 0.106568 9.9964E-05 9.9964E-05
9.9964E-05 0.164195 9.9964E-05 0.101219 0.382079 9.9964E-05 0.291189 9.9964E-05 0.0609185
9.9955E-05 0.0295067 0.0116373 9.9955E-05 9.9955E-05 0.319038 0.639319 9.9955E-05 9.9955E-05
9.9964E-05 0.153302 0.00815137 9.9964E-05 0.121669 0.378192 0.338285 9.9964E-05 9.9964E-05
0.0508931 9.9973E-05 9.9973E-05 0.561459 9.9973E-05 0.17735 0.0817957 0.0752386 0.0529635
0.0963559 9.9964E-05 9.9964E-05 0.654399 0.0268331 9.9964E-05 0.18035 0.0416618 9.9964E-05
0.0729123 9.9955E-05 9.9955E-05 9.9955E-05 0.180089 9.9955E-05 0.268991 0.477508 9.9955E-05
0.0896393 9.99639E-05 9.99639E-05 9.99639E-05 0.0402543 0.423744 0.264701 0.181262 9.99639E-05
9.99549E-05 9.99549E-05 9.99549E-05 9.99549E-05 0.246975 0.27527 0.335818 0.141437 9.99549E-05
9.9946E-05 0.851408 9.9946E-05 9.9946E-05 0.0259127 9.9946E-05 0.122079 9.9946E-05 9.9946E-05
0.0432852 0.82673 9.99459E-05 9.99459E-05 9.99459E-05 9.99459E-05 9.99459E-05 0.129385 9.99459E-05
0.0164165 0.183464 9.9973E-05 0.14889 0.0383145 0.172276 0.440339 9.9973E-05 9.9973E-05
9.99459E-05 0.478451 0.302804 9.99459E-05 9.99459E-05 9.99459E-05 9.99459E-05 0.218146 9.99459E-05
9.9955E-05 0.565945 0.0403567 9.9955E-05 9.9955E-05 0.148798 0.2444 9.9955E-05 9.9955E-05
9.9973E-05 0.455598 0.0539736 0.250904 0.0040502 9.9973E-05 0.162981 0.0721928 9.9973E-05
9.9964E-05 0.219035 9.9964E-05 0.0635539 0.129384 0.0473557 0.540272 9.9964E-05 9.9964E-05
9.99371E-05 9.99371E-05 9.99371E-05 9.99371E-05 0.673069 9.99371E-05 9.99371E-05 9.99371E-05 0.326231
9.9973E-05 9.9973E-05 0.0906415 0.0451347 0.542241 0.0112839 0.0669874 9.9973E-05 0.243411
9.9982E-05 0.0735921 0.112912 0.0509818 0.550931 0.0552935 0.0556941 0.100396 9.9982E-05
9.9955E-05 0.00397385 0.146586 9.9955E-05 0.317227 9.9955E-05 9.9955E-05 9.9955E-05 0.531713
9.99551E-05 9.99551E-05 9.99551E-05 0.0769109 0.852499 9.99551E-05 0.0147937 9.99551E-05 0.0552968
9.9955E-05 0.0971735 9.9955E-05 9.9955E-05 0.76605 9.9955E-05 0.112694 0.0235823 9.9955E-05
0.0290677 9.9946E-05 9.9946E-05 9.9946E-05 9.9946E-05 9.9946E-05 0.658409 0.311923 9.9946E-05
0.0268507 9.99549E-05 9.99549E-05 9.99549E-05 9.99549E-05 9.99549E-05 0.309609 0.625635 0.0374053
9.9946E-05 9.9946E-05 9.9946E-05 0.0553145 9.9946E-05 9.9946E-05 0.154286 0.7898 9.9946E-05
9.99459E-05 9.99459E-05 9.99459E-05 0.428275 9.99459E-05 9.99459E-05 0.0470678 0.524058 9.99459E-05
9.99549E-05 9.99549E-05 0.0207374 0.0399177 9.99549E-05 9.99549E-05 0.424558 0.514287 9.99549E-05
0.0647566 0.0460296 9.9964E-05 0.0709017 9.9964E-05 9.9964E-05 0.464786 9.9964E-05 0.353127
9.9964E-05 0.0187065 0.0268358 0.373521 9.9964E-05 9.9964E-05 0.562923 0.0176138 9.9964E-05
9.9955E-05 0.038632 9.9955E-05 9.9955E-05 0.037767 9.9955E-05 0.622317 9.9955E-05 0.300784
9.99459E-05 0.0641873 9.99459E-05 9.99459E-05 9.99459E-05 9.99459E-05 0.618277 9.99459E-05 0.316936
9.9946E-05 9.9946E-05 9.9946E-05 9.9946E-05 0.271421 0.114514 0.613465 9.9946E-05 9.9946E-05
0.383725 0.245441 0.250428 0.119906 9.9955E-05 9.9955E-05 9.9955E-05 9.9955E-05 9.9955E-05
0.298929 0.147797 0.419344 0.13343 9.9955E-05 9.9955E-05 9.9955E-05 9.9955E-05 9.9955E-05
9.9946E-05 0.0249816 0.886924 9.9946E-05 9.9946E-05 9.9946E-05 9.9946E-05 9.9946E-05 0.0874944
0.297744 9.9955E-05 0.494995 9.9955E-05 9.9955E-05 9.9955E-05 0.0589757 9.9955E-05 0.147785
0.422599 9.9955E-05 0.533255 9.9955E-05 9.9955E-05 9.9955E-05 0.00359839 9.9955E-05 0.0400481
0.184928 9.99549E-05 0.602453 9.99549E-05 9.99549E-05 9.99549E-05 0.126598 0.0855221 9.99549E-05
0.605967 0.0220564 9.99459E-05 9.99459E-05 9.99459E-05 9.99459E-05 9.99459E-05 0.371377 9.99459E-05
0.748699 0.0277246 9.9964E-05 9.9964E-05 9.9964E-05 0.1328 0.0505666 0.0398094 9.9964E-05
0.794782 0.015093 0.0910611 9.9955E-05 0.0985639 9.9955E-05 9.9955E-05 9.9955E-05 9.9955E-05
0.600674 9.9946E-05 0.324868 0.0738579 9.9946E-05 9.9946E-05 9.9946E-05 9.9946E-05 9.9946E-05
0.585415 0.0938335 0.18864 9.9964E-05 0.0659914 9.9964E-05 0.0657206 9.9964E-05 9.9964E-05
0.182097 0.198662 0.618642 9.99461E-05 9.99461E-05 9.99461E-05 9.99461E-05 9.99461E-05 9.99461E-05
0.566853 0.216293 0.155803 9.9955E-05 9.9955E-05 9.9955E-05 9.9955E-05 0.060552 9.9955E-05
0.569913 0.0641984 0.284052 9.9964E-05 9.9964E-05 9.9964E-05 0.0537776 9.9964E-05 0.0276594
0.734062 0.19623 9.99551E-05 9.99551E-05 9.99551E-05 0.0559545 9.99551E-05 0.0132537 9.99551E-05
0.435881 0.140193 0.411738 0.0116888 9.9955E-05 9.9955E-05 9.9955E-05 9.9955E-05 9.9955E-05
0.858134 0.0414491 9.9946E-05 9.9946E-05 9.9946E-05 0.0998176 9.9946E-05 9.9946E-05 9.9946E-05
0.305435 9.9955E-05 0.542098 9.9955E-05 9.9955E-05 0.0475932 0.104374 9.9955E-05 9.9955E-05
0.139908 0.0432207 0.635115 9.9964E-05 9.9964E-05 0.0253217 0.156035 9.9964E-05 9.9964E-05
0.139115 9.9964E-05 0.722795 9.9964E-05 0.0242331 9.9964E-05 0.0418044 0.0716521 9.9964E-05
0.367551 9.9973E-05 0.498455 9.9973E-05 0.0692646 0.0495194 9.9973E-05 0.0104969 0.00441315
9.9937E-05 9.9937E-05 0.973203 9.9937E-05 9.9937E-05 0.0260979 9.9937E-05 9.9937E-05 9.9937E-05
0.372187 0.0360387 0.591175 9.9946E-05 9.9946E-05 9.9946E-05 9.9946E-05 9.9946E-05 9.9946E-05
0.736039 9.9964E-05 0.096287 0.0199753 9.9964E-05 9.9964E-05 0.103027 0.0442719 9.9964E-05
9.9955E-05 9.9955E-05 0.768508 0.109139 0.029087 9.9955E-05 9.9955E-05 0.0927663 9.9955E-05
9.99731E-05 9.99731E-05 0.00732494 0.0187721 9.99731E-05 0.830903 0.101914 0.0350626 0.00572329
9.9964E-05 9.9964E-05 0.0330215 0.0693127 0.00065451 9.9964E-05 0.0996345 9.9964E-05 0.796977
9.9955E-05 9.9955E-05 0.0669244 9.9955E-05 9.9955E-05 0.0992071 0.0453362 9.9955E-05 0.788032
9.9973E-05 0.00948378 0.0607261 0.152946 0.00211825 0.717803 9.9973E-05 0.0566232 9.9973E-05
9.9955E-05 9.9955E-05 0.00116637 0.803574 9.9955E-05 0.16231 9.9955E-05 0.0324504 9.9955E-05
9.99371E-05 9.99371E-05 9.99371E-05 0.0215225 9.99371E-05 9.99371E-05 9.99371E-05 0.977778 9.99371E-05
0.0738089 9.9964E-05 9.9964E-05 9.9964E-05 0.426098 0.1194 9.9964E-05 0.225937 0.154357
0.0426308 0.0862809 9.998E-05 0.131992 0.386329 0.0589051 9.998E-05 0.204094 0.0895688
9.9955E-05 9.9955E-05 9.9955E-05 9.9955E-05 0.376115 0.496077 9.9955E-05 0.121168 0.00613997
9.9973E-05 0.00549763 9.9973E-05 0.0429918 0.0318246 0.444837 9.9973E-05 0.351218 0.123331
9.9946E-05 9.9946E-05 0.0681992 9.9946E-05 0.459638 0.471563 9.9946E-05 9.9946E-05 9.9946E-05
9.9946E-05 9.9946E-05 0.0159625 9.9946E-05 0.680577 0.30286 9.9946E-05 9.9946E-05 9.9946E-05
9.99549E-05 0.119543 9.99549E-05 0.113644 0.326816 0.439498 9.99549E-05 9.99549E-05 9.99549E-05
9.9973E-05 0.0566679 0.0413861 9.9973E-05 0.397887 0.379719 0.00307769 0.120962 9.9973E-05
0.022226 9.99549E-05 9.99549E-05 9.99549E-05 0.500028 0.0990831 9.99549E-05 0.378163 9.99549E-05
0.0369315 9.9973E-05 9.9973E-05 0.0959024 0.576861 0.200153 0.0325298 0.0573219 9.9973E-05
9.9946E-05 9.9946E-05 0.0552374 9.9946E-05 0.463148 0.481015 9.9946E-05 9.9946E-05 9.9946E-05
9.9955E-05 0.0266399 0.0460291 9.9955E-05 0.466282 0.460549 9.9955E-05 9.9955E-05 9.9955E-05
0.0424491 0.0192728 9.9964E-05 9.9964E-05 0.47989 0.361436 9.9964E-05 9.9964E-05 0.0965524
9.99639E-05 0.0199787 9.99639E-05 0.826311 0.0281145 9.99639E-05 9.99639E-05 0.00676824 0.118428
9.9955E-05 9.9955E-05 9.9955E-05 0.373493 0.0708763 0.346588 9.9955E-05 9.9955E-05 0.208543
9.9955E-05 0.0598435 9.9955E-05 0.460235 9.9955E-05 0.142148 9.9955E-05 9.9955E-05 0.337274
9.9955E-05 9.9955E-05 9.9955E-05 0.220262 9.9955E-05 0.242307 0.0255403 9.9955E-05 0.511392
0.00834339 9.9964E-05 0.00737646 0.100566 9.9964E-05 0.691357 9.9964E-05 0.191957 9.9964E-05
9.9946E-05 9.9946E-05 9.9946E-05 0.411772 9.9946E-05 0.564909 0.0227197 9.9946E-05 9.9946E-05
9.9955E-05 0.0737388 9.9955E-05 0.492676 9.9955E-05 0.338426 0.0946598 9.9955E-05 9.9955E-05
9.9946E-05 9.9946E-05 9.9946E-05 0.326024 9.9946E-05 0.666306 0.00706975 9.9946E-05 9.9946E-05
9.9946E-05 9.9946E-05 0.0428168 0.237435 9.9946E-05 0.719149 9.9946E-05 9.9946E-05 9.9946E-05
9.9964E-05 9.9964E-05 9.9964E-05 0.00905033 0.0510042 0.887552 0.0430157 9.9964E-05 0.00897824
9.9955E-05 0.0601958 9.9955E-05 9.9955E-05 9.9955E-05 0.850804 0.0728532 9.9955E-05 0.0156472
9.9964E-05 0.00400485 9.9964E-05 0.0861478 0.00533184 0.827592 9.9964E-05 9.9964E-05 0.0765237
9.9973E-05 0.028554 9.9973E-05 0.306346 0.27374 0.290942 9.9973E-05 0.0367216 0.0633964
9.9955E-05 9.9955E-05 9.9955E-05 0.151021 9.9955E-05 0.398742 0.188706 9.9955E-05 0.261031
9.9955E-05 0.0620903 9.9955E-05 9.9955E-05 0.0246705 0.731482 9.9955E-05 0.181258 9.9955E-05
9.9982E-05 0.0166807 9.9982E-05 0.154695 0.0309294 0.700309 0.00237146 0.0524386 0.0423751
9.99551E-05 9.99551E-05 9.99551E-05 0.460581 0.0906062 0.426154 9.99551E-05 9.99551E-05 0.0221591
9.9973E-05 0.00145929 9.9973E-05 0.152205 9.9973E-05 0.726469 0.0247213 0.000469995 0.0943754
9.9955E-05 9.9955E-05 9.9955E-05 0.191276 0.0319555 0.691369 9.9955E-05 0.0849 9.9955E-05
9.9946E-05 0.173378 9.9946E-05 9.9946E-05 9.9946E-05 0.179151 9.9946E-05 9.9946E-05 0.646871
9.9955E-05 0.00920396 9.9955E-05 9.9955E-05 9.9955E-05 0.353435 9.9955E-05 0.092367 0.544494
9.9955E-05 9.9955E-05 9.9955E-05 9.9955E-05 9.9955E-05 0.4845 0.0179484 0.0304054 0.466646
9.99461E-05 9.99461E-05 9.99461E-05 9.99461E-05 0.0991798 0.877899 9.99461E-05 9.99461E-05 0.0223215
0.102168 9.9964E-05 9.9964E-05 0.0633252 9.9964E-05 0.744609 0.0650739 9.9964E-05 0.0244238
9.9955E-05 0.130503 9.9955E-05 9.9955E-05 9.9955E-05 0.798003 9.9955E-05 0.00620057 0.0647931
0.00409526 9.9964E-05 9.9964E-05 0.138068 9.9964E-05 0.728639 0.0372711 9.9964E-05 0.0915274
0.115852 0.144513 0.124395 9.9955E-05 9.9955E-05 0.614741 9.9955E-05 9.9955E-05 9.9955E-05
0.14953 9.9964E-05 0.190868 0.0864644 9.9964E-05 0.561894 0.0108435 9.9964E-05 9.9964E-05
9.9955E-05 9.9955E-05 9.9955E-05 0.20457 9.9955E-05 0.583214 9.9955E-05 0.0540973 0.157619
9.99639E-05 9.99639E-05 9.99639E-05 0.361045 0.00223586 0.00676076 9.99639E-05 0.00746184 0.622097
0.0439887 0.0838913 9.9964E-05 0.128078 9.9964E-05 0.443328 9.9964E-05 9.9964E-05 0.300314
9.9955E-05 0.119185 9.9955E-05 0.264297 9.9955E-05 0.205047 9.9955E-05 9.9955E-05 0.410971
9.9955E-05 0.0148167 9.9955E-05 0.366298 9.9955E-05 9.9955E-05 9.9955E-05 0.0426454 0.57574
9.99459E-05 9.99459E-05 9.99459E-05 0.483773 9.99459E-05 0.485336 9.99459E-05 9.99459E-05 0.0302909
9.9964E-05 0.0281402 9.9964E-05 0.393486 0.092584 0.0492738 9.9964E-05 9.9964E-05 0.436116
9.9955E-05 9.9955E-05 9.9955E-05 0.0751606 0.0786976 0.589923 9.9955E-05 9.9955E-05 0.255719
9.9973E-05 0.0225937 9.9973E-05 0.0455508 0.0372648 0.527665 9.9973E-05 0.211861 0.154764
9.9955E-05 9.9955E-05 9.9955E-05 0.32026 9.9955E-05 0.288729 9.9955E-05 0.0261074 0.364404
0.540116 9.9955E-05 0.0886323 9.9955E-05 9.9955E-05 9.9955E-05 9.9955E-05 0.173516 0.197236
0.470483 9.9964E-05 0.377901 9.9964E-05 9.9964E-05 0.0478241 9.9964E-05 0.0881674 0.0152253
0.580752 9.9973E-05 0.179327 0.0351591 0.0241835 9.9973E-05 0.0368693 0.143409 9.9973E-05
0.165215 0.0371341 0.611489 0.0224486 9.99729E-05 9.99729E-05 9.99729E-05 0.115435 0.0479792
0.124276 9.9955E-05 0.695461 9.9955E-05 9.9955E-05 0.143455 9.9955E-05 0.0363086 9.9955E-05
0.129743 9.9955E-05 0.817592 9.9955E-05 9.9955E-05 0.00583432 9.9955E-05 0.0463307 9.9955E-05
0.582742 0.0192115 0.310427 9.9955E-05 9.9955E-05 9.9955E-05 9.9955E-05 9.9955E-05 0.0871196
0.719705 0.0664569 0.0993435 9.9955E-05 9.9955E-05 9.9955E-05 9.9955E-05 0.113995 9.9955E-05
0.569692 9.99461E-05 9.99461E-05 9.99461E-05 9.99461E-05 9.99461E-05 9.99461E-05 0.403747 0.0259618
0.353319 9.99549E-05 0.538307 9.99549E-05 9.99549E-05 0.106536 9.99549E-05 9.99549E-05 0.00133818
9.99372E-05 9.99372E-05 0.912585 9.99372E-05 9.99372E-05 9.99372E-05 0.0867154 9.99372E-05 9.99372E-05
9.99371E-05 9.99371E-05 0.937889 9.99371E-05 9.99371E-05 9.99371E-05 0.0614114 9.99371E-05 9.99371E-05
9.99461E-05 9.99461E-05 0.866617 9.99461E-05 9.99461E-05 0.0341002 0.0986828 9.99461E-05 9.99461E-05
