0.429096 0.570804 9.9991E-05
0.472811 0.493168 0.0340207
0.440866 0.548422 0.0107122
0.469289 0.528788 0.00192309
0.0889044 0.872619 0.0384765
0.391105 0.608795 9.9991E-05
0.310578 9.9991E-05 0.689322
0.231574 0.1455 0.622926
0.166887 0.00680591 0.826307
0.175569 9.9991E-05 0.824331
0.233709 9.9991E-05 0.766191
0.222282 0.0577236 0.719994
0.0139531 0.031144 0.954903
0.102142 9.9991E-05 0.897758
0.213009 9.9991E-05 0.786891
0.216089 9.9991E-05 0.783811
0.488413 0.482795 0.0287914
0.783334 0.14686 0.0698052
0.756002 0.160804 0.0831941
0.527946 0.402612 0.0694425
0.710941 0.284099 0.00495967
0.836881 0.128421 0.034698
0.500709 0.393216 0.106076
0.315443 0.593417 0.091139
0.463735 0.465325 0.0709402
0.568294 0.431606 9.9991E-05
0.326657 0.522884 0.150459
0.257541 0.612591 0.129868
0.313163 0.644437 0.0424004
0.416251 0.462781 0.120968
0.892898 0.0793215 0.0277806
0.461698 0.456001 0.082301
0.56147 0.43843 9.9991E-05
0.618192 0.292251 0.089557
0.904001 0.0558152 0.040184
0.594986 0.353962 0.0510518
0.537993 0.122405 0.339602
0.577562 0.297708 0.12473
0.731507 0.196873 0.0716202
0.668727 0.265411 0.0658621
0.50402 0.49588 9.9991E-05
0.270059 0.645452 0.0844897
0.404406 0.470736 0.124857
0.100335 0.717225 0.18244
0.470117 0.529783 9.9991E-05
0.635737 0.364163 9.9991E-05
0.947694 9.9991E-05 0.0522064
0.833151 0.112842 0.0540063
0.94059 0.0593102 9.9991E-05
0.710006 0.289894 9.9991E-05
0.901065 0.0544388 0.0444964
0.582459 0.292711 0.12483
0.796513 0.144625 0.0588625
0.721941 0.267544 0.0105151
0.747051 0.223499 0.0294497
0.569075 0.37997 0.0509553
0.234421 0.114957 0.650622
0.0784287 0.154224 0.767348
9.9991E-05 0.0330787 0.966821
0.160832 9.9991E-05 0.839068
9.9991E-05 0.0203313 0.979569
0.114846 0.0616934 0.823461
0.534882 9.9991E-05 0.465018
0.384688 0.00505659 0.610256
0.171693 0.000987799 0.82732
0.105848 9.9991E-05 0.894052
0.230325 0.000824662 0.768851
9.9991E-05 0.0184413 0.981459
0.315426 9.9991E-05 0.684474
0.0569415 0.0205975 0.922461
0.302729 0.0488 0.648471
0.140589 0.0260049 0.833406
0.199716 0.0661393 0.734145
0.0182992 0.0624058 0.919295
0.136626 9.9991E-05 0.863274
0.0926937 0.00988219 0.897424
0.0499364 0.0434274 0.906636
9.999E-05 9.999E-05 0.9998
0.0110337 9.9991E-05 0.988866
0.279314 9.9991E-05 0.720586
0.0642977 0.0635852 0.872117
0.0015613 0.934136 0.0643023
0.123904 0.819628 0.0564681
9.9991E-05 0.904083 0.0958173
0.01535 0.894796 0.0898541
0.190963 0.768839 0.0401982
0.580761 0.419139 9.99911E-05
0.295154 0.60363 0.101216
0.336397 0.616386 0.0472169
0.11685 0.844481 0.0386693
0.168827 0.831073 9.9991E-05
9.9991E-05 0.854921 0.144979
0.194029 0.725694 0.0802769
0.181896 0.779499 0.0386042
0.219374 0.727277 0.0533486
0.527687 0.434493 0.0378201
0.352836 0.614261 0.0329026
9.9991E-05 0.857093 0.142807
0.0838583 0.810833 0.105308
0.143459 0.788049 0.0684921
0.275696 0.724204 9.9991E-05
0.103862 0.896038 9.9991E-05
0.102479 0.897421 9.9991E-05
0.0722804 0.92762 9.9991E-05
0.0337641 0.87298 0.0932557
0.0452655 0.934005 0.0207294
0.183876 0.816024 9.9991E-05
9.9991E-05 0.945244 0.0546558
9.9991E-05 0.918545 0.0813553
0.000644428 0.940092 0.0592636
9.9991E-05 0.985517 0.0143828
9.999E-05 0.9998 9.999E-05
0.257455 0.742445 9.9991E-05
0.0772994 0.857696 0.0650051
0.212504 0.787396 9.9991E-05
0.0670446 0.920301 0.0126544
9.9991E-05 0.974611 0.0252891
9.999E-05 0.9998 9.999E-05
9.9991E-05 0.949768 0.0501317
0.134905 0.864995 9.9991E-05
0.0999218 0.899978 9.9991E-05
0.0364862 0.935128 0.0283854
9.9991E-05 0.999714 0.000186079
0.0114922 0.877877 0.11063
9.9991E-05 0.941559 0.0583407
9.9991E-05 0.9686 0.0312998
9.9991E-05 0.684312 0.315588
9.9991E-05 0.617783 0.382117
9.9991E-05 0.983274 0.0166257
0.114385 0.885515 9.9991E-05
0.060555 0.916183 0.0232619
0.0411762 0.923777 0.0350463
0.244129 0.755771 9.9991E-05
9.9991E-05 0.993128 0.00677231
0.114453 0.885447 9.9991E-05
9.9991E-05 0.977615 0.0222855
0.230596 0.769304 9.9991E-05
9.9991E-05 0.978641 0.0212588
0.322204 0.115744 0.562052
0.119329 0.0111133 0.869558
0.21985 0.015292 0.764858
0.00610126 0.17322 0.820679
9.9991E-05 0.105021 0.894879
9.999E-05 9.999E-05 0.9998
0.0867594 0.0472896 0.865951
0.20563 0.0167931 0.777577
0.500407 9.9991E-05 0.499493
9.9991E-05 0.124489 0.875411
9.999E-05 9.999E-05 0.9998
9.999E-05 9.999E-05 0.9998
9.9991E-05 0.02726 0.97264
