0.355265 0.443109 9.9991E-05 0.154928 0.00692876 0.039669
0.410474 0.0968251 9.9991E-05 0.0287832 0.230324 0.233493
0.267444 0.290232 9.9991E-05 0.325991 0.0701155 0.0461183
0.0184354 0.284018 0.0124355 0.544869 0.140142 9.9991E-05
0.371449 0.183543 0.0150348 0.429773 9.9982E-05 9.9982E-05
0.042419 0.422288 9.9982E-05 0.494859 0.0402339 9.9982E-05
9.9964E-05 9.9964E-05 9.9964E-05 9.9964E-05 0.0623511 0.937249
0.158458 0.0479642 0.152918 9.9991E-05 0.0161167 0.624443
9.9973E-05 9.9973E-05 0.170127 0.0407604 9.9973E-05 0.788813
9.9973E-05 0.0863329 0.120891 9.9973E-05 9.9973E-05 0.792476
9.9973E-05 9.9973E-05 0.0175861 0.0343347 9.9973E-05 0.947779
9.9982E-05 0.0840995 0.0143874 0.0110361 9.9982E-05 0.890277
9.9964E-05 9.9964E-05 0.381778 9.9964E-05 9.9964E-05 0.617822
9.9964E-05 9.9964E-05 0.39073 9.9964E-05 9.9964E-05 0.60887
9.9973E-05 9.9973E-05 0.169187 9.9973E-05 0.0833837 0.747129
0.0304257 9.99731E-05 0.000523111 9.99731E-05 9.99731E-05 0.968751
0.214344 0.488172 0.0135987 0.182377 0.101409 9.9991E-05
0.0269471 0.265451 0.106956 9.9982E-05 0.600446 9.9982E-05
9.999E-05 0.693952 0.0682159 0.0788721 0.157186 0.00167325
9.9982E-05 0.558398 0.0874338 0.283246 0.0707215 9.9982E-05
0.0180873 0.297915 0.0521032 0.231213 0.400581 9.9991E-05
9.9982E-05 0.5172 0.0779588 0.0158955 0.388746 9.9982E-05
0.252538 0.536643 9.9973E-05 9.9973E-05 9.9973E-05 0.210519
0.315071 0.682093 0.00253557 9.9973E-05 9.9973E-05 9.9973E-05
0.0468346 0.853385 0.0172932 0.0822867 9.9982E-05 9.9982E-05
0.154817 0.70479 9.9982E-05 0.121906 0.0182867 9.9982E-05
0.280971 0.525314 0.128306 0.0652088 9.9982E-05 9.9982E-05
0.137592 0.51853 0.085157 0.258521 9.9982E-05 9.9982E-05
0.511201 0.150337 0.0645473 9.9982E-05 0.273715 9.9982E-05
0.317692 0.103978 0.128531 0.0453946 0.404305 9.9991E-05
9.9973E-05 9.9973E-05 9.9973E-05 0.344122 0.489313 0.166264
0.0240686 0.0808542 9.9991E-05 0.547198 0.225794 0.121985
9.9973E-05 0.295446 9.9973E-05 0.47501 0.229244 9.9973E-05
0.0370368 0.837445 9.9982E-05 0.0446609 9.9982E-05 0.0806575
9.9973E-05 0.709168 9.9973E-05 9.9973E-05 0.0500435 0.240489
0.117175 0.566261 9.9991E-05 0.167109 0.0928892 0.0564659
9.9991E-05 0.3364 0.247793 0.17418 0.152448 0.0890787
0.0316431 0.695913 0.0656044 0.124506 9.9991E-05 0.0822337
0.0802098 0.610439 9.9982E-05 9.9982E-05 0.196533 0.112618
9.9982E-05 0.682141 0.0480558 0.181298 0.0883049 9.9982E-05
0.235296 0.357118 9.9982E-05 0.191132 0.216254 9.9982E-05
0.219349 0.296973 0.0679944 0.342913 0.0726702 9.9991E-05
9.9982E-05 0.230652 0.106032 0.528749 0.134367 9.9982E-05
0.418522 0.294858 0.10204 0.160349 9.9991E-05 0.0241302
0.173258 0.459986 9.9982E-05 0.333109 0.0334466 9.9982E-05
9.9973E-05 0.483331 9.9973E-05 0.396921 0.119448 9.9973E-05
9.9973E-05 0.326001 0.145545 9.9973E-05 0.528153 9.9973E-05
0.0312727 0.0388934 0.0254572 0.0590067 0.76543 0.0799405
0.0151765 9.9964E-05 9.9964E-05 9.9964E-05 0.984424 9.9964E-05
0.181235 0.106148 9.9973E-05 9.9973E-05 0.712317 9.9973E-05
9.9982E-05 0.223489 0.106385 0.0154753 0.654451 9.9982E-05
0.216916 0.498489 9.9982E-05 9.9982E-05 0.15058 0.133814
9.9973E-05 0.541486 0.10823 9.9973E-05 0.349984 9.9973E-05
0.112124 0.718895 0.0255071 9.9982E-05 0.143274 9.9982E-05
0.146824 0.697719 9.9982E-05 9.9982E-05 0.101361 0.0538964
9.9973E-05 0.616745 0.0846503 0.298305 9.9973E-05 9.9973E-05
9.9982E-05 0.256567 0.180866 0.0457955 9.9982E-05 0.516571
0.0321404 0.155204 0.407961 0.00160096 9.9991E-05 0.402994
0.0345542 0.0188988 0.887618 0.0587285 9.9982E-05 9.9982E-05
9.9982E-05 0.114099 0.499202 9.9982E-05 0.0558906 0.330609
9.9973E-05 9.9973E-05 0.557924 0.0319395 9.9973E-05 0.409837
0.0173513 9.9982E-05 0.692781 9.9982E-05 0.175371 0.114296
9.99639E-05 9.99639E-05 9.99639E-05 9.99639E-05 0.27601 0.72359
9.9973E-05 0.0364198 9.9973E-05 0.151931 9.9973E-05 0.81135
9.9973E-05 9.9973E-05 0.159888 0.0797312 9.9973E-05 0.760081
9.9973E-05 0.00322314 0.293605 9.9973E-05 9.9973E-05 0.702872
9.9982E-05 0.15185 0.219365 0.00803746 9.9982E-05 0.620547
9.99731E-05 0.120687 0.645309 9.99731E-05 9.99731E-05 0.233705
9.9973E-05 0.10618 0.0903919 9.9973E-05 9.9973E-05 0.803129
0.0014724 0.0796759 0.294393 9.9982E-05 9.9982E-05 0.624259
9.9973E-05 0.0944382 9.9973E-05 0.1013 9.9973E-05 0.803962
9.9982E-05 0.082115 0.47363 0.00114647 9.9982E-05 0.442908
0.051519 0.0268498 0.00411518 0.0161427 9.9991E-05 0.901273
9.9982E-05 9.9982E-05 0.649471 0.0763626 0.0713594 0.202607
9.9982E-05 0.141544 0.717646 9.9982E-05 0.0289506 0.11166
9.9973E-05 9.9973E-05 0.805634 9.9973E-05 0.19046 0.00360609
9.9973E-05 9.9973E-05 0.469387 0.114878 9.9973E-05 0.415436
9.9964E-05 9.9964E-05 0.952639 0.0469611 9.9964E-05 9.9964E-05
9.9973E-05 0.00831497 0.666354 9.9973E-05 9.9973E-05 0.325031
9.9982E-05 0.020957 0.153374 9.9982E-05 0.104598 0.720871
9.9982E-05 9.9982E-05 0.769115 0.0175632 0.177995 0.0351269
0.679842 0.0455431 0.0824362 0.191979 9.9982E-05 9.9982E-05
0.860666 0.0418482 0.00165777 9.9982E-05 9.9982E-05 0.0956286
0.887129 9.9973E-05 0.0301033 9.9973E-05 9.9973E-05 0.0824678
0.525778 9.9982E-05 0.0792464 0.350111 0.044664 9.9982E-05
0.597122 9.9982E-05 0.0639822 0.0878796 0.250816 9.9982E-05
0.18311 9.99731E-05 9.99731E-05 9.99731E-05 0.81444 0.00214954
0.160592 9.9982E-05 9.9982E-05 0.531573 0.238193 0.069442
0.185745 9.9982E-05 9.9982E-05 0.495111 0.234629 0.0843149
0.179332 9.9973E-05 9.9973E-05 0.692731 0.127637 9.9973E-05
0.409016 9.9973E-05 9.9973E-05 0.369972 0.220712 9.9973E-05
9.9964E-05 9.9964E-05 0.0363149 0.963285 9.9964E-05 9.9964E-05
9.9964E-05 0.0769784 9.9964E-05 0.922622 9.9964E-05 9.9964E-05
0.141106 0.156292 9.9973E-05 0.702302 9.9973E-05 9.9973E-05
0.0132928 0.0667072 9.9982E-05 0.830919 0.0888808 9.9982E-05
9.99639E-05 9.99639E-05 9.99639E-05 0.566421 0.433179 9.99639E-05
9.9973E-05 0.136958 9.9973E-05 0.689254 0.173488 9.9973E-05
0.14699 9.9982E-05 0.0103269 0.832295 9.9982E-05 0.010188
0.100692 0.0697851 0.00483057 0.824493 9.9982E-05 9.9982E-05
0.261777 0.181699 9.9982E-05 0.539984 9.9982E-05 0.0163402
0.643387 0.128959 9.9982E-05 0.0035794 0.223875 9.9982E-05
0.813982 0.0340969 9.9982E-05 0.100398 0.0513234 9.9982E-05
0.835007 0.0870914 0.00664577 9.9982E-05 0.0710562 9.9982E-05
0.905035 0.0333382 9.9982E-05 9.9982E-05 0.0222481 0.0391785
0.586494 9.9982E-05 0.029167 0.248465 0.135673 9.9982E-05
0.592638 0.160166 0.0314845 0.215512 9.9982E-05 9.9982E-05
0.637826 0.26151 0.0382826 0.0513144 0.0109668 9.9991E-05
0.74091 9.9973E-05 0.0557322 0.203058 9.9973E-05 9.9973E-05
0.59685 9.9982E-05 0.0677061 0.329362 0.00588192 9.9982E-05
0.53759 0.0254779 0.00577339 0.430959 9.9982E-05 9.9982E-05
0.611819 0.0648958 0.0317477 0.291338 9.9982E-05 9.9982E-05
0.730882 0.0500424 0.00278618 0.216089 9.9982E-05 9.9982E-05
0.459171 0.115312 9.9982E-05 0.23307 0.192247 9.9982E-05
0.635145 9.9982E-05 0.0788176 0.187117 0.0987204 9.9982E-05
0.560628 0.0626998 9.9982E-05 0.315455 0.0610172 9.9982E-05
0.583875 0.023319 9.9982E-05 0.358221 0.0343853 9.9982E-05
0.741561 9.9982E-05 0.0382415 0.185545 0.0344517 9.9982E-05
0.792102 0.0369201 0.0452459 0.125532 9.9982E-05 9.9982E-05
0.53932 9.99729E-05 9.99729E-05 0.402129 0.0582513 9.99729E-05
0.814662 0.111989 9.99731E-05 9.99731E-05 9.99731E-05 0.073049
0.804414 9.9982E-05 9.9982E-05 0.0930484 0.0559607 0.0463772
0.750691 0.0353726 9.9982E-05 0.174101 9.9982E-05 0.0396356
0.644007 9.9964E-05 9.9964E-05 0.355593 9.9964E-05 9.9964E-05
0.464366 0.0426889 0.0530685 0.407655 9.9991E-05 0.0321222
0.622569 0.0576265 0.0425624 0.277042 9.9982E-05 9.9982E-05
0.680671 9.9964E-05 9.9964E-05 0.318929 9.9964E-05 9.9964E-05
0.503508 0.176411 0.25054 0.0693405 9.9982E-05 9.9982E-05
0.446471 9.9982E-05 0.317149 0.194989 9.9982E-05 0.0411903
0.740956 9.9973E-05 9.9973E-05 0.190849 0.0678952 9.9973E-05
0.864455 9.9964E-05 9.9964E-05 9.9964E-05 0.135145 9.9964E-05
0.744851 9.9973E-05 9.9973E-05 0.130194 9.9973E-05 0.124655
0.839388 0.0371065 9.9982E-05 0.0606946 9.9982E-05 0.0626112
0.793789 0.0508108 9.9973E-05 9.9973E-05 0.1551 9.9973E-05
0.784503 9.9982E-05 0.0245004 0.165193 0.0256038 9.9982E-05
0.828251 0.12409 9.9982E-05 9.9982E-05 0.0290616 0.0183976
0.745035 9.9973E-05 0.000612269 0.254052 9.9973E-05 9.9973E-05
0.571125 0.0652136 9.9982E-05 0.234856 0.128605 9.9982E-05
0.907559 9.9973E-05 9.9973E-05 9.9973E-05 0.0218443 0.0702968
0.119137 9.9982E-05 0.0288766 9.9982E-05 0.130871 0.720916
0.00257999 9.9991E-05 0.362859 0.0451233 0.03007 0.559268
9.9982E-05 9.9982E-05 0.23715 0.0302619 0.184976 0.547412
0.0493851 9.9991E-05 0.613771 0.071423 0.0604846 0.204836
0.0439278 9.9982E-05 0.664993 0.110947 9.9982E-05 0.179932
9.9973E-05 9.9973E-05 0.812962 9.9973E-05 0.0459868 0.140751
0.0225794 0.000489642 0.323275 0.0416843 9.9991E-05 0.611872
9.9982E-05 9.9982E-05 0.0908344 0.0620282 0.0237799 0.823158
9.99641E-05 9.99641E-05 9.99641E-05 9.99641E-05 0.261657 0.737943
0.0794436 9.9973E-05 0.646709 9.9973E-05 9.9973E-05 0.273548
9.99641E-05 0.0548926 0.944708 9.99641E-05 9.99641E-05 9.99641E-05
9.9964E-05 0.0580547 0.941545 9.9964E-05 9.9964E-05 9.9964E-05
0.0151447 9.9991E-05 0.919194 0.037286 0.00938164 0.0188934
