0.0081547 0.00402231 9.9991E-05 0.0213442 0.281965 0.19641 0.488004
9.9982E-05 0.349401 9.9982E-05 0.0512487 0.182683 0.285323 0.131143
9.9973E-05 0.154331 9.9973E-05 0.0646253 0.48043 9.9973E-05 0.300314
9.9982E-05 9.9982E-05 0.0363412 0.164009 0.34134 0.104734 0.353376
9.9973E-05 0.0213257 0.0123643 9.9973E-05 0.782834 9.9973E-05 0.183176
9.9964E-05 9.9964E-05 9.9964E-05 0.125049 0.440344 9.9964E-05 0.434207
0.664328 0.225423 9.9973E-05 0.0879918 9.9973E-05 0.021958 9.9973E-05
0.645065 0.0632444 9.9982E-05 0.105978 0.0782921 0.10722 9.9982E-05
0.815925 0.10935 9.9982E-05 0.0284864 0.0278176 0.0182207 9.9982E-05
0.849584 0.0864281 9.9973E-05 0.0556312 9.9973E-05 9.9973E-05 0.00805666
0.665836 0.274316 9.99639E-05 9.99639E-05 9.99639E-05 0.0594483 9.99639E-05
0.381049 0.501424 0.0623951 9.9982E-05 0.0312986 9.9982E-05 0.023633
0.723283 0.0811147 0.156376 9.9973E-05 0.0389269 9.9973E-05 9.9973E-05
0.952045 9.99551E-05 9.99551E-05 0.0474553 9.99551E-05 9.99551E-05 9.99551E-05
0.735333 0.160339 9.9964E-05 0.103928 9.9964E-05 9.9964E-05 9.9964E-05
0.633843 0.30091 9.9973E-05 0.0413695 9.9973E-05 0.0235779 9.9973E-05
9.9982E-05 0.013145 0.0196215 0.196028 0.342512 9.9982E-05 0.428494
9.9982E-05 9.9982E-05 0.0815135 0.66359 0.0824387 0.0339813 0.138277
9.9982E-05 0.0153564 0.062561 0.230833 0.0242748 9.9982E-05 0.666775
9.9973E-05 9.9973E-05 0.0767795 0.168515 0.287784 9.9973E-05 0.466622
0.0195864 9.99729E-05 9.99729E-05 0.550229 0.274466 9.99729E-05 0.155418
9.99639E-05 9.99639E-05 0.0441463 0.476328 9.99639E-05 9.99639E-05 0.479126
9.9973E-05 0.22706 9.9973E-05 9.9973E-05 0.0925097 0.176514 0.503617
9.9973E-05 0.0285064 9.9973E-05 9.9973E-05 0.246573 0.12201 0.602612
0.0087423 9.99641E-05 9.99641E-05 9.99641E-05 0.140274 9.99641E-05 0.850584
9.9973E-05 9.9973E-05 9.9973E-05 0.0369987 0.0960186 0.150576 0.716107
9.9973E-05 9.9973E-05 0.136475 0.0525648 0.324328 9.9973E-05 0.486332
0.0627949 9.9964E-05 9.9964E-05 9.9964E-05 0.437751 9.9964E-05 0.499054
0.111791 9.9973E-05 9.9973E-05 0.308895 0.27755 0.301465 9.9973E-05
0.123833 9.9982E-05 9.9982E-05 0.468245 0.213653 0.188011 0.00605802
9.9973E-05 0.352501 9.9973E-05 0.398565 0.116908 9.9973E-05 0.131725
9.9982E-05 0.174399 0.0154877 0.270813 0.453559 9.9982E-05 0.0855401
9.9964E-05 9.9964E-05 9.9964E-05 0.323475 0.37853 9.9964E-05 0.297595
0.0458524 9.9964E-05 9.9964E-05 9.9964E-05 9.9964E-05 0.0425082 0.911239
9.9955E-05 0.35385 9.9955E-05 9.9955E-05 9.9955E-05 9.9955E-05 0.64565
9.9973E-05 0.0656525 9.9973E-05 0.144656 0.245828 9.9973E-05 0.543563
9.9973E-05 0.284321 0.23533 9.9973E-05 0.0571465 9.9973E-05 0.422902
9.9982E-05 0.0924178 0.0967755 0.017638 0.14619 9.9982E-05 0.646778
0.043723 0.00455916 0.034698 0.199849 9.9991E-05 0.151134 0.565936
9.9973E-05 9.9973E-05 0.0471679 0.223689 0.0889965 9.9973E-05 0.639846
9.99641E-05 9.99641E-05 9.99641E-05 0.0651537 9.99641E-05 0.51124 0.423206
9.9982E-05 9.9982E-05 0.0945772 0.0720352 0.300461 0.233334 0.299392
9.9973E-05 9.9973E-05 0.0939626 0.259919 0.389992 9.9973E-05 0.255826
9.9973E-05 9.9973E-05 0.171095 9.9973E-05 0.0519753 0.525205 0.251425
0.0269474 9.9982E-05 9.9982E-05 0.0675245 0.234192 0.188358 0.482778
9.9964E-05 9.9964E-05 9.9964E-05 0.189475 0.246306 9.9964E-05 0.563818
9.996E-05 9.996E-05 0.083024 0.70128 9.996E-05 9.996E-05 0.215297
9.9964E-05 0.14663 9.9964E-05 0.7304 9.9964E-05 0.122571 9.9964E-05
9.9964E-05 0.118241 9.9964E-05 0.812243 9.9964E-05 0.0691159 9.9964E-05
9.9955E-05 9.9955E-05 9.9955E-05 0.666584 9.9955E-05 0.332916 9.9955E-05
0.0371791 9.9973E-05 9.9973E-05 0.832724 0.0289678 9.9973E-05 0.100829
0.126274 9.997E-05 9.997E-05 0.173743 9.997E-05 0.343129 0.356554
9.9982E-05 9.9982E-05 0.0759513 0.491774 0.0224096 0.00813194 0.401533
9.9973E-05 9.9973E-05 0.0399504 0.131539 9.9973E-05 0.225969 0.602241
0.056258 9.9973E-05 9.9973E-05 0.116252 9.9973E-05 0.267822 0.559368
9.9973E-05 9.9973E-05 0.0933219 0.117547 0.17547 9.9973E-05 0.61336
0.528864 0.0610475 0.0925922 9.9982E-05 9.9982E-05 0.142459 0.174837
0.749082 9.9973E-05 0.0869682 9.9973E-05 0.0865578 9.9973E-05 0.077092
0.012265 9.9973E-05 0.907348 9.9973E-05 9.9973E-05 0.0557308 0.0243563
0.237776 0.0778865 0.499319 0.0662273 9.9982E-05 0.118591 9.9982E-05
0.165127 0.212526 0.621947 9.996E-05 9.996E-05 9.996E-05 9.996E-05
9.9973E-05 0.132986 0.720935 0.119709 9.9973E-05 0.0260701 9.9973E-05
0.0739165 0.815025 9.99639E-05 0.110659 9.99639E-05 9.99639E-05 9.99639E-05
9.9973E-05 0.715589 0.21247 9.9973E-05 0.0445229 9.9973E-05 0.0271185
0.598708 0.307737 0.0480883 9.9973E-05 0.0451673 9.9973E-05 9.9973E-05
0.901005 0.0264864 0.059751 0.0124577 9.9973E-05 9.9973E-05 9.9973E-05
0.571236 0.177463 0.0854543 9.9982E-05 0.00715686 9.9982E-05 0.15849
0.548311 9.99641E-05 0.400095 9.99641E-05 9.99641E-05 9.99641E-05 0.0511942
0.258409 0.48829 0.184868 9.9973E-05 9.9973E-05 9.9973E-05 0.0681338
0.395024 0.250494 0.313074 9.9973E-05 9.9973E-05 9.9973E-05 0.0411075
0.106212 0.607142 0.189714 9.9973E-05 9.9973E-05 9.9973E-05 0.0966325
0.315475 0.160176 0.370969 9.9982E-05 0.0701853 9.9982E-05 0.0829947
0.164533 0.648283 0.161014 9.9973E-05 0.0258697 9.9973E-05 9.9973E-05
0.0914161 0.129038 0.682531 0.0817932 0.015021 9.9982E-05 9.9982E-05
0.288238 9.9973E-05 0.523464 0.0249378 9.9973E-05 9.9973E-05 0.16306
9.9964E-05 0.10647 0.783603 0.109528 9.9964E-05 9.9964E-05 9.9964E-05
0.0942389 0.266149 0.598085 9.9973E-05 0.0412265 9.9973E-05 9.9973E-05
0.0118596 9.9964E-05 0.975103 9.9964E-05 0.0126371 9.9964E-05 9.9964E-05
0.44385 0.0401259 0.506501 9.9973E-05 9.9973E-05 0.00922302 9.9973E-05
0.226861 0.453514 0.217153 0.102173 9.99729E-05 9.99729E-05 9.99729E-05
0.0915544 0.0224767 0.72004 0.16027 0.00545831 9.9982E-05 9.9982E-05
9.9982E-05 9.9982E-05 0.0115956 0.118647 0.816103 0.0262792 0.0271758
9.9955E-05 9.9955E-05 0.110383 9.9955E-05 9.9955E-05 0.889117 9.9955E-05
9.9964E-05 9.9964E-05 0.114773 9.9964E-05 0.0805803 0.804246 9.9964E-05
0.068365 9.9964E-05 9.9964E-05 0.139834 0.791402 9.9964E-05 9.9964E-05
0.0191439 9.9973E-05 9.9973E-05 0.335159 0.445669 0.199728 9.9973E-05
9.99641E-05 0.249897 9.99641E-05 0.438833 9.99641E-05 0.31087 9.99641E-05
9.99731E-05 0.180847 9.99731E-05 0.225169 0.406939 0.186746 9.99731E-05
0.0266609 0.158415 9.9991E-05 0.125184 0.347145 0.259159 0.0833369
9.9964E-05 0.0359004 9.9964E-05 0.197206 0.766493 9.9964E-05 9.9964E-05
9.9973E-05 0.13809 9.9973E-05 0.0848759 0.471584 0.30515 9.9973E-05
9.9964E-05 0.0903043 0.10166 9.9964E-05 0.807635 9.9964E-05 9.9964E-05
9.9973E-05 0.0133714 0.0547494 9.9973E-05 0.65272 9.9973E-05 0.278859
0.0249173 9.9973E-05 9.9973E-05 0.0789757 0.685035 9.9973E-05 0.210772
9.9973E-05 0.122224 9.9973E-05 0.0368387 0.676917 9.9973E-05 0.16372
9.9964E-05 0.0946343 9.9964E-05 0.478351 0.426615 9.9964E-05 9.9964E-05
9.9973E-05 0.032904 9.9973E-05 0.207946 0.568284 9.9973E-05 0.190566
9.9973E-05 0.0433026 0.063535 9.9973E-05 0.805619 9.9973E-05 0.0872432
9.9973E-05 0.0626618 0.0458249 9.9973E-05 0.743251 9.9973E-05 0.147962
0.00772572 0.0491406 9.998E-05 9.998E-05 0.575872 0.14273 0.224332
0.00647082 9.9982E-05 9.9982E-05 0.2633 0.286671 0.425304 0.0180545
9.9964E-05 9.9964E-05 9.9964E-05 0.0981415 0.460223 0.441236 9.9964E-05
9.9973E-05 9.9973E-05 0.00206735 0.1109 0.287639 0.599094 9.9973E-05
9.9973E-05 9.9973E-05 9.9973E-05 0.000224439 0.333194 0.651704 0.0145776
9.9973E-05 0.030344 9.9973E-05 0.210288 0.703831 0.0552373 9.9973E-05
9.9964E-05 9.9964E-05 9.9964E-05 0.0994168 0.866562 9.9964E-05 0.0336218
9.9973E-05 9.9973E-05 9.9973E-05 0.176741 0.548016 0.153713 0.12123
0.0196975 9.9973E-05 9.9973E-05 0.0871954 0.791437 0.10137 9.9973E-05
0.0295904 9.9973E-05 9.9973E-05 0.107512 0.829716 0.0328824 9.9973E-05
0.0135202 0.0151396 9.9982E-05 9.9982E-05 0.833436 0.129248 0.00845689
9.9973E-05 9.9973E-05 0.000664914 9.9973E-05 0.759431 0.14887 0.0907348
9.9955E-05 9.9955E-05 9.9955E-05 9.9955E-05 0.802188 0.197312 9.9955E-05
9.9973E-05 9.9973E-05 9.9973E-05 0.163439 0.419754 0.276918 0.13959
9.9973E-05 9.9973E-05 0.0668096 0.166632 0.442117 0.324141 9.9973E-05
9.9982E-05 0.0414899 9.9982E-05 0.0865631 0.680061 0.137212 0.054474
9.99641E-05 9.99641E-05 9.99641E-05 0.121502 0.789719 0.0883784 9.99641E-05
9.99641E-05 9.99641E-05 9.99641E-05 0.107549 0.623903 0.268147 9.99641E-05
9.9973E-05 9.9973E-05 0.0128773 0.0194042 0.719838 0.24758 9.9973E-05
9.9973E-05 0.00998615 9.9973E-05 0.08445 0.714372 0.190892 9.9973E-05
9.9973E-05 0.0620761 9.9973E-05 9.9973E-05 0.196088 0.675004 0.0665319
9.9964E-05 0.119135 9.9964E-05 9.9964E-05 0.342368 0.538096 9.9964E-05
9.9964E-05 0.0675839 9.9964E-05 9.9964E-05 0.520641 0.411375 9.9964E-05
9.9955E-05 9.9955E-05 9.9955E-05 9.9955E-05 0.875132 0.124368 9.9955E-05
0.0582057 0.0193382 0.00632281 9.9991E-05 0.713843 0.118008 0.084182
9.9973E-05 9.9973E-05 0.0359665 9.9973E-05 0.741793 0.174491 0.0474493
9.9982E-05 0.0273615 0.00110204 0.0413149 0.713095 0.216927 9.9982E-05
0.257545 9.9982E-05 0.0191004 9.9982E-05 0.569125 0.0785118 0.0755181
0.0916398 0.0510825 0.206981 9.9982E-05 0.6205 0.0295965 9.9982E-05
9.9973E-05 0.00832285 9.9973E-05 0.0751777 0.628647 0.287552 9.9973E-05
9.9964E-05 9.9964E-05 9.9964E-05 0.0634169 0.183002 0.753181 9.9964E-05
9.9973E-05 0.079781 9.9973E-05 9.9973E-05 0.451425 0.458918 0.0095762
0.0238999 0.0222885 9.9982E-05 9.9982E-05 0.301223 0.60222 0.0501688
9.9964E-05 9.9964E-05 9.9964E-05 0.0575978 9.9964E-05 0.917155 0.0248469
9.9964E-05 9.9964E-05 9.9964E-05 0.0612932 0.634015 0.304292 9.9964E-05
9.9964E-05 9.9964E-05 9.9964E-05 9.9964E-05 0.196381 0.726461 0.0767587
0.016875 9.997E-05 9.997E-05 9.997E-05 0.602897 0.374677 0.00525131
9.9973E-05 9.9973E-05 9.9973E-05 0.138675 0.433306 0.379672 0.0480467
9.9964E-05 0.0673789 9.9964E-05 9.9964E-05 0.367091 0.56513 9.9964E-05
9.9964E-05 0.702098 0.229767 9.9964E-05 9.9964E-05 0.0677351 9.9964E-05
0.239174 0.30892 0.385422 0.0161819 9.9982E-05 0.0501019 9.9982E-05
0.268353 0.343533 0.282287 0.0968729 9.9982E-05 0.00875333 9.9982E-05
0.113729 0.0684336 0.632153 0.0621457 9.9982E-05 0.123339 9.9982E-05
0.0841717 0.0216112 0.748539 9.9982E-05 0.0963567 0.049121 9.9982E-05
0.185068 0.0278024 0.759068 0.0268102 9.9982E-05 0.0010509 9.9982E-05
0.250748 0.344534 0.367366 9.9973E-05 9.9973E-05 9.9973E-05 0.0370516
0.157936 0.596217 0.245447 9.9964E-05 9.9964E-05 9.9964E-05 9.9964E-05
9.995E-05 0.9994 9.995E-05 9.995E-05 9.995E-05 9.995E-05 9.995E-05
0.12547 0.144408 0.636362 9.9982E-05 0.0794142 0.0141456 9.9982E-05
0.0582828 9.99641E-05 0.888162 9.99641E-05 9.99641E-05 9.99641E-05 0.053155
9.9955E-05 9.9955E-05 0.95152 9.9955E-05 9.9955E-05 9.9955E-05 0.0479806
0.0250858 9.9973E-05 0.887888 9.9973E-05 0.0373257 9.9973E-05 0.0494005
