0.0452443 9.99459E-05 9.99459E-05 0.470895 9.99459E-05 0.271793 9.99459E-05 9.99459E-05 9.99459E-05 0.211468
0.280057 9.9982E-05 0.0486398 0.179579 0.0627497 0.113099 0.239453 9.9982E-05 0.0114104 0.0648115
9.9964E-05 9.9964E-05 0.150234 0.272223 0.0500819 0.213471 0.0475982 9.9964E-05 9.9964E-05 0.265992
0.0914184 9.9973E-05 0.320865 0.0120381 0.00162573 0.51148 9.9973E-05 0.0180535 0.0442187 9.9973E-05
9.9964E-05 0.135736 0.189924 0.0989172 9.9964E-05 0.025524 0.013263 9.9964E-05 9.9964E-05 0.536236
9.9946E-05 9.9946E-05 0.214669 0.236936 9.9946E-05 0.422363 9.9946E-05 9.9946E-05 9.9946E-05 0.125434
0.0413025 9.9946E-05 9.9946E-05 9.9946E-05 0.0873332 9.9946E-05 0.180175 9.9946E-05 0.690589 9.9946E-05
0.0422598 0.197736 9.9955E-05 9.9955E-05 9.9955E-05 9.9955E-05 0.0253704 9.9955E-05 0.637036 0.0970977
0.00538844 9.9937E-05 0.117051 9.9937E-05 9.9937E-05 9.9937E-05 9.9937E-05 9.9937E-05 0.876861 9.9937E-05
9.9946E-05 9.9946E-05 9.9946E-05 0.0490152 0.0286153 0.0315302 9.9946E-05 9.9946E-05 0.89024 9.9946E-05
0.0318236 9.99549E-05 9.99549E-05 0.00274533 9.99549E-05 0.0264339 0.229577 9.99549E-05 0.708921 9.99549E-05
9.99459E-05 0.0755585 9.99459E-05 9.99459E-05 9.99459E-05 9.99459E-05 0.516812 9.99459E-05 0.390643 0.0163862
9.9946E-05 9.9946E-05 9.9946E-05 9.9946E-05 9.9946E-05 9.9946E-05 0.0709588 0.227968 0.65755 0.0429238
9.99371E-05 0.117478 9.99371E-05 9.99371E-05 9.99371E-05 9.99371E-05 9.99371E-05 0.0369327 0.84489 9.99371E-05
0.0348736 9.9964E-05 0.0503928 0.00964104 0.0218425 9.9964E-05 0.0717604 9.9964E-05 0.81109 9.9964E-05
0.0607619 0.0191552 9.99461E-05 9.99461E-05 9.99461E-05 9.99461E-05 0.231126 9.99461E-05 0.688357 9.99461E-05
0.0849207 0.661228 0.0610044 9.9955E-05 9.9955E-05 9.9955E-05 0.00207902 9.9955E-05 9.9955E-05 0.190268
9.9946E-05 0.417307 9.9946E-05 9.9946E-05 0.409905 0.101635 0.0705529 9.9946E-05 9.9946E-05 9.9946E-05
9.9955E-05 0.314029 0.0951093 0.391505 0.17495 9.9955E-05 9.9955E-05 0.0239066 9.9955E-05 9.9955E-05
9.9955E-05 0.609506 0.223423 9.9955E-05 0.059141 0.0889581 9.9955E-05 9.9955E-05 0.0184717 9.9955E-05
9.99549E-05 0.167734 9.99549E-05 9.99549E-05 0.353145 0.240648 9.99549E-05 9.99549E-05 0.0495686 0.188404
9.99459E-05 0.439581 9.99459E-05 9.99459E-05 0.189749 0.353805 9.99459E-05 9.99459E-05 0.0162646 9.99459E-05
9.9946E-05 9.9946E-05 9.9946E-05 0.688546 0.0114723 9.9946E-05 0.132673 9.9946E-05 9.9946E-05 0.166709
9.9928E-05 9.9928E-05 9.9928E-05 0.708059 9.9928E-05 9.9928E-05 9.9928E-05 9.9928E-05 9.9928E-05 0.291142
9.99461E-05 0.153864 0.0103879 0.731131 9.99461E-05 9.99461E-05 9.99461E-05 9.99461E-05 9.99461E-05 0.104018
0.0581413 0.254267 9.9946E-05 0.123469 9.9946E-05 0.563523 9.9946E-05 9.9946E-05 9.9946E-05 9.9946E-05
9.9928E-05 0.711236 9.9928E-05 9.9928E-05 9.9928E-05 9.9928E-05 9.9928E-05 9.9928E-05 9.9928E-05 0.287965
9.9964E-05 0.410032 0.132039 0.0698604 9.9964E-05 0.0639762 9.9964E-05 9.9964E-05 0.0561534 0.26754
0.21786 0.11422 9.9964E-05 9.9964E-05 0.116547 0.0815249 9.9964E-05 9.9964E-05 0.0997448 0.369703
0.052794 0.00877634 9.9964E-05 9.9964E-05 0.329573 0.206975 9.9964E-05 9.9964E-05 0.156531 0.24495
9.9946E-05 9.9946E-05 0.011386 9.9946E-05 0.171556 0.425951 0.390508 9.9946E-05 9.9946E-05 9.9946E-05
9.99639E-05 0.18186 0.218183 9.99639E-05 0.00278792 0.208181 0.18533 9.99639E-05 9.99639E-05 0.203258
9.9964E-05 0.144974 0.17982 9.9964E-05 0.0367352 0.421061 0.073978 9.9964E-05 9.9964E-05 0.143032
9.99369E-05 9.99369E-05 9.99369E-05 0.782101 9.99369E-05 0.173839 9.99369E-05 9.99369E-05 0.0433603 9.99369E-05
9.99369E-05 9.99369E-05 9.99369E-05 0.784942 0.00342707 9.99369E-05 0.210931 9.99369E-05 9.99369E-05 9.99369E-05
9.9973E-05 0.406166 0.0515365 0.14519 0.0241732 0.061356 0.114884 9.9973E-05 9.9973E-05 0.196394
9.9964E-05 0.0234588 0.0385826 0.287246 9.9964E-05 0.203972 0.239309 0.207032 9.9964E-05 9.9964E-05
9.9946E-05 0.331506 0.119771 0.54494 9.9946E-05 9.9946E-05 9.9946E-05 9.9946E-05 9.9946E-05 0.00318333
0.0209096 9.9955E-05 9.9955E-05 0.539031 0.251678 0.124421 9.9955E-05 0.0634608 9.9955E-05 9.9955E-05
9.99459E-05 0.572642 0.129448 0.239596 0.0577147 9.99459E-05 9.99459E-05 9.99459E-05 9.99459E-05 9.99459E-05
0.417931 9.99281E-05 9.99281E-05 9.99281E-05 9.99281E-05 0.58127 9.99281E-05 9.99281E-05 9.99281E-05 9.99281E-05
0.12176 9.9955E-05 0.0954363 9.9955E-05 9.9955E-05 0.540037 9.9955E-05 0.106168 9.9955E-05 0.136099
9.9946E-05 9.9946E-05 0.24727 9.9946E-05 0.110191 0.516 9.9946E-05 0.12594 9.9946E-05 9.9946E-05
0.506327 0.0937493 0.16745 9.99549E-05 9.99549E-05 0.0773653 9.99549E-05 0.154609 9.99549E-05 9.99549E-05
0.0497902 9.9946E-05 9.9946E-05 9.9946E-05 9.9946E-05 0.890243 9.9946E-05 9.9946E-05 0.0119553 0.0474121
9.9928E-05 9.9928E-05 9.9928E-05 9.9928E-05 9.9928E-05 0.958833 9.9928E-05 0.0403676 9.9928E-05 9.9928E-05
9.9946E-05 0.419533 9.9946E-05 9.9946E-05 0.4895 9.9946E-05 0.069363 0.0210041 9.9946E-05 9.9946E-05
0.130745 0.125823 9.99459E-05 9.99459E-05 0.576543 9.99459E-05 0.166289 9.99459E-05 9.99459E-05 9.99459E-05
0.0267581 9.9937E-05 9.9937E-05 9.9937E-05 0.876061 9.9937E-05 0.0964819 9.9937E-05 9.9937E-05 9.9937E-05
0.205019 9.99369E-05 9.99369E-05 0.0704748 0.723806 9.99369E-05 9.99369E-05 9.99369E-05 9.99369E-05 9.99369E-05
9.99549E-05 0.12937 9.99549E-05 9.99549E-05 0.701159 0.12125 9.99549E-05 0.0238836 0.0238377 9.99549E-05
0.279352 0.296137 9.9955E-05 0.193788 0.108504 9.9955E-05 9.9955E-05 9.9955E-05 0.12172 9.9955E-05
9.9955E-05 0.402621 9.9955E-05 0.140201 0.340164 9.9955E-05 9.9955E-05 0.0712655 9.9955E-05 0.0452489
0.262549 0.552337 9.9946E-05 0.0940366 9.9946E-05 0.090478 9.9946E-05 9.9946E-05 9.9946E-05 9.9946E-05
0.337009 0.590123 9.99459E-05 0.0690312 9.99459E-05 9.99459E-05 9.99459E-05 9.99459E-05 0.00323698 9.99459E-05
9.9946E-05 0.554837 9.9946E-05 9.9946E-05 9.9946E-05 0.321578 9.9946E-05 0.0219822 9.9946E-05 0.101003
0.052754 9.9955E-05 9.9955E-05 0.302205 9.9955E-05 9.9955E-05 0.0622521 0.178833 0.403456 9.9955E-05
9.9946E-05 9.9946E-05 9.9946E-05 0.202414 9.9946E-05 9.9946E-05 9.9946E-05 0.254987 0.507352 0.0346474
0.0601666 9.9937E-05 9.9937E-05 0.0629451 9.9937E-05 9.9937E-05 9.9937E-05 0.876189 9.9937E-05 9.9937E-05
0.148983 9.9964E-05 9.9964E-05 0.00823528 0.013433 9.9964E-05 0.123924 0.4886 0.216426 9.9964E-05
0.0588826 9.99459E-05 9.99459E-05 9.99459E-05 9.99459E-05 9.99459E-05 0.186756 0.606533 0.147229 9.99459E-05
0.043924 0.035077 9.99549E-05 9.99549E-05 0.0782612 9.99549E-05 0.20936 0.632878 9.99549E-05 9.99549E-05
9.99279E-05 9.99279E-05 9.99279E-05 9.99279E-05 0.136507 9.99279E-05 0.862693 9.99279E-05 9.99279E-05 9.99279E-05
9.99459E-05 0.0957835 0.00794589 9.99459E-05 9.99459E-05 9.99459E-05 0.772332 0.123339 9.99459E-05 9.99459E-05
9.99459E-05 9.99459E-05 0.133494 9.99459E-05 9.99459E-05 9.99459E-05 0.25619 0.0584383 0.551278 9.99459E-05
9.9955E-05 9.9955E-05 9.9955E-05 0.0494774 0.0386498 9.9955E-05 0.00911333 0.160234 0.742026 9.9955E-05
9.9964E-05 0.0792945 9.9964E-05 0.00596077 9.9964E-05 0.122528 0.245315 0.126569 0.419933 9.9964E-05
9.99372E-05 9.99372E-05 9.99372E-05 0.198055 9.99372E-05 9.99372E-05 9.99372E-05 0.470263 0.330982 9.99372E-05
9.9946E-05 9.9946E-05 9.9946E-05 0.123705 9.9946E-05 9.9946E-05 0.549457 0.182451 0.143788 9.9946E-05
9.9955E-05 0.0228621 9.9955E-05 0.0972058 9.9955E-05 9.9955E-05 0.199261 0.319559 0.360613 9.9955E-05
9.9964E-05 9.9964E-05 0.00810743 0.100066 9.9964E-05 9.9964E-05 0.618878 0.103952 0.130499 0.0380978
9.9964E-05 0.0210035 9.9964E-05 0.106762 9.9964E-05 9.9964E-05 0.188338 0.438603 0.243939 0.000953928
9.99459E-05 9.99459E-05 9.99459E-05 9.99459E-05 9.99459E-05 9.99459E-05 0.7294 0.144398 0.0724265 0.0531756
9.9955E-05 0.194923 9.9955E-05 9.9955E-05 9.9955E-05 9.9955E-05 0.143768 0.593402 0.066403 0.00100384
9.9955E-05 0.0242896 9.9955E-05 9.9955E-05 9.9955E-05 0.141989 0.0803061 0.676449 0.0764668 9.9955E-05
9.99369E-05 9.99369E-05 9.99369E-05 9.99369E-05 0.116304 9.99369E-05 0.161086 0.72191 9.99369E-05 9.99369E-05
9.9937E-05 9.9937E-05 0.105775 9.9937E-05 9.9937E-05 9.9937E-05 0.317607 0.575918 9.9937E-05 9.9937E-05
9.9946E-05 9.9946E-05 0.0218142 9.9946E-05 9.9946E-05 9.9946E-05 0.0182615 0.951474 9.9946E-05 0.007851
9.9955E-05 9.9955E-05 9.9955E-05 0.0520283 0.0122491 9.9955E-05 0.0458868 0.606022 0.283314 9.9955E-05
9.99459E-05 9.99459E-05 9.99459E-05 9.99459E-05 0.104996 9.99459E-05 0.562328 0.241974 0.0901016 9.99459E-05
9.9955E-05 9.9955E-05 9.9955E-05 9.9955E-05 0.142583 0.086213 0.0161672 0.743557 0.0109797 9.9955E-05
9.99462E-05 0.122405 9.99462E-05 9.99462E-05 0.0152065 0.0591267 9.99462E-05 9.99462E-05 9.99462E-05 0.802662
0.76625 0.0682929 9.9955E-05 9.9955E-05 9.9955E-05 0.0521254 9.9955E-05 0.0585031 9.9955E-05 0.0543291
0.689317 0.100973 9.9946E-05 9.9946E-05 9.9946E-05 9.9946E-05 9.9946E-05 0.060618 9.9946E-05 0.148492
9.9946E-05 9.9946E-05 0.158858 9.9946E-05 0.148173 9.9946E-05 9.9946E-05 9.9946E-05 0.0340168 0.658353
0.0672386 9.99459E-05 9.99459E-05 9.99459E-05 0.332198 9.99459E-05 9.99459E-05 9.99459E-05 0.0543706 0.545593
0.300884 9.99371E-05 9.99371E-05 9.99371E-05 0.585942 9.99371E-05 0.112475 9.99371E-05 9.99371E-05 9.99371E-05
0.215142 9.99551E-05 0.529475 9.99551E-05 0.1278 0.0342048 0.0928788 9.99551E-05 9.99551E-05 9.99551E-05
0.266143 9.9955E-05 0.486559 0.0128695 0.146462 9.9955E-05 9.9955E-05 9.9955E-05 0.0874667 9.9955E-05
0.0499845 9.9955E-05 0.643024 9.9955E-05 0.0428247 0.067863 9.9955E-05 9.9955E-05 9.9955E-05 0.195804
0.331204 9.99459E-05 0.457992 9.99459E-05 0.159295 9.99459E-05 9.99459E-05 9.99459E-05 9.99459E-05 0.0509088
9.99281E-05 9.99281E-05 0.989803 9.99281E-05 9.99281E-05 9.99281E-05 9.99281E-05 0.00939718 9.99281E-05 9.99281E-05
9.9937E-05 0.0917679 0.849288 9.9937E-05 9.9937E-05 0.0582446 9.9937E-05 9.9937E-05 9.9937E-05 9.9937E-05
9.99639E-05 9.99639E-05 0.543255 0.167131 0.0129473 0.0729299 9.99639E-05 9.99639E-05 0.0186912 0.184646
0.109552 0.0998869 0.78257 0.00739131 9.9946E-05 9.9946E-05 9.9946E-05 9.9946E-05 9.9946E-05 9.9946E-05
9.99459E-05 9.99459E-05 0.55334 9.99459E-05 0.396374 0.0406406 0.00904539 9.99459E-05 9.99459E-05 9.99459E-05
9.9964E-05 0.00266806 0.720011 0.075094 0.116412 0.0677113 9.9964E-05 9.9964E-05 9.9964E-05 0.0177036
9.9955E-05 9.9955E-05 0.797836 0.0133855 9.9955E-05 9.9955E-05 9.9955E-05 0.000856982 0.0287847 0.158637
9.9946E-05 0.0421364 0.812588 0.0614684 9.9946E-05 9.9946E-05 9.9946E-05 9.9946E-05 9.9946E-05 0.0832077
0.174166 0.0037697 0.442527 0.106718 9.9973E-05 0.0959836 9.9973E-05 9.9973E-05 0.0350555 0.14148
0.363563 9.99639E-05 0.0261733 0.00978449 0.27682 9.99639E-05 9.99639E-05 9.99639E-05 0.0114803 0.311779
0.258852 9.9946E-05 9.9946E-05 9.9946E-05 0.0248812 0.200116 9.9946E-05 9.9946E-05 9.9946E-05 0.515552
0.468289 9.9946E-05 9.9946E-05 0.0605995 0.0679517 9.9946E-05 9.9946E-05 9.9946E-05 9.9946E-05 0.40256
0.600803 0.0583075 9.9937E-05 9.9937E-05 9.9937E-05 9.9937E-05 9.9937E-05 9.9937E-05 9.9937E-05 0.34019
9.9946E-05 9.9946E-05 0.0520728 9.9946E-05 0.237997 9.9946E-05 0.0299589 9.9946E-05 9.9946E-05 0.679372
9.9946E-05 0.0119258 9.9946E-05 0.0804151 0.04065 9.9946E-05 9.9946E-05 9.9946E-05 9.9946E-05 0.866409
9.9946E-05 0.0233948 9.9946E-05 0.20069 0.143759 9.9946E-05 9.9946E-05 9.9946E-05 9.9946E-05 0.631557
9.99371E-05 9.99371E-05 9.99371E-05 9.99371E-05 0.070356 9.99371E-05 9.99371E-05 9.99371E-05 0.0191081 0.909836
9.9982E-05 9.9982E-05 0.059256 0.0102165 0.0553476 0.00999259 0.0160283 0.0227366 0.0185588 0.807664
0.0514564 9.99549E-05 0.19923 0.00850759 9.99549E-05 0.0636477 9.99549E-05 9.99549E-05 9.99549E-05 0.676658
9.9937E-05 9.9937E-05 9.9937E-05 0.058637 9.9937E-05 0.118015 9.9937E-05 9.9937E-05 9.9937E-05 0.822648
0.086908 9.9955E-05 0.0443042 0.0461078 9.9955E-05 0.0422459 9.9955E-05 9.9955E-05 9.9955E-05 0.779934
0.20183 9.99459E-05 9.99459E-05 9.99459E-05 0.0741896 0.367198 9.99459E-05 9.99459E-05 9.99459E-05 0.356183
0.354146 0.201625 0.202909 9.9946E-05 9.9946E-05 9.9946E-05 9.9946E-05 9.9946E-05 9.9946E-05 0.24072
0.139491 9.9973E-05 0.093206 0.0701605 0.0685753 0.0973461 0.00980218 9.9973E-05 9.9973E-05 0.521119
0.0370894 0.00126908 0.163437 0.0602168 0.0756697 9.99641E-05 9.99641E-05 9.99641E-05 9.99641E-05 0.661918
0.114957 9.99461E-05 9.99461E-05 9.99461E-05 0.0962142 0.0593906 9.99461E-05 9.99461E-05 9.99461E-05 0.728839
0.111304 0.0569665 9.994E-05 0.0369684 9.994E-05 9.994E-05 9.994E-05 9.994E-05 9.994E-05 0.794162
0.136064 9.99549E-05 0.203781 9.99549E-05 0.104201 0.0355959 9.99549E-05 9.99549E-05 9.99549E-05 0.519859
0.607 9.9937E-05 9.9937E-05 0.201789 9.9937E-05 9.9937E-05 9.9937E-05 9.9937E-05 9.9937E-05 0.190512
0.606507 9.9955E-05 0.0861525 0.0147561 9.9955E-05 9.9955E-05 0.0491293 9.9955E-05 9.9955E-05 0.242955
0.394633 0.0638482 0.113222 9.9946E-05 9.9946E-05 9.9946E-05 9.9946E-05 9.9946E-05 9.9946E-05 0.427698
0.0174 9.9946E-05 0.045857 9.9946E-05 9.9946E-05 0.126514 9.9946E-05 9.9946E-05 9.9946E-05 0.809629
0.076756 0.0592066 0.214179 9.9973E-05 9.9973E-05 9.9973E-05 0.0433105 0.00522556 0.0190954 0.581927
0.143399 9.9955E-05 0.189159 0.131867 9.9955E-05 9.9955E-05 9.9955E-05 0.00170354 9.9955E-05 0.533371
0.101456 0.0666658 0.0684855 9.9955E-05 9.9955E-05 9.9955E-05 0.0183176 9.9955E-05 9.9955E-05 0.744575
9.9946E-05 9.9946E-05 9.9946E-05 0.239371 9.9946E-05 9.9946E-05 9.9946E-05 0.118866 0.0630922 0.578071
9.9946E-05 9.9946E-05 0.020171 9.9946E-05 9.9946E-05 9.9946E-05 0.132881 0.261643 9.9946E-05 0.584705
0.179815 9.9955E-05 0.108493 9.9955E-05 0.0882771 9.9955E-05 0.000569464 9.9955E-05 9.9955E-05 0.622346
0.651466 9.99459E-05 0.071591 9.99459E-05 0.056879 9.99459E-05 9.99459E-05 9.99459E-05 9.99459E-05 0.219464
0.37911 9.9955E-05 0.0764366 0.0652083 9.9955E-05 9.9955E-05 0.0681852 9.9955E-05 9.9955E-05 0.41056
0.570093 9.9946E-05 0.0566994 0.117768 9.9946E-05 9.9946E-05 9.9946E-05 9.9946E-05 9.9946E-05 0.25484
0.835189 0.0235401 9.9964E-05 0.0174413 0.0181322 0.0814158 9.9964E-05 9.9964E-05 9.9964E-05 0.0238818
0.11333 9.9937E-05 9.9937E-05 9.9937E-05 0.112205 9.9937E-05 9.9937E-05 9.9937E-05 9.9937E-05 0.773766
0.587027 9.9973E-05 0.10434 0.0206773 0.0166445 0.0618932 9.9973E-05 9.9973E-05 0.00414424 0.204974
0.208167 9.99459E-05 0.0577378 9.99459E-05 9.99459E-05 0.160138 9.99459E-05 9.99459E-05 9.99459E-05 0.573358
0.296591 9.9955E-05 9.9955E-05 0.0273062 0.071336 0.198585 9.9955E-05 9.9955E-05 9.9955E-05 0.405682
0.436093 9.9937E-05 9.9937E-05 9.9937E-05 9.9937E-05 9.9937E-05 0.0739675 9.9937E-05 9.9937E-05 0.489239
0.138303 9.9937E-05 9.9937E-05 9.9937E-05 9.9937E-05 9.9937E-05 0.72293 0.138067 9.9937E-05 9.9937E-05
9.9955E-05 9.9955E-05 9.9955E-05 0.0619091 0.0515874 9.9955E-05 0.351172 0.413216 0.121616 9.9955E-05
0.0250492 9.99549E-05 9.99549E-05 9.99549E-05 0.143572 9.99549E-05 0.344218 0.311616 0.175045 9.99549E-05
0.0970733 9.99729E-05 0.0225292 9.99729E-05 0.0325019 0.0381307 0.0837374 0.602756 0.122972 9.99729E-05
0.0027785 9.9982E-05 0.117089 0.00366713 0.0281111 9.9982E-05 0.046196 0.641925 0.129445 0.0305889
9.9955E-05 9.9955E-05 9.9955E-05 9.9955E-05 0.0212802 9.9955E-05 0.0940841 0.755409 0.101443 0.0272844
0.0847496 9.9946E-05 9.9946E-05 9.9946E-05 9.9946E-05 9.9946E-05 0.346702 0.344224 0.223724 9.9946E-05
9.9955E-05 9.9955E-05 0.00420431 9.9955E-05 9.9955E-05 9.9955E-05 0.624352 0.193245 0.16171 0.0159888
0.0712721 9.99282E-05 9.99282E-05 9.99282E-05 9.99282E-05 9.99282E-05 0.927928 9.99282E-05 9.99282E-05 9.99282E-05
9.9955E-05 0.0363772 9.9955E-05 9.9955E-05 9.9955E-05 9.9955E-05 0.098335 0.62557 0.148964 0.0902538
9.99372E-05 0.0759629 9.99372E-05 9.99372E-05 9.99372E-05 9.99372E-05 9.99372E-05 0.896156 0.0271821 9.99372E-05
9.99371E-05 0.0805774 9.99371E-05 0.0134849 9.99371E-05 9.99371E-05 9.99371E-05 0.905238 9.99371E-05 9.99371E-05
9.99461E-05 0.0634588 0.0245663 9.99461E-05 9.99461E-05 9.99461E-05 9.99461E-05 0.803877 0.107498 9.99461E-05
