9.99549E-05 9.99549E-05 0.332505 0.00392072 0.0362526 0.484447 0.142375 9.99549E-05 9.99549E-05 9.99549E-05
0.333913 9.9973E-05 0.130917 0.0213504 0.084236 0.245608 0.0158701 9.9973E-05 0.167806 9.9973E-05
0.00608571 9.997E-05 0.192787 0.248833 0.0316483 0.311753 9.997E-05 0.0255857 0.183008 9.997E-05
9.996E-05 9.996E-05 0.0411583 0.492284 0.0232095 0.100142 0.324358 0.0184484 9.996E-05 9.996E-05
9.9946E-05 0.132477 0.530215 0.188974 9.9946E-05 0.147735 9.9946E-05 9.9946E-05 9.9946E-05 9.9946E-05
9.995E-05 0.0380107 0.163809 0.412656 9.995E-05 0.25137 0.133654 9.995E-05 9.995E-05 9.995E-05
0.634867 9.99459E-05 9.99459E-05 9.99459E-05 9.99459E-05 9.99459E-05 0.093517 0.00756143 9.99459E-05 0.263455
0.458159 0.224096 0.0344701 9.9964E-05 9.9964E-05 9.9964E-05 9.9964E-05 0.255756 0.0116714 0.0154483
0.477955 9.9946E-05 9.9946E-05 0.00457403 9.9946E-05 9.9946E-05 9.9946E-05 0.230331 9.9946E-05 0.28654
0.381903 0.0265908 9.9955E-05 9.9955E-05 9.9955E-05 9.9955E-05 0.055683 0.00229757 9.9955E-05 0.533026
0.67258 9.99459E-05 9.99459E-05 9.99459E-05 9.99459E-05 9.99459E-05 0.00587401 0.224878 9.99459E-05 0.0960679
0.653457 0.106936 9.99459E-05 9.99459E-05 9.99459E-05 9.99459E-05 9.99459E-05 0.00733877 9.99459E-05 0.231668
0.386502 9.9937E-05 9.9937E-05 9.9937E-05 9.9937E-05 9.9937E-05 9.9937E-05 0.399954 9.9937E-05 0.212845
0.339988 0.00534674 9.9955E-05 9.9955E-05 9.9955E-05 9.9955E-05 0.00874623 0.550336 9.9955E-05 0.0950827
0.583704 9.99459E-05 9.99459E-05 9.99459E-05 0.0188811 9.99459E-05 9.99459E-05 0.240745 9.99459E-05 0.156071
0.720023 9.9928E-05 9.9928E-05 9.9928E-05 9.9928E-05 9.9928E-05 9.9928E-05 0.279178 9.9928E-05 9.9928E-05
0.00355037 0.731038 0.0732431 0.00996399 9.9955E-05 9.9955E-05 9.9955E-05 9.9955E-05 0.181705 9.9955E-05
0.0888299 0.387574 9.9955E-05 9.9955E-05 0.448585 9.9955E-05 0.0736243 0.000886803 9.9955E-05 9.9955E-05
9.99549E-05 0.325421 9.99549E-05 0.066809 0.20038 0.350372 9.99549E-05 0.0565178 9.99549E-05 9.99549E-05
9.996E-05 0.601182 0.0285328 0.145221 0.0878736 9.996E-05 0.0994603 0.0373314 9.996E-05 9.996E-05
9.99729E-05 0.203348 0.232269 0.0582495 0.457504 0.0121846 0.0333293 0.00281618 9.99729E-05 9.99729E-05
9.9955E-05 0.467514 9.9955E-05 0.0826838 0.278815 9.9955E-05 0.143798 9.9955E-05 9.9955E-05 0.0266897
0.14655 0.160504 0.144203 9.9955E-05 9.9955E-05 0.536315 9.9955E-05 9.9955E-05 0.011928 9.9955E-05
9.9946E-05 0.0197526 0.285785 9.9946E-05 9.9946E-05 0.584529 0.109334 9.9946E-05 9.9946E-05 9.9946E-05
9.99371E-05 0.259222 0.111822 9.99371E-05 9.99371E-05 0.628256 9.99371E-05 9.99371E-05 9.99371E-05 9.99371E-05
9.99549E-05 0.243319 0.0762552 0.109093 9.99549E-05 0.0666868 0.504147 9.99549E-05 9.99549E-05 9.99549E-05
9.9928E-05 0.799673 0.199528 9.9928E-05 9.9928E-05 9.9928E-05 9.9928E-05 9.9928E-05 9.9928E-05 9.9928E-05
9.9964E-05 0.522773 0.324794 0.0828197 9.9964E-05 0.0312097 0.00753853 0.0304653 9.9964E-05 9.9964E-05
0.0824762 0.0893143 0.401904 9.9964E-05 0.193198 9.9964E-05 0.0530589 9.9964E-05 0.179649 9.9964E-05
0.089939 0.0327716 0.408545 9.9964E-05 0.314283 9.9964E-05 0.119807 0.0342543 9.9964E-05 9.9964E-05
0.3284 0.0402344 9.9946E-05 0.412456 0.218309 9.9946E-05 9.9946E-05 9.9946E-05 9.9946E-05 9.9946E-05
0.151733 0.250413 0.0997119 0.447852 0.0245776 9.99639E-05 9.99639E-05 9.99639E-05 0.0253135 9.99639E-05
0.0645711 0.362641 0.0760685 0.443371 0.0325025 9.9964E-05 0.0204459 9.9964E-05 9.9964E-05 9.9964E-05
9.99459E-05 0.0270437 9.99459E-05 9.99459E-05 9.99459E-05 0.829098 0.121951 0.0213073 9.99459E-05 9.99459E-05
0.140666 9.99369E-05 9.99369E-05 9.99369E-05 0.00250801 0.856127 9.99369E-05 9.99369E-05 9.99369E-05 9.99369E-05
0.0679297 0.444361 0.168629 0.0379251 0.0423722 0.232388 9.9973E-05 9.9973E-05 0.00609498 9.9973E-05
0.0582864 9.9955E-05 9.9955E-05 0.115064 0.113094 0.467671 9.9955E-05 0.245385 9.9955E-05 9.9955E-05
0.0272635 0.445046 9.9964E-05 0.0380592 9.9964E-05 0.408583 9.9964E-05 0.0470612 0.0335873 9.9964E-05
9.9964E-05 0.0942613 9.9964E-05 0.0450701 0.199769 0.479218 0.115391 0.0658907 9.9964E-05 9.9964E-05
9.9946E-05 0.704623 9.9946E-05 0.124206 0.00724788 0.163324 9.9946E-05 9.9946E-05 9.9946E-05 9.9946E-05
9.9937E-05 9.9937E-05 9.9937E-05 0.152171 9.9937E-05 9.9937E-05 0.804364 9.9937E-05 0.0427656 9.9937E-05
9.9964E-05 9.9964E-05 0.133103 0.214619 0.020597 9.9964E-05 0.561778 0.0418408 0.0276625 9.9964E-05
9.99549E-05 9.99549E-05 9.99549E-05 0.48733 0.144232 0.00684424 0.255707 0.105386 9.99549E-05 9.99549E-05
9.9973E-05 0.0334082 9.9973E-05 0.108193 9.9973E-05 0.00343852 0.311717 0.00301102 0.410363 0.129569
9.9937E-05 9.9937E-05 0.0772164 0.262101 9.9937E-05 9.9937E-05 0.659983 9.9937E-05 9.9937E-05 9.9937E-05
9.9964E-05 0.0113465 9.9964E-05 0.323633 0.0422454 0.105192 0.513387 9.9964E-05 9.9964E-05 0.00379635
9.9937E-05 0.354376 9.9937E-05 9.9937E-05 0.599072 9.9937E-05 9.9937E-05 9.9937E-05 9.9937E-05 0.0458531
0.104408 0.0950858 9.9964E-05 0.0406302 0.633532 9.9964E-05 9.9964E-05 9.9964E-05 0.121959 0.00398572
0.0627292 9.9937E-05 9.9937E-05 9.9937E-05 0.852975 9.9937E-05 9.9937E-05 9.9937E-05 0.0835968 9.9937E-05
9.9955E-05 9.9955E-05 0.0222994 9.9955E-05 0.67802 0.0147286 0.0984381 9.9955E-05 0.186014 9.9955E-05
9.99729E-05 0.106821 0.0246101 0.026136 0.717212 0.0614188 9.99729E-05 0.00564 9.99729E-05 0.0578627
0.0141683 0.176013 9.9982E-05 9.9982E-05 0.166866 0.107708 0.397697 0.0212676 0.09651 0.0195694
9.996E-05 0.236888 0.013939 9.996E-05 0.435521 0.142482 0.0807509 0.0900192 9.996E-05 9.996E-05
9.9937E-05 0.31764 9.9937E-05 9.9937E-05 9.9937E-05 0.0302278 0.651433 9.9937E-05 9.9937E-05 9.9937E-05
9.996E-05 0.390957 9.996E-05 9.996E-05 0.0316565 0.0915649 0.396099 9.996E-05 0.0644334 0.0248893
9.99549E-05 0.538827 0.0359215 0.166097 9.99549E-05 9.99549E-05 0.213525 0.0451297 9.99549E-05 9.99549E-05
0.0753156 9.9946E-05 9.9946E-05 9.9946E-05 9.9946E-05 0.292212 0.013248 9.9946E-05 9.9946E-05 0.618625
0.0133952 9.9955E-05 0.0414809 9.9955E-05 9.9955E-05 0.210891 9.9955E-05 0.223652 9.9955E-05 0.510082
9.995E-05 0.0107301 9.995E-05 0.00787575 9.995E-05 9.995E-05 9.995E-05 0.597914 0.0648739 0.318106
0.0705315 0.0516578 9.9955E-05 9.9955E-05 9.9955E-05 9.9955E-05 0.0945545 9.9955E-05 0.00760226 0.775154
0.0967794 0.0336319 9.9955E-05 9.9955E-05 9.9955E-05 9.9955E-05 9.9955E-05 0.0015367 0.0524771 0.815075
9.9946E-05 0.139371 9.9946E-05 9.9946E-05 0.0124291 9.9946E-05 9.9946E-05 9.9946E-05 0.0486968 0.798904
0.758274 9.99459E-05 9.99459E-05 9.99459E-05 0.130444 0.0450967 9.99459E-05 9.99459E-05 9.99459E-05 0.0655857
0.621692 0.111064 9.9964E-05 0.0672442 9.9964E-05 0.00376058 9.9964E-05 0.00792272 9.9964E-05 0.187916
0.373727 9.9946E-05 9.9946E-05 0.0623378 9.9946E-05 0.0247947 9.9946E-05 9.9946E-05 9.9946E-05 0.53854
0.122208 9.9955E-05 9.9955E-05 9.9955E-05 0.052728 0.066832 9.9955E-05 0.008607 9.9955E-05 0.749125
0.173304 0.0502051 9.9973E-05 9.9973E-05 0.00898307 0.137744 0.0305723 0.127898 9.9973E-05 0.470995
0.0748051 9.99461E-05 9.99461E-05 9.99461E-05 9.99461E-05 0.185615 9.99461E-05 0.696978 9.99461E-05 0.0420022
0.432904 9.9946E-05 9.9946E-05 9.9946E-05 9.9946E-05 0.168891 9.9946E-05 0.0614421 9.9946E-05 0.336163
0.206848 0.103767 9.9955E-05 9.9955E-05 9.9955E-05 0.0520444 9.9955E-05 0.0319993 9.9955E-05 0.604842
0.59995 0.00762718 0.031515 0.00139566 9.9973E-05 0.175674 9.9973E-05 0.0999308 9.9973E-05 0.0836072
0.00489312 0.0131918 0.0207983 9.9964E-05 9.9964E-05 0.177921 9.9964E-05 0.0269703 9.9964E-05 0.755825
0.591557 0.0550448 9.99459E-05 9.99459E-05 9.99459E-05 0.0354249 9.99459E-05 9.99459E-05 9.99459E-05 0.317373
0.064306 0.15426 9.9955E-05 9.9955E-05 0.0131946 9.9955E-05 9.9955E-05 0.206798 9.9955E-05 0.560942
0.0324683 9.9964E-05 9.9964E-05 9.9964E-05 0.0509692 0.0894471 0.0113743 0.740421 9.9964E-05 0.0749206
9.9955E-05 0.0647473 9.9955E-05 0.024541 0.0404046 9.9955E-05 9.9955E-05 0.0406937 9.9955E-05 0.829114
0.0326554 9.9946E-05 9.9946E-05 0.158821 9.9946E-05 9.9946E-05 9.9946E-05 0.00358991 9.9946E-05 0.804334
9.9937E-05 9.9937E-05 0.0110362 9.9937E-05 9.9937E-05 9.9937E-05 9.9937E-05 0.460277 9.9937E-05 0.527987
0.0541371 9.9955E-05 9.9955E-05 9.9955E-05 9.9955E-05 0.0601316 0.00261711 0.193117 9.9955E-05 0.689497
0.404006 0.0044781 9.99549E-05 9.99549E-05 0.076984 0.0196092 9.99549E-05 9.99549E-05 9.99549E-05 0.494423
9.9964E-05 9.9964E-05 0.0455872 0.0802802 0.042744 9.9964E-05 0.00508547 0.0437684 9.9964E-05 0.782135
9.99461E-05 0.0161433 0.800768 9.99461E-05 9.99461E-05 9.99461E-05 0.157627 0.0248622 9.99461E-05 9.99461E-05
9.9937E-05 9.9937E-05 9.9937E-05 9.9937E-05 9.9937E-05 9.9937E-05 0.174073 0.0439685 0.781259 9.9937E-05
9.9946E-05 0.0671272 9.9946E-05 9.9946E-05 9.9946E-05 9.9946E-05 0.0401524 0.0579448 0.834176 9.9946E-05
9.996E-05 9.996E-05 0.640387 0.122192 0.114951 0.023511 9.996E-05 0.0546506 0.0439088 9.996E-05
0.00661753 9.9937E-05 0.673101 9.9937E-05 0.319582 9.9937E-05 9.9937E-05 9.9937E-05 9.9937E-05 9.9937E-05
0.20249 9.99371E-05 9.99371E-05 9.99371E-05 0.488999 9.99371E-05 9.99371E-05 9.99371E-05 0.307812 9.99371E-05
0.124839 9.99461E-05 9.99461E-05 0.493543 0.0966351 9.99461E-05 9.99461E-05 9.99461E-05 0.284383 9.99461E-05
0.0503846 9.99551E-05 9.99551E-05 0.418191 0.107422 0.0986929 9.99551E-05 9.99551E-05 0.32481 9.99551E-05
9.9946E-05 9.9946E-05 0.22827 0.530868 0.0484085 9.9946E-05 9.9946E-05 9.9946E-05 0.191854 9.9946E-05
9.99369E-05 9.99369E-05 9.99369E-05 0.285701 0.124525 9.99369E-05 9.99369E-05 9.99369E-05 0.589074 9.99369E-05
9.9937E-05 9.9937E-05 9.9937E-05 0.746485 9.9937E-05 9.9937E-05 9.9937E-05 0.0573714 0.195444 9.9937E-05
9.9937E-05 0.0602946 9.9937E-05 0.93664 9.9937E-05 9.9937E-05 9.9937E-05 0.00236555 9.9937E-05 9.9937E-05
9.99459E-05 9.99459E-05 0.321805 0.509293 9.99459E-05 0.154749 9.99459E-05 0.0135537 9.99459E-05 9.99459E-05
9.9955E-05 0.0978288 9.9955E-05 0.666592 9.9955E-05 0.000102801 9.9955E-05 9.9955E-05 0.228381 0.00659589
0.0757751 9.99369E-05 9.99369E-05 0.611684 0.311841 9.99369E-05 9.99369E-05 9.99369E-05 9.99369E-05 9.99369E-05
0.0204909 0.0517648 0.127196 0.683775 0.0770209 0.0393534 9.9964E-05 9.9964E-05 9.9964E-05 9.9964E-05
9.9955E-05 9.9955E-05 0.250636 0.65697 9.9955E-05 9.9955E-05 9.9955E-05 0.0339764 0.0262992 0.0316188
9.996E-05 0.0670252 0.144131 0.649775 9.996E-05 0.0283147 9.996E-05 0.0257121 0.0846413 9.996E-05
9.99549E-05 9.99549E-05 0.246743 0.368944 9.99549E-05 0.106802 0.172927 9.99549E-05 0.104084 9.99549E-05
9.99639E-05 9.99639E-05 0.27841 0.015183 0.280744 0.026164 0.0732469 9.99639E-05 0.325853 9.99639E-05
9.996E-05 9.996E-05 0.528107 0.000257474 0.0393433 0.00545082 0.175705 9.996E-05 0.250737 9.996E-05
9.9955E-05 9.9955E-05 0.203753 9.9955E-05 0.0716518 0.137242 0.0269371 9.9955E-05 0.559916 9.9955E-05
9.9937E-05 9.9937E-05 0.288694 9.9937E-05 9.9937E-05 9.9937E-05 0.203894 9.9937E-05 0.506712 9.9937E-05
0.0384503 9.99549E-05 0.560365 0.0443572 0.173596 9.99549E-05 9.99549E-05 9.99549E-05 0.182731 9.99549E-05
9.9937E-05 9.9937E-05 0.900875 9.9937E-05 0.0333952 0.0650303 9.9937E-05 9.9937E-05 9.9937E-05 9.9937E-05
9.9946E-05 0.0566676 0.662192 9.9946E-05 0.105218 0.175323 9.9946E-05 9.9946E-05 9.9946E-05 9.9946E-05
9.9946E-05 9.9946E-05 0.860963 9.9946E-05 0.0738296 9.9946E-05 9.9946E-05 0.0139425 0.0506648 9.9946E-05
0.0068454 9.9973E-05 0.751472 0.0116334 0.0687337 0.0520712 9.9973E-05 0.0197809 0.089164 9.9973E-05
9.9955E-05 0.00110059 0.579655 0.207714 9.9955E-05 0.0581217 9.9955E-05 9.9955E-05 0.152909 9.9955E-05
9.9946E-05 9.9946E-05 0.800105 0.0311314 9.9946E-05 0.122459 0.0457046 9.9946E-05 9.9946E-05 9.9946E-05
9.9946E-05 9.9946E-05 0.66497 0.0121247 9.9946E-05 0.0629862 9.9946E-05 9.9946E-05 0.259319 9.9946E-05
9.996E-05 9.996E-05 0.449156 0.0931504 0.0996174 0.0113415 0.269848 9.996E-05 0.076486 9.996E-05
9.9946E-05 0.245838 0.115751 0.0822477 9.9946E-05 9.9946E-05 9.9946E-05 9.9946E-05 0.555564 9.9946E-05
0.0147242 9.9964E-05 0.503173 0.153059 0.00767529 0.143708 9.9964E-05 9.9964E-05 0.17726 9.9964E-05
0.0267147 0.016412 0.682149 0.168689 0.0111593 9.996E-05 9.996E-05 9.996E-05 0.0944765 9.996E-05
9.99371E-05 9.99371E-05 0.842568 9.99371E-05 0.0607672 9.99371E-05 0.0959649 9.99371E-05 9.99371E-05 9.99371E-05
9.9937E-05 0.0887771 0.635553 9.9937E-05 9.9937E-05 9.9937E-05 9.9937E-05 9.9937E-05 0.274971 9.9937E-05
9.99459E-05 9.99459E-05 0.585624 0.123732 0.0712054 9.99459E-05 9.99459E-05 9.99459E-05 0.218839 9.99459E-05
9.9928E-05 9.9928E-05 9.9928E-05 9.9928E-05 9.9928E-05 0.255991 9.9928E-05 9.9928E-05 0.74321 9.9928E-05
9.99371E-05 9.99371E-05 9.99371E-05 0.0626598 9.99371E-05 0.115058 9.99371E-05 9.99371E-05 0.821582 9.99371E-05
9.996E-05 0.130268 0.0675229 0.0520904 9.996E-05 0.0114788 9.996E-05 9.996E-05 0.731737 0.00650375
9.9946E-05 9.9946E-05 0.79563 0.00877243 9.9946E-05 9.9946E-05 0.0729841 9.9946E-05 0.122014 9.9946E-05
9.99549E-05 0.116081 0.37856 0.151958 9.99549E-05 9.99549E-05 9.99549E-05 0.0651594 0.287743 9.99549E-05
9.99549E-05 9.99549E-05 0.474283 0.0621772 9.99549E-05 0.176719 9.99549E-05 0.0139484 0.272373 9.99549E-05
9.99459E-05 0.095126 0.501699 0.0513163 9.99459E-05 9.99459E-05 9.99459E-05 9.99459E-05 0.35126 9.99459E-05
9.9946E-05 0.0669098 0.620202 9.9946E-05 9.9946E-05 0.126287 9.9946E-05 9.9946E-05 9.9946E-05 0.186002
0.0333702 0.07133 0.510236 9.996E-05 9.996E-05 9.996E-05 9.996E-05 0.0677899 0.0655362 0.251337
9.9955E-05 0.0135103 0.44698 0.0528255 0.0782887 9.9955E-05 9.9955E-05 9.9955E-05 0.407895 9.9955E-05
9.99549E-05 9.99549E-05 0.0322944 9.99549E-05 0.0707048 0.0205518 0.130735 9.99549E-05 0.745215 9.99549E-05
0.0667758 9.9955E-05 0.350847 9.9955E-05 9.9955E-05 0.188663 0.00498898 9.9955E-05 0.388226 9.9955E-05
9.9955E-05 9.9955E-05 0.151609 9.9955E-05 9.9955E-05 0.155692 0.0751926 9.9955E-05 0.603678 0.013329
9.9937E-05 9.9937E-05 9.9937E-05 9.9937E-05 0.073471 9.9937E-05 0.335818 9.9937E-05 0.590011 9.9937E-05
9.9937E-05 9.9937E-05 0.773997 9.9937E-05 0.122822 9.9937E-05 9.9937E-05 9.9937E-05 0.102481 9.9937E-05
9.9964E-05 9.9964E-05 0.156868 0.0027422 0.00902559 0.0551341 0.229941 9.9964E-05 0.545889 9.9964E-05
9.99459E-05 9.99459E-05 0.609222 0.0192618 9.99459E-05 9.99459E-05 0.15162 9.99459E-05 0.219296 9.99459E-05
9.9964E-05 9.9964E-05 0.352907 0.0935586 0.0949118 0.0939553 0.0660043 9.9964E-05 0.298263 9.9964E-05
0.0924816 9.9937E-05 0.339784 9.9937E-05 9.9937E-05 9.9937E-05 9.9937E-05 9.9937E-05 0.567035 9.9937E-05
0.564703 9.9946E-05 9.9946E-05 9.9946E-05 0.0159484 9.9946E-05 9.9946E-05 9.9946E-05 0.148724 0.270026
0.200571 9.9955E-05 9.9955E-05 0.0140518 9.9955E-05 0.0466981 9.9955E-05 9.9955E-05 0.0141692 0.72401
0.230212 9.99459E-05 9.99459E-05 9.99459E-05 0.105284 9.99459E-05 0.0372288 9.99459E-05 9.99459E-05 0.626676
9.996E-05 0.0393548 9.996E-05 0.039067 0.0285319 9.996E-05 9.996E-05 0.0186054 0.117278 0.756763
9.9946E-05 9.9946E-05 9.9946E-05 0.062799 9.9946E-05 9.9946E-05 9.9946E-05 0.270608 0.0888067 0.577186
9.9937E-05 9.9937E-05 0.0176914 9.9937E-05 9.9937E-05 9.9937E-05 9.9937E-05 0.210531 9.9937E-05 0.771077
0.478544 9.99549E-05 9.99549E-05 9.99549E-05 9.99549E-05 9.99549E-05 0.0195709 0.381286 0.00437369 0.115725
0.673489 9.9937E-05 9.9937E-05 9.9937E-05 9.9937E-05 9.9937E-05 9.9937E-05 0.155641 9.9937E-05 0.17017
0.999101 9.99201E-05 9.99201E-05 9.99201E-05 9.99201E-05 9.99201E-05 9.99201E-05 9.99201E-05 9.99201E-05 9.99201E-05
0.117006 0.0107264 0.0119177 9.99639E-05 9.99639E-05 9.99639E-05 9.99639E-05 0.523195 0.0687319 0.268024
9.99201E-05 9.99201E-05 9.99201E-05 9.99201E-05 9.99201E-05 9.99201E-05 9.99201E-05 0.999101 9.99201E-05 9.99201E-05
9.9937E-05 0.0672988 9.9937E-05 9.9937E-05 9.9937E-05 9.9937E-05 9.9937E-05 0.662697 9.9937E-05 0.269305
0.0120729 0.0486419 9.9946E-05 0.0303397 9.9946E-05 9.9946E-05 9.9946E-05 0.908346 9.9946E-05 9.9946E-05
