9.9973E-05 0.208423 0.0215377 0.406392 0.166618 9.9973E-05 9.9973E-05 0.196729
0.0845143 0.0385825 0.310348 0.0642357 0.14992 9.9991E-05 0.0132043 0.339094
0.0330616 0.306176 0.0874787 0.26217 0.246786 9.9982E-05 9.9982E-05 0.0641283
0.0127935 9.9973E-05 9.9973E-05 0.151565 0.646732 9.9973E-05 0.0244786 0.164132
9.996E-05 0.586324 9.996E-05 0.188037 0.211942 0.0132968 9.996E-05 9.996E-05
0.0146246 0.0773558 9.9973E-05 0.280877 0.562019 9.9973E-05 9.9973E-05 0.0648237
0.0875749 9.99639E-05 0.293603 9.99639E-05 9.99639E-05 9.99639E-05 0.611368 0.00705339
0.0963313 0.124958 0.05507 9.9973E-05 9.9973E-05 9.9973E-05 0.676783 0.0465572
9.9973E-05 9.9973E-05 0.229673 9.9973E-05 0.00437137 0.0378121 0.720247 0.00759683
0.0238313 9.9964E-05 0.143809 0.025335 9.9964E-05 9.9964E-05 0.806625 9.9964E-05
0.0103015 9.99639E-05 0.269563 9.99639E-05 0.0304609 9.99639E-05 0.689275 9.99639E-05
9.997E-05 0.0312192 0.534716 0.0693771 9.997E-05 0.0496114 0.314776 9.997E-05
9.9955E-05 9.9955E-05 0.0999059 9.9955E-05 9.9955E-05 0.184358 0.715236 9.9955E-05
0.0119327 9.9946E-05 9.9946E-05 9.9946E-05 9.9946E-05 9.9946E-05 0.987468 9.9946E-05
0.0889375 9.9955E-05 0.186088 9.9955E-05 9.9955E-05 9.9955E-05 0.724475 9.9955E-05
0.0229875 9.9964E-05 0.25809 9.9964E-05 9.9964E-05 9.9964E-05 0.694005 0.0245177
0.173108 0.336518 9.9955E-05 0.489874 9.9955E-05 9.9955E-05 9.9955E-05 9.9955E-05
0.667791 0.150564 9.9964E-05 0.116628 9.9964E-05 0.0646178 9.9964E-05 9.9964E-05
0.269755 9.9964E-05 9.9964E-05 0.541657 0.148115 0.0400735 9.9964E-05 9.9964E-05
0.153303 0.131648 9.9973E-05 0.369801 0.239161 0.105786 9.9973E-05 9.9973E-05
0.505431 0.251859 9.9973E-05 0.119557 0.0898965 9.9973E-05 0.032956 9.9973E-05
0.484703 9.99639E-05 9.99639E-05 0.340525 0.165205 0.00916658 9.99639E-05 9.99639E-05
9.996E-05 0.13092 0.235389 0.558474 9.996E-05 9.996E-05 9.996E-05 0.0748173
9.9964E-05 0.23081 0.0365087 0.634835 9.9964E-05 9.9964E-05 9.9964E-05 0.0974466
9.9964E-05 0.106197 9.9964E-05 0.833985 0.0514082 9.9964E-05 9.9964E-05 0.0080101
0.010038 0.0165302 9.9973E-05 0.537672 0.298209 9.9973E-05 9.9973E-05 0.13725
0.0189782 0.367216 9.9964E-05 0.526257 9.9964E-05 0.0871491 9.9964E-05 9.9964E-05
9.9964E-05 0.371537 9.9964E-05 0.453681 0.0878009 9.9964E-05 0.0865809 9.9964E-05
0.289903 0.391195 9.9973E-05 0.00176609 9.9973E-05 9.9973E-05 0.0991538 0.217682
0.364261 0.208445 9.9973E-05 9.9973E-05 0.139806 9.9973E-05 0.167204 0.119985
0.356675 9.9955E-05 0.316171 9.9955E-05 0.326654 9.9955E-05 9.9955E-05 9.9955E-05
0.225347 0.307879 0.147527 0.0327226 0.286224 9.9973E-05 9.9973E-05 9.9973E-05
0.259654 0.0926495 9.9964E-05 0.131784 0.515513 9.9964E-05 9.9964E-05 9.9964E-05
9.997E-05 9.997E-05 0.0229702 0.785709 0.0491648 9.997E-05 0.0402736 0.101582
9.9955E-05 9.9955E-05 0.323729 0.644348 9.9955E-05 9.9955E-05 9.9955E-05 0.0314242
0.122552 0.272697 0.0648311 0.4713 0.0683206 9.9973E-05 9.9973E-05 9.9973E-05
9.9964E-05 9.9964E-05 0.287303 0.39719 0.150342 0.164765 9.9964E-05 9.9964E-05
0.0222137 0.10456 0.0521246 0.644807 0.0948633 0.0812313 9.9982E-05 9.9982E-05
0.108815 9.9973E-05 9.9973E-05 0.559408 0.0522359 9.9973E-05 0.0958683 0.183373
0.14654 9.9964E-05 9.9964E-05 0.604247 0.223019 0.025793 9.9964E-05 9.9964E-05
9.99551E-05 9.99551E-05 9.99551E-05 0.0942092 0.352009 9.99551E-05 9.99551E-05 0.553282
9.9973E-05 0.0765733 9.9973E-05 0.138341 0.497995 0.072818 9.9973E-05 0.213973
0.118392 0.031941 9.9973E-05 0.0894654 0.669632 0.0902699 9.9973E-05 9.9973E-05
9.9964E-05 9.9964E-05 9.9964E-05 0.108546 0.266155 0.116415 9.9964E-05 0.508484
9.9964E-05 9.9964E-05 9.9964E-05 0.246207 0.548907 9.9964E-05 0.0265592 0.177926
0.0700434 9.9964E-05 9.9964E-05 0.36942 0.532643 9.9964E-05 9.9964E-05 0.027494
0.658074 9.9955E-05 9.9955E-05 0.260462 9.9955E-05 0.0809647 9.9955E-05 9.9955E-05
0.744799 9.9973E-05 0.0812411 9.9973E-05 0.00270439 0.00779062 9.9973E-05 0.163165
0.82758 9.9955E-05 0.0708854 9.9955E-05 9.9955E-05 9.9955E-05 9.9955E-05 0.101035
0.616262 9.9955E-05 9.9955E-05 9.9955E-05 0.0071711 9.9955E-05 9.9955E-05 0.376067
0.744025 0.0135563 9.9982E-05 0.0708354 0.101473 0.0164446 0.0534657 9.9982E-05
0.198334 9.9964E-05 9.9964E-05 0.387307 9.9964E-05 9.9964E-05 0.117134 0.296825
0.51808 0.0637259 9.9964E-05 0.320926 9.9964E-05 0.0968689 9.9964E-05 9.9964E-05
0.169344 9.9964E-05 9.9964E-05 0.517527 9.9964E-05 0.0277662 9.9964E-05 0.284964
0.154716 9.99639E-05 9.99639E-05 0.553466 9.99639E-05 9.99639E-05 0.049501 0.241918
0.0686762 0.0715375 9.9973E-05 0.539167 0.264384 0.0559359 9.9973E-05 9.9973E-05
9.9973E-05 9.9973E-05 0.18419 0.193679 9.9973E-05 0.199877 0.304091 0.117864
9.9973E-05 9.9973E-05 0.0173545 0.163997 9.9973E-05 0.235504 0.544289 0.0385562
9.9964E-05 9.9964E-05 9.9964E-05 0.0112606 9.9964E-05 0.886052 0.038458 0.0638295
0.0934117 9.9973E-05 0.132147 9.9973E-05 9.9973E-05 0.566695 0.0956868 0.11176
9.9955E-05 9.9955E-05 0.299014 9.9955E-05 9.9955E-05 0.674082 0.026404 9.9955E-05
0.131414 9.99639E-05 0.178424 9.99639E-05 9.99639E-05 0.673187 9.99639E-05 0.0165753
0.0812241 9.99459E-05 0.918176 9.99459E-05 9.99459E-05 9.99459E-05 9.99459E-05 9.99459E-05
9.99549E-05 9.99549E-05 0.693551 0.0960267 9.99549E-05 0.209923 9.99549E-05 9.99549E-05
9.996E-05 9.996E-05 0.383868 9.996E-05 0.0355148 0.129618 0.450599 9.996E-05
9.9964E-05 9.9964E-05 0.182879 0.0032367 9.9964E-05 0.181012 0.632472 9.9964E-05
9.997E-05 0.00765907 0.25203 0.174962 9.997E-05 0.184029 0.381021 9.997E-05
9.99552E-05 9.99552E-05 9.99552E-05 0.0623408 9.99552E-05 0.449448 0.487711 9.99552E-05
9.9964E-05 9.9964E-05 0.5282 0.0980016 9.9964E-05 0.186493 0.186906 9.9964E-05
9.9964E-05 9.9964E-05 0.273575 0.0793843 9.9964E-05 0.340635 0.306005 9.9964E-05
9.9973E-05 0.0152575 0.63032 0.122021 9.9973E-05 0.0880201 0.144082 9.9973E-05
9.9973E-05 0.0286686 0.223795 0.119999 9.9973E-05 0.395916 0.231321 9.9973E-05
9.9964E-05 0.0514629 0.683521 9.9964E-05 9.9964E-05 0.135136 0.12948 9.9964E-05
0.0774415 0.0419355 0.118229 9.9973E-05 9.9973E-05 0.676198 0.0858963 9.9973E-05
0.050683 9.9964E-05 9.9964E-05 0.126023 9.9964E-05 0.558477 0.264417 9.9964E-05
0.0988441 9.9955E-05 0.143745 9.9955E-05 9.9955E-05 0.756911 9.9955E-05 9.9955E-05
9.9955E-05 9.9955E-05 0.28676 9.9955E-05 0.100901 0.611839 9.9955E-05 9.9955E-05
9.9946E-05 9.9946E-05 9.9946E-05 9.9946E-05 0.0717086 0.927692 9.9946E-05 9.9946E-05
9.9964E-05 9.9964E-05 0.0827577 9.9964E-05 9.9964E-05 0.622517 0.267621 0.0267045
0.0805635 9.99639E-05 0.571056 9.99639E-05 9.99639E-05 0.295229 0.0527514 9.99639E-05
0.104719 9.9964E-05 0.118664 9.9964E-05 0.06077 0.715447 9.9964E-05 9.9964E-05
0.0026999 0.756604 9.9982E-05 0.110189 0.0453255 0.0372853 9.9982E-05 0.0476965
9.995E-05 0.0840986 9.995E-05 9.995E-05 9.995E-05 0.107209 9.995E-05 0.808193
9.9955E-05 0.231789 9.9955E-05 9.9955E-05 9.9955E-05 0.0946774 9.9955E-05 0.673034
0.0789196 0.773401 9.996E-05 9.996E-05 0.101664 9.996E-05 0.045615 9.996E-05
0.23013 0.518783 9.9973E-05 9.9973E-05 0.0133367 9.9973E-05 0.0854472 0.152003
0.349873 9.99551E-05 0.272792 9.99551E-05 9.99551E-05 9.99551E-05 9.99551E-05 0.376836
9.99641E-05 0.0330147 0.163987 9.99641E-05 0.572601 9.99641E-05 9.99641E-05 0.229998
0.0222991 9.997E-05 0.0940588 9.997E-05 0.535154 9.997E-05 0.0355534 0.312635
0.0459352 0.272629 0.0145522 9.9973E-05 0.633856 9.9973E-05 9.9973E-05 0.0327274
0.078902 0.354246 0.0895242 9.997E-05 0.223877 9.997E-05 9.997E-05 0.25315
9.9955E-05 0.215929 9.9955E-05 9.9955E-05 0.722318 0.0612529 9.9955E-05 9.9955E-05
9.9964E-05 0.0194418 9.9964E-05 0.0383462 0.925885 0.0159274 9.9964E-05 9.9964E-05
9.996E-05 0.297022 9.996E-05 0.0775302 0.583358 9.996E-05 0.0416898 9.996E-05
0.0338531 0.249703 0.0521432 0.00608881 0.638539 0.019473 9.9982E-05 9.9982E-05
0.30874 9.99549E-05 0.10157 9.99549E-05 0.58919 9.99549E-05 9.99549E-05 9.99549E-05
0.100628 0.0960972 0.0329606 0.0649775 0.705036 9.9973E-05 9.9973E-05 9.9973E-05
9.996E-05 0.299827 9.996E-05 9.996E-05 0.653798 0.0450481 0.000926986 9.996E-05
9.9964E-05 0.283144 9.9964E-05 0.0471205 0.650575 0.0187613 9.9964E-05 9.9964E-05
9.9973E-05 0.122042 9.9973E-05 0.0881317 0.618106 9.9973E-05 0.0158702 0.15555
0.233453 0.393321 9.997E-05 9.997E-05 0.0176657 9.997E-05 0.018282 0.336978
0.054865 0.535822 9.9964E-05 9.9964E-05 0.0552107 9.9964E-05 9.9964E-05 0.353702
0.0742174 0.441935 9.9964E-05 0.0152082 9.9964E-05 9.9964E-05 9.9964E-05 0.468239
9.9955E-05 0.440725 9.9955E-05 9.9955E-05 0.0152782 9.9955E-05 9.9955E-05 0.543497
0.167865 0.762487 0.0691483 9.9955E-05 9.9955E-05 9.9955E-05 9.9955E-05 9.9955E-05
0.0496623 0.853611 9.9955E-05 0.0962273 9.9955E-05 9.9955E-05 9.9955E-05 9.9955E-05
0.10338 0.7055 9.9955E-05 0.190621 9.9955E-05 9.9955E-05 9.9955E-05 9.9955E-05
0.0790979 0.914235 9.995E-05 9.995E-05 9.995E-05 9.995E-05 0.00616786 9.995E-05
0.0560485 0.864956 9.996E-05 9.996E-05 0.020969 9.996E-05 0.0576266 9.996E-05
9.9955E-05 0.764485 9.9955E-05 9.9955E-05 0.185638 9.9955E-05 9.9955E-05 0.0493782
9.9964E-05 0.844514 9.9964E-05 0.109851 0.0250939 9.9964E-05 9.9964E-05 0.0201412
9.9964E-05 0.901591 9.9964E-05 0.0388935 0.0200991 9.9964E-05 9.9964E-05 0.0390168
0.102671 0.242499 9.9973E-05 0.00895973 0.324967 9.9973E-05 9.9973E-05 0.320604
0.122224 0.496687 9.997E-05 9.997E-05 0.0919571 0.0423099 9.997E-05 0.246523
0.0668179 0.51812 0.019577 0.0530703 0.175613 9.9982E-05 9.9982E-05 0.166602
0.0391482 0.781044 0.0288481 0.0323908 0.10231 9.9982E-05 9.9982E-05 0.0160589
0.0330384 0.683699 9.997E-05 9.997E-05 0.101825 9.997E-05 0.015802 0.165336
9.9964E-05 0.867448 0.00154373 0.0334738 9.9964E-05 9.9964E-05 9.9964E-05 0.0971345
0.0221551 0.71412 0.0198913 9.9973E-05 0.136127 9.9973E-05 9.9973E-05 0.107407
9.996E-05 0.289274 0.0573559 0.115793 9.996E-05 9.996E-05 9.996E-05 0.537177
9.9964E-05 0.358173 0.0681649 9.9964E-05 0.00834841 9.9964E-05 9.9964E-05 0.564914
9.9964E-05 0.600736 0.0627477 9.9964E-05 9.9964E-05 0.0161947 9.9964E-05 0.319922
9.9955E-05 0.784161 9.9955E-05 9.9955E-05 0.202517 9.9955E-05 9.9955E-05 0.0128216
9.9991E-05 0.700531 0.0326027 0.0671043 0.154783 0.00178173 0.0345666 0.00853125
9.998E-05 0.723752 0.0328559 0.0705449 0.0443312 0.0113051 9.998E-05 0.117011
0.00204356 0.898348 0.0423616 9.9973E-05 0.00909161 9.9973E-05 9.9973E-05 0.0478549
9.9964E-05 0.606289 9.9964E-05 0.174683 9.9964E-05 0.0730723 0.145556 9.9964E-05
9.9955E-05 0.630127 0.082549 9.9955E-05 9.9955E-05 0.286824 9.9955E-05 9.9955E-05
0.092295 0.753831 0.00639582 9.9964E-05 9.9964E-05 9.9964E-05 9.9964E-05 0.147078
0.0651352 0.334549 9.99549E-05 9.99549E-05 9.99549E-05 9.99549E-05 9.99549E-05 0.599816
9.997E-05 0.432534 0.0952739 9.997E-05 0.0219077 9.997E-05 0.00426366 0.445721
9.9964E-05 0.337074 9.9964E-05 9.9964E-05 0.0712836 9.9964E-05 0.0175564 0.573686
0.0668643 0.0272481 9.9955E-05 9.9955E-05 9.9955E-05 9.9955E-05 9.9955E-05 0.905388
0.0869687 0.770588 9.9955E-05 9.9955E-05 9.9955E-05 9.9955E-05 9.9955E-05 0.141943
9.9955E-05 0.267449 9.9955E-05 9.9955E-05 0.0992844 9.9955E-05 9.9955E-05 0.632767
9.9973E-05 0.503644 9.9973E-05 0.00226271 0.148409 9.9973E-05 0.00101147 0.344373
0.128812 0.401573 9.99639E-05 9.99639E-05 0.140225 9.99639E-05 9.99639E-05 0.32899
9.9955E-05 0.579682 0.0674009 9.9955E-05 9.9955E-05 9.9955E-05 9.9955E-05 0.352417
9.9955E-05 9.9955E-05 0.727878 9.9955E-05 9.9955E-05 0.191409 9.9955E-05 0.0802127
9.996E-05 9.996E-05 0.400649 9.996E-05 9.996E-05 0.4743 0.0986359 0.0260153
0.0787238 9.9964E-05 0.422244 9.9964E-05 9.9964E-05 0.325143 0.173489 9.9964E-05
0.0397093 9.99729E-05 0.172572 9.99729E-05 0.0295189 0.670304 9.99729E-05 0.0875956
9.9964E-05 0.0610399 0.147793 9.9964E-05 0.0630255 0.727742 9.9964E-05 9.9964E-05
0.000347952 9.9955E-05 0.142772 9.9955E-05 9.9955E-05 0.856381 9.9955E-05 9.9955E-05
9.997E-05 9.997E-05 0.364145 9.997E-05 0.0179895 0.337819 0.270522 0.00922478
9.9955E-05 9.9955E-05 0.600858 9.9955E-05 9.9955E-05 0.256209 0.142432 9.9955E-05
9.99462E-05 9.99462E-05 0.995553 9.99462E-05 9.99462E-05 9.99462E-05 9.99462E-05 0.00384723
9.9964E-05 0.106679 0.0867088 9.9964E-05 9.9964E-05 0.624962 0.18125 9.9964E-05
9.99551E-05 9.99551E-05 9.99551E-05 0.0495067 9.99551E-05 0.771746 0.178247 9.99551E-05
9.99551E-05 9.99551E-05 9.99551E-05 0.0340198 9.99551E-05 0.923563 0.0419175 9.99551E-05
9.99551E-05 0.0585445 9.99551E-05 9.99551E-05 9.99551E-05 0.725117 0.215839 9.99551E-05
