9.99549E-05 9.99549E-05 0.487594 0.259109 0.0806445 9.99549E-05 9.99549E-05 0.0696947 9.99549E-05 0.102458
0.309031 0.0350394 0.0975276 0.0928274 0.0943787 9.9973E-05 9.9973E-05 0.205984 9.9973E-05 0.164911
0.0922471 9.9973E-05 0.27193 0.268669 0.16333 9.9973E-05 0.077031 0.0469797 9.9973E-05 0.0795135
9.9973E-05 9.9973E-05 0.143525 0.00128149 0.542026 9.9973E-05 0.126044 0.11259 0.00733228 0.0669013
9.9937E-05 9.9937E-05 0.199102 0.66821 0.131988 9.9937E-05 9.9937E-05 9.9937E-05 9.9937E-05 9.9937E-05
9.9955E-05 9.9955E-05 0.286081 0.219406 0.375021 9.9955E-05 0.0775855 0.0414065 9.9955E-05 9.9955E-05
0.157579 0.750768 9.9937E-05 9.9937E-05 9.9937E-05 9.9937E-05 0.0909542 9.9937E-05 9.9937E-05 9.9937E-05
0.0710808 0.537485 9.9955E-05 9.9955E-05 9.9955E-05 9.9955E-05 0.112501 0.167345 0.111088 9.9955E-05
9.9946E-05 0.873579 9.9946E-05 9.9946E-05 0.0303758 0.0565504 9.9946E-05 9.9946E-05 9.9946E-05 0.0388954
9.9937E-05 0.887333 9.9937E-05 9.9937E-05 9.9937E-05 0.0260136 0.0859535 9.9937E-05 9.9937E-05 9.9937E-05
0.143348 0.781607 9.99549E-05 9.99549E-05 0.000359655 9.99549E-05 0.0274168 0.0467685 9.99549E-05 9.99549E-05
0.454164 0.381422 0.0433732 0.0173384 9.99639E-05 0.0656445 9.99639E-05 9.99639E-05 0.0376578 9.99639E-05
0.112767 0.607199 9.9946E-05 9.9946E-05 0.00441959 9.9946E-05 9.9946E-05 9.9946E-05 0.275014 9.9946E-05
9.99371E-05 0.779496 9.99371E-05 9.99371E-05 9.99371E-05 9.99371E-05 9.99371E-05 0.0094511 0.210354 9.99371E-05
0.0720834 0.855494 9.9937E-05 9.9937E-05 9.9937E-05 9.9937E-05 0.071723 9.9937E-05 9.9937E-05 9.9937E-05
0.245391 0.673305 9.99371E-05 9.99371E-05 9.99371E-05 9.99371E-05 9.99371E-05 0.0806044 9.99371E-05 9.99371E-05
0.000302286 9.9955E-05 0.30159 0.407159 9.9955E-05 9.9955E-05 0.284091 0.00635781 9.9955E-05 9.9955E-05
9.9955E-05 0.0153709 9.9955E-05 0.0954172 9.9955E-05 0.022786 0.760441 0.105485 9.9955E-05 9.9955E-05
0.0221142 9.9964E-05 0.45544 9.9964E-05 0.171786 9.9964E-05 0.254682 0.0256272 0.0699501 9.9964E-05
9.99549E-05 9.99549E-05 0.24175 0.2133 0.172405 9.99549E-05 0.295668 9.99549E-05 0.0763775 9.99549E-05
9.997E-05 0.0483173 0.0402396 0.170548 0.0651731 9.997E-05 0.479897 9.997E-05 0.00735746 0.188167
9.9946E-05 9.9946E-05 0.199249 0.0145796 0.191826 9.9946E-05 0.593746 9.9946E-05 9.9946E-05 9.9946E-05
0.174685 9.9946E-05 0.574359 0.116725 9.9946E-05 9.9946E-05 9.9946E-05 9.9946E-05 9.9946E-05 0.133632
0.0310874 9.9946E-05 0.557967 0.275835 9.9946E-05 9.9946E-05 9.9946E-05 0.134512 9.9946E-05 9.9946E-05
9.99281E-05 9.99281E-05 0.82356 0.175641 9.99281E-05 9.99281E-05 9.99281E-05 9.99281E-05 9.99281E-05 9.99281E-05
9.9955E-05 9.9955E-05 0.446721 0.0305021 0.215597 9.9955E-05 0.152052 0.154629 9.9955E-05 9.9955E-05
9.9946E-05 9.9946E-05 0.327489 0.405953 9.9946E-05 9.9946E-05 0.173317 9.9946E-05 0.0926408 9.9946E-05
9.9955E-05 0.0171369 0.390204 0.367039 0.144278 9.9955E-05 9.9955E-05 9.9955E-05 0.0808424 9.9955E-05
9.9955E-05 0.0940501 9.9955E-05 0.28695 9.9955E-05 9.9955E-05 0.222759 0.151296 9.9955E-05 0.244444
9.9973E-05 0.0657109 0.0059082 0.0959609 0.0820327 9.9973E-05 0.216054 9.9973E-05 0.0603197 0.473714
0.288492 9.9937E-05 9.9937E-05 9.9937E-05 0.221232 9.9937E-05 0.489576 9.9937E-05 9.9937E-05 9.9937E-05
0.101021 9.99459E-05 9.99459E-05 0.315611 0.232652 9.99459E-05 0.350116 9.99459E-05 9.99459E-05 9.99459E-05
9.99369E-05 9.99369E-05 9.99369E-05 0.217696 0.381056 9.99369E-05 0.400548 9.99369E-05 9.99369E-05 9.99369E-05
9.9937E-05 0.0285505 0.893869 9.9937E-05 9.9937E-05 9.9937E-05 9.9937E-05 0.0768808 9.9937E-05 9.9937E-05
0.335935 9.99279E-05 0.663266 9.99279E-05 9.99279E-05 9.99279E-05 9.99279E-05 9.99279E-05 9.99279E-05 9.99279E-05
0.00539086 9.9973E-05 0.464878 0.190459 9.9973E-05 0.0422246 0.119351 9.9973E-05 0.0281127 0.149284
0.249374 9.9955E-05 0.315969 9.9955E-05 0.128484 9.9955E-05 0.0863163 9.9955E-05 0.219357 9.9955E-05
0.047236 9.9964E-05 0.667609 0.148391 9.9964E-05 9.9964E-05 0.00281037 9.9964E-05 0.0792187 0.0543351
9.9937E-05 9.9937E-05 0.566862 9.9937E-05 9.9937E-05 9.9937E-05 9.9937E-05 9.9937E-05 0.0841984 0.34824
9.99549E-05 9.99549E-05 0.540058 9.99549E-05 0.163065 0.04201 0.172783 9.99549E-05 9.99549E-05 0.0815834
9.99461E-05 9.99461E-05 0.102863 9.99461E-05 0.371398 9.99461E-05 9.99461E-05 0.393379 9.99461E-05 0.13176
9.9955E-05 9.9955E-05 0.0551349 9.9955E-05 0.471769 9.9955E-05 9.9955E-05 0.225627 0.116454 0.130515
9.9955E-05 9.9955E-05 0.112124 9.9955E-05 0.524447 9.9955E-05 0.137343 9.9955E-05 0.139349 0.0862373
9.9955E-05 9.9955E-05 0.123674 9.9955E-05 0.242027 0.132913 9.9955E-05 0.494377 0.00650857 9.9955E-05
9.9955E-05 0.0110493 0.173901 9.9955E-05 0.515177 9.9955E-05 0.122017 0.177356 9.9955E-05 9.9955E-05
9.9946E-05 9.9946E-05 0.233613 9.9946E-05 0.531967 9.9946E-05 0.220463 0.0133577 9.9946E-05 9.9946E-05
0.013314 9.99461E-05 0.0776724 9.99461E-05 9.99461E-05 0.064449 0.843965 9.99461E-05 9.99461E-05 9.99461E-05
0.139669 9.99459E-05 9.99459E-05 9.99459E-05 9.99459E-05 9.99459E-05 0.589332 0.150019 9.99459E-05 0.12038
0.169068 9.9937E-05 9.9937E-05 9.9937E-05 9.9937E-05 9.9937E-05 0.4089 9.9937E-05 9.9937E-05 0.421332
9.9928E-05 9.9928E-05 9.9928E-05 9.9928E-05 9.9928E-05 9.9928E-05 0.170709 9.9928E-05 9.9928E-05 0.828491
9.9946E-05 0.0719972 9.9946E-05 9.9946E-05 0.0313292 9.9946E-05 0.682229 9.9946E-05 9.9946E-05 0.213845
9.9955E-05 0.0993092 0.239952 9.9955E-05 9.9955E-05 9.9955E-05 0.237807 0.373464 9.9955E-05 0.0489681
9.9946E-05 9.9946E-05 0.289703 9.9946E-05 9.9946E-05 0.123543 0.392009 9.9946E-05 9.9946E-05 0.194146
9.9946E-05 9.9946E-05 0.366897 9.9946E-05 9.9946E-05 9.9946E-05 0.241172 0.335192 0.056139 9.9946E-05
9.99459E-05 9.99459E-05 0.364925 9.99459E-05 9.99459E-05 9.99459E-05 0.261567 0.368507 0.00440179 9.99459E-05
9.99549E-05 9.99549E-05 0.37425 0.132352 0.212156 9.99549E-05 0.219686 9.99549E-05 0.061057 9.99549E-05
0.0449489 0.317567 0.262914 9.9955E-05 9.9955E-05 0.292761 9.9955E-05 9.9955E-05 9.9955E-05 0.0813096
9.9964E-05 0.542478 0.0663496 0.0504463 9.9964E-05 0.0508999 9.9964E-05 9.9964E-05 0.240559 0.0488666
9.99371E-05 9.99371E-05 9.99371E-05 0.0190916 9.99371E-05 0.490681 9.99371E-05 9.99371E-05 0.489528 9.99371E-05
9.9955E-05 0.106718 0.0491902 9.9955E-05 9.9955E-05 0.729822 0.0596886 0.0540818 9.9955E-05 9.9955E-05
0.0518071 0.0390385 9.9955E-05 9.9955E-05 9.9955E-05 0.8653 9.9955E-05 0.0321094 0.0112452 9.9955E-05
9.9946E-05 9.9946E-05 9.9946E-05 0.0145087 9.9946E-05 0.840204 0.139525 0.00516251 9.9946E-05 9.9946E-05
0.769018 0.128094 9.99549E-05 9.99549E-05 9.99549E-05 0.0142465 0.00303112 9.99549E-05 9.99549E-05 0.0851097
0.648801 9.99459E-05 0.00243037 9.99459E-05 9.99459E-05 9.99459E-05 0.0950197 9.99459E-05 0.253149 9.99459E-05
0.234626 0.595584 9.99459E-05 9.99459E-05 0.0652924 0.103898 9.99459E-05 9.99459E-05 9.99459E-05 9.99459E-05
9.9946E-05 0.760553 0.00105248 9.9946E-05 9.9946E-05 0.220526 9.9946E-05 9.9946E-05 0.0172691 9.9946E-05
0.239776 0.365944 0.0938383 9.9955E-05 9.9955E-05 9.9955E-05 0.0200982 9.9955E-05 0.279843 9.9955E-05
9.99371E-05 0.359269 0.0912403 9.99371E-05 9.99371E-05 9.99371E-05 9.99371E-05 9.99371E-05 0.548791 9.99371E-05
0.499518 0.133611 0.0741886 9.9946E-05 9.9946E-05 9.9946E-05 9.9946E-05 9.9946E-05 0.292082 9.9946E-05
0.213989 0.338815 0.0785025 9.9955E-05 9.9955E-05 0.150211 9.9955E-05 9.9955E-05 0.217983 9.9955E-05
0.556891 0.123854 0.169868 9.9955E-05 9.9955E-05 0.0273972 9.9955E-05 9.9955E-05 0.12149 9.9955E-05
0.220298 0.170876 0.0625316 9.9955E-05 9.9955E-05 0.0861184 9.9955E-05 9.9955E-05 0.459676 9.9955E-05
0.623114 0.0784462 9.99549E-05 0.0207843 9.99549E-05 0.253495 9.99549E-05 9.99549E-05 0.0236601 9.99549E-05
0.137137 9.9955E-05 9.9955E-05 0.0074532 9.9955E-05 0.397074 0.0710834 9.9955E-05 0.386752 9.9955E-05
0.154832 9.99549E-05 0.0101819 0.0429799 9.99549E-05 9.99549E-05 0.0403213 9.99549E-05 0.751185 9.99549E-05
0.137169 9.99549E-05 9.99549E-05 9.99549E-05 0.0130504 0.471822 0.0334646 9.99549E-05 0.343994 9.99549E-05
0.271794 9.99459E-05 9.99459E-05 9.99459E-05 0.0481398 0.219797 9.99459E-05 9.99459E-05 0.45967 9.99459E-05
9.9928E-05 9.9928E-05 9.9928E-05 9.9928E-05 9.9928E-05 0.61714 9.9928E-05 9.9928E-05 0.38206 9.9928E-05
9.9937E-05 0.206444 9.9937E-05 9.9937E-05 9.9937E-05 0.685563 9.9937E-05 9.9937E-05 0.107293 9.9937E-05
0.45648 0.0956054 0.0299183 9.99549E-05 9.99549E-05 0.372613 0.0448841 9.99549E-05 9.99549E-05 9.99549E-05
9.99371E-05 9.99371E-05 9.99371E-05 9.99371E-05 9.99371E-05 0.739055 9.99371E-05 9.99371E-05 0.137014 0.123232
9.99551E-05 9.99551E-05 9.99551E-05 0.753362 0.0104356 9.99551E-05 0.0554173 0.123885 0.0564008 9.99551E-05
9.9937E-05 9.9937E-05 9.9937E-05 9.9937E-05 9.9937E-05 0.0434409 0.0307236 0.925136 9.9937E-05 9.9937E-05
9.9946E-05 9.9946E-05 9.9946E-05 0.0415673 9.9946E-05 0.00650328 9.9946E-05 0.889574 0.0617557 9.9946E-05
9.9946E-05 0.0895352 9.9946E-05 0.697515 0.0444364 9.9946E-05 9.9946E-05 9.9946E-05 9.9946E-05 0.167914
9.99459E-05 0.0428265 9.99459E-05 0.218493 0.0193793 9.99459E-05 9.99459E-05 9.99459E-05 9.99459E-05 0.718702
0.327169 9.99281E-05 9.99281E-05 9.99281E-05 9.99281E-05 9.99281E-05 9.99281E-05 9.99281E-05 9.99281E-05 0.672031
0.146598 9.99461E-05 9.99461E-05 9.99461E-05 0.516811 9.99461E-05 9.99461E-05 0.184888 9.99461E-05 0.151103
0.056515 0.0747376 0.0233722 9.9964E-05 0.422135 9.9964E-05 9.9964E-05 0.0950289 9.9964E-05 0.327812
0.067558 9.9946E-05 9.9946E-05 0.316173 0.56771 9.9946E-05 9.9946E-05 9.9946E-05 9.9946E-05 0.0479594
0.116146 9.99549E-05 9.99549E-05 0.274132 0.184619 9.99549E-05 9.99549E-05 0.11817 9.99549E-05 0.306432
0.00165482 9.9946E-05 9.9946E-05 0.183217 0.753635 0.0608935 9.9946E-05 9.9946E-05 9.9946E-05 9.9946E-05
9.9946E-05 9.9946E-05 0.0420364 0.00543891 0.93016 9.9946E-05 9.9946E-05 9.9946E-05 0.0217653 9.9946E-05
9.995E-05 0.0123684 0.13662 0.31299 0.452041 9.995E-05 9.995E-05 9.995E-05 9.995E-05 0.0854806
0.0326941 9.9964E-05 0.0340484 0.167885 0.660722 0.00119744 9.9964E-05 9.9964E-05 9.9964E-05 0.103053
0.0532554 9.99459E-05 9.99459E-05 9.99459E-05 0.538484 9.99459E-05 0.208361 9.99459E-05 9.99459E-05 0.1993
9.99369E-05 9.99369E-05 0.106452 9.99369E-05 0.648139 9.99369E-05 9.99369E-05 9.99369E-05 9.99369E-05 0.24471
9.9946E-05 9.9946E-05 9.9946E-05 0.180961 0.746959 0.0381422 9.9946E-05 9.9946E-05 9.9946E-05 0.033338
0.0251999 9.9955E-05 0.033531 0.277066 0.636717 9.9955E-05 9.9955E-05 9.9955E-05 0.0269871 9.9955E-05
9.99549E-05 0.0435317 0.0630849 0.129896 0.56439 9.99549E-05 9.99549E-05 0.198598 9.99549E-05 9.99549E-05
9.99549E-05 0.00501299 0.0580464 0.21534 9.99549E-05 9.99549E-05 9.99549E-05 0.101035 9.99549E-05 0.620065
9.99459E-05 9.99459E-05 9.99459E-05 0.441881 0.0469519 9.99459E-05 9.99459E-05 0.315297 9.99459E-05 0.19527
9.9946E-05 9.9946E-05 0.0579568 0.272253 9.9946E-05 9.9946E-05 9.9946E-05 0.320163 9.9946E-05 0.349028
9.9937E-05 9.9937E-05 9.9937E-05 0.314118 9.9937E-05 9.9937E-05 9.9937E-05 0.519778 9.9937E-05 0.165404
0.044058 9.9946E-05 9.9946E-05 0.607942 9.9946E-05 0.0374323 9.9946E-05 9.9946E-05 9.9946E-05 0.309968
9.9937E-05 9.9937E-05 0.0714709 0.785094 9.9937E-05 9.9937E-05 9.9937E-05 9.9937E-05 9.9937E-05 0.142736
9.9937E-05 9.9937E-05 0.193358 0.536558 9.9937E-05 9.9937E-05 9.9937E-05 9.9937E-05 9.9937E-05 0.269385
9.9946E-05 0.015462 9.9946E-05 0.779365 9.9946E-05 9.9946E-05 9.9946E-05 9.9946E-05 0.0247029 0.179871
9.9955E-05 9.9955E-05 0.0109681 0.837493 9.9955E-05 9.9955E-05 0.0109375 9.9955E-05 0.0436819 0.0964197
9.9946E-05 0.0145405 9.9946E-05 0.811084 0.154695 9.9946E-05 9.9946E-05 0.0190806 9.9946E-05 9.9946E-05
9.9964E-05 9.9964E-05 0.0435054 0.885836 0.000432016 0.0156924 9.9964E-05 0.0504987 0.00363519 9.9964E-05
9.99281E-05 9.99281E-05 9.99281E-05 0.90934 9.99281E-05 9.99281E-05 9.99281E-05 0.0898608 9.99281E-05 9.99281E-05
9.99639E-05 9.99639E-05 0.0719654 0.283716 0.165543 9.99639E-05 0.0718367 0.141897 9.99639E-05 0.264642
9.996E-05 9.996E-05 9.996E-05 0.414131 0.0808515 0.0274079 0.137912 0.321051 9.996E-05 0.0182463
0.0334641 9.9964E-05 0.0909795 0.663462 0.0448352 9.9964E-05 9.9964E-05 0.014895 9.9964E-05 0.151965
0.0281618 9.99551E-05 9.99551E-05 0.712696 0.115715 9.99551E-05 0.0892251 9.99551E-05 9.99551E-05 0.0537023
9.99461E-05 9.99461E-05 9.99461E-05 0.570259 0.0706065 9.99461E-05 9.99461E-05 0.0570226 9.99461E-05 0.301512
9.9955E-05 9.9955E-05 0.0375169 0.758447 9.9955E-05 9.9955E-05 9.9955E-05 0.0787222 0.0103865 0.114428
9.99459E-05 9.99459E-05 9.99459E-05 0.60123 0.147237 9.99459E-05 9.99459E-05 0.0071229 9.99459E-05 0.24381
0.081864 9.9946E-05 0.0560816 0.241833 9.9946E-05 9.9946E-05 9.9946E-05 0.619622 9.9946E-05 9.9946E-05
0.101086 9.9937E-05 9.9937E-05 0.391007 9.9937E-05 9.9937E-05 9.9937E-05 0.507207 9.9937E-05 9.9937E-05
0.0828851 9.99371E-05 9.99371E-05 0.582706 9.99371E-05 9.99371E-05 9.99371E-05 0.333709 9.99371E-05 9.99371E-05
9.9937E-05 9.9937E-05 9.9937E-05 0.769301 0.0729332 9.9937E-05 9.9937E-05 0.157066 9.9937E-05 9.9937E-05
0.030655 0.043002 9.9964E-05 0.777087 0.0395908 9.9964E-05 9.9964E-05 9.9964E-05 0.0594774 0.0497878
9.9955E-05 9.9955E-05 0.0712903 0.805385 0.0214595 0.0622711 9.9955E-05 0.0390944 9.9955E-05 9.9955E-05
0.0314219 9.9964E-05 9.9964E-05 0.844136 9.9964E-05 0.0012217 0.0119044 0.0349403 9.9964E-05 0.0759756
9.994E-05 0.101841 0.166789 0.610559 9.994E-05 0.120211 9.994E-05 9.994E-05 9.994E-05 9.994E-05
9.9928E-05 9.9928E-05 9.9928E-05 0.614151 9.9928E-05 0.385049 9.9928E-05 9.9928E-05 9.9928E-05 9.9928E-05
0.00834717 9.9955E-05 9.9955E-05 0.643666 9.9955E-05 9.9955E-05 0.0302714 0.177907 9.9955E-05 0.139309
9.99369E-05 9.99369E-05 9.99369E-05 0.187278 9.99369E-05 9.99369E-05 9.99369E-05 0.538633 9.99369E-05 0.27339
0.0559327 0.0177752 0.0823807 0.333739 9.996E-05 9.996E-05 9.996E-05 0.327557 9.996E-05 0.182216
9.9964E-05 9.9964E-05 0.0609296 0.300059 0.0445842 0.0130902 9.9964E-05 0.364405 9.9964E-05 0.216532
9.9937E-05 9.9937E-05 9.9937E-05 0.00665767 9.9937E-05 9.9937E-05 9.9937E-05 0.609317 9.9937E-05 0.383325
9.99369E-05 9.99369E-05 9.99369E-05 0.585256 9.99369E-05 9.99369E-05 9.99369E-05 0.06681 9.99369E-05 0.347235
9.9946E-05 9.9946E-05 9.9946E-05 0.158371 0.0374721 9.9946E-05 9.9946E-05 0.503955 9.9946E-05 0.299602
9.9946E-05 9.9946E-05 9.9946E-05 0.564004 0.104646 9.9946E-05 9.9946E-05 0.287926 9.9946E-05 0.0428245
9.9955E-05 9.9955E-05 9.9955E-05 0.494105 0.0222305 9.9955E-05 0.121596 0.266877 9.9955E-05 0.0946909
0.0248112 9.9946E-05 9.9946E-05 0.393075 9.9946E-05 9.9946E-05 9.9946E-05 0.322438 9.9946E-05 0.259076
0.577888 9.9937E-05 9.9937E-05 9.9937E-05 9.9937E-05 0.337696 9.9937E-05 0.083716 9.9937E-05 9.9937E-05
0.18745 0.131585 9.9955E-05 9.9955E-05 9.9955E-05 0.668134 9.9955E-05 0.00171894 9.9955E-05 0.010612
0.200464 0.114807 9.99549E-05 9.99549E-05 9.99549E-05 0.584555 0.0148488 9.99549E-05 9.99549E-05 0.0848249
9.9955E-05 9.9955E-05 0.0249193 9.9955E-05 0.0605637 0.844562 9.9955E-05 0.0228042 9.9955E-05 0.0466508
9.9955E-05 0.0325236 9.9955E-05 0.0911124 0.0142163 0.70448 9.9955E-05 9.9955E-05 0.157168 9.9955E-05
9.9928E-05 9.9928E-05 9.9928E-05 9.9928E-05 9.9928E-05 0.927477 9.9928E-05 9.9928E-05 0.071724 9.9928E-05
0.329041 0.120127 9.99549E-05 9.99549E-05 9.99549E-05 0.297642 9.99549E-05 0.0687469 0.183943 9.99549E-05
0.475721 0.225056 9.995E-05 0.00387547 9.995E-05 0.196943 9.995E-05 9.995E-05 0.0979045 9.995E-05
0.999101 9.99201E-05 9.99201E-05 9.99201E-05 9.99201E-05 9.99201E-05 9.99201E-05 9.99201E-05 9.99201E-05 9.99201E-05
0.118472 0.0254982 9.996E-05 0.061514 9.996E-05 0.443326 9.996E-05 0.00346019 0.34733 9.996E-05
9.99201E-05 9.99201E-05 9.99201E-05 9.99201E-05 9.99201E-05 9.99201E-05 9.99201E-05 9.99201E-05 0.999101 9.99201E-05
9.99371E-05 9.99371E-05 0.0191688 9.99371E-05 9.99371E-05 0.41044 9.99371E-05 9.99371E-05 0.569692 9.99371E-05
0.00670726 9.9937E-05 9.9937E-05 9.9937E-05 9.9937E-05 9.9937E-05 9.9937E-05 9.9937E-05 0.965229 0.0273641
