9.99369E-05 9.99369E-05 9.99369E-05 0.644424 9.99369E-05 0.101039 9.99369E-05 0.253837 9.99369E-05 9.99369E-05
9.9964E-05 9.9964E-05 0.0867666 0.318982 9.9964E-05 0.28301 0.0898836 0.0514341 9.9964E-05 0.169524
9.9955E-05 9.9955E-05 9.9955E-05 0.419299 9.9955E-05 0.151806 0.0442521 0.28588 0.0982626 9.9955E-05
0.00785409 0.0755558 0.0170491 0.198456 0.00542279 0.0804381 9.9982E-05 9.9982E-05 0.519977 0.0950477
9.9937E-05 9.9937E-05 9.9937E-05 0.223652 9.9937E-05 9.9937E-05 9.9937E-05 0.591061 0.184588 9.9937E-05
9.9955E-05 0.031765 9.9955E-05 0.410789 9.9955E-05 0.0429839 9.9955E-05 0.109358 0.404604 9.9955E-05
9.9946E-05 9.9946E-05 0.798989 9.9946E-05 9.9946E-05 0.0417757 0.145309 9.9946E-05 9.9946E-05 0.0133264
9.9955E-05 0.117951 0.642453 9.9955E-05 9.9955E-05 9.9955E-05 0.0759177 0.154716 9.9955E-05 0.00846286
0.102123 9.9946E-05 0.843977 0.00361 9.9946E-05 9.9946E-05 9.9946E-05 9.9946E-05 0.0496901 9.9946E-05
0.0631755 0.0360365 0.886624 0.0135639 9.9946E-05 9.9946E-05 9.9946E-05 9.9946E-05 9.9946E-05 9.9946E-05
9.9946E-05 9.9946E-05 0.831007 0.00351298 9.9946E-05 9.9946E-05 0.135641 9.9946E-05 9.9946E-05 0.0292392
0.0227086 9.99549E-05 0.368295 0.018183 9.99549E-05 9.99549E-05 0.54972 0.0405933 9.99549E-05 9.99549E-05
9.9937E-05 9.9937E-05 0.587064 9.9937E-05 0.302912 9.9937E-05 0.109324 9.9937E-05 9.9937E-05 9.9937E-05
9.9928E-05 9.9928E-05 0.774169 9.9928E-05 0.225032 9.9928E-05 9.9928E-05 9.9928E-05 9.9928E-05 9.9928E-05
9.9946E-05 9.9946E-05 0.866312 0.0210516 0.03203 0.0800064 9.9946E-05 9.9946E-05 9.9946E-05 9.9946E-05
9.99371E-05 9.99371E-05 0.690146 9.99371E-05 9.99371E-05 9.99371E-05 0.243699 9.99371E-05 9.99371E-05 0.0654557
9.9946E-05 0.559202 9.9946E-05 9.9946E-05 9.9946E-05 9.9946E-05 0.0862528 0.3502 9.9946E-05 0.00374538
0.0233356 0.594466 0.0348841 9.9973E-05 9.9973E-05 0.306229 0.00663058 0.00797131 9.9973E-05 0.026184
9.9955E-05 0.380712 9.9955E-05 0.331742 0.0500145 0.0500562 9.9955E-05 9.9955E-05 0.186976 9.9955E-05
9.9946E-05 0.641871 9.9946E-05 9.9946E-05 0.0290982 9.9946E-05 9.9946E-05 0.0401361 0.288295 9.9946E-05
9.99549E-05 0.523603 0.0582578 9.99549E-05 9.99549E-05 0.234566 9.99549E-05 0.182735 0.000338708 9.99549E-05
9.9946E-05 0.755746 0.0333882 9.9946E-05 9.9946E-05 0.0778559 9.9946E-05 9.9946E-05 0.132411 9.9946E-05
9.9955E-05 0.0585954 9.9955E-05 0.562988 9.9955E-05 9.9955E-05 0.208183 0.154283 9.9955E-05 0.0154521
9.9955E-05 0.00158773 9.9955E-05 0.639228 0.0300984 9.9955E-05 9.9955E-05 0.240463 9.9955E-05 0.0881223
9.99461E-05 0.0400682 9.99461E-05 0.819045 0.0447878 9.99461E-05 9.99461E-05 0.0954996 9.99461E-05 9.99461E-05
9.9946E-05 0.382416 9.9946E-05 0.282143 9.9946E-05 9.9946E-05 9.9946E-05 9.9946E-05 0.180102 0.154739
9.9946E-05 0.546344 9.9946E-05 9.9946E-05 0.0865913 9.9946E-05 0.0143105 0.352154 9.9946E-05 9.9946E-05
9.9955E-05 0.302212 9.9955E-05 0.125058 0.0619361 9.9955E-05 9.9955E-05 0.361547 0.148747 9.9955E-05
9.9955E-05 0.190822 0.104064 9.9955E-05 9.9955E-05 0.214329 9.9955E-05 0.360013 9.9955E-05 0.130273
9.99461E-05 0.250716 0.154916 9.99461E-05 9.99461E-05 0.304049 9.99461E-05 0.289718 9.99461E-05 9.99461E-05
9.9946E-05 0.255716 9.9946E-05 9.9946E-05 9.9946E-05 0.274145 0.282778 9.9946E-05 0.18676 9.9946E-05
9.99549E-05 0.272571 9.99549E-05 9.99549E-05 9.99549E-05 0.0840768 0.139768 0.257667 0.245418 9.99549E-05
9.9964E-05 0.392338 9.9964E-05 9.9964E-05 9.9964E-05 0.0594263 0.00267094 0.0822606 0.424051 0.0388533
9.9946E-05 0.00931632 0.0346967 0.947296 0.00809162 9.9946E-05 9.9946E-05 9.9946E-05 9.9946E-05 9.9946E-05
9.99369E-05 9.99369E-05 9.99369E-05 0.738729 9.99369E-05 0.062496 0.198075 9.99369E-05 9.99369E-05 9.99369E-05
9.9964E-05 0.476932 9.9964E-05 0.137794 9.9964E-05 9.9964E-05 0.115102 0.199242 0.0632394 0.00729109
9.9964E-05 0.0974842 9.9964E-05 0.261117 0.217333 0.103082 0.26174 9.9964E-05 0.0588439 9.9964E-05
9.995E-05 0.278823 9.995E-05 0.400645 0.0538393 9.995E-05 0.123716 0.142477 9.995E-05 9.995E-05
9.9955E-05 0.118762 9.9955E-05 0.504909 0.115414 0.258428 9.9955E-05 9.9955E-05 9.9955E-05 0.0019864
0.0262429 0.59331 9.9946E-05 0.156654 9.9946E-05 9.9946E-05 9.9946E-05 9.9946E-05 0.223194 9.9946E-05
9.9955E-05 0.042439 9.9955E-05 0.15246 9.9955E-05 0.0369511 9.9955E-05 9.9955E-05 0.285059 0.482591
9.9964E-05 0.17658 9.9964E-05 9.9964E-05 0.10381 0.0231219 9.9964E-05 0.055549 0.410807 0.229732
9.99639E-05 0.0631985 9.99639E-05 0.157151 0.155166 0.166813 9.99639E-05 0.0233229 0.433948 9.99639E-05
0.032464 9.9955E-05 9.9955E-05 0.100211 0.112278 9.9955E-05 9.9955E-05 9.9955E-05 0.233933 0.520613
9.9955E-05 0.186636 0.0271323 0.172428 9.9955E-05 9.9955E-05 9.9955E-05 9.9955E-05 0.420468 0.192836
9.9955E-05 0.131499 9.9955E-05 0.370189 0.0105708 0.127988 9.9955E-05 9.9955E-05 0.359253 9.9955E-05
0.0768409 0.656913 9.9946E-05 9.9946E-05 9.9946E-05 0.202923 0.0627227 9.9946E-05 9.9946E-05 9.9946E-05
9.99459E-05 0.282595 9.99459E-05 9.99459E-05 9.99459E-05 0.511101 0.153524 9.99459E-05 9.99459E-05 0.0521807
9.9937E-05 0.190365 9.9937E-05 9.9937E-05 9.9937E-05 0.773118 0.0358183 9.9937E-05 9.9937E-05 9.9937E-05
9.9946E-05 0.099681 9.9946E-05 0.106036 9.9946E-05 0.751216 9.9946E-05 0.0424672 9.9946E-05 9.9946E-05
0.0192167 0.425804 0.0408653 9.99459E-05 9.99459E-05 0.513514 9.99459E-05 9.99459E-05 9.99459E-05 9.99459E-05
0.0314315 0.433347 0.0850141 0.0785358 9.9955E-05 9.9955E-05 9.9955E-05 9.9955E-05 9.9955E-05 0.371172
0.0904665 0.724776 9.9955E-05 0.00757432 9.9955E-05 0.154609 9.9955E-05 9.9955E-05 9.9955E-05 0.0220748
9.9946E-05 0.532764 9.9946E-05 0.0751928 0.0552327 9.9946E-05 9.9946E-05 9.9946E-05 9.9946E-05 0.336211
9.99459E-05 0.559299 0.0233998 0.0609788 9.99459E-05 9.99459E-05 9.99459E-05 9.99459E-05 9.99459E-05 0.355723
9.9955E-05 0.594187 9.9955E-05 0.0348284 0.0625643 9.9955E-05 9.9955E-05 0.080283 0.227637 9.9955E-05
0.441579 9.9955E-05 0.184004 0.296657 9.9955E-05 9.9955E-05 0.0757958 9.9955E-05 9.9955E-05 0.00146424
0.176192 9.9946E-05 0.388771 0.188302 0.246135 9.9946E-05 9.9946E-05 9.9946E-05 9.9946E-05 9.9946E-05
0.418077 9.9937E-05 9.9937E-05 9.9937E-05 0.531313 9.9937E-05 9.9937E-05 0.0499106 9.9937E-05 9.9937E-05
0.693887 0.0956765 0.122104 9.9955E-05 9.9955E-05 9.9955E-05 0.00746443 9.9955E-05 9.9955E-05 0.0803684
0.731959 9.9955E-05 0.040287 9.9955E-05 0.0808676 9.9955E-05 0.14174 9.9955E-05 0.00464626 9.9955E-05
0.83168 0.119525 9.9937E-05 9.9937E-05 9.9937E-05 9.9937E-05 0.0480954 9.9937E-05 9.9937E-05 9.9937E-05
9.99369E-05 9.99369E-05 0.0205376 9.99369E-05 9.99369E-05 0.177033 0.80173 9.99369E-05 9.99369E-05 9.99369E-05
9.99459E-05 0.0472752 9.99459E-05 9.99459E-05 0.110264 9.99459E-05 0.798092 9.99459E-05 0.0437687 9.99459E-05
0.200313 9.99459E-05 0.401304 9.99459E-05 9.99459E-05 9.99459E-05 0.294704 9.99459E-05 0.10308 9.99459E-05
0.344851 9.9937E-05 0.633397 0.0210529 9.9937E-05 9.9937E-05 9.9937E-05 9.9937E-05 9.9937E-05 9.9937E-05
0.0826982 9.9964E-05 0.249753 0.120844 0.216248 0.0826534 0.247404 9.9964E-05 9.9964E-05 9.9964E-05
9.99371E-05 9.99371E-05 0.201424 0.103214 0.694662 9.99371E-05 9.99371E-05 9.99371E-05 9.99371E-05 9.99371E-05
9.9946E-05 9.9946E-05 0.0469319 0.0990128 0.226796 9.9946E-05 0.62666 9.9946E-05 9.9946E-05 9.9946E-05
0.206967 9.9955E-05 0.119284 0.0744126 0.248216 9.9955E-05 0.35062 9.9955E-05 9.9955E-05 9.9955E-05
9.9955E-05 9.9955E-05 0.0748395 0.172404 0.0804895 9.9955E-05 0.650559 0.021209 9.9955E-05 9.9955E-05
0.158371 9.9964E-05 0.140855 0.0583745 0.339357 9.9964E-05 0.272681 0.0299615 9.9964E-05 9.9964E-05
0.152952 9.9937E-05 9.9937E-05 9.9937E-05 9.9937E-05 9.9937E-05 0.814017 0.0323311 9.9937E-05 9.9937E-05
0.339031 0.0991891 9.9946E-05 9.9946E-05 0.371652 9.9946E-05 0.189528 9.9946E-05 9.9946E-05 9.9946E-05
9.9937E-05 0.137192 9.9937E-05 9.9937E-05 0.707546 9.9937E-05 0.154562 9.9937E-05 9.9937E-05 9.9937E-05
0.632601 0.0365107 9.9955E-05 9.9955E-05 0.205161 0.0349315 0.090296 9.9955E-05 9.9955E-05 9.9955E-05
0.282441 9.99459E-05 9.99459E-05 9.99459E-05 0.298103 9.99459E-05 0.343171 9.99459E-05 0.0756851 9.99459E-05
0.569442 9.9937E-05 9.9937E-05 9.9937E-05 0.414863 9.9937E-05 9.9937E-05 9.9937E-05 0.0149948 9.9937E-05
0.596029 9.9946E-05 0.232064 0.0223603 0.148946 9.9946E-05 9.9946E-05 9.9946E-05 9.9946E-05 9.9946E-05
0.319911 0.0865177 0.0682085 9.9946E-05 9.9946E-05 9.9946E-05 0.524763 9.9946E-05 9.9946E-05 9.9946E-05
0.844067 9.99551E-05 9.99551E-05 0.0550403 0.0525573 0.0340955 9.99551E-05 9.99551E-05 0.0137406 9.99551E-05
9.99551E-05 0.0332397 9.99551E-05 0.101667 0.0338708 0.0100095 9.99551E-05 0.820713 9.99551E-05 9.99551E-05
9.9946E-05 0.0389279 9.9946E-05 9.9946E-05 0.0684678 9.9946E-05 9.9946E-05 0.0206277 9.9946E-05 0.871377
0.00799704 9.9955E-05 9.9955E-05 9.9955E-05 0.0735801 9.9955E-05 9.9955E-05 0.140208 0.00465145 0.773064
9.9955E-05 9.9955E-05 0.0173066 9.9955E-05 0.0808425 0.1016 9.9955E-05 0.781974 0.0177766 9.9955E-05
9.99459E-05 0.0140885 0.0808969 9.99459E-05 9.99459E-05 0.341521 9.99459E-05 0.562894 9.99459E-05 9.99459E-05
9.99281E-05 9.99281E-05 9.99281E-05 9.99281E-05 9.99281E-05 0.994521 9.99281E-05 9.99281E-05 9.99281E-05 0.00467998
9.99461E-05 9.99461E-05 9.99461E-05 9.99461E-05 9.99461E-05 0.214347 0.0573657 9.99461E-05 0.599126 0.128562
9.9955E-05 9.9955E-05 0.0377638 0.136881 9.9955E-05 0.262302 9.9955E-05 9.9955E-05 0.389178 0.173376
9.9955E-05 9.9955E-05 9.9955E-05 9.9955E-05 9.9955E-05 0.121579 0.00530738 0.255008 0.593545 0.0240611
9.99459E-05 9.99459E-05 9.99459E-05 9.99459E-05 9.99459E-05 0.286572 9.99459E-05 0.284457 0.261546 0.166826
0.0434369 9.9955E-05 9.9955E-05 9.9955E-05 0.00782817 9.9955E-05 0.00151057 0.0949006 0.851824 9.9955E-05
9.9946E-05 0.00453614 9.9946E-05 0.0134941 0.0213565 9.9946E-05 9.9946E-05 9.9946E-05 0.960014 9.9946E-05
9.99459E-05 9.99459E-05 0.039539 0.149989 9.99459E-05 9.99459E-05 9.99459E-05 0.332187 0.477685 9.99459E-05
0.0217139 0.0363335 9.9973E-05 0.0238942 9.9973E-05 0.0678975 0.0211452 0.176054 0.652662 9.9973E-05
0.00211541 9.99459E-05 0.0233232 9.99459E-05 9.99459E-05 0.44088 9.99459E-05 9.99459E-05 0.533081 9.99459E-05
0.0304566 0.0498761 9.99549E-05 0.0931187 9.99549E-05 0.140375 9.99549E-05 9.99549E-05 0.685674 9.99549E-05
9.9937E-05 9.9937E-05 0.0726269 9.9937E-05 9.9937E-05 9.9937E-05 9.9937E-05 0.187321 0.739352 9.9937E-05
9.9946E-05 0.078419 9.9946E-05 9.9946E-05 9.9946E-05 9.9946E-05 0.0155367 0.281422 0.624023 9.9946E-05
9.99549E-05 9.99549E-05 0.0362782 0.0853574 9.99549E-05 9.99549E-05 9.99549E-05 0.132196 0.599641 0.146027
9.99639E-05 0.09639 0.022192 0.0108568 9.99639E-05 0.259576 9.99639E-05 0.381796 9.99639E-05 0.22879
9.9946E-05 9.9946E-05 9.9946E-05 0.0856845 9.9946E-05 0.0771405 9.9946E-05 0.539496 9.9946E-05 0.297079
9.9955E-05 0.0602581 9.9955E-05 0.0134187 9.9955E-05 0.0494648 9.9955E-05 0.389802 9.9955E-05 0.486557
9.9955E-05 0.0518819 9.9955E-05 9.9955E-05 9.9955E-05 0.00855345 9.9955E-05 0.411293 0.0166277 0.511144
0.0526948 9.99459E-05 9.99459E-05 9.99459E-05 9.99459E-05 0.250484 0.00773703 0.688484 9.99459E-05 9.99459E-05
9.99371E-05 0.0888458 9.99371E-05 0.0622443 9.99371E-05 9.99371E-05 9.99371E-05 0.84821 9.99371E-05 9.99371E-05
9.9946E-05 0.130819 9.9946E-05 0.140193 9.9946E-05 0.0476602 9.9946E-05 0.680728 9.9946E-05 9.9946E-05
9.99461E-05 0.0401885 0.0491653 9.99461E-05 9.99461E-05 0.0188466 9.99461E-05 0.8912 9.99461E-05 9.99461E-05
0.0323949 9.9964E-05 9.9964E-05 0.00866303 0.0236053 0.0762164 0.00295778 0.855763 9.9964E-05 9.9964E-05
9.9946E-05 9.9946E-05 9.9946E-05 0.0287936 9.9946E-05 9.9946E-05 0.0104212 0.771462 0.188724 9.9946E-05
9.9955E-05 0.00930978 9.9955E-05 0.136226 0.00435719 9.9955E-05 9.9955E-05 0.832957 0.01665 9.9955E-05
9.9937E-05 9.9937E-05 9.9937E-05 0.0660303 9.9937E-05 9.9937E-05 9.9937E-05 0.832421 9.9937E-05 0.100849
9.99639E-05 0.0438604 9.99639E-05 0.0935424 9.99639E-05 0.146745 9.99639E-05 0.377311 0.137914 0.200228
0.0262838 0.156344 9.9964E-05 9.9964E-05 9.9964E-05 0.0232288 9.9964E-05 0.385901 0.139375 0.268467
9.9955E-05 9.9955E-05 9.9955E-05 0.136209 9.9955E-05 0.121189 9.9955E-05 0.578426 0.081468 0.0822085
9.99641E-05 9.99641E-05 9.99641E-05 0.058986 9.99641E-05 0.077304 0.0206967 0.701946 0.125276 0.0153921
9.99461E-05 9.99461E-05 9.99461E-05 9.99461E-05 9.99461E-05 0.119786 9.99461E-05 0.744688 0.0679058 0.0670206
9.99371E-05 0.0133468 9.99371E-05 9.99371E-05 9.99371E-05 9.99371E-05 9.99371E-05 0.88733 9.99371E-05 0.0986242
9.99459E-05 9.99459E-05 9.99459E-05 9.99459E-05 9.99459E-05 0.187508 9.99459E-05 0.641948 0.167397 0.00254785
9.9946E-05 9.9946E-05 9.9946E-05 0.217471 9.9946E-05 9.9946E-05 0.005019 0.200217 9.9946E-05 0.576693
9.9946E-05 9.9946E-05 9.9946E-05 9.9946E-05 9.9946E-05 9.9946E-05 0.0585269 0.22014 0.0916001 0.629133
9.99461E-05 9.99461E-05 9.99461E-05 9.99461E-05 9.99461E-05 9.99461E-05 0.0630878 0.572118 0.027739 0.336456
9.9946E-05 9.9946E-05 9.9946E-05 0.0119758 9.9946E-05 9.9946E-05 9.9946E-05 0.741781 0.142829 0.102815
9.9955E-05 9.9955E-05 9.9955E-05 9.9955E-05 0.0181356 9.9955E-05 0.106244 0.642735 0.183151 0.0492354
0.025539 9.9955E-05 9.9955E-05 0.109648 9.9955E-05 9.9955E-05 9.9955E-05 0.664746 0.0895565 0.11001
9.9946E-05 9.9946E-05 9.9946E-05 9.9946E-05 9.9946E-05 9.9946E-05 0.0419853 0.77739 0.0950556 0.0849691
0.173897 9.9946E-05 0.0690727 0.177115 9.9946E-05 9.9946E-05 9.9946E-05 0.579316 9.9946E-05 9.9946E-05
0.38091 9.9937E-05 9.9937E-05 9.9937E-05 9.9937E-05 9.9937E-05 0.0304619 0.587928 9.9937E-05 9.9937E-05
9.9937E-05 9.9937E-05 9.9937E-05 9.9937E-05 9.9937E-05 0.129989 9.9937E-05 0.742573 9.9937E-05 0.126739
9.99369E-05 9.99369E-05 9.99369E-05 9.99369E-05 9.99369E-05 0.100395 9.99369E-05 0.253835 9.99369E-05 0.645071
9.9964E-05 9.9964E-05 0.00218554 0.173413 9.9964E-05 0.0704096 9.9964E-05 0.413296 0.014482 0.325814
9.9946E-05 9.9946E-05 9.9946E-05 0.142237 9.9946E-05 9.9946E-05 9.9946E-05 0.346751 0.0501765 0.460236
9.9955E-05 0.0411066 9.9955E-05 0.00116908 9.9955E-05 0.0816004 9.9955E-05 0.0705867 9.9955E-05 0.805038
9.9946E-05 9.9946E-05 0.00932995 9.9946E-05 9.9946E-05 0.0973717 9.9946E-05 0.820247 9.9946E-05 0.0724517
9.9955E-05 9.9955E-05 0.0228365 0.0349664 9.9955E-05 9.9955E-05 9.9955E-05 0.268335 0.075473 0.59789
9.9937E-05 9.9937E-05 9.9937E-05 9.9937E-05 9.9937E-05 9.9937E-05 9.9937E-05 0.599551 0.120397 0.279352
9.9964E-05 0.00942397 9.9964E-05 0.0687756 9.9964E-05 0.154855 9.9964E-05 0.422265 0.0858487 0.258432
9.9946E-05 9.9946E-05 9.9946E-05 9.9946E-05 9.9946E-05 0.0591147 0.0372152 0.510863 9.9946E-05 0.392207
0.236884 9.9937E-05 9.9937E-05 9.9937E-05 9.9937E-05 9.9937E-05 0.643457 9.9937E-05 9.9937E-05 0.11896
0.650332 9.9946E-05 0.120686 0.032474 9.9946E-05 9.9946E-05 0.195908 9.9946E-05 9.9946E-05 9.9946E-05
0.529731 0.00386978 0.12094 9.9955E-05 9.9955E-05 0.0432125 0.301747 9.9955E-05 9.9955E-05 9.9955E-05
0.810048 9.9955E-05 9.9955E-05 9.9955E-05 0.0391958 0.0747925 9.9955E-05 9.9955E-05 0.0291378 0.0463262
0.715136 9.9973E-05 0.0118779 9.9973E-05 0.154238 0.0206829 9.9973E-05 0.0309068 0.0587242 0.00813476
0.878053 9.9928E-05 9.9928E-05 9.9928E-05 0.121148 9.9928E-05 9.9928E-05 9.9928E-05 9.9928E-05 9.9928E-05
0.136996 9.9955E-05 0.365634 9.9955E-05 0.208176 9.9955E-05 0.227823 9.9955E-05 9.9955E-05 0.0608723
0.11421 9.9955E-05 0.253515 9.9955E-05 0.0712409 9.9955E-05 0.542167 0.0183667 9.9955E-05 9.9955E-05
9.99282E-05 9.99282E-05 9.99282E-05 9.99282E-05 9.99282E-05 0.175861 0.82334 9.99282E-05 9.99282E-05 9.99282E-05
0.348802 9.99549E-05 0.149688 9.99549E-05 0.336576 9.99549E-05 0.0767411 0.0876927 9.99549E-05 9.99549E-05
9.99201E-05 9.99201E-05 9.99201E-05 9.99201E-05 0.999101 9.99201E-05 9.99201E-05 9.99201E-05 9.99201E-05 9.99201E-05
0.337908 9.9928E-05 9.9928E-05 9.9928E-05 0.661293 9.9928E-05 9.9928E-05 9.9928E-05 9.9928E-05 9.9928E-05
9.9937E-05 9.9937E-05 0.0715563 9.9937E-05 0.893009 9.9937E-05 9.9937E-05 0.0347354 9.9937E-05 9.9937E-05
