9.99459E-05 9.99459E-05 0.0459619 9.99459E-05 0.285762 9.99459E-05 9.99459E-05 0.577511 0.090165 9.99459E-05
0.222327 0.0456044 0.0805097 9.9973E-05 0.05691 9.9973E-05 0.140464 0.232978 0.220908 9.9973E-05
9.9955E-05 9.9955E-05 0.17551 9.9955E-05 0.300828 9.9955E-05 0.0177548 0.36852 0.136887 9.9955E-05
0.15215 0.0388845 0.595942 0.031185 9.9964E-05 9.9964E-05 9.9964E-05 0.145266 0.0361727 9.9964E-05
9.9946E-05 9.9946E-05 0.151178 9.9946E-05 0.639363 9.9946E-05 9.9946E-05 0.19223 9.9946E-05 0.0166288
9.9946E-05 9.9946E-05 0.435722 0.0345638 0.140673 9.9946E-05 9.9946E-05 0.388441 9.9946E-05 9.9946E-05
0.0306835 0.790459 9.9955E-05 0.0399123 9.9955E-05 9.9955E-05 0.0993693 9.9955E-05 0.0390761 9.9955E-05
0.0323309 0.55737 9.9964E-05 0.154926 0.0934203 9.9964E-05 0.125322 9.9964E-05 9.9964E-05 0.0362313
9.9955E-05 0.847685 0.0704214 9.9955E-05 9.9955E-05 0.0685839 9.9955E-05 0.00321246 0.00959759 9.9955E-05
9.9937E-05 0.832126 9.9937E-05 0.091023 9.9937E-05 0.0761518 9.9937E-05 9.9937E-05 9.9937E-05 9.9937E-05
0.0402841 0.761831 9.99459E-05 9.99459E-05 9.99459E-05 9.99459E-05 0.163627 0.0336583 9.99459E-05 9.99459E-05
9.99549E-05 0.329793 9.99549E-05 0.0218338 0.0399933 0.0445231 0.563357 9.99549E-05 9.99549E-05 9.99549E-05
9.9937E-05 0.587701 9.9937E-05 9.9937E-05 9.9937E-05 9.9937E-05 0.127018 9.9937E-05 9.9937E-05 0.284582
9.9937E-05 0.757 9.9937E-05 0.0655816 9.9937E-05 9.9937E-05 9.9937E-05 9.9937E-05 9.9937E-05 0.176719
9.9973E-05 0.854055 0.00695379 9.9973E-05 0.0114539 0.00261299 0.0342238 0.0447731 0.0456278 9.9973E-05
0.0861772 0.692265 9.99371E-05 9.99371E-05 9.99371E-05 9.99371E-05 0.220858 9.99371E-05 9.99371E-05 9.99371E-05
0.0189774 9.9946E-05 9.9946E-05 0.577199 0.335233 9.9946E-05 0.0679913 9.9946E-05 9.9946E-05 9.9946E-05
9.9955E-05 0.00160018 9.9955E-05 0.505126 9.9955E-05 9.9955E-05 0.0417832 9.9955E-05 0.427998 0.0229929
9.9955E-05 9.9955E-05 0.117425 0.347245 9.9955E-05 9.9955E-05 9.9955E-05 0.373625 0.115864 0.0453404
9.9946E-05 9.9946E-05 0.178666 0.714924 0.0669299 9.9946E-05 9.9946E-05 9.9946E-05 9.9946E-05 0.0388805
9.99549E-05 0.028989 0.0184867 0.467254 0.157295 9.99549E-05 9.99549E-05 9.99549E-05 0.327475 9.99549E-05
9.9937E-05 9.9937E-05 0.0740798 0.756459 9.9937E-05 9.9937E-05 9.9937E-05 9.9937E-05 0.168762 9.9937E-05
0.0337102 9.9955E-05 9.9955E-05 9.9955E-05 0.126428 9.9955E-05 0.179565 0.652083 0.00771278 9.9955E-05
0.0553254 9.9946E-05 9.9946E-05 9.9946E-05 0.231392 9.9946E-05 9.9946E-05 0.669075 9.9946E-05 0.0436075
9.9955E-05 9.9955E-05 0.00716687 0.11644 0.116317 9.9955E-05 9.9955E-05 0.733344 9.9955E-05 0.0262313
0.155992 9.9946E-05 0.264794 0.411784 9.9946E-05 9.9946E-05 9.9946E-05 0.16683 9.9946E-05 9.9946E-05
9.995E-05 9.995E-05 9.995E-05 0.575594 0.353733 9.995E-05 9.995E-05 0.00971346 9.995E-05 0.0603596
9.9964E-05 0.0174511 0.0884992 0.377831 0.385396 9.9964E-05 9.9964E-05 0.0696623 9.9964E-05 0.0607606
0.195596 0.0720163 9.9955E-05 0.22609 0.321564 9.9955E-05 9.9955E-05 9.9955E-05 0.184234 9.9955E-05
9.99461E-05 0.132948 9.99461E-05 0.199163 0.301972 9.99461E-05 9.99461E-05 9.99461E-05 0.365318 9.99461E-05
9.9946E-05 9.9946E-05 0.283225 0.0926087 9.9946E-05 9.9946E-05 0.328801 9.9946E-05 0.294766 9.9946E-05
9.99549E-05 9.99549E-05 0.274026 0.210436 0.249353 9.99549E-05 0.189533 9.99549E-05 0.0761527 9.99549E-05
0.00900684 9.9964E-05 0.469883 0.306074 0.0958992 9.9964E-05 0.0291173 9.9964E-05 0.0896196 9.9964E-05
9.9937E-05 0.0188661 9.9937E-05 0.0737911 9.9937E-05 9.9937E-05 9.9937E-05 0.906643 9.9937E-05 9.9937E-05
9.9937E-05 9.9937E-05 9.9937E-05 9.9937E-05 9.9937E-05 9.9937E-05 0.253739 0.733129 0.0124329 9.9937E-05
9.9955E-05 9.9955E-05 0.13259 0.508513 0.168555 9.9955E-05 0.0737601 0.116082 9.9955E-05 9.9955E-05
9.99549E-05 9.99549E-05 0.0500054 9.99549E-05 9.99549E-05 9.99549E-05 0.250551 0.366795 0.0748819 0.257267
9.9955E-05 9.9955E-05 0.0443753 0.192337 0.0646119 9.9955E-05 9.9955E-05 0.573518 9.9955E-05 0.124659
0.0500758 9.9955E-05 9.9955E-05 0.13936 9.9955E-05 9.9955E-05 9.9955E-05 0.519381 0.19713 0.0935526
9.9955E-05 0.0205061 0.24617 0.542769 9.9955E-05 0.00638573 9.9955E-05 0.18367 9.9955E-05 9.9955E-05
0.558135 9.99371E-05 0.338496 0.102669 9.99371E-05 9.99371E-05 9.99371E-05 9.99371E-05 9.99371E-05 9.99371E-05
0.240345 9.9964E-05 0.490214 0.140351 0.0177698 9.9964E-05 9.9964E-05 9.9964E-05 0.0129521 0.0979678
9.99549E-05 9.99549E-05 0.528903 0.0133232 9.99549E-05 9.99549E-05 9.99549E-05 0.101569 0.203108 0.152597
0.537329 9.9964E-05 0.215625 0.0125734 9.9964E-05 0.00340401 9.9964E-05 0.0719254 9.9964E-05 0.158744
0.174069 0.0476529 0.520739 0.256939 9.99461E-05 9.99461E-05 9.99461E-05 9.99461E-05 9.99461E-05 9.99461E-05
0.00707069 9.9964E-05 0.5325 0.218404 9.9964E-05 0.0126769 9.9964E-05 0.170405 0.0585433 9.9964E-05
9.9946E-05 9.9946E-05 9.9946E-05 0.585467 9.9946E-05 0.0303561 0.0785413 9.9946E-05 0.305036 9.9946E-05
0.0247211 9.99459E-05 9.99459E-05 0.196595 9.99459E-05 9.99459E-05 0.176072 9.99459E-05 0.602013 9.99459E-05
9.9937E-05 9.9937E-05 9.9937E-05 0.0785663 9.9937E-05 9.9937E-05 0.0625084 9.9937E-05 0.858226 9.9937E-05
0.124544 9.9946E-05 9.9946E-05 0.0943169 9.9946E-05 9.9946E-05 9.9946E-05 0.101866 0.678674 9.9946E-05
9.99549E-05 0.0314123 9.99549E-05 0.386224 9.99549E-05 0.00333894 9.99549E-05 9.99549E-05 0.576117 0.00240756
0.373662 0.0985043 9.9955E-05 0.430842 9.9955E-05 9.9955E-05 9.9955E-05 0.0753872 0.0211046 9.9955E-05
9.9955E-05 9.9955E-05 9.9955E-05 0.550801 0.0357758 0.0976168 9.9955E-05 0.0858719 0.229434 9.9955E-05
0.348416 9.99371E-05 9.99371E-05 0.641863 9.99371E-05 9.99371E-05 0.00902232 9.99371E-05 9.99371E-05 9.99371E-05
0.359182 9.99279E-05 9.99279E-05 0.640019 9.99279E-05 9.99279E-05 9.99279E-05 9.99279E-05 9.99279E-05 9.99279E-05
9.9946E-05 9.9946E-05 0.239943 0.643807 0.0903799 9.9946E-05 9.9946E-05 9.9946E-05 9.9946E-05 0.0252711
0.0131578 0.242562 9.9946E-05 9.9946E-05 9.9946E-05 0.460057 9.9946E-05 0.283624 9.9946E-05 9.9946E-05
9.9955E-05 0.458878 9.9955E-05 9.9955E-05 0.0301087 0.0770961 9.9955E-05 0.176983 9.9955E-05 0.256435
0.010642 9.9946E-05 9.9946E-05 9.9946E-05 9.9946E-05 0.410098 9.9946E-05 0.00365002 9.9946E-05 0.575011
0.0300138 0.157544 9.9955E-05 0.0766319 9.9955E-05 0.721681 9.9955E-05 0.0136288 9.9955E-05 9.9955E-05
0.00484799 0.112018 9.9955E-05 9.9955E-05 9.9955E-05 0.798143 0.0654336 9.9955E-05 9.9955E-05 0.019058
9.9946E-05 9.9946E-05 9.9946E-05 0.0988208 0.00949788 0.861521 0.0295607 9.9946E-05 9.9946E-05 9.9946E-05
9.99369E-05 0.0303172 9.99369E-05 9.99369E-05 9.99369E-05 9.99369E-05 0.806429 9.99369E-05 0.162554 9.99369E-05
9.99459E-05 9.99459E-05 9.99459E-05 0.0615635 0.00878571 9.99459E-05 0.800842 9.99459E-05 9.99459E-05 0.128209
9.9946E-05 0.479609 0.0568842 9.9946E-05 9.9946E-05 0.212819 0.250088 9.9946E-05 9.9946E-05 9.9946E-05
9.9937E-05 0.651978 9.9937E-05 9.9937E-05 9.9937E-05 0.300827 9.9937E-05 0.0464954 9.9937E-05 9.9937E-05
9.9982E-05 0.308734 0.0222179 0.0927968 0.0106787 0.06895 0.26241 0.0420808 9.9982E-05 0.191932
9.99371E-05 0.329305 9.99371E-05 9.99371E-05 9.99371E-05 9.99371E-05 9.99371E-05 0.12057 9.99371E-05 0.549425
9.9946E-05 0.170567 9.9946E-05 9.9946E-05 9.9946E-05 9.9946E-05 0.50854 0.103969 9.9946E-05 0.216325
9.9964E-05 0.0972346 9.9964E-05 0.0139012 9.9964E-05 0.303238 0.345251 0.0393859 9.9964E-05 0.200589
9.9946E-05 0.195223 9.9946E-05 9.9946E-05 9.9946E-05 9.9946E-05 0.547847 0.171095 9.9946E-05 0.0852355
9.9955E-05 0.0670054 9.9955E-05 9.9955E-05 9.9955E-05 0.294533 0.245398 0.110482 9.9955E-05 0.282082
9.9946E-05 0.0198847 9.9946E-05 9.9946E-05 0.0139981 0.168987 0.796531 9.9946E-05 9.9946E-05 9.9946E-05
9.9955E-05 9.9955E-05 9.9955E-05 0.0687233 0.00569121 0.314118 0.183212 9.9955E-05 9.9955E-05 0.427756
9.9955E-05 9.9955E-05 9.9955E-05 0.0148072 0.0140313 9.9955E-05 0.151933 9.9955E-05 0.0377807 0.780948
9.9964E-05 9.9964E-05 0.0180025 0.0254963 9.9964E-05 0.549248 0.0786938 9.9964E-05 0.000741428 0.327418
9.99459E-05 9.99459E-05 0.0385954 9.99459E-05 9.99459E-05 0.349679 0.335554 9.99459E-05 9.99459E-05 0.275572
9.9928E-05 9.9928E-05 9.9928E-05 9.9928E-05 9.9928E-05 0.563157 9.9928E-05 9.9928E-05 9.9928E-05 0.436043
9.9946E-05 0.224356 9.9946E-05 9.9946E-05 9.9946E-05 0.570162 9.9946E-05 0.0398469 9.9946E-05 0.165035
9.9955E-05 0.0392222 9.9955E-05 0.0510093 9.9955E-05 0.403099 0.492312 9.9955E-05 0.0138575 9.9955E-05
9.99461E-05 9.99461E-05 0.0483649 9.99461E-05 9.99461E-05 0.720472 9.99461E-05 9.99461E-05 0.0486788 0.181885
9.99551E-05 9.99551E-05 0.0240069 0.118976 0.823193 9.99551E-05 9.99551E-05 0.00636549 9.99551E-05 0.0269589
0.795217 9.9946E-05 9.9946E-05 0.0384018 0.0927766 9.9946E-05 9.9946E-05 9.9946E-05 9.9946E-05 0.0730051
0.740763 9.9937E-05 9.9937E-05 9.9937E-05 0.158413 9.9937E-05 9.9937E-05 9.9937E-05 9.9937E-05 0.100125
9.9964E-05 0.0106135 0.0106068 9.9964E-05 0.727805 9.9964E-05 9.9964E-05 0.0323769 0.152745 0.0654527
9.99369E-05 0.0815224 9.99369E-05 9.99369E-05 0.562 9.99369E-05 9.99369E-05 9.99369E-05 0.355778 9.99369E-05
0.0977346 9.99281E-05 9.99281E-05 9.99281E-05 9.99281E-05 9.99281E-05 9.99281E-05 9.99281E-05 0.901466 9.99281E-05
0.199436 0.023116 0.538081 9.99551E-05 9.99551E-05 9.99551E-05 0.0436556 9.99551E-05 0.195212 9.99551E-05
0.209672 0.0914774 0.405722 9.9955E-05 9.9955E-05 9.9955E-05 9.9955E-05 0.0682866 0.224342 9.9955E-05
0.017659 9.9955E-05 0.535636 9.9955E-05 0.327029 9.9955E-05 0.0175761 9.9955E-05 0.1016 9.9955E-05
0.155493 9.99459E-05 0.29592 9.99459E-05 0.263607 9.99459E-05 9.99459E-05 9.99459E-05 0.284381 9.99459E-05
9.99461E-05 9.99461E-05 0.767347 9.99461E-05 0.180702 0.0433563 0.00799575 9.99461E-05 9.99461E-05 9.99461E-05
9.9937E-05 9.9937E-05 0.924117 0.0111221 9.9937E-05 9.9937E-05 9.9937E-05 9.9937E-05 9.9937E-05 0.0640611
9.99459E-05 0.060781 0.457584 9.99459E-05 0.319227 9.99459E-05 9.99459E-05 0.161808 9.99459E-05 9.99459E-05
0.0505908 9.9973E-05 0.646515 9.9973E-05 0.112822 0.0597487 0.00574657 0.0625558 0.0617216 9.9973E-05
9.99459E-05 0.028123 0.51827 9.99459E-05 9.99459E-05 9.99459E-05 0.0267378 9.99459E-05 0.426269 9.99459E-05
9.9964E-05 9.9964E-05 0.661856 0.00239528 0.0904943 0.0568836 9.9964E-05 0.0761248 0.111846 9.9964E-05
9.9946E-05 9.9946E-05 0.684323 9.9946E-05 0.272125 0.0187086 9.9946E-05 9.9946E-05 9.9946E-05 0.024243
9.9955E-05 9.9955E-05 0.63191 9.9955E-05 0.253029 9.9955E-05 0.0739194 0.020387 9.9955E-05 0.0202552
0.177929 0.0284232 0.518753 9.99549E-05 0.205652 9.99549E-05 9.99549E-05 0.0687435 9.99549E-05 9.99549E-05
0.268654 0.0341916 0.0133566 0.054109 0.353646 9.9973E-05 9.9973E-05 0.0288613 0.246882 9.9973E-05
0.365666 9.9955E-05 0.0499494 9.9955E-05 0.519727 9.9955E-05 9.9955E-05 0.0511997 0.0129575 9.9955E-05
0.491761 9.9955E-05 9.9955E-05 0.00219601 0.370424 9.9955E-05 9.9955E-05 0.0740485 0.0610713 9.9955E-05
0.56263 9.9937E-05 0.0574498 9.9937E-05 0.379221 9.9937E-05 9.9937E-05 9.9937E-05 9.9937E-05 9.9937E-05
9.9946E-05 0.00650667 9.9946E-05 9.9946E-05 0.711383 0.0190796 9.9946E-05 9.9946E-05 0.262431 9.9946E-05
9.9946E-05 9.9946E-05 9.9946E-05 0.0820779 0.869971 9.9946E-05 9.9946E-05 0.0433981 0.00395341 9.9946E-05
9.9946E-05 9.9946E-05 9.9946E-05 0.130521 0.677293 9.9946E-05 9.9946E-05 0.140997 0.0505892 9.9946E-05
9.99371E-05 9.99371E-05 9.99371E-05 0.0579367 0.897997 9.99371E-05 9.99371E-05 9.99371E-05 0.0433665 9.99371E-05
9.9955E-05 9.9955E-05 0.0277269 9.9955E-05 0.756164 9.9955E-05 9.9955E-05 0.0793026 0.111406 0.0249003
0.04388 9.9964E-05 0.164497 9.9964E-05 0.758684 0.022429 0.000341599 0.00976791 9.9964E-05 9.9964E-05
9.9937E-05 9.9937E-05 0.147382 9.9937E-05 0.771555 9.9937E-05 9.9937E-05 0.0803636 9.9937E-05 9.9937E-05
0.0928525 9.99371E-05 9.99371E-05 9.99371E-05 0.829997 9.99371E-05 9.99371E-05 0.0764506 9.99371E-05 9.99371E-05
0.193027 9.99549E-05 0.22958 9.99549E-05 0.411897 9.99549E-05 9.99549E-05 0.0377966 0.1272 9.99549E-05
0.309423 9.9964E-05 0.0897256 0.127218 0.425201 0.029735 9.9964E-05 9.9964E-05 0.0182982 9.9964E-05
0.0395447 9.9955E-05 0.135418 9.9955E-05 0.557698 9.9955E-05 9.9955E-05 0.127022 0.139817 9.9955E-05
0.0142631 9.99641E-05 0.0824776 9.99641E-05 0.742309 9.99641E-05 0.037249 0.0661126 0.0571885 9.99641E-05
0.0839747 9.99461E-05 0.095904 9.99461E-05 0.726583 9.99461E-05 9.99461E-05 9.99461E-05 0.0929385 9.99461E-05
0.0706122 9.99461E-05 9.99461E-05 9.99461E-05 0.834991 9.99461E-05 9.99461E-05 0.0924393 0.00135786 9.99461E-05
0.0837906 9.99549E-05 0.170223 9.99549E-05 0.630486 0.00235461 9.99549E-05 9.99549E-05 0.112646 9.99549E-05
0.585891 9.9946E-05 9.9946E-05 9.9946E-05 0.231642 9.9946E-05 0.0249488 0.156918 9.9946E-05 9.9946E-05
0.584813 9.9946E-05 0.052146 9.9946E-05 0.3058 9.9946E-05 0.0566415 9.9946E-05 9.9946E-05 9.9946E-05
0.336502 9.99371E-05 9.99371E-05 9.99371E-05 0.560109 9.99371E-05 0.102689 9.99371E-05 9.99371E-05 9.99371E-05
0.0832258 9.99371E-05 0.124668 9.99371E-05 0.791406 9.99371E-05 9.99371E-05 9.99371E-05 9.99371E-05 9.99371E-05
0.0459632 9.9973E-05 0.10142 0.026837 0.694552 9.9973E-05 0.045443 0.0130702 9.9973E-05 0.0724138
0.112253 9.995E-05 0.0431629 9.995E-05 0.656585 0.0253633 9.995E-05 0.162136 9.995E-05 9.995E-05
0.0812927 9.9964E-05 0.0295006 0.0499763 0.788291 0.00172529 0.0488144 9.9964E-05 9.9964E-05 9.9964E-05
9.994E-05 0.0791627 9.994E-05 9.994E-05 0.575645 0.168716 9.994E-05 0.175876 9.994E-05 9.994E-05
9.9937E-05 9.9937E-05 9.9937E-05 9.9937E-05 0.588177 0.374083 0.0370405 9.9937E-05 9.9937E-05 9.9937E-05
0.1464 9.9937E-05 9.9937E-05 9.9937E-05 0.734655 9.9937E-05 9.9937E-05 9.9937E-05 0.118245 9.9937E-05
0.640242 9.99369E-05 9.99369E-05 9.99369E-05 0.279467 9.99369E-05 9.99369E-05 9.99369E-05 0.0795911 9.99369E-05
0.323727 9.9946E-05 9.9946E-05 9.9946E-05 0.468239 9.9946E-05 0.0652616 0.142173 9.9946E-05 9.9946E-05
0.451635 0.0128339 0.00541219 9.9955E-05 0.405629 9.9955E-05 9.9955E-05 0.123991 9.9955E-05 9.9955E-05
0.780886 9.9946E-05 9.9946E-05 0.0307302 0.0893729 9.9946E-05 9.9946E-05 9.9946E-05 0.0984109 9.9946E-05
0.0941094 9.9937E-05 9.9937E-05 9.9937E-05 0.777849 9.9937E-05 9.9937E-05 9.9937E-05 0.127342 9.9937E-05
0.565593 9.9955E-05 0.0639239 9.9955E-05 0.322068 9.9955E-05 9.9955E-05 0.0139249 0.0339905 9.9955E-05
0.23962 0.0140111 0.14782 9.9946E-05 0.597949 9.9946E-05 9.9946E-05 9.9946E-05 9.9946E-05 9.9946E-05
0.205622 9.99549E-05 0.100223 9.99549E-05 0.437639 9.99549E-05 9.99549E-05 0.0857585 0.170259 9.99549E-05
0.327607 9.9937E-05 9.9937E-05 9.9937E-05 0.5929 9.9937E-05 0.0787933 9.9937E-05 9.9937E-05 9.9937E-05
0.143015 9.9946E-05 9.9946E-05 9.9946E-05 9.9946E-05 0.245886 0.595142 9.9946E-05 0.0153575 9.9946E-05
9.9946E-05 0.0851081 9.9946E-05 9.9946E-05 9.9946E-05 0.668974 0.220152 0.0251664 9.9946E-05 9.9946E-05
9.99459E-05 0.0671813 9.99459E-05 9.99459E-05 9.99459E-05 0.639211 0.209625 9.99459E-05 0.0833828 9.99459E-05
0.0447937 9.9955E-05 0.0440709 9.9955E-05 9.9955E-05 0.812596 9.9955E-05 9.9955E-05 0.0310004 0.067039
9.9937E-05 9.9937E-05 9.9937E-05 9.9937E-05 0.111319 0.688263 9.9937E-05 9.9937E-05 9.9937E-05 0.199719
9.9928E-05 9.9928E-05 9.9928E-05 9.9928E-05 9.9928E-05 0.819747 9.9928E-05 9.9928E-05 9.9928E-05 0.179453
0.0569076 0.210881 9.99549E-05 9.99549E-05 9.99549E-05 0.0576179 0.387959 9.99549E-05 9.99549E-05 0.286135
9.99459E-05 0.23903 9.99459E-05 9.99459E-05 9.99459E-05 0.0535871 0.545854 9.99459E-05 9.99459E-05 0.160929
0.0531808 9.99372E-05 9.99372E-05 9.99372E-05 9.99372E-05 9.99372E-05 0.910753 9.99372E-05 0.0353664 9.99372E-05
9.99549E-05 0.0823511 9.99549E-05 9.99549E-05 0.0670191 0.30625 0.131609 9.99549E-05 9.99549E-05 0.412272
9.99281E-05 9.99281E-05 9.99281E-05 0.00253583 9.99281E-05 9.99281E-05 9.99281E-05 9.99281E-05 9.99281E-05 0.996665
9.99281E-05 9.99281E-05 9.99281E-05 9.99281E-05 9.99281E-05 0.290668 9.99281E-05 9.99281E-05 9.99281E-05 0.708532
9.9928E-05 9.9928E-05 9.9928E-05 9.9928E-05 9.9928E-05 9.9928E-05 9.9928E-05 9.9928E-05 0.0631174 0.936083
