0.311199 9.9982E-05 0.07066 9.9982E-05 0.012131 0.2739 0.222394 0.105922 0.00359403
0.0876998 9.9982E-05 0.145953 0.014463 0.260028 9.9982E-05 0.0658644 0.35539 0.0704023
0.21688 9.9982E-05 0.270242 9.9982E-05 0.0542117 0.0298331 0.225575 0.101225 0.101833
0.0683703 0.00793761 0.383322 0.0158939 9.9982E-05 0.400654 9.9982E-05 0.103685 0.0199377
0.164673 9.9946E-05 0.327202 9.9946E-05 9.9946E-05 9.9946E-05 0.507526 9.9946E-05 9.9946E-05
0.231562 9.9964E-05 0.427703 9.9964E-05 9.9964E-05 0.161878 0.129754 9.9964E-05 0.0487033
9.9955E-05 9.9955E-05 9.9955E-05 0.690865 0.223824 9.9955E-05 9.9955E-05 0.015975 0.0688363
0.00273275 0.0342426 9.9982E-05 0.624492 0.0526942 9.9982E-05 0.142337 0.077568 0.0657333
9.9955E-05 9.9955E-05 0.0812841 0.872182 0.0297257 9.9955E-05 9.9955E-05 0.0163082 9.9955E-05
9.9964E-05 9.9964E-05 9.9964E-05 0.892198 0.00981872 0.00886257 9.9964E-05 0.0360691 0.0526516
9.99459E-05 9.99459E-05 9.99459E-05 0.733191 0.188129 9.99459E-05 9.99459E-05 0.0780807 9.99459E-05
0.11618 0.00571114 9.99639E-05 0.405743 0.462424 9.99639E-05 0.00954274 9.99639E-05 9.99639E-05
9.9964E-05 0.18378 9.9964E-05 0.692482 0.0787661 0.0144595 0.0301122 9.9964E-05 9.9964E-05
9.99461E-05 0.0731805 0.00261319 0.923607 9.99461E-05 9.99461E-05 9.99461E-05 9.99461E-05 9.99461E-05
9.9955E-05 9.9955E-05 9.9955E-05 0.837795 0.0495367 9.9955E-05 9.9955E-05 0.0741256 0.0380434
9.99461E-05 9.99461E-05 9.99461E-05 0.646241 0.303035 9.99461E-05 9.99461E-05 0.0501237 9.99461E-05
0.439959 9.9955E-05 0.0470557 9.9955E-05 9.9955E-05 9.9955E-05 0.282509 9.9955E-05 0.229976
0.0120466 0.0664751 9.9973E-05 9.9973E-05 9.9973E-05 0.113993 0.0865013 0.0514584 0.669226
0.482281 0.0164761 0.185539 9.9964E-05 9.9964E-05 0.0582666 9.9964E-05 9.9964E-05 0.257037
0.232018 0.102565 0.0819044 9.9973E-05 9.9973E-05 0.245428 0.142012 9.9973E-05 0.195773
9.99549E-05 9.99549E-05 9.99549E-05 0.0152647 9.99549E-05 0.197597 0.272364 9.99549E-05 0.514275
0.0894396 0.0461849 9.9964E-05 9.9964E-05 9.9964E-05 0.401778 0.0315621 9.9964E-05 0.430636
0.607747 9.9964E-05 0.068301 9.9964E-05 0.124038 9.9964E-05 0.0276302 0.171883 9.9964E-05
0.594173 9.9955E-05 9.9955E-05 9.9955E-05 9.9955E-05 0.172451 0.211634 0.0212414 9.9955E-05
0.73786 9.9955E-05 0.0770491 9.9955E-05 9.9955E-05 0.114959 0.0696323 9.9955E-05 9.9955E-05
0.197683 9.9946E-05 9.9946E-05 9.9946E-05 9.9946E-05 0.757339 0.0443786 9.9946E-05 9.9946E-05
0.432546 0.0987443 9.9955E-05 9.9955E-05 9.9955E-05 9.9955E-05 0.401198 9.9955E-05 0.0670127
0.297428 0.0663877 0.138907 0.0117636 9.9973E-05 0.112974 0.372241 9.9973E-05 9.9973E-05
9.9964E-05 9.9964E-05 9.9964E-05 0.11072 9.9964E-05 0.129803 0.344513 0.225691 0.188873
9.9964E-05 9.9964E-05 9.9964E-05 0.0915024 9.9964E-05 0.130585 0.256839 0.185128 0.335545
9.9946E-05 9.9946E-05 0.355419 9.9946E-05 0.241563 9.9946E-05 9.9946E-05 9.9946E-05 0.402418
0.0219956 9.9973E-05 0.423065 9.9973E-05 0.0754131 0.00602795 0.184364 9.9973E-05 0.288835
0.0636322 9.9964E-05 0.461808 9.9964E-05 9.9964E-05 0.0808303 0.109828 9.9964E-05 0.283502
0.773848 9.9946E-05 9.9946E-05 0.0122726 9.9946E-05 0.21328 9.9946E-05 9.9946E-05 9.9946E-05
0.684415 9.9946E-05 9.9946E-05 9.9946E-05 0.266137 9.9946E-05 9.9946E-05 0.0488481 9.9946E-05
0.425275 9.9973E-05 0.0835246 9.9973E-05 0.0592812 0.0665924 0.222244 9.9973E-05 0.142782
0.392001 0.191416 0.139487 9.9964E-05 0.195725 9.9964E-05 9.9964E-05 9.9964E-05 0.0809712
0.727658 0.0458061 0.150158 9.9964E-05 9.9964E-05 9.9964E-05 0.04015 9.9964E-05 0.0358276
0.481606 0.06473 0.0139689 9.9973E-05 9.9973E-05 0.196779 9.9973E-05 0.109667 0.132949
0.566857 9.9946E-05 0.238297 9.9946E-05 9.9946E-05 9.9946E-05 9.9946E-05 9.9946E-05 0.194246
9.9937E-05 9.9937E-05 9.9937E-05 9.9937E-05 9.9937E-05 0.627012 9.9937E-05 0.372289 9.9937E-05
9.9973E-05 0.0666205 0.105042 9.9973E-05 0.0136183 0.551337 0.20091 0.0621719 9.9973E-05
9.9964E-05 0.108842 0.326844 9.9964E-05 9.9964E-05 0.443593 0.0507761 9.9964E-05 0.0695451
0.106572 0.132876 0.179847 9.99639E-05 9.99639E-05 0.13776 9.99639E-05 0.442545 9.99639E-05
9.993E-05 9.993E-05 9.993E-05 9.993E-05 9.993E-05 0.999201 9.993E-05 9.993E-05 9.993E-05
9.9955E-05 9.9955E-05 0.0548395 9.9955E-05 0.0155617 0.875222 9.9955E-05 9.9955E-05 0.0538768
0.16569 0.0775897 9.9946E-05 9.9946E-05 9.9946E-05 9.9946E-05 9.9946E-05 9.9946E-05 0.756121
9.99459E-05 9.99459E-05 9.99459E-05 9.99459E-05 0.11819 9.99459E-05 9.99459E-05 0.200254 0.680956
9.9946E-05 9.9946E-05 9.9946E-05 9.9946E-05 0.01351 9.9946E-05 9.9946E-05 0.247732 0.738159
9.9937E-05 9.9937E-05 9.9937E-05 9.9937E-05 9.9937E-05 9.9937E-05 9.9937E-05 0.446168 0.553133
9.9955E-05 9.9955E-05 9.9955E-05 0.0141797 9.9955E-05 0.120514 0.0813655 9.9955E-05 0.783441
0.290415 9.9973E-05 9.9973E-05 0.110897 9.9973E-05 0.200761 0.048993 0.213987 0.134647
0.30299 0.0751594 9.9964E-05 9.9964E-05 9.9964E-05 0.0531322 0.0823746 9.9964E-05 0.485944
0.34142 0.0249189 9.9964E-05 9.9964E-05 9.9964E-05 0.35649 9.9964E-05 0.158714 0.118057
0.402684 0.00937815 9.99729E-05 0.0217379 9.99729E-05 0.184025 9.99729E-05 0.195669 0.186206
0.250467 0.109867 0.0240026 9.9973E-05 9.9973E-05 0.362376 0.141764 9.9973E-05 0.111222
0.221904 0.232981 9.9973E-05 0.297608 0.168042 0.000631022 9.9973E-05 0.0785332 9.9973E-05
0.089965 0.217208 9.9964E-05 0.558628 9.9964E-05 0.0914789 0.042321 9.9964E-05 9.9964E-05
0.0531442 0.851477 9.9955E-05 0.0370054 9.9955E-05 9.9955E-05 9.9955E-05 0.0578734 9.9955E-05
0.00119258 0.494079 9.9973E-05 0.230566 0.0704724 9.9973E-05 9.9973E-05 0.131262 0.0721284
9.99549E-05 0.594306 9.99549E-05 0.107824 0.261724 9.99549E-05 9.99549E-05 0.035646 9.99549E-05
9.99459E-05 0.633199 9.99459E-05 9.99459E-05 0.165087 9.99459E-05 9.99459E-05 9.99459E-05 0.201114
9.99369E-05 9.99369E-05 9.99369E-05 9.99369E-05 0.913542 9.99369E-05 9.99369E-05 9.99369E-05 0.0857588
0.0552751 0.179849 9.99639E-05 9.99639E-05 0.745945 9.99639E-05 0.0145708 9.99639E-05 0.0039598
9.99549E-05 0.145889 0.0706768 0.449014 0.333921 9.99549E-05 9.99549E-05 9.99549E-05 9.99549E-05
9.9955E-05 0.135786 9.9955E-05 0.780759 0.0281823 9.9955E-05 9.9955E-05 9.9955E-05 0.0547723
0.102692 0.205945 9.9964E-05 0.373027 0.221015 0.0969207 9.9964E-05 9.9964E-05 9.9964E-05
0.0888644 0.454394 9.99551E-05 0.444546 9.99551E-05 0.0116958 9.99551E-05 9.99551E-05 9.99551E-05
0.106903 0.194376 9.9955E-05 0.241187 0.457033 9.9955E-05 9.9955E-05 9.9955E-05 9.9955E-05
0.1358 0.382933 9.9955E-05 0.23753 0.243237 9.9955E-05 9.9955E-05 9.9955E-05 9.9955E-05
0.170402 0.0934002 0.0150723 0.0963942 0.624332 9.9964E-05 9.9964E-05 9.9964E-05 9.9964E-05
0.118004 0.486513 9.9964E-05 0.166432 0.221974 9.9964E-05 0.00667701 9.9964E-05 9.9964E-05
0.0311931 0.144249 9.9964E-05 0.0809836 0.724224 9.9964E-05 0.0189504 9.9964E-05 9.9964E-05
9.9964E-05 0.696703 9.9964E-05 0.0178118 0.135263 9.9964E-05 0.0351627 9.9964E-05 0.11466
0.0388898 0.610041 9.9964E-05 0.195547 0.0254995 0.129623 9.9964E-05 9.9964E-05 9.9964E-05
9.9955E-05 0.715607 9.9955E-05 9.9955E-05 0.167336 0.0300461 9.9955E-05 9.9955E-05 0.0865107
9.9946E-05 0.562122 0.037779 9.9946E-05 0.3995 9.9946E-05 9.9946E-05 9.9946E-05 9.9946E-05
9.9946E-05 0.936814 9.9946E-05 0.0534168 0.00916993 9.9946E-05 9.9946E-05 9.9946E-05 9.9946E-05
9.9964E-05 0.579484 9.9964E-05 0.306353 0.0687867 9.9964E-05 9.9964E-05 0.0316597 0.0133171
9.99549E-05 0.208627 9.99549E-05 0.166512 0.519217 9.99549E-05 9.99549E-05 9.99549E-05 0.105144
9.9964E-05 0.603633 9.9964E-05 0.0706231 0.102512 0.149118 9.9964E-05 9.9964E-05 0.073714
9.99551E-05 0.0269452 9.99551E-05 9.99551E-05 9.99551E-05 0.0971532 0.873701 9.99551E-05 0.00170052
9.9955E-05 0.115317 9.9955E-05 9.9955E-05 9.9955E-05 0.0474925 0.0650184 0.771672 9.9955E-05
9.9955E-05 0.119585 0.0028394 9.9955E-05 9.9955E-05 9.9955E-05 0.196224 0.680852 9.9955E-05
0.0112142 9.996E-05 0.142607 0.043839 9.996E-05 9.996E-05 0.705335 9.996E-05 0.0966053
9.9955E-05 9.9955E-05 9.9955E-05 0.0445897 9.9955E-05 9.9955E-05 0.568748 0.152423 0.23374
9.99461E-05 9.99461E-05 9.99461E-05 9.99461E-05 0.238442 9.99461E-05 9.99461E-05 0.456354 0.304604
9.9982E-05 9.9982E-05 0.574187 0.00741705 0.119739 0.00447708 0.015467 0.234028 0.0444852
0.00079958 9.9964E-05 0.458443 0.0926726 9.9964E-05 9.9964E-05 9.9964E-05 0.38289 0.0647943
9.9973E-05 9.9973E-05 0.599182 9.9973E-05 0.0113443 0.028242 0.268887 0.0479082 0.044137
9.9964E-05 9.9964E-05 0.345069 9.9964E-05 0.00953445 9.9964E-05 0.225501 0.375236 0.0442597
9.994E-05 0.0306313 0.859255 9.994E-05 9.994E-05 9.994E-05 0.109514 9.994E-05 9.994E-05
9.9946E-05 0.0023661 0.953605 9.9946E-05 9.9946E-05 0.0434295 9.9946E-05 9.9946E-05 9.9946E-05
0.0997415 9.99639E-05 0.599663 0.0354525 9.99639E-05 0.0314227 0.23332 9.99639E-05 9.99639E-05
0.00989979 0.0199042 0.855261 9.9964E-05 0.019996 9.9964E-05 9.9964E-05 0.0945387 9.9964E-05
9.9946E-05 9.9946E-05 0.624105 9.9946E-05 0.0382619 9.9946E-05 9.9946E-05 9.9946E-05 0.337034
0.0407584 9.9964E-05 0.791296 9.9964E-05 9.9964E-05 9.9964E-05 0.0254936 0.0256742 0.116378
9.9955E-05 0.02052 0.811153 9.9955E-05 9.9955E-05 9.9955E-05 0.162157 0.00566933 9.9955E-05
0.0944075 0.0147231 0.765911 9.9955E-05 9.9955E-05 9.9955E-05 0.124459 9.9955E-05 9.9955E-05
0.0268099 9.9973E-05 0.507021 0.0273313 9.9973E-05 0.144636 0.178195 0.115707 9.9973E-05
9.9973E-05 9.9973E-05 0.0213733 0.0106577 9.9973E-05 0.0154708 0.374414 0.381936 0.195848
9.9955E-05 9.9955E-05 9.9955E-05 9.9955E-05 9.9955E-05 0.141929 0.536933 0.299086 0.0215525
0.0827708 9.9955E-05 9.9955E-05 9.9955E-05 9.9955E-05 9.9955E-05 0.439872 0.451257 0.025601
9.9946E-05 9.9946E-05 9.9946E-05 9.9946E-05 9.9946E-05 0.0626845 0.462684 0.474032 9.9946E-05
9.9955E-05 9.9955E-05 9.9955E-05 9.9955E-05 0.0914452 9.9955E-05 0.754093 0.0205407 0.133421
0.035439 9.9955E-05 9.9955E-05 9.9955E-05 9.9955E-05 0.126359 0.800833 9.9955E-05 0.0368692
0.179037 9.9946E-05 9.9946E-05 9.9946E-05 9.9946E-05 9.9946E-05 0.712967 9.9946E-05 0.107397
9.99461E-05 9.99461E-05 9.99461E-05 9.99461E-05 9.99461E-05 0.0015859 0.936023 9.99461E-05 0.061791
0.0273978 9.9973E-05 0.0501867 0.00906017 0.0227199 9.9973E-05 0.853728 9.9973E-05 0.036608
0.0179887 9.9964E-05 0.249663 9.9964E-05 0.00456082 9.9964E-05 0.691076 0.0363115 9.9964E-05
0.0765161 0.00557921 9.9955E-05 9.9955E-05 9.9955E-05 0.0925497 0.824855 9.9955E-05 9.9955E-05
0.0362959 9.9964E-05 0.0135148 9.9964E-05 9.9964E-05 0.0520505 0.83529 0.0624486 9.9964E-05
9.99639E-05 9.99639E-05 0.0037004 9.99639E-05 9.99639E-05 0.302583 0.429231 0.190551 0.0735349
9.9964E-05 0.0698651 0.101696 9.9964E-05 9.9964E-05 9.9964E-05 0.467721 0.296567 0.0637507
0.085779 9.996E-05 0.17369 9.996E-05 9.996E-05 9.996E-05 0.510003 0.148952 0.0811755
0.0562314 9.99641E-05 0.147711 9.99641E-05 9.99641E-05 9.99641E-05 0.704175 0.0361476 0.0553348
9.99641E-05 9.99641E-05 9.99641E-05 0.000682502 9.99641E-05 0.14671 0.702849 0.138379 0.0109787
0.0645673 9.9946E-05 9.9946E-05 9.9946E-05 9.9946E-05 9.9946E-05 0.826989 0.107844 9.9946E-05
9.9973E-05 9.9973E-05 0.162842 9.9973E-05 0.0218895 0.0065011 0.65744 0.145006 0.00602086
0.194144 9.9955E-05 9.9955E-05 9.9955E-05 0.0181311 9.9955E-05 0.202014 0.585211 9.9955E-05
9.9955E-05 9.9955E-05 0.152701 9.9955E-05 0.0239745 9.9955E-05 0.234633 0.588191 9.9955E-05
0.0601242 0.00398925 0.0667017 9.9973E-05 0.0375856 9.9973E-05 0.489056 0.342243 9.9973E-05
9.9946E-05 9.9946E-05 0.0922825 9.9946E-05 9.9946E-05 0.0934334 0.813684 9.9946E-05 9.9946E-05
0.00223397 0.0268414 0.17039 9.9973E-05 0.0390908 9.9973E-05 0.720663 0.0404808 9.9973E-05
0.122973 9.9964E-05 0.11213 9.9964E-05 0.0177195 9.9964E-05 0.622679 0.124099 9.9964E-05
9.9964E-05 9.9964E-05 0.0484927 9.9964E-05 0.0221868 9.9964E-05 0.797689 0.101335 0.0298956
0.175244 0.0761913 9.9955E-05 0.151502 9.9955E-05 9.9955E-05 0.596563 9.9955E-05 9.9955E-05
9.9946E-05 0.299307 9.9946E-05 9.9946E-05 0.118152 9.9946E-05 0.581941 9.9946E-05 9.9946E-05
9.9946E-05 9.9946E-05 9.9946E-05 9.9946E-05 9.9946E-05 9.9946E-05 0.722419 0.166725 0.110257
9.99549E-05 9.99549E-05 0.0429433 9.99549E-05 9.99549E-05 9.99549E-05 0.30617 0.616963 0.0334239
0.0107633 9.9964E-05 0.0919532 9.9964E-05 0.0821563 9.9964E-05 0.419506 0.395222 9.9964E-05
0.0348329 9.99623E-05 9.99623E-05 9.99623E-05 9.99623E-05 0.0910961 0.373856 0.499715 9.99623E-05
9.9955E-05 9.9955E-05 9.9955E-05 9.9955E-05 9.9955E-05 0.0970064 0.0846406 0.806837 0.0110157
9.9973E-05 0.00195911 9.9973E-05 0.00031089 9.9973E-05 0.0114429 0.856764 0.0892376 0.0399852
9.9955E-05 9.9955E-05 0.0228126 9.9955E-05 9.9955E-05 0.0819244 0.371505 0.523258 9.9955E-05
9.99459E-05 9.99459E-05 9.99459E-05 9.99459E-05 9.99459E-05 0.207146 0.623398 0.168856 9.99459E-05
9.9964E-05 9.9964E-05 0.155264 9.9964E-05 9.9964E-05 0.0125355 0.435596 0.318451 0.0777535
9.9946E-05 9.9946E-05 9.9946E-05 9.9946E-05 0.0463947 9.9946E-05 0.560131 0.392874 9.9946E-05
0.0296533 0.187718 9.9955E-05 9.9955E-05 0.7102 9.9955E-05 9.9955E-05 0.0719292 9.9955E-05
9.9955E-05 0.436572 9.9955E-05 0.132176 0.391186 9.9955E-05 9.9955E-05 9.9955E-05 0.0395653
9.9964E-05 0.232209 9.9964E-05 0.192491 0.407311 0.0236313 9.9964E-05 9.9964E-05 0.143957
9.99639E-05 0.702614 9.99639E-05 0.0572583 0.0448806 9.99639E-05 9.99639E-05 0.151208 0.043639
9.9964E-05 0.646821 0.0893908 0.155495 0.0476225 9.9964E-05 9.9964E-05 0.0602713 9.9964E-05
9.995E-05 0.755309 9.995E-05 0.14695 0.0845214 9.995E-05 0.0127193 9.995E-05 9.995E-05
9.9973E-05 0.328666 0.00166922 0.221885 0.410534 0.0322069 0.00473939 9.9973E-05 9.9973E-05
9.9946E-05 0.172555 9.9946E-05 0.183535 0.64331 9.9946E-05 9.9946E-05 9.9946E-05 9.9946E-05
9.99372E-05 9.99372E-05 9.99372E-05 9.99372E-05 0.930738 9.99372E-05 9.99372E-05 0.0685629 9.99372E-05
9.99549E-05 0.631494 9.99549E-05 0.131493 0.167646 9.99549E-05 0.0688677 9.99549E-05 9.99549E-05
0.0208851 0.938334 9.99551E-05 0.0146339 9.99551E-05 0.0256476 9.99551E-05 9.99551E-05 9.99551E-05
0.0503632 0.909764 9.99461E-05 9.99461E-05 9.99461E-05 0.0392727 9.99461E-05 9.99461E-05 9.99461E-05
9.99551E-05 0.86043 0.0227131 0.103146 9.99551E-05 9.99551E-05 0.0132117 9.99551E-05 9.99551E-05
