9.99639E-05 9.99639E-05 0.256252 9.99639E-05 0.00075532 0.613557 9.99639E-05 0.0494942 0.0795424
9.9973E-05 9.9973E-05 0.0644283 0.141056 0.178439 0.299589 0.0166984 9.9973E-05 0.29949
9.9973E-05 0.0778667 0.245351 0.0257084 9.9973E-05 0.328833 9.9973E-05 0.188641 0.1333
9.9973E-05 0.164043 0.00834852 9.9973E-05 0.0184556 0.145086 9.9973E-05 0.51637 0.147398
0.0132607 0.0437458 0.5906 9.9964E-05 9.9964E-05 0.184407 9.9964E-05 0.167587 9.9964E-05
9.9964E-05 0.104134 0.113317 9.9964E-05 0.0367074 0.319622 9.9964E-05 0.425819 9.9964E-05
9.9955E-05 9.9955E-05 9.9955E-05 0.220889 0.0115568 9.9955E-05 0.668207 9.9955E-05 0.098847
9.9964E-05 0.143024 0.079935 0.0494549 0.0868959 9.9964E-05 0.64029 9.9964E-05 9.9964E-05
9.9955E-05 9.9955E-05 9.9955E-05 0.0412236 9.9955E-05 9.9955E-05 0.856716 0.0564345 0.0451259
9.9964E-05 0.0655647 9.9964E-05 0.0534202 9.9964E-05 0.0192803 0.847808 9.9964E-05 0.0135271
9.99549E-05 9.99549E-05 9.99549E-05 0.199849 9.99549E-05 0.0151299 0.728854 9.99549E-05 0.0556681
9.99639E-05 0.00476292 0.0540097 0.605968 9.99639E-05 0.0182054 0.316654 9.99639E-05 9.99639E-05
0.157776 9.9964E-05 0.0245846 0.0319696 9.9964E-05 9.9964E-05 0.765412 0.0198573 9.9964E-05
0.0521204 0.0684068 9.9946E-05 9.9946E-05 9.9946E-05 9.9946E-05 0.878873 9.9946E-05 9.9946E-05
9.9955E-05 9.9955E-05 9.9955E-05 0.106449 9.9955E-05 0.0314099 0.785429 9.9955E-05 0.0762129
9.99551E-05 9.99551E-05 9.99551E-05 0.219716 0.00753426 9.99551E-05 0.703136 9.99551E-05 0.0691139
9.9964E-05 0.583867 0.319443 0.0333505 0.0586481 9.9964E-05 9.9964E-05 9.9964E-05 0.00429184
0.045916 0.503749 0.0211636 9.9955E-05 9.9955E-05 9.9955E-05 9.9955E-05 9.9955E-05 0.428672
0.0440615 0.447934 9.9973E-05 0.00264222 9.9973E-05 0.292737 9.9973E-05 0.130693 0.0816318
0.0107819 0.707025 0.102876 9.9955E-05 9.9955E-05 9.9955E-05 9.9955E-05 0.178818 9.9955E-05
9.99639E-05 0.447119 0.22155 9.99639E-05 9.99639E-05 9.99639E-05 0.0459947 0.0383708 0.246566
9.9955E-05 0.722702 9.9955E-05 9.9955E-05 9.9955E-05 9.9955E-05 0.00324202 0.0999613 0.173595
9.9964E-05 0.00163538 0.150294 0.126482 0.0466666 0.674523 9.9964E-05 9.9964E-05 9.9964E-05
0.0484537 9.9955E-05 0.212002 9.9955E-05 0.0837018 0.655343 9.9955E-05 9.9955E-05 9.9955E-05
0.0117528 0.145615 0.115854 9.9964E-05 9.9964E-05 0.717908 9.9964E-05 0.00847119 9.9964E-05
9.9955E-05 0.494444 9.9955E-05 9.9955E-05 0.156787 0.180801 9.9955E-05 0.167469 9.9955E-05
0.060876 0.572659 0.357044 0.00892139 9.9955E-05 9.9955E-05 9.9955E-05 9.9955E-05 9.9955E-05
0.0462289 0.330668 0.339165 9.9973E-05 9.9973E-05 0.104938 0.0215515 0.157149 9.9973E-05
9.9964E-05 0.204295 0.399366 9.9964E-05 0.148564 9.9964E-05 0.0516012 9.9964E-05 0.195774
9.99551E-05 0.283264 0.269618 9.99551E-05 9.99551E-05 9.99551E-05 0.0817446 9.99551E-05 0.364874
9.9955E-05 0.198541 9.9955E-05 0.245868 9.9955E-05 9.9955E-05 9.9955E-05 0.220305 0.334786
9.9964E-05 0.291057 0.245662 0.152199 9.9964E-05 9.9964E-05 9.9964E-05 0.237869 0.0728126
9.9964E-05 0.375122 0.0860733 9.9964E-05 0.0367323 9.9964E-05 9.9964E-05 0.387281 0.114392
9.99459E-05 0.109569 9.99459E-05 9.99459E-05 9.99459E-05 0.865301 0.0245306 9.99459E-05 9.99459E-05
9.9946E-05 9.9946E-05 9.9946E-05 0.175165 9.9946E-05 0.785301 9.9946E-05 9.9946E-05 0.0389347
9.9964E-05 0.47727 0.233694 0.128394 9.9964E-05 0.11031 9.9964E-05 0.0499316 9.9964E-05
0.263229 9.9964E-05 9.9964E-05 0.134815 9.9964E-05 0.39728 9.9964E-05 0.0753426 0.128934
0.105779 0.234565 0.0936473 0.0224784 9.9973E-05 0.540671 9.9973E-05 0.00255863 9.9973E-05
0.0482286 0.216252 9.9955E-05 9.9955E-05 9.9955E-05 0.496502 9.9955E-05 9.9955E-05 0.238518
9.9955E-05 0.552758 9.9955E-05 9.9955E-05 9.9955E-05 0.194467 9.9955E-05 0.208723 0.0435529
9.9964E-05 0.161933 9.9964E-05 9.9964E-05 0.497762 0.0457232 9.9964E-05 0.265135 0.029046
0.0344294 0.212574 0.0677719 9.9973E-05 0.190775 9.9973E-05 9.9973E-05 0.461246 0.032904
0.0952571 0.0902816 0.0418214 9.9973E-05 9.9973E-05 0.0975538 9.9973E-05 0.499742 0.175044
0.15355 0.0296725 9.9964E-05 9.9964E-05 0.562002 0.0205902 9.9964E-05 0.233786 9.9964E-05
9.9964E-05 0.313322 9.9964E-05 9.9964E-05 0.225063 0.0182899 0.019658 0.423267 9.9964E-05
9.9955E-05 0.250343 9.9955E-05 9.9955E-05 9.9955E-05 0.223258 9.9955E-05 0.406242 0.119658
9.9946E-05 0.631295 9.9946E-05 0.10272 9.9946E-05 9.9946E-05 9.9946E-05 9.9946E-05 0.265385
9.9955E-05 0.255599 9.9955E-05 0.135937 0.0307469 9.9955E-05 9.9955E-05 9.9955E-05 0.577217
9.9946E-05 0.115254 9.9946E-05 0.00788594 9.9946E-05 9.9946E-05 9.9946E-05 9.9946E-05 0.876261
9.9955E-05 0.144817 9.9955E-05 9.9955E-05 0.0933429 0.0562736 9.9955E-05 9.9955E-05 0.705067
0.0240072 0.387026 9.99549E-05 9.99549E-05 9.99549E-05 9.99549E-05 0.0211166 9.99549E-05 0.567351
9.9955E-05 0.529893 9.9955E-05 0.00755824 0.366809 9.9955E-05 0.0952392 9.9955E-05 9.9955E-05
0.0712339 0.672978 0.0246292 9.9964E-05 9.9964E-05 0.0372421 9.9964E-05 9.9964E-05 0.193517
9.9946E-05 0.633953 9.9946E-05 9.9946E-05 0.318842 0.0466056 9.9946E-05 9.9946E-05 9.9946E-05
9.99549E-05 0.605619 9.99549E-05 9.99549E-05 0.343806 0.0346313 0.0154444 9.99549E-05 9.99549E-05
0.00261828 0.733995 0.052024 9.9955E-05 9.9955E-05 9.9955E-05 9.9955E-05 0.210863 9.9955E-05
0.266656 9.9964E-05 9.9964E-05 0.147435 0.032504 0.304081 0.248924 9.9964E-05 9.9964E-05
0.231728 9.9955E-05 0.0530101 9.9955E-05 9.9955E-05 0.160157 0.554605 9.9955E-05 9.9955E-05
0.857054 9.9955E-05 9.9955E-05 9.9955E-05 0.0662134 0.0159399 0.0602934 9.9955E-05 9.9955E-05
0.447209 0.0959271 9.9964E-05 0.262175 0.092276 9.9964E-05 0.102013 9.9964E-05 9.9964E-05
0.588521 9.9955E-05 9.9955E-05 0.318555 0.0116106 9.9955E-05 0.0808133 9.9955E-05 9.9955E-05
0.586441 0.0825216 9.9955E-05 0.285586 0.0449519 9.9955E-05 9.9955E-05 9.9955E-05 9.9955E-05
9.99369E-05 9.99369E-05 9.99369E-05 0.753429 9.99369E-05 9.99369E-05 9.99369E-05 9.99369E-05 0.245872
0.0379758 0.102046 9.9955E-05 0.840746 9.9955E-05 9.9955E-05 9.9955E-05 0.0187329 9.9955E-05
0.046144 9.99549E-05 9.99549E-05 0.417491 9.99549E-05 9.99549E-05 0.464326 0.0715384 9.99549E-05
0.243132 9.9964E-05 9.9964E-05 0.10807 9.9964E-05 0.0210423 0.609662 9.9964E-05 0.0176935
0.173058 0.0574761 9.9973E-05 0.206817 9.9973E-05 0.107556 0.41277 0.0420231 9.9973E-05
0.432083 9.99461E-05 9.99461E-05 9.99461E-05 9.99461E-05 0.156689 0.410628 9.99461E-05 9.99461E-05
0.123201 9.9955E-05 9.9955E-05 0.554253 9.9955E-05 0.151366 0.170681 9.9955E-05 9.9955E-05
0.322017 0.0489187 9.9964E-05 0.348618 9.9964E-05 0.0411964 0.23885 9.9964E-05 9.9964E-05
0.0591372 9.9964E-05 9.9964E-05 0.720701 9.9964E-05 0.108699 0.0391792 0.0718845 9.9964E-05
0.398918 9.9955E-05 9.9955E-05 0.28097 9.9955E-05 0.119841 0.199771 9.9955E-05 9.9955E-05
0.0274974 9.9955E-05 0.0728814 0.890919 9.9955E-05 9.9955E-05 0.00820258 9.9955E-05 9.9955E-05
0.631475 0.0771817 0.0323427 0.258501 9.9955E-05 9.9955E-05 9.9955E-05 9.9955E-05 9.9955E-05
0.570351 0.172527 0.0434863 0.0233513 9.9964E-05 9.9964E-05 0.189884 9.9964E-05 9.9964E-05
0.714728 0.00583682 0.0275228 0.189512 9.9964E-05 9.9964E-05 9.9964E-05 9.9964E-05 0.062001
0.535966 9.9946E-05 9.9946E-05 0.383347 9.9946E-05 9.9946E-05 9.9946E-05 0.0800879 9.9946E-05
0.941644 9.9946E-05 0.0487143 9.9946E-05 9.9946E-05 9.9946E-05 9.9946E-05 9.9946E-05 0.00904243
0.575569 9.9964E-05 9.9964E-05 0.117693 0.00737004 0.0423957 0.256573 9.9964E-05 9.9964E-05
0.15675 0.0611413 9.9955E-05 0.767772 9.9955E-05 9.9955E-05 9.9955E-05 9.9955E-05 0.0138366
0.774845 9.9946E-05 9.9946E-05 0.0642286 9.9946E-05 9.9946E-05 9.9946E-05 9.9946E-05 0.160327
0.0309574 0.0754967 0.79129 9.99731E-05 9.99731E-05 0.0367003 9.99731E-05 0.0394996 0.0257559
0.0616592 0.018328 9.9946E-05 9.9946E-05 0.919413 9.9946E-05 9.9946E-05 9.9946E-05 9.9946E-05
0.094218 9.9955E-05 0.116285 9.9955E-05 0.780996 9.9955E-05 9.9955E-05 0.00800075 9.9955E-05
0.0415679 9.9964E-05 0.635381 9.9964E-05 9.9964E-05 9.9964E-05 0.0211201 0.160988 0.140544
9.99549E-05 9.99549E-05 0.603756 9.99549E-05 9.99549E-05 9.99549E-05 0.0868018 0.00181777 0.307124
9.99371E-05 9.99371E-05 9.99371E-05 9.99371E-05 0.0643129 9.99371E-05 9.99371E-05 9.99371E-05 0.934988
9.99641E-05 9.99641E-05 9.99641E-05 0.0374266 0.154703 9.99641E-05 0.0275186 0.587238 0.192714
9.9964E-05 9.9964E-05 9.9964E-05 9.9964E-05 0.161942 0.147584 0.0484025 0.388305 0.253366
9.9964E-05 9.9964E-05 0.262602 0.00196111 0.0263197 9.9964E-05 9.9964E-05 0.558705 0.150013
9.9955E-05 9.9955E-05 0.262909 9.9955E-05 0.212033 9.9955E-05 9.9955E-05 0.287177 0.237382
0.0460214 9.9955E-05 0.0188158 0.0303891 9.9955E-05 9.9955E-05 9.9955E-05 0.904274 9.9955E-05
9.9946E-05 0.0990622 0.000360749 9.9946E-05 9.9946E-05 9.9946E-05 9.9946E-05 0.899977 9.9946E-05
9.99639E-05 9.99639E-05 0.241307 9.99639E-05 9.99639E-05 0.178889 0.0395406 0.534922 0.00494267
9.9973E-05 0.0289827 0.0805435 0.0368185 9.9973E-05 0.0316774 9.9973E-05 0.757574 0.0641037
9.99549E-05 9.99549E-05 9.99549E-05 0.0308918 9.99549E-05 9.99549E-05 0.00802559 0.526648 0.433935
9.9955E-05 0.0427424 9.9955E-05 9.9955E-05 9.9955E-05 0.102569 9.9955E-05 0.68981 0.164378
0.0370842 9.9955E-05 0.145392 9.9955E-05 9.9955E-05 9.9955E-05 0.0198284 0.797196 9.9955E-05
9.9964E-05 0.00858226 0.176645 0.0150633 9.9964E-05 0.0332715 9.9964E-05 0.766038 9.9964E-05
9.9973E-05 0.0214713 0.097838 9.9973E-05 0.21461 0.0799427 0.0160918 0.569746 9.9973E-05
9.997E-05 0.0507503 0.400646 9.997E-05 0.206377 9.997E-05 0.0184936 0.0453918 0.278041
9.9964E-05 9.9964E-05 0.503455 9.9964E-05 0.370696 0.0357445 9.9964E-05 0.0336622 0.0560421
9.9955E-05 9.9955E-05 0.459621 9.9955E-05 0.362184 0.0893369 9.9955E-05 9.9955E-05 0.0883576
9.9955E-05 0.0610703 0.414549 9.9955E-05 0.499141 9.9955E-05 9.9955E-05 9.9955E-05 0.0247398
0.00939943 9.9955E-05 0.711926 9.9955E-05 9.9955E-05 9.9955E-05 0.0154837 9.9955E-05 0.262691
9.9946E-05 0.0862027 0.867723 9.9946E-05 9.9946E-05 0.0454747 9.9946E-05 9.9946E-05 9.9946E-05
9.9955E-05 0.123814 0.70565 9.9955E-05 9.9955E-05 0.126702 9.9955E-05 9.9955E-05 0.043335
9.9964E-05 0.0164315 0.954481 0.00860688 9.9964E-05 9.9964E-05 0.00911891 9.9964E-05 0.0109619
0.053606 9.9964E-05 0.831662 9.9964E-05 9.9964E-05 0.0568453 9.9964E-05 0.0164668 0.0410197
9.9964E-05 0.0231909 0.697215 9.9964E-05 0.0313004 0.0288874 9.9964E-05 0.219007 9.9964E-05
0.0139865 9.9964E-05 0.833164 9.9964E-05 0.0165707 0.126397 9.9964E-05 0.00948213 9.9964E-05
9.9946E-05 9.9946E-05 0.876945 9.9946E-05 0.0471757 0.0752796 9.9946E-05 9.9946E-05 9.9946E-05
9.9973E-05 0.0482832 0.476007 9.9973E-05 0.134244 0.110274 9.9973E-05 0.0610803 0.169812
9.9964E-05 0.130673 0.440225 9.9964E-05 0.262545 9.9964E-05 9.9964E-05 0.0821263 0.0840317
9.9964E-05 9.9964E-05 0.573276 9.9964E-05 0.0768252 0.143448 9.9964E-05 0.0868241 0.119227
9.99641E-05 9.99641E-05 0.687063 9.99641E-05 0.0048206 0.0617705 9.99641E-05 0.162303 0.0836437
9.99641E-05 9.99641E-05 0.724003 9.99641E-05 0.129038 9.99641E-05 0.00625448 0.070199 0.0701058
9.9955E-05 9.9955E-05 0.873386 9.9955E-05 0.0802221 0.0446389 9.9955E-05 9.9955E-05 0.00125273
9.99549E-05 9.99549E-05 0.588508 9.99549E-05 0.0328169 9.99549E-05 9.99549E-05 0.216705 0.16147
9.9946E-05 9.9946E-05 0.162329 9.9946E-05 0.610528 0.226542 9.9946E-05 9.9946E-05 9.9946E-05
9.9964E-05 9.9964E-05 0.292245 0.0189609 0.620609 0.0252734 9.9964E-05 9.9964E-05 0.0425112
0.0417371 9.9964E-05 0.484018 0.00479697 0.410599 9.9964E-05 9.9964E-05 0.0584491 9.9964E-05
9.9946E-05 9.9946E-05 0.693701 9.9946E-05 0.126723 9.9946E-05 9.9946E-05 0.178976 9.9946E-05
0.0189618 0.0112692 0.694787 0.109119 0.0256044 0.0157804 9.9982E-05 0.124279 9.9982E-05
9.9964E-05 9.9964E-05 0.664459 0.00310054 0.0558891 0.194215 9.9964E-05 0.0819368 9.9964E-05
9.9955E-05 9.9955E-05 0.710387 0.0536939 0.1096 9.9955E-05 9.9955E-05 0.125819 9.9955E-05
0.096777 9.9955E-05 0.549936 9.9955E-05 9.9955E-05 0.221881 0.130907 9.9955E-05 9.9955E-05
0.274092 9.9946E-05 0.592666 0.132642 9.9946E-05 9.9946E-05 9.9946E-05 9.9946E-05 9.9946E-05
9.9946E-05 9.9946E-05 0.724262 9.9946E-05 0.171329 9.9946E-05 9.9946E-05 9.9946E-05 0.103809
9.99459E-05 9.99459E-05 0.302882 9.99459E-05 0.590457 9.99459E-05 9.99459E-05 9.99459E-05 0.106061
9.9973E-05 9.9973E-05 0.381881 0.0389517 0.393821 0.126749 0.00215507 0.056142 9.9973E-05
9.9955E-05 9.9955E-05 0.382244 9.9955E-05 0.499355 0.107047 9.9955E-05 0.0108544 9.9955E-05
9.9955E-05 9.9955E-05 0.0922963 9.9955E-05 0.792084 0.0247389 9.9955E-05 9.9955E-05 0.0903808
9.9946E-05 9.9946E-05 0.858512 9.9946E-05 0.0132024 9.9946E-05 9.9946E-05 9.9946E-05 0.127686
9.9973E-05 9.9973E-05 0.307259 9.9973E-05 0.547585 0.0517256 0.0295358 0.0364992 0.0270958
9.9955E-05 0.00983544 0.591509 9.9955E-05 0.30668 9.9955E-05 9.9955E-05 0.091476 9.9955E-05
9.9973E-05 0.0190259 0.393495 9.9973E-05 0.23665 0.12214 9.9973E-05 0.0775465 0.150842
9.9955E-05 9.9955E-05 0.540347 0.0234264 0.386971 9.9955E-05 9.9955E-05 9.9955E-05 0.0487563
0.108607 9.9955E-05 9.9955E-05 0.748141 0.128708 9.9955E-05 9.9955E-05 9.9955E-05 0.0140446
0.429259 9.9955E-05 9.9955E-05 0.451141 9.9955E-05 9.9955E-05 0.110407 9.9955E-05 0.00869354
0.306731 0.0359527 9.99639E-05 0.423821 9.99639E-05 9.99639E-05 0.082647 9.99639E-05 0.150449
0.602709 0.0504133 9.9991E-05 0.113657 0.0788384 0.00532214 0.0346223 0.0332102 0.0811272
0.715162 9.9973E-05 0.00977703 0.0725494 9.9973E-05 9.9973E-05 0.0497554 0.0939642 0.0584917
0.809164 9.9955E-05 9.9955E-05 0.123419 9.9955E-05 9.9955E-05 0.0232031 9.9955E-05 0.043715
0.320463 0.00195735 9.9973E-05 0.411848 0.046244 9.9973E-05 0.200672 0.0185162 9.9973E-05
0.125156 9.9964E-05 9.9964E-05 0.651264 9.9964E-05 9.9964E-05 0.220317 0.000433733 0.00242997
9.99462E-05 9.99462E-05 9.99462E-05 0.816531 0.045537 9.99462E-05 9.99462E-05 9.99462E-05 0.137332
0.65607 9.9973E-05 0.0524058 0.136395 0.033688 9.9973E-05 0.101364 9.9973E-05 0.0197774
0.901104 0.0725209 9.99462E-05 9.99462E-05 9.99462E-05 9.99462E-05 0.0257755 9.99462E-05 9.99462E-05
0.938001 9.99371E-05 9.99371E-05 9.99371E-05 9.99371E-05 0.0612993 9.99371E-05 9.99371E-05 9.99371E-05
0.823991 9.99551E-05 0.000672442 9.99551E-05 9.99551E-05 9.99551E-05 0.160571 0.0142666 9.99551E-05
