0.0218416 9.9982E-05 9.9982E-05 0.312397 0.152939 0.326589 0.186033
0.293276 9.9982E-05 0.0618902 0.403261 0.0940494 9.9982E-05 0.147324
0.0525133 9.9991E-05 0.0635358 0.123962 0.258415 0.205567 0.295907
9.9982E-05 0.0332839 0.070745 0.235542 9.9982E-05 0.0669489 0.59328
9.9964E-05 9.9964E-05 9.9964E-05 9.9964E-05 0.537796 0.129173 0.332631
9.9982E-05 9.9982E-05 0.0229466 0.102717 0.053375 0.223319 0.597443
0.911604 0.00875473 0.0691949 0.0101465 9.9973E-05 9.9973E-05 9.9973E-05
0.589119 0.139503 0.00017743 9.9982E-05 0.195768 0.0752323 9.9982E-05
0.674426 0.30292 9.9964E-05 0.0222547 9.9964E-05 9.9964E-05 9.9964E-05
0.744766 0.197367 9.99641E-05 9.99641E-05 9.99641E-05 0.0574669 9.99641E-05
0.772652 0.164089 9.9964E-05 0.0628593 9.9964E-05 9.9964E-05 9.9964E-05
0.835688 0.0685275 9.9973E-05 9.9973E-05 0.0533973 0.0420877 9.9973E-05
0.511014 0.470979 9.9964E-05 9.9964E-05 9.9964E-05 9.9964E-05 0.0176075
0.445203 0.500999 9.99641E-05 9.99641E-05 9.99641E-05 0.0533978 9.99641E-05
0.708028 0.213199 0.0708562 0.00761626 9.9973E-05 9.9973E-05 9.9973E-05
0.885692 0.0962974 9.99731E-05 0.0154304 0.00228019 9.99731E-05 9.99731E-05
9.9973E-05 9.9973E-05 0.0995991 9.9973E-05 0.349066 0.534989 0.0160463
9.9982E-05 0.0426522 0.637267 9.9982E-05 0.0216823 0.283633 0.0145654
9.9982E-05 0.0349098 0.142369 0.0242036 9.9982E-05 0.66609 0.132228
9.998E-05 0.0863823 0.0875814 9.998E-05 0.111027 0.513763 0.201046
9.9982E-05 0.0156842 0.434934 9.9982E-05 0.152555 0.246553 0.150074
9.99639E-05 9.99639E-05 0.409352 9.99639E-05 9.99639E-05 0.449448 0.140801
0.179687 9.9973E-05 9.9973E-05 0.129365 0.204869 0.485779 9.9973E-05
9.9973E-05 9.9973E-05 9.9973E-05 0.207622 0.201356 0.586375 0.00434664
9.9973E-05 9.9973E-05 9.9973E-05 0.0527802 0.0605904 0.740565 0.145764
9.9973E-05 9.9973E-05 9.9973E-05 0.223975 0.00868139 0.497292 0.269751
9.9964E-05 0.0569221 9.9964E-05 9.9964E-05 0.37099 0.571688 9.9964E-05
9.9973E-05 0.0190437 9.9973E-05 9.9973E-05 0.306696 0.455115 0.218846
0.0620431 9.9982E-05 0.281985 0.182722 0.415925 0.0571248 9.9982E-05
0.0258282 0.0707117 0.35238 0.11632 0.287846 0.0426817 0.104233
0.203989 9.9973E-05 0.419726 9.9973E-05 9.9973E-05 0.00747338 0.368511
0.168574 9.9982E-05 0.180143 9.9982E-05 0.202958 0.0793119 0.368813
9.9973E-05 9.9973E-05 0.256072 9.9973E-05 0.100271 0.19189 0.451467
0.0298333 9.9973E-05 9.9973E-05 0.131542 9.9973E-05 0.762777 0.0755481
0.217954 9.9964E-05 9.9964E-05 0.131348 9.9964E-05 0.650298 9.9964E-05
0.0693165 9.9982E-05 0.0513811 9.9982E-05 0.189702 0.540171 0.14923
0.256439 0.165131 0.013838 9.9982E-05 9.9982E-05 0.325477 0.238915
0.0939307 0.0403525 9.9982E-05 9.9982E-05 0.113049 0.617118 0.13535
0.0261871 0.0545642 0.0918714 0.27257 9.9991E-05 0.463037 0.0916699
9.9973E-05 9.9973E-05 0.0943789 9.9973E-05 0.0391979 0.66029 0.205834
9.9964E-05 9.9964E-05 9.9964E-05 0.683406 9.9964E-05 0.0938722 0.222322
9.9982E-05 0.0690966 9.9982E-05 0.340318 0.0754927 0.0987092 0.416184
9.9982E-05 0.117795 0.0873438 0.0625861 9.9982E-05 0.067144 0.664932
9.9982E-05 0.139195 9.9982E-05 0.484357 0.0221 0.0958488 0.258299
9.99641E-05 9.99641E-05 9.99641E-05 0.278401 9.99641E-05 0.167956 0.553243
9.9973E-05 9.9973E-05 0.10146 0.0298031 9.9973E-05 0.288221 0.580216
9.9964E-05 0.0512924 0.606339 9.9964E-05 9.9964E-05 0.341968 9.9964E-05
0.00851423 0.031702 0.727832 0.164676 9.9982E-05 0.0670764 9.9982E-05
9.9955E-05 9.9955E-05 0.925812 0.0736885 9.9955E-05 9.9955E-05 9.9955E-05
9.9973E-05 9.9973E-05 0.637163 0.291174 0.00672851 0.064634 9.9973E-05
9.99639E-05 0.0381378 0.745142 9.99639E-05 9.99639E-05 0.21632 9.99639E-05
0.0342213 0.0676013 0.124767 0.367705 0.0156559 0.389949 9.9991E-05
9.9973E-05 0.0650155 0.424552 9.9973E-05 0.0292909 0.480842 9.9973E-05
9.9964E-05 0.0168911 9.9964E-05 0.358752 9.9964E-05 0.623957 9.9964E-05
0.0168458 9.9973E-05 0.0138908 0.350843 9.9973E-05 0.61812 9.9973E-05
9.9973E-05 0.0592239 9.9973E-05 9.9973E-05 0.0889482 0.527341 0.324187
0.356924 0.315675 9.9973E-05 0.181913 9.9973E-05 0.145188 9.9973E-05
0.342974 0.494482 9.9982E-05 0.0173251 0.0389193 0.1061 9.9982E-05
0.00623348 0.892157 9.9982E-05 0.0525126 0.0365994 0.0122978 9.9982E-05
0.354119 0.501524 0.0229958 0.103221 9.9982E-05 0.0179411 9.9982E-05
0.40797 0.59153 9.9955E-05 9.9955E-05 9.9955E-05 9.9955E-05 9.9955E-05
0.180839 0.610603 0.157749 9.9991E-05 0.0273379 0.017725 0.00564604
0.778968 9.99639E-05 0.190502 0.0301303 9.99639E-05 9.99639E-05 9.99639E-05
0.781628 0.0298025 9.9973E-05 9.9973E-05 9.9973E-05 0.081376 0.106893
0.71847 0.233797 9.9964E-05 9.9964E-05 9.9964E-05 9.9964E-05 0.0473326
0.560027 0.439473 9.9955E-05 9.9955E-05 9.9955E-05 9.9955E-05 9.9955E-05
0.473648 0.322352 9.998E-05 0.0321626 9.998E-05 0.168625 0.00301312
0.184973 0.739786 9.99641E-05 9.99641E-05 9.99641E-05 0.0748412 9.99641E-05
0.655484 0.198181 9.9973E-05 0.101778 9.9973E-05 0.0442568 9.9973E-05
0.423261 0.427774 9.9964E-05 9.9964E-05 9.9964E-05 0.148565 9.9964E-05
0.708736 0.139346 9.9982E-05 9.9982E-05 0.0255525 0.114901 0.011265
0.418013 0.415384 9.9964E-05 9.9964E-05 9.9964E-05 0.166203 9.9964E-05
0.861705 0.0498577 9.9973E-05 9.9973E-05 0.0729354 0.0152018 9.9973E-05
0.207423 0.670072 0.0717549 9.9973E-05 0.0504509 9.9973E-05 9.9973E-05
0.043842 0.751777 0.024736 9.9973E-05 9.9973E-05 0.179345 9.9973E-05
0.130228 0.701237 0.11625 9.997E-05 9.997E-05 9.997E-05 0.0519859
0.339898 0.542558 9.9964E-05 9.9964E-05 9.9964E-05 9.9964E-05 0.117144
9.9964E-05 0.949754 9.9964E-05 0.0289827 0.0208636 9.9964E-05 9.9964E-05
0.286675 0.669309 9.9964E-05 0.0436157 9.9964E-05 9.9964E-05 9.9964E-05
0.717677 0.178599 0.0767019 9.9973E-05 9.9973E-05 0.0267221 9.9973E-05
0.0518241 0.709325 0.157377 9.9973E-05 9.9973E-05 9.9973E-05 0.0811742
9.99821E-05 0.0159941 9.99821E-05 0.00856687 0.877087 0.0930613 0.00509122
9.9964E-05 0.067062 9.9964E-05 0.647041 0.285497 9.9964E-05 9.9964E-05
9.9964E-05 0.0658609 9.9964E-05 0.57099 0.36275 9.9964E-05 9.9964E-05
9.997E-05 0.0135112 0.130234 9.997E-05 0.75847 9.997E-05 0.097485
9.9973E-05 9.9973E-05 0.324982 0.0477259 0.626242 9.9973E-05 0.000750173
9.99551E-05 9.99551E-05 0.708919 0.290581 9.99551E-05 9.99551E-05 9.99551E-05
0.0983812 9.9982E-05 0.08003 0.286727 0.0391862 9.9982E-05 0.495476
0.0638577 9.9973E-05 0.0985173 0.402387 9.9973E-05 9.9973E-05 0.434938
9.997E-05 9.997E-05 0.0913042 0.0369576 0.318963 9.997E-05 0.552475
9.9973E-05 9.9973E-05 0.178469 0.285087 0.351807 9.9973E-05 0.184337
9.9964E-05 0.057998 9.9964E-05 9.9964E-05 0.181787 9.9964E-05 0.759815
9.9964E-05 0.018264 9.9964E-05 9.9964E-05 9.9964E-05 0.041228 0.940108
9.9982E-05 0.00357913 0.00302916 9.9982E-05 0.30572 0.070723 0.616749
0.0370472 9.9982E-05 0.044721 9.9982E-05 0.185601 0.0179219 0.714509
0.00921406 9.99639E-05 0.432097 9.99639E-05 9.99639E-05 9.99639E-05 0.558289
0.0213407 9.9982E-05 0.142731 0.0520708 0.0531481 9.9982E-05 0.73051
9.9964E-05 0.0119133 9.9964E-05 9.9964E-05 0.218425 9.9964E-05 0.769262
9.9973E-05 0.0416402 9.9973E-05 9.9973E-05 0.225978 0.0272256 0.704856
0.0152704 9.9982E-05 9.9982E-05 0.202013 0.197547 0.0791968 0.505773
9.9982E-05 9.9982E-05 0.225653 0.286958 0.412023 0.0193038 0.055862
9.9973E-05 9.9973E-05 0.0140542 0.330164 0.587404 9.9973E-05 0.0680785
9.9973E-05 9.9973E-05 0.011904 0.422693 0.533076 0.0320274 9.9973E-05
9.9955E-05 9.9955E-05 9.9955E-05 0.553288 0.446212 9.9955E-05 9.9955E-05
0.00185571 9.9964E-05 0.243719 9.9964E-05 0.754025 9.9964E-05 9.9964E-05
9.9973E-05 9.9973E-05 0.00988515 9.9973E-05 0.861559 0.124868 0.00338753
9.9964E-05 9.9964E-05 0.0864888 9.9964E-05 0.72382 0.189292 9.9964E-05
9.9964E-05 0.0216314 0.0713062 9.9964E-05 0.906663 9.9964E-05 9.9964E-05
9.997E-05 0.0439522 0.0365687 9.997E-05 0.854054 9.997E-05 0.0651254
9.9973E-05 9.9973E-05 9.9973E-05 0.00440912 0.801213 0.0148245 0.179253
9.9982E-05 0.00237661 9.9982E-05 0.0652743 0.73114 0.0896171 0.111392
9.9964E-05 9.9964E-05 9.9964E-05 0.0823884 0.905607 0.0116052 9.9964E-05
9.99729E-05 9.99729E-05 0.0999272 0.301283 0.326295 9.99729E-05 0.272194
9.9982E-05 0.0250696 0.0917905 0.263091 0.50861 9.9982E-05 0.111239
9.9982E-05 9.9982E-05 0.0691411 0.124307 0.603409 0.0652024 0.13774
9.9982E-05 9.9982E-05 0.0863097 0.0105039 0.748864 0.0334644 0.120658
9.9973E-05 9.9973E-05 0.071422 0.15225 0.706895 9.9973E-05 0.0691326
9.9964E-05 9.9964E-05 9.9964E-05 0.0522518 0.872346 0.0750024 9.9964E-05
9.9973E-05 9.9973E-05 0.0501415 0.0910715 0.697597 9.9973E-05 0.160891
0.0360061 9.997E-05 9.997E-05 0.534119 0.405128 0.0244472 9.997E-05
0.00505793 9.9964E-05 9.9964E-05 0.520075 0.474467 9.9964E-05 9.9964E-05
9.99641E-05 9.99641E-05 9.99641E-05 0.296523 0.691217 0.0118601 9.99641E-05
9.9964E-05 9.9964E-05 9.9964E-05 0.0351382 0.77887 9.9964E-05 0.185592
0.042739 0.0345218 9.9982E-05 9.9982E-05 0.678523 0.0383725 0.205643
9.9982E-05 0.0147209 9.9982E-05 0.0571428 0.742797 0.0383523 0.146787
0.0319172 9.9982E-05 0.0263727 0.0436878 0.867042 9.9982E-05 0.0307802
0.0820266 0.15382 9.9973E-05 9.9973E-05 0.605638 0.158215 9.9973E-05
0.0973763 0.254534 9.9964E-05 9.9964E-05 0.647689 9.9964E-05 9.9964E-05
9.9964E-05 9.9964E-05 0.148937 0.0657859 0.784877 9.9964E-05 9.9964E-05
9.99639E-05 9.99639E-05 0.0207639 0.590656 0.38818 9.99639E-05 9.99639E-05
0.0918543 9.9973E-05 9.9973E-05 0.430106 0.439891 9.9973E-05 0.0378481
9.9964E-05 9.9964E-05 9.9964E-05 0.522073 0.425595 9.9964E-05 0.0519325
9.9964E-05 9.9964E-05 0.0254891 0.869116 0.104995 9.9964E-05 9.9964E-05
9.997E-05 0.00746281 0.134816 0.0795124 0.777909 9.997E-05 9.997E-05
9.9955E-05 9.9955E-05 9.9955E-05 0.639071 0.360429 9.9955E-05 9.9955E-05
9.9964E-05 9.9964E-05 9.9964E-05 0.310808 0.572832 9.9964E-05 0.11596
9.99729E-05 9.99729E-05 0.106644 0.333878 0.433281 9.99729E-05 0.125897
0.0422884 9.9964E-05 9.9964E-05 0.314281 0.643031 9.9964E-05 9.9964E-05
0.668333 0.0933574 0.0916237 0.131127 0.0153591 9.9982E-05 9.9982E-05
0.527745 0.415315 0.0495477 0.00709248 9.9973E-05 9.9973E-05 9.9973E-05
0.552608 0.310277 0.136715 9.9964E-05 9.9964E-05 9.9964E-05 9.9964E-05
0.102514 0.639147 0.133532 0.124507 9.99729E-05 9.99729E-05 9.99729E-05
0.194812 0.654616 9.9964E-05 9.9964E-05 0.150172 9.9964E-05 9.9964E-05
0.166876 0.772655 0.0600691 9.9964E-05 9.9964E-05 9.9964E-05 9.9964E-05
0.57162 0.369661 9.9964E-05 0.0583195 9.9964E-05 9.9964E-05 9.9964E-05
0.778918 0.186156 9.9964E-05 9.9964E-05 9.9964E-05 9.9964E-05 0.0345257
0.813612 9.99641E-05 0.0425285 0.14346 9.99641E-05 9.99641E-05 9.99641E-05
0.220483 0.659462 0.0248961 9.997E-05 0.094859 9.997E-05 9.997E-05
9.99551E-05 0.95589 9.99551E-05 9.99551E-05 9.99551E-05 0.0436099 9.99551E-05
9.9964E-05 0.903287 9.9964E-05 0.0267723 9.9964E-05 0.0695405 9.9964E-05
9.99641E-05 0.93855 9.99641E-05 9.99641E-05 0.0139505 9.99641E-05 0.0470998
