0.0572808 9.9964E-05 0.321811 9.9964E-05 9.9964E-05 9.9964E-05 0.547483 0.0730249
0.367108 9.99729E-05 0.205589 9.99729E-05 0.0958679 9.99729E-05 0.197955 0.13318
0.0981963 9.9973E-05 0.316894 9.9973E-05 9.9973E-05 0.0534271 0.326471 0.204711
0.0793441 9.9973E-05 0.101342 9.9973E-05 9.9973E-05 0.0354031 0.254406 0.529204
9.9973E-05 0.0187818 0.493924 0.00132656 9.9973E-05 9.9973E-05 0.16689 0.318777
9.9964E-05 9.9964E-05 0.173133 9.9964E-05 9.9964E-05 0.0809411 0.296897 0.448628
0.102842 0.0611925 9.9964E-05 9.9964E-05 0.744576 0.0909904 9.9964E-05 9.9964E-05
9.9964E-05 0.0538796 0.147001 9.9964E-05 0.648484 0.150236 9.9964E-05 9.9964E-05
0.0263424 0.0771172 9.9964E-05 9.9964E-05 0.85563 9.9964E-05 9.9964E-05 0.0405109
9.9964E-05 0.103669 9.9964E-05 9.9964E-05 0.786496 0.089972 0.0194626 9.9964E-05
0.138088 9.99549E-05 9.99549E-05 9.99549E-05 0.838118 9.99549E-05 0.0232946 9.99549E-05
0.0661935 0.54695 0.00666738 9.9973E-05 0.303274 9.9973E-05 0.0766154 9.9973E-05
9.9955E-05 0.0269829 9.9955E-05 0.248591 0.723927 9.9955E-05 9.9955E-05 9.9955E-05
9.9946E-05 9.9946E-05 9.9946E-05 0.146591 0.852809 9.9946E-05 9.9946E-05 9.9946E-05
0.0270011 0.0316244 9.9973E-05 9.9973E-05 0.843675 0.066099 9.9973E-05 0.0313007
0.133737 9.9955E-05 0.013173 9.9955E-05 0.85259 9.9955E-05 9.9955E-05 9.9955E-05
9.9973E-05 9.9973E-05 0.351617 0.0189447 9.9973E-05 0.323224 0.259204 0.0467111
0.11512 9.9973E-05 0.106114 0.0578843 9.9973E-05 0.679385 9.9973E-05 0.0411967
9.9973E-05 0.00981195 9.9973E-05 0.0612577 9.9973E-05 0.328033 0.493417 0.10718
9.9973E-05 9.9973E-05 0.0976838 0.0786803 9.9973E-05 0.361037 0.193669 0.268631
9.9964E-05 9.9964E-05 0.171559 9.9964E-05 0.0105132 0.613175 9.9964E-05 0.204353
9.9955E-05 9.9955E-05 9.9955E-05 9.9955E-05 9.9955E-05 0.675442 0.109674 0.214385
0.0910065 0.12701 0.165881 9.9964E-05 9.9964E-05 9.9964E-05 0.615703 9.9964E-05
9.9946E-05 9.9946E-05 0.300416 9.9946E-05 9.9946E-05 9.9946E-05 0.698985 9.9946E-05
9.99551E-05 9.99551E-05 0.08871 9.99551E-05 9.99551E-05 9.99551E-05 0.873692 0.0370986
9.9964E-05 9.9964E-05 0.0949097 9.9964E-05 9.9964E-05 0.180536 0.508041 0.216114
9.9964E-05 9.9964E-05 0.328857 0.0908484 9.9964E-05 0.218434 0.361461 9.9964E-05
9.9973E-05 9.9973E-05 0.272641 0.104327 9.9973E-05 0.0477818 0.34255 0.2324
0.0509261 9.9964E-05 0.578239 9.9964E-05 0.0695926 0.300843 9.9964E-05 9.9964E-05
0.0762554 9.9973E-05 0.345265 9.9973E-05 0.109193 0.389325 9.9973E-05 0.0796622
0.360349 0.0393233 9.9964E-05 9.9964E-05 9.9964E-05 0.272247 9.9964E-05 0.327681
0.0439152 0.0801223 0.161463 9.9982E-05 0.0141133 0.255998 9.9982E-05 0.444188
0.014376 9.9973E-05 0.0962796 9.9973E-05 9.9973E-05 0.328653 0.0424521 0.517939
9.9955E-05 9.9955E-05 9.9955E-05 9.9955E-05 0.0411466 9.9955E-05 0.944722 0.0136316
0.272293 9.99459E-05 9.99459E-05 9.99459E-05 9.99459E-05 9.99459E-05 0.727107 9.99459E-05
9.9973E-05 0.0759842 0.185983 9.9973E-05 9.9973E-05 0.279154 0.335129 0.12345
0.140914 0.0897253 9.9982E-05 0.252663 9.9982E-05 0.024193 0.420228 0.0720754
9.9982E-05 0.0566322 0.143204 0.0851014 9.9982E-05 0.0771526 0.60693 0.0307801
0.164191 9.9982E-05 0.0431003 0.0882482 9.9982E-05 0.134126 0.542011 0.0281234
9.99639E-05 9.99639E-05 9.99639E-05 0.0148426 9.99639E-05 0.321074 0.452987 0.210696
0.22979 9.9964E-05 0.123738 9.9964E-05 9.9964E-05 9.9964E-05 0.349363 0.296709
0.0490818 9.9973E-05 0.296176 0.08598 9.9973E-05 9.9973E-05 0.227843 0.34062
0.0544943 9.9973E-05 9.9973E-05 0.101324 9.9973E-05 0.112093 0.173023 0.558766
0.0785837 9.9973E-05 0.292217 0.143342 9.9973E-05 9.9973E-05 0.281016 0.204541
0.00223856 9.9973E-05 0.105744 9.9973E-05 9.9973E-05 0.11175 0.314926 0.465041
0.0723439 9.9964E-05 9.9964E-05 9.9964E-05 9.9964E-05 0.0952905 0.334002 0.497964
9.9946E-05 0.071898 9.9946E-05 9.9946E-05 9.9946E-05 0.927502 9.9946E-05 9.9946E-05
0.333248 0.0943719 0.049869 9.99639E-05 9.99639E-05 0.522111 9.99639E-05 9.99639E-05
0.532372 9.99459E-05 9.99459E-05 9.99459E-05 9.99459E-05 0.467028 9.99459E-05 9.99459E-05
0.357836 9.9955E-05 0.293154 9.9955E-05 9.9955E-05 0.34851 9.9955E-05 9.9955E-05
0.154383 9.9964E-05 9.9964E-05 9.9964E-05 0.0294886 0.714092 9.9964E-05 0.101637
0.0188222 9.9973E-05 0.285287 9.9973E-05 0.111714 0.294758 0.289119 9.9973E-05
9.9964E-05 9.9964E-05 0.170467 0.0550384 9.9964E-05 0.670722 0.103373 9.9964E-05
9.9964E-05 9.9964E-05 0.154776 0.0100444 9.9964E-05 0.310832 0.523947 9.9964E-05
9.9964E-05 9.9964E-05 0.165228 9.9964E-05 0.0398047 0.322547 0.47202 9.9964E-05
9.9973E-05 9.9973E-05 0.153261 0.103904 9.9973E-05 0.279013 0.278541 0.18498
9.9964E-05 0.498673 9.9964E-05 0.0220331 0.16181 9.9964E-05 0.317084 9.9964E-05
9.9982E-05 0.157277 0.026907 0.266445 0.423494 9.9982E-05 0.114502 0.0111762
9.9964E-05 0.0834865 0.0773943 0.83752 9.9964E-05 9.9964E-05 0.00119914 9.9964E-05
9.9973E-05 0.584807 0.00672462 0.208749 0.0415719 0.157848 9.9973E-05 9.9973E-05
9.9964E-05 0.593975 9.9964E-05 0.329281 0.0460192 9.9964E-05 9.9964E-05 0.0303248
9.9955E-05 0.544135 9.9955E-05 0.277693 9.9955E-05 0.177672 9.9955E-05 9.9955E-05
0.451119 0.540282 9.99549E-05 9.99549E-05 9.99549E-05 0.00809932 9.99549E-05 9.99549E-05
0.107203 0.739927 9.9973E-05 9.9973E-05 9.9973E-05 0.0227389 0.0588484 0.0709831
0.0189867 0.40871 9.9964E-05 9.9964E-05 0.474846 9.9964E-05 9.9964E-05 0.0970567
9.9973E-05 0.356089 9.9973E-05 0.0490659 0.561855 0.0226023 0.0100875 9.9973E-05
0.0181932 0.353602 9.9973E-05 0.153872 0.294999 9.9973E-05 0.179033 9.9973E-05
9.99551E-05 9.99551E-05 9.99551E-05 0.551607 0.357102 9.99551E-05 0.0907906 9.99551E-05
0.239462 0.2821 9.99729E-05 0.196033 0.16417 9.99729E-05 0.117936 9.99729E-05
9.9964E-05 0.657678 9.9964E-05 0.12206 0.140105 9.9964E-05 0.0797568 9.9964E-05
0.177998 0.395625 9.9964E-05 9.9964E-05 0.267968 9.9964E-05 0.158009 9.9964E-05
9.9973E-05 0.594862 9.9973E-05 0.185731 0.0757464 9.9973E-05 0.125957 0.0174032
0.108748 0.649694 0.0232515 9.9973E-05 0.165139 9.9973E-05 0.0528668 9.9973E-05
9.9964E-05 0.414324 9.9964E-05 0.440199 9.9964E-05 0.100057 9.9964E-05 0.0450198
9.9964E-05 9.9964E-05 9.9964E-05 0.676267 0.143527 0.11846 0.0613465 9.9964E-05
0.00871777 0.389883 9.9973E-05 0.507202 9.9973E-05 0.0834887 9.9973E-05 0.0104083
9.9955E-05 0.568136 9.9955E-05 0.322506 9.9955E-05 9.9955E-05 9.9955E-05 0.108858
9.9946E-05 0.215688 9.9946E-05 0.783712 9.9946E-05 9.9946E-05 9.9946E-05 9.9946E-05
9.9964E-05 0.370975 9.9964E-05 0.461673 0.145932 9.9964E-05 0.0210206 9.9964E-05
0.0266306 0.867692 9.9955E-05 9.9955E-05 9.9955E-05 0.105178 9.9955E-05 9.9955E-05
9.9964E-05 0.382851 9.9964E-05 0.466346 9.9964E-05 0.0907543 9.9964E-05 0.0596492
9.99731E-05 9.99731E-05 0.737091 0.0473097 9.99731E-05 0.0733619 0.0401708 0.101767
0.223502 9.9964E-05 0.71587 0.00939205 9.9964E-05 9.9964E-05 0.0508362 9.9964E-05
0.176545 9.9964E-05 0.744693 0.0603788 9.9964E-05 9.9964E-05 0.0179828 9.9964E-05
9.9973E-05 9.9973E-05 0.657426 0.0557962 0.019055 0.0486315 9.9973E-05 0.218792
0.00833161 9.9973E-05 0.649846 9.9973E-05 0.0796515 0.176908 9.9973E-05 0.0849635
0.810235 9.9955E-05 0.0980071 9.9955E-05 9.9955E-05 9.9955E-05 9.9955E-05 0.0912579
0.297239 9.9973E-05 0.141804 0.0473963 9.9973E-05 0.00542898 9.9973E-05 0.507832
0.252812 9.9973E-05 0.123986 9.9973E-05 0.0732527 9.9973E-05 0.051301 0.498348
0.05542 9.9955E-05 0.295451 9.9955E-05 9.9955E-05 9.9955E-05 9.9955E-05 0.64863
0.250783 9.99549E-05 0.396842 9.99549E-05 9.99549E-05 9.99549E-05 9.99549E-05 0.351876
9.9955E-05 9.9955E-05 0.0646648 0.0407857 9.9955E-05 9.9955E-05 9.9955E-05 0.89405
9.9955E-05 9.9955E-05 9.9955E-05 0.0368314 9.9955E-05 9.9955E-05 0.0688949 0.893774
9.99729E-05 9.99729E-05 0.239295 9.99729E-05 0.00999103 0.0386155 0.108975 0.602824
0.0234308 0.0409073 0.137519 9.9973E-05 9.9973E-05 9.9973E-05 0.0495126 0.748331
0.264354 9.99549E-05 9.99549E-05 9.99549E-05 9.99549E-05 0.0962811 9.99549E-05 0.638865
0.0622411 9.9973E-05 0.0515933 9.9973E-05 9.9973E-05 0.0786607 0.051231 0.755974
9.9964E-05 0.0638684 0.140446 9.9964E-05 0.00264776 9.9964E-05 9.9964E-05 0.792638
9.9973E-05 0.0110948 0.187367 0.0414 9.9973E-05 9.9973E-05 0.0674012 0.692437
9.9964E-05 9.9964E-05 0.304926 9.9964E-05 0.0457695 9.9964E-05 0.137044 0.51186
0.0952212 9.9964E-05 0.70131 9.9964E-05 0.032035 0.171034 9.9964E-05 9.9964E-05
0.0132539 9.9964E-05 0.865009 9.9964E-05 9.9964E-05 0.0437684 0.0775689 9.9964E-05
0.0614362 9.99641E-05 0.801573 9.99641E-05 9.99641E-05 0.0220816 0.114509 9.99641E-05
0.123891 9.9955E-05 0.798206 9.9955E-05 9.9955E-05 9.9955E-05 0.0774029 9.9955E-05
0.0835437 0.0675747 0.741359 9.9973E-05 9.9973E-05 0.0452759 9.9973E-05 0.061947
9.9964E-05 9.9964E-05 0.796801 9.9964E-05 9.9964E-05 0.108185 0.0379851 0.0566297
9.9955E-05 9.9955E-05 0.715578 9.9955E-05 9.9955E-05 0.192677 0.0912455 9.9955E-05
9.9964E-05 0.00357737 0.83152 9.9964E-05 9.9964E-05 0.0866631 9.9964E-05 0.0778394
9.9964E-05 9.9964E-05 0.783832 0.0588502 9.9964E-05 0.0713173 9.9964E-05 0.0856001
9.9946E-05 9.9946E-05 0.748579 9.9946E-05 9.9946E-05 9.9946E-05 9.9946E-05 0.250821
9.9964E-05 9.9964E-05 0.686201 0.007318 9.9964E-05 9.9964E-05 0.111088 0.194993
9.9964E-05 9.9964E-05 0.90733 0.0257482 9.9964E-05 9.9964E-05 0.0174858 0.0490362
0.0494771 9.9973E-05 0.599991 9.9973E-05 9.9973E-05 0.108699 0.0693237 0.17221
0.00400157 0.0497657 0.726458 9.9973E-05 9.9973E-05 0.171156 9.9973E-05 0.0483187
0.0466558 9.9973E-05 0.616679 9.9973E-05 9.9973E-05 0.0636811 0.0789231 0.193761
9.997E-05 0.0251061 0.690562 9.997E-05 9.997E-05 0.0415415 0.0464947 0.195995
9.99641E-05 9.99641E-05 0.809474 9.99641E-05 0.0249152 0.0284018 9.99641E-05 0.136809
9.9964E-05 9.9964E-05 0.899644 0.0113145 9.9964E-05 0.0158213 0.0728208 9.9964E-05
0.0380529 0.0206116 0.642565 9.9964E-05 9.9964E-05 9.9964E-05 9.9964E-05 0.29837
0.235072 9.9955E-05 0.563544 9.9955E-05 9.9955E-05 9.9955E-05 0.200884 9.9955E-05
0.267609 9.9964E-05 0.63815 9.9964E-05 9.9964E-05 9.9964E-05 0.072303 0.0215378
0.121905 0.0262868 0.763705 9.9973E-05 9.9973E-05 9.9973E-05 0.0744078 0.0133957
9.9964E-05 9.9964E-05 0.805999 0.0062561 9.9964E-05 9.9964E-05 0.00716897 0.180176
9.9982E-05 9.9982E-05 0.689038 0.0756793 0.00468322 0.0207108 0.00597319 0.203716
9.9973E-05 0.0340283 0.69392 0.0187811 9.9973E-05 9.9973E-05 0.118989 0.133982
9.9955E-05 0.0508643 0.822214 9.9955E-05 9.9955E-05 9.9955E-05 9.9955E-05 0.126422
9.9973E-05 0.129443 0.537594 0.0469201 0.0928726 9.9973E-05 0.19287 9.9973E-05
9.9964E-05 0.220057 0.585544 0.187022 9.9964E-05 9.9964E-05 9.9964E-05 0.006977
0.0637522 0.0174467 0.880934 9.9973E-05 9.9973E-05 0.0140177 9.9973E-05 0.0235497
0.19833 9.9955E-05 0.753351 9.9955E-05 9.9955E-05 9.9955E-05 0.0478195 9.9955E-05
0.161515 9.9964E-05 0.696587 9.9964E-05 9.9964E-05 9.9964E-05 0.140881 0.000617155
0.176111 9.9955E-05 0.681146 9.9955E-05 9.9955E-05 9.9955E-05 0.142243 9.9955E-05
0.277118 9.9955E-05 0.583003 9.9955E-05 9.9955E-05 9.9955E-05 0.13938 9.9955E-05
9.9973E-05 9.9973E-05 0.900791 0.00840196 0.00408265 0.0314732 9.9973E-05 0.0549514
0.0986458 9.9964E-05 0.770147 9.9964E-05 9.9964E-05 9.9964E-05 0.100014 0.0307933
0.0077641 9.9973E-05 0.834666 9.9973E-05 0.0248374 9.9973E-05 0.0224006 0.110032
0.140504 9.997E-05 0.657888 9.997E-05 9.997E-05 0.0622809 0.0665969 0.0724302
0.170471 9.9946E-05 0.828929 9.9946E-05 9.9946E-05 9.9946E-05 9.9946E-05 9.9946E-05
0.27421 0.664904 0.0603858 9.9955E-05 9.9955E-05 9.9955E-05 9.9955E-05 9.9955E-05
9.9973E-05 0.883043 9.9973E-05 0.0727129 0.00253354 0.0168193 9.9973E-05 0.0245914
0.0611644 0.821577 9.9973E-05 9.9973E-05 0.0471965 0.0649219 9.9973E-05 0.00484029
0.0476805 0.364246 0.00223029 0.457891 9.9982E-05 0.00272176 9.9982E-05 0.125031
0.0484723 0.27422 0.0419885 0.537286 9.9973E-05 9.9973E-05 9.9973E-05 0.0977331
9.9955E-05 0.413949 0.00243433 0.583117 9.9955E-05 9.9955E-05 9.9955E-05 9.9955E-05
0.0609246 0.309543 0.0409241 0.206921 0.350552 9.9982E-05 0.0309362 9.9982E-05
0.16365 0.475279 9.9964E-05 0.0470192 0.313652 9.9964E-05 9.9964E-05 9.9964E-05
0.630304 0.232423 9.9955E-05 9.9955E-05 0.136773 9.9955E-05 9.9955E-05 9.9955E-05
9.99639E-05 0.185301 0.111233 0.582863 0.120203 9.99639E-05 9.99639E-05 9.99639E-05
9.99551E-05 9.99551E-05 9.99551E-05 0.964071 0.0254739 9.99551E-05 0.00995576 9.99551E-05
9.9955E-05 9.9955E-05 9.9955E-05 0.950871 9.9955E-05 0.00992806 0.0387009 9.9955E-05
9.9955E-05 9.9955E-05 9.9955E-05 0.913325 0.0484376 9.9955E-05 9.9955E-05 0.0377381
