0.114125 0.424968 9.9982E-05 9.9982E-05 0.460706
0.364693 0.400971 9.9991E-05 0.134535 0.0997
0.118624 0.491972 9.9991E-05 0.0453086 0.343995
9.999E-05 0.375221 0.0670601 0.151644 0.405975
9.9982E-05 0.658081 0.0572867 9.9982E-05 0.284432
9.999E-05 0.437628 0.0200643 0.0423264 0.499881
0.953625 9.9973E-05 9.9973E-05 0.0460752 9.9973E-05
0.620044 0.14799 0.172831 0.0130188 0.0461156
0.723429 0.00976073 0.26661 9.9982E-05 9.9982E-05
0.745558 9.9982E-05 0.204802 9.9982E-05 0.0494401
0.858958 0.00801571 0.132827 9.9982E-05 9.9982E-05
0.910268 0.0293228 0.0405224 9.9991E-05 0.0197866
0.565803 9.9973E-05 0.433897 9.9973E-05 9.9973E-05
0.538264 9.9982E-05 0.44984 9.9982E-05 0.0116965
0.77828 0.00978607 0.209549 0.00228509 9.9991E-05
0.925972 9.99731E-05 0.0737283 9.99731E-05 9.99731E-05
0.0142076 0.269894 0.0342972 0.129313 0.552288
9.9982E-05 9.9982E-05 0.103043 0.584931 0.311827
9.9982E-05 9.9982E-05 0.0869674 0.184336 0.728497
9.999E-05 0.107881 0.114633 0.094455 0.682931
9.999E-05 0.194484 0.0661718 0.399392 0.339852
9.9982E-05 9.9982E-05 0.0832605 0.342491 0.574048
0.288696 0.179085 9.9982E-05 9.9982E-05 0.53202
0.0727034 0.194279 9.9982E-05 9.9982E-05 0.732818
0.0362401 0.0408943 9.9982E-05 9.9982E-05 0.922666
9.9982E-05 0.151024 9.9982E-05 0.0491865 0.79959
9.9982E-05 0.27434 0.187124 9.9982E-05 0.538336
9.9982E-05 0.343078 0.127477 9.9982E-05 0.529245
0.0767993 0.520325 0.0285593 0.268542 0.105774
0.00453722 0.306709 0.116591 0.425675 0.146487
0.191173 9.9982E-05 9.9982E-05 0.513763 0.294863
0.0928326 0.376867 0.0702679 0.226867 0.233166
9.9982E-05 0.260341 9.9982E-05 0.267954 0.471506
0.149723 9.9973E-05 9.9973E-05 9.9973E-05 0.849978
0.291661 9.9982E-05 9.9982E-05 0.0571012 0.651037
0.0988577 0.116462 0.00648854 0.113213 0.664978
0.197721 9.9991E-05 0.174483 0.145311 0.482384
0.187108 0.0608849 9.9982E-05 9.9982E-05 0.751807
0.0991168 9.9991E-05 0.00341125 0.196546 0.700826
0.0290869 9.9991E-05 0.0581049 0.138508 0.7742
9.9982E-05 0.292038 9.9982E-05 0.243991 0.463771
9.9991E-05 0.430713 0.104164 0.098004 0.367019
9.9991E-05 0.247812 0.173829 0.171416 0.406843
0.0894212 0.51013 0.0804973 9.9991E-05 0.319852
0.000645564 0.316619 9.9991E-05 0.0564629 0.626173
9.9991E-05 0.0959151 0.0305537 0.181107 0.692324
9.9982E-05 9.9982E-05 0.136791 0.570924 0.292085
0.025031 0.0624175 0.0514728 0.778694 0.0823849
9.997E-05 9.997E-05 9.997E-05 0.9996 9.997E-05
9.9982E-05 0.199184 9.9982E-05 0.71636 0.0842564
9.9982E-05 9.9982E-05 0.0853942 0.668033 0.246373
0.212996 0.142459 9.9991E-05 0.172354 0.472091
9.9982E-05 9.9982E-05 0.128689 0.380271 0.49084
0.0193071 0.0447403 0.00911869 0.181793 0.745041
0.0835802 0.000764245 9.9991E-05 0.163088 0.752468
9.9991E-05 0.127727 0.124634 0.0207773 0.726762
0.501885 9.9982E-05 0.229291 9.9982E-05 0.268624
0.375719 0.00809983 0.444795 9.9991E-05 0.171286
0.0628146 0.0507936 0.886192 9.9982E-05 9.9982E-05
0.420328 9.9991E-05 0.456694 0.0696321 0.0532454
0.423186 9.9973E-05 0.576514 9.9973E-05 9.9973E-05
0.172585 0.0374423 0.635262 0.154611 9.9991E-05
0.765335 9.99729E-05 9.99729E-05 0.234365 9.99729E-05
0.796113 0.0198901 0.0888834 9.9991E-05 0.0950138
0.742218 0.0246297 0.232952 9.9982E-05 9.9982E-05
0.603469 9.9973E-05 0.396231 9.9973E-05 9.9973E-05
0.535478 9.9982E-05 0.281802 9.9982E-05 0.18252
0.271289 9.99821E-05 0.607683 9.99821E-05 0.120828
0.73905 9.9982E-05 0.156488 9.9982E-05 0.104262
0.63696 9.9982E-05 0.354705 9.9982E-05 0.00813534
0.791612 0.0316639 0.0705835 9.9991E-05 0.106041
0.438934 9.9982E-05 0.442029 9.9982E-05 0.118838
0.889891 9.9982E-05 0.0586747 9.9982E-05 0.0512345
0.193247 0.0270048 0.688136 0.091512 9.9991E-05
0.200087 9.9982E-05 0.68349 9.9982E-05 0.116223
0.0897561 9.9982E-05 0.779362 0.130682 9.9982E-05
0.394755 0.0391656 0.551074 0.014906 9.9991E-05
9.9973E-05 0.0138678 0.985832 9.9973E-05 9.9973E-05
0.371565 9.9973E-05 0.628135 9.9973E-05 9.9973E-05
0.762677 9.9982E-05 0.162444 0.0746789 9.9982E-05
0.0668984 0.00312667 0.755011 0.174864 9.9991E-05
9.9982E-05 0.795197 0.0602094 9.9982E-05 0.144393
0.155106 0.782583 9.9982E-05 0.0621108 9.9982E-05
0.17107 0.82863 9.99731E-05 9.99731E-05 9.99731E-05
9.9991E-05 0.81732 0.137304 0.0391091 0.00616771
9.9982E-05 0.662767 0.0306118 0.306421 9.9982E-05
0.0168675 0.162904 9.9982E-05 0.820029 9.9982E-05
0.168999 0.582603 9.9991E-05 0.169285 0.0790128
0.178891 0.556178 9.9991E-05 0.172389 0.0924419
9.9991E-05 0.721225 0.0840638 0.173924 0.0206866
9.9973E-05 0.73658 9.9973E-05 0.26312 9.9973E-05
9.9982E-05 0.722495 0.216208 9.9982E-05 0.0610968
9.9982E-05 0.479038 0.10177 9.9982E-05 0.418992
9.9982E-05 0.621742 0.066735 9.9982E-05 0.311324
0.004717 0.587709 0.103557 0.0436047 0.260412
0.00279433 0.405655 0.0633247 0.4801 0.0481256
9.9991E-05 0.415812 0.018314 0.170838 0.394936
9.9982E-05 0.697951 0.140295 9.9982E-05 0.161555
9.9982E-05 0.567434 0.115407 9.9982E-05 0.316958
0.0807448 0.598477 9.9982E-05 9.9982E-05 0.320578
9.9982E-05 0.620715 9.9982E-05 0.272546 0.106539
9.9982E-05 0.876413 9.9982E-05 0.0666371 0.0567504
9.9982E-05 0.811887 9.9982E-05 0.124999 0.062914
0.0341413 0.861309 9.9982E-05 0.104349 9.9982E-05
0.0165344 0.736595 0.0359467 0.210824 9.9991E-05
9.9982E-05 0.831191 0.0262323 9.9982E-05 0.142377
9.9991E-05 0.713058 0.046684 0.0429286 0.197229
9.9982E-05 0.903546 0.0922108 0.00404371 9.9982E-05
9.9973E-05 0.884266 0.115434 9.9973E-05 9.9973E-05
9.9982E-05 0.900829 0.0654026 9.9982E-05 0.0335689
9.9982E-05 0.838875 0.0535808 9.9982E-05 0.107344
9.9982E-05 0.972401 0.00529203 9.9982E-05 0.0221068
9.9982E-05 0.663686 9.9982E-05 0.169756 0.166358
9.9991E-05 0.741487 0.0907523 0.108313 0.0593482
0.0571506 0.824216 9.9991E-05 0.0578566 0.0606769
9.9991E-05 0.875817 0.0713558 0.00380358 0.0489241
9.9982E-05 0.890512 0.0328268 0.0764609 9.9982E-05
9.9982E-05 0.912973 0.0371749 9.9982E-05 0.0496521
9.9991E-05 0.882829 0.0209362 0.0850832 0.0110515
0.162467 0.837233 9.99731E-05 9.99731E-05 9.99731E-05
0.111637 0.810592 9.9982E-05 0.0775703 9.9982E-05
0.0928799 0.885323 9.9991E-05 0.016447 0.00525053
9.9982E-05 0.940873 0.0419502 9.9982E-05 0.0169768
0.00599239 0.783068 0.109687 9.9991E-05 0.101152
9.9982E-05 0.847023 0.0544175 9.9982E-05 0.0983597
0.00491104 0.909697 0.0602869 0.0124264 0.0126787
0.100841 0.550355 0.211698 9.9991E-05 0.137006
0.0769192 0.599808 0.323073 9.9982E-05 9.9982E-05
0.00602366 0.86912 9.9982E-05 0.124657 9.9982E-05
9.99756E-05 0.813721 9.99756E-05 0.185979 9.99756E-05
0.131399 0.868302 9.9973E-05 9.9973E-05 9.9973E-05
0.0883082 0.911392 9.9973E-05 9.9973E-05 9.9973E-05
0.0127554 0.632283 9.9991E-05 0.290478 0.0643833
9.9982E-05 0.895131 0.0191944 0.0854745 9.9982E-05
0.0519856 0.843381 9.9982E-05 0.104433 9.9982E-05
0.0406848 0.933357 9.9991E-05 0.0137144 0.0121441
9.9982E-05 0.793581 9.9982E-05 0.15379 0.0524286
0.0684342 0.854822 9.9982E-05 0.0765435 9.9982E-05
0.729472 0.0375026 0.0668139 0.166112 9.9991E-05
0.579882 0.0066766 0.413242 9.9982E-05 9.9982E-05
0.584717 9.9982E-05 0.282345 0.132738 9.9982E-05
0.183933 0.046597 0.66591 0.103459 9.9991E-05
0.190192 0.0919667 0.690921 0.0268212 9.9991E-05
0.169429 9.9982E-05 0.808391 0.0219806 9.9982E-05
0.609149 0.0330582 0.340582 9.9991E-05 0.0171105
0.820597 0.00143805 0.1761 0.00176493 9.9991E-05
0.73608 9.99731E-05 9.99731E-05 0.26362 9.99731E-05
0.289658 0.0712737 0.638868 9.9982E-05 9.9982E-05
9.99731E-05 9.99731E-05 0.972965 9.99731E-05 0.0267356
9.9973E-05 9.9973E-05 0.969529 9.9973E-05 0.0301713
9.9982E-05 0.0353546 0.934926 9.9982E-05 0.029519
