9.9991E-05 0.736198 0.263702
9.9991E-05 0.489439 0.510461
0.0449996 0.727338 0.227663
0.0793811 0.725358 0.19526
0.0895535 0.910346 9.9991E-05
0.0542738 0.878088 0.0676385
0.413392 9.9991E-05 0.586508
0.523867 0.124548 0.351586
0.676699 9.9991E-05 0.323201
0.601472 9.9991E-05 0.398428
0.510214 9.9991E-05 0.489686
0.514662 0.0225806 0.462758
0.800934 9.9991E-05 0.198966
0.77965 9.9991E-05 0.22025
0.553903 9.9991E-05 0.445997
0.511759 9.9991E-05 0.488141
0.0935381 0.675727 0.230735
0.0847886 0.381823 0.533389
0.184941 0.50437 0.310688
0.212682 0.63976 0.147558
0.0778209 0.552676 0.369503
0.154579 0.499913 0.345507
0.0817734 0.560747 0.35748
0.178856 0.722909 0.0982348
0.18468 0.679022 0.136298
0.073013 0.756885 0.170102
0.276358 0.723542 9.9991E-05
0.231488 0.768412 9.9991E-05
0.0509568 0.694074 0.25497
0.0602104 0.572474 0.367316
9.9991E-05 0.342192 0.657708
0.109186 0.619183 0.271632
9.9991E-05 0.703513 0.296387
0.175734 0.566628 0.257638
0.0236797 0.344245 0.632076
0.115844 0.606633 0.277523
0.355656 0.294485 0.349859
0.206271 0.56618 0.227549
0.138114 0.480204 0.381682
0.187121 0.608938 0.203942
9.9991E-05 0.684408 0.315492
0.137722 0.749739 0.112539
0.209779 0.672887 0.117334
0.184796 0.735459 0.0797449
9.9991E-05 0.768132 0.231768
0.100366 0.658209 0.241426
0.137626 0.23805 0.624324
9.9991E-05 0.282158 0.717742
9.9991E-05 0.201018 0.798882
9.9991E-05 0.443391 0.556509
0.0493931 0.333306 0.617301
0.0773776 0.49329 0.429333
0.139482 0.467671 0.392847
0.0857583 0.612062 0.302179
0.0890296 0.508155 0.402815
0.222068 0.69988 0.0780517
0.55821 0.156682 0.285108
0.747193 0.115779 0.137028
0.937058 0.0628417 9.9991E-05
0.715708 0.00484902 0.279443
0.861112 9.9991E-05 0.138788
0.769921 0.0435759 0.186503
0.148228 9.9991E-05 0.851672
0.424912 0.0177359 0.557352
0.651678 9.9991E-05 0.348222
0.733212 9.9991E-05 0.266688
0.630478 0.0284835 0.341039
0.962475 9.9991E-05 0.0374246
0.493911 9.9991E-05 0.505989
0.745336 9.9991E-05 0.254564
0.496169 9.9991E-05 0.503731
0.772486 0.0177336 0.209781
0.498691 9.9991E-05 0.501209
0.848633 0.0697994 0.0815678
0.855358 0.0439952 0.100647
0.839729 9.9991E-05 0.160171
0.815362 9.9991E-05 0.184538
0.995874 0.00402639 9.9991E-05
0.849442 9.9991E-05 0.150458
0.492761 9.9991E-05 0.507139
0.856299 0.0451526 0.0985484
0.0641123 0.935788 9.9991E-05
9.9991E-05 0.799761 0.200139
0.0125989 0.863431 0.12397
0.114889 0.885011 9.9991E-05
0.00202054 0.820137 0.177843
9.9991E-05 0.352321 0.647579
0.0461209 0.683924 0.269955
0.02386 0.67195 0.30419
0.0307085 0.889997 0.0792941
9.9991E-05 0.80872 0.19118
0.181833 0.818067 9.9991E-05
0.15437 0.84553 9.9991E-05
0.101993 0.897907 9.9991E-05
0.120014 0.808576 0.0714101
0.0110256 0.563065 0.425909
0.064127 0.783839 0.152034
0.156511 0.843389 9.9991E-05
0.157821 0.842079 9.9991E-05
0.0670721 0.867425 0.0655033
9.9991E-05 0.795866 0.204035
9.9991E-05 0.976977 0.0229229
9.9991E-05 0.916849 0.0830506
9.9991E-05 0.88395 0.11595
0.0488652 0.842533 0.108601
0.0366966 0.963203 9.9991E-05
0.0462769 0.921528 0.032195
0.0252465 0.974654 9.9991E-05
0.084594 0.906843 0.00856317
0.0395661 0.960334 9.9991E-05
0.0478797 0.95202 9.9991E-05
9.999E-05 0.9998 9.999E-05
9.9991E-05 0.900277 0.0996234
0.0961054 0.85705 0.0468447
9.9991E-05 0.901238 0.098662
0.0127412 0.929749 0.05751
0.0227625 0.977138 9.9991E-05
0.0274762 0.972424 9.9991E-05
9.9991E-05 0.966222 0.0336777
9.9991E-05 0.783371 0.216529
9.9991E-05 0.7986 0.2013
0.00239896 0.915682 0.0819186
9.999E-05 0.9998 9.999E-05
0.110579 0.889321 9.9991E-05
0.0783871 0.921513 9.9991E-05
0.0215676 0.978332 9.9991E-05
0.336779 0.663121 9.9991E-05
0.384726 0.615174 9.9991E-05
9.9991E-05 0.916801 0.0830993
9.9991E-05 0.830239 0.169661
9.9991E-05 0.808924 0.190976
9.9991E-05 0.872383 0.127517
9.9991E-05 0.713814 0.286086
0.0202354 0.979665 9.9991E-05
9.9991E-05 0.851287 0.148613
9.9991E-05 0.984015 0.0158847
9.9991E-05 0.858709 0.141191
9.9991E-05 0.885758 0.114142
0.354666 0.00962613 0.635707
0.685057 9.9991E-05 0.314843
0.615103 9.9991E-05 0.384797
0.768819 0.118283 0.112898
0.830975 0.128594 0.0404311
0.973223 0.0264545 0.000322236
0.690669 9.9991E-05 0.309231
0.545227 9.9991E-05 0.454673
0.120893 9.9991E-05 0.879007
0.836611 0.0853216 0.0780677
0.9998 9.999E-05 9.999E-05
0.991711 0.00818946 9.9991E-05
0.952972 0.0469283 9.9991E-05
