0.16731 9.9973E-05 9.9973E-05 0.147264 0.030025 0.0085975 0.434842 9.9973E-05 0.018294 0.193368
9.9964E-05 0.0956624 9.9964E-05 0.0669001 9.9964E-05 9.9964E-05 0.224061 0.0284743 0.251408 0.333094
0.0894128 9.9964E-05 9.9964E-05 0.249878 9.9964E-05 0.114045 0.349853 9.9964E-05 0.175062 0.0213497
9.9955E-05 9.9955E-05 9.9955E-05 0.00624284 0.0637125 0.224974 0.592244 9.9955E-05 9.9955E-05 0.112327
0.150371 9.9946E-05 9.9946E-05 0.59855 9.9946E-05 0.124786 0.125693 9.9946E-05 9.9946E-05 9.9946E-05
0.0931987 9.9955E-05 9.9955E-05 0.0288441 9.9955E-05 0.286013 0.469972 9.9955E-05 9.9955E-05 0.121472
9.9946E-05 0.550971 9.9946E-05 9.9946E-05 0.247675 9.9946E-05 9.9946E-05 0.0604422 0.140312 9.9946E-05
0.0989628 0.713066 0.0278288 0.1382 9.9955E-05 9.9955E-05 9.9955E-05 0.0214421 9.9955E-05 9.9955E-05
9.9937E-05 0.764761 9.9937E-05 9.9937E-05 0.14986 0.0846789 9.9937E-05 9.9937E-05 9.9937E-05 9.9937E-05
9.9946E-05 0.364489 9.9946E-05 9.9946E-05 0.579549 9.9946E-05 0.0169627 0.0384 9.9946E-05 9.9946E-05
9.9946E-05 0.803486 9.9946E-05 9.9946E-05 0.0402558 9.9946E-05 0.0196032 9.9946E-05 0.136056 9.9946E-05
0.0317648 0.234531 0.0198227 0.0360875 0.265679 9.99639E-05 9.99639E-05 9.99639E-05 0.411715 9.99639E-05
9.9955E-05 0.488402 0.146846 0.00657508 0.342112 9.9955E-05 0.015565 9.9955E-05 9.9955E-05 9.9955E-05
9.99371E-05 0.722054 0.174038 9.99371E-05 0.103208 9.99371E-05 9.99371E-05 9.99371E-05 9.99371E-05 9.99371E-05
9.9946E-05 0.842015 0.0114431 9.9946E-05 0.0955025 9.9946E-05 9.9946E-05 0.0504398 9.9946E-05 9.9946E-05
9.99281E-05 0.914818 9.99281E-05 9.99281E-05 9.99281E-05 9.99281E-05 9.99281E-05 9.99281E-05 0.0843823 9.99281E-05
0.484039 9.9955E-05 9.9955E-05 0.387774 9.9955E-05 0.00669577 9.9955E-05 0.119171 0.00182106 9.9955E-05
0.010622 9.9964E-05 0.101648 0.0356306 9.9964E-05 9.9964E-05 0.304134 0.474915 0.0726513 9.9964E-05
0.616801 9.9937E-05 9.9937E-05 9.9937E-05 9.9937E-05 0.21125 9.9937E-05 0.171249 9.9937E-05 9.9937E-05
0.26319 9.99639E-05 0.105264 0.136343 9.99639E-05 0.136848 0.246221 0.111734 9.99639E-05 9.99639E-05
9.99459E-05 9.99459E-05 9.99459E-05 0.194956 0.0525396 9.99459E-05 0.314662 0.437243 9.99459E-05 9.99459E-05
0.248671 9.99459E-05 0.00349401 9.99459E-05 9.99459E-05 9.99459E-05 0.403167 0.344069 9.99459E-05 9.99459E-05
0.537038 9.9946E-05 9.9946E-05 0.15373 9.9946E-05 9.9946E-05 9.9946E-05 9.9946E-05 0.168194 0.140438
0.482157 9.9955E-05 9.9955E-05 0.266445 0.0398901 9.9955E-05 0.0686823 9.9955E-05 9.9955E-05 0.142326
0.749328 9.99461E-05 9.99461E-05 0.0384964 9.99461E-05 0.175195 0.036381 9.99461E-05 9.99461E-05 9.99461E-05
0.190117 9.9946E-05 9.9946E-05 0.0599617 9.9946E-05 9.9946E-05 0.666935 9.9946E-05 9.9946E-05 0.0823871
0.52153 9.9937E-05 0.0986647 0.379106 9.9937E-05 9.9937E-05 9.9937E-05 9.9937E-05 9.9937E-05 9.9937E-05
0.401598 9.9955E-05 0.0389748 0.430934 9.9955E-05 0.0773146 0.0506783 9.9955E-05 9.9955E-05 9.9955E-05
9.9955E-05 0.093152 9.9955E-05 0.355952 9.9955E-05 9.9955E-05 0.215851 0.193977 9.9955E-05 0.140568
9.9964E-05 0.0550321 9.9964E-05 0.236727 0.0639703 9.9964E-05 0.254841 0.313082 9.9964E-05 0.0759477
9.993E-05 9.993E-05 9.993E-05 9.993E-05 9.993E-05 9.993E-05 0.455414 0.130375 0.413512 9.993E-05
9.99639E-05 9.99639E-05 0.00446283 0.242724 9.99639E-05 0.128856 0.341576 0.0449909 0.236991 9.99639E-05
0.0292373 9.9964E-05 9.9964E-05 0.134131 9.9964E-05 0.140862 0.525392 0.07174 0.0982378 9.9964E-05
0.660889 9.99459E-05 9.99459E-05 9.99459E-05 0.0246027 9.99459E-05 0.190501 9.99459E-05 9.99459E-05 0.123408
0.59877 9.99369E-05 9.99369E-05 9.99369E-05 9.99369E-05 9.99369E-05 9.99369E-05 9.99369E-05 0.288365 0.112165
0.425895 0.0187528 9.9964E-05 0.240516 9.9964E-05 9.9964E-05 0.186148 0.0587047 0.0695835 9.9964E-05
0.315918 9.9955E-05 0.172865 9.9955E-05 9.9955E-05 0.0720038 0.182404 9.9955E-05 0.256309 9.9955E-05
0.690538 9.9955E-05 0.00877786 0.066366 9.9955E-05 0.163615 9.9955E-05 9.9955E-05 0.0702033 9.9955E-05
0.330565 9.9955E-05 9.9955E-05 9.9955E-05 0.114263 9.9955E-05 0.296951 0.110589 9.9955E-05 0.147132
0.692103 9.9955E-05 9.9955E-05 0.0730645 9.9955E-05 0.142673 0.0095582 0.0821018 9.9955E-05 9.9955E-05
9.99281E-05 9.99281E-05 9.99281E-05 9.99281E-05 9.99281E-05 9.99281E-05 0.526463 9.99281E-05 9.99281E-05 0.472738
9.9955E-05 9.9955E-05 0.100281 0.129874 9.9955E-05 0.116257 0.421016 9.9955E-05 9.9955E-05 0.232072
9.9964E-05 9.9964E-05 0.0188581 0.021367 0.107793 0.231857 0.554523 0.065202 9.9964E-05 9.9964E-05
0.172847 9.99459E-05 0.112591 9.99459E-05 9.99459E-05 0.203452 9.99459E-05 9.99459E-05 9.99459E-05 0.51051
9.9937E-05 0.0193639 9.9937E-05 9.9937E-05 9.9937E-05 9.9937E-05 0.826129 9.9937E-05 9.9937E-05 0.153807
9.9946E-05 9.9946E-05 9.9946E-05 9.9946E-05 0.0304571 0.0165532 0.930454 9.9946E-05 0.0219363 9.9946E-05
0.299814 9.99369E-05 0.0942844 9.99369E-05 9.99369E-05 9.99369E-05 9.99369E-05 0.605202 9.99369E-05 9.99369E-05
0.0119612 9.99549E-05 0.0152276 9.99549E-05 9.99549E-05 9.99549E-05 9.99549E-05 0.69172 0.131238 0.149353
9.9937E-05 9.9937E-05 9.9937E-05 9.9937E-05 9.9937E-05 9.9937E-05 9.9937E-05 0.868826 0.0414523 0.0890225
0.0611375 9.9937E-05 9.9937E-05 9.9937E-05 9.9937E-05 9.9937E-05 9.9937E-05 0.656431 9.9937E-05 0.281732
0.079137 0.0180941 0.00393385 9.99549E-05 9.99549E-05 9.99549E-05 0.177116 0.721219 9.99549E-05 9.99549E-05
0.415559 0.139825 9.9964E-05 9.9964E-05 0.0118967 9.9964E-05 0.0218625 0.174967 9.9964E-05 0.235491
0.453592 9.9955E-05 0.0718379 0.0246629 9.9955E-05 9.9955E-05 0.0257507 0.423657 9.9955E-05 9.9955E-05
0.532939 9.9955E-05 0.0172999 9.9955E-05 9.9955E-05 9.9955E-05 0.165057 0.0325985 9.9955E-05 0.251606
0.547501 0.0588955 9.99549E-05 9.99549E-05 9.99549E-05 9.99549E-05 0.125046 0.0211939 9.99549E-05 0.246864
0.282084 9.99459E-05 0.0721144 0.0922371 9.99459E-05 9.99459E-05 0.552965 9.99459E-05 9.99459E-05 9.99459E-05
0.0969354 9.9937E-05 9.9937E-05 9.9937E-05 0.740226 9.9937E-05 9.9937E-05 9.9937E-05 9.9937E-05 0.162139
0.0651112 0.015599 0.0657561 0.0713554 0.740617 9.9964E-05 9.9964E-05 9.9964E-05 9.9964E-05 0.0411614
0.00709586 0.057778 0.85977 0.0495198 9.9955E-05 9.9955E-05 9.9955E-05 9.9955E-05 9.9955E-05 0.025337
0.00788857 0.170371 0.499708 9.9973E-05 0.0812186 9.9973E-05 9.9973E-05 0.00543086 0.14523 0.0898532
9.99639E-05 0.0998524 0.54289 9.99639E-05 0.160602 0.0309521 9.99639E-05 9.99639E-05 0.157127 0.00817693
9.99459E-05 9.99459E-05 0.696602 9.99459E-05 9.99459E-05 9.99459E-05 9.99459E-05 0.0754393 0.189759 0.0376004
9.99369E-05 9.99369E-05 9.99369E-05 9.99369E-05 0.0652226 9.99369E-05 9.99369E-05 0.100835 0.833243 9.99369E-05
0.0373035 9.99549E-05 0.195551 0.00671953 9.99549E-05 9.99549E-05 0.0495158 9.99549E-05 0.710411 9.99549E-05
9.99459E-05 0.0731272 9.99459E-05 9.99459E-05 0.680749 0.096015 9.99459E-05 9.99459E-05 0.149509 9.99459E-05
9.9937E-05 0.0443109 9.9937E-05 9.9937E-05 0.923418 9.9937E-05 9.9937E-05 0.0315719 9.9937E-05 9.9937E-05
0.00289597 9.9946E-05 9.9946E-05 0.0459776 0.871907 9.9946E-05 0.0786195 9.9946E-05 9.9946E-05 9.9946E-05
0.0774033 0.135454 0.390516 9.99462E-05 0.396027 9.99462E-05 9.99462E-05 9.99462E-05 9.99462E-05 9.99462E-05
0.0615974 9.9955E-05 0.0530238 9.9955E-05 0.512975 9.9955E-05 9.9955E-05 9.9955E-05 0.358316 0.013588
0.137601 0.129507 0.251984 9.9955E-05 0.342154 9.9955E-05 9.9955E-05 9.9955E-05 0.138254 9.9955E-05
0.145947 0.0998502 0.0736649 9.9964E-05 0.1169 0.0182815 9.9964E-05 9.9964E-05 0.544956 9.9964E-05
0.0265146 9.9955E-05 0.177821 0.105652 0.656017 9.9955E-05 9.9955E-05 9.9955E-05 0.0334951 9.9955E-05
9.99459E-05 9.99459E-05 0.0554493 0.0594554 0.27475 9.99459E-05 9.99459E-05 9.99459E-05 0.609745 9.99459E-05
9.9973E-05 0.024088 0.653121 0.0377941 0.144972 9.9973E-05 0.0102994 0.0700693 0.0593567 9.9973E-05
0.0459895 0.0289086 0.524032 9.9955E-05 0.23393 9.9955E-05 0.16664 9.9955E-05 9.9955E-05 9.9955E-05
9.9964E-05 9.9964E-05 0.525769 0.000635686 0.317072 0.00840338 9.9964E-05 0.0955587 0.0521618 9.9964E-05
9.9946E-05 9.9946E-05 0.359173 9.9946E-05 0.384513 0.139639 9.9946E-05 9.9946E-05 0.116075 9.9946E-05
9.9937E-05 9.9937E-05 0.927377 9.9937E-05 0.0351831 0.03674 9.9937E-05 9.9937E-05 9.9937E-05 9.9937E-05
0.00975121 0.161725 0.562429 9.9955E-05 0.216408 9.9955E-05 9.9955E-05 9.9955E-05 9.9955E-05 0.0491872
0.0156968 9.99549E-05 0.21254 9.99549E-05 0.192251 9.99549E-05 9.99549E-05 0.0968838 0.482129 9.99549E-05
9.9955E-05 9.9955E-05 0.671404 9.9955E-05 0.109205 9.9955E-05 0.070842 0.128426 0.0196232 9.9955E-05
0.0446489 9.99462E-05 0.0472535 0.809036 9.99462E-05 9.99462E-05 0.098462 9.99462E-05 9.99462E-05 9.99462E-05
9.9955E-05 9.9955E-05 0.115411 0.0668581 9.9955E-05 0.000773666 0.048905 9.9955E-05 9.9955E-05 0.767552
9.9937E-05 9.9937E-05 0.116214 0.155201 9.9937E-05 9.9937E-05 9.9937E-05 9.9937E-05 9.9937E-05 0.727886
9.9946E-05 9.9946E-05 9.9946E-05 0.673528 0.046812 0.133212 9.9946E-05 0.145848 9.9946E-05 9.9946E-05
9.9946E-05 0.0272768 9.9946E-05 0.557093 9.9946E-05 9.9946E-05 9.9946E-05 0.335222 9.9946E-05 0.0798087
9.99372E-05 9.99372E-05 9.99372E-05 9.99372E-05 9.99372E-05 9.99372E-05 9.99372E-05 0.483198 0.219608 0.296495
9.99551E-05 0.0425292 9.99551E-05 9.99551E-05 9.99551E-05 0.518522 9.99551E-05 0.0986893 0.0751667 0.264593
9.9964E-05 0.0304937 9.9964E-05 9.9964E-05 9.9964E-05 0.436884 0.0326368 0.113334 0.0756354 0.310615
9.9955E-05 9.9955E-05 9.9955E-05 0.267946 9.9955E-05 0.571314 0.00824475 0.113332 9.9955E-05 0.0386631
9.9955E-05 9.9955E-05 9.9955E-05 0.0810965 9.9955E-05 0.427494 9.9955E-05 0.168805 0.0118402 0.310265
9.9937E-05 9.9937E-05 0.0185435 0.0022999 9.9937E-05 0.978457 9.9937E-05 9.9937E-05 9.9937E-05 9.9937E-05
0.0449575 9.9937E-05 9.9937E-05 9.9937E-05 9.9937E-05 0.84522 0.109123 9.9937E-05 9.9937E-05 9.9937E-05
0.055629 0.032038 9.99549E-05 0.280751 9.99549E-05 0.486488 0.144594 9.99549E-05 9.99549E-05 9.99549E-05
0.0629592 9.9964E-05 9.9964E-05 0.0141324 9.9964E-05 0.833975 0.0087172 9.9964E-05 0.0289509 0.0508651
9.9946E-05 9.9946E-05 9.9946E-05 9.9946E-05 9.9946E-05 0.613587 0.0151152 0.313965 0.0567326 9.9946E-05
0.0991764 9.9964E-05 9.9964E-05 0.00199796 9.9964E-05 0.696771 0.0625959 0.11727 9.9964E-05 0.021789
9.9937E-05 9.9937E-05 9.9937E-05 0.199001 0.0543768 0.745922 9.9937E-05 9.9937E-05 9.9937E-05 9.9937E-05
0.125554 9.9946E-05 0.0219821 0.127327 9.9946E-05 0.724537 9.9946E-05 9.9946E-05 9.9946E-05 9.9946E-05
0.101547 0.0033431 9.9964E-05 0.0833003 9.9964E-05 0.562274 0.04249 9.9964E-05 9.9964E-05 0.206646
0.0124805 9.9964E-05 9.9964E-05 0.325694 0.0154444 0.0592004 9.9964E-05 0.216482 9.9964E-05 0.370298
9.99459E-05 9.99459E-05 9.99459E-05 0.444859 9.99459E-05 9.99459E-05 0.161992 0.0124 9.99459E-05 0.38015
0.0904986 9.9946E-05 9.9946E-05 0.357567 9.9946E-05 9.9946E-05 9.9946E-05 0.0500547 9.9946E-05 0.50128
9.9937E-05 9.9937E-05 9.9937E-05 0.359018 9.9937E-05 9.9937E-05 9.9937E-05 0.0292317 9.9937E-05 0.61105
9.9937E-05 9.9937E-05 9.9937E-05 0.720168 9.9937E-05 9.9937E-05 9.9937E-05 0.266508 0.0126238 9.9937E-05
0.00630418 9.9955E-05 9.9955E-05 0.840587 0.0102726 9.9955E-05 0.0856458 0.0566903 9.9955E-05 9.9955E-05
0.208211 9.9946E-05 9.9946E-05 0.671526 9.9946E-05 9.9946E-05 9.9946E-05 0.0882942 9.9946E-05 0.0313689
9.99371E-05 9.99371E-05 9.99371E-05 0.89401 0.00524641 9.99371E-05 9.99371E-05 0.100044 9.99371E-05 9.99371E-05
9.9964E-05 9.9964E-05 9.9964E-05 0.820502 0.0421061 0.0311965 0.0185736 0.0871017 0.000119817 9.9964E-05
0.0215793 9.9955E-05 9.9955E-05 0.685274 9.9955E-05 0.228619 0.046065 9.9955E-05 9.9955E-05 0.0179634
0.0659132 9.9946E-05 9.9946E-05 0.840685 9.9946E-05 9.9946E-05 0.0768994 9.9946E-05 9.9946E-05 0.0159031
0.0145532 9.9946E-05 9.9946E-05 0.841883 9.9946E-05 0.0537545 9.9946E-05 9.9946E-05 9.9946E-05 0.0892099
9.99459E-05 9.99459E-05 9.99459E-05 0.326624 9.99459E-05 9.99459E-05 0.381106 0.0509583 9.99459E-05 0.240712
0.012198 9.9964E-05 0.0578141 0.381305 9.9964E-05 0.191939 9.9964E-05 0.0887312 9.9964E-05 0.267613
0.0167703 9.9973E-05 9.9973E-05 0.541911 9.9973E-05 0.0805265 0.093899 0.0740299 0.039188 0.153376
0.0525284 9.99551E-05 9.99551E-05 0.662913 9.99551E-05 0.174931 9.99551E-05 0.064939 9.99551E-05 0.0441895
9.99551E-05 9.99551E-05 9.99551E-05 0.717792 9.99551E-05 0.0105775 0.0820626 0.0710654 9.99551E-05 0.118003
0.0551252 9.9946E-05 9.9946E-05 0.790047 9.9946E-05 0.0182983 9.9946E-05 9.9946E-05 9.9946E-05 0.13593
9.9955E-05 9.9955E-05 9.9955E-05 0.63348 9.9955E-05 0.175926 9.9955E-05 0.0777473 0.0109866 0.101361
0.0780896 9.9946E-05 9.9946E-05 0.273906 9.9946E-05 9.9946E-05 9.9946E-05 9.9946E-05 0.0554562 0.591948
9.9946E-05 9.9946E-05 9.9946E-05 0.153876 9.9946E-05 0.168996 9.9946E-05 9.9946E-05 0.0247984 0.65173
0.0126737 9.9955E-05 9.9955E-05 0.461645 9.9955E-05 0.109496 9.9955E-05 9.9955E-05 0.0395759 0.37611
9.9946E-05 9.9946E-05 9.9946E-05 0.79387 9.9946E-05 0.0199934 0.115892 9.9946E-05 9.9946E-05 0.0696445
9.9955E-05 9.9955E-05 9.9955E-05 0.724967 0.0809005 0.121092 0.0553553 9.9955E-05 9.9955E-05 0.0171855
0.0883951 9.9955E-05 0.00193336 0.567803 9.9955E-05 0.184954 9.9955E-05 9.9955E-05 9.9955E-05 0.156414
9.9955E-05 9.9955E-05 9.9955E-05 0.808626 9.9955E-05 0.0499393 9.9955E-05 0.000593107 0.0441076 0.0962339
0.165326 0.124724 0.0625134 0.615293 0.0316442 9.9955E-05 9.9955E-05 9.9955E-05 9.9955E-05 9.9955E-05
0.00443141 0.0189159 0.292263 0.615719 9.9964E-05 0.00295651 9.9964E-05 9.9964E-05 0.0653143 9.9964E-05
9.9946E-05 9.9946E-05 9.9946E-05 0.729483 9.9946E-05 0.0121998 9.9946E-05 0.0981605 9.9946E-05 0.159557
9.99369E-05 9.99369E-05 9.99369E-05 0.251588 9.99369E-05 9.99369E-05 9.99369E-05 0.0843257 9.99369E-05 0.663387
9.9955E-05 9.9955E-05 9.9955E-05 0.396417 9.9955E-05 0.0644086 0.0113364 9.9955E-05 0.0728264 0.454512
9.9946E-05 9.9946E-05 9.9946E-05 0.368256 0.0282132 0.025167 9.9946E-05 9.9946E-05 9.9946E-05 0.577764
9.9946E-05 9.9946E-05 9.9946E-05 0.0285411 9.9946E-05 9.9946E-05 0.0914585 0.0495335 9.9946E-05 0.829867
9.9946E-05 9.9946E-05 9.9946E-05 0.749725 9.9946E-05 0.0294047 9.9946E-05 0.115102 9.9946E-05 0.105168
9.9946E-05 9.9946E-05 9.9946E-05 0.270536 0.00716298 0.132678 9.9946E-05 9.9946E-05 9.9946E-05 0.589024
9.99459E-05 9.99459E-05 9.99459E-05 0.575198 9.99459E-05 0.0184402 0.134591 9.99459E-05 9.99459E-05 0.271172
9.995E-05 9.995E-05 9.995E-05 0.417782 9.995E-05 0.0482155 0.160543 0.0521149 9.995E-05 0.320845
9.99371E-05 9.99371E-05 9.99371E-05 0.569456 9.99371E-05 9.99371E-05 9.99371E-05 9.99371E-05 0.0801071 0.349737
9.9955E-05 0.0238398 0.197313 9.9955E-05 9.9955E-05 9.9955E-05 9.9955E-05 0.0222165 0.696295 0.0598364
9.99459E-05 9.99459E-05 0.414693 9.99459E-05 0.27669 9.99459E-05 9.99459E-05 0.0315532 0.276464 9.99459E-05
9.99639E-05 0.0949554 0.163113 9.99639E-05 0.351531 9.99639E-05 9.99639E-05 0.163319 0.211634 0.0150474
9.99459E-05 9.99459E-05 0.596886 9.99459E-05 0.189751 9.99459E-05 9.99459E-05 0.0574025 9.99459E-05 0.155361
9.9973E-05 0.130356 0.66202 0.0414508 0.0430915 0.0699305 9.9973E-05 0.0448042 0.0080475 9.9973E-05
9.9946E-05 0.0095829 0.803626 9.9946E-05 0.0900169 9.9946E-05 9.9946E-05 9.9946E-05 0.0961749 9.9946E-05
0.0111771 0.323975 0.35403 9.9955E-05 9.9955E-05 9.9955E-05 9.9955E-05 9.9955E-05 0.27603 0.0342883
9.99459E-05 0.165596 0.201472 9.99459E-05 0.102335 9.99459E-05 9.99459E-05 9.99459E-05 0.529998 9.99459E-05
9.99201E-05 9.99201E-05 9.99201E-05 9.99201E-05 9.99201E-05 9.99201E-05 9.99201E-05 9.99201E-05 0.999101 9.99201E-05
9.99549E-05 0.196715 0.617776 0.102011 9.99549E-05 9.99549E-05 9.99549E-05 0.0167119 0.0662868 9.99549E-05
0.0675746 9.99282E-05 0.931626 9.99282E-05 9.99282E-05 9.99282E-05 9.99282E-05 9.99282E-05 9.99282E-05 9.99282E-05
0.0781684 0.0374251 0.883707 9.99371E-05 9.99371E-05 9.99371E-05 9.99371E-05 9.99371E-05 9.99371E-05 9.99371E-05
9.99371E-05 0.138457 0.818221 9.99371E-05 9.99371E-05 0.0426226 9.99371E-05 9.99371E-05 9.99371E-05 9.99371E-05
