9.9973E-05 0.536899 0.0786558 0.04222 9.9973E-05 0.341926 9.9973E-05
9.9982E-05 0.188427 0.115811 0.420886 9.9982E-05 0.232528 0.0421477
0.0353592 0.322989 0.221924 0.149912 0.00864515 0.261071 9.9991E-05
0.0208504 0.337045 0.464445 0.102037 9.9982E-05 0.0754218 9.9982E-05
9.9973E-05 0.207444 0.351913 9.9973E-05 0.00112139 0.439222 9.9973E-05
0.0545115 0.325112 0.490425 9.9973E-05 9.9973E-05 0.129652 9.9973E-05
0.123394 9.99639E-05 9.99639E-05 0.166645 9.99639E-05 9.99639E-05 0.70956
0.106163 9.9964E-05 9.9964E-05 9.9964E-05 9.9964E-05 0.173074 0.720364
0.00309887 9.9973E-05 0.0646547 0.0697866 9.9973E-05 9.9973E-05 0.86216
0.0935545 9.9964E-05 9.9964E-05 0.0249842 9.9964E-05 9.9964E-05 0.881061
9.9964E-05 9.9964E-05 9.9964E-05 0.195914 9.9964E-05 0.00501448 0.798672
9.99729E-05 9.99729E-05 0.0123871 0.227664 9.99729E-05 0.050659 0.70899
9.99641E-05 9.99641E-05 0.0278724 9.99641E-05 0.0876881 9.99641E-05 0.88404
0.0387847 0.0153756 0.00341376 9.9973E-05 9.9973E-05 9.9973E-05 0.942126
0.122453 9.9964E-05 9.9964E-05 0.0728779 9.9964E-05 9.9964E-05 0.804269
0.0415509 9.9973E-05 9.9973E-05 0.118389 9.9973E-05 0.00979191 0.829969
0.271833 0.311491 0.0728329 9.9982E-05 0.0401074 0.303535 9.9982E-05
0.66114 9.9982E-05 0.0681892 0.0984858 0.0538067 0.118178 9.9982E-05
0.24807 0.558203 0.162931 9.9973E-05 0.0304958 9.9973E-05 9.9973E-05
0.2778 0.316668 0.214025 9.9982E-05 0.0759978 0.115308 9.9982E-05
0.665454 0.0359667 0.165118 9.9973E-05 9.9973E-05 0.133161 9.9973E-05
0.614012 0.241778 0.141786 9.9973E-05 0.00212502 9.9973E-05 9.9973E-05
9.9973E-05 0.547205 9.9973E-05 0.186379 9.9973E-05 0.191204 0.0749121
9.9964E-05 0.703876 9.9964E-05 9.9964E-05 0.0269077 0.268817 9.9964E-05
9.9973E-05 0.856413 0.0133827 9.9973E-05 0.0278419 0.102062 9.9973E-05
0.121648 0.605801 0.118902 9.9973E-05 9.9973E-05 0.153349 9.9973E-05
0.118303 0.37028 9.9973E-05 9.9973E-05 0.168489 0.342628 9.9973E-05
9.9982E-05 0.399429 0.198521 9.9982E-05 0.0681589 0.258776 0.074915
0.358523 9.9973E-05 9.9973E-05 0.00215783 9.9973E-05 0.572323 0.0666956
0.452102 0.0086835 0.0418838 9.9982E-05 9.9982E-05 0.386233 0.110897
0.34865 9.9964E-05 0.282943 0.368007 9.9964E-05 9.9964E-05 9.9964E-05
0.303023 9.9982E-05 0.49793 0.069272 9.9982E-05 0.0903967 0.0391784
0.294791 0.179195 0.474187 0.00190764 9.9982E-05 0.049719 9.9982E-05
9.9964E-05 0.906517 9.9964E-05 9.9964E-05 9.9964E-05 0.0366129 0.0564707
9.99549E-05 0.686951 9.99549E-05 0.312549 9.99549E-05 9.99549E-05 9.99549E-05
0.219805 0.430627 0.0804648 9.9991E-05 0.0658241 0.199099 0.00408048
0.0364909 0.343985 0.151856 0.167899 0.29957 9.9982E-05 9.9982E-05
0.0316189 0.683363 0.054572 9.9982E-05 0.134201 0.096046 9.9982E-05
0.132235 0.597687 9.9982E-05 0.10771 0.0948233 0.0673451 9.9982E-05
0.194546 0.520762 0.129024 9.9982E-05 0.0844062 0.0710619 9.9982E-05
9.9973E-05 0.419545 0.188869 0.216001 9.9973E-05 0.175285 9.9973E-05
0.0342703 0.276952 0.223462 0.0153331 0.090721 0.359161 9.9991E-05
0.116303 0.204041 0.592743 9.9973E-05 0.0866131 9.9973E-05 9.9973E-05
9.9982E-05 0.319996 0.205822 0.0507656 0.108788 0.314428 9.9982E-05
0.113203 0.414562 0.280976 9.9973E-05 9.9973E-05 0.190958 9.9973E-05
0.186684 0.433453 0.352276 0.0272877 9.9973E-05 9.9973E-05 9.9973E-05
0.880286 0.0568056 9.9973E-05 0.00271824 0.0598906 9.9973E-05 9.9973E-05
0.594059 9.9973E-05 0.0550508 0.285564 9.9973E-05 0.0650263 9.9973E-05
0.631473 9.9955E-05 9.9955E-05 0.368027 9.9955E-05 9.9955E-05 9.9955E-05
0.483475 9.9964E-05 9.9964E-05 0.249827 9.9964E-05 0.266298 9.9964E-05
0.828004 9.9982E-05 0.0883751 0.0477271 9.9982E-05 0.0240078 0.0116861
0.31389 0.334836 9.9991E-05 0.0478786 0.0311641 0.245056 0.0270754
0.670827 0.198485 9.9973E-05 9.9973E-05 0.0624595 0.0679279 9.9973E-05
0.30691 0.558172 9.9964E-05 9.9964E-05 9.9964E-05 0.134518 9.9964E-05
0.225582 0.583951 9.9982E-05 0.0129419 9.9982E-05 0.1539 0.0234254
0.20146 0.46725 0.142592 9.9982E-05 0.0898334 0.098665 9.9982E-05
9.9982E-05 0.306921 9.9982E-05 0.0889954 0.156395 0.00335437 0.444134
9.9973E-05 0.135107 9.9973E-05 9.9973E-05 0.126081 0.0688366 0.669676
9.9973E-05 0.0259975 9.9973E-05 0.00282043 0.921749 0.0491335 9.9973E-05
0.0806797 0.0235975 9.9982E-05 0.137872 0.550755 9.9982E-05 0.206896
9.9973E-05 9.9973E-05 0.0151672 0.106613 0.588289 9.9973E-05 0.289632
0.139447 9.99639E-05 9.99639E-05 0.124798 0.735356 9.99639E-05 9.99639E-05
0.0288992 9.99639E-05 9.99639E-05 0.615523 9.99639E-05 9.99639E-05 0.355178
0.0150756 0.0651494 0.0571639 0.344309 0.167565 9.9991E-05 0.350637
9.99639E-05 9.99639E-05 0.139459 0.079079 9.99639E-05 9.99639E-05 0.781062
0.0490225 0.00148079 9.9973E-05 9.9973E-05 0.0519732 9.9973E-05 0.897224
0.00798511 0.142385 0.0415509 0.0357359 0.0937111 9.9991E-05 0.678532
9.99641E-05 0.0987599 9.99641E-05 9.99641E-05 0.42056 9.99641E-05 0.480281
9.9973E-05 0.113887 9.9973E-05 0.320518 0.193414 9.9973E-05 0.371881
9.9973E-05 0.0701272 9.9973E-05 0.0190867 0.246561 9.9973E-05 0.663925
9.9973E-05 0.132397 9.9973E-05 0.33726 0.161084 9.9973E-05 0.368959
9.9964E-05 0.117236 9.9964E-05 9.9964E-05 0.297246 9.9964E-05 0.585119
9.9973E-05 9.9973E-05 9.9973E-05 0.354867 0.110714 0.0163463 0.517773
0.111137 9.9991E-05 0.0138954 0.00958164 0.59713 0.0311937 0.236962
0.0801486 0.0987314 9.9973E-05 9.9973E-05 0.535779 9.9973E-05 0.285041
0.0908499 9.9973E-05 9.9973E-05 0.102533 0.76775 9.9973E-05 0.0385669
9.9973E-05 9.9973E-05 0.115573 0.0983672 0.53066 9.9973E-05 0.2551
9.9955E-05 9.9955E-05 0.0337911 9.9955E-05 0.965709 9.9955E-05 9.9955E-05
9.9973E-05 0.0423939 9.9973E-05 0.00818387 0.528345 9.9973E-05 0.420777
0.128312 9.99729E-05 9.99729E-05 0.215578 0.180237 9.99729E-05 0.475573
0.115934 9.9973E-05 0.015375 0.0788729 0.789518 9.9973E-05 9.9973E-05
0.026388 0.0666677 0.122456 9.9982E-05 0.0602702 0.724018 9.9982E-05
9.9973E-05 0.0236305 9.9973E-05 0.199233 0.0503433 0.726493 9.9973E-05
9.9964E-05 9.9964E-05 9.9964E-05 0.198004 0.0558242 0.745772 9.9964E-05
0.0569309 9.9982E-05 0.255988 9.9982E-05 0.0260829 0.612418 0.0483797
0.251858 9.9973E-05 0.046295 9.9973E-05 9.9973E-05 0.657946 0.0436006
0.11569 9.9964E-05 9.9964E-05 0.681732 9.9964E-05 0.202178 9.9964E-05
9.99731E-05 9.99731E-05 0.523211 0.266711 9.99731E-05 0.185141 0.0246371
9.9973E-05 0.0623225 0.493575 0.278466 9.9973E-05 0.165337 9.9973E-05
9.9964E-05 9.9964E-05 0.710577 0.055815 9.9964E-05 0.233208 9.9964E-05
9.99639E-05 9.99639E-05 0.300546 0.277679 9.99639E-05 0.421376 9.99639E-05
9.9973E-05 9.9973E-05 0.953495 9.9973E-05 0.0384419 0.00503935 0.00272418
9.9955E-05 0.0825185 0.916982 9.9955E-05 9.9955E-05 9.9955E-05 9.9955E-05
0.0452309 0.155218 0.586649 9.99729E-05 9.99729E-05 0.212602 9.99729E-05
0.0575141 0.0336 0.842854 0.0657321 9.9973E-05 9.9973E-05 9.9973E-05
0.220442 9.99639E-05 0.576324 0.202834 9.99639E-05 9.99639E-05 9.99639E-05
0.117649 0.119489 0.644675 0.0423057 9.998E-05 0.0756813 9.998E-05
9.9973E-05 0.028912 0.73184 9.9973E-05 9.9973E-05 0.175496 0.0634529
9.9973E-05 0.087149 0.762952 9.9973E-05 0.0497878 0.0998109 9.9973E-05
9.9973E-05 0.21446 0.533241 9.9973E-05 9.9973E-05 0.231688 0.0203113
0.178289 0.0509894 9.997E-05 0.0665377 9.997E-05 0.703884 9.997E-05
0.0698604 0.0876159 0.0126208 9.9973E-05 9.9973E-05 0.829603 9.9973E-05
0.0385436 0.109643 9.9973E-05 0.0381241 9.9973E-05 0.813389 9.9973E-05
9.9964E-05 0.0704489 9.9964E-05 0.126613 9.9964E-05 0.802538 9.9964E-05
0.0909878 9.9982E-05 0.201761 0.0132632 9.9982E-05 0.658557 0.0352308
0.0973687 0.0737851 0.00315322 9.9982E-05 0.01173 0.813763 9.9982E-05
0.144748 0.154728 9.9964E-05 9.9964E-05 9.9964E-05 0.700124 9.9964E-05
0.082733 9.9982E-05 0.0378182 9.9982E-05 0.0142265 0.831828 0.0331944
0.0344917 9.997E-05 0.215725 9.997E-05 0.0604198 0.689063 9.997E-05
9.99639E-05 0.0138001 0.383803 9.99639E-05 9.99639E-05 0.601997 9.99639E-05
9.9973E-05 0.0932369 0.13725 9.9973E-05 0.0243923 0.744821 9.9973E-05
9.9973E-05 0.06299 0.0560211 9.9973E-05 0.0096037 0.871085 9.9973E-05
0.0969831 0.217513 0.0919365 9.9973E-05 9.9973E-05 0.593267 9.9973E-05
0.160156 9.9973E-05 0.150224 9.9973E-05 0.042147 0.647174 9.9973E-05
0.0209186 0.107066 0.185427 0.0868481 9.998E-05 0.59954 9.998E-05
0.103286 9.99641E-05 0.295093 9.99641E-05 9.99641E-05 0.601221 9.99641E-05
0.0467356 9.9982E-05 0.169049 9.9982E-05 0.000719608 0.781476 0.00181997
9.9973E-05 0.0509689 0.0171555 9.9973E-05 0.0313496 0.900226 9.9973E-05
0.0287461 9.9973E-05 0.279158 0.0437211 9.9973E-05 0.648075 9.9973E-05
9.9964E-05 0.138757 9.9964E-05 0.229739 9.9964E-05 0.631104 9.9964E-05
9.997E-05 0.0181921 0.111748 0.270173 9.997E-05 0.599588 9.997E-05
9.9982E-05 0.018019 0.0804473 0.164719 0.0123736 0.724241 9.9982E-05
9.9955E-05 9.9955E-05 0.29693 9.9955E-05 9.9955E-05 0.70257 9.9955E-05
9.9982E-05 0.0490096 0.281291 9.9982E-05 0.0393625 0.569147 0.0609901
9.9982E-05 0.0953604 0.158459 0.000796902 0.0530145 0.692169 9.9982E-05
0.0185931 9.9973E-05 0.195367 9.9973E-05 9.9973E-05 0.761624 0.0241159
9.9973E-05 0.177791 9.9973E-05 9.9973E-05 0.143271 0.550629 0.128009
9.9973E-05 9.9973E-05 0.0965206 9.9973E-05 0.368658 0.526516 0.00800535
0.053542 9.9973E-05 0.0875795 0.0698458 9.9973E-05 0.788733 9.9973E-05
0.00754415 0.0428706 9.9973E-05 0.191975 9.9973E-05 0.75731 9.9973E-05
9.9973E-05 0.0661484 0.105849 0.199375 9.9973E-05 0.628327 9.9973E-05
9.9964E-05 0.157397 9.9964E-05 0.11283 9.9964E-05 0.729373 9.9964E-05
9.9964E-05 0.109605 9.9964E-05 0.261536 9.9964E-05 0.628459 9.9964E-05
0.0609755 9.9973E-05 0.03642 9.9973E-05 9.9973E-05 0.90135 0.000954676
9.9973E-05 0.123352 0.0471911 0.132595 9.9973E-05 0.696562 9.9973E-05
9.9973E-05 0.0668993 0.165364 0.01427 9.9973E-05 0.753167 9.9973E-05
9.9973E-05 0.127602 0.0814121 0.16768 9.9973E-05 0.623006 9.9973E-05
9.9955E-05 9.9955E-05 9.9955E-05 0.143769 9.9955E-05 0.855731 9.9955E-05
9.99639E-05 9.99639E-05 9.99639E-05 0.597113 0.396641 9.99639E-05 0.00584678
9.99639E-05 9.99639E-05 9.99639E-05 0.253107 0.540956 9.99639E-05 0.205537
0.0608237 9.99729E-05 9.99729E-05 0.259198 0.317608 9.99729E-05 0.36207
0.0373007 0.0237719 9.99729E-05 0.165739 0.772889 9.99729E-05 9.99729E-05
9.9973E-05 9.9973E-05 0.138784 0.0467757 0.695435 9.9973E-05 0.118705
9.9964E-05 9.9964E-05 9.9964E-05 0.0840529 0.839444 9.9964E-05 0.0761034
9.9973E-05 9.9973E-05 0.0388494 0.182511 0.308395 9.9973E-05 0.469945
9.99639E-05 9.99639E-05 9.99639E-05 0.343175 0.248813 9.99639E-05 0.407613
9.9955E-05 9.9955E-05 9.9955E-05 0.800265 9.9955E-05 9.9955E-05 0.199236
9.9973E-05 9.9973E-05 9.9973E-05 0.0156842 0.536376 0.0897963 0.357844
9.99641E-05 0.030707 9.99641E-05 9.99641E-05 0.900062 9.99641E-05 0.0688315
9.99551E-05 0.0247205 9.99551E-05 9.99551E-05 0.97478 9.99551E-05 9.99551E-05
9.99641E-05 9.99641E-05 0.0483266 9.99641E-05 0.78411 9.99641E-05 0.167163
