0.307392 9.99639E-05 0.235562 9.99639E-05 9.99639E-05 0.182299 0.0484751 9.99639E-05 0.00551447 0.220358
0.131524 9.9973E-05 0.0244293 9.9973E-05 9.9973E-05 0.337068 0.30626 0.0106087 0.0507861 0.139024
0.261158 9.9955E-05 0.0944926 9.9955E-05 0.160281 9.9955E-05 0.176334 9.9955E-05 9.9955E-05 0.307235
0.630173 0.0447544 9.9955E-05 9.9955E-05 0.183156 0.118407 9.9955E-05 9.9955E-05 9.9955E-05 0.02301
0.108162 9.9946E-05 0.151224 9.9946E-05 0.082255 9.9946E-05 9.9946E-05 9.9946E-05 9.9946E-05 0.65776
0.596487 9.9955E-05 0.0597062 9.9955E-05 0.183371 0.0519462 9.9955E-05 9.9955E-05 9.9955E-05 0.10799
9.9946E-05 0.0767271 9.9946E-05 9.9946E-05 9.9946E-05 9.9946E-05 0.187367 0.0743664 0.66094 9.9946E-05
9.9955E-05 9.9955E-05 0.0751063 0.0316704 9.9955E-05 9.9955E-05 9.9955E-05 0.0479258 0.709164 0.135634
9.9937E-05 0.184475 9.9937E-05 9.9937E-05 0.067167 9.9937E-05 9.9937E-05 9.9937E-05 0.747659 9.9937E-05
0.0371562 0.447064 9.9955E-05 9.9955E-05 9.9955E-05 0.000543486 9.9955E-05 0.0349019 0.479835 9.9955E-05
9.99369E-05 0.00663007 9.99369E-05 9.99369E-05 9.99369E-05 9.99369E-05 0.164662 9.99369E-05 0.828008 9.99369E-05
9.99549E-05 0.297428 0.0743601 9.99549E-05 9.99549E-05 9.99549E-05 0.314843 9.99549E-05 0.296329 0.0165392
9.99461E-05 0.408688 9.99461E-05 0.142682 0.01421 9.99461E-05 9.99461E-05 9.99461E-05 0.43382 9.99461E-05
9.9946E-05 0.111186 0.023906 0.065574 9.9946E-05 9.9946E-05 9.9946E-05 9.9946E-05 0.798734 9.9946E-05
9.9955E-05 9.9955E-05 9.9955E-05 0.0313298 0.0185841 9.9955E-05 0.0898657 0.0137733 0.845947 9.9955E-05
9.99371E-05 9.99371E-05 9.99371E-05 9.99371E-05 9.99371E-05 0.0107036 0.154164 9.99371E-05 0.834433 9.99371E-05
9.99459E-05 9.99459E-05 0.470807 9.99459E-05 9.99459E-05 9.99459E-05 0.00985259 0.202695 9.99459E-05 0.316046
0.29424 9.9964E-05 0.0279792 0.0495236 9.9964E-05 9.9964E-05 0.0939906 0.506106 0.0277602 9.9964E-05
9.99369E-05 9.99369E-05 0.633007 9.99369E-05 0.190903 9.99369E-05 9.99369E-05 0.17539 9.99369E-05 9.99369E-05
0.248976 9.9964E-05 0.335811 0.0598415 0.109539 9.9964E-05 9.9964E-05 0.121201 9.9964E-05 0.124232
0.167137 0.0250173 0.11136 9.99639E-05 9.99639E-05 9.99639E-05 9.99639E-05 0.444253 0.000224836 0.251608
0.457758 9.99549E-05 0.186072 0.0163237 9.99549E-05 9.99549E-05 9.99549E-05 0.299455 0.0398912 9.99549E-05
9.9946E-05 9.9946E-05 0.525839 9.9946E-05 9.9946E-05 0.10678 0.209686 9.9946E-05 9.9946E-05 0.157094
0.0276049 9.9955E-05 0.606823 9.9955E-05 9.9955E-05 0.139652 0.0356123 9.9955E-05 9.9955E-05 0.189808
0.0512093 9.99551E-05 0.754796 9.99551E-05 0.103448 0.0152307 9.99551E-05 9.99551E-05 9.99551E-05 0.0748162
0.666043 9.9937E-05 0.226796 9.9937E-05 9.9937E-05 0.106461 9.9937E-05 9.9937E-05 9.9937E-05 9.9937E-05
9.9946E-05 9.9946E-05 0.534465 0.0780387 9.9946E-05 9.9946E-05 9.9946E-05 0.000263766 9.9946E-05 0.386633
0.0530903 0.0346022 0.437937 0.0293905 0.0286038 9.9964E-05 9.9964E-05 9.9964E-05 9.9964E-05 0.415976
0.0915797 9.9955E-05 9.9955E-05 9.9955E-05 9.9955E-05 0.156258 9.9955E-05 0.239482 0.103209 0.408972
0.218193 9.99551E-05 9.99551E-05 9.99551E-05 9.99551E-05 0.0646447 9.99551E-05 0.348888 0.125725 0.24205
0.460157 9.99369E-05 9.99369E-05 9.99369E-05 9.99369E-05 9.99369E-05 0.448103 0.09104 9.99369E-05 9.99369E-05
0.331049 9.99639E-05 9.99639E-05 0.00315498 0.0991871 9.99639E-05 0.230727 0.0694588 9.99639E-05 0.266024
0.583442 9.99639E-05 0.000701351 9.99639E-05 0.0678224 9.99639E-05 0.0884524 0.126644 9.99639E-05 0.132538
0.152094 0.00591362 0.690393 9.9955E-05 9.9955E-05 0.149888 9.9955E-05 9.9955E-05 0.00121092 9.9955E-05
9.99369E-05 9.99369E-05 0.595669 9.99369E-05 9.99369E-05 0.0587892 0.344842 9.99369E-05 9.99369E-05 9.99369E-05
0.0372564 9.9964E-05 0.472123 9.9964E-05 0.038481 9.9964E-05 0.0294986 0.176497 9.9964E-05 0.245744
9.994E-05 9.994E-05 0.366333 0.184325 0.178595 9.994E-05 0.270148 9.994E-05 9.994E-05 9.994E-05
9.9964E-05 9.9964E-05 0.696582 0.0161756 0.201673 9.9964E-05 0.0177193 0.0441945 9.9964E-05 0.0232549
0.184473 0.10023 0.410635 9.9955E-05 9.9955E-05 0.208904 9.9955E-05 0.0952588 9.9955E-05 9.9955E-05
0.0487347 9.99549E-05 0.619075 9.99549E-05 0.116653 9.99549E-05 9.99549E-05 0.173811 9.99549E-05 0.0412266
0.489097 9.99281E-05 9.99281E-05 9.99281E-05 9.99281E-05 0.510104 9.99281E-05 9.99281E-05 9.99281E-05 9.99281E-05
0.302499 9.9964E-05 0.0274227 0.101826 0.301094 0.212054 9.9964E-05 9.9964E-05 9.9964E-05 0.0547038
0.47926 0.143976 9.9955E-05 0.0111292 0.337262 9.9955E-05 9.9955E-05 0.0278733 9.9955E-05 9.9955E-05
9.9946E-05 9.9946E-05 0.101237 0.12012 0.303212 0.474831 9.9946E-05 9.9946E-05 9.9946E-05 9.9946E-05
0.818189 9.99371E-05 9.99371E-05 9.99371E-05 9.99371E-05 0.135871 9.99371E-05 9.99371E-05 0.0452411 9.99371E-05
0.904765 0.0863429 9.9937E-05 9.9937E-05 9.9937E-05 9.9937E-05 0.00819228 9.9937E-05 9.9937E-05 9.9937E-05
9.9937E-05 9.9937E-05 0.246982 0.0671914 9.9937E-05 9.9937E-05 9.9937E-05 0.685127 9.9937E-05 9.9937E-05
9.99459E-05 9.99459E-05 9.99459E-05 9.99459E-05 0.0504996 0.100667 0.115443 0.732791 9.99459E-05 9.99459E-05
9.9937E-05 9.9937E-05 9.9937E-05 9.9937E-05 9.9937E-05 0.0866266 0.121621 0.791053 9.9937E-05 9.9937E-05
9.9946E-05 9.9946E-05 0.0186985 9.9946E-05 0.0140467 0.317415 9.9946E-05 0.64924 9.9946E-05 9.9946E-05
0.151515 9.99459E-05 0.0895928 0.0296512 9.99459E-05 9.99459E-05 9.99459E-05 0.728641 9.99459E-05 9.99459E-05
0.026892 9.9964E-05 0.38651 0.00318307 9.9964E-05 0.330096 9.9964E-05 0.159569 0.0933503 9.9964E-05
0.0731966 9.9955E-05 0.389101 0.0543143 9.9955E-05 9.9955E-05 9.9955E-05 0.420134 9.9955E-05 0.0627537
0.0539116 9.9955E-05 0.59643 0.0149914 9.9955E-05 0.263837 9.9955E-05 0.0703304 9.9955E-05 9.9955E-05
0.0880566 9.99549E-05 0.508189 9.99549E-05 9.99549E-05 0.272528 9.99549E-05 0.0855511 0.0451759 9.99549E-05
0.517436 9.99459E-05 0.280671 0.103229 9.99459E-05 9.99459E-05 9.99459E-05 9.99459E-05 9.99459E-05 0.0980644
9.9937E-05 0.672441 0.104099 9.9937E-05 9.9937E-05 0.222761 9.9937E-05 9.9937E-05 9.9937E-05 9.9937E-05
9.9964E-05 0.503412 0.0724393 0.166062 9.9964E-05 0.0633145 9.9964E-05 9.9964E-05 0.166752 0.02762
9.9946E-05 9.9946E-05 9.9946E-05 0.91048 9.9946E-05 0.0811127 9.9946E-05 9.9946E-05 0.00700291 0.000804771
9.9964E-05 0.277881 9.9964E-05 0.358193 9.9964E-05 0.116385 0.0296569 0.063391 0.154093 9.9964E-05
9.9955E-05 0.284871 9.9955E-05 0.495426 0.0542797 9.9955E-05 0.0981876 9.9955E-05 0.0667362 9.9955E-05
0.0181763 0.0561529 9.99549E-05 0.649425 9.99549E-05 9.99549E-05 0.129256 0.146489 9.99549E-05 9.99549E-05
9.99369E-05 0.15955 9.99369E-05 9.99369E-05 9.99369E-05 9.99369E-05 0.767553 0.0721973 9.99369E-05 9.99369E-05
0.0166058 0.0909861 0.040847 0.198662 9.99639E-05 9.99639E-05 0.636916 9.99639E-05 9.99639E-05 0.0155832
9.99459E-05 0.711948 9.99459E-05 9.99459E-05 0.0803045 9.99459E-05 0.12761 9.99459E-05 0.0795375 9.99459E-05
9.9937E-05 0.871058 9.9937E-05 9.9937E-05 9.9937E-05 9.9937E-05 9.9937E-05 0.0114432 0.116799 9.9937E-05
0.0491176 0.828547 0.0898389 9.9955E-05 9.9955E-05 0.0227377 9.9955E-05 0.00925876 9.9955E-05 9.9955E-05
9.99462E-05 0.351817 0.109733 0.383405 9.99462E-05 9.99462E-05 9.99462E-05 9.99462E-05 0.154446 9.99462E-05
9.9964E-05 0.25452 0.0675933 0.17429 9.9964E-05 0.00858793 0.421682 9.9964E-05 0.0729267 9.9964E-05
9.9946E-05 0.681483 0.119799 0.137192 9.9946E-05 9.9946E-05 0.0609259 9.9946E-05 9.9946E-05 9.9946E-05
9.9955E-05 0.228721 0.140709 0.0519575 9.9955E-05 9.9955E-05 0.492299 9.9955E-05 0.0858131 9.9955E-05
0.0154733 0.774421 0.0635406 0.0771081 9.9955E-05 9.9955E-05 9.9955E-05 9.9955E-05 9.9955E-05 0.0689578
9.99369E-05 0.48069 9.99369E-05 9.99369E-05 9.99369E-05 9.99369E-05 0.501483 9.99369E-05 9.99369E-05 0.017127
9.9964E-05 0.145726 9.9964E-05 0.654032 9.9964E-05 9.9964E-05 0.0817733 0.065774 0.018666 0.0336291
0.113192 0.312268 0.0347048 0.539236 9.99461E-05 9.99461E-05 9.99461E-05 9.99461E-05 9.99461E-05 9.99461E-05
0.0652647 0.330618 9.9946E-05 0.519798 9.9946E-05 9.9946E-05 9.9946E-05 0.08372 9.9946E-05 9.9946E-05
9.9946E-05 0.518513 9.9946E-05 0.253393 0.131914 9.9946E-05 0.0955813 9.9946E-05 9.9946E-05 9.9946E-05
9.9937E-05 0.0393302 9.9937E-05 0.938451 0.0215195 9.9937E-05 9.9937E-05 9.9937E-05 9.9937E-05 9.9937E-05
9.9946E-05 0.247036 9.9946E-05 0.511788 9.9946E-05 0.0186834 9.9946E-05 9.9946E-05 0.221894 9.9946E-05
9.99369E-05 0.541612 9.99369E-05 9.99369E-05 9.99369E-05 9.99369E-05 0.29168 0.166009 9.99369E-05 9.99369E-05
0.0647542 0.184758 9.9946E-05 0.639552 9.9946E-05 9.9946E-05 9.9946E-05 0.110336 9.9946E-05 9.9946E-05
0.0673648 9.99551E-05 0.0572317 0.0335878 9.99551E-05 9.99551E-05 9.99551E-05 0.0189741 9.99551E-05 0.822342
0.0332619 9.9946E-05 9.9946E-05 0.106498 9.9946E-05 0.75286 9.9946E-05 9.9946E-05 9.9946E-05 0.106781
9.9937E-05 9.9937E-05 9.9937E-05 0.110256 9.9937E-05 0.700952 9.9937E-05 9.9937E-05 9.9937E-05 0.188092
9.9955E-05 0.00308767 9.9955E-05 0.0245812 0.158637 9.9955E-05 9.9955E-05 0.12638 9.9955E-05 0.686814
9.9946E-05 9.9946E-05 9.9946E-05 9.9946E-05 9.9946E-05 0.0555607 9.9946E-05 0.345059 0.0126632 0.586117
9.99372E-05 9.99372E-05 9.99372E-05 9.99372E-05 9.99372E-05 0.335181 0.220208 0.443911 9.99372E-05 9.99372E-05
9.99551E-05 9.99551E-05 9.99551E-05 9.99551E-05 0.539543 0.281748 0.00139024 0.147569 0.0292505 9.99551E-05
9.99461E-05 9.99461E-05 9.99461E-05 9.99461E-05 0.471518 0.373559 9.99461E-05 0.108809 0.0455144 9.99461E-05
0.119901 9.9955E-05 9.9955E-05 9.9955E-05 0.498844 0.0150248 9.9955E-05 0.0848985 9.9955E-05 0.280832
9.99549E-05 9.99549E-05 9.99549E-05 9.99549E-05 0.443353 0.245745 0.0698942 0.0867889 9.99549E-05 0.153719
9.99281E-05 9.99281E-05 9.99281E-05 9.99281E-05 0.963693 9.99281E-05 9.99281E-05 9.99281E-05 9.99281E-05 0.0355078
0.1473 9.9937E-05 0.00797542 9.9937E-05 0.844025 9.9937E-05 9.9937E-05 9.9937E-05 9.9937E-05 9.9937E-05
0.227546 9.99549E-05 0.00187226 9.99549E-05 0.42812 9.99549E-05 9.99549E-05 9.99549E-05 0.0587223 0.28324
0.0140063 9.9973E-05 0.0780379 9.9973E-05 0.793259 0.0035243 0.0357104 0.0112553 9.9973E-05 0.0639071
0.0877216 9.99459E-05 9.99459E-05 9.99459E-05 0.562635 9.99459E-05 0.00919689 0.339847 9.99459E-05 9.99459E-05
0.186912 9.9955E-05 0.0412199 9.9955E-05 0.61562 9.9955E-05 9.9955E-05 0.126237 9.9955E-05 0.0295106
9.9937E-05 0.0252849 9.9937E-05 9.9937E-05 0.782831 9.9937E-05 9.9937E-05 9.9937E-05 9.9937E-05 0.191185
9.9937E-05 9.9937E-05 0.107031 9.9937E-05 0.750403 9.9937E-05 9.9937E-05 9.9937E-05 9.9937E-05 0.141866
9.99549E-05 0.0307113 0.141171 9.99549E-05 0.470736 0.19566 9.99549E-05 9.99549E-05 9.99549E-05 0.161221
9.99459E-05 9.99459E-05 9.99459E-05 9.99459E-05 0.0414212 0.305964 9.99459E-05 0.251846 9.99459E-05 0.400169
0.195947 9.9955E-05 9.9955E-05 9.9955E-05 9.9955E-05 0.293186 9.9955E-05 0.0152439 0.0023739 0.492749
9.9946E-05 9.9946E-05 0.0202311 9.9946E-05 9.9946E-05 0.469707 9.9946E-05 0.0711339 9.9946E-05 0.438328
9.9946E-05 9.9946E-05 9.9946E-05 9.9946E-05 0.0449784 0.548839 9.9946E-05 0.0255395 9.9946E-05 0.380043
9.9946E-05 0.0242363 9.9946E-05 9.9946E-05 0.0150154 9.9946E-05 9.9946E-05 0.191734 9.9946E-05 0.768415
0.0552433 9.9946E-05 0.0687526 9.9946E-05 9.9946E-05 9.9946E-05 9.9946E-05 0.0627717 9.9946E-05 0.812633
0.12066 9.9955E-05 0.101697 9.9955E-05 9.9955E-05 0.0130754 9.9955E-05 0.097907 9.9955E-05 0.666161
9.99371E-05 0.0222343 9.99371E-05 9.99371E-05 9.99371E-05 9.99371E-05 9.99371E-05 0.0571654 9.99371E-05 0.919901
0.0488264 9.9964E-05 9.9964E-05 9.9964E-05 0.0194042 9.9964E-05 0.0188871 0.0181357 0.0289149 0.865432
0.135029 9.9946E-05 9.9946E-05 9.9946E-05 0.0700545 9.9946E-05 0.00764398 9.9946E-05 9.9946E-05 0.786673
0.157111 9.9946E-05 0.0454683 0.0141542 9.9946E-05 9.9946E-05 9.9946E-05 9.9946E-05 9.9946E-05 0.782667
0.0724549 9.9946E-05 9.9946E-05 9.9946E-05 0.0405767 0.0432324 9.9946E-05 9.9946E-05 9.9946E-05 0.843136
0.372561 9.99459E-05 9.99459E-05 9.99459E-05 9.99459E-05 0.276746 9.99459E-05 0.0300162 9.99459E-05 0.320077
9.9955E-05 9.9955E-05 9.9955E-05 0.035711 0.176517 0.227852 9.9955E-05 0.13535 9.9955E-05 0.42407
0.160487 9.9955E-05 0.011482 9.9955E-05 9.9955E-05 0.109119 0.116085 9.9955E-05 9.9955E-05 0.602326
9.99641E-05 9.99641E-05 0.0302463 9.99641E-05 0.198393 0.0275377 0.0159141 0.0717626 9.99641E-05 0.655746
0.0531198 9.99551E-05 9.99551E-05 9.99551E-05 0.0263986 0.134782 9.99551E-05 0.0544573 9.99551E-05 0.730742
9.9964E-05 9.9964E-05 0.077155 9.9964E-05 0.0293049 0.080069 0.00500937 0.00584332 9.9964E-05 0.802218
0.0241544 9.99549E-05 9.99549E-05 9.99549E-05 0.115827 0.103221 9.99549E-05 0.0797231 9.99549E-05 0.676575
9.9946E-05 9.9946E-05 0.0799903 9.9946E-05 9.9946E-05 0.581691 0.0737769 9.9946E-05 9.9946E-05 0.263943
9.9946E-05 9.9946E-05 9.9946E-05 9.9946E-05 0.109152 0.492715 0.0800275 9.9946E-05 9.9946E-05 0.317505
9.9955E-05 9.9955E-05 0.0437319 9.9955E-05 0.00494309 0.293662 0.0565464 9.9955E-05 9.9955E-05 0.600617
0.189368 9.9946E-05 9.9946E-05 9.9946E-05 0.0242531 0.00140448 9.9946E-05 9.9946E-05 9.9946E-05 0.784374
0.0377065 0.0252882 0.0447671 9.9973E-05 0.164074 9.9973E-05 0.0132054 9.9973E-05 0.012976 0.701683
9.9964E-05 9.9964E-05 0.0526292 0.0132153 0.135576 0.096245 0.0102019 9.9964E-05 9.9964E-05 0.691733
9.9955E-05 9.9955E-05 9.9955E-05 9.9955E-05 0.0222517 9.9955E-05 0.0560115 0.00756175 0.00501006 0.908665
9.9955E-05 0.0937979 0.169175 0.0407568 9.9955E-05 9.9955E-05 9.9955E-05 9.9955E-05 0.0834681 0.612303
9.9964E-05 0.0739806 0.0280895 0.246608 9.9964E-05 9.9964E-05 0.0258664 9.9964E-05 0.0246105 0.600445
9.9946E-05 9.9946E-05 9.9946E-05 9.9946E-05 9.9946E-05 0.107818 0.0037019 0.106424 9.9946E-05 0.781457
9.99369E-05 9.99369E-05 9.99369E-05 9.99369E-05 9.99369E-05 0.63059 9.99369E-05 0.0527991 9.99369E-05 0.315911
9.9955E-05 0.00720356 9.9955E-05 9.9955E-05 0.0508415 0.399089 0.0984179 9.9955E-05 9.9955E-05 0.443948
9.9955E-05 0.0183599 0.0108428 9.9955E-05 0.0114364 0.496539 9.9955E-05 9.9955E-05 9.9955E-05 0.462323
0.0784744 9.9946E-05 9.9946E-05 9.9946E-05 9.9946E-05 0.807551 9.9946E-05 0.0332479 9.9946E-05 0.0801274
9.9937E-05 9.9937E-05 9.9937E-05 9.9937E-05 9.9937E-05 0.112773 9.9937E-05 0.0543544 9.9937E-05 0.832173
9.9946E-05 0.0136807 9.9946E-05 9.9946E-05 0.0945567 0.548422 9.9946E-05 9.9946E-05 9.9946E-05 0.342741
0.162928 9.99459E-05 9.99459E-05 9.99459E-05 0.0184683 0.222922 9.99459E-05 9.99459E-05 9.99459E-05 0.595082
0.239196 9.99549E-05 9.99549E-05 9.99549E-05 9.99549E-05 0.238452 0.0297794 0.0309324 9.99549E-05 0.46114
9.9937E-05 9.9937E-05 9.9937E-05 9.9937E-05 9.9937E-05 0.311136 0.0890321 9.9937E-05 9.9937E-05 0.599132
9.99369E-05 9.99369E-05 9.99369E-05 0.271072 9.99369E-05 0.0899838 0.638245 9.99369E-05 9.99369E-05 9.99369E-05
9.9955E-05 0.489135 9.9955E-05 0.259401 9.9955E-05 0.0317068 0.184021 0.0352361 9.9955E-05 9.9955E-05
9.99639E-05 0.625107 9.99639E-05 0.0620804 9.99639E-05 0.00231886 0.128791 0.128929 0.0523749 9.99639E-05
9.99549E-05 0.179001 9.99549E-05 0.615694 9.99549E-05 0.108245 0.0248268 0.0717321 9.99549E-05 9.99549E-05
9.9964E-05 0.0425132 9.9964E-05 0.699461 0.0981528 0.0307512 9.9964E-05 9.9964E-05 0.103632 0.0250892
9.9946E-05 0.11375 9.9946E-05 0.796238 9.9946E-05 9.9946E-05 0.0472557 9.9946E-05 0.0421563 9.9946E-05
9.99369E-05 9.99369E-05 9.99369E-05 0.385295 9.99369E-05 9.99369E-05 0.294999 9.99369E-05 0.319006 9.99369E-05
9.99459E-05 0.096091 9.99459E-05 0.256747 9.99459E-05 9.99459E-05 0.476761 9.99459E-05 0.169802 9.99459E-05
9.99201E-05 9.99201E-05 9.99201E-05 9.99201E-05 9.99201E-05 9.99201E-05 0.999101 9.99201E-05 9.99201E-05 9.99201E-05
9.99549E-05 9.99549E-05 9.99549E-05 0.597075 0.0238011 9.99549E-05 0.101488 9.99549E-05 0.194352 0.082784
9.99372E-05 9.99372E-05 0.0584474 0.925955 9.99372E-05 9.99372E-05 9.99372E-05 9.99372E-05 0.0148986 9.99372E-05
9.99281E-05 9.99281E-05 0.0506887 0.948512 9.99281E-05 9.99281E-05 9.99281E-05 9.99281E-05 9.99281E-05 9.99281E-05
9.99371E-05 9.99371E-05 9.99371E-05 0.845758 0.0414219 9.99371E-05 9.99371E-05 9.99371E-05 0.112121 9.99371E-05
