9.9982E-05 0.11791 0.444613 0.264205 0.0665622 9.9982E-05 0.0510145 0.0554948
9.9973E-05 0.208494 0.228329 0.129789 9.9973E-05 0.134241 9.9973E-05 0.298847
9.9964E-05 9.9964E-05 0.37112 0.301641 0.149948 9.9964E-05 9.9964E-05 0.176891
9.9973E-05 0.192898 0.0827357 9.9973E-05 0.578215 9.9973E-05 0.0901789 0.0556725
9.9955E-05 9.9955E-05 0.194326 0.587174 0.218 9.9955E-05 9.9955E-05 9.9955E-05
9.9973E-05 0.104033 0.225363 0.0689216 0.4871 9.9973E-05 0.114282 9.9973E-05
9.9955E-05 0.0627335 9.9955E-05 9.9955E-05 9.9955E-05 0.894699 0.0420674 9.9955E-05
0.00815494 0.0231571 9.9973E-05 0.101107 9.9973E-05 0.691643 0.175638 9.9973E-05
0.120296 0.00804304 9.9964E-05 9.9964E-05 0.0754437 0.795818 9.9964E-05 9.9964E-05
0.120682 0.00595207 9.9964E-05 9.9964E-05 9.9964E-05 0.782816 0.0901503 9.9964E-05
9.9955E-05 0.0612659 0.0128372 9.9955E-05 9.9955E-05 0.925397 9.9955E-05 9.9955E-05
9.99549E-05 9.99549E-05 0.0622106 0.0954021 9.99549E-05 0.841888 9.99549E-05 9.99549E-05
0.294284 9.99551E-05 9.99551E-05 9.99551E-05 0.0318888 0.673327 9.99551E-05 9.99551E-05
0.242466 9.9955E-05 9.9955E-05 9.9955E-05 9.9955E-05 0.6418 0.115234 9.9955E-05
0.0702166 0.0611733 9.9964E-05 9.9964E-05 9.9964E-05 0.832754 0.0354558 9.9964E-05
9.99551E-05 0.0622561 9.99551E-05 9.99551E-05 9.99551E-05 0.924288 0.0129558 9.99551E-05
9.9973E-05 9.9973E-05 0.0313478 0.345678 0.0325667 9.9973E-05 0.531294 0.0588145
9.9964E-05 9.9964E-05 9.9964E-05 0.030575 9.9964E-05 0.0322632 0.559863 0.376899
0.0223129 9.9973E-05 0.35051 9.9973E-05 0.129902 9.9973E-05 0.456254 0.0407216
0.023632 9.9964E-05 9.9964E-05 0.104382 0.227637 9.9964E-05 0.643949 9.9964E-05
9.99639E-05 9.99639E-05 9.99639E-05 0.213713 0.0104618 9.99639E-05 0.56193 0.213495
9.9955E-05 9.9955E-05 9.9955E-05 9.9955E-05 0.0807305 9.9955E-05 0.789312 0.129457
9.9964E-05 9.9964E-05 0.693516 0.156191 9.9964E-05 0.116827 9.9964E-05 0.0330657
0.0090123 0.0419419 0.65899 0.289656 9.9964E-05 9.9964E-05 9.9964E-05 9.9964E-05
9.9964E-05 9.9964E-05 0.683629 0.139502 0.0438857 9.9964E-05 0.132583 9.9964E-05
9.9964E-05 0.214742 0.102204 9.9964E-05 0.182615 9.9964E-05 0.500039 9.9964E-05
0.0512434 9.9964E-05 0.0775736 0.374335 9.9964E-05 9.9964E-05 0.496449 9.9964E-05
0.0502956 9.9973E-05 0.131902 0.295592 0.202688 9.9973E-05 0.319223 9.9973E-05
9.9973E-05 0.174701 9.9973E-05 0.379922 9.9973E-05 0.0884666 0.214082 0.142528
9.9973E-05 0.0638135 9.9973E-05 0.304453 9.9973E-05 0.106779 0.302738 0.221917
9.9964E-05 9.9964E-05 9.9964E-05 9.9964E-05 0.233944 0.108449 0.229957 0.427251
9.99729E-05 9.99729E-05 9.99729E-05 0.26509 0.244771 0.113921 0.222402 0.153517
9.9964E-05 9.9964E-05 9.9964E-05 0.146442 0.37686 9.9964E-05 0.341701 0.134598
9.9973E-05 0.0820325 0.758589 0.0071867 0.0235007 9.9973E-05 0.128392 9.9973E-05
9.99549E-05 9.99549E-05 0.834868 9.99549E-05 9.99549E-05 0.0265667 9.99549E-05 0.138065
9.9982E-05 9.9982E-05 0.190121 0.195374 0.11836 0.0654987 0.41139 0.0190569
0.310365 9.9964E-05 0.513985 9.9964E-05 0.0303549 9.9964E-05 9.9964E-05 0.144895
0.0737244 9.9973E-05 0.59668 0.069764 0.0824311 9.9973E-05 0.177101 9.9973E-05
0.0645316 0.0710849 0.429622 9.9982E-05 0.0131638 9.9982E-05 0.243931 0.177467
9.9955E-05 9.9955E-05 0.265273 9.9955E-05 0.250382 9.9955E-05 0.483846 9.9955E-05
9.9955E-05 0.6687 9.9955E-05 9.9955E-05 0.22044 9.9955E-05 0.11036 9.9955E-05
0.103498 0.302968 9.9973E-05 0.107673 0.356044 9.9973E-05 0.129516 9.9973E-05
0.122232 0.000855037 0.120399 0.00371065 0.529002 9.9991E-05 0.077325 0.146376
0.16494 0.583595 0.0204552 9.9964E-05 0.230609 9.9964E-05 9.9964E-05 9.9964E-05
9.99551E-05 0.326124 9.99551E-05 9.99551E-05 0.378504 9.99551E-05 0.294872 9.99551E-05
9.9973E-05 0.043344 0.167304 9.9973E-05 0.452173 9.9973E-05 0.281679 0.0551998
0.0186049 9.9955E-05 9.9955E-05 9.9955E-05 9.9955E-05 9.9955E-05 0.65573 0.325165
0.0507503 0.0291127 9.9973E-05 9.9973E-05 9.9973E-05 0.000979341 0.283036 0.635822
9.9946E-05 9.9946E-05 9.9946E-05 9.9946E-05 9.9946E-05 9.9946E-05 0.173034 0.826367
9.9964E-05 0.162753 0.00334387 9.9964E-05 9.9964E-05 9.9964E-05 0.218305 0.615199
0.0168183 9.99549E-05 9.99549E-05 9.99549E-05 9.99549E-05 9.99549E-05 0.465873 0.516809
9.9964E-05 0.432127 0.00890162 9.9964E-05 9.9964E-05 0.0879973 0.470575 9.9964E-05
0.0536311 0.0147303 0.0306521 0.0184524 9.9982E-05 9.9982E-05 0.695938 0.186396
9.9955E-05 0.348764 0.0161101 9.9955E-05 9.9955E-05 9.9955E-05 0.634626 9.9955E-05
9.99549E-05 0.38388 0.108797 9.99549E-05 9.99549E-05 9.99549E-05 0.506824 9.99549E-05
9.9964E-05 0.0123742 9.9964E-05 0.080678 0.227136 9.9964E-05 0.679412 9.9964E-05
0.256098 0.0576058 0.290784 9.9964E-05 9.9964E-05 0.395113 9.9964E-05 9.9964E-05
0.446701 9.9964E-05 0.19919 0.0141539 9.9964E-05 0.339556 9.9964E-05 9.9964E-05
0.896301 9.9955E-05 0.0707502 0.0324488 9.9955E-05 9.9955E-05 9.9955E-05 9.9955E-05
0.422947 0.0932512 9.9964E-05 9.9964E-05 9.9964E-05 0.402123 0.0812783 9.9964E-05
0.577925 0.0441545 9.9964E-05 9.9964E-05 0.0173346 0.360186 9.9964E-05 9.9964E-05
0.662965 0.0145592 9.9973E-05 9.9973E-05 9.9973E-05 0.101728 0.0697676 0.15068
9.99549E-05 9.99549E-05 0.0829648 9.99549E-05 9.99549E-05 0.572176 9.99549E-05 0.344359
0.0192913 9.9973E-05 0.117176 9.9973E-05 0.0887659 0.736504 9.9973E-05 0.0379632
0.111232 9.9964E-05 0.00598063 9.9964E-05 0.104675 0.777713 9.9964E-05 9.9964E-05
0.33596 9.9955E-05 0.0303299 9.9955E-05 9.9955E-05 0.63321 9.9955E-05 9.9955E-05
0.236483 9.9964E-05 0.149469 9.9964E-05 9.9964E-05 0.549278 0.0643699 9.9964E-05
0.630088 9.99551E-05 0.172031 9.99551E-05 9.99551E-05 0.197381 9.99551E-05 9.99551E-05
0.157264 9.9964E-05 0.242407 9.9964E-05 9.9964E-05 0.560744 9.9964E-05 0.0391854
0.336238 9.9955E-05 0.126983 9.9955E-05 9.9955E-05 0.536279 9.9955E-05 9.9955E-05
0.0134395 9.9973E-05 0.285383 0.0199531 9.9973E-05 0.670031 9.9973E-05 0.0108942
0.463779 9.9964E-05 0.129108 0.0556221 9.9964E-05 0.351091 9.9964E-05 9.9964E-05
9.9955E-05 9.9955E-05 0.0678483 0.0817159 9.9955E-05 0.849936 9.9955E-05 9.9955E-05
0.59741 9.9964E-05 9.9964E-05 0.064063 9.9964E-05 0.23735 0.100777 9.9964E-05
0.65874 9.9964E-05 0.0511986 9.9964E-05 9.9964E-05 0.0975822 0.19208 9.9964E-05
0.750916 9.99639E-05 9.99639E-05 9.99639E-05 9.99639E-05 0.0730454 0.0324378 0.143201
0.50861 9.9964E-05 9.9964E-05 9.9964E-05 0.155778 0.311809 9.9964E-05 0.0234032
0.973895 9.9955E-05 9.9955E-05 0.00614873 0.0194566 9.9955E-05 9.9955E-05 9.9955E-05
0.669481 0.0225437 0.0384709 9.9964E-05 9.9964E-05 0.269104 9.9964E-05 9.9964E-05
0.124394 9.9973E-05 0.0167633 9.9973E-05 9.9973E-05 0.714726 0.0422601 0.101556
0.799725 9.9955E-05 9.9955E-05 9.9955E-05 0.0143217 9.9955E-05 9.9955E-05 0.185453
0.0100802 0.0238201 9.99821E-05 0.80947 0.00252223 9.99821E-05 0.131765 0.0221422
0.0582521 0.805622 9.9964E-05 0.123392 9.9964E-05 9.9964E-05 0.0123343 9.9964E-05
0.0862437 0.689864 9.9955E-05 0.223393 9.9955E-05 9.9955E-05 9.9955E-05 9.9955E-05
0.045844 9.9982E-05 9.9982E-05 0.754419 0.109711 0.0146998 0.000169216 0.0749571
9.9973E-05 0.0305439 9.9973E-05 0.628751 9.9973E-05 0.0161558 0.0819881 0.242261
9.994E-05 9.994E-05 9.994E-05 9.994E-05 9.994E-05 9.994E-05 9.994E-05 0.9993
9.99641E-05 0.209222 9.99641E-05 9.99641E-05 0.533863 0.0365992 9.99641E-05 0.219915
9.9973E-05 0.269015 0.0235726 9.9973E-05 0.440754 0.048741 9.9973E-05 0.217618
9.9964E-05 0.014255 9.9964E-05 0.304989 0.580334 9.9964E-05 9.9964E-05 0.100023
9.996E-05 0.142903 9.996E-05 0.242361 0.284632 9.996E-05 9.996E-05 0.329704
0.0468814 9.9955E-05 9.9955E-05 0.115363 0.837256 9.9955E-05 9.9955E-05 9.9955E-05
0.00711534 9.9955E-05 9.9955E-05 9.9955E-05 0.931191 9.9955E-05 0.0611939 9.9955E-05
9.99639E-05 9.99639E-05 0.131394 0.335969 0.48561 9.99639E-05 0.0466271 9.99639E-05
0.0105189 9.9973E-05 0.0145076 0.162892 0.725121 9.9973E-05 9.9973E-05 0.0866603
9.99549E-05 9.99549E-05 9.99549E-05 9.99549E-05 0.573112 0.00971548 9.99549E-05 0.416673
9.9973E-05 9.9973E-05 0.0195735 0.0573498 0.707307 9.9973E-05 0.0611744 0.154295
0.0106955 9.9964E-05 9.9964E-05 0.217496 0.752656 0.0187521 9.9964E-05 9.9964E-05
0.0280777 9.9964E-05 0.0508109 0.231481 0.689231 9.9964E-05 9.9964E-05 9.9964E-05
9.9982E-05 0.225414 0.0343097 0.196316 0.510077 0.0245665 0.00911693 9.9982E-05
9.9973E-05 0.332257 9.9973E-05 0.318905 0.0494099 9.9973E-05 0.127246 0.171883
9.9964E-05 0.391808 9.9964E-05 0.558015 0.025485 9.9964E-05 9.9964E-05 0.0242923
9.9973E-05 0.474782 0.0778703 0.423377 9.9973E-05 9.9973E-05 0.0093085 0.0143621
9.9946E-05 0.571894 9.9946E-05 0.427507 9.9946E-05 9.9946E-05 9.9946E-05 9.9946E-05
0.0235007 9.99549E-05 9.99549E-05 0.700797 9.99549E-05 9.99549E-05 9.99549E-05 0.275202
9.9955E-05 9.9955E-05 0.0474171 0.839448 9.9955E-05 9.9955E-05 0.112635 9.9955E-05
9.9973E-05 0.0105393 0.0779282 0.710364 9.9973E-05 9.9973E-05 0.186336 0.0145325
9.99551E-05 9.99551E-05 9.99551E-05 0.901262 9.99551E-05 9.99551E-05 0.0746553 0.0235831
0.0237177 9.9973E-05 0.0348709 0.840458 0.0388865 9.9973E-05 9.9973E-05 0.0617672
9.9964E-05 0.0516228 0.00648599 0.734984 0.206508 9.9964E-05 9.9964E-05 9.9964E-05
9.9964E-05 0.0133388 0.172926 0.77519 0.0381454 9.9964E-05 9.9964E-05 9.9964E-05
9.9964E-05 0.0749759 0.0816598 0.840955 0.00200894 9.9964E-05 9.9964E-05 9.9964E-05
9.9982E-05 0.292231 0.0297268 0.392928 0.143275 9.9982E-05 0.0440906 0.0975481
0.0145884 0.286484 9.998E-05 0.420422 0.144003 9.998E-05 0.123002 0.0113006
9.9973E-05 0.0383246 0.135853 0.57027 0.0940434 9.9973E-05 9.9973E-05 0.161209
9.9982E-05 0.00862153 0.0874426 0.733181 0.0854616 9.9982E-05 0.0103422 0.0747513
0.00232027 0.193551 9.99731E-05 0.749938 9.99731E-05 9.99731E-05 0.0306801 0.023211
9.9955E-05 0.122805 0.0861869 0.790509 9.9955E-05 9.9955E-05 9.9955E-05 9.9955E-05
9.99639E-05 0.0490694 9.99639E-05 0.689982 0.138341 9.99639E-05 9.99639E-05 0.122208
9.9964E-05 0.543284 0.152782 0.262962 9.9964E-05 9.9964E-05 9.9964E-05 0.0405716
9.9964E-05 0.485663 0.040419 0.391888 9.9964E-05 9.9964E-05 9.9964E-05 0.08163
0.00495137 0.353476 0.0293431 0.577701 9.9973E-05 9.9973E-05 9.9973E-05 0.0342283
9.9955E-05 0.105042 9.9955E-05 0.818548 0.0759103 9.9955E-05 9.9955E-05 9.9955E-05
0.0323382 0.0436965 0.0683365 0.652227 0.185874 0.0173282 9.9982E-05 9.9982E-05
0.00497275 0.0587456 0.151761 0.658295 0.125926 9.9973E-05 9.9973E-05 9.9973E-05
9.9964E-05 0.0365061 9.9964E-05 0.852822 0.0672307 0.0430414 9.9964E-05 9.9964E-05
0.176911 9.9964E-05 0.155129 0.609622 9.9964E-05 0.0579373 9.9964E-05 9.9964E-05
0.273072 9.9955E-05 9.9955E-05 0.616554 9.9955E-05 0.109874 9.9955E-05 9.9955E-05
9.9955E-05 0.0868671 9.9955E-05 0.758295 9.9955E-05 9.9955E-05 9.9955E-05 0.154339
9.99549E-05 0.610515 9.99549E-05 0.324209 9.99549E-05 9.99549E-05 9.99549E-05 0.064776
9.9973E-05 0.421064 0.0678315 0.457504 9.9973E-05 0.029795 9.9973E-05 0.0235052
9.9964E-05 0.54455 0.0949929 0.341711 9.9964E-05 0.0183467 9.9964E-05 9.9964E-05
9.9955E-05 0.748906 9.9955E-05 0.171755 9.9955E-05 9.9955E-05 9.9955E-05 0.0788394
0.00305238 0.0422907 9.9964E-05 0.85854 9.9964E-05 9.9964E-05 9.9964E-05 0.0957166
9.9955E-05 0.642838 9.9955E-05 0.291348 0.0653148 9.9955E-05 9.9955E-05 9.9955E-05
9.9955E-05 0.29868 9.9955E-05 0.645534 0.0552855 9.9955E-05 9.9955E-05 9.9955E-05
9.9973E-05 0.217487 0.00133241 0.517033 0.0974896 9.9973E-05 9.9973E-05 0.166358
9.9955E-05 0.311821 9.9955E-05 0.587283 9.9955E-05 9.9955E-05 9.9955E-05 0.100396
0.127132 0.137633 0.00768565 9.9973E-05 9.9973E-05 0.530693 9.9973E-05 0.196556
0.393617 0.00609884 0.0161967 9.9973E-05 9.9973E-05 0.495939 9.9973E-05 0.0878484
0.270417 9.9973E-05 9.9973E-05 9.9973E-05 0.00240357 0.545314 0.00866524 0.1729
0.663449 0.0510735 9.99729E-05 9.99729E-05 0.0213885 0.131408 9.99729E-05 0.132382
0.733807 9.9973E-05 9.9973E-05 0.0675576 0.0111475 0.109487 9.9973E-05 0.0777008
0.804063 0.0155869 9.9964E-05 9.9964E-05 9.9964E-05 0.163592 9.9964E-05 0.0163585
0.285179 0.0419102 0.00996303 9.9973E-05 0.0478236 0.614824 9.9973E-05 9.9973E-05
0.0861985 9.9973E-05 0.0437144 0.0181494 9.9973E-05 0.785345 9.9973E-05 0.0662925
9.99551E-05 0.0339786 9.99551E-05 9.99551E-05 9.99551E-05 0.584268 9.99551E-05 0.381254
0.644919 9.9955E-05 9.9955E-05 0.116141 9.9955E-05 0.23844 9.9955E-05 9.9955E-05
0.91226 9.99462E-05 9.99462E-05 9.99462E-05 9.99462E-05 9.99462E-05 0.0871408 9.99462E-05
0.918589 9.9955E-05 0.0705142 9.9955E-05 9.9955E-05 9.9955E-05 0.0103975 9.9955E-05
0.909133 9.99641E-05 9.99641E-05 0.00847977 0.0312322 9.99641E-05 0.0507556 9.99641E-05
