9.9991E-05 0.529224 0.00275341 0.0688893 0.399033
9.999E-05 0.154499 0.109732 0.34754 0.388129
9.999E-05 0.380562 0.0980992 0.0748788 0.44636
0.0584188 0.395522 0.214194 9.9991E-05 0.331765
0.0637332 0.238218 9.9982E-05 9.9982E-05 0.697849
0.0172537 0.51481 0.0568347 9.9991E-05 0.411002
0.0742336 9.9982E-05 0.0459975 0.879569 9.9982E-05
0.233477 0.0606228 0.00781326 0.575577 0.12251
0.289199 9.9982E-05 9.9982E-05 0.682654 0.0279467
0.268384 0.0438711 9.9982E-05 0.687545 9.9982E-05
0.0987356 9.9973E-05 9.9973E-05 0.900964 9.9973E-05
0.0946852 0.0755824 9.9982E-05 0.829532 9.9982E-05
0.453453 9.9973E-05 9.9973E-05 0.546247 9.9973E-05
0.462828 0.00394204 9.9982E-05 0.53303 9.9982E-05
0.233806 9.9982E-05 0.0296999 0.736294 9.9982E-05
0.114262 9.9973E-05 9.9973E-05 0.885438 9.9973E-05
0.0240227 0.506388 0.171962 9.9991E-05 0.297528
0.124128 0.180237 0.642285 9.9991E-05 0.0532499
0.0890507 0.694832 0.205538 0.010479 9.9991E-05
0.160161 0.611602 0.143483 9.9991E-05 0.0846546
0.0744627 0.269209 0.475334 9.9991E-05 0.180894
0.0893714 0.515287 0.395141 9.9982E-05 9.9982E-05
9.9982E-05 0.633162 9.9982E-05 0.244388 0.12225
9.9982E-05 0.719932 9.9982E-05 0.0415764 0.238291
0.00762118 0.901615 9.9991E-05 0.0509376 0.0397265
9.9982E-05 0.740437 0.0640731 9.9982E-05 0.19529
0.154818 0.570902 9.9982E-05 9.9982E-05 0.274079
0.129671 0.541411 9.9982E-05 9.9982E-05 0.328718
0.0397136 0.0580761 0.353902 0.0106057 0.537703
0.0968703 0.104729 0.461118 9.9991E-05 0.337182
9.9982E-05 0.280138 0.544501 0.175161 9.9982E-05
0.0922325 0.235233 0.291563 0.0513396 0.329631
9.9982E-05 0.379267 0.294854 9.9982E-05 0.325679
9.9973E-05 0.900736 9.9973E-05 0.0989644 9.9973E-05
9.9973E-05 0.664895 9.9973E-05 0.334805 9.9973E-05
9.9991E-05 0.597658 0.133717 0.0901354 0.178389
0.19653 0.497217 0.10364 0.202513 9.9991E-05
0.0841906 0.707514 9.9991E-05 0.11997 0.0882251
9.9982E-05 0.672034 0.196177 0.131589 9.9982E-05
0.0830794 0.789351 0.12737 9.9982E-05 9.9982E-05
9.9982E-05 0.503121 0.182469 9.9982E-05 0.31421
0.121816 0.332886 0.0754835 9.9991E-05 0.469715
0.138032 0.343478 0.193236 9.9991E-05 0.325153
0.0425215 0.333676 9.9991E-05 0.168407 0.455295
9.9991E-05 0.607411 0.0605527 0.00217818 0.329758
0.0320524 0.650898 0.188051 9.9991E-05 0.128898
0.107979 0.247303 0.644518 9.9982E-05 9.9982E-05
9.9991E-05 0.0403763 0.839913 0.063958 0.0556527
9.997E-05 9.997E-05 0.9996 9.997E-05 9.997E-05
9.9982E-05 0.0373125 0.729765 9.9982E-05 0.232723
0.0855746 0.172353 0.741873 9.9982E-05 9.9982E-05
9.9991E-05 0.448372 0.246778 0.173001 0.131749
0.123876 0.407481 0.468444 9.9982E-05 9.9982E-05
0.0037416 0.738762 0.216537 9.9991E-05 0.0408586
9.9991E-05 0.674276 0.16983 0.11074 0.0450535
0.124391 0.674909 0.0510459 9.9991E-05 0.149554
0.252341 0.234972 9.9982E-05 0.512487 9.9982E-05
0.506052 0.159225 9.9982E-05 0.334523 9.9982E-05
0.866609 0.0372784 9.9991E-05 0.0366933 0.0593198
0.486638 0.0948073 0.052346 0.366108 9.9991E-05
0.615799 9.9973E-05 9.9973E-05 0.383901 9.9973E-05
0.656275 9.9991E-05 0.15709 0.17749 0.00904381
9.9973E-05 9.9973E-05 0.20608 0.79362 9.9973E-05
0.107676 0.115254 9.9982E-05 0.77687 9.9982E-05
0.252215 9.9982E-05 9.9982E-05 0.746755 0.000829346
0.454148 9.9973E-05 9.9973E-05 0.545552 9.9973E-05
0.290937 0.158694 9.9982E-05 0.550169 9.9982E-05
0.605406 0.0960971 9.99821E-05 0.298297 9.99821E-05
0.203084 0.127915 9.9982E-05 0.668802 9.9982E-05
0.39531 0.0449488 9.9982E-05 0.559541 9.9982E-05
0.069609 0.152512 9.9982E-05 0.777679 9.9982E-05
0.469229 0.141322 9.9982E-05 0.38925 9.9982E-05
0.102622 9.9982E-05 9.9982E-05 0.84224 0.0549376
0.69081 9.9991E-05 0.107329 0.178511 0.0232496
0.673047 0.17937 0.0291257 0.118357 9.9991E-05
0.756754 0.0308626 0.0895051 0.122778 9.9991E-05
0.569448 9.9991E-05 0.00132759 0.396424 0.0327009
0.958141 9.9982E-05 0.0325358 9.9982E-05 0.00912284
0.667035 9.9973E-05 9.9973E-05 0.332665 9.9973E-05
0.226155 9.9982E-05 0.0996302 0.674015 9.9982E-05
0.735429 9.9982E-05 0.175503 0.088868 9.9982E-05
0.0897232 0.0652141 9.9982E-05 9.9982E-05 0.844863
9.9982E-05 9.9982E-05 0.0208722 0.179825 0.799103
9.99731E-05 9.99731E-05 9.99731E-05 0.168324 0.831376
0.152799 9.9982E-05 0.0702668 9.9982E-05 0.776734
0.062544 9.9982E-05 0.278246 9.9982E-05 0.65901
9.9982E-05 9.9982E-05 0.694 0.080825 0.224975
9.9991E-05 0.0573568 0.1993 0.185518 0.557726
9.9991E-05 0.149704 0.202249 0.136742 0.511205
0.0681523 0.000251279 0.165724 9.9991E-05 0.765773
9.9982E-05 9.9982E-05 0.20655 0.0464155 0.746834
0.188879 0.10747 9.9982E-05 9.9982E-05 0.703451
0.103025 0.410028 9.9982E-05 9.9982E-05 0.486747
0.097737 0.27523 0.0212285 9.9991E-05 0.605705
0.10378 0.25349 0.0631447 9.9991E-05 0.579485
0.0557399 0.00224002 0.551144 0.0127528 0.378123
0.0467892 0.342597 0.185257 9.9991E-05 0.425257
0.148145 0.180116 9.9982E-05 9.9982E-05 0.67154
0.122369 0.280754 9.9982E-05 9.9982E-05 0.596676
9.9982E-05 0.302567 9.9982E-05 0.0676693 0.629564
9.9991E-05 0.0303915 0.262223 0.0229771 0.684309
9.9982E-05 0.0472611 0.0998532 9.9982E-05 0.852686
9.9982E-05 0.117026 0.116657 9.9982E-05 0.766117
9.9991E-05 0.0409846 0.0745413 0.0362866 0.848088
0.0654661 9.9991E-05 0.17818 0.0178545 0.7384
0.059101 0.147573 9.9982E-05 9.9982E-05 0.793126
0.0267959 0.205247 0.0819172 9.9991E-05 0.68594
0.0906402 9.9982E-05 0.013689 9.9982E-05 0.895471
0.117655 0.0690245 9.9982E-05 9.9982E-05 0.81312
0.0564565 0.0443398 9.9982E-05 9.9982E-05 0.899004
0.0497446 0.106626 9.9982E-05 9.9982E-05 0.84343
0.0464778 0.00693876 9.9982E-05 9.9982E-05 0.946383
9.9982E-05 0.162232 0.161219 9.9982E-05 0.67635
0.0626151 9.9982E-05 0.147188 9.9982E-05 0.789997
9.9991E-05 0.12357 0.0461326 0.0564704 0.773726
0.0637445 0.073668 0.0439679 9.9991E-05 0.818519
0.0450592 9.9982E-05 0.115758 9.9982E-05 0.838983
0.0504556 0.0245043 9.9982E-05 9.9982E-05 0.92484
0.0254081 9.9982E-05 0.0884212 9.9982E-05 0.885971
9.9982E-05 0.0241806 9.9982E-05 0.173544 0.802076
9.9982E-05 9.9982E-05 0.0100421 0.108116 0.881642
0.012805 9.9991E-05 0.026543 0.072902 0.88765
0.0431154 0.0169238 9.9982E-05 9.9982E-05 0.939761
0.121308 0.040763 9.9991E-05 0.0220933 0.815735
0.0515432 0.119341 9.9982E-05 9.9982E-05 0.828915
0.0537631 9.9982E-05 0.0423012 9.9982E-05 0.903736
0.230466 0.205392 9.9991E-05 0.0350384 0.529004
0.354622 9.9982E-05 9.9982E-05 0.0735261 0.571652
0.00359639 9.9991E-05 0.113561 0.00598635 0.876756
9.9982E-05 9.9982E-05 0.137019 0.0713937 0.791388
9.9973E-05 9.9973E-05 9.9973E-05 0.173688 0.826013
9.9982E-05 0.00187698 9.9982E-05 0.104343 0.89358
9.9991E-05 0.0172162 0.207819 0.0782105 0.696654
0.0445941 9.9982E-05 0.0442224 9.9982E-05 0.910984
9.9991E-05 0.017775 0.0452154 0.0780842 0.858825
9.9982E-05 0.0776241 9.9982E-05 0.0233573 0.898819
9.9982E-05 0.0913499 0.178615 9.9982E-05 0.729836
9.9982E-05 9.9982E-05 0.0470332 0.111453 0.841314
0.0908859 9.9991E-05 0.149106 0.684092 0.0758157
0.446136 9.9973E-05 9.9973E-05 0.553564 9.9973E-05
0.327075 9.9982E-05 0.156568 0.516158 9.9982E-05
0.607728 9.9991E-05 0.108329 0.187771 0.0960724
0.714112 9.9991E-05 0.0168199 0.154902 0.114066
0.793376 9.9982E-05 9.9982E-05 0.184813 0.021611
0.346894 0.0427003 9.9982E-05 0.610206 9.9982E-05
0.208427 9.9982E-05 9.9982E-05 0.790747 0.000626622
9.99731E-05 9.99731E-05 0.145964 0.853736 9.99731E-05
0.648831 9.9982E-05 9.9982E-05 0.270014 0.0809552
0.960046 0.0396536 9.99731E-05 9.99731E-05 9.99731E-05
0.941233 0.0584674 9.9973E-05 9.9973E-05 9.9973E-05
0.91902 0.0155702 9.9991E-05 0.0127638 0.0525455
