0.0735036 0.053124 9.99549E-05 9.99549E-05 9.99549E-05 9.99549E-05 9.99549E-05 0.319491 0.553382
0.343488 0.148575 0.0134563 0.059561 9.9982E-05 9.9982E-05 0.0662587 0.0913624 0.277099
0.155445 9.9964E-05 0.184677 9.9964E-05 0.0233677 9.9964E-05 9.9964E-05 0.297791 0.338319
0.0234929 0.163264 0.570143 9.9973E-05 0.105853 9.9973E-05 0.0336708 9.9973E-05 0.103277
9.9946E-05 9.9946E-05 0.174828 9.9946E-05 9.9946E-05 9.9946E-05 9.9946E-05 0.614814 0.209758
0.00074891 0.0234169 0.41759 9.9973E-05 0.0850014 9.9973E-05 9.9973E-05 0.107111 0.365831
0.0880227 0.0218052 9.9964E-05 0.146771 0.0108018 9.9964E-05 0.732199 9.9964E-05 9.9964E-05
9.9964E-05 0.0249626 9.9964E-05 0.0521053 0.12221 9.9964E-05 0.661144 0.139179 9.9964E-05
0.0816507 9.9964E-05 9.9964E-05 0.024007 9.9964E-05 0.0588912 0.825486 9.9964E-05 0.00956541
0.0174129 9.9973E-05 9.9973E-05 0.180748 0.0391605 0.0437467 0.687713 9.9973E-05 0.0309188
0.0496018 0.00429023 0.000415341 0.138138 9.9973E-05 9.9973E-05 0.794584 9.9973E-05 0.01267
9.99549E-05 9.99549E-05 9.99549E-05 0.623876 9.99549E-05 9.99549E-05 0.291503 0.0455338 0.0385873
9.99461E-05 9.99461E-05 9.99461E-05 0.134741 9.99461E-05 0.231208 0.633452 9.99461E-05 9.99461E-05
9.9946E-05 9.9946E-05 9.9946E-05 9.9946E-05 0.0275625 0.027382 0.944456 9.9946E-05 9.9946E-05
0.107682 9.9964E-05 9.9964E-05 0.0862704 9.9964E-05 0.012017 0.777467 9.9964E-05 0.0161642
0.0457158 0.0488918 9.99551E-05 0.157207 9.99551E-05 9.99551E-05 0.747686 9.99551E-05 9.99551E-05
9.9973E-05 0.0383473 0.0129536 0.0267692 0.536366 9.9973E-05 9.9973E-05 0.34925 0.0360135
0.247864 0.031595 9.9973E-05 0.0543673 0.634756 9.9973E-05 0.0295315 0.00158616 9.9973E-05
0.0217679 9.9964E-05 0.127389 9.9964E-05 0.415269 0.0669831 9.9964E-05 9.9964E-05 0.368191
9.9955E-05 9.9955E-05 0.255113 9.9955E-05 0.591281 9.9955E-05 9.9955E-05 0.133615 0.0194917
0.175644 9.99549E-05 9.99549E-05 9.99549E-05 0.596717 9.99549E-05 0.0145156 0.212623 9.99549E-05
0.0547839 9.9955E-05 0.152944 9.9955E-05 0.791335 9.9955E-05 0.000436891 9.9955E-05 9.9955E-05
0.0189875 0.062734 9.9964E-05 0.137507 9.9964E-05 9.9964E-05 9.9964E-05 0.157472 0.6229
9.9955E-05 0.0884707 9.9955E-05 9.9955E-05 9.9955E-05 0.00413265 9.9955E-05 0.271771 0.635126
9.99461E-05 9.99461E-05 9.99461E-05 9.99461E-05 0.0229384 9.99461E-05 9.99461E-05 0.163957 0.812505
9.9964E-05 0.111082 0.22491 9.9964E-05 0.372135 9.9964E-05 9.9964E-05 0.0609212 0.230552
9.9955E-05 9.9955E-05 9.9955E-05 9.9955E-05 0.523136 0.0529674 9.9955E-05 0.378785 0.0446111
9.9973E-05 9.9973E-05 0.184734 9.9973E-05 0.260049 0.0202423 0.024923 0.363428 0.146324
0.181168 0.16457 9.9964E-05 9.9964E-05 0.242013 9.9964E-05 0.072079 0.339771 9.9964E-05
0.273834 0.0318071 0.0191083 9.9973E-05 0.284736 9.9973E-05 0.109174 0.281041 9.9973E-05
0.31095 9.9955E-05 0.23088 0.207602 0.250069 9.9955E-05 9.9955E-05 9.9955E-05 9.9955E-05
0.082847 9.99639E-05 0.255157 0.126719 0.289911 9.99639E-05 9.99639E-05 0.244967 9.99639E-05
0.0918952 0.0327522 0.439124 9.9964E-05 0.350023 9.9964E-05 9.9964E-05 0.0858058 9.9964E-05
9.9964E-05 0.024352 0.0109466 9.9964E-05 0.0580545 9.9964E-05 0.0156277 9.9964E-05 0.890619
0.150584 9.99459E-05 9.99459E-05 0.0905246 9.99459E-05 9.99459E-05 9.99459E-05 9.99459E-05 0.758292
0.00878134 9.9973E-05 0.0840949 0.0495963 0.431848 9.9973E-05 9.9973E-05 0.236294 0.189085
0.102679 9.9973E-05 0.0661097 0.198416 0.058439 0.188024 9.9973E-05 9.9973E-05 0.386033
9.9973E-05 9.9973E-05 0.0205374 0.0564027 0.200862 0.051585 9.9973E-05 0.179138 0.491175
0.19837 0.0249067 0.0404434 9.9973E-05 0.225708 0.0685582 9.9973E-05 9.9973E-05 0.441714
9.9964E-05 9.9964E-05 0.234414 9.9964E-05 0.52916 9.9964E-05 0.000237563 0.0306528 0.205136
9.99551E-05 0.499333 0.354422 9.99551E-05 0.0777639 9.99551E-05 9.99551E-05 9.99551E-05 0.0679811
9.9973E-05 0.194097 0.488905 9.9973E-05 0.17593 0.0590729 9.9973E-05 0.0520398 0.0296544
0.13552 9.9964E-05 0.520582 9.9964E-05 0.0985329 0.116632 9.9964E-05 9.9964E-05 0.128332
9.9955E-05 0.534421 0.243098 9.9955E-05 9.9955E-05 0.136027 9.9955E-05 9.9955E-05 0.0859541
9.9955E-05 0.202953 0.476475 9.9955E-05 0.223411 9.9955E-05 9.9955E-05 9.9955E-05 0.0966618
0.115864 9.9955E-05 0.438935 9.9955E-05 0.151948 9.9955E-05 9.9955E-05 9.9955E-05 0.292754
0.143574 9.9946E-05 9.9946E-05 0.105165 0.750661 9.9946E-05 9.9946E-05 9.9946E-05 9.9946E-05
0.452191 0.081051 9.99549E-05 0.0920396 0.374218 9.99549E-05 9.99549E-05 9.99549E-05 9.99549E-05
0.738836 9.9937E-05 9.9937E-05 9.9937E-05 0.260464 9.9937E-05 9.9937E-05 9.9937E-05 9.9937E-05
0.705238 0.0375616 9.9955E-05 9.9955E-05 0.230397 9.9955E-05 9.9955E-05 9.9955E-05 0.0263029
0.442638 9.99459E-05 9.99459E-05 9.99459E-05 0.50765 9.99459E-05 0.0491119 9.99459E-05 9.99459E-05
9.9964E-05 0.365734 9.9964E-05 0.0317913 0.470001 9.9964E-05 0.0668404 9.9964E-05 0.0652328
0.137 0.0498852 9.9964E-05 9.9964E-05 0.721983 0.0499828 9.9964E-05 9.9964E-05 0.0407491
9.9964E-05 0.34883 0.0210012 9.9964E-05 0.533028 0.00636862 9.9964E-05 9.9964E-05 0.0903726
9.99549E-05 0.31806 9.99549E-05 9.99549E-05 0.51363 9.99549E-05 0.00156471 9.99549E-05 0.166246
9.9964E-05 9.9964E-05 0.225184 9.9964E-05 0.590964 0.017444 9.9964E-05 0.12456 0.0414483
9.9964E-05 0.0911128 9.9964E-05 0.268665 9.9964E-05 0.240069 0.173199 9.9964E-05 0.226554
9.9955E-05 9.9955E-05 9.9955E-05 9.9955E-05 9.9955E-05 0.316276 0.409041 0.0351197 0.239063
9.9955E-05 0.0415721 9.9955E-05 9.9955E-05 9.9955E-05 0.832038 0.087905 9.9955E-05 0.0379853
9.9964E-05 0.113978 9.9964E-05 0.229314 0.0916632 0.393503 0.171141 9.9964E-05 9.9964E-05
9.9955E-05 0.0146018 9.9955E-05 0.42679 9.9955E-05 0.491051 0.0670575 9.9955E-05 9.9955E-05
9.9955E-05 0.0134223 9.9955E-05 0.289869 0.15656 0.539649 9.9955E-05 9.9955E-05 9.9955E-05
0.210075 9.99369E-05 9.99369E-05 0.789225 9.99369E-05 9.99369E-05 9.99369E-05 9.99369E-05 9.99369E-05
9.9946E-05 9.9946E-05 0.0709198 0.860053 0.0684278 9.9946E-05 9.9946E-05 9.9946E-05 9.9946E-05
9.9955E-05 9.9955E-05 0.112207 0.50096 9.9955E-05 0.0812379 0.305095 9.9955E-05 9.9955E-05
9.9955E-05 9.9955E-05 9.9955E-05 0.227884 9.9955E-05 0.2276 0.502313 9.9955E-05 0.0417039
0.0509745 9.9982E-05 0.00613381 0.322272 0.0217841 0.265303 0.212791 9.9982E-05 0.120542
9.99461E-05 9.99461E-05 9.99461E-05 9.99461E-05 9.99461E-05 0.54408 0.295493 9.99461E-05 0.159827
9.9955E-05 9.9955E-05 9.9955E-05 0.59032 9.9955E-05 0.108811 0.143947 9.9955E-05 0.156422
9.9955E-05 9.9955E-05 9.9955E-05 0.415455 9.9955E-05 0.324836 0.184657 9.9955E-05 0.0745512
9.9955E-05 9.9955E-05 9.9955E-05 0.740051 9.9955E-05 9.9955E-05 0.0428197 0.0119806 0.204649
9.9964E-05 9.9964E-05 9.9964E-05 0.370022 9.9964E-05 0.381743 0.0812657 0.0501596 0.11641
9.9946E-05 9.9946E-05 9.9946E-05 0.899892 9.9946E-05 9.9946E-05 9.9946E-05 0.0777025 0.021806
9.9946E-05 9.9946E-05 9.9946E-05 0.27312 0.140684 0.585596 9.9946E-05 9.9946E-05 9.9946E-05
9.9964E-05 9.9964E-05 9.9964E-05 0.0930107 0.127714 0.643806 0.0634837 9.9964E-05 0.0715858
0.0553402 9.9955E-05 9.9955E-05 0.237324 0.0624683 0.644368 9.9955E-05 9.9955E-05 9.9955E-05
9.9946E-05 9.9946E-05 0.121319 0.395644 9.9946E-05 0.482437 9.9946E-05 9.9946E-05 9.9946E-05
0.0117026 9.9955E-05 0.0350725 9.9955E-05 9.9955E-05 0.948471 9.9955E-05 0.00425429 9.9955E-05
9.9964E-05 0.0130403 9.9964E-05 0.125027 9.9964E-05 0.537339 0.284527 9.9964E-05 0.039667
9.9955E-05 9.9955E-05 9.9955E-05 0.768476 0.110596 0.0784193 0.042009 9.9955E-05 9.9955E-05
0.159824 9.9946E-05 9.9946E-05 0.0971209 9.9946E-05 0.742456 9.9946E-05 9.9946E-05 9.9946E-05
0.00930067 9.99641E-05 0.04932 9.99641E-05 0.107756 9.99641E-05 9.99641E-05 0.806586 0.0266378
9.9946E-05 0.874976 9.9946E-05 9.9946E-05 0.0394201 0.0850045 9.9946E-05 9.9946E-05 9.9946E-05
9.9946E-05 0.773235 9.9946E-05 9.9946E-05 9.9946E-05 0.0788372 9.9946E-05 0.147328 9.9946E-05
0.100835 9.9964E-05 0.0820754 9.9964E-05 9.9964E-05 0.0535131 0.0124202 0.750756 9.9964E-05
0.302009 9.9955E-05 9.9955E-05 9.9955E-05 0.0803487 9.9955E-05 0.0452865 0.571856 9.9955E-05
0.999201 9.993E-05 9.993E-05 9.993E-05 9.993E-05 9.993E-05 9.993E-05 9.993E-05 9.993E-05
0.174724 0.211371 0.515709 0.0358939 9.9973E-05 9.9973E-05 0.0368741 0.0251288 9.9973E-05
0.27329 0.203842 0.372893 9.9964E-05 9.9964E-05 9.9964E-05 0.0339863 9.9964E-05 0.115589
0.112768 0.00145408 0.594672 9.9955E-05 9.9955E-05 9.9955E-05 9.9955E-05 0.290606 9.9955E-05
0.300274 0.124512 0.237514 9.99549E-05 9.99549E-05 9.99549E-05 9.99549E-05 0.3372 9.99549E-05
9.9946E-05 9.9946E-05 0.792635 9.9946E-05 9.9946E-05 0.0441808 9.9946E-05 0.162584 9.9946E-05
9.99371E-05 9.99371E-05 0.989573 9.99371E-05 0.00972744 9.99371E-05 9.99371E-05 9.99371E-05 9.99371E-05
0.00588112 9.99729E-05 0.484706 9.99729E-05 0.00290464 9.99729E-05 0.00488697 0.363982 0.13734
0.0411326 0.0401357 0.70651 0.0636978 9.9973E-05 9.9973E-05 9.9973E-05 0.115695 0.0325284
0.3843 9.99459E-05 0.598815 9.99459E-05 9.99459E-05 9.99459E-05 0.0162856 9.99459E-05 9.99459E-05
0.157843 9.9973E-05 0.649347 9.9973E-05 0.0296325 9.9973E-05 0.000652169 0.0378976 0.124328
9.9955E-05 9.9955E-05 0.740644 0.00929354 9.9955E-05 9.9955E-05 0.0366148 0.212948 9.9955E-05
9.9973E-05 9.9973E-05 0.608835 0.0119701 0.00577055 0.0180768 9.9973E-05 0.276126 0.0789215
9.99639E-05 0.176212 0.597131 9.99639E-05 9.99639E-05 9.99639E-05 0.0262102 0.127134 0.0729128
0.234787 0.237316 9.99549E-05 9.99549E-05 0.123316 9.99549E-05 9.99549E-05 0.404081 9.99549E-05
0.0211411 0.370748 9.9955E-05 9.9955E-05 0.0472377 9.9955E-05 9.9955E-05 0.560373 9.9955E-05
9.99551E-05 0.504487 9.99551E-05 9.99551E-05 0.0654171 9.99551E-05 9.99551E-05 0.408548 0.0210478
9.9964E-05 0.5606 0.0367262 9.9964E-05 0.00766715 9.9964E-05 0.00848061 0.386126 9.9964E-05
0.255877 9.99459E-05 9.99459E-05 0.0272757 9.99459E-05 9.99459E-05 9.99459E-05 0.716247 9.99459E-05
9.9946E-05 9.9946E-05 9.9946E-05 9.9946E-05 0.061631 9.9946E-05 9.9946E-05 0.868254 0.0695154
0.0376481 9.9955E-05 9.9955E-05 9.9955E-05 0.159377 9.9955E-05 9.9955E-05 0.697451 0.105024
0.00558289 9.9964E-05 9.9964E-05 0.0242981 0.0328274 9.9964E-05 0.0108906 0.926001 9.9964E-05
0.0897849 9.9955E-05 9.9955E-05 9.9955E-05 9.9955E-05 0.0398869 9.9955E-05 0.839015 0.0308135
9.9946E-05 0.0548034 0.17044 9.9946E-05 9.9946E-05 9.9946E-05 9.9946E-05 0.774157 9.9946E-05
9.9955E-05 9.9955E-05 0.00837214 9.9955E-05 9.9955E-05 0.0107707 9.9955E-05 0.851841 0.128517
9.9946E-05 0.122579 9.9946E-05 9.9946E-05 9.9946E-05 9.9946E-05 9.9946E-05 0.824379 0.052442
0.105017 0.209458 0.170781 9.9973E-05 0.0802754 9.9973E-05 9.9973E-05 0.410741 0.0234283
0.0152322 0.335123 0.110084 9.9973E-05 0.165173 0.0129476 9.9973E-05 0.36114 9.9973E-05
0.14364 0.0604191 0.082525 9.9964E-05 9.9964E-05 9.9964E-05 9.9964E-05 0.625685 0.0873307
0.111768 0.0120342 0.10812 0.0359792 0.0168228 9.9982E-05 9.9982E-05 0.675028 0.0400475
0.0846701 0.0795709 0.0109572 9.99641E-05 0.0175349 9.99641E-05 9.99641E-05 0.806867 9.99641E-05
0.0263034 0.0903174 9.99551E-05 9.99551E-05 9.99551E-05 9.99551E-05 9.99551E-05 0.876927 0.00595247
0.16472 0.000787385 0.142202 9.99549E-05 9.99549E-05 9.99549E-05 9.99549E-05 0.691791 9.99549E-05
9.9955E-05 0.604986 9.9955E-05 0.000369397 9.9955E-05 9.9955E-05 9.9955E-05 0.20532 0.188825
0.0529466 0.567146 0.0844062 0.0433594 9.9964E-05 9.9964E-05 9.9964E-05 0.251742 9.9964E-05
9.9955E-05 0.406367 0.044405 0.0519651 9.9955E-05 9.9955E-05 9.9955E-05 0.496763 9.9955E-05
9.9946E-05 0.0945244 0.121499 9.9946E-05 9.9946E-05 9.9946E-05 9.9946E-05 0.783377 9.9946E-05
9.9964E-05 0.0601715 0.150471 0.0386334 9.9964E-05 0.0539056 9.9964E-05 0.696419 9.9964E-05
9.9964E-05 0.115264 0.0693485 9.9964E-05 9.9964E-05 0.00290831 9.9964E-05 0.667652 0.144427
9.9964E-05 0.0347991 0.0355798 0.0636468 0.0235392 9.9964E-05 9.9964E-05 0.842035 9.9964E-05
9.9955E-05 9.9955E-05 9.9955E-05 9.9955E-05 9.9955E-05 0.115293 0.0989213 0.629868 0.155418
9.9955E-05 0.00671966 9.9955E-05 0.146182 9.9955E-05 0.232605 9.9955E-05 0.613994 9.9955E-05
0.137087 0.121813 9.9946E-05 9.9946E-05 9.9946E-05 9.9946E-05 9.9946E-05 0.740501 9.9946E-05
0.073104 0.626197 9.9946E-05 9.9946E-05 9.9946E-05 9.9946E-05 9.9946E-05 0.3001 9.9946E-05
0.102851 0.330666 0.00103847 0.0150999 9.9973E-05 9.9973E-05 9.9973E-05 0.422044 0.128001
0.0439181 0.440787 9.9964E-05 9.9964E-05 9.9964E-05 9.9964E-05 0.00645028 0.427856 0.0805881
0.0469261 0.808843 9.9955E-05 9.9955E-05 0.0474966 9.9955E-05 9.9955E-05 0.096235 9.9955E-05
0.0702018 0.0940666 9.9955E-05 9.9955E-05 0.0405374 9.9955E-05 9.9955E-05 0.794694 9.9955E-05
0.00957625 0.595458 0.145135 9.9964E-05 9.9964E-05 9.9964E-05 9.9964E-05 0.229319 0.0201124
9.9955E-05 0.280426 0.0966729 9.9955E-05 0.00361957 9.9955E-05 9.9955E-05 0.618782 9.9955E-05
0.143175 0.265196 0.0602313 9.997E-05 0.0449139 9.997E-05 9.997E-05 0.452127 0.0340568
0.0996052 0.375875 9.9955E-05 0.0119462 9.9955E-05 9.9955E-05 9.9955E-05 0.512074 9.9955E-05
0.0204228 0.169293 9.9955E-05 0.751927 9.9955E-05 0.0578573 9.9955E-05 9.9955E-05 9.9955E-05
0.0605744 0.00650065 9.9964E-05 0.470854 9.9964E-05 0.407315 0.0543559 9.9964E-05 9.9964E-05
0.0510548 9.9973E-05 0.00769618 0.629756 0.04565 0.242452 0.0230918 9.9973E-05 9.9973E-05
0.144892 0.032161 9.99729E-05 0.0640926 9.99729E-05 0.673412 0.0698609 9.99729E-05 0.0152815
0.0699822 0.0586569 9.9973E-05 0.0735427 9.9973E-05 0.74462 0.00802931 0.0448685 9.9973E-05
0.00940433 9.9964E-05 9.9964E-05 0.120843 0.0146217 0.831087 0.0236442 9.9964E-05 9.9964E-05
9.9964E-05 0.055046 0.0482006 0.254405 9.9964E-05 0.232609 0.40934 9.9964E-05 9.9964E-05
0.0561026 9.9964E-05 9.9964E-05 0.603885 9.9964E-05 0.122236 0.185058 0.0323178 9.9964E-05
0.306883 9.99372E-05 9.99372E-05 0.692418 9.99372E-05 9.99372E-05 9.99372E-05 9.99372E-05 9.99372E-05
0.037309 9.9964E-05 9.9964E-05 0.0951593 9.9964E-05 0.624623 0.148886 0.0936222 9.9964E-05
9.99462E-05 9.99462E-05 9.99462E-05 9.99462E-05 0.0661341 0.87678 0.0564866 9.99462E-05 9.99462E-05
9.9946E-05 9.9946E-05 9.9946E-05 9.9946E-05 0.0921317 0.902922 0.0043467 9.9946E-05 9.9946E-05
9.99551E-05 9.99551E-05 0.025909 9.99551E-05 0.04839 0.793263 0.131939 9.99551E-05 9.99551E-05
