0.135303 0.506516 9.9982E-05 9.9982E-05 0.357981
0.444257 0.0831327 0.0329378 9.9991E-05 0.439572
0.152961 0.365846 0.0544558 9.9991E-05 0.426637
0.0949085 0.4516 0.0630569 0.0239249 0.36651
9.9982E-05 0.279984 9.9982E-05 0.0528371 0.666979
9.9982E-05 0.542758 0.0601617 9.9982E-05 0.396881
0.699829 9.9982E-05 0.0665042 0.233466 9.9982E-05
0.421645 0.0342378 0.0435619 0.392199 0.108357
0.539524 9.9973E-05 9.9973E-05 0.460176 9.9973E-05
0.522758 0.0304713 0.0167622 0.429908 9.9991E-05
0.676371 9.9973E-05 9.9973E-05 0.323329 9.9973E-05
0.672325 0.0456537 9.9991E-05 0.278316 0.00360547
0.408686 9.9973E-05 9.9973E-05 0.591014 9.9973E-05
0.300743 9.9982E-05 0.0339377 0.66512 9.9982E-05
0.580642 9.9982E-05 0.0322968 0.386861 9.9982E-05
0.690317 9.9973E-05 9.9973E-05 0.309383 9.9973E-05
9.999E-05 0.486515 0.237361 0.0473987 0.228626
9.999E-05 0.167243 0.660664 0.0973047 0.0746884
9.9982E-05 0.666671 0.239887 0.0932426 9.9982E-05
9.999E-05 0.614496 0.21018 0.0816158 0.0936082
9.999E-05 0.25487 0.506084 0.0719141 0.167033
9.9982E-05 0.513101 0.451546 0.0351529 9.9982E-05
0.317161 0.548181 9.9982E-05 9.9982E-05 0.134459
0.0404357 0.733066 9.9982E-05 9.9982E-05 0.226298
0.0112189 0.934137 9.99821E-05 9.99821E-05 0.0544441
9.9982E-05 0.774859 0.0787695 9.9982E-05 0.146172
9.9991E-05 0.528043 0.0385071 0.165335 0.268015
9.9982E-05 0.533074 9.9982E-05 0.107736 0.35899
0.0153928 0.0115769 0.342394 0.0669319 0.563704
0.0371199 0.0260092 0.420361 0.145458 0.371052
0.32092 0.286631 0.390809 9.9991E-05 0.00154011
0.151104 0.265877 0.226387 0.0215583 0.335073
0.0175383 0.430596 0.29624 9.9991E-05 0.255525
0.107339 0.892361 9.9973E-05 9.9973E-05 9.9973E-05
0.376912 0.622788 9.9973E-05 9.9973E-05 9.9973E-05
0.040916 0.599357 0.187918 0.0363196 0.13549
0.238323 0.474816 0.0652639 0.221497 9.9991E-05
0.0794946 0.722799 0.0734799 0.0632382 0.0609879
0.157014 0.621102 0.181333 0.0323188 0.00823244
9.9982E-05 0.740738 0.196709 0.0623531 9.9982E-05
0.105017 0.432878 0.102107 9.9991E-05 0.359898
9.9991E-05 0.353285 0.0903734 0.102606 0.453636
9.9991E-05 0.48234 0.13813 0.14362 0.23581
0.108095 0.323635 9.9991E-05 0.0917776 0.476393
0.0322368 0.657043 0.0567614 9.9991E-05 0.253858
0.0339939 0.750067 0.127683 9.9991E-05 0.0881557
9.9982E-05 0.167775 0.747011 0.0850139 9.9982E-05
0.06599 9.9991E-05 0.825546 0.00448644 0.103878
0.0689916 9.9973E-05 0.930708 9.9973E-05 9.9973E-05
9.9973E-05 9.9973E-05 0.731359 9.9973E-05 0.268341
9.9982E-05 0.181996 0.780686 0.037118 9.9982E-05
0.103976 0.440352 0.302472 0.0307401 0.12246
9.9991E-05 0.38323 0.51319 0.102474 0.00100664
9.9991E-05 0.714444 0.233339 0.0201086 0.0320076
0.0310736 0.649013 0.292238 9.9991E-05 0.0275754
9.9991E-05 0.715965 0.109547 0.0918349 0.0825523
0.369294 0.226838 9.9991E-05 0.403277 0.000491128
0.236272 0.0631262 9.9991E-05 0.608185 0.0923168
0.0260696 0.0021874 9.9991E-05 0.902367 0.0692761
0.334011 0.0236529 0.0736083 0.568628 9.9991E-05
0.300866 9.9973E-05 9.9973E-05 0.698834 9.9973E-05
0.158622 9.9991E-05 0.156572 0.680847 0.003859
0.922642 9.9973E-05 0.0770584 9.9973E-05 9.9973E-05
0.645723 0.106452 9.9982E-05 0.247625 9.9982E-05
0.570182 9.9982E-05 9.9982E-05 0.428789 0.000829112
0.39849 9.9973E-05 9.9973E-05 0.60121 9.9973E-05
0.372703 0.159649 9.9982E-05 0.467448 9.9982E-05
0.113737 0.124631 9.99821E-05 0.761431 9.99821E-05
0.593217 0.100814 9.9982E-05 0.305769 9.9982E-05
0.395434 0.0431763 9.9982E-05 0.56119 9.9982E-05
0.649608 0.142975 9.9982E-05 0.207217 9.9982E-05
0.320778 0.0750801 9.9982E-05 0.603942 9.9982E-05
0.733678 0.00913209 9.9982E-05 0.25699 9.9982E-05
0.173186 9.9991E-05 0.0762413 0.73663 0.0138431
0.0246551 0.147178 0.0430264 0.78504 9.9991E-05
0.0784134 9.9982E-05 0.154716 0.766671 9.9982E-05
0.282376 9.9982E-05 9.9982E-05 0.681933 0.0354909
9.9973E-05 9.9973E-05 9.9973E-05 0.932045 0.0676548
0.263862 9.9973E-05 9.9973E-05 0.735838 9.9973E-05
0.650692 9.9982E-05 0.0176226 0.331485 9.9982E-05
0.133715 9.9991E-05 0.100218 0.750773 0.0151941
9.9982E-05 0.12982 9.9982E-05 0.0823718 0.787608
0.220821 9.9982E-05 0.0272684 9.9982E-05 0.75171
0.197908 9.99731E-05 9.99731E-05 9.99731E-05 0.801792
9.9991E-05 0.0275054 0.0626815 0.119356 0.790357
9.9982E-05 9.9982E-05 0.264405 0.0590839 0.676311
0.362071 9.9982E-05 0.392204 9.9982E-05 0.245525
0.188068 0.011997 0.154975 0.029601 0.615359
0.223009 0.0922603 0.136022 9.9991E-05 0.548609
0.0055546 0.0193538 0.115979 0.0856738 0.773439
0.101733 9.9982E-05 0.138125 9.9982E-05 0.759943
9.9982E-05 0.130056 9.9982E-05 0.163409 0.706335
9.9982E-05 0.437494 9.9982E-05 0.07605 0.486256
9.9982E-05 0.334024 9.9982E-05 0.0383739 0.627402
0.0683031 0.283698 9.9991E-05 0.0655157 0.582383
0.114666 0.0566176 0.403376 0.0122194 0.413121
0.0599923 0.396583 0.139348 9.9991E-05 0.403976
9.9982E-05 0.229695 9.9982E-05 0.113702 0.656404
9.9982E-05 0.339662 9.9982E-05 0.118679 0.541458
0.0827676 0.32195 9.9982E-05 9.9982E-05 0.595082
0.0204568 0.0266071 0.277531 9.9991E-05 0.675305
9.9982E-05 0.0198473 0.129303 9.9982E-05 0.85065
0.0554081 9.9982E-05 0.0960852 9.9982E-05 0.848307
0.0471076 0.0323731 0.0743347 9.9991E-05 0.846085
0.013786 9.9991E-05 0.133846 0.0687683 0.7835
9.9991E-05 0.0767022 0.028622 0.0512991 0.843277
9.9991E-05 0.186685 0.0929667 0.0471458 0.673102
9.9982E-05 9.9982E-05 0.0503749 0.102523 0.846902
9.9982E-05 0.03019 9.9982E-05 0.116162 0.853448
9.9982E-05 0.0951005 9.9982E-05 0.0407982 0.863901
9.9982E-05 0.237913 9.9982E-05 0.0296867 0.7322
9.9982E-05 0.0165116 9.9982E-05 0.00835604 0.974932
9.9982E-05 0.200305 0.174673 9.9982E-05 0.624822
9.9982E-05 9.9982E-05 0.183423 0.0714659 0.744911
0.0799551 0.121831 0.0413651 9.9991E-05 0.756749
9.9991E-05 0.0722779 0.105042 0.0521653 0.770415
9.9982E-05 9.9982E-05 0.0903054 0.0260973 0.883397
9.9982E-05 0.00234453 9.9982E-05 0.0500933 0.947362
9.9982E-05 9.9982E-05 0.0672902 0.0400307 0.892479
0.254171 9.9973E-05 9.9973E-05 9.9973E-05 0.745529
0.164602 9.99731E-05 9.99731E-05 9.99731E-05 0.835098
0.137199 9.9973E-05 9.9973E-05 9.9973E-05 0.862501
9.9982E-05 0.0345111 9.9982E-05 0.0113888 0.9539
9.9982E-05 0.114766 9.9982E-05 0.125488 0.759546
9.9982E-05 0.149427 9.9982E-05 0.0501575 0.800216
0.00839371 9.9991E-05 0.0261741 0.0638692 0.901463
0.0288816 0.136823 9.9991E-05 0.291523 0.542672
0.0571383 9.9982E-05 9.9982E-05 0.355807 0.586855
9.9973E-05 9.9973E-05 0.0943242 9.9973E-05 0.905376
0.143641 9.9982E-05 0.0632411 9.9982E-05 0.792918
0.153408 0.0538383 9.9982E-05 9.9982E-05 0.792554
0.101192 0.0228086 9.9982E-05 9.9982E-05 0.875799
0.175676 9.9982E-05 0.10509 9.9982E-05 0.719034
9.9982E-05 9.9982E-05 0.102141 0.0501336 0.847525
0.144376 9.9982E-05 0.0263846 9.9982E-05 0.82904
9.9991E-05 0.0749189 0.00485182 0.0326137 0.887516
0.025799 0.0669806 0.149102 9.9991E-05 0.758019
0.167627 9.9973E-05 9.9973E-05 9.9973E-05 0.832073
0.656868 9.9991E-05 0.0542349 0.217212 0.0715847
0.448251 9.9982E-05 9.9982E-05 0.541867 0.00968239
0.505981 9.9982E-05 0.0767224 0.417096 9.9982E-05
0.215129 9.9991E-05 0.0562228 0.632143 0.0964048
0.109176 9.9982E-05 9.9982E-05 0.739716 0.150908
0.155232 9.9973E-05 9.9973E-05 0.844468 9.9973E-05
0.466402 0.0227497 9.9982E-05 0.510649 9.9982E-05
0.662204 9.9973E-05 9.9973E-05 0.337496 9.9973E-05
0.9996 9.997E-05 9.997E-05 9.997E-05 9.997E-05
0.21196 9.9982E-05 9.9982E-05 0.719125 0.0687154
9.99731E-05 0.0711088 9.99731E-05 0.928591 9.99731E-05
9.99731E-05 0.0594252 9.99731E-05 0.940275 9.99731E-05
9.9991E-05 0.0133875 0.0114864 0.924823 0.0502028
