9.9991E-05 0.767116 0.232784
9.9991E-05 0.46872 0.53118
0.0639496 0.712887 0.223163
0.103133 0.726775 0.170092
0.0891479 0.910752 9.9991E-05
0.0918904 0.888001 0.0201087
0.424313 9.9991E-05 0.575587
0.5191 0.147118 0.333781
0.606594 9.9991E-05 0.393306
0.588355 9.9991E-05 0.411545
0.477762 9.9991E-05 0.522138
0.492432 0.00713624 0.500432
0.778454 9.9991E-05 0.221446
0.774153 9.9991E-05 0.225747
0.5604 9.9991E-05 0.4395
0.496316 9.9991E-05 0.503584
0.128866 0.70214 0.168993
0.11541 0.416262 0.468328
0.225017 0.524356 0.250627
0.259728 0.694873 0.0453989
0.10397 0.588921 0.307109
0.175651 0.542321 0.282028
0.15262 0.560702 0.286678
0.155794 0.771782 0.0724239
0.197504 0.727157 0.0753396
0.118115 0.81481 0.0670745
0.281243 0.718657 9.9991E-05
0.232778 0.767122 9.9991E-05
0.0502296 0.696773 0.252997
0.0796117 0.578825 0.341563
9.9991E-05 0.348058 0.651842
0.0770272 0.629919 0.293054
9.9991E-05 0.725187 0.274713
0.17018 0.626656 0.203164
0.0754333 0.388083 0.536484
0.168733 0.65239 0.178877
0.390079 0.320779 0.289142
0.254176 0.586563 0.159261
0.166223 0.507537 0.32624
0.226606 0.625173 0.148221
9.9991E-05 0.699965 0.299935
0.130048 0.809196 0.0607565
0.202398 0.682802 0.1148
0.184702 0.722814 0.092484
0.0223624 0.76199 0.215647
0.0823631 0.721457 0.19618
0.188046 0.276934 0.53502
0.00850819 0.303533 0.687959
9.9991E-05 0.201896 0.798004
9.9991E-05 0.445784 0.554116
0.0686396 0.390349 0.541012
0.149651 0.527397 0.322952
0.205194 0.497243 0.297563
0.0918279 0.630549 0.277623
0.126559 0.562769 0.310672
0.241929 0.728622 0.0294494
0.532817 0.165335 0.301848
0.743852 0.0661483 0.189999
0.926925 0.0729754 9.9991E-05
0.723822 9.9991E-05 0.276078
0.813622 9.9991E-05 0.186278
0.728707 0.0743564 0.196937
0.138476 9.9991E-05 0.861424
0.421419 0.0354012 0.54318
0.603214 9.9991E-05 0.396686
0.721696 9.9991E-05 0.278204
0.638721 0.0264419 0.334837
0.938497 9.9991E-05 0.0614028
0.49933 9.9991E-05 0.50057
0.75319 9.9991E-05 0.24671
0.50272 0.0389014 0.458379
0.771309 0.0619666 0.166725
0.491803 9.9991E-05 0.508097
0.833106 0.0573273 0.109567
0.887889 0.0858365 0.0262745
0.867465 9.9991E-05 0.132435
0.788822 0.0430503 0.168127
0.9998 9.999E-05 9.999E-05
0.832826 9.9991E-05 0.167074
0.499154 9.9991E-05 0.500746
0.827182 0.0580574 0.114761
0.0769144 0.922986 9.9991E-05
9.9991E-05 0.767836 0.232064
0.0206059 0.822261 0.157133
0.0872306 0.895037 0.0177325
0.0234821 0.792236 0.184282
9.9991E-05 0.253781 0.746119
0.00644382 0.702148 0.291408
0.0199384 0.687763 0.292299
0.0589886 0.858098 0.0829134
9.9991E-05 0.767098 0.232802
0.191926 0.807974 9.9991E-05
0.145964 0.853936 9.9991E-05
0.120779 0.879121 9.9991E-05
0.104591 0.852813 0.0425965
9.9991E-05 0.587941 0.411959
0.0529405 0.808512 0.138548
0.135067 0.864833 9.9991E-05
0.135053 0.864847 9.9991E-05
0.0520629 0.87672 0.0712176
9.9991E-05 0.787287 0.212613
9.9991E-05 0.930549 0.0693509
9.9991E-05 0.893202 0.106698
9.9991E-05 0.881792 0.118108
0.0353386 0.811303 0.153358
0.0433447 0.956555 9.9991E-05
0.0527842 0.940327 0.00688879
0.0491226 0.950777 9.9991E-05
0.0360146 0.963885 9.9991E-05
0.0263075 0.973593 9.9991E-05
0.0174477 0.982452 9.9991E-05
9.999E-05 0.9998 9.999E-05
9.9991E-05 0.867502 0.132398
0.0643268 0.865426 0.0702473
9.9991E-05 0.886313 0.113587
9.9991E-05 0.935425 0.0644751
0.0234071 0.976493 9.9991E-05
0.0302895 0.969611 9.9991E-05
9.9991E-05 0.95506 0.0448399
9.9991E-05 0.748854 0.251046
9.9991E-05 0.810241 0.189659
9.9991E-05 0.880407 0.119493
9.999E-05 0.9998 9.999E-05
0.117206 0.882694 9.9991E-05
0.0656645 0.934235 9.9991E-05
0.0437954 0.956105 9.9991E-05
0.315666 0.684234 9.9991E-05
0.376609 0.623291 9.9991E-05
9.9991E-05 0.895408 0.104492
9.9991E-05 0.803324 0.196576
9.9991E-05 0.806038 0.193862
9.9991E-05 0.860324 0.139577
9.9991E-05 0.717196 0.282704
0.0111907 0.988709 9.9991E-05
9.9991E-05 0.844742 0.155158
0.0179499 0.974344 0.00770613
9.9991E-05 0.863999 0.135901
9.9991E-05 0.842482 0.157418
0.35646 0.0190358 0.624505
0.667735 9.9991E-05 0.332165
0.556937 9.9991E-05 0.442963
0.713873 0.13049 0.155637
0.822675 0.139725 0.0375991
0.928682 0.00322277 0.068095
0.689425 0.0002077 0.310368
0.482738 9.9991E-05 0.517162
0.095844 9.9991E-05 0.904056
0.869145 0.0677771 0.0630775
0.9998 9.999E-05 9.999E-05
0.9998 9.999E-05 9.999E-05
0.97826 0.0216397 9.9991E-05
