0.531722 9.9982E-05 0.0965788 9.9982E-05 0.3715
0.098254 9.9991E-05 0.403194 0.0930327 0.40542
0.36773 9.9991E-05 0.121289 0.0749678 0.435913
0.483587 9.9991E-05 0.0565675 0.108813 0.350932
0.319463 0.0537041 9.9982E-05 9.9982E-05 0.626633
0.575538 0.0173361 9.9991E-05 0.0358434 0.371182
9.9982E-05 0.148016 0.845858 0.00592673 9.9982E-05
0.0135592 0.308644 0.474011 0.069483 0.134303
9.9973E-05 0.377407 0.622293 9.9973E-05 9.9973E-05
0.038795 0.345526 0.615479 9.9982E-05 9.9982E-05
9.9973E-05 0.198589 0.801111 9.9973E-05 9.9973E-05
0.0409441 0.164811 0.794045 9.9982E-05 9.9982E-05
9.9973E-05 0.533544 0.466156 9.9973E-05 9.9973E-05
0.0125035 0.542206 0.428901 0.0162897 9.9991E-05
9.9973E-05 0.305065 0.694635 9.9973E-05 9.9973E-05
9.99731E-05 0.241933 0.757767 9.99731E-05 9.99731E-05
0.492363 0.0486649 9.9991E-05 0.21616 0.242712
0.200532 0.128391 9.9991E-05 0.631271 0.039706
0.631518 0.110357 9.9982E-05 0.257925 9.9982E-05
0.629532 0.126458 9.9991E-05 0.140649 0.103262
0.341616 0.0755748 9.9991E-05 0.449179 0.13353
0.531172 0.0786101 9.9982E-05 0.390018 9.9982E-05
0.617964 9.9982E-05 0.280326 9.9982E-05 0.10151
0.734373 9.9982E-05 0.0408801 9.9982E-05 0.224547
0.945907 9.9982E-05 0.0112547 9.9982E-05 0.0426386
0.761872 9.9982E-05 9.9982E-05 0.0562748 0.181653
0.551808 0.165314 9.9982E-05 9.9982E-05 0.282678
0.517696 0.137162 9.9982E-05 9.9982E-05 0.344942
0.102085 0.0263574 0.0675487 0.290669 0.513341
0.142603 0.0736456 0.0411097 0.403561 0.339081
0.279295 9.9991E-05 0.250334 0.451705 0.0185659
0.238513 0.0530085 0.148644 0.217032 0.342802
0.47828 9.9982E-05 9.9982E-05 0.272225 0.249296
0.90764 9.9973E-05 0.0920596 9.9973E-05 9.9973E-05
0.6331 9.9973E-05 0.3666 9.9973E-05 9.9973E-05
0.634316 0.0152314 0.0809796 0.132512 0.136961
0.516663 0.184977 0.265676 0.0325839 9.9991E-05
0.773324 0.0700829 0.110785 9.9991E-05 0.0457084
0.661495 9.9982E-05 0.109776 0.228529 9.9982E-05
0.778808 0.0537191 9.9982E-05 0.167273 9.9982E-05
0.452663 9.9991E-05 0.0311119 0.19173 0.324396
0.338914 0.0880451 9.9991E-05 0.0592653 0.513675
0.442249 0.148736 9.9991E-05 0.144226 0.264688
0.329686 0.0472723 0.153578 9.9991E-05 0.469364
0.558184 9.9991E-05 0.0383212 0.0556041 0.347791
0.682477 9.9982E-05 9.9982E-05 0.201134 0.116189
0.218818 0.134671 9.9982E-05 0.646312 9.9982E-05
0.0148157 0.0308985 0.0648793 0.784867 0.10454
9.9973E-05 9.9973E-05 0.0396964 0.960004 9.9973E-05
0.012837 9.9982E-05 9.9982E-05 0.749425 0.237538
0.182823 0.102588 9.9982E-05 0.714389 9.9982E-05
0.421423 0.0369633 0.100668 0.264829 0.176116
0.403073 0.137737 9.9982E-05 0.45899 9.9982E-05
0.655247 0.00756744 9.9991E-05 0.266258 0.0708268
0.664008 9.9991E-05 0.0684571 0.224383 0.043052
0.738034 0.0913761 9.9991E-05 0.11222 0.05827
0.273021 0.339257 0.382586 9.9991E-05 0.00503648
0.188817 0.487381 0.323602 9.9982E-05 9.9982E-05
0.0399679 0.85568 0.0808795 9.9991E-05 0.0233722
0.0714233 0.522784 0.393314 0.0123787 9.9991E-05
9.9973E-05 0.625247 0.374453 9.9973E-05 9.9973E-05
9.9982E-05 0.636243 0.221298 0.14226 9.9982E-05
9.9973E-05 9.9973E-05 0.904141 0.0955589 9.9973E-05
0.103897 0.172503 0.7234 9.9982E-05 9.9982E-05
9.9973E-05 0.336933 0.662767 9.9973E-05 9.9973E-05
9.9973E-05 0.476543 0.523157 9.9973E-05 9.9973E-05
0.121707 0.442529 0.435564 9.9982E-05 9.9982E-05
0.0666364 0.705805 0.227359 9.99821E-05 9.99821E-05
0.0778574 0.224049 0.697894 9.9982E-05 9.9982E-05
0.0678693 0.492564 0.439366 9.9982E-05 9.9982E-05
0.128398 0.158715 0.712687 9.9982E-05 9.9982E-05
0.127754 0.513459 0.358587 9.9982E-05 9.9982E-05
9.9973E-05 0.167327 0.832373 9.9973E-05 9.9973E-05
9.9991E-05 0.692731 0.210761 0.0951186 0.00128992
0.163282 0.730764 0.0799538 0.0259005 9.9991E-05
9.9982E-05 0.725667 0.16135 0.112783 9.9982E-05
0.0289293 0.572532 0.355521 9.9991E-05 0.0429181
9.9982E-05 0.949359 9.9982E-05 0.0106826 0.0397585
9.9973E-05 0.699333 0.300367 9.9973E-05 9.9973E-05
9.9982E-05 0.209843 0.7442 0.045757 9.9982E-05
0.0603051 0.695669 0.140183 0.0820441 0.0217988
0.0759153 0.0793716 9.9991E-05 0.00018554 0.844428
9.9982E-05 9.9982E-05 0.197694 0.0679923 0.734113
9.9982E-05 0.00146944 0.173076 9.9982E-05 0.825254
0.00445982 0.124349 9.9991E-05 0.0583514 0.812739
9.9982E-05 0.0591965 9.9982E-05 0.276231 0.664372
9.9982E-05 9.9982E-05 0.214577 0.56508 0.220144
0.047715 9.9991E-05 0.228661 0.130901 0.592623
0.151616 9.9991E-05 0.211527 0.145828 0.490929
0.00422783 0.075292 9.9991E-05 0.174936 0.745445
9.9982E-05 9.9982E-05 0.0123073 0.199718 0.787775
0.0879466 0.167292 9.9982E-05 9.9982E-05 0.744561
0.466099 0.0862454 9.9982E-05 9.9982E-05 0.447455
0.354371 0.0608791 9.9982E-05 9.9982E-05 0.58455
0.314771 0.0230873 0.0721736 0.0194954 0.570472
0.0930704 0.00939072 0.0917236 0.414921 0.390894
0.422228 0.00264432 0.0391815 0.162372 0.373574
0.193953 0.146536 9.9982E-05 9.9982E-05 0.65931
0.353852 0.0891646 9.9982E-05 9.9982E-05 0.556784
0.349687 9.9982E-05 0.0825474 9.9982E-05 0.567566
0.0697946 9.9982E-05 9.9982E-05 0.252668 0.677337
0.0350273 9.9982E-05 9.9982E-05 0.0900051 0.874768
0.0769664 9.9982E-05 9.9982E-05 0.122055 0.800779
0.0221971 9.9991E-05 0.0444513 0.080289 0.852963
9.9991E-05 0.0727294 0.000237266 0.170074 0.756859
0.112293 0.0535385 9.9982E-05 9.9982E-05 0.833969
0.211433 0.0360116 9.9991E-05 0.0807324 0.671723
9.9982E-05 0.0814225 9.9982E-05 0.00665906 0.911719
0.0302107 0.104264 9.9982E-05 9.9982E-05 0.865325
0.0771304 0.0452727 9.9982E-05 9.9982E-05 0.877397
0.144586 0.046221 9.9982E-05 9.9982E-05 0.808993
0.0289861 0.0310565 9.9982E-05 9.9982E-05 0.939757
0.185549 9.9982E-05 9.9982E-05 0.158224 0.656027
9.9982E-05 0.0785745 9.9982E-05 0.145679 0.775546
0.165726 9.9991E-05 0.0268755 0.0707095 0.736589
0.109619 0.0432502 9.9991E-05 0.0260744 0.820956
9.9982E-05 0.0329823 9.9982E-05 0.0648526 0.901965
0.0109127 0.0682886 9.9982E-05 9.9982E-05 0.920599
9.9982E-05 0.0285002 9.9982E-05 0.0620667 0.909233
9.99731E-05 9.99731E-05 0.194799 9.99731E-05 0.804901
9.9982E-05 9.9982E-05 0.124261 0.0583001 0.817239
9.99731E-05 9.99731E-05 0.104417 9.99731E-05 0.895283
0.0133418 0.0546072 9.9982E-05 9.9982E-05 0.931851
0.0915003 0.109037 0.0238337 9.9991E-05 0.775529
0.129479 0.0547312 9.9982E-05 9.9982E-05 0.81559
9.9982E-05 0.0784509 0.00835021 9.9982E-05 0.912999
0.162609 0.269039 0.0202568 9.9991E-05 0.547995
9.9982E-05 0.329327 0.0701904 9.9982E-05 0.600283
9.9982E-05 9.9982E-05 0.00282592 0.131642 0.865333
9.9982E-05 9.9982E-05 0.0801852 0.109254 0.810361
9.9973E-05 9.9973E-05 0.17059 9.9973E-05 0.82911
0.0548318 9.9982E-05 0.0768663 9.9982E-05 0.868102
9.9982E-05 9.9982E-05 0.0883867 0.193453 0.71796
9.9982E-05 0.0417978 9.9982E-05 0.103231 0.854771
0.0149864 9.9991E-05 0.0996594 0.0546226 0.830632
0.0821725 0.0281273 0.00744308 9.9991E-05 0.882157
0.105056 9.9982E-05 9.9982E-05 0.170215 0.724529
9.9982E-05 9.9982E-05 0.136779 0.0104633 0.852558
9.9982E-05 0.137872 0.773456 9.9982E-05 0.0884724
9.9982E-05 0.47971 0.518792 9.9982E-05 0.00129798
9.9982E-05 0.343615 0.54921 0.106975 9.9982E-05
9.9991E-05 0.616982 0.20143 0.0886411 0.0928469
9.9991E-05 0.716965 0.183057 0.0125826 0.0872949
9.9982E-05 0.79544 0.190948 0.0134125 9.9982E-05
9.9982E-05 0.424209 0.566544 9.9982E-05 0.00904758
9.9973E-05 0.244324 0.755376 9.9973E-05 9.9973E-05
9.99731E-05 9.99731E-05 0.972539 0.0271607 9.99731E-05
9.9991E-05 0.687983 0.216999 0.0103185 0.0845994
0.0455743 0.954126 9.99731E-05 9.99731E-05 9.99731E-05
0.0944909 0.905209 9.9973E-05 9.9973E-05 9.9973E-05
0.0300874 0.923034 9.9991E-05 0.040878 0.00590064
