0.372321 9.9973E-05 0.0213679 9.9973E-05 0.169176 0.203852 0.232984 9.9973E-05
0.0556285 0.373066 9.9982E-05 0.0198647 0.00363079 0.340357 0.207253 9.9982E-05
0.223296 0.122549 9.9973E-05 9.9973E-05 0.326824 0.00609206 0.320938 9.9973E-05
0.0642731 9.9973E-05 0.0682283 9.9973E-05 0.0600593 0.130861 0.676278 9.9973E-05
0.166009 9.9964E-05 9.9964E-05 9.9964E-05 0.681282 9.9964E-05 0.136128 0.0161801
0.291323 9.9973E-05 9.9973E-05 9.9973E-05 0.150228 0.0512838 0.50587 0.000995277
9.99549E-05 0.343326 0.567982 0.0881915 9.99549E-05 9.99549E-05 9.99549E-05 9.99549E-05
0.0186224 0.0856783 0.603717 0.121845 0.138637 0.0313006 9.9982E-05 9.9982E-05
9.9964E-05 0.156238 0.803184 9.9964E-05 9.9964E-05 0.00158268 0.0385958 9.9964E-05
0.00663776 0.135593 0.778298 0.0790715 9.9964E-05 9.9964E-05 9.9964E-05 9.9964E-05
9.99639E-05 0.280636 0.706131 9.99639E-05 9.99639E-05 0.0106158 0.0022168 9.99639E-05
0.0376857 0.520198 0.2879 9.99729E-05 0.0270213 9.99729E-05 9.99729E-05 0.126895
9.9964E-05 0.0594339 0.736117 9.9964E-05 0.0281676 9.9964E-05 9.9964E-05 0.175882
9.994E-05 9.994E-05 0.9993 9.994E-05 9.994E-05 9.994E-05 9.994E-05 9.994E-05
9.9973E-05 0.208136 0.702416 0.0693038 9.9973E-05 0.00631733 0.0135265 9.9973E-05
9.9964E-05 0.293992 0.635093 0.0295477 9.9964E-05 0.0409673 9.9964E-05 9.9964E-05
0.42495 9.9955E-05 9.9955E-05 0.211002 0.363547 9.9955E-05 9.9955E-05 9.9955E-05
0.0204683 9.9982E-05 9.9982E-05 0.637548 0.0904739 0.0420892 0.123118 0.0861026
0.584417 9.9973E-05 9.9973E-05 0.261798 0.0415357 9.9973E-05 0.0747934 0.037156
0.36236 9.9973E-05 9.9973E-05 0.173099 0.193858 9.9973E-05 0.18732 0.083063
0.0411325 9.9973E-05 0.00809268 0.530354 0.284365 9.9973E-05 0.135756 9.9973E-05
0.265069 9.99639E-05 9.99639E-05 0.481792 9.99639E-05 9.99639E-05 0.236843 0.0158956
0.516275 0.192619 9.9964E-05 9.9964E-05 0.123203 0.167504 9.9964E-05 9.9964E-05
0.660774 9.9955E-05 9.9955E-05 9.9955E-05 0.247033 0.091693 9.9955E-05 9.9955E-05
0.839275 9.99641E-05 0.000268177 9.99641E-05 0.0899133 9.99641E-05 0.0701436 9.99641E-05
0.464565 9.9964E-05 0.00390934 9.9964E-05 9.9964E-05 0.163069 0.368057 9.9964E-05
0.509702 9.9964E-05 9.9964E-05 0.0264669 0.353784 9.9964E-05 9.9964E-05 0.109647
0.448122 9.9964E-05 9.9964E-05 9.9964E-05 0.410138 9.9964E-05 0.0970759 0.0442647
9.9973E-05 9.9973E-05 0.087731 0.284221 0.330534 0.249585 0.0476296 9.9973E-05
9.9973E-05 9.9973E-05 0.124211 0.376422 0.223506 0.142576 0.132986 9.9973E-05
9.9955E-05 0.335798 9.9955E-05 0.213633 9.9955E-05 9.9955E-05 0.45007 9.9955E-05
0.0055791 0.167224 9.9973E-05 0.159356 0.311778 9.9973E-05 0.355763 9.9973E-05
0.0988119 9.9964E-05 9.9964E-05 0.199958 0.181104 9.9964E-05 0.519726 9.9964E-05
0.85503 9.9964E-05 0.0172734 9.9964E-05 9.9964E-05 0.0646014 0.0626951 9.9964E-05
0.702041 0.297359 9.9946E-05 9.9946E-05 9.9946E-05 9.9946E-05 9.9946E-05 9.9946E-05
0.465215 0.0478027 9.9973E-05 0.159259 0.299444 9.9973E-05 0.0279798 9.9973E-05
0.367419 0.271981 9.9964E-05 9.9964E-05 9.9964E-05 9.9964E-05 0.166641 0.193559
0.686036 0.0948506 9.9973E-05 0.000891846 0.165921 9.9973E-05 9.9973E-05 0.0520004
0.4713 9.9982E-05 0.0490933 0.143216 9.9982E-05 0.202002 0.116213 0.0179756
0.579907 9.9973E-05 9.9973E-05 0.198851 0.0862342 9.9973E-05 0.123747 0.0109608
0.072721 9.9955E-05 9.9955E-05 9.9955E-05 9.9955E-05 0.442024 0.484755 9.9955E-05
0.0784496 9.9982E-05 9.9982E-05 0.0028237 0.17084 0.183483 0.467346 0.0968574
0.081392 0.0146691 9.9982E-05 0.0784369 0.144468 9.9982E-05 0.574042 0.106792
0.178881 9.9964E-05 9.9964E-05 9.9964E-05 9.9964E-05 0.508498 0.147528 0.164693
0.184563 9.9964E-05 0.0120044 9.9964E-05 9.9964E-05 0.131543 0.67149 9.9964E-05
0.219364 9.9955E-05 9.9955E-05 0.0217425 9.9955E-05 9.9955E-05 0.758393 9.9955E-05
0.137216 9.9955E-05 9.9955E-05 0.794454 9.9955E-05 9.9955E-05 9.9955E-05 0.0678307
9.99549E-05 0.136224 9.99549E-05 0.66633 9.99549E-05 0.196947 9.99549E-05 9.99549E-05
9.9955E-05 0.127376 9.9955E-05 0.733647 9.9955E-05 0.138477 9.9955E-05 9.9955E-05
9.9946E-05 9.9946E-05 9.9946E-05 0.603734 9.9946E-05 0.395666 9.9946E-05 9.9946E-05
9.99719E-05 9.99719E-05 0.0363705 0.775071 0.0845403 9.99719E-05 0.103619 9.99719E-05
0.367086 9.9973E-05 0.100369 0.204318 9.9973E-05 0.318116 9.9973E-05 0.00981116
0.340535 9.9964E-05 9.9964E-05 0.520888 0.0940577 9.9964E-05 9.9964E-05 0.0441198
0.568525 9.9964E-05 9.9964E-05 0.168551 9.9964E-05 0.248797 9.9964E-05 0.0137263
0.565686 9.99639E-05 0.0148975 0.152936 9.99639E-05 0.266081 9.99639E-05 9.99639E-05
0.429231 9.9973E-05 9.9973E-05 0.130671 0.149227 9.9973E-05 0.215561 0.0750099
0.187491 0.15136 0.313358 9.9973E-05 9.9973E-05 0.142295 9.9973E-05 0.205196
0.117887 9.9964E-05 0.739122 9.9964E-05 0.0464425 9.9964E-05 9.9964E-05 0.0961485
0.0168217 9.9964E-05 0.0540134 9.9964E-05 9.9964E-05 0.0574327 9.9964E-05 0.871332
9.9973E-05 0.0827927 0.166245 0.0618418 9.9973E-05 0.12078 9.9973E-05 0.568041
9.99549E-05 0.277716 0.0700534 9.99549E-05 9.99549E-05 9.99549E-05 9.99549E-05 0.651731
9.99549E-05 0.188375 9.99549E-05 0.102904 9.99549E-05 9.99549E-05 9.99549E-05 0.708221
9.9955E-05 0.908304 0.0116907 0.0795059 9.9955E-05 9.9955E-05 9.9955E-05 9.9955E-05
0.0557597 0.693155 9.99639E-05 9.99639E-05 0.021398 9.99639E-05 9.99639E-05 0.229287
9.99639E-05 0.356821 0.503502 9.99639E-05 9.99639E-05 9.99639E-05 0.0209438 0.118332
9.9964E-05 0.0436743 0.809232 0.0343995 9.9964E-05 9.9964E-05 9.9964E-05 0.112294
0.142838 0.25851 0.387301 9.9973E-05 0.00690781 9.9973E-05 9.9973E-05 0.204143
0.106066 9.99551E-05 0.540007 9.99551E-05 9.99551E-05 9.99551E-05 9.99551E-05 0.353428
0.0876051 0.493722 0.240036 9.9964E-05 9.9964E-05 9.9964E-05 9.9964E-05 0.178237
0.132506 0.194028 0.366997 9.9964E-05 9.9964E-05 9.9964E-05 9.9964E-05 0.30607
0.131018 0.593253 0.107834 9.9964E-05 9.9964E-05 9.9964E-05 9.9964E-05 0.167495
0.111301 0.122082 0.383951 9.9973E-05 0.00445013 9.9973E-05 9.9973E-05 0.377916
0.0704916 0.687029 0.0528246 9.9964E-05 9.9964E-05 9.9964E-05 9.9964E-05 0.189255
9.9973E-05 0.137558 0.0599494 0.0926047 0.00572904 9.9973E-05 9.9973E-05 0.703859
0.133709 9.9973E-05 0.193805 0.0781725 0.0196605 9.9973E-05 9.9973E-05 0.574352
9.9964E-05 0.118057 9.9964E-05 0.0811511 9.9964E-05 9.9964E-05 0.0203101 0.780082
9.9964E-05 0.277527 0.0321261 9.9964E-05 9.9964E-05 9.9964E-05 0.052974 0.636974
9.9946E-05 9.9946E-05 9.9946E-05 9.9946E-05 0.0153544 9.9946E-05 9.9946E-05 0.984046
9.9964E-05 0.0954311 0.366318 9.9964E-05 9.9964E-05 0.00450142 9.9964E-05 0.53335
9.99639E-05 0.496701 0.082753 0.145308 9.99639E-05 9.99639E-05 9.99639E-05 0.274838
9.9973E-05 0.0360954 0.148072 0.0745413 9.9973E-05 9.9973E-05 0.0917411 0.649251
0.0954722 9.99731E-05 9.99731E-05 0.0744041 0.804279 9.99731E-05 0.0163044 0.00924063
9.9955E-05 9.9955E-05 9.9955E-05 9.9955E-05 0.0703969 0.816264 9.9955E-05 0.112839
9.9955E-05 9.9955E-05 9.9955E-05 9.9955E-05 0.173231 0.691147 9.9955E-05 0.135122
9.9964E-05 9.9964E-05 0.0576331 0.117514 0.805681 9.9964E-05 0.0187724 9.9964E-05
9.9964E-05 9.9964E-05 0.0175981 0.260141 0.525247 0.196614 9.9964E-05 9.9964E-05
9.99551E-05 0.379533 9.99551E-05 0.208994 9.99551E-05 0.410973 9.99551E-05 9.99551E-05
9.99731E-05 0.156753 9.99731E-05 0.023505 0.0868332 0.186264 0.546345 9.99731E-05
9.9964E-05 0.163686 0.00649607 9.9964E-05 9.9964E-05 0.284476 0.544942 9.9964E-05
9.9973E-05 0.0687404 9.9973E-05 0.0378306 0.428865 0.0463869 0.417877 9.9973E-05
9.9973E-05 0.139706 9.9973E-05 0.023084 0.393092 0.312037 0.131781 9.9973E-05
9.9964E-05 0.00190943 9.9964E-05 9.9964E-05 0.42297 9.9964E-05 0.503107 0.071614
0.0178259 9.9964E-05 9.9964E-05 9.9964E-05 0.207913 9.9964E-05 0.724764 0.0490975
0.0629638 9.99639E-05 0.0537235 9.99639E-05 0.44238 9.99639E-05 0.440533 9.99639E-05
9.99766E-05 0.0660043 9.99766E-05 9.99766E-05 0.352206 0.0242852 0.517716 0.0394885
9.99639E-05 0.121967 9.99639E-05 0.189129 0.0313301 9.99639E-05 0.657174 9.99639E-05
0.0394821 0.0636789 0.000585123 0.0437426 0.198717 9.9982E-05 0.653594 9.9982E-05
9.9955E-05 9.9955E-05 9.9955E-05 9.9955E-05 0.475132 9.9955E-05 0.476766 0.047602
0.0650839 9.9964E-05 9.9964E-05 9.9964E-05 0.49167 9.9964E-05 0.403528 0.0393186
0.0935057 9.9973E-05 0.0457568 9.9973E-05 0.319301 0.118936 0.4222 9.9973E-05
9.9973E-05 9.9973E-05 0.0508059 0.197482 0.36154 0.380319 0.00955263 9.9973E-05
9.9964E-05 9.9964E-05 9.9964E-05 0.0712444 0.482342 0.375826 0.0701877 9.9964E-05
9.9955E-05 9.9955E-05 9.9955E-05 0.11271 0.367024 0.519766 9.9955E-05 9.9955E-05
9.9946E-05 9.9946E-05 9.9946E-05 9.9946E-05 0.435376 0.564024 9.9946E-05 9.9946E-05
9.9955E-05 0.132296 9.9955E-05 0.0860864 0.781118 9.9955E-05 9.9955E-05 9.9955E-05
0.0587599 9.9955E-05 9.9955E-05 0.0690159 0.871724 9.9955E-05 9.9955E-05 9.9955E-05
0.162228 9.9964E-05 9.9964E-05 0.096499 0.68 0.0608725 9.9964E-05 9.9964E-05
9.9964E-05 9.9964E-05 0.0215055 0.0733599 0.903767 0.000968098 9.9964E-05 9.9964E-05
9.9973E-05 0.0139268 0.00670383 0.0348227 0.900789 9.9973E-05 0.043458 9.9973E-05
9.9964E-05 0.0107416 9.9964E-05 9.9964E-05 0.831668 0.0350675 0.122123 9.9964E-05
0.107902 9.9955E-05 9.9955E-05 9.9955E-05 0.829946 0.0616522 9.9955E-05 9.9955E-05
0.0263044 9.9964E-05 9.9964E-05 9.9964E-05 0.904313 0.0625686 0.00641376 9.9964E-05
9.9964E-05 9.9964E-05 9.9964E-05 0.0575748 0.315765 0.28258 0.34368 9.9964E-05
9.9964E-05 9.9964E-05 9.9964E-05 0.136868 0.506899 0.291748 9.9964E-05 0.0640853
0.0432465 0.0486056 9.9982E-05 0.0122848 0.57681 0.157971 0.160882 9.9982E-05
9.99641E-05 0.0400734 9.99641E-05 0.0751024 0.838719 9.99641E-05 0.0457058 9.99641E-05
9.9973E-05 9.9973E-05 0.00222381 0.0696949 0.660762 0.184884 0.082135 9.9973E-05
0.0064277 0.017876 9.9982E-05 0.0206673 0.828704 0.123219 9.9982E-05 0.00290587
9.9964E-05 0.0156865 9.9964E-05 9.9964E-05 0.753908 0.114221 0.115784 9.9964E-05
0.153024 0.0595421 9.996E-05 9.996E-05 0.226113 0.560921 9.996E-05 9.996E-05
9.9955E-05 0.102443 9.9955E-05 9.9955E-05 0.378364 0.518694 9.9955E-05 9.9955E-05
9.99551E-05 0.081782 9.99551E-05 9.99551E-05 0.597704 0.320014 9.99551E-05 9.99551E-05
9.9955E-05 9.9955E-05 9.9955E-05 9.9955E-05 0.798135 0.0700915 0.131274 9.9955E-05
0.0243177 0.0317839 0.0691239 9.9982E-05 0.738462 0.0460148 0.0900981 9.9982E-05
0.0814521 0.0547556 9.9973E-05 9.9973E-05 0.75576 0.101574 9.9973E-05 0.00615891
9.9964E-05 0.0505267 9.9964E-05 0.00573212 0.854809 0.088532 9.9964E-05 9.9964E-05
0.185621 9.9964E-05 0.160099 9.9964E-05 0.578896 9.9964E-05 9.9964E-05 0.0749843
9.9955E-05 0.11027 9.9955E-05 9.9955E-05 0.611339 9.9955E-05 9.9955E-05 0.277891
9.9964E-05 0.0292207 9.9964E-05 0.0694205 0.689506 0.211453 9.9964E-05 9.9964E-05
9.99549E-05 9.99549E-05 9.99549E-05 0.0477408 0.234678 0.717081 9.99549E-05 9.99549E-05
9.9964E-05 0.119455 9.9964E-05 9.9964E-05 0.498783 0.370701 0.0106619 9.9964E-05
0.00612386 0.0144386 0.0291421 9.9973E-05 0.410179 0.539816 9.9973E-05 9.9973E-05
0.00121005 9.9964E-05 9.9964E-05 0.0702373 0.0143643 0.913788 9.9964E-05 9.9964E-05
9.9964E-05 9.9964E-05 0.0127287 0.0568352 0.726498 0.203538 9.9964E-05 9.9964E-05
9.9964E-05 9.9964E-05 0.026038 9.9964E-05 0.281699 0.628401 0.0634618 9.9964E-05
9.9964E-05 9.9964E-05 0.00417274 9.9964E-05 0.639876 0.286953 0.068599 9.9964E-05
9.99639E-05 9.99639E-05 9.99639E-05 0.0586001 0.395162 0.388495 0.157343 9.99639E-05
9.9955E-05 0.0713106 9.9955E-05 9.9955E-05 0.517215 0.410975 9.9955E-05 9.9955E-05
9.9964E-05 0.705645 9.9964E-05 0.0387572 9.9964E-05 0.0324018 9.9964E-05 0.222796
9.9964E-05 0.327206 0.153954 9.9964E-05 0.0412921 9.9964E-05 9.9964E-05 0.477148
9.9973E-05 0.340192 0.210537 0.113078 9.9973E-05 0.0393756 9.9973E-05 0.296517
9.99729E-05 0.109503 0.0840604 9.99729E-05 9.99729E-05 0.135217 0.03172 0.6392
9.9973E-05 0.0629578 0.130594 9.9973E-05 9.9973E-05 0.088345 0.0159506 0.701853
9.9973E-05 0.0554817 0.082679 0.0232126 9.9973E-05 9.9973E-05 0.0158674 0.822459
0.0528254 0.362013 0.220878 9.9964E-05 9.9964E-05 9.9964E-05 9.9964E-05 0.363884
9.99549E-05 0.634708 0.105719 9.99549E-05 9.99549E-05 9.99549E-05 9.99549E-05 0.259074
9.99446E-05 0.9993 9.99446E-05 9.99446E-05 9.99446E-05 9.99446E-05 9.99446E-05 9.99446E-05
9.9973E-05 0.148702 0.149068 0.00316332 0.0767183 9.9973E-05 9.9973E-05 0.622049
0.0544323 9.99551E-05 0.135402 9.99551E-05 9.99551E-05 9.99551E-05 9.99551E-05 0.809666
0.0666657 9.99461E-05 9.99461E-05 9.99461E-05 9.99461E-05 9.99461E-05 9.99461E-05 0.932735
9.9973E-05 9.9973E-05 0.109032 0.00484665 0.0151171 9.9973E-05 0.048023 0.822682
