0.540734 9.9991E-05 0.459166
0.25668 0.164674 0.578647
0.456181 0.0356282 0.508191
0.547713 0.027046 0.425241
0.267579 9.9991E-05 0.732321
0.594843 9.9991E-05 0.405057
0.0836856 0.846668 0.0696459
0.0795231 0.718626 0.201851
9.9991E-05 0.890395 0.109505
0.10737 0.89253 9.9991E-05
0.0294471 0.858241 0.112311
0.0481248 0.816493 0.135382
9.9991E-05 0.952335 0.0475646
0.0789866 0.920051 0.000962123
0.0295446 0.890062 0.080393
9.9991E-05 0.854104 0.145796
0.614458 0.031514 0.354028
0.639652 0.165248 0.1951
0.90908 0.0908204 9.9991E-05
0.742984 0.0469702 0.210046
0.60881 0.0878431 0.303347
0.912464 0.0726245 0.0149117
0.55783 0.13745 0.30472
0.569759 0.0538644 0.376377
0.824817 0.0268435 0.14834
0.7998 9.9991E-05 0.2001
0.662334 0.076606 0.26106
0.575387 0.0486568 0.375957
0.177112 0.137617 0.685272
0.320726 0.189806 0.489469
0.617064 0.174337 0.208599
0.446604 0.127416 0.42598
0.651636 9.9991E-05 0.348264
0.962763 0.016331 0.0209061
0.840187 0.130902 0.0289109
0.698856 0.0544727 0.246671
0.567072 0.380125 0.0528031
0.762338 0.109538 0.128124
0.768106 0.0886708 0.143223
0.933784 0.0222842 0.0439316
0.512821 9.9991E-05 0.487079
0.397842 0.0607076 0.54145
0.470701 0.158068 0.371231
0.198027 0.211804 0.590169
0.622792 9.9991E-05 0.377108
0.797405 9.9991E-05 0.202495
0.802913 0.196987 9.9991E-05
0.405929 0.249509 0.344562
0.501626 0.203146 0.295228
0.423484 0.0766531 0.499863
0.709724 0.183658 0.106619
0.595614 0.128891 0.275495
0.865742 0.0976358 0.036622
0.810047 0.00341129 0.186542
0.819703 0.0350479 0.145249
0.863753 0.0189412 0.117306
0.2043 0.702147 0.0935533
0.0625154 0.837883 0.0996012
9.9991E-05 0.928044 0.0718563
0.0817576 0.85356 0.0646822
9.9991E-05 0.976734 0.0231662
0.0903133 0.871202 0.0384845
0.142597 0.671789 0.185614
0.1602 0.720662 0.119139
9.9991E-05 0.898556 0.101344
0.014553 0.985347 9.9991E-05
0.227056 0.753636 0.0193083
0.0088839 0.991016 9.9991E-05
0.173873 0.826027 9.9991E-05
0.0738896 0.92601 9.9991E-05
0.0822675 0.741477 0.176256
0.0968285 0.897494 0.00567781
9.9991E-05 0.827963 0.171937
0.0151082 0.916673 0.0682186
0.191287 0.808613 9.9991E-05
0.0753703 0.92453 9.9991E-05
9.9991E-05 0.913556 0.0863439
9.999E-05 0.9998 9.999E-05
9.999E-05 0.9998 9.999E-05
0.155721 0.844179 9.9991E-05
0.0671564 0.908887 0.0239563
0.185698 9.9991E-05 0.814202
0.0377807 0.0788441 0.883375
9.9991E-05 0.111644 0.888256
0.0775281 0.0747882 0.847684
0.0956549 0.0641236 0.840221
9.99911E-05 0.208133 0.791767
0.153128 0.154564 0.692308
0.226541 0.12412 0.649339
0.128434 0.0873486 0.784217
0.0765604 0.00371635 0.919723
0.012306 0.150596 0.837098
0.408618 9.9991E-05 0.591282
0.356419 9.9991E-05 0.643481
0.251249 0.0609911 0.68776
0.292444 0.158198 0.549358
0.447492 0.0470742 0.505434
0.135786 0.10116 0.763055
0.307492 0.0683219 0.624186
0.287177 0.0317981 0.681025
0.247117 0.0120627 0.74082
0.0850856 9.9991E-05 0.914814
0.117696 9.9991E-05 0.882204
9.9991E-05 0.00779193 0.992108
9.9991E-05 0.108381 0.891519
0.15903 9.9991E-05 0.84087
0.285465 9.9991E-05 0.714435
9.9991E-05 0.0441385 0.955762
0.00203188 0.0720012 0.925967
0.0951383 0.0194635 0.885398
0.0719402 9.9991E-05 0.92796
9.999E-05 9.999E-05 0.9998
0.24122 9.9991E-05 0.75868
0.138627 0.0567862 0.804587
0.174606 9.9991E-05 0.825294
0.0680852 0.0194857 0.912429
0.0483643 9.9991E-05 0.951536
0.0151683 9.9991E-05 0.984732
9.999E-05 9.999E-05 0.9998
9.9991E-05 0.00599823 0.993902
9.9991E-05 0.0235547 0.976345
9.9991E-05 0.0333723 0.966528
9.999E-05 9.999E-05 0.9998
0.1152 0.0795964 0.805204
0.0170839 0.0529788 0.929937
0.0383389 0.0369531 0.924708
9.9991E-05 0.334443 0.665457
9.9991E-05 0.385545 0.614355
9.999E-05 9.999E-05 0.9998
9.999E-05 9.999E-05 0.9998
9.9991E-05 0.0435477 0.956352
9.9991E-05 0.0410584 0.958842
0.118974 9.9991E-05 0.880926
9.999E-05 9.999E-05 0.9998
0.0831151 0.00362999 0.913255
0.0114575 0.00396074 0.984582
0.167644 9.9991E-05 0.832256
9.9991E-05 0.0107386 0.989161
9.9991E-05 0.745106 0.254794
9.9991E-05 0.897725 0.102175
0.082248 0.852156 0.0655963
9.9991E-05 0.83591 0.16399
9.9991E-05 0.868333 0.131567
9.999E-05 0.9998 9.999E-05
9.9991E-05 0.881541 0.118359
9.9991E-05 0.874398 0.125502
0.0248047 0.729929 0.245266
9.9991E-05 0.883518 0.116382
0.0350744 0.964826 9.9991E-05
0.0284212 0.971479 9.9991E-05
0.0562063 0.910753 0.0330406
