0.138788 9.9982E-05 0.394214 0.466797 9.9982E-05
0.418968 9.9991E-05 0.383485 0.0707044 0.126743
0.140846 9.9991E-05 0.45242 0.284841 0.121793
9.999E-05 0.0818743 0.328725 0.40204 0.187261
9.9982E-05 0.0610798 0.671564 0.267156 9.9982E-05
9.999E-05 0.020478 0.39328 0.515406 0.0707355
0.834418 0.165283 9.9973E-05 9.9973E-05 9.9973E-05
0.511046 0.296468 0.126264 0.0438295 0.022393
0.598745 0.400955 9.9973E-05 9.9973E-05 9.9973E-05
0.636789 0.352839 9.9982E-05 0.0101725 9.9982E-05
0.763009 0.236691 9.9973E-05 9.9973E-05 9.9973E-05
0.781518 0.174771 9.9982E-05 0.0435111 9.9982E-05
0.459175 0.540525 9.9973E-05 9.9973E-05 9.9973E-05
0.430267 0.530265 9.9982E-05 0.0392676 9.9982E-05
0.641486 0.297629 9.9982E-05 9.9982E-05 0.0606846
0.797055 0.202645 9.9973E-05 9.9973E-05 9.9973E-05
0.0113783 0.0301931 0.247727 0.54691 0.163792
9.9982E-05 0.1004 9.9982E-05 0.269425 0.629975
0.00472588 0.0833131 9.9991E-05 0.721833 0.190028
9.999E-05 0.104467 0.0673232 0.670219 0.157891
9.999E-05 0.0478003 0.14704 0.361718 0.443341
9.9982E-05 0.0631382 9.9982E-05 0.572177 0.364485
0.285662 9.9982E-05 0.206669 0.507469 9.9982E-05
0.0993356 9.9982E-05 0.249408 0.651056 9.9982E-05
0.0478914 9.9982E-05 0.031553 0.920356 9.9982E-05
9.9982E-05 9.9982E-05 0.178144 0.80529 0.0163662
9.9982E-05 0.156992 0.276933 0.565875 9.9982E-05
9.9982E-05 0.134338 0.314477 0.550984 9.9982E-05
0.0672399 0.0395748 0.580482 0.0460623 0.266641
0.0146771 0.0705149 0.368347 0.0885106 0.45795
0.208056 9.9982E-05 9.9982E-05 0.274458 0.517286
0.100123 0.0459921 0.298237 0.282466 0.273182
9.9982E-05 9.9982E-05 0.236856 0.49301 0.269934
0.135546 9.9973E-05 9.9973E-05 0.864154 9.9973E-05
0.37935 9.9973E-05 9.9973E-05 0.620351 9.9973E-05
0.0981247 0.0229814 0.117516 0.630395 0.130983
0.22797 0.234381 9.9991E-05 0.446546 0.0910035
0.206084 0.0428875 0.111225 0.639703 9.9991E-05
0.128741 0.0144665 9.9991E-05 0.6566 0.200092
9.9982E-05 0.0758971 9.9982E-05 0.765388 0.158514
0.00599086 9.9991E-05 0.342096 0.442181 0.209632
9.9991E-05 0.106421 0.428833 0.37989 0.0847555
9.9991E-05 0.157539 0.250992 0.42062 0.170748
0.067182 0.125113 0.524204 0.2834 9.9991E-05
0.0363724 9.9991E-05 0.303938 0.599877 0.0597127
9.9991E-05 0.0112641 0.118831 0.690186 0.179619
9.9982E-05 0.119617 9.9982E-05 0.308828 0.571355
0.0938108 0.0314127 0.0836955 9.9991E-05 0.790981
0.0667062 9.9973E-05 9.9973E-05 9.9973E-05 0.932994
9.9982E-05 9.9982E-05 0.217575 0.0226648 0.75956
9.9982E-05 0.0473477 9.9982E-05 0.237806 0.714646
0.212556 9.9991E-05 0.140061 0.520805 0.126478
9.9982E-05 0.0960033 9.9982E-05 0.496589 0.407208
0.0359798 0.00224854 0.0632556 0.761144 0.137373
0.128838 9.9991E-05 0.0441696 0.714559 0.112333
9.9991E-05 0.0863571 0.0760579 0.825883 0.011602
0.392074 0.364771 0.0165311 0.226524 9.9991E-05
0.29966 0.535532 0.0300266 0.134681 9.9991E-05
0.0538341 0.872858 0.0731077 9.9982E-05 9.9982E-05
0.365377 0.54348 9.9991E-05 0.0315274 0.0595164
0.354151 0.645549 9.9973E-05 9.9973E-05 9.9973E-05
0.168136 0.647818 0.0130423 9.9991E-05 0.170904
0.897854 9.9973E-05 9.9973E-05 9.9973E-05 0.101846
0.725792 0.16704 9.9982E-05 0.106967 9.9982E-05
0.641523 0.347886 0.0103909 9.9982E-05 9.9982E-05
0.507972 0.491728 9.9973E-05 9.9973E-05 9.9973E-05
0.477575 0.391921 9.9982E-05 0.130305 9.9982E-05
0.232925 0.703838 9.99821E-05 0.0630371 9.99821E-05
0.658822 0.279048 9.9982E-05 0.0619294 9.9982E-05
0.501429 0.445939 9.9982E-05 0.0524321 9.9982E-05
0.717534 0.142895 0.00207806 0.137392 9.9991E-05
0.351923 0.547803 9.9982E-05 0.100074 9.9982E-05
0.793941 0.174768 9.9982E-05 0.0310915 9.9982E-05
0.179956 0.709608 0.0233979 9.9991E-05 0.0869377
0.0927828 0.735499 9.9982E-05 0.171519 9.9982E-05
0.122411 0.738566 9.9982E-05 9.9982E-05 0.138823
0.320235 0.631648 0.0479173 9.9982E-05 9.9982E-05
9.9973E-05 0.95231 0.0473898 9.9973E-05 9.9973E-05
0.324462 0.675238 9.9973E-05 9.9973E-05 9.9973E-05
0.680751 0.276638 9.9982E-05 9.9982E-05 0.0424116
0.105683 0.744381 9.9982E-05 9.9982E-05 0.149735
9.9982E-05 0.0791721 0.766405 0.154223 9.9982E-05
0.185162 9.9982E-05 0.812181 0.0024562 9.9982E-05
0.193892 9.99731E-05 0.805809 9.99731E-05 9.99731E-05
9.9982E-05 0.135141 0.781938 9.9982E-05 0.0827211
9.9982E-05 0.0489908 0.673016 9.9982E-05 0.277793
0.132501 9.9982E-05 0.188939 9.9982E-05 0.67836
0.0893922 0.0706551 0.561383 0.038303 0.240266
0.13751 9.9991E-05 0.515535 0.114448 0.232407
9.9991E-05 0.0622176 0.720678 0.0648112 0.152193
0.0410706 9.9982E-05 0.72935 9.9982E-05 0.22938
9.9982E-05 0.188158 0.723999 0.0876426 9.9982E-05
9.9991E-05 0.105934 0.464588 0.395971 0.0334071
9.9991E-05 0.0695134 0.611963 0.301872 0.016552
9.9991E-05 0.0895391 0.553917 0.2772 0.0792443
9.9991E-05 0.0649782 0.366306 0.0286156 0.540001
9.9991E-05 0.0573325 0.415139 0.319679 0.20775
9.9982E-05 0.164244 0.696019 0.139537 9.9982E-05
9.9982E-05 0.105433 0.645918 0.248448 9.9982E-05
0.0466765 9.9982E-05 0.611587 0.341537 9.9982E-05
9.9982E-05 9.9982E-05 0.644333 0.0633394 0.292128
9.9982E-05 9.9982E-05 0.864129 0.036636 0.0990351
9.9982E-05 9.9982E-05 0.851249 0.0661659 0.0823854
0.093963 9.9991E-05 0.859379 0.0163176 0.03024
9.9982E-05 0.0483029 0.749229 9.9982E-05 0.202268
9.9982E-05 0.0299909 0.827666 0.142143 9.9982E-05
9.9991E-05 0.0403283 0.67634 0.239289 0.0439431
9.9982E-05 0.063886 0.891837 9.9982E-05 0.0440768
9.9982E-05 0.106962 0.873797 9.9982E-05 0.0190413
9.9982E-05 0.0582802 0.882817 0.0587028 9.9982E-05
9.9982E-05 0.0483334 0.794711 0.156756 9.9982E-05
9.9973E-05 0.0396885 0.960012 9.9973E-05 9.9973E-05
9.9982E-05 9.9982E-05 0.635637 0.183832 0.180331
9.9991E-05 0.0884839 0.809719 0.00457192 0.097125
0.00145031 9.9991E-05 0.786438 0.096781 0.11523
9.9991E-05 0.0462992 0.818744 0.0330856 0.101772
9.9982E-05 0.0426718 0.894083 9.9982E-05 0.0630454
9.9982E-05 0.0646497 0.899106 0.0360443 9.9982E-05
9.9982E-05 0.0338525 0.856765 9.9982E-05 0.109183
0.209715 9.99731E-05 0.789985 9.99731E-05 9.99731E-05
0.170043 9.99731E-05 0.829657 9.99731E-05 9.99731E-05
0.119088 9.9982E-05 0.875821 9.9982E-05 0.00489169
9.9973E-05 0.0292516 0.970448 9.9973E-05 9.9973E-05
0.000300802 0.107227 0.794762 0.0939552 0.00375514
9.9982E-05 0.0790326 0.857468 0.0632996 9.9982E-05
9.9982E-05 0.0664548 0.900824 9.9982E-05 0.0325213
9.9982E-05 0.261132 0.624728 0.113939 9.9982E-05
0.0970462 0.323905 0.578848 9.9982E-05 9.9982E-05
0.0143857 9.9982E-05 0.872974 9.9982E-05 0.11244
0.0706261 9.9982E-05 0.816445 9.9982E-05 0.112729
0.191269 9.9973E-05 0.808431 9.9973E-05 9.9973E-05
0.103074 9.9973E-05 0.896626 9.9973E-05 9.9973E-05
0.0867309 9.9982E-05 0.730957 9.9982E-05 0.182112
9.9982E-05 0.0372629 0.919062 9.9982E-05 0.043475
0.122132 9.9982E-05 0.872511 9.9982E-05 0.00515728
0.0312594 0.0110301 0.898137 0.0594733 9.9991E-05
9.9982E-05 9.9982E-05 0.721641 0.0908308 0.187328
0.13502 9.9982E-05 0.856003 9.9982E-05 0.00877761
0.7224 0.134143 0.0453149 9.9991E-05 0.098043
0.51273 0.486971 9.9973E-05 9.9973E-05 9.9973E-05
0.499981 0.371856 9.9982E-05 9.9982E-05 0.127964
0.23674 0.642955 0.0597728 9.9991E-05 0.0604324
0.206529 0.675493 0.117778 9.9982E-05 9.9982E-05
0.192079 0.795733 0.00107365 9.9991E-05 0.0110144
0.554859 0.423459 0.0214823 9.9982E-05 9.9982E-05
0.728815 0.270885 9.9973E-05 9.9973E-05 9.9973E-05
0.9996 9.997E-05 9.997E-05 9.997E-05 9.997E-05
0.260749 0.666065 0.0729864 9.9982E-05 9.9982E-05
9.99731E-05 0.958949 9.99731E-05 0.040751 9.99731E-05
9.9973E-05 0.974379 9.9973E-05 0.0253214 9.9973E-05
9.9991E-05 0.939101 0.0304633 0.0202801 0.0100554
