0.508592 0.235712 0.209877 9.9991E-05 0.0141004 0.0316186
0.104519 0.0541755 0.377297 9.9991E-05 0.227004 0.236905
0.327867 0.404816 0.120052 9.9991E-05 0.116322 0.0308439
0.388601 0.388853 0.0126796 9.9982E-05 0.209666 9.9982E-05
0.213538 0.764529 9.9973E-05 0.0216329 9.9973E-05 9.9973E-05
0.449585 0.455591 0.0366359 9.9982E-05 0.0579883 9.9982E-05
9.9973E-05 9.9973E-05 0.0652115 9.9973E-05 0.0244042 0.910084
0.024676 0.0546748 0.130983 0.180595 9.9991E-05 0.608971
9.9973E-05 9.9973E-05 0.0639104 0.186383 9.9973E-05 0.749407
0.0569566 9.9973E-05 9.9973E-05 0.157595 9.9973E-05 0.785149
9.997E-05 9.997E-05 0.0403945 0.0263416 9.997E-05 0.932964
0.0404631 0.0445879 9.9973E-05 9.9973E-05 9.9973E-05 0.914649
9.9964E-05 9.9964E-05 9.9964E-05 0.325978 9.9964E-05 0.673622
0.0525674 9.9973E-05 9.9973E-05 0.354208 9.9973E-05 0.592924
0.0146876 9.9991E-05 0.01298 0.164687 0.0686301 0.738916
9.997E-05 9.997E-05 0.0510107 0.00818649 9.997E-05 0.940503
0.48138 0.326753 9.9991E-05 0.0134202 0.168696 0.00965153
0.177238 9.9982E-05 0.0245232 0.0972289 0.700809 9.9982E-05
0.696762 0.0425964 9.9982E-05 0.0539093 0.206533 9.9982E-05
0.561283 0.244081 9.9982E-05 0.0888771 0.105558 9.9982E-05
0.280299 0.214992 9.9982E-05 0.020467 0.484042 9.9982E-05
0.591765 0.00558351 9.9982E-05 0.0451452 0.357306 9.9982E-05
0.540993 0.0370643 0.255586 9.9982E-05 9.9982E-05 0.166157
0.630019 0.139369 0.216097 0.0143154 9.9982E-05 9.9982E-05
0.817047 0.11217 0.0451866 9.9982E-05 9.9982E-05 0.0253968
0.734646 0.101751 0.163303 9.9973E-05 9.9973E-05 9.9973E-05
0.482606 0.388857 9.9973E-05 0.128237 9.9973E-05 9.9973E-05
0.504915 0.432868 9.9973E-05 0.0619167 9.9973E-05 9.9973E-05
9.9982E-05 0.378457 0.252673 0.0561899 0.31248 9.9982E-05
0.0943756 0.264681 0.119666 0.0539412 0.421125 0.0462114
0.141113 0.0578343 9.9982E-05 9.9982E-05 0.706192 0.0946601
0.141544 0.432079 9.9991E-05 0.0409806 0.371563 0.0137328
0.296748 0.331079 9.9973E-05 9.9973E-05 0.371873 9.9973E-05
0.840856 9.9973E-05 0.0684218 9.9973E-05 9.9973E-05 0.0904218
0.639329 9.9973E-05 0.126986 9.9973E-05 9.9973E-05 0.233385
0.509333 0.257859 9.9991E-05 0.0280679 0.135752 0.0688878
0.450427 0.0191916 9.999E-05 0.244258 0.178183 0.10784
0.688292 0.155594 9.9982E-05 0.0564779 9.9982E-05 0.0994359
0.663323 9.999E-05 0.11225 0.031381 0.109461 0.0834854
0.723426 0.0798287 9.9982E-05 0.0418816 0.154664 9.9982E-05
0.418287 9.997E-05 0.514149 9.997E-05 0.0672641 9.997E-05
0.372611 0.354117 0.123289 0.0807374 0.0691455 9.999E-05
0.318161 0.368464 9.998E-05 0.101579 0.211596 9.998E-05
0.239531 0.130279 0.464941 0.165048 9.998E-05 9.998E-05
0.588631 0.243261 0.154754 9.998E-05 0.0131541 9.998E-05
0.631605 0.147235 9.9973E-05 9.9973E-05 0.22086 9.9973E-05
0.27482 9.9973E-05 9.9973E-05 0.101294 0.623587 9.9973E-05
9.9982E-05 9.9982E-05 0.148868 0.035461 0.796567 0.0189041
9.9964E-05 9.9964E-05 0.0932722 9.9964E-05 0.906328 9.9964E-05
0.0905426 9.9973E-05 0.25865 9.9973E-05 0.650507 9.9973E-05
0.188875 9.9973E-05 9.9973E-05 0.0343126 0.776512 9.9973E-05
0.453359 9.9991E-05 0.295597 0.0552225 0.134054 0.0616671
0.41732 9.9982E-05 0.0335582 0.137492 0.41143 9.9982E-05
0.607384 9.9982E-05 0.278629 0.0624957 0.0512911 9.9982E-05
0.618163 9.9982E-05 0.246847 9.9982E-05 0.0642009 0.0705894
0.622456 0.210741 9.9982E-05 0.133369 0.0332336 9.9982E-05
0.209987 9.998E-05 0.082026 0.218453 9.998E-05 0.489334
0.147927 0.0458507 0.00214454 0.395703 9.9991E-05 0.408274
9.9982E-05 9.9982E-05 0.0593059 0.907412 0.0184762 0.0146056
0.00390831 9.9991E-05 0.141513 0.525877 0.0738485 0.254753
9.9973E-05 9.9973E-05 0.0459056 0.597099 9.9973E-05 0.356695
9.9982E-05 9.9982E-05 0.0207335 0.64115 0.214557 0.12336
9.9973E-05 9.9973E-05 0.043313 9.9973E-05 0.216394 0.739993
0.0543364 0.0958908 9.9991E-05 0.0152349 0.0912205 0.743217
9.9973E-05 0.077483 9.9973E-05 0.105667 9.9973E-05 0.81655
9.9964E-05 9.9964E-05 9.9964E-05 0.302905 9.9964E-05 0.696695
0.206634 0.00149343 9.9982E-05 0.236568 9.9982E-05 0.555104
0.0689603 9.99731E-05 9.99731E-05 0.653606 9.99731E-05 0.277134
0.12475 9.9982E-05 0.01936 0.102438 9.9982E-05 0.753252
0.0307271 9.9982E-05 0.0287993 0.342049 9.9982E-05 0.598224
0.125816 0.0727071 9.998E-05 0.0104347 9.998E-05 0.790842
0.134203 0.0204856 9.998E-05 0.36686 9.998E-05 0.478251
9.9964E-05 0.0846952 9.9964E-05 9.9964E-05 9.9964E-05 0.914905
9.9982E-05 0.0346037 9.9982E-05 0.668231 0.133169 0.163796
0.176779 9.9982E-05 9.9982E-05 0.6892 0.00364844 0.130172
9.9982E-05 0.0100194 9.9982E-05 0.745532 0.144274 0.0999753
9.9982E-05 0.0917148 9.9982E-05 0.504541 0.00666412 0.39688
9.996E-05 0.0100023 9.996E-05 0.989598 9.996E-05 9.996E-05
9.997E-05 9.997E-05 0.0288992 0.647438 9.997E-05 0.323362
9.9973E-05 9.9973E-05 9.9973E-05 0.151607 0.14619 0.701903
9.9973E-05 9.9973E-05 9.9973E-05 0.693921 0.172157 0.133622
0.0728915 0.737873 0.153633 0.0348436 0.000659079 9.9991E-05
9.997E-05 0.0473691 0.834065 0.118266 9.997E-05 9.997E-05
9.997E-05 0.0683059 0.787177 0.144218 9.997E-05 9.997E-05
9.9991E-05 0.77288 0.0280751 0.0133483 0.154902 0.0306936
9.9982E-05 0.540477 0.130055 9.9982E-05 0.307208 0.0220598
9.997E-05 9.997E-05 0.31394 9.997E-05 0.678103 0.00765622
9.9982E-05 0.480623 0.131164 9.9982E-05 0.285833 0.10218
0.140563 0.292432 0.280365 9.9991E-05 0.214312 0.0722279
9.9973E-05 0.792769 9.9973E-05 9.9973E-05 0.205079 0.00185227
9.9973E-05 0.474014 0.29085 9.9973E-05 0.234836 9.9973E-05
0.0120621 0.839049 9.998E-05 0.12784 0.0208493 9.998E-05
0.307637 0.661412 9.9973E-05 0.0306515 9.9973E-05 9.9973E-05
0.226844 0.67603 9.997E-05 9.997E-05 0.0968258 9.997E-05
0.215099 0.636438 9.9982E-05 0.0289714 0.119292 9.9982E-05
9.9973E-05 0.414492 9.9973E-05 9.9973E-05 0.579691 0.00551642
0.262512 0.502444 9.9982E-05 9.9982E-05 0.206732 0.0281122
0.116463 0.818617 9.9982E-05 0.021012 9.9982E-05 0.0437088
0.178671 0.768062 9.9973E-05 0.0529673 9.9973E-05 9.9973E-05
0.20948 0.617779 0.125307 9.9982E-05 9.9982E-05 0.0472339
0.0348665 0.295904 0.458476 9.998E-05 0.210554 9.998E-05
0.0161126 0.53109 0.411466 9.998E-05 0.0411317 9.998E-05
0.00265248 0.358052 0.559986 9.9982E-05 0.0791097 9.9982E-05
9.9973E-05 0.418097 0.579219 9.9973E-05 0.00238401 9.9973E-05
9.9973E-05 0.7036 0.0770233 9.9973E-05 0.219077 9.9973E-05
0.0694363 0.84418 0.0459873 9.998E-05 0.040197 9.998E-05
0.167812 0.592871 0.153849 9.998E-05 0.0852679 9.998E-05
9.998E-05 0.856669 0.0906944 0.0071549 0.0452818 9.998E-05
9.9982E-05 0.819107 0.102618 0.0331748 0.0448997 9.9982E-05
0.0716867 0.824555 0.103459 9.9973E-05 9.9973E-05 9.9973E-05
0.0734249 0.836257 0.0900178 9.9973E-05 9.9973E-05 9.9973E-05
9.9964E-05 0.823411 0.176189 9.9964E-05 9.9964E-05 9.9964E-05
0.135431 0.451234 0.257764 9.998E-05 0.155371 9.998E-05
9.9982E-05 0.519351 0.333697 0.0651785 0.0815737 9.9982E-05
0.0205557 0.656499 0.199884 9.9982E-05 0.122861 9.9982E-05
9.9973E-05 0.782916 0.134784 9.9973E-05 0.0820002 9.9973E-05
9.9973E-05 0.702524 0.234543 9.9973E-05 0.0626335 9.9973E-05
0.0238423 0.729812 0.246045 9.9973E-05 9.9973E-05 9.9973E-05
9.997E-05 0.773396 0.133278 9.997E-05 0.0930263 9.997E-05
0.0273701 0.171137 0.767631 9.9982E-05 9.9982E-05 0.0336615
9.9973E-05 0.314754 0.655758 9.9973E-05 0.0291879 9.9973E-05
9.9982E-05 0.52764 0.428338 0.0244861 0.0193365 9.9982E-05
9.996E-05 0.852406 0.147194 9.996E-05 9.996E-05 9.996E-05
0.0691467 0.740806 0.119524 0.0477808 0.0113431 0.0113994
0.0206577 0.757845 0.177953 0.043345 9.9982E-05 9.9982E-05
9.9973E-05 0.815154 0.149236 9.9973E-05 0.0353103 9.9973E-05
0.0895496 0.501435 0.128193 0.218345 9.9991E-05 0.0623778
9.9982E-05 0.570955 0.067376 0.265321 9.9982E-05 0.0961489
9.9973E-05 0.61772 0.229629 9.9973E-05 0.152351 9.9973E-05
9.997E-05 0.186351 0.723037 9.997E-05 0.090312 9.997E-05
9.9973E-05 0.436205 0.493563 9.9973E-05 9.9973E-05 0.0699323
0.0503476 0.357337 0.592015 9.9973E-05 9.9973E-05 9.9973E-05
0.0303883 9.9973E-05 0.888914 9.9973E-05 0.0803977 9.9973E-05
9.9973E-05 0.749195 0.197425 9.9973E-05 0.0530805 9.9973E-05
0.0489671 0.343994 0.597545 9.9982E-05 0.00929357 9.9982E-05
9.9964E-05 0.643276 0.356324 9.9964E-05 9.9964E-05 9.9964E-05
0.00456361 0.448511 0.364356 9.9982E-05 0.18237 9.9982E-05
9.9982E-05 0.439579 0.5501 9.9982E-05 0.0016683 0.00845316
9.9982E-05 9.9982E-05 0.209994 0.0866178 0.137507 0.565681
9.998E-05 0.0615817 9.998E-05 0.42009 0.0358602 0.482268
0.0319621 9.9982E-05 9.9982E-05 0.236014 0.132125 0.599699
9.9982E-05 9.9982E-05 0.120003 0.680682 0.113028 0.0860874
9.9982E-05 9.9982E-05 0.0735477 0.732767 0.102378 0.0911077
9.9982E-05 9.9982E-05 0.0218295 0.801366 0.00671186 0.169893
9.9973E-05 9.9973E-05 0.06322 0.361137 9.9973E-05 0.575343
9.9973E-05 0.0541199 9.9973E-05 0.0851879 9.9973E-05 0.860392
9.99731E-05 9.99731E-05 0.120608 9.99731E-05 0.164493 0.714599
9.9982E-05 0.035078 9.9982E-05 0.666776 0.0244284 0.273518
0.0195848 9.996E-05 9.996E-05 0.980015 9.996E-05 9.996E-05
0.0411219 9.9964E-05 9.9964E-05 0.958478 9.9964E-05 9.9964E-05
0.00124841 0.0438525 9.9982E-05 0.928266 0.0264328 9.9982E-05
