9.9982E-05 0.580374 0.0138316 0.00838937 0.150858 9.9982E-05 0.246347
9.998E-05 0.260601 0.159348 0.234567 0.236422 9.998E-05 0.108862
9.9973E-05 0.458932 9.9973E-05 0.167873 9.9973E-05 0.0122266 0.360669
9.997E-05 0.562186 9.997E-05 0.191953 9.997E-05 0.0142391 0.231322
0.0554897 0.206272 9.9973E-05 9.9973E-05 9.9973E-05 0.0252674 0.712671
0.0421759 0.591796 9.9982E-05 0.0272566 0.0109362 9.9982E-05 0.327636
0.0497494 9.9964E-05 0.889715 9.9964E-05 0.0601359 9.9964E-05 9.9964E-05
0.194641 9.9973E-05 0.675867 9.9973E-05 0.0384156 9.9973E-05 0.090777
9.9982E-05 0.012245 0.785481 0.0209634 0.00939855 0.171712 9.9982E-05
0.0804941 0.0108356 0.822903 9.9973E-05 9.9973E-05 0.0854672 9.9973E-05
9.9964E-05 0.0564062 0.940857 9.9964E-05 9.9964E-05 0.00233726 9.9964E-05
9.9955E-05 9.9955E-05 0.891521 9.9955E-05 9.9955E-05 9.9955E-05 0.10798
9.9964E-05 9.9964E-05 0.627205 9.9964E-05 9.9964E-05 0.353295 0.0191008
0.11312 9.99641E-05 0.597376 9.99641E-05 9.99641E-05 0.289104 9.99641E-05
0.0342182 0.0558232 0.763123 0.00809403 9.9991E-05 0.131295 0.00734636
0.0100639 9.99641E-05 0.950355 9.99641E-05 0.0391811 9.99641E-05 9.99641E-05
0.590782 9.9973E-05 9.9973E-05 0.0424641 0.0508087 9.9973E-05 0.315645
0.455214 9.9982E-05 0.00915373 0.475246 9.9982E-05 0.0476882 0.0124979
0.534957 0.304576 0.0510689 0.039451 0.0160824 9.9991E-05 0.0537653
0.625253 0.0341782 9.9982E-05 0.019913 9.9982E-05 0.0237477 0.296709
0.484249 9.99639E-05 9.99639E-05 0.322532 9.99639E-05 9.99639E-05 0.192819
0.674772 0.115819 9.9973E-05 0.19738 9.9973E-05 9.9973E-05 0.0117281
0.16088 0.395687 0.186271 9.9982E-05 0.214943 9.9982E-05 0.0420193
0.0212181 0.541072 9.9982E-05 9.9982E-05 0.213662 0.0609551 0.162893
0.253244 0.596171 9.9973E-05 9.9973E-05 9.9973E-05 0.0315716 0.118713
0.354653 0.442078 9.9973E-05 9.9973E-05 0.0875406 9.9973E-05 0.115429
0.600083 9.9964E-05 9.9964E-05 9.9964E-05 9.9964E-05 0.0463221 0.353195
0.351058 0.140292 0.0112658 9.9982E-05 9.9982E-05 0.0290605 0.468123
0.212738 9.9982E-05 9.9982E-05 0.228526 0.266599 0.0374864 0.254451
0.27505 9.9991E-05 0.0180657 0.369825 0.0146449 0.0207617 0.301553
0.0772043 0.262628 0.0629483 0.55935 9.9982E-05 0.0376693 9.9982E-05
0.190094 0.0747401 0.111392 0.210084 9.9982E-05 9.9982E-05 0.41349
0.183998 0.288342 9.9973E-05 0.209689 9.9973E-05 9.9973E-05 0.317671
0.0901673 0.840474 0.0527045 9.9973E-05 0.0163539 9.9973E-05 9.9973E-05
0.0396254 0.694958 0.208435 0.0254983 0.0312832 9.9982E-05 9.9982E-05
0.509337 0.112947 0.0545246 0.0559509 0.0470921 9.9991E-05 0.220048
9.9973E-05 0.498491 0.0237923 0.178801 9.9973E-05 0.298616 9.9973E-05
0.353624 0.353998 0.121223 9.9982E-05 9.9982E-05 0.0350037 0.135952
0.261109 0.476658 0.0112523 0.170197 0.038693 0.0419896 9.9991E-05
0.612794 0.234103 0.00178611 0.0613677 9.9982E-05 9.9982E-05 0.089749
9.9964E-05 0.488832 9.9964E-05 0.116356 0.394413 9.9964E-05 9.9964E-05
9.9982E-05 0.390571 9.9982E-05 0.078443 0.105838 0.0909097 0.334039
0.0139931 0.428095 9.9982E-05 0.182599 9.9982E-05 0.133181 0.241932
0.0387016 0.161559 9.9982E-05 9.9982E-05 0.425466 0.177364 0.19671
0.144104 0.511337 9.9973E-05 9.9973E-05 0.109054 9.9973E-05 0.235206
0.00997402 0.711551 9.9982E-05 0.167343 9.9982E-05 0.0390013 0.0719312
0.600814 9.9964E-05 9.9964E-05 0.357001 9.9964E-05 0.0417847 9.9964E-05
0.269359 9.9973E-05 0.0222098 0.699846 0.00828507 9.9973E-05 9.9973E-05
0.155188 9.9955E-05 9.9955E-05 0.844312 9.9955E-05 9.9955E-05 9.9955E-05
0.22365 9.9964E-05 9.9964E-05 0.620688 0.155263 9.9964E-05 9.9964E-05
0.438292 9.99639E-05 9.99639E-05 0.551896 9.99639E-05 0.00941241 9.99639E-05
0.51535 0.0188371 0.0778451 0.0247674 0.363 9.9982E-05 9.9982E-05
0.737139 9.9973E-05 9.9973E-05 0.205949 0.0402092 0.0164034 9.9973E-05
0.612807 0.0777451 9.9964E-05 9.9964E-05 0.309048 9.9964E-05 9.9964E-05
0.651966 0.00168724 9.99639E-05 9.99639E-05 0.345947 9.99639E-05 9.99639E-05
0.617424 0.135714 9.9973E-05 9.9973E-05 9.9973E-05 0.0190707 0.227491
9.9973E-05 0.198502 0.42964 9.9973E-05 0.140991 0.230567 9.9973E-05
9.9982E-05 0.13109 0.3489 9.9982E-05 0.0481131 0.448608 0.0230892
9.9964E-05 9.9964E-05 9.9964E-05 9.9964E-05 0.109944 0.888309 0.00134681
0.0621654 9.9973E-05 0.311098 9.9973E-05 0.152393 0.474044 9.9973E-05
9.9964E-05 9.9964E-05 0.391613 9.9964E-05 0.0476788 0.560308 9.9964E-05
0.0860603 9.9982E-05 0.125779 0.0985823 0.052405 0.636973 9.9982E-05
9.99639E-05 0.0289887 0.674424 0.296188 9.99639E-05 9.99639E-05 9.99639E-05
0.0303238 0.0884662 0.76569 0.00283953 9.9991E-05 0.0154872 0.097093
9.9964E-05 9.9964E-05 0.808105 9.9964E-05 9.9964E-05 0.142226 0.0492687
9.9964E-05 0.000521669 0.667824 9.9964E-05 9.9964E-05 0.331254 9.9964E-05
0.0192686 0.13199 0.627278 9.9982E-05 9.9982E-05 0.195445 0.0258175
9.99641E-05 0.148878 0.208016 9.99641E-05 9.99641E-05 0.642706 9.99641E-05
9.9964E-05 0.184171 0.681249 9.9964E-05 9.9964E-05 0.134181 9.9964E-05
0.0898306 9.9973E-05 0.519893 9.9973E-05 0.0335072 0.356469 9.9973E-05
9.9973E-05 0.140566 0.739138 9.9973E-05 9.9973E-05 0.017081 0.102915
9.997E-05 0.10439 0.420886 9.997E-05 9.997E-05 0.419553 0.0548716
9.9964E-05 0.0184541 0.899553 9.9964E-05 9.9964E-05 9.9964E-05 0.0815926
0.0553534 9.9982E-05 0.247653 0.0448329 9.9982E-05 0.612763 0.0391974
0.0720145 0.133962 0.0690714 9.9973E-05 9.9973E-05 0.724652 9.9973E-05
9.9973E-05 9.9973E-05 0.0936321 0.121583 9.9973E-05 0.748654 0.0358311
9.9982E-05 0.0220113 0.38127 0.0306088 9.9982E-05 0.500873 0.0650369
9.9964E-05 9.9964E-05 9.9964E-05 0.0214676 9.9964E-05 0.969797 0.00833594
9.9964E-05 9.9964E-05 0.30621 9.9964E-05 0.0712447 0.622146 9.9964E-05
0.145215 9.9973E-05 0.740488 0.0373909 9.9973E-05 0.0766057 9.9973E-05
9.9973E-05 0.0236768 0.0141297 0.169309 9.9973E-05 0.792585 9.9973E-05
0.104541 9.99731E-05 9.99731E-05 9.99731E-05 0.0878898 0.0209366 0.786333
0.0325538 9.9973E-05 9.9973E-05 9.9973E-05 0.85594 0.093587 0.0176195
9.9964E-05 9.9964E-05 9.9964E-05 9.9964E-05 0.759196 0.124887 0.115517
0.039882 9.9973E-05 9.9973E-05 0.108426 9.9973E-05 0.0332807 0.818111
0.129988 9.9964E-05 9.9964E-05 0.274809 9.9964E-05 9.9964E-05 0.594804
9.9955E-05 9.9955E-05 9.9955E-05 0.925777 0.0737236 9.9955E-05 9.9955E-05
9.9982E-05 0.243982 9.9982E-05 0.378893 0.0109788 0.0105393 0.355407
9.9991E-05 0.291394 0.00846923 0.337823 0.106557 0.00974412 0.245913
9.9973E-05 0.0693743 9.9973E-05 0.189054 9.9973E-05 0.00335278 0.737919
9.9964E-05 9.9964E-05 9.9964E-05 0.348207 0.189684 9.9964E-05 0.461709
9.9973E-05 0.177384 9.9973E-05 0.0565524 9.9973E-05 0.0913862 0.674377
9.9964E-05 0.369902 9.9964E-05 9.9964E-05 9.9964E-05 0.0726036 0.557095
9.997E-05 0.336803 9.997E-05 0.0354526 9.997E-05 0.00927899 0.618165
9.9973E-05 0.246699 9.9973E-05 0.124975 9.9973E-05 0.0594223 0.568604
9.99729E-05 0.130121 9.99729E-05 0.571779 9.99729E-05 0.0104194 0.287382
0.0468259 0.266465 9.9982E-05 0.207588 9.9982E-05 0.0188116 0.46011
9.9973E-05 0.216104 9.9973E-05 0.0335324 9.9973E-05 0.0559661 0.694098
9.9973E-05 0.274237 9.9973E-05 0.00375719 9.9973E-05 0.045682 0.676024
9.9973E-05 0.305746 0.0291035 9.9973E-05 0.116146 9.9973E-05 0.548705
0.121633 9.9973E-05 9.9973E-05 0.208467 0.31051 9.9973E-05 0.359089
9.9973E-05 0.0653644 9.9973E-05 0.0278089 0.374773 9.9973E-05 0.531754
0.055909 9.9973E-05 9.9973E-05 0.00726355 0.577987 9.9973E-05 0.358541
9.9955E-05 9.9955E-05 9.9955E-05 9.9955E-05 0.564319 9.9955E-05 0.435181
9.9964E-05 9.9964E-05 0.00547575 0.281166 9.9964E-05 9.9964E-05 0.712959
0.130543 9.9964E-05 9.9964E-05 9.9964E-05 0.0443844 9.9964E-05 0.824672
0.29252 9.9964E-05 9.9964E-05 9.9964E-05 0.152502 9.9964E-05 0.554578
0.012506 9.9982E-05 9.9982E-05 0.0359493 0.0740082 0.00296087 0.874376
9.9973E-05 0.00481266 9.9973E-05 0.089682 9.9973E-05 0.0040796 0.901126
9.9964E-05 0.100728 9.9964E-05 9.9964E-05 0.0752376 9.9964E-05 0.823635
9.9964E-05 0.0955786 9.9964E-05 9.9964E-05 0.0755301 9.9964E-05 0.828491
9.9964E-05 0.00973572 9.9964E-05 9.9964E-05 0.176023 9.9964E-05 0.813842
9.99729E-05 0.267559 9.99729E-05 0.122696 0.260751 9.99729E-05 0.348694
0.143259 9.9982E-05 9.9982E-05 0.0319756 0.338642 0.0233709 0.462553
9.997E-05 0.182854 9.997E-05 0.0796857 0.186543 9.997E-05 0.550617
9.9973E-05 0.0511716 9.9973E-05 0.120105 0.0845388 9.9973E-05 0.743884
0.00893672 9.9973E-05 9.9973E-05 0.117801 0.148786 9.9973E-05 0.724177
0.0541323 9.9964E-05 9.9964E-05 9.9964E-05 0.179935 9.9964E-05 0.765533
9.9964E-05 9.9964E-05 9.9964E-05 0.155131 0.0558237 9.9964E-05 0.788646
9.9973E-05 0.0883901 0.0241506 9.9973E-05 0.712931 9.9973E-05 0.174228
9.9973E-05 0.0248028 9.9973E-05 0.0522991 0.586991 9.9973E-05 0.335608
9.9973E-05 9.9973E-05 9.9973E-05 0.0428437 0.463166 0.00161594 0.492074
9.9964E-05 0.012472 9.9964E-05 9.9964E-05 0.153223 9.9964E-05 0.833905
0.00989112 0.115123 9.9982E-05 9.9982E-05 0.0794885 0.0527355 0.742562
9.997E-05 0.122337 9.997E-05 9.997E-05 0.14783 0.0316586 0.697875
0.0161112 9.9973E-05 9.9973E-05 0.0162511 0.13378 9.9973E-05 0.833558
0.0591435 9.9982E-05 0.153028 9.9982E-05 0.0385871 0.111571 0.637471
0.0650907 9.9982E-05 0.114967 9.9982E-05 0.0337162 0.203835 0.582191
9.9964E-05 9.9964E-05 9.9964E-05 0.14131 0.181026 9.9964E-05 0.677264
9.99639E-05 9.99639E-05 9.99639E-05 0.0867691 0.64076 9.99639E-05 0.272071
9.9982E-05 0.101448 0.0380029 0.0142294 0.429182 9.9982E-05 0.416938
9.9964E-05 0.124963 9.9964E-05 9.9964E-05 0.529712 9.9964E-05 0.344925
0.0327152 9.9973E-05 9.9973E-05 0.0352043 0.884451 9.9973E-05 0.0473297
0.00964407 9.9982E-05 9.9982E-05 0.098132 0.128054 0.00357994 0.76039
9.9973E-05 0.0472101 9.9973E-05 0.027137 0.571789 9.9973E-05 0.353564
0.0102641 0.00641538 9.9973E-05 9.9973E-05 0.346454 9.9973E-05 0.636567
9.997E-05 0.135376 9.997E-05 0.116775 0.352277 9.997E-05 0.395272
9.9973E-05 9.9973E-05 0.0202425 0.0476575 0.426613 9.9973E-05 0.505188
9.9973E-05 9.9973E-05 0.623958 0.170083 0.147652 0.0580067 9.9973E-05
9.9982E-05 9.9982E-05 0.601562 0.0309387 0.0182849 0.336329 0.0126852
0.0245746 9.9973E-05 0.573503 0.147672 9.9973E-05 0.253951 9.9973E-05
9.99729E-05 9.99729E-05 0.153677 0.151189 0.0422984 0.652535 9.99729E-05
9.9982E-05 9.9982E-05 0.0936009 0.0887879 0.0515762 0.692124 0.0737115
9.9973E-05 9.9973E-05 0.118692 0.0429829 0.0168233 0.821202 9.9973E-05
9.9982E-05 0.00589859 0.634053 9.9982E-05 0.0370771 0.302392 0.0203789
9.9973E-05 9.9973E-05 0.855116 0.0215155 9.9973E-05 0.0615149 0.0615534
9.99641E-05 9.99641E-05 0.599134 0.362078 0.0383875 9.99641E-05 9.99641E-05
9.9973E-05 9.9973E-05 0.291384 0.00630148 9.9973E-05 0.615406 0.0866087
0.102571 9.99551E-05 9.99551E-05 9.99551E-05 9.99551E-05 0.89693 9.99551E-05
0.0344577 0.022798 9.9964E-05 9.9964E-05 9.9964E-05 0.942344 9.9964E-05
0.0347856 9.9964E-05 9.9964E-05 9.9964E-05 9.9964E-05 0.898752 0.0660626
