0.364567 0.174752 9.9991E-05 0.460581
0.388488 0.533043 9.9991E-05 0.0783689
0.462014 0.166887 9.9991E-05 0.370999
0.389022 0.12411 0.0235743 0.463294
0.649232 9.9991E-05 0.0433157 0.307352
0.429071 9.9982E-05 9.9982E-05 0.570729
9.9982E-05 0.557402 0.442398 9.9982E-05
0.128807 0.307221 0.538174 0.0257976
9.9982E-05 0.340115 0.659685 9.9982E-05
9.9982E-05 0.365527 0.634273 9.9982E-05
9.9982E-05 0.450983 0.548817 9.9982E-05
9.9982E-05 0.461854 0.537946 9.9982E-05
9.9982E-05 0.222036 0.777764 9.9982E-05
9.9982E-05 0.181413 0.818387 9.9982E-05
9.9982E-05 0.425334 0.574466 9.9982E-05
9.9982E-05 0.491421 0.508379 9.9982E-05
0.262394 0.0902055 0.0252224 0.622179
0.0590808 0.406481 0.0387886 0.49565
9.9991E-05 0.175934 0.057907 0.766059
0.138259 9.9991E-05 0.108249 0.753392
0.194332 0.228777 0.0285704 0.548321
9.9991E-05 0.189313 0.0370194 0.773568
0.228113 0.23282 0.035064 0.504003
0.327765 0.0052641 0.0557266 0.611245
0.106256 9.9991E-05 0.0627832 0.830861
0.174741 0.00630931 9.9991E-05 0.818849
0.243435 9.9991E-05 0.140946 0.615519
0.340574 9.9991E-05 0.135925 0.523402
0.523585 0.235781 0.0462066 0.194427
0.374267 0.281535 0.0672343 0.276964
0.00769755 0.564523 9.9991E-05 0.427679
0.361298 0.258746 0.0678529 0.312103
0.311441 0.162817 9.9991E-05 0.525642
0.000240076 0.0952299 0.0491842 0.855346
9.9982E-05 0.372839 9.9982E-05 0.626961
0.188915 0.1045 0.0685032 0.638081
9.9991E-05 0.221102 0.284085 0.494713
0.0908845 0.0975878 0.113931 0.697597
9.9991E-05 0.244802 0.0124676 0.74263
0.0287047 0.0661128 0.025042 0.880141
0.364476 0.226794 9.9991E-05 0.40863
0.469505 0.044124 0.0618851 0.424486
0.375587 0.0398975 0.162539 0.421977
0.538675 0.0856818 0.167202 0.208441
0.261321 0.0750058 9.9991E-05 0.663573
0.103588 0.142199 9.9991E-05 0.754113
9.9991E-05 0.382414 0.0568225 0.560664
0.0993608 0.627483 9.9991E-05 0.273056
0.0497374 0.794009 9.9991E-05 0.156153
0.279294 0.491836 9.9991E-05 0.22877
9.9991E-05 0.448721 0.00214063 0.549038
0.145938 0.277432 0.0430542 0.533576
0.0337226 0.221578 0.0688433 0.675856
0.0707117 0.161032 9.9991E-05 0.768156
0.0532291 0.239764 9.9991E-05 0.706907
0.087391 9.9991E-05 0.0473731 0.865136
9.9991E-05 0.240509 0.560597 0.198794
0.0383133 0.10314 0.742738 0.115808
0.0546388 9.9991E-05 0.914314 0.0309467
9.9991E-05 0.219396 0.753807 0.0266976
9.9982E-05 0.165367 0.834433 9.9982E-05
0.0256538 0.177118 0.747664 0.0495649
9.9982E-05 0.796095 0.203705 9.9982E-05
9.9991E-05 0.497272 0.441291 0.0613371
9.9982E-05 0.358396 0.641404 9.9982E-05
9.9982E-05 0.204349 0.795451 9.9982E-05
9.9991E-05 0.246239 0.616263 0.137398
9.9991E-05 0.00430441 0.93671 0.0588857
9.9982E-05 0.436233 0.563567 9.9982E-05
9.9982E-05 0.253151 0.746649 9.9982E-05
0.0418667 0.447555 0.503599 0.0069791
0.0511371 0.15148 0.797282 9.9991E-05
0.0188222 0.483984 0.497093 9.9991E-05
0.0378804 0.06594 0.841574 0.0546056
9.9982E-05 9.9982E-05 0.820474 0.179326
9.9991E-05 0.0767133 0.814655 0.108532
0.0252377 0.165513 0.809149 9.9991E-05
0.00471344 9.9982E-05 0.995087 9.9982E-05
9.9982E-05 0.133194 0.866606 9.9982E-05
9.9982E-05 0.466508 0.533292 9.9982E-05
0.0340202 0.121562 0.815405 0.0290123
0.820945 9.9991E-05 0.098403 0.0805516
0.772247 0.199046 9.9991E-05 0.0286078
0.777115 0.181454 0.0413311 9.9991E-05
0.821403 9.9991E-05 0.13162 0.0468772
0.781475 0.175564 0.0282217 0.0147394
0.278728 0.721072 9.9982E-05 9.9982E-05
0.581644 0.298039 0.0452637 0.0750537
0.532474 0.305607 0.0153839 0.146536
0.788989 0.0959875 0.0713171 0.0437067
0.748117 0.251683 9.9982E-05 9.9982E-05
0.726984 9.9991E-05 0.206537 0.0663781
0.505997 9.9991E-05 0.0692493 0.424653
0.641881 9.9991E-05 0.0637601 0.294259
0.585887 0.0637125 0.0596756 0.290725
0.4218 0.404144 0.0079651 0.166091
0.477958 0.123773 0.015822 0.382447
0.681851 9.9991E-05 0.136114 0.181935
0.621839 9.9991E-05 0.0886154 0.289445
0.629345 0.0367487 0.0448176 0.289089
0.680653 0.181907 9.9991E-05 0.13734
0.882256 0.0353988 9.9991E-05 0.0822453
0.865562 0.0835882 9.9991E-05 0.0507498
0.881046 0.118754 9.9982E-05 9.9982E-05
0.826936 0.123157 0.0498067 9.9991E-05
0.806209 9.9991E-05 0.0337647 0.159927
0.724118 9.9991E-05 0.0180844 0.257698
0.925237 9.9982E-05 0.0745628 9.9982E-05
0.872772 9.9991E-05 0.0806847 0.046443
0.92979 9.9991E-05 0.0232229 0.0468876
0.82043 9.9991E-05 0.0459922 0.133477
0.964274 9.9991E-05 0.0126277 0.0229986
0.681191 0.11772 9.9991E-05 0.200988
0.757689 0.0725199 0.0714811 0.0983099
0.738571 0.111274 9.9991E-05 0.150055
0.862597 0.0510361 0.0315801 0.0547864
0.921964 0.0333032 0.0446323 9.9991E-05
0.957402 9.9982E-05 0.0423983 9.9982E-05
0.904472 0.0312036 0.0364868 0.0278375
0.748551 0.251249 9.9982E-05 9.9982E-05
0.791681 0.208119 9.9982E-05 9.9982E-05
0.882218 0.10321 0.0144728 9.9991E-05
0.953226 9.9991E-05 0.0465517 0.000122736
0.76944 9.9991E-05 0.126738 0.103722
0.87747 9.9991E-05 0.0594569 0.0629736
0.928924 9.9991E-05 0.0697423 0.00123372
0.624271 9.9991E-05 0.318243 0.0573859
0.633162 9.9982E-05 0.366638 9.9982E-05
0.885636 0.114164 9.9982E-05 9.9982E-05
0.77805 0.22175 9.9982E-05 9.9982E-05
0.793689 0.206111 9.9982E-05 9.9982E-05
0.884145 0.115656 9.9982E-05 9.9982E-05
0.6982 0.3016 9.9982E-05 9.9982E-05
0.954678 9.9982E-05 0.0451224 9.9982E-05
0.825504 0.174296 9.9982E-05 9.9982E-05
0.92942 0.0329631 0.0047735 0.0328439
0.744028 0.154769 9.9991E-05 0.101104
0.828853 0.170947 9.9982E-05 9.9982E-05
0.0154539 0.591517 0.392929 9.9991E-05
9.9982E-05 0.292819 0.706981 9.9982E-05
9.9991E-05 0.380804 0.610885 0.00821093
0.11783 0.102631 0.76333 0.0162102
0.124575 0.0608733 0.814452 9.9991E-05
9.9982E-05 0.0557391 0.944061 9.9982E-05
0.0209412 0.336352 0.642607 9.9991E-05
9.9982E-05 0.463171 0.536629 9.9982E-05
9.9982E-05 0.864262 0.135538 9.9982E-05
0.0931843 0.079748 0.826968 9.9991E-05
9.99821E-05 9.99821E-05 0.951957 0.0478435
9.9982E-05 9.9982E-05 0.944561 0.0552387
0.0211617 9.9991E-05 0.963273 0.0154658
