0.187424 9.9991E-05 0.388629 0.423847
0.534847 9.9991E-05 0.368423 0.09663
0.194869 0.00272832 0.459236 0.343166
0.140961 9.9991E-05 0.344725 0.514214
9.999E-05 0.0467483 0.708493 0.244658
9.9982E-05 9.9982E-05 0.435916 0.563884
0.520786 0.479014 9.9982E-05 9.9982E-05
0.336444 0.549155 0.109229 0.00517177
0.356367 0.643433 9.9982E-05 9.9982E-05
0.363997 0.635803 9.9982E-05 9.9982E-05
0.486109 0.513691 9.9982E-05 9.9982E-05
0.450283 0.536523 0.0130943 9.9991E-05
0.187773 0.812027 9.9982E-05 9.9982E-05
0.185433 0.801253 9.9991E-05 0.0132142
0.419882 0.579918 9.9982E-05 9.9982E-05
0.467663 0.532137 9.9982E-05 9.9982E-05
0.104007 0.021653 0.295037 0.579303
0.426898 0.0155123 0.0601565 0.497433
0.164717 0.0687521 9.9991E-05 0.76643
9.9991E-05 0.104878 0.121558 0.773463
0.224462 0.0160954 0.232691 0.526751
0.176401 0.00251319 9.9991E-05 0.820986
0.304384 0.0313121 0.149015 0.515289
9.9991E-05 0.0737984 0.375588 0.550514
0.0242599 0.0468887 0.187893 0.740958
0.0331319 9.9991E-05 0.185592 0.781176
9.9991E-05 0.167952 0.284667 0.547282
9.9991E-05 0.141864 0.389392 0.468644
0.239597 0.036195 0.565646 0.158562
0.3194 0.0376418 0.361924 0.281034
0.594724 9.9991E-05 0.0218532 0.383323
0.254453 0.0803608 0.351122 0.314064
0.172318 9.9991E-05 0.274955 0.552628
0.123775 0.0205446 9.9991E-05 0.85558
0.41495 9.9982E-05 9.9982E-05 0.58485
0.126276 0.037386 0.183182 0.653156
0.24647 0.299116 9.9991E-05 0.454314
0.0511678 0.139498 0.109626 0.699709
0.242571 0.031359 9.9991E-05 0.72597
0.0740121 0.039278 0.0509884 0.835722
0.242266 9.9991E-05 0.351922 0.405712
0.0203723 0.0720037 0.474603 0.433021
0.0414217 0.120868 0.332406 0.505304
0.0823417 0.177732 0.506185 0.233741
0.110407 9.9991E-05 0.319712 0.56978
0.15822 9.9991E-05 0.125305 0.716375
0.407578 0.0446608 9.9991E-05 0.547661
0.656959 9.9991E-05 0.113243 0.229698
0.757117 9.9991E-05 0.040384 0.202399
0.552108 9.9991E-05 0.241546 0.206247
0.442263 9.9982E-05 9.9982E-05 0.557537
0.275131 0.0617934 0.146033 0.517043
0.22262 0.0676394 9.9991E-05 0.709641
0.176445 0.000114823 0.0613043 0.762136
0.221443 0.0238106 0.0695791 0.685168
9.9991E-05 0.0880851 0.103189 0.808626
0.198347 0.570421 0.0733099 0.157922
0.116001 0.762571 0.0321126 0.0893157
9.9991E-05 0.925904 0.0490852 0.0249112
0.218762 0.737638 9.9991E-05 0.0435001
0.160417 0.839383 9.9982E-05 9.9982E-05
0.149868 0.717824 0.0726378 0.0596708
0.769299 0.230501 9.9982E-05 9.9982E-05
0.498174 0.471727 9.9991E-05 0.0299995
0.368924 0.630876 9.9982E-05 9.9982E-05
0.220383 0.779417 9.9982E-05 9.9982E-05
0.236645 0.641336 9.9991E-05 0.12192
0.00161062 0.934873 9.9991E-05 0.0634159
0.439023 0.549816 9.9991E-05 0.0110604
0.207222 0.760891 0.0317863 9.9991E-05
0.427925 0.525434 9.9991E-05 0.0465409
0.121948 0.758976 9.9991E-05 0.118976
0.474924 0.524877 9.9982E-05 9.9982E-05
0.0804029 0.828812 0.0607113 0.030074
9.9982E-05 0.812347 9.9982E-05 0.187453
0.0760913 0.819258 9.9991E-05 0.104551
0.178052 0.778642 0.0432063 9.9991E-05
9.9991E-05 0.99144 0.00298141 0.00547816
0.130927 0.868873 9.9982E-05 9.9982E-05
0.451487 0.548313 9.9982E-05 9.9982E-05
0.087854 0.786986 0.0218442 0.103315
9.9991E-05 0.0861406 0.821291 0.0924685
0.227337 0.0293825 0.743181 9.9991E-05
0.164005 0.0293807 0.806515 9.9991E-05
0.0122686 0.0982638 0.816462 0.0730055
0.171924 0.0273822 0.725919 0.0747749
0.755841 9.99821E-05 0.243959 9.99821E-05
0.298473 0.00675602 0.559148 0.135623
0.326694 0.00553654 0.507907 0.159863
0.102953 0.073181 0.764015 0.0598513
0.247956 9.9982E-05 0.751844 9.9982E-05
9.9991E-05 0.175788 0.755658 0.0684531
9.9991E-05 0.101193 0.500432 0.398275
9.9991E-05 0.0265653 0.591927 0.381407
0.0715595 0.0650893 0.559615 0.303736
0.3964 9.9991E-05 0.368367 0.235134
0.104465 0.0373198 0.497827 0.360388
9.9991E-05 0.15112 0.693952 0.154828
9.9991E-05 0.0838353 0.613461 0.302604
0.0584952 0.0213003 0.618222 0.301982
0.214858 9.9991E-05 0.689597 0.0954453
0.0534354 9.9991E-05 0.877358 0.0691069
0.115436 9.9991E-05 0.824104 0.0603598
0.167971 9.9982E-05 0.831829 9.9982E-05
0.136994 0.0425632 0.820343 9.9991E-05
9.9991E-05 0.00842299 0.811096 0.180382
0.000910527 0.00639722 0.704039 0.288653
9.9982E-05 0.0645022 0.935298 9.9982E-05
0.00789729 0.0992673 0.850483 0.0423523
9.9991E-05 0.0602666 0.916501 0.0231321
9.9991E-05 0.0301004 0.84814 0.121659
9.9982E-05 9.9982E-05 0.968954 0.0308459
0.0934494 9.9991E-05 0.679329 0.227122
0.0991634 0.0717539 0.786544 0.0425388
0.12412 9.9991E-05 0.768089 0.107691
0.0280134 0.0491958 0.868754 0.0540371
0.0189783 0.032072 0.912131 0.0368187
9.9991E-05 0.0424906 0.909537 0.0478727
0.0489181 0.0322982 0.88222 0.036564
0.283559 9.9982E-05 0.716241 9.9982E-05
0.215424 9.9982E-05 0.784376 9.9982E-05
0.127338 0.0249815 0.84758 9.9991E-05
9.9991E-05 0.0214827 0.951539 0.0268783
9.9991E-05 0.131077 0.799545 0.0692778
9.9991E-05 0.0871348 0.893142 0.019623
9.9982E-05 0.0856418 0.914158 9.9982E-05
9.9991E-05 0.307395 0.657239 0.035266
9.9982E-05 0.396628 0.603172 9.9982E-05
0.079394 9.9982E-05 0.920406 9.9982E-05
0.244578 9.9982E-05 0.755222 9.9982E-05
0.229263 9.9982E-05 0.770537 9.9982E-05
0.17954 9.9982E-05 0.820261 9.9982E-05
0.355141 9.9982E-05 0.644659 9.9982E-05
0.0144755 0.0258509 0.959574 9.9991E-05
0.177989 9.9982E-05 0.821811 9.9982E-05
0.0249238 0.0147268 0.913388 0.046961
0.166666 9.9991E-05 0.730702 0.102533
0.177197 9.9982E-05 0.822603 9.9982E-05
0.595929 0.381404 0.022567 9.9991E-05
0.283301 0.705742 0.0108571 9.9991E-05
0.40609 0.59371 9.9982E-05 9.9982E-05
0.106254 0.779906 0.0900626 0.023778
9.9982E-05 0.839262 0.160538 9.9982E-05
0.0315362 0.936333 0.0320309 9.9991E-05
0.279059 0.720741 9.9982E-05 9.9982E-05
0.435259 0.564541 9.9982E-05 9.9982E-05
0.850102 0.149698 9.9982E-05 9.9982E-05
0.0773688 0.827897 0.0946339 9.9991E-05
9.99821E-05 0.962744 9.99821E-05 0.0370556
9.9982E-05 0.955677 9.9982E-05 0.0441232
9.9982E-05 0.959677 9.9982E-05 0.0401234
