0.0493002 0.218789 0.0201667 0.130735 9.9973E-05 9.9973E-05 0.173143 0.407566 9.9973E-05
0.359009 0.123704 0.144522 0.142204 9.99729E-05 9.99729E-05 0.00791499 0.222347 9.99729E-05
0.201567 0.268418 9.9973E-05 9.9973E-05 0.000921421 9.9973E-05 0.216456 0.306697 0.00564111
0.0782442 9.9964E-05 9.9964E-05 0.140582 0.135722 9.9964E-05 0.57325 0.071802 9.9964E-05
9.9955E-05 0.629901 9.9955E-05 9.9955E-05 9.9955E-05 9.9955E-05 0.168055 0.185171 0.0163733
9.9964E-05 0.0524121 9.9964E-05 0.084925 0.163073 9.9964E-05 0.55286 0.14633 9.9964E-05
0.0251086 9.9955E-05 0.662788 9.9955E-05 0.0747996 0.236804 9.9955E-05 9.9955E-05 9.9955E-05
9.9973E-05 0.122106 0.62741 0.0590357 0.155223 0.0240299 9.9973E-05 9.9973E-05 0.0118962
0.0295065 9.9955E-05 0.906265 9.9955E-05 9.9955E-05 0.0174483 0.0462799 9.9955E-05 9.9955E-05
9.9955E-05 9.9955E-05 0.790422 9.9955E-05 0.101632 0.0987581 9.9955E-05 0.00868814 9.9955E-05
0.066534 9.99639E-05 0.783969 0.0116855 9.99639E-05 0.12238 9.99639E-05 0.0150323 9.99639E-05
9.9955E-05 0.0802437 0.328071 9.9955E-05 9.9955E-05 0.571635 9.9955E-05 0.0195502 9.9955E-05
9.9955E-05 9.9955E-05 0.74106 9.9955E-05 9.9955E-05 0.00309584 0.0428137 9.9955E-05 0.212531
9.9946E-05 9.9946E-05 0.81804 9.9946E-05 0.0850753 9.9946E-05 9.9946E-05 9.9946E-05 0.0962848
0.0400458 9.9973E-05 0.871793 0.00187411 0.063368 0.0191569 9.9973E-05 0.00346185 9.9973E-05
9.99461E-05 9.99461E-05 0.75426 0.0662098 9.99461E-05 0.17893 9.99461E-05 9.99461E-05 9.99461E-05
9.9946E-05 0.397547 9.9946E-05 9.9946E-05 0.387622 9.9946E-05 9.9946E-05 0.214231 9.9946E-05
0.191406 0.137468 9.9973E-05 0.00429213 0.655875 0.0051524 9.9973E-05 9.9973E-05 0.00550568
9.9964E-05 9.9964E-05 0.0206189 9.9964E-05 0.381014 9.9964E-05 0.207663 0.37815 0.0121544
9.996E-05 0.0857276 9.996E-05 9.996E-05 0.432678 9.996E-05 0.367137 0.0722986 0.0417592
0.0975608 0.232795 0.00433616 9.9964E-05 0.597221 9.9964E-05 0.0676873 9.9964E-05 9.9964E-05
9.9937E-05 9.9937E-05 9.9937E-05 9.9937E-05 0.778153 9.9937E-05 0.221147 9.9937E-05 9.9937E-05
0.0127259 0.203484 9.9964E-05 0.0157386 9.9964E-05 0.143862 9.9964E-05 0.62379 9.9964E-05
9.9946E-05 0.296135 9.9946E-05 0.0406633 9.9946E-05 9.9946E-05 9.9946E-05 0.662602 9.9946E-05
9.99641E-05 0.1818 9.99641E-05 9.99641E-05 0.0302772 9.99641E-05 0.0564543 0.718524 0.0125447
9.9955E-05 9.9955E-05 9.9955E-05 0.174821 0.297111 9.9955E-05 0.336526 0.191042 9.9955E-05
9.9955E-05 0.408548 9.9955E-05 9.9955E-05 0.279986 9.9955E-05 9.9955E-05 0.217327 0.0936397
9.9964E-05 0.354675 9.9964E-05 9.9964E-05 0.143244 9.9964E-05 0.17461 0.275917 0.0511545
0.077246 0.363904 0.0943384 0.216979 0.247133 9.9964E-05 9.9964E-05 9.9964E-05 9.9964E-05
0.225976 0.30748 0.113853 0.00242242 0.339314 9.9973E-05 0.0106549 9.9973E-05 9.9973E-05
0.242874 9.9955E-05 9.9955E-05 9.9955E-05 0.29085 0.230509 0.235267 9.9955E-05 9.9955E-05
9.99549E-05 0.328228 9.99549E-05 9.99549E-05 0.314341 0.140344 0.216587 9.99549E-05 9.99549E-05
9.9955E-05 0.121699 9.9955E-05 0.0571585 0.360664 9.9955E-05 0.459978 9.9955E-05 9.9955E-05
9.9964E-05 9.9964E-05 0.0293056 0.0418791 0.0461759 9.9964E-05 0.0513728 0.830867 9.9964E-05
0.159142 9.99459E-05 9.99459E-05 9.99459E-05 9.99459E-05 0.0672038 9.99459E-05 0.773054 9.99459E-05
9.9964E-05 0.187552 9.9964E-05 9.9964E-05 0.350896 0.0409415 0.169627 0.250583 9.9964E-05
0.15069 9.9964E-05 9.9964E-05 9.9964E-05 9.9964E-05 0.0849331 0.0441159 0.457699 0.262163
9.9964E-05 0.147416 9.9964E-05 9.9964E-05 0.127534 9.9964E-05 0.0549081 0.582568 0.0871739
0.11349 9.9973E-05 9.9973E-05 0.0904378 0.151608 9.9973E-05 0.108704 0.46487 0.0705912
9.996E-05 0.0708815 9.996E-05 9.996E-05 0.360599 9.996E-05 0.15612 0.392517 0.0194824
0.056369 9.9964E-05 9.9964E-05 0.502463 0.0721536 9.9964E-05 0.302885 0.0657298 9.9964E-05
0.00299449 0.0363509 9.9982E-05 0.231936 0.088442 9.9982E-05 0.513872 0.0222391 0.103966
0.0907147 9.9964E-05 9.9964E-05 9.9964E-05 0.111875 9.9964E-05 0.676244 0.0137361 0.10703
9.9955E-05 9.9955E-05 9.9955E-05 0.543601 9.9955E-05 9.9955E-05 0.221267 0.0796894 0.154943
9.99551E-05 9.99551E-05 9.99551E-05 0.205601 0.204699 9.99551E-05 0.555704 0.0334963 9.99551E-05
0.0243606 9.9955E-05 9.9955E-05 9.9955E-05 0.222204 9.9955E-05 0.576507 0.176428 9.9955E-05
0.0922661 9.9946E-05 9.9946E-05 9.9946E-05 0.813448 0.0936863 9.9946E-05 9.9946E-05 9.9946E-05
0.33567 9.99549E-05 9.99549E-05 0.100053 0.441846 0.121931 9.99549E-05 9.99549E-05 9.99549E-05
0.659156 9.9937E-05 9.9937E-05 9.9937E-05 0.340144 9.9937E-05 9.9937E-05 9.9937E-05 9.9937E-05
0.579406 0.00321195 9.9964E-05 0.105367 0.295097 9.9964E-05 9.9964E-05 0.0165176 9.9964E-05
0.379254 9.99549E-05 0.000909648 9.99549E-05 0.606339 9.99549E-05 9.99549E-05 9.99549E-05 0.0129979
9.9955E-05 9.9955E-05 0.102584 0.403283 0.394679 9.9955E-05 9.9955E-05 0.098954 9.9955E-05
9.996E-05 0.0694948 9.996E-05 0.0705267 0.817175 9.996E-05 9.996E-05 0.0073999 0.0350037
9.9955E-05 9.9955E-05 9.9955E-05 0.334703 0.438169 9.9955E-05 0.0447924 0.181836 9.9955E-05
9.99459E-05 9.99459E-05 9.99459E-05 0.361439 0.428003 9.99459E-05 9.99459E-05 0.209959 9.99459E-05
9.9973E-05 0.0861323 9.9973E-05 0.00339245 0.451955 9.9973E-05 0.288554 0.125227 0.0444393
9.9964E-05 9.9964E-05 0.22446 0.0842684 9.9964E-05 0.2214 9.9964E-05 0.256203 0.213269
9.9955E-05 0.0290419 0.45318 9.9955E-05 9.9955E-05 9.9955E-05 9.9955E-05 0.186238 0.33104
9.9955E-05 9.9955E-05 0.00338311 0.057614 9.9955E-05 9.9955E-05 9.9955E-05 0.0452637 0.893239
9.9964E-05 9.9964E-05 0.0693228 0.0912894 0.0968202 0.35183 9.9964E-05 9.9964E-05 0.390338
9.9955E-05 9.9955E-05 0.0709787 0.0314611 9.9955E-05 0.347726 9.9955E-05 9.9955E-05 0.549335
9.995E-05 9.995E-05 9.995E-05 0.0145722 0.161457 0.318266 9.995E-05 9.995E-05 0.505205
0.216989 9.99369E-05 9.99369E-05 9.99369E-05 9.99369E-05 0.782311 9.99369E-05 9.99369E-05 9.99369E-05
9.9973E-05 0.0349453 9.9973E-05 9.9973E-05 0.00703943 0.829466 0.0310972 0.0852618 0.0118907
9.9955E-05 9.9955E-05 0.464902 9.9955E-05 9.9955E-05 0.444166 0.0597974 9.9955E-05 0.0306351
9.9964E-05 9.9964E-05 0.602691 9.9964E-05 0.0456704 0.138713 9.9964E-05 0.0111895 0.201336
9.9973E-05 9.9973E-05 0.355544 9.9973E-05 0.0128596 0.309414 0.0220708 0.134648 0.165164
9.99461E-05 9.99461E-05 0.410554 9.99461E-05 9.99461E-05 9.99461E-05 9.99461E-05 0.173466 0.41538
0.00790835 9.9964E-05 0.156081 9.9964E-05 9.9964E-05 0.61107 9.9964E-05 0.146099 0.0784412
9.9955E-05 9.9955E-05 0.161324 9.9955E-05 9.9955E-05 0.409347 9.9955E-05 0.12348 0.305349
0.069289 9.9955E-05 0.240993 9.9955E-05 9.9955E-05 0.521497 9.9955E-05 0.167721 9.9955E-05
9.9955E-05 0.0705521 9.9955E-05 9.9955E-05 9.9955E-05 0.369989 9.9955E-05 0.122159 0.4368
9.9946E-05 0.0361492 9.9946E-05 9.9946E-05 9.9946E-05 0.937526 9.9946E-05 9.9946E-05 0.0257254
9.9964E-05 0.0270407 0.000870598 9.9964E-05 0.100928 0.281855 9.9964E-05 9.9964E-05 0.588906
9.9964E-05 9.9964E-05 0.124585 9.9964E-05 0.0769139 0.0403202 9.9964E-05 0.116269 0.641513
0.0279662 9.9964E-05 9.9964E-05 9.9964E-05 0.0572425 0.305045 0.00903522 9.9964E-05 0.600311
9.9955E-05 0.00414296 9.9955E-05 9.9955E-05 9.9955E-05 0.415713 0.0776337 9.9955E-05 0.502011
0.0335757 9.9937E-05 9.9937E-05 9.9937E-05 9.9937E-05 9.9937E-05 9.9937E-05 9.9937E-05 0.965725
9.9964E-05 9.9964E-05 0.211355 0.0298697 9.9964E-05 0.193048 9.9964E-05 0.00849418 0.556833
9.9946E-05 9.9946E-05 9.9946E-05 9.9946E-05 0.108563 0.787293 9.9946E-05 9.9946E-05 0.103544
0.113973 9.9973E-05 0.0805006 9.9973E-05 0.0539715 0.0521114 0.0176432 9.9973E-05 0.6815
9.99731E-05 0.760376 9.99731E-05 0.00590416 0.0591451 9.99731E-05 0.101337 0.0169492 0.0559886
9.9946E-05 9.9946E-05 9.9946E-05 0.912602 0.0313604 9.9946E-05 9.9946E-05 9.9946E-05 0.0554381
9.99459E-05 0.112896 9.99459E-05 0.797307 9.99459E-05 9.99459E-05 9.99459E-05 9.99459E-05 0.0891967
0.0471337 0.714481 0.100528 9.9964E-05 0.0375737 9.9964E-05 0.0998837 9.9964E-05 9.9964E-05
0.240358 0.611061 0.0592976 9.9955E-05 0.0887841 9.9955E-05 9.9955E-05 9.9955E-05 9.9955E-05
0.999201 9.993E-05 9.993E-05 9.993E-05 9.993E-05 9.993E-05 9.993E-05 9.993E-05 9.993E-05
0.247287 9.99551E-05 0.0945245 0.106489 9.99551E-05 9.99551E-05 0.551199 9.99551E-05 9.99551E-05
0.316946 0.0485698 0.0884406 0.120097 9.9973E-05 9.9973E-05 0.415621 0.0100258 9.9973E-05
0.103684 0.28499 9.9964E-05 0.00723924 9.9964E-05 0.0149037 0.588783 9.9964E-05 9.9964E-05
0.361302 0.386324 9.99549E-05 0.0458427 9.99549E-05 9.99549E-05 0.206032 9.99549E-05 9.99549E-05
9.9955E-05 0.20248 9.9955E-05 9.9955E-05 9.9955E-05 0.0213397 0.734696 9.9955E-05 0.0409844
9.99371E-05 9.99371E-05 9.99371E-05 9.99371E-05 9.99371E-05 9.99371E-05 0.988023 9.99371E-05 0.0112779
9.996E-05 0.352185 0.0308038 9.996E-05 0.0498623 9.996E-05 0.529991 0.0367574 9.996E-05
0.0855751 0.181531 9.9973E-05 9.9973E-05 9.9973E-05 0.0601464 0.640541 0.0316855 0.000220697
0.340943 9.99549E-05 9.99549E-05 9.99549E-05 0.0688914 0.0612585 0.528408 9.99549E-05 9.99549E-05
0.0969092 0.0915487 0.0142833 9.9973E-05 0.128799 9.9973E-05 0.667932 0.000227677 9.9973E-05
9.9955E-05 0.21927 0.0425175 9.9955E-05 9.9955E-05 9.9955E-05 0.736351 9.9955E-05 0.00136244
9.9946E-05 0.304196 9.9946E-05 9.9946E-05 9.9946E-05 0.0387912 0.656413 9.9946E-05 9.9946E-05
9.9973E-05 0.0723893 0.0380803 0.255113 9.9973E-05 0.00242832 0.597488 0.0342018 9.9973E-05
0.175882 0.407284 9.9964E-05 0.28149 0.0994233 9.9964E-05 0.0355211 9.9964E-05 9.9964E-05
9.9955E-05 0.533345 9.9955E-05 0.38267 0.0682235 9.9955E-05 0.0152621 9.9955E-05 9.9955E-05
0.0332938 0.432033 9.9964E-05 0.419732 0.0185618 9.9964E-05 9.9964E-05 0.0959794 9.9964E-05
9.9937E-05 0.363236 9.9937E-05 0.636065 9.9937E-05 9.9937E-05 9.9937E-05 9.9937E-05 9.9937E-05
0.262283 0.699501 9.99459E-05 9.99459E-05 9.99459E-05 9.99459E-05 9.99459E-05 9.99459E-05 0.0376167
9.9946E-05 0.877675 9.9946E-05 9.9946E-05 0.085985 9.9946E-05 9.9946E-05 0.0357405 9.9946E-05
9.9946E-05 0.714473 9.9946E-05 9.9946E-05 0.171517 9.9946E-05 9.9946E-05 0.11341 9.9946E-05
0.00112838 0.917297 0.0347827 9.9964E-05 0.0410885 0.00530401 9.9964E-05 9.9964E-05 9.9964E-05
0.0509693 0.854335 0.0244352 9.9973E-05 9.9973E-05 9.9973E-05 0.0170526 0.0265309 0.0263772
9.9955E-05 0.699037 9.9955E-05 0.0775901 9.9955E-05 0.00380326 0.21907 9.9955E-05 9.9955E-05
9.9955E-05 0.818089 9.9955E-05 0.0404724 9.9955E-05 9.9955E-05 0.0557616 0.0851771 9.9955E-05
9.9955E-05 0.856985 9.9955E-05 0.0688412 9.9955E-05 9.9955E-05 0.0380607 0.0356133 9.9955E-05
0.103195 0.431768 9.9964E-05 0.162605 0.0490903 9.9964E-05 0.252942 9.9964E-05 9.9964E-05
9.996E-05 0.424694 9.996E-05 0.302726 0.138264 9.996E-05 0.131318 9.996E-05 0.00259829
0.16997 0.620953 9.9955E-05 9.9955E-05 9.9955E-05 9.9955E-05 0.0760331 0.132544 9.9955E-05
0.0823819 0.750581 9.99551E-05 9.99551E-05 9.99551E-05 9.99551E-05 0.115195 0.0513418 9.99551E-05
0.0834094 0.709779 9.99641E-05 0.118425 0.000969316 9.99641E-05 0.0870172 9.99641E-05 9.99641E-05
0.00760212 0.803026 9.9955E-05 0.12892 9.9955E-05 9.9955E-05 9.9955E-05 0.0599524 9.9955E-05
0.14545 0.645263 9.99549E-05 0.0229862 9.99549E-05 9.99549E-05 0.185801 9.99549E-05 9.99549E-05
0.109978 0.271738 9.995E-05 0.408575 9.995E-05 9.995E-05 9.995E-05 0.20921 9.995E-05
0.121803 0.318085 9.9964E-05 0.492658 9.9964E-05 9.9964E-05 0.013978 0.0530758 9.9964E-05
0.0385207 0.580428 9.9964E-05 0.307022 9.9964E-05 0.050484 9.9964E-05 0.0231452 9.9964E-05
9.9946E-05 0.737088 9.9946E-05 0.114397 9.9946E-05 9.9946E-05 0.147915 9.9946E-05 9.9946E-05
9.9982E-05 0.712701 0.000993187 0.0260671 9.9982E-05 0.0580079 0.103528 0.0685516 0.0299517
9.9955E-05 0.735376 9.9955E-05 0.0643421 9.9955E-05 9.9955E-05 0.0292514 0.170531 9.9955E-05
9.9964E-05 0.849251 9.9964E-05 0.0510335 0.0201207 0.0378022 0.0413928 9.9964E-05 9.9964E-05
9.9955E-05 0.604587 0.0965406 9.9955E-05 9.9955E-05 9.9955E-05 9.9955E-05 0.166027 0.132346
9.9946E-05 0.619988 9.9946E-05 9.9946E-05 9.9946E-05 0.146009 9.9946E-05 9.9946E-05 0.233403
0.0864454 0.753201 9.9955E-05 0.131784 0.0280704 9.9955E-05 9.9955E-05 9.9955E-05 9.9955E-05
0.0757604 0.325389 9.99459E-05 0.598251 9.99459E-05 9.99459E-05 9.99459E-05 9.99459E-05 9.99459E-05
0.0573783 0.424215 0.063354 0.347971 9.9982E-05 0.00646469 0.0121901 0.0882275 9.9982E-05
0.0432234 0.388675 9.9955E-05 0.481361 9.9955E-05 9.9955E-05 9.9955E-05 0.0862408 9.9955E-05
0.146597 0.0793642 9.9964E-05 0.746969 0.0188958 9.9964E-05 9.9964E-05 0.0077744 9.9964E-05
0.0842623 0.818278 9.9955E-05 0.0901314 9.9955E-05 9.9955E-05 9.9955E-05 9.9955E-05 0.00682836
9.9946E-05 0.274272 9.9946E-05 0.609115 9.9946E-05 9.9946E-05 0.116014 9.9946E-05 9.9946E-05
9.9955E-05 0.562822 0.00672526 0.300558 9.9955E-05 9.9955E-05 0.129395 9.9955E-05 9.9955E-05
0.178856 0.508439 9.99639E-05 0.213845 9.99639E-05 9.99639E-05 0.0372413 0.0612195 9.99639E-05
0.0829416 0.530874 9.9946E-05 0.385585 9.9946E-05 9.9946E-05 9.9946E-05 9.9946E-05 9.9946E-05
0.0842836 9.9955E-05 9.9955E-05 0.110139 9.9955E-05 0.751511 9.9955E-05 9.9955E-05 0.053567
0.0031384 9.9964E-05 0.0915577 0.0149595 9.9964E-05 0.528778 9.9964E-05 9.9964E-05 0.361166
0.051246 9.9982E-05 0.137444 0.0276445 0.0362441 0.55766 0.0028329 9.9982E-05 0.186729
0.15883 9.99639E-05 0.0282214 0.0601604 9.99639E-05 0.151556 9.99639E-05 9.99639E-05 0.600832
0.127385 0.053392 9.9964E-05 9.9964E-05 9.9964E-05 0.0861166 0.00544287 9.9964E-05 0.727263
0.00741155 9.9955E-05 0.0731277 9.9955E-05 9.9955E-05 0.177783 9.9955E-05 9.9955E-05 0.741178
9.9955E-05 9.9955E-05 0.224103 0.080466 9.9955E-05 0.375753 9.9955E-05 9.9955E-05 0.319177
0.0276681 9.9964E-05 0.321459 9.9964E-05 9.9964E-05 0.585135 0.0174 9.9964E-05 0.0479379
0.322537 9.99371E-05 9.99371E-05 9.99371E-05 9.99371E-05 0.676763 9.99371E-05 9.99371E-05 9.99371E-05
0.00537547 0.0914936 0.119643 9.99639E-05 9.99639E-05 0.175321 9.99639E-05 9.99639E-05 0.607767
9.99372E-05 9.99372E-05 9.99372E-05 9.99372E-05 9.99372E-05 9.99372E-05 9.99372E-05 0.0691697 0.930131
9.99371E-05 9.99371E-05 9.99371E-05 9.99371E-05 9.99371E-05 9.99371E-05 9.99371E-05 0.0950377 0.904263
9.99551E-05 0.0200074 0.0863344 9.99551E-05 9.99551E-05 9.99551E-05 0.0346991 9.99551E-05 0.858459
