0.0578191 0.407564 0.366437 9.9991E-05 0.16808
0.486567 0.120149 0.351886 9.9991E-05 0.0412979
0.0659228 0.281786 0.43787 9.9991E-05 0.21432
0.0112479 0.0975083 0.429107 0.0394405 0.422697
9.999E-05 0.204993 0.670174 0.046545 0.0781887
9.9982E-05 0.156439 0.371578 9.9982E-05 0.471783
0.59356 9.9973E-05 9.9973E-05 0.40614 9.9973E-05
0.348007 0.013434 0.151489 0.464967 0.0221035
0.425845 9.9973E-05 9.9973E-05 0.573855 9.9973E-05
0.360061 0.0687525 9.9991E-05 0.568506 0.00258036
0.529421 0.021528 9.9982E-05 0.448851 9.9982E-05
0.464743 0.139314 9.99819E-05 0.395743 9.99819E-05
0.288507 9.9973E-05 9.9973E-05 0.711193 9.9973E-05
0.227253 9.9982E-05 9.9982E-05 0.741946 0.0306009
0.462237 0.0189625 9.9982E-05 0.518601 9.9982E-05
0.55594 9.9973E-05 9.9973E-05 0.44376 9.9973E-05
0.0179029 0.332906 0.30533 0.0141835 0.329678
0.291282 9.9991E-05 0.0210137 0.00108084 0.686523
0.0112691 0.434524 9.9991E-05 0.0902521 0.463855
9.9991E-05 0.106156 0.148264 0.0786826 0.666797
0.0907965 9.9991E-05 0.176908 0.0224907 0.709704
0.0109811 9.9982E-05 9.9982E-05 0.0262386 0.96258
0.166128 0.717182 0.116489 9.9982E-05 9.9982E-05
9.9973E-05 0.730986 0.268714 9.9973E-05 9.9973E-05
9.9982E-05 0.796239 0.08128 9.9982E-05 0.122281
9.9982E-05 0.236781 0.165611 9.9982E-05 0.597409
9.9991E-05 0.377071 0.261636 0.118025 0.243168
9.9991E-05 0.222264 0.361393 0.108534 0.307709
0.201961 9.9982E-05 0.543181 9.9982E-05 0.254657
0.22262 9.9991E-05 0.336519 0.0259513 0.41481
0.445172 9.9973E-05 9.9973E-05 9.9973E-05 0.554528
0.151723 9.9991E-05 0.350985 0.0591206 0.438072
0.039197 9.9982E-05 0.299346 9.9982E-05 0.661257
9.9982E-05 0.810475 0.0132269 9.9982E-05 0.176098
0.232515 0.767186 9.9973E-05 9.9973E-05 9.9973E-05
0.0269093 0.280674 0.215564 0.0328838 0.44397
0.135813 0.447354 9.9991E-05 0.241627 0.175106
9.9991E-05 0.656368 0.0808825 0.0826151 0.180034
0.144155 0.353969 0.0351384 9.9991E-05 0.466637
9.9991E-05 0.358123 0.0598549 0.0128587 0.569063
0.110311 0.0810681 0.343667 9.9991E-05 0.464854
9.9991E-05 0.0345848 0.509725 0.0973209 0.358269
9.9982E-05 9.9982E-05 0.313861 0.139542 0.546397
0.0238206 0.237174 0.503743 0.15071 0.0845521
0.00356439 0.0243159 0.335933 9.9991E-05 0.636087
9.9982E-05 0.128984 0.1493 9.9982E-05 0.721516
0.238788 9.9982E-05 9.9982E-05 0.0526351 0.708377
0.512034 9.9982E-05 0.0607243 9.9982E-05 0.427042
0.666093 9.9982E-05 0.0396222 9.9982E-05 0.294085
0.380211 9.9982E-05 0.302604 9.9982E-05 0.316985
0.340495 9.9973E-05 9.9973E-05 9.9973E-05 0.659205
0.155831 0.24652 0.230777 0.0523382 0.314533
0.0897747 0.127958 0.0168661 0.0798886 0.685513
0.0184284 0.331709 0.0971031 9.9991E-05 0.55266
0.0853875 0.334142 0.114819 0.0018784 0.463772
9.9991E-05 0.155364 0.158935 0.0823279 0.603273
0.189355 0.349735 9.9982E-05 0.46071 9.9982E-05
0.104973 0.248118 9.9982E-05 0.646709 9.9982E-05
9.9982E-05 0.0470847 0.0679929 0.884722 9.9982E-05
0.239689 0.0464023 9.9991E-05 0.647946 0.0658626
0.23386 9.9973E-05 9.9973E-05 0.76584 9.9973E-05
0.179927 9.9982E-05 9.9982E-05 0.658679 0.161194
0.834114 0.0579831 9.9982E-05 0.107703 9.9982E-05
0.475775 0.162436 9.9982E-05 0.361589 9.9982E-05
0.384715 0.0918876 9.9982E-05 0.523198 9.9982E-05
0.28826 0.0372732 9.9982E-05 0.674267 9.9982E-05
0.251788 0.211106 9.9991E-05 0.517946 0.0190595
9.99731E-05 0.213735 9.99731E-05 0.785965 9.99731E-05
0.418078 0.1335 9.9982E-05 0.448222 9.9982E-05
0.207442 0.167903 9.9982E-05 0.624455 9.9982E-05
0.423947 0.209157 9.9982E-05 0.366696 9.9982E-05
0.134855 0.22147 9.9982E-05 0.643475 9.9982E-05
0.478735 0.14041 9.9982E-05 0.380655 9.9982E-05
0.0957496 9.9991E-05 0.00398122 0.753591 0.146578
9.9982E-05 0.0764446 9.9982E-05 0.736494 0.186861
0.0975799 9.9982E-05 9.9982E-05 0.785106 0.117114
0.170668 0.00970211 0.0416519 0.777878 9.9991E-05
9.9973E-05 9.9973E-05 0.051925 0.947775 9.9973E-05
0.132916 0.0329483 9.9982E-05 0.833936 9.9982E-05
0.49213 0.0348145 9.9982E-05 0.472855 9.9982E-05
0.100287 9.9982E-05 9.9982E-05 0.739817 0.159696
9.9991E-05 0.0274679 0.776107 0.0690231 0.127302
0.179047 0.0722192 0.748533 9.9982E-05 9.9982E-05
0.166024 0.030091 0.787621 0.0161635 9.9991E-05
9.9991E-05 0.0336821 0.77871 0.107377 0.0801305
0.139909 9.9991E-05 0.698494 0.0331594 0.128338
0.725563 9.99731E-05 0.274137 9.99731E-05 9.99731E-05
0.228127 9.9991E-05 0.568992 0.0243613 0.178419
0.250648 0.00313634 0.47688 0.00470968 0.264626
0.00523865 9.9991E-05 0.704827 0.0501694 0.239665
0.226584 9.9973E-05 0.773116 9.9973E-05 9.9973E-05
9.9982E-05 9.9982E-05 0.652053 0.179646 0.168101
9.9982E-05 9.9982E-05 0.492433 0.0861499 0.421218
9.9991E-05 0.0883653 0.546061 0.0566178 0.308856
0.00615811 0.0450242 0.564147 0.076615 0.308055
0.249459 9.9982E-05 0.300786 9.9982E-05 0.449555
0.0593536 9.9982E-05 0.471218 9.9982E-05 0.469228
9.9982E-05 9.9982E-05 0.630669 0.151195 0.217937
9.9991E-05 0.0366317 0.626417 0.102461 0.23439
9.9991E-05 0.0999799 0.623888 0.0509838 0.225048
0.178897 9.9982E-05 0.675682 9.9982E-05 0.145221
0.020292 9.9982E-05 0.843722 9.9982E-05 0.135786
0.0406154 0.148812 0.810372 9.9982E-05 9.9982E-05
0.102868 0.0302143 0.866718 9.9982E-05 9.9982E-05
0.102936 9.9982E-05 0.832651 0.0642133 9.9982E-05
9.9991E-05 0.0789128 0.812882 0.0363769 0.0717287
9.9991E-05 0.15351 0.708791 0.00505259 0.132547
9.9982E-05 9.9982E-05 0.900777 0.0834854 0.0155375
9.9982E-05 0.046066 0.865282 0.0884516 9.9982E-05
9.9991E-05 0.0298668 0.892864 0.0344323 0.0427364
9.9982E-05 0.107655 0.836363 0.0557818 9.9982E-05
9.9973E-05 0.104593 0.895107 9.9973E-05 9.9973E-05
0.051071 9.9982E-05 0.712943 9.9982E-05 0.235786
0.0415391 9.9991E-05 0.749407 0.063675 0.145279
0.0667247 0.137535 0.708726 9.9991E-05 0.0869139
9.9991E-05 0.0706351 0.788711 0.0282699 0.112284
0.00978368 9.9991E-05 0.876302 0.0193337 0.0944808
9.9982E-05 0.147957 0.851485 0.000357207 9.9982E-05
0.0398825 9.9991E-05 0.869576 0.00182822 0.0886132
0.126465 0.277207 0.596128 9.9982E-05 9.9982E-05
0.168103 0.107643 0.724054 9.9982E-05 9.9982E-05
0.0661064 0.133871 0.799822 9.9982E-05 9.9982E-05
9.9973E-05 9.9973E-05 0.977764 0.0219358 9.9973E-05
9.9991E-05 0.0495093 0.7831 0.130561 0.0367294
9.9982E-05 0.178989 0.778089 0.0427223 9.9982E-05
9.9982E-05 0.017656 0.926845 0.0552993 9.9982E-05
9.9982E-05 0.25114 0.505633 0.243027 9.9982E-05
9.9973E-05 9.9973E-05 0.616216 0.383484 9.9973E-05
0.0774337 9.9982E-05 0.904853 0.0175136 9.9982E-05
0.184027 0.0023352 0.813437 9.9982E-05 9.9982E-05
0.13284 0.124767 0.742193 9.9982E-05 9.9982E-05
0.118126 0.117751 0.763923 9.9982E-05 9.9982E-05
0.295427 0.0405757 0.663797 9.9982E-05 9.9982E-05
9.9973E-05 9.9973E-05 0.950916 0.0487839 9.9973E-05
0.115257 0.0920835 0.792459 9.9982E-05 9.9982E-05
9.9991E-05 0.0141552 0.892468 0.0367322 0.0565451
0.122148 0.0318141 0.73987 9.9991E-05 0.106068
0.179142 9.9973E-05 0.820558 9.9973E-05 9.9973E-05
0.591918 0.0662922 9.9982E-05 0.34159 9.9982E-05
0.302638 0.0749176 9.9982E-05 0.622245 9.9982E-05
0.400059 0.0198076 9.9982E-05 0.579934 9.9982E-05
0.165447 9.9991E-05 0.104613 0.670413 0.0594271
0.0790304 9.9982E-05 0.154769 0.766001 9.9982E-05
0.0763721 9.9982E-05 0.0333408 0.890087 9.9982E-05
0.347598 0.0555047 0.00128278 0.595514 9.9991E-05
0.528371 9.99729E-05 9.99729E-05 0.471329 9.99729E-05
0.909625 9.99731E-05 9.99731E-05 0.0900756 9.99731E-05
0.122198 9.9982E-05 0.109888 0.767714 9.9982E-05
9.99821E-05 0.0106992 9.99821E-05 0.983813 0.00528807
9.9973E-05 9.9973E-05 9.9973E-05 0.944329 0.0553708
9.9973E-05 9.9973E-05 9.9973E-05 0.922683 0.0770174
