9.9973E-05 0.343422 0.048217 0.227093 0.291572 9.9973E-05 0.0893966 9.9973E-05
9.999E-05 0.450065 0.0252875 0.127008 0.0142625 0.130981 0.0191601 0.233135
9.9982E-05 0.137232 9.9982E-05 0.328117 0.196267 0.000921706 0.213245 0.124018
0.0185834 0.180384 0.0382113 0.600163 0.128311 0.0341471 9.9982E-05 9.9982E-05
9.9955E-05 9.9955E-05 9.9955E-05 0.292285 0.144711 9.9955E-05 0.562504 9.9955E-05
9.9964E-05 0.174672 9.9964E-05 0.559479 0.234494 9.9964E-05 0.0309549 9.9964E-05
9.9964E-05 0.013524 0.65814 9.9964E-05 9.9964E-05 0.119882 9.9964E-05 0.208054
0.014504 0.000757038 0.5558 9.9991E-05 0.0619224 0.0472797 0.172399 0.147238
9.996E-05 9.996E-05 0.84438 0.0512116 9.996E-05 0.0280467 9.996E-05 0.075962
9.9964E-05 9.9964E-05 0.825153 9.9964E-05 0.00277571 0.0550612 9.9964E-05 0.11661
9.9973E-05 0.0802138 0.730363 0.00499094 9.9973E-05 0.00386338 9.9973E-05 0.180269
9.995E-05 9.995E-05 0.284972 9.995E-05 9.995E-05 9.995E-05 0.0563129 0.658216
0.174019 9.9964E-05 0.632236 9.9964E-05 9.9964E-05 9.9964E-05 0.00553875 0.187806
0.110813 9.9955E-05 0.866368 9.9955E-05 0.0223201 9.9955E-05 9.9955E-05 9.9955E-05
9.9964E-05 0.0125667 0.760698 9.9964E-05 9.9964E-05 0.0947169 9.9964E-05 0.131618
9.9964E-05 0.0615075 0.657501 9.9964E-05 9.9964E-05 0.0366295 9.9964E-05 0.243962
9.9964E-05 9.9964E-05 9.9964E-05 9.9964E-05 0.548183 0.11241 0.333312 0.00569498
0.103596 0.0295629 9.9964E-05 9.9964E-05 0.292279 0.574162 9.9964E-05 9.9964E-05
9.9973E-05 0.0146683 9.9973E-05 0.128777 0.638023 0.116687 9.9973E-05 0.101544
0.0479167 9.9982E-05 0.0178352 0.124033 0.590607 0.0751447 0.144264 9.9982E-05
0.0038492 9.9982E-05 0.0272728 0.000583613 0.314897 0.430174 0.223023 9.9982E-05
9.9955E-05 9.9955E-05 9.9955E-05 0.0351759 0.614266 0.350059 9.9955E-05 9.9955E-05
9.9964E-05 0.242952 9.9964E-05 9.9964E-05 0.464984 9.9964E-05 0.0846172 0.207047
9.9964E-05 0.273095 9.9964E-05 9.9964E-05 0.506059 9.9964E-05 0.191024 0.029422
9.9973E-05 0.156209 0.0180949 0.124101 0.663138 9.9973E-05 0.0381571 9.9973E-05
9.9973E-05 0.239888 0.000145195 0.207994 0.544238 9.9973E-05 0.0074354 9.9973E-05
0.0735943 9.9955E-05 9.9955E-05 9.9955E-05 0.568449 9.9955E-05 0.357457 9.9955E-05
9.9964E-05 9.9964E-05 0.0525667 0.0257693 0.5079 9.9964E-05 0.413364 9.9964E-05
9.9973E-05 0.134831 0.0890557 9.9973E-05 0.0922035 0.308288 0.375323 9.9973E-05
9.9982E-05 0.0287159 0.159787 0.0822226 0.0721343 0.38305 0.27389 9.9982E-05
9.9964E-05 9.9964E-05 9.9964E-05 0.354517 0.00659602 0.365472 9.9964E-05 0.273015
9.9973E-05 9.9973E-05 9.9973E-05 0.31289 0.0807869 0.184827 0.249581 0.171616
9.9964E-05 9.9964E-05 9.9964E-05 0.423233 0.214959 0.20937 0.152038 9.9964E-05
9.9964E-05 0.274912 0.0136875 9.9964E-05 0.700586 9.9964E-05 9.9964E-05 0.0104143
9.9955E-05 0.236934 9.9955E-05 9.9955E-05 0.458375 9.9955E-05 9.9955E-05 0.304191
9.9973E-05 9.9973E-05 9.9973E-05 0.060059 0.534873 0.0269994 0.243315 0.134453
0.1362 9.9973E-05 9.9973E-05 0.218604 0.328312 0.00856853 9.9973E-05 0.308016
9.9973E-05 0.0652997 9.9973E-05 0.026816 0.70474 9.9973E-05 0.125519 0.0773255
0.0229769 0.255452 0.0479084 9.9973E-05 0.568908 0.104455 9.9973E-05 9.9973E-05
0.0283948 9.9973E-05 9.9973E-05 0.0614103 0.739687 0.067145 0.103063 9.9973E-05
9.9955E-05 0.570618 9.9955E-05 0.297152 0.13173 9.9955E-05 9.9955E-05 9.9955E-05
0.103169 0.254852 9.9973E-05 0.426608 0.158554 9.9973E-05 0.0565168 9.9973E-05
0.0993529 9.9964E-05 9.9964E-05 0.598973 0.173941 0.127333 9.9964E-05 9.9964E-05
0.114625 0.480689 0.0354288 0.222453 0.146504 9.9973E-05 9.9973E-05 9.9973E-05
9.9964E-05 0.229613 0.0407558 0.462732 0.266499 9.9964E-05 9.9964E-05 9.9964E-05
9.9964E-05 0.0600985 9.9964E-05 0.517405 0.345166 0.0769311 9.9964E-05 9.9964E-05
0.0866381 9.9955E-05 9.9955E-05 9.9955E-05 0.397458 0.515404 9.9955E-05 9.9955E-05
9.9964E-05 0.0623036 9.9964E-05 9.9964E-05 0.07292 0.739844 9.9964E-05 0.124533
9.9955E-05 0.0393404 9.9955E-05 9.9955E-05 9.9955E-05 0.941209 9.9955E-05 0.0189507
9.9955E-05 0.275688 9.9955E-05 9.9955E-05 0.0644111 0.659401 9.9955E-05 9.9955E-05
0.00412595 9.99639E-05 0.00777216 9.99639E-05 0.272755 0.714947 9.99639E-05 9.99639E-05
9.9964E-05 0.36353 0.1212 9.9964E-05 0.417178 0.0976912 9.9964E-05 9.9964E-05
0.0792147 9.9964E-05 9.9964E-05 9.9964E-05 0.501445 0.399354 0.0195865 9.9964E-05
0.00220069 0.311463 9.9964E-05 9.9964E-05 0.627457 0.0584798 9.9964E-05 9.9964E-05
9.9973E-05 0.322157 0.0471602 9.9973E-05 0.599708 0.0235447 9.9973E-05 0.00713014
0.0360737 9.9973E-05 9.9973E-05 0.2234 0.61785 0.0171518 0.105224 9.9973E-05
0.231945 0.13167 0.326334 9.9973E-05 0.148467 9.9973E-05 9.9973E-05 0.161284
0.264901 0.0466038 0.52463 9.9982E-05 0.0941509 9.9982E-05 0.00499976 0.0645153
0.90534 0.0531741 0.0162372 9.9964E-05 9.9964E-05 9.9964E-05 0.0248491 9.9964E-05
0.531135 0.128475 0.0995473 9.9964E-05 9.9964E-05 9.9964E-05 9.9964E-05 0.240443
0.611349 0.0240113 0.0823058 9.9964E-05 9.9964E-05 9.9964E-05 9.9964E-05 0.281934
0.671437 0.0322617 9.9964E-05 9.9964E-05 9.9964E-05 0.112037 9.9964E-05 0.183864
9.99459E-05 9.99459E-05 9.99459E-05 9.99459E-05 9.99459E-05 0.220666 9.99459E-05 0.778734
0.0502029 9.9964E-05 9.9964E-05 0.0924929 0.0347509 9.9964E-05 9.9964E-05 0.822153
0.0572165 9.9964E-05 0.434337 0.0633257 9.9964E-05 9.9964E-05 9.9964E-05 0.444721
0.127734 9.9964E-05 0.729308 9.9964E-05 9.9964E-05 0.00380007 9.9964E-05 0.138758
0.120393 9.9964E-05 0.379481 9.9964E-05 0.185716 9.9964E-05 9.9964E-05 0.314011
0.434282 9.99552E-05 0.473795 9.99552E-05 0.0914236 9.99552E-05 9.99552E-05 9.99552E-05
0.163745 0.0661302 0.252688 9.9973E-05 0.0356017 9.9973E-05 9.9973E-05 0.481535
0.339293 9.9964E-05 0.16817 9.9964E-05 0.100224 9.9964E-05 9.9964E-05 0.391914
0.0122793 9.9973E-05 0.133297 0.0958959 0.0374816 9.9973E-05 9.9973E-05 0.720746
0.436338 9.9964E-05 0.0911595 9.9964E-05 0.118138 9.9964E-05 9.9964E-05 0.353965
0.0359491 9.9973E-05 0.00374086 9.9973E-05 0.0148116 9.9973E-05 0.0559815 0.889217
0.664564 9.9973E-05 0.0458188 9.9973E-05 9.9973E-05 0.081544 0.0302365 0.177537
0.631164 9.9982E-05 0.0989472 0.0448125 0.151679 0.0205429 9.9982E-05 0.0526538
0.678883 9.9964E-05 9.9964E-05 0.0299791 9.9964E-05 0.0759037 9.9964E-05 0.214834
0.524333 9.995E-05 9.995E-05 0.0931403 9.995E-05 9.995E-05 9.995E-05 0.382027
0.955903 9.9946E-05 9.9946E-05 0.0434974 9.9946E-05 9.9946E-05 9.9946E-05 9.9946E-05
0.621586 0.042147 0.231898 9.9964E-05 9.9964E-05 9.9964E-05 9.9964E-05 0.10397
0.168477 9.9964E-05 0.0721116 9.9964E-05 9.9964E-05 0.0968989 9.9964E-05 0.662112
0.731836 9.9973E-05 0.0428505 0.0574106 9.9973E-05 0.119554 9.9973E-05 0.0480495
0.00640454 9.99641E-05 9.99641E-05 0.0501226 0.124429 9.99641E-05 0.818644 9.99641E-05
0.106784 0.735467 9.9955E-05 9.9955E-05 9.9955E-05 9.9955E-05 0.157249 9.9955E-05
0.106692 0.662151 9.9955E-05 9.9955E-05 9.9955E-05 9.9955E-05 0.230657 9.9955E-05
9.9964E-05 9.9964E-05 0.0674157 0.122418 9.9964E-05 0.110525 0.699241 9.9964E-05
9.9964E-05 0.0124406 0.0558708 9.9964E-05 9.9964E-05 0.327898 0.60339 9.9964E-05
9.99551E-05 0.22308 9.99551E-05 9.99551E-05 9.99551E-05 0.67368 9.99551E-05 0.102741
9.9973E-05 0.264036 0.0311398 0.564138 9.9973E-05 0.109624 9.9973E-05 0.030763
9.9973E-05 0.374525 0.0647532 0.408716 9.9973E-05 0.149958 9.9973E-05 0.00174831
9.9964E-05 0.0271178 9.9964E-05 0.572229 9.9964E-05 0.0987048 0.301549 9.9964E-05
9.9964E-05 0.277491 9.9964E-05 0.194773 9.9964E-05 0.187367 0.339969 9.9964E-05
0.0633202 9.9955E-05 9.9955E-05 0.776865 9.9955E-05 9.9955E-05 0.159315 9.9955E-05
0.00257359 9.9955E-05 9.9955E-05 0.911347 0.0855797 9.9955E-05 9.9955E-05 9.9955E-05
9.99729E-05 9.99729E-05 0.0451788 0.542565 0.0490209 0.00228397 0.360651 9.99729E-05
9.9982E-05 0.0254476 9.9982E-05 0.726206 0.0358161 0.0324569 0.167826 0.0120476
9.99459E-05 9.99459E-05 9.99459E-05 0.609891 9.99459E-05 0.389509 9.99459E-05 9.99459E-05
9.9973E-05 0.0227792 9.9973E-05 0.700357 0.0612511 0.130333 0.0849795 9.9973E-05
0.0443241 9.9964E-05 0.00711542 0.57259 9.9964E-05 9.9964E-05 0.375571 9.9964E-05
0.0140974 9.9964E-05 9.9964E-05 0.704899 0.0440322 9.9964E-05 0.236571 9.9964E-05
9.9973E-05 0.178725 0.0128978 0.526899 0.103194 9.9973E-05 0.177985 9.9973E-05
9.9973E-05 0.241494 0.0492566 9.9973E-05 0.0341506 0.262481 0.412317 9.9973E-05
9.9973E-05 0.379864 9.9973E-05 0.00962595 0.00184702 0.0685293 0.539834 9.9973E-05
9.9955E-05 0.488002 9.9955E-05 9.9955E-05 9.9955E-05 0.048282 0.463216 9.9955E-05
9.9955E-05 0.547653 9.9955E-05 9.9955E-05 9.9955E-05 0.00937425 0.442473 9.9955E-05
9.9955E-05 9.9955E-05 9.9955E-05 9.9955E-05 9.9955E-05 0.219627 0.754829 0.025044
9.9955E-05 9.9955E-05 9.9955E-05 9.9955E-05 0.0915687 0.0487339 0.859198 9.9955E-05
9.9964E-05 0.027396 9.9964E-05 9.9964E-05 0.224088 0.0460768 0.70204 9.9964E-05
9.99551E-05 9.99551E-05 0.0248839 9.99551E-05 9.99551E-05 0.0347134 0.939903 9.99551E-05
9.9964E-05 9.9964E-05 0.0216688 0.106936 9.9964E-05 0.0399923 0.831004 9.9964E-05
9.9964E-05 0.0351421 9.9964E-05 0.268622 9.9964E-05 9.9964E-05 0.685809 0.0100273
9.9955E-05 0.0308325 9.9955E-05 9.9955E-05 0.136035 9.9955E-05 0.832633 9.9955E-05
9.9955E-05 0.102499 9.9955E-05 0.0503287 9.9955E-05 9.9955E-05 0.846672 9.9955E-05
9.9973E-05 0.260388 9.9973E-05 0.21253 0.0315628 0.175025 0.320194 9.9973E-05
0.0580649 0.203314 9.9982E-05 0.101484 0.0237638 0.0862633 0.52691 9.9982E-05
9.9973E-05 0.111548 9.9973E-05 0.184664 0.0252304 0.118217 0.560041 9.9973E-05
9.99731E-05 0.0369284 9.99731E-05 0.193431 9.99731E-05 0.0812393 0.679068 0.00903359
9.99731E-05 0.0652236 0.00599217 0.0929114 9.99731E-05 0.054387 0.781186 9.99731E-05
9.9973E-05 0.132759 9.9973E-05 9.9973E-05 0.0395476 0.00328018 0.814403 0.00971024
9.99639E-05 0.0860624 9.99639E-05 0.122259 9.99639E-05 0.0995937 0.691685 9.99639E-05
9.9964E-05 0.687471 9.9964E-05 9.9964E-05 0.00461683 9.9964E-05 0.264175 0.0433365
9.9964E-05 0.653591 9.9964E-05 0.104195 9.9964E-05 9.9964E-05 0.205449 0.0363649
0.0117473 0.402509 9.9973E-05 0.00376865 9.9973E-05 9.9973E-05 0.537516 0.0441588
9.9955E-05 0.0401309 9.9955E-05 0.175883 9.9955E-05 9.9955E-05 0.783486 9.9955E-05
0.017748 9.9982E-05 0.00484366 0.156436 0.0621916 9.9982E-05 0.722843 0.0357376
0.0172923 0.152787 9.9982E-05 0.142454 0.0173491 9.9982E-05 0.667101 0.00281594
9.9982E-05 0.00477456 9.9982E-05 0.0326499 0.0258202 0.00643688 0.899123 0.0309957
0.0531705 9.9964E-05 0.201523 9.9964E-05 0.0811991 9.9964E-05 0.663708 9.9964E-05
0.268875 9.9955E-05 9.9955E-05 9.9955E-05 9.9955E-05 9.9955E-05 0.624204 0.106421
9.9955E-05 0.104947 9.9955E-05 9.9955E-05 9.9955E-05 0.100029 0.794524 9.9955E-05
9.9955E-05 0.608923 9.9955E-05 9.9955E-05 9.9955E-05 0.104519 0.286058 9.9955E-05
9.9964E-05 0.438878 9.9964E-05 0.0565244 9.9964E-05 9.9964E-05 0.436857 0.0673408
9.9964E-05 0.59461 0.0285307 0.0142471 9.9964E-05 9.9964E-05 0.362212 9.9964E-05
9.9955E-05 0.837348 9.9955E-05 9.9955E-05 9.9955E-05 0.0878501 0.0743025 9.9955E-05
9.9955E-05 0.0609416 9.9955E-05 9.9955E-05 9.9955E-05 0.0860023 0.852556 9.9955E-05
9.9955E-05 0.58992 9.9955E-05 0.0905428 9.9955E-05 9.9955E-05 0.319037 9.9955E-05
9.9964E-05 0.260319 9.9964E-05 0.122887 0.00419446 9.9964E-05 0.6122 9.9964E-05
9.9964E-05 0.296975 9.9964E-05 0.105694 9.9964E-05 0.124165 0.472767 9.9964E-05
9.9964E-05 0.307958 9.9964E-05 9.9964E-05 9.9964E-05 0.0415541 0.606825 0.0432637
0.0791805 0.100804 9.9964E-05 9.9964E-05 9.9964E-05 0.0648478 9.9964E-05 0.754768
0.458594 9.996E-05 0.0453641 9.996E-05 9.996E-05 0.0402368 9.996E-05 0.455406
0.28059 0.0165877 0.168457 9.9973E-05 9.9973E-05 0.16095 9.9973E-05 0.373116
0.628864 0.0834576 0.100454 9.99729E-05 9.99729E-05 0.153998 9.99729E-05 0.0329262
0.750847 0.00322613 0.0523776 9.9982E-05 9.9982E-05 0.0404254 0.0975646 0.0553591
0.793942 9.9964E-05 0.0730386 9.9964E-05 9.9964E-05 9.9964E-05 0.0103167 0.122303
0.359119 0.0719426 0.209365 9.9964E-05 9.9964E-05 9.9964E-05 9.9964E-05 0.359174
0.0997767 9.9955E-05 0.17944 9.9955E-05 9.9955E-05 9.9955E-05 9.9955E-05 0.720283
9.99552E-05 0.0804262 9.99552E-05 9.99552E-05 9.99552E-05 0.0528939 9.99552E-05 0.86618
0.633624 9.9964E-05 0.101873 9.9964E-05 9.9964E-05 9.9964E-05 0.10527 0.158833
0.806125 9.99551E-05 0.126432 9.99551E-05 0.0669431 9.99551E-05 9.99551E-05 9.99551E-05
0.947063 9.99518E-05 9.99518E-05 9.99518E-05 0.0523374 9.99518E-05 9.99518E-05 9.99518E-05
0.834108 9.9964E-05 0.13089 0.0298487 0.00475325 9.9964E-05 9.9964E-05 9.9964E-05
