0.0509342 9.9991E-05 0.426446 0.386357 0.136163
0.0480082 9.9991E-05 0.117459 0.360368 0.474065
0.245124 9.9991E-05 0.319732 0.314415 0.120628
0.524171 9.9991E-05 0.284173 0.115957 0.0755985
0.161009 0.0304479 0.200455 0.607988 9.9991E-05
0.394612 9.9982E-05 0.41543 0.189758 9.9982E-05
9.9973E-05 0.429126 9.9973E-05 9.9973E-05 0.570574
9.9991E-05 0.51463 0.0692029 0.158598 0.25747
9.9973E-05 0.625232 9.9973E-05 9.9973E-05 0.374468
9.9982E-05 0.608336 0.0186609 9.9982E-05 0.372803
9.99729E-05 0.519964 9.99729E-05 9.99729E-05 0.479736
9.99819E-05 0.511919 9.99819E-05 0.0352332 0.452648
9.9973E-05 0.756884 9.9973E-05 9.9973E-05 0.242816
9.9982E-05 0.776264 0.0506929 9.9982E-05 0.172843
9.9973E-05 0.572283 9.9973E-05 9.9973E-05 0.427417
9.9973E-05 0.500464 9.9973E-05 9.9973E-05 0.499236
0.0165027 0.00856549 0.569515 0.335953 0.0694638
0.12596 0.0355113 0.44456 0.0332076 0.360761
0.101189 0.0524978 0.753226 9.9991E-05 0.0929876
0.219369 0.0666451 0.667355 0.0465303 9.9991E-05
0.238949 9.9991E-05 0.431218 0.146482 0.18325
0.182275 9.9982E-05 0.662346 9.9982E-05 0.155178
9.999E-05 0.0385585 0.534811 0.205098 0.221432
9.9982E-05 0.0498304 0.595972 0.353998 9.9982E-05
0.0183102 0.00857066 0.850898 0.122121 9.9991E-05
0.191072 9.9982E-05 0.714111 0.0946174 9.9982E-05
9.9982E-05 0.106071 0.603617 0.290112 9.9982E-05
0.145128 0.108513 0.437607 0.308651 9.9991E-05
0.00309093 9.9991E-05 0.219576 0.574066 0.203168
0.159761 0.0648301 0.182657 0.313518 0.279234
0.426413 9.9982E-05 0.0738869 9.9982E-05 0.4995
0.410027 0.0204145 0.211169 0.173808 0.184582
0.395353 9.9991E-05 0.299445 0.166297 0.138805
9.9991E-05 0.0100312 0.859565 0.0527948 0.0775095
9.9973E-05 9.9973E-05 0.647867 9.9973E-05 0.351833
0.138739 0.0264623 0.564397 0.174097 0.0963043
0.225512 0.269865 0.388071 9.9991E-05 0.116452
0.0154717 0.107846 0.738899 0.085473 0.0523101
0.122771 0.016003 0.678748 9.9991E-05 0.182378
0.183019 0.0276783 0.766654 9.9991E-05 0.0225484
0.39673 9.9991E-05 0.242843 0.194931 0.165396
0.468537 0.0141984 0.246176 0.270989 9.9991E-05
0.699174 0.0859216 0.20638 9.9991E-05 0.00842391
0.227956 0.119082 0.206731 0.40734 0.0388915
0.457682 9.9991E-05 0.36597 0.129866 0.0463828
0.521525 9.9982E-05 0.444587 9.9982E-05 0.0336882
9.9982E-05 0.0341152 0.55152 9.9982E-05 0.414165
0.155213 9.9991E-05 0.171681 0.0847791 0.588227
0.0923092 9.9991E-05 0.135276 0.0490711 0.723244
0.0683323 9.9991E-05 0.172453 0.282661 0.476454
0.180216 9.9982E-05 0.392212 9.9982E-05 0.427372
9.9991E-05 0.0231451 0.546724 0.196739 0.233292
9.9991E-05 0.0513893 0.689928 0.0696003 0.188983
9.9991E-05 0.0123363 0.762878 0.100078 0.124608
9.9982E-05 9.9982E-05 0.760923 0.0840589 0.154818
0.227721 0.0291212 0.722952 0.0201055 9.9991E-05
9.9991E-05 0.536104 0.19776 0.0752445 0.190792
9.9991E-05 0.728173 0.107865 0.079407 0.0844543
9.9982E-05 0.92142 0.0331015 0.0452782 9.9982E-05
9.9982E-05 0.714516 0.0624268 9.9982E-05 0.222857
9.9982E-05 0.837172 9.9982E-05 0.022869 0.139759
0.0469962 0.73906 0.048335 9.9991E-05 0.165509
9.99729E-05 0.209333 9.99729E-05 9.99729E-05 0.790367
0.0684412 0.434799 0.0366898 9.9991E-05 0.45997
0.0169627 0.601123 9.9982E-05 9.9982E-05 0.381715
9.9973E-05 0.745309 9.9973E-05 9.9973E-05 0.254391
0.0214353 0.604166 0.127861 9.9991E-05 0.246438
9.99821E-05 0.900399 0.0820776 9.99821E-05 0.0173238
9.9982E-05 0.512292 0.0252307 9.9982E-05 0.462277
9.9982E-05 0.722392 0.0399465 9.9982E-05 0.237462
9.9982E-05 0.48973 0.0846287 9.9982E-05 0.425441
0.0140544 0.756167 0.0812375 9.9991E-05 0.148441
9.9982E-05 0.483538 9.9982E-05 0.0310585 0.485203
0.0923045 0.825278 9.9982E-05 9.9982E-05 0.0822173
0.0247903 0.808932 0.166078 9.9982E-05 9.9982E-05
0.130797 0.789953 9.9982E-05 9.9982E-05 0.0790503
0.161419 0.718558 9.9982E-05 9.9982E-05 0.119823
0.0692657 0.930434 9.9973E-05 9.9973E-05 9.9973E-05
9.9982E-05 0.859176 0.0126605 9.9982E-05 0.127964
9.9982E-05 0.527404 0.00805465 9.9982E-05 0.464342
0.175728 0.755682 9.9982E-05 9.9982E-05 0.06839
0.0106944 0.0543632 0.137189 0.797653 9.9991E-05
9.9991E-05 0.0164091 0.0470043 0.759948 0.176539
9.9982E-05 0.0494639 9.9982E-05 0.860631 0.089705
0.16269 0.103507 0.00274866 0.730954 9.9991E-05
0.168093 9.9991E-05 0.0187316 0.655664 0.157411
0.0862979 9.9982E-05 9.9982E-05 0.226662 0.68684
0.565371 0.0120238 9.9991E-05 0.206887 0.215618
0.551171 9.9982E-05 9.9982E-05 0.228685 0.219944
0.629675 9.9982E-05 9.9982E-05 0.319286 0.0508389
0.272524 9.9982E-05 9.9982E-05 0.535254 0.192021
0.762022 0.0491334 9.9982E-05 0.188645 9.9982E-05
0.896227 9.9982E-05 0.0694472 0.0341258 9.9982E-05
0.461923 9.9982E-05 0.184593 0.353284 9.9982E-05
0.689966 0.00421139 0.0504747 0.255248 9.9991E-05
0.728746 9.9973E-05 9.9973E-05 9.9973E-05 0.270954
0.721638 9.9991E-05 0.115438 0.144584 0.0182406
0.676795 0.0580931 9.9982E-05 0.264912 9.9982E-05
0.644852 0.0222553 0.0802962 0.252496 9.9991E-05
0.459089 9.9982E-05 0.122964 0.417747 9.9982E-05
0.01769 9.9991E-05 0.143104 0.679135 0.159972
9.9982E-05 9.9982E-05 0.0867721 0.891959 0.0210687
9.9982E-05 9.9982E-05 0.124025 0.849731 0.0260447
9.9982E-05 9.9982E-05 0.0356134 0.877857 0.0863294
0.117155 0.0325296 9.9991E-05 0.759216 0.0909998
0.0519075 0.0299118 0.134377 0.783704 9.9991E-05
9.9973E-05 9.9973E-05 0.31921 0.68049 9.9973E-05
0.0441584 0.0569148 9.9982E-05 0.898727 9.9982E-05
0.087835 0.0690745 0.0255506 0.81744 9.9991E-05
0.175941 0.0135505 0.0475352 0.762874 9.9991E-05
0.0775497 0.027878 0.105011 0.789461 9.9991E-05
0.0187096 9.9982E-05 0.0407295 0.940361 9.9982E-05
0.149538 9.9991E-05 0.148862 0.629408 0.0720929
0.0781939 0.0763459 0.0606858 0.731008 0.0537665
0.139789 9.9991E-05 0.0944163 0.682935 0.0827598
0.258165 0.00172509 0.0167619 0.723248 9.9991E-05
0.125643 0.0127831 9.9982E-05 0.861374 9.9982E-05
0.00467354 0.0134743 0.0631605 0.918592 9.9991E-05
0.249091 9.9982E-05 9.9982E-05 0.72228 0.0284289
9.9973E-05 9.9973E-05 9.9973E-05 0.826687 0.173014
0.114079 9.9982E-05 9.9982E-05 0.68952 0.196202
0.0122027 9.9991E-05 0.0181531 0.861352 0.108192
0.15983 0.00927334 9.9982E-05 0.830696 9.9982E-05
0.192669 0.094469 0.0368774 0.675885 9.9991E-05
0.103926 0.0680694 0.0669375 0.760967 9.9991E-05
0.0986583 0.0419586 9.9982E-05 0.859183 9.9982E-05
9.9982E-05 0.277348 0.138283 0.584169 9.9982E-05
9.9982E-05 0.382566 0.0350511 0.582183 9.9982E-05
0.0276181 9.9982E-05 9.9982E-05 0.906633 0.0655489
9.9973E-05 9.9973E-05 9.9973E-05 0.811003 0.188697
0.0803675 9.9982E-05 9.9982E-05 0.724503 0.194929
0.0371499 9.9982E-05 9.9982E-05 0.820442 0.142209
9.9982E-05 9.9982E-05 0.00386026 0.72523 0.27071
0.0538481 0.0327935 9.9982E-05 0.913159 9.9982E-05
0.0418527 9.9991E-05 0.0358538 0.815277 0.106917
0.132271 0.000346084 9.9982E-05 0.867183 9.9982E-05
0.11997 9.9991E-05 0.0741318 0.688257 0.117541
9.9973E-05 9.9973E-05 9.9973E-05 0.851334 0.148366
9.9982E-05 0.397746 9.9982E-05 0.0333683 0.568686
0.0158214 0.717871 9.9982E-05 9.9982E-05 0.266108
9.99729E-05 0.596846 9.99729E-05 9.99729E-05 0.402855
0.0995744 0.72303 9.9991E-05 0.0608642 0.116432
0.103538 0.837308 9.9991E-05 0.0533145 0.00573996
0.042327 0.930939 9.9982E-05 9.9982E-05 0.0265338
9.9982E-05 0.687842 9.9982E-05 0.0300324 0.281926
9.99729E-05 0.511406 9.99729E-05 9.99729E-05 0.488294
9.99731E-05 0.129165 9.99731E-05 9.99731E-05 0.870535
9.9982E-05 0.837938 9.9982E-05 0.0859237 0.0759382
9.99731E-05 0.936561 0.0631389 9.99731E-05 9.99731E-05
9.9973E-05 0.956501 0.0431987 9.9973E-05 9.9973E-05
0.0707607 0.928939 9.9973E-05 9.9973E-05 9.9973E-05
