9.9982E-05 0.266382 0.157369 0.477189 9.9982E-05 0.0169007 0.0819588
0.0099714 0.148624 0.318509 0.104473 9.9991E-05 0.104118 0.314205
9.9982E-05 0.533652 0.0169896 0.239436 9.9982E-05 0.0580893 0.151633
9.999E-05 0.438871 0.033877 0.370231 0.0368865 0.0848833 0.035151
9.9955E-05 0.743607 9.9955E-05 0.255893 9.9955E-05 9.9955E-05 9.9955E-05
9.9973E-05 0.474574 0.0243124 0.422977 9.9973E-05 0.0778369 9.9973E-05
0.756824 9.9973E-05 0.0714948 9.9973E-05 9.9973E-05 0.0819976 0.0893833
0.690813 0.0495496 0.10516 9.9982E-05 0.00526834 0.149009 9.9982E-05
0.877157 9.9973E-05 0.0313285 9.9973E-05 9.9973E-05 0.0696411 0.0215737
0.862439 9.9964E-05 9.9964E-05 0.0433612 9.9964E-05 0.0938 9.9964E-05
0.736766 9.9973E-05 0.0335127 9.9973E-05 9.9973E-05 0.0338673 0.195554
0.49371 0.0438557 9.99729E-05 0.0412528 9.99729E-05 9.99729E-05 0.420882
0.803712 0.015588 9.9973E-05 9.9973E-05 0.145185 9.9973E-05 0.0352147
0.918939 0.0296643 9.9964E-05 9.9964E-05 0.0509964 9.9964E-05 9.9964E-05
0.747207 9.9964E-05 9.9964E-05 9.9964E-05 9.9964E-05 0.140983 0.111411
0.738594 9.9973E-05 0.0323285 9.9973E-05 9.9973E-05 0.0723456 0.156432
9.9982E-05 0.321783 0.00180613 0.46172 0.0399121 0.174578 9.9982E-05
0.00519893 9.9982E-05 0.0872598 0.153088 0.0989988 0.655254 9.9982E-05
9.9982E-05 0.0653721 9.9982E-05 0.600479 0.0734808 0.243742 0.016726
9.9973E-05 0.240931 9.9973E-05 0.430778 0.129769 0.198222 9.9973E-05
0.00724584 0.249881 9.9973E-05 0.187992 9.9973E-05 0.554581 9.9973E-05
9.9973E-05 0.00598131 9.9973E-05 0.502961 0.0381456 0.452612 9.9973E-05
9.9973E-05 0.123293 0.175633 0.47261 9.9973E-05 9.9973E-05 0.228163
9.9973E-05 0.118025 0.23605 0.637635 0.00798922 9.9973E-05 9.9973E-05
9.99641E-05 0.185218 0.00492692 0.809455 9.99641E-05 9.99641E-05 9.99641E-05
9.9973E-05 0.165797 0.105684 0.663647 9.9973E-05 0.064572 9.9973E-05
9.9973E-05 0.394221 9.9973E-05 0.463107 0.118086 0.0242855 9.9973E-05
0.115368 0.471233 9.9964E-05 0.412999 9.9964E-05 9.9964E-05 9.9964E-05
0.080736 0.320756 0.264901 0.0251356 9.9982E-05 0.308271 9.9982E-05
0.132917 0.309713 0.113857 0.0445684 9.9982E-05 0.398744 9.9982E-05
9.9973E-05 0.120727 9.9973E-05 0.122569 9.9973E-05 0.352667 0.403737
9.9982E-05 0.477742 9.9982E-05 0.0767667 0.034262 0.242708 0.168321
9.9964E-05 0.38493 9.9964E-05 0.292268 9.9964E-05 0.322402 9.9964E-05
0.0488297 9.9964E-05 0.0818512 0.868919 9.9964E-05 9.9964E-05 9.9964E-05
9.99588E-05 9.99588E-05 9.99588E-05 0.642356 9.99588E-05 9.99588E-05 0.357144
9.9982E-05 0.26385 9.9982E-05 0.508708 0.0118186 0.121717 0.0937064
9.9982E-05 0.033969 9.9982E-05 0.45337 0.20847 0.0078744 0.296116
9.9973E-05 0.115881 9.9973E-05 0.68297 0.116203 9.9973E-05 0.0846465
0.00916099 9.9982E-05 0.152423 0.6442 0.0438028 0.150213 9.9982E-05
9.9973E-05 0.107462 9.9973E-05 0.68435 0.0358508 0.172037 9.9973E-05
9.99641E-05 9.99641E-05 0.546912 0.386687 9.99641E-05 0.0660005 9.99641E-05
9.998E-05 0.362447 0.200429 0.303504 0.0953393 0.0380807 9.998E-05
9.9973E-05 0.391507 9.9973E-05 0.291152 0.130628 0.186413 9.9973E-05
9.9973E-05 0.00184932 0.594431 0.23499 0.168431 9.9973E-05 9.9973E-05
9.99731E-05 0.292713 0.150474 0.494483 9.99731E-05 0.0620296 9.99731E-05
9.9964E-05 0.270268 9.9964E-05 0.537581 9.9964E-05 0.191752 9.9964E-05
9.996E-05 9.996E-05 9.996E-05 0.18342 0.079558 0.736622 9.996E-05
9.9964E-05 9.9964E-05 0.143878 9.9964E-05 9.9964E-05 0.701441 0.15428
9.9964E-05 9.9964E-05 0.0880489 9.9964E-05 9.9964E-05 0.793293 0.118258
9.9973E-05 0.019767 0.271488 0.00291775 9.9973E-05 0.705528 9.9973E-05
0.0363379 0.0166866 9.9982E-05 0.14074 0.000387175 0.805648 9.9982E-05
0.099694 9.9973E-05 0.306125 0.37383 9.9973E-05 0.220051 9.9973E-05
9.9964E-05 9.9964E-05 9.9964E-05 0.382804 0.0863823 0.530414 9.9964E-05
9.997E-05 9.997E-05 0.285584 0.556781 0.0599102 0.0974245 9.997E-05
0.0594392 9.9973E-05 0.243091 0.569196 9.9973E-05 0.127974 9.9973E-05
9.997E-05 0.218103 9.997E-05 0.572071 0.112757 0.0967692 9.997E-05
0.442118 9.9982E-05 0.0812019 0.227846 0.14171 9.9982E-05 0.106925
0.579851 0.0233457 0.00588138 0.13188 0.258841 9.9982E-05 9.9982E-05
0.0374295 0.0486953 0.0215409 9.9973E-05 0.892034 9.9973E-05 9.9973E-05
0.202436 9.998E-05 0.0980999 9.998E-05 0.514594 0.0749062 0.109765
0.182514 9.9973E-05 0.0376926 9.9973E-05 0.567527 9.9973E-05 0.211966
9.9982E-05 9.9982E-05 0.0290331 0.0106068 0.695948 0.119065 0.145147
0.0583148 9.99639E-05 9.99639E-05 9.99639E-05 9.99639E-05 0.0997869 0.841498
9.9973E-05 0.0216196 9.9973E-05 0.0355137 0.247907 9.9973E-05 0.69466
0.678752 0.00724017 9.9973E-05 9.9973E-05 0.0147183 9.9973E-05 0.298989
0.836909 9.9973E-05 9.9973E-05 9.9973E-05 0.100422 0.0505145 0.0118541
0.582675 9.9982E-05 9.9982E-05 0.139594 0.134161 0.0103087 0.133062
0.498182 9.99641E-05 9.99641E-05 0.0825581 0.41886 9.99641E-05 9.99641E-05
0.229337 9.9973E-05 9.9973E-05 0.0526298 0.20275 9.9973E-05 0.514983
0.409148 9.9973E-05 9.9973E-05 0.0523125 0.31845 9.9973E-05 0.21979
0.128579 0.02014 9.9982E-05 0.0726369 0.154088 9.9982E-05 0.624356
0.328212 9.9973E-05 9.9973E-05 0.0803287 0.410635 9.9973E-05 0.180525
0.26329 0.0176248 9.9973E-05 9.9973E-05 0.0844756 9.9973E-05 0.63431
0.0881809 9.9973E-05 9.9973E-05 9.9973E-05 0.691581 0.0799942 0.139944
0.220779 9.9973E-05 9.9973E-05 0.139877 0.611668 0.0273772 9.9973E-05
9.9964E-05 9.9964E-05 9.9964E-05 9.9964E-05 0.7664 0.0703144 0.162885
0.00987849 0.0338718 9.9973E-05 9.9973E-05 0.624445 9.9973E-05 0.331505
9.9955E-05 0.0300234 9.9955E-05 9.9955E-05 0.969477 9.9955E-05 9.9955E-05
0.451028 9.9973E-05 0.0173108 9.9973E-05 0.46371 9.9973E-05 0.0676513
0.204762 9.9973E-05 9.9973E-05 9.9973E-05 0.203739 0.0329555 0.558243
9.9964E-05 9.9964E-05 9.9964E-05 9.9964E-05 0.733312 0.169025 0.0972631
9.99821E-05 0.824288 0.0737601 0.0134429 0.0504455 0.037864 9.99821E-05
9.9964E-05 0.0452311 0.843364 9.9964E-05 0.111005 9.9964E-05 9.9964E-05
9.9964E-05 0.14029 0.768257 9.9964E-05 0.0910532 9.9964E-05 9.9964E-05
0.0854972 0.782905 9.9964E-05 9.9964E-05 9.9964E-05 0.131198 9.9964E-05
0.0337079 0.533689 0.0843023 9.9973E-05 9.9973E-05 0.348001 9.9973E-05
9.99641E-05 9.99641E-05 0.32416 9.99641E-05 9.99641E-05 0.407074 0.268366
9.99731E-05 0.479073 0.159665 9.99731E-05 9.99731E-05 0.124672 0.23629
9.9982E-05 0.360462 0.224123 0.0741391 9.9982E-05 0.202966 0.138109
9.9964E-05 0.783376 9.9964E-05 9.9964E-05 9.9964E-05 0.155441 0.0607828
9.9973E-05 0.502571 0.291613 9.9973E-05 9.9973E-05 0.0930528 0.112463
9.997E-05 0.771307 9.997E-05 0.0250401 0.127657 9.997E-05 0.0756956
9.9964E-05 0.655464 9.9964E-05 0.263307 0.0808288 9.9964E-05 9.9964E-05
0.00399162 0.696348 9.9982E-05 0.233121 0.00961236 0.0567267 9.9982E-05
9.9982E-05 0.655744 9.9982E-05 0.16632 0.00147578 0.0639622 0.112299
9.9964E-05 0.451219 9.9964E-05 9.9964E-05 9.9964E-05 0.411947 0.136434
9.997E-05 0.526807 9.997E-05 0.290756 9.997E-05 0.147009 0.0351285
0.0165741 0.744943 9.9973E-05 0.158348 0.0798347 9.9973E-05 9.9973E-05
9.997E-05 0.700547 9.997E-05 0.174718 0.0561864 9.997E-05 0.0682489
0.0217561 0.565747 0.149419 0.225274 9.9982E-05 9.9982E-05 0.0376042
9.9973E-05 0.338287 0.372072 0.0193516 9.9973E-05 0.269989 9.9973E-05
9.9964E-05 0.543403 0.356923 9.9964E-05 9.9964E-05 0.0992733 9.9964E-05
9.9973E-05 0.386328 0.535454 0.0151774 9.9973E-05 0.0627404 9.9973E-05
9.9955E-05 0.408129 0.591371 9.9955E-05 9.9955E-05 9.9955E-05 9.9955E-05
9.9973E-05 0.710635 0.0628218 9.9973E-05 9.9973E-05 0.161837 0.0644054
0.0113681 0.864786 9.9973E-05 0.0671973 9.9973E-05 0.0563491 9.9973E-05
9.9973E-05 0.615063 0.0762075 0.156446 9.9973E-05 0.151983 9.9973E-05
0.0295106 0.835009 0.0543454 9.9973E-05 9.9973E-05 0.0808349 9.9973E-05
0.0248309 0.874562 9.9973E-05 9.9973E-05 9.9973E-05 0.0951719 0.00513503
0.0275414 0.915416 0.0384388 0.0183041 9.9973E-05 9.9973E-05 9.9973E-05
9.9964E-05 0.817018 0.0784351 0.104147 9.9964E-05 9.9964E-05 9.9964E-05
9.9955E-05 0.827708 0.171792 9.9955E-05 9.9955E-05 9.9955E-05 9.9955E-05
9.997E-05 0.541612 0.182205 0.106248 9.997E-05 0.169635 9.997E-05
9.9973E-05 0.48088 0.317612 9.9973E-05 0.0796597 0.121548 9.9973E-05
9.9982E-05 0.686716 0.153247 0.0820037 9.9982E-05 0.0650952 0.012738
9.99731E-05 0.802619 0.0732698 9.99731E-05 9.99731E-05 0.0543639 0.0694473
9.99641E-05 0.726721 0.148489 9.99641E-05 9.99641E-05 0.124391 9.99641E-05
9.9973E-05 0.774347 0.206368 9.9973E-05 0.000984757 0.0179998 9.9973E-05
9.99639E-05 0.747034 0.134987 9.99639E-05 9.99639E-05 0.11758 9.99639E-05
9.9973E-05 0.152132 0.726973 0.0628476 9.9973E-05 9.9973E-05 0.057747
9.9964E-05 0.289151 0.638127 9.9964E-05 9.9964E-05 9.9964E-05 0.072322
9.9973E-05 0.519014 0.378651 9.9973E-05 0.00519869 9.9973E-05 0.0968362
9.9955E-05 0.861081 0.138419 9.9955E-05 9.9955E-05 9.9955E-05 9.9955E-05
0.00338014 0.739981 0.0996397 0.0786738 0.0354509 9.9991E-05 0.0427742
9.9982E-05 0.704194 0.186546 0.0497559 0.0420818 9.9982E-05 0.0172219
9.9964E-05 0.81117 0.136614 9.9964E-05 9.9964E-05 0.0518164 9.9964E-05
0.195449 0.554495 0.0874088 0.132176 0.0302714 9.9982E-05 9.9982E-05
0.0226896 0.608695 9.9973E-05 9.9973E-05 0.259545 9.9973E-05 0.108771
9.9964E-05 0.662416 0.209384 9.9964E-05 9.9964E-05 0.127801 9.9964E-05
9.99639E-05 0.229925 0.676122 9.99639E-05 9.99639E-05 0.093553 9.99639E-05
0.0150526 0.453945 0.446451 0.00809942 9.9982E-05 9.9982E-05 0.0762523
0.0315575 0.354301 0.598562 0.0152795 9.9973E-05 9.9973E-05 9.9973E-05
9.9964E-05 9.9964E-05 0.890002 0.0437371 9.9964E-05 0.0658613 9.9964E-05
9.9964E-05 0.752196 0.138176 9.9964E-05 9.9964E-05 0.109229 9.9964E-05
9.9973E-05 0.288077 0.670854 0.0129931 9.9973E-05 0.0277753 9.9973E-05
0.0181897 0.654303 0.321298 0.00590933 9.9973E-05 9.9973E-05 9.9973E-05
9.997E-05 0.472613 0.3535 0.0361557 9.997E-05 0.137432 9.997E-05
9.9973E-05 0.484713 0.435486 9.9973E-05 9.9973E-05 0.017832 0.0616691
9.9964E-05 9.9964E-05 0.0724478 9.9964E-05 0.224273 9.9964E-05 0.702879
0.193046 9.9973E-05 0.0225697 9.9973E-05 0.446264 9.9973E-05 0.337821
0.305591 9.9982E-05 0.0199361 9.9982E-05 0.268476 0.0531216 0.352675
0.165661 9.9982E-05 0.132535 9.9982E-05 0.587697 0.0521392 0.0617675
0.0993059 0.0703391 0.0345798 9.9991E-05 0.710827 0.00569613 0.0791525
0.182882 0.000530704 9.9973E-05 9.9973E-05 0.764803 9.9973E-05 0.0514845
0.305204 9.9982E-05 0.040098 0.00660328 0.318491 9.9982E-05 0.329404
0.273335 9.9964E-05 9.9964E-05 9.9964E-05 0.173085 9.9964E-05 0.55318
9.995E-05 9.995E-05 9.995E-05 9.995E-05 9.995E-05 9.995E-05 0.9994
0.26061 0.0827129 9.9973E-05 9.9973E-05 0.586346 9.9973E-05 0.0700303
0.044279 9.99641E-05 9.99641E-05 0.0772423 0.878079 9.99641E-05 9.99641E-05
9.9955E-05 9.9955E-05 9.9955E-05 0.0783474 0.921153 9.9955E-05 9.9955E-05
0.0947484 0.0621302 9.99641E-05 9.99641E-05 0.842722 9.99641E-05 9.99641E-05
