0.208811 0.057483 0.225039 9.99729E-05 0.443552 9.99729E-05 9.99729E-05 0.0648155
0.302751 0.0896377 0.116993 0.093534 0.0620313 0.0221656 9.9991E-05 0.312787
0.0894098 0.258434 0.256176 9.9973E-05 0.268042 9.9973E-05 9.9973E-05 0.127639
0.160297 0.646534 9.9982E-05 0.0134802 0.138885 0.0030805 0.0375236 9.9982E-05
9.995E-05 0.11004 0.699138 9.995E-05 0.190321 9.995E-05 9.995E-05 9.995E-05
0.0864064 0.44474 0.149705 9.9964E-05 0.318749 9.9964E-05 9.9964E-05 9.9964E-05
0.0143799 9.99639E-05 9.99639E-05 0.127303 9.99639E-05 0.616195 9.99639E-05 0.241722
0.0438021 9.9982E-05 0.138694 0.0723916 0.0147214 0.667042 9.9982E-05 0.0631491
0.0074999 0.0469719 9.9964E-05 9.9964E-05 9.9964E-05 0.833046 9.9964E-05 0.112082
9.9955E-05 9.9955E-05 9.9955E-05 0.0546753 9.9955E-05 0.900991 9.9955E-05 0.0438344
9.9964E-05 0.0101177 9.9964E-05 0.0230828 9.9964E-05 0.700175 9.9964E-05 0.266225
9.997E-05 9.997E-05 0.0438809 9.997E-05 0.0299713 0.423893 0.018371 0.483584
9.9964E-05 9.9964E-05 0.0172097 9.9964E-05 9.9964E-05 0.740236 0.141591 0.100564
9.99551E-05 9.99551E-05 9.99551E-05 9.99551E-05 0.0261586 0.933747 0.0395944 9.99551E-05
0.0296873 9.9964E-05 9.9964E-05 0.0945219 9.9964E-05 0.749338 9.9964E-05 0.126053
0.0426113 9.9964E-05 9.9964E-05 0.0786809 9.9964E-05 0.69025 9.9964E-05 0.188058
9.9964E-05 9.9964E-05 0.321166 0.162828 0.49534 9.9964E-05 9.9964E-05 0.0202657
9.9964E-05 9.9964E-05 0.0731564 0.623546 0.205253 9.9964E-05 0.0976442 9.9964E-05
9.9964E-05 0.149994 9.9964E-05 0.210878 0.619429 9.9964E-05 0.0193 9.9964E-05
9.9973E-05 0.14423 0.128447 0.125506 0.499048 9.9973E-05 0.102469 9.9973E-05
9.997E-05 0.0579872 0.231958 0.458537 0.245108 0.00610896 9.997E-05 9.997E-05
9.99639E-05 0.101913 9.99639E-05 0.376499 0.465101 9.99639E-05 0.0560877 9.99639E-05
0.128237 9.9964E-05 0.122044 9.9964E-05 0.529014 9.9964E-05 9.9964E-05 0.220305
0.154338 9.9964E-05 0.174217 9.9964E-05 0.635583 9.9964E-05 9.9964E-05 0.0354613
0.0275124 0.0239783 0.122679 9.99731E-05 0.824236 0.00129473 9.99731E-05 9.99731E-05
0.175278 0.226951 0.00657895 9.9964E-05 0.590793 9.9964E-05 9.9964E-05 9.9964E-05
9.9955E-05 9.9955E-05 0.40869 9.9955E-05 0.497419 9.9955E-05 0.0933907 9.9955E-05
9.9973E-05 0.0631079 0.421737 9.9973E-05 0.445841 0.0581338 0.0108802 9.9973E-05
0.236839 9.9973E-05 0.347777 0.221414 0.0941251 0.0995447 9.9973E-05 9.9973E-05
0.0695113 0.107867 0.227084 0.428794 0.0801817 0.0863621 9.9982E-05 9.9982E-05
9.9964E-05 0.362254 9.9964E-05 0.224072 0.0271527 9.9964E-05 9.9964E-05 0.386121
9.9982E-05 0.299407 0.283081 0.10742 0.107348 9.9982E-05 0.00209341 0.20045
9.9973E-05 0.384976 0.175832 0.210568 0.206887 9.9973E-05 9.9973E-05 0.0214367
0.147112 0.00156861 9.9964E-05 9.9964E-05 0.826351 9.9964E-05 9.9964E-05 0.0245681
0.0701723 9.9955E-05 9.9955E-05 9.9955E-05 0.60077 9.9955E-05 9.9955E-05 0.328558
9.997E-05 0.0856964 0.224586 0.0405498 0.522874 9.997E-05 9.997E-05 0.125994
9.9964E-05 0.131425 9.9964E-05 9.9964E-05 0.37738 9.9964E-05 0.175 0.315794
9.997E-05 0.0324568 0.131565 9.997E-05 0.63921 9.997E-05 0.049074 0.147394
0.163337 0.106232 9.9982E-05 0.132149 0.524859 0.0634578 9.9982E-05 0.00976637
9.9973E-05 0.143961 0.0988177 0.133138 0.597386 9.9973E-05 0.0263972 9.9973E-05
0.493732 0.368716 9.9955E-05 9.9955E-05 0.137052 9.9955E-05 9.9955E-05 9.9955E-05
0.216129 0.419028 0.125935 9.997E-05 0.148615 9.997E-05 0.0899932 9.997E-05
9.9973E-05 0.597928 0.0279403 0.0973818 0.163276 9.9973E-05 0.113174 9.9973E-05
0.532772 0.213588 9.9973E-05 9.9973E-05 0.113334 0.0337425 0.106263 9.9973E-05
0.202056 0.485042 9.99551E-05 9.99551E-05 0.312402 9.99551E-05 9.99551E-05 9.99551E-05
0.000187615 0.546505 9.9964E-05 0.0446792 0.408228 9.9964E-05 9.9964E-05 9.9964E-05
9.9955E-05 9.9955E-05 9.9955E-05 0.630578 0.278075 9.9955E-05 0.0908472 9.9955E-05
0.134063 9.9964E-05 9.9964E-05 0.696201 9.9964E-05 9.9964E-05 0.0466217 0.122714
0.0755769 9.9955E-05 9.9955E-05 0.863035 9.9955E-05 9.9955E-05 9.9955E-05 0.0608886
0.265869 0.0386617 0.0145538 0.665576 0.0150396 9.9973E-05 9.9973E-05 9.9973E-05
9.9973E-05 0.0832429 9.9973E-05 0.740674 0.143715 0.0166249 0.0154435 9.9973E-05
0.330379 9.9964E-05 9.9964E-05 0.153214 0.408734 0.107273 9.9964E-05 9.9964E-05
9.9964E-05 9.9964E-05 0.0545606 0.41789 0.459527 9.9964E-05 0.0676225 9.9964E-05
0.307771 9.9964E-05 9.9964E-05 0.0958574 0.529795 9.9964E-05 0.0661765 9.9964E-05
0.310321 9.99639E-05 9.99639E-05 0.0891611 0.569653 0.0304654 9.99639E-05 9.99639E-05
9.9964E-05 0.23614 0.14148 9.9964E-05 0.537772 9.9964E-05 0.0842081 9.9964E-05
0.106975 9.9973E-05 9.9973E-05 9.9973E-05 0.19946 0.408772 0.159099 0.125395
0.0191484 9.9973E-05 0.058859 9.9973E-05 0.10604 0.651618 0.164034 9.9973E-05
0.077885 9.99551E-05 9.99551E-05 9.99551E-05 0.00529834 9.99551E-05 0.916317 9.99551E-05
0.0972677 9.9982E-05 9.9982E-05 0.0125088 0.0147736 0.229516 0.515559 0.130175
0.0201132 9.9964E-05 9.9964E-05 9.9964E-05 9.9964E-05 0.0669786 0.653086 0.259422
0.0178775 9.9973E-05 9.9973E-05 0.0874743 0.0315986 9.9973E-05 0.699058 0.163692
9.9955E-05 9.9955E-05 9.9955E-05 0.0935417 9.9955E-05 0.0648738 9.9955E-05 0.841085
9.99549E-05 9.99549E-05 9.99549E-05 9.99549E-05 0.075296 9.99549E-05 0.215766 0.708439
9.995E-05 0.0852967 9.995E-05 9.995E-05 9.995E-05 0.680527 9.995E-05 0.233677
9.9955E-05 9.9955E-05 9.9955E-05 0.0484248 9.9955E-05 0.915069 0.0360062 9.9955E-05
9.997E-05 0.0223921 9.997E-05 9.997E-05 0.135367 0.591712 0.099543 0.150686
9.99551E-05 9.99551E-05 9.99551E-05 9.99551E-05 0.0789817 0.613001 0.307517 9.99551E-05
9.9964E-05 9.9964E-05 9.9964E-05 9.9964E-05 0.0581904 0.190108 0.179763 0.571539
9.9964E-05 9.9964E-05 9.9964E-05 9.9964E-05 0.12277 0.411222 0.298561 0.167047
9.9964E-05 9.9964E-05 9.9964E-05 9.9964E-05 0.137619 0.141043 0.128173 0.592764
9.9973E-05 9.9973E-05 0.0082701 9.9973E-05 0.153572 0.320237 0.399736 0.117884
9.99549E-05 9.99549E-05 9.99549E-05 9.99549E-05 9.99549E-05 0.271335 0.080943 0.647222
9.9973E-05 9.9973E-05 0.0661871 0.0697091 9.9973E-05 0.00470938 0.729288 0.129807
9.9973E-05 0.0175536 9.9973E-05 0.0166038 0.162881 0.221509 0.581153 9.9973E-05
9.9964E-05 0.0489715 9.9964E-05 0.0749359 9.9964E-05 9.9964E-05 0.727776 0.147917
9.9955E-05 0.0714762 9.9955E-05 9.9955E-05 9.9955E-05 9.9955E-05 0.615115 0.312909
9.9946E-05 9.9946E-05 0.0492878 9.9946E-05 9.9946E-05 9.9946E-05 0.950112 9.9946E-05
0.0453508 9.9964E-05 9.9964E-05 9.9964E-05 9.9964E-05 0.395823 0.552652 0.005775
9.99639E-05 9.99639E-05 9.99639E-05 0.0616533 9.99639E-05 0.205808 0.225044 0.507094
9.9973E-05 0.066839 9.9973E-05 0.0823202 9.9973E-05 0.0241591 0.756647 0.0697349
9.99641E-05 0.00140136 0.837297 0.0479266 0.112975 9.99641E-05 9.99641E-05 9.99641E-05
0.837826 9.9955E-05 0.0740788 9.9955E-05 9.9955E-05 9.9955E-05 0.0875952 9.9955E-05
0.722036 9.9955E-05 0.182983 9.9955E-05 9.9955E-05 9.9955E-05 0.0944807 9.9955E-05
9.9964E-05 0.134899 0.691516 0.109953 9.9964E-05 0.0632309 9.9964E-05 9.9964E-05
0.03183 0.0504786 0.573466 0.311139 9.9973E-05 0.0327868 9.9973E-05 9.9973E-05
0.274741 0.00137305 9.99641E-05 0.519832 9.99641E-05 9.99641E-05 9.99641E-05 0.203654
0.211488 0.634151 9.99641E-05 0.0569436 9.99641E-05 9.99641E-05 9.99641E-05 0.0970181
0.296168 0.526934 9.9973E-05 0.0986365 9.9973E-05 0.0632176 9.9973E-05 0.014744
9.9955E-05 0.529033 0.383848 0.0866188 9.9955E-05 9.9955E-05 9.9955E-05 9.9955E-05
0.239886 0.220397 0.33723 0.108157 9.997E-05 9.997E-05 9.997E-05 0.0940292
9.9955E-05 0.686643 0.287698 9.9955E-05 9.9955E-05 9.9955E-05 0.0251592 9.9955E-05
9.9955E-05 0.862667 0.0901505 9.9955E-05 0.0466826 9.9955E-05 9.9955E-05 9.9955E-05
9.99639E-05 0.502413 0.338062 9.99639E-05 0.135038 0.0240871 9.99639E-05 9.99639E-05
0.0277555 0.627611 0.248569 9.9973E-05 0.0531784 9.9973E-05 9.9973E-05 0.0425861
9.99549E-05 0.660447 9.99549E-05 0.312346 9.99549E-05 9.99549E-05 9.99549E-05 0.026707
0.00475171 0.674842 0.106485 0.104444 0.109177 9.9973E-05 9.9973E-05 9.9973E-05
9.9964E-05 0.65352 0.322026 9.9964E-05 9.9964E-05 0.00333963 0.0207143 9.9964E-05
9.9955E-05 0.575676 0.34874 9.9955E-05 0.075084 9.9955E-05 9.9955E-05 9.9955E-05
0.218505 0.478198 0.194989 9.99729E-05 0.0863029 0.0217055 9.99729E-05 9.99729E-05
0.32685 0.0612048 0.38475 0.207709 9.997E-05 0.0191864 9.997E-05 9.997E-05
0.356558 0.0762996 0.499746 0.0669968 9.9964E-05 9.9964E-05 9.9964E-05 9.9964E-05
0.472596 9.9964E-05 0.421682 0.0733035 0.0320186 9.9964E-05 9.9964E-05 9.9964E-05
0.551987 9.9946E-05 0.447413 9.9946E-05 9.9946E-05 9.9946E-05 9.9946E-05 9.9946E-05
9.9955E-05 9.9955E-05 0.755737 0.183509 9.9955E-05 9.9955E-05 9.9955E-05 0.0602541
9.9955E-05 9.9955E-05 0.850948 0.0258218 0.12273 9.9955E-05 9.9955E-05 9.9955E-05
0.0218 9.9964E-05 0.673172 0.0933899 0.211238 9.9964E-05 9.9964E-05 9.9964E-05
9.9955E-05 9.9955E-05 0.908173 0.0748435 9.9955E-05 0.0164836 9.9955E-05 9.9955E-05
9.9973E-05 0.0350506 0.874836 0.0490351 9.9973E-05 9.9973E-05 0.0102525 0.0305257
0.0108827 0.165217 0.805021 9.9964E-05 9.9964E-05 9.9964E-05 9.9964E-05 0.01848
0.0152644 9.9955E-05 0.852433 9.9955E-05 0.131803 9.9955E-05 9.9955E-05 9.9955E-05
0.0561158 9.9955E-05 0.901168 9.9955E-05 0.0422166 9.9955E-05 9.9955E-05 9.9955E-05
0.21142 0.255666 0.374597 0.133451 0.0245655 9.99729E-05 9.99729E-05 9.99729E-05
0.293164 0.0443638 0.506722 0.101251 9.997E-05 9.997E-05 0.0542005 9.997E-05
0.156198 0.167895 0.513846 0.0262451 0.0490027 9.998E-05 9.998E-05 0.0866133
9.99731E-05 0.11419 0.753246 0.0839136 0.021964 9.99731E-05 9.99731E-05 0.0263861
0.163544 0.0609996 0.696215 0.0788421 9.9964E-05 9.9964E-05 9.9964E-05 9.9964E-05
0.116713 9.9964E-05 0.858612 0.00461668 0.0196584 9.9964E-05 9.9964E-05 9.9964E-05
0.0746225 0.105312 0.710029 0.0818408 9.9973E-05 9.9973E-05 9.9973E-05 0.0278956
0.58744 9.9955E-05 0.304158 9.9955E-05 9.9955E-05 9.9955E-05 9.9955E-05 0.107902
0.573428 0.0065666 0.355567 9.9964E-05 9.9964E-05 9.9964E-05 9.9964E-05 0.064038
0.289816 0.020976 0.565671 9.9964E-05 9.9964E-05 9.9964E-05 9.9964E-05 0.123138
0.0803645 0.10653 0.812606 9.9955E-05 9.9955E-05 9.9955E-05 9.9955E-05 9.9955E-05
0.0215049 0.124349 0.740341 9.9982E-05 0.0136815 9.9982E-05 0.0194978 0.0804258
0.131989 9.9973E-05 0.745396 9.9973E-05 0.0604885 9.9973E-05 0.0240843 0.0377426
0.0313959 0.0334444 0.84181 0.0317673 9.9973E-05 9.9973E-05 9.9973E-05 0.0612821
9.9964E-05 9.9964E-05 0.580617 9.9964E-05 0.188312 0.20145 0.0292206 9.9964E-05
9.9955E-05 9.9955E-05 0.600051 9.9955E-05 9.9955E-05 9.9955E-05 0.33404 0.0654093
0.105756 9.9964E-05 0.72882 0.138196 9.9964E-05 9.9964E-05 9.9964E-05 0.0268286
0.627581 9.9955E-05 0.303226 0.068693 9.9955E-05 9.9955E-05 9.9955E-05 9.9955E-05
0.400361 0.0380016 0.482557 9.9973E-05 9.9973E-05 0.00376622 9.9973E-05 0.0750145
0.572763 0.0344395 0.369539 9.9964E-05 9.9964E-05 0.0228585 9.9964E-05 9.9964E-05
0.865868 9.9955E-05 0.0454314 0.088201 9.9955E-05 9.9955E-05 9.9955E-05 9.9955E-05
0.0912966 9.9955E-05 0.795996 0.112207 9.9955E-05 9.9955E-05 9.9955E-05 9.9955E-05
0.592489 0.0946836 0.280526 0.0319021 9.9964E-05 9.9964E-05 9.9964E-05 9.9964E-05
0.27156 0.13608 0.591861 9.9955E-05 9.9955E-05 9.9955E-05 9.9955E-05 9.9955E-05
0.346984 0.0549548 0.455377 0.103092 0.0392926 9.9973E-05 9.9973E-05 9.9973E-05
0.347278 9.996E-05 0.544966 0.0183812 9.996E-05 9.996E-05 9.996E-05 0.0889756
9.9964E-05 9.9964E-05 0.0487658 0.000469339 9.9964E-05 9.9964E-05 0.179655 0.77071
0.0242691 9.9973E-05 0.0124199 9.9973E-05 9.9973E-05 0.190445 0.450139 0.322428
9.9982E-05 0.012117 9.9982E-05 0.0779309 0.0167182 0.255293 0.254448 0.383293
0.133213 0.00811373 9.9982E-05 0.0313973 9.9982E-05 0.0238577 0.675284 0.127935
9.997E-05 0.0165101 0.110783 9.997E-05 9.997E-05 0.189206 0.604666 0.0785357
0.000484126 9.9973E-05 0.0234108 9.9973E-05 9.9973E-05 0.120401 0.79224 0.0631639
0.0442048 9.9973E-05 9.9973E-05 9.9973E-05 0.0187306 0.142426 0.402946 0.391393
9.9964E-05 9.9964E-05 0.00471414 9.9964E-05 9.9964E-05 0.219976 0.208889 0.566021
0.00260814 9.99462E-05 9.99462E-05 9.99462E-05 9.99462E-05 9.99462E-05 9.99462E-05 0.996792
9.9973E-05 9.9973E-05 0.0767338 0.00733635 9.9973E-05 0.128994 0.681566 0.10507
9.99551E-05 9.99551E-05 9.99551E-05 9.99551E-05 0.0861333 0.0918308 0.821536 9.99551E-05
9.99461E-05 9.99461E-05 9.99461E-05 9.99461E-05 0.0645657 9.99461E-05 0.934835 9.99461E-05
9.99641E-05 0.0472579 0.00616266 9.99641E-05 9.99641E-05 0.122907 0.823273 9.99641E-05
