0.0956101 9.9973E-05 0.0150066 0.262136 0.603946 0.0230012 9.9973E-05 9.9973E-05
9.9973E-05 9.9973E-05 0.00725465 0.243685 0.273564 0.273801 9.9973E-05 0.201395
0.272689 0.0689335 9.9982E-05 0.203544 0.302465 0.138785 9.9982E-05 0.013384
0.532008 0.0754538 9.9973E-05 9.9973E-05 0.236798 0.144664 0.0107763 9.9973E-05
0.355203 0.0566335 9.9973E-05 0.431183 0.127575 9.9973E-05 0.0291046 9.9973E-05
0.497313 0.106073 9.9973E-05 0.0286816 0.354683 0.0129489 9.9973E-05 9.9973E-05
9.9955E-05 0.0269735 0.580177 9.9955E-05 9.9955E-05 9.9955E-05 9.9955E-05 0.392349
9.9964E-05 0.123968 0.614197 0.169331 9.9964E-05 9.9964E-05 9.9964E-05 0.0921044
0.0246744 9.9955E-05 0.870126 9.9955E-05 9.9955E-05 0.104699 9.9955E-05 9.9955E-05
9.9955E-05 0.0879126 0.832744 9.9955E-05 9.9955E-05 9.9955E-05 9.9955E-05 0.0788437
9.9964E-05 9.9964E-05 0.704634 9.9964E-05 0.0345064 0.0184206 9.9964E-05 0.242039
0.00441686 9.9964E-05 0.341182 0.0617318 9.9964E-05 9.9964E-05 9.9964E-05 0.59227
0.0168374 9.9964E-05 0.748253 9.9964E-05 9.9964E-05 9.9964E-05 0.177679 0.0568311
9.9955E-05 0.0738119 0.894947 9.9955E-05 9.9955E-05 9.9955E-05 0.0307412 9.9955E-05
0.0237367 9.9964E-05 0.766048 9.9964E-05 9.9964E-05 0.0440321 9.9964E-05 0.165784
9.9964E-05 9.9964E-05 0.661005 0.0180504 9.9964E-05 0.012133 9.9964E-05 0.308412
0.130887 0.536341 9.9964E-05 0.266877 0.0654947 9.9964E-05 9.9964E-05 9.9964E-05
9.9964E-05 0.688948 9.9964E-05 0.0155842 9.9964E-05 0.262079 9.9964E-05 0.0329896
0.116755 0.380268 9.9973E-05 9.9973E-05 0.399553 0.0235635 0.0795602 9.9973E-05
0.364823 0.575625 9.9964E-05 9.9964E-05 0.0451479 9.9964E-05 0.0140043 9.9964E-05
0.106837 0.589607 0.0114164 0.152595 9.9973E-05 0.139245 9.9973E-05 9.9973E-05
0.177866 0.798093 9.9955E-05 9.9955E-05 9.9955E-05 0.0235408 9.9955E-05 9.9955E-05
9.9964E-05 0.0533784 9.9964E-05 0.180416 0.540901 9.9964E-05 9.9964E-05 0.224904
9.9955E-05 9.9955E-05 9.9955E-05 0.273951 0.698287 9.9955E-05 0.0272623 9.9955E-05
0.0702025 0.131695 0.0608891 0.0185379 0.718375 9.9973E-05 9.9973E-05 9.9973E-05
0.261129 0.29843 9.9964E-05 0.043363 0.396678 9.9964E-05 9.9964E-05 9.9964E-05
0.0203254 0.51617 9.9973E-05 0.305665 0.0810866 9.9973E-05 0.0764534 9.9973E-05
0.366783 0.21239 0.0760094 0.185654 0.141601 9.9982E-05 0.0173616 9.9982E-05
9.996E-05 0.21639 0.0933695 0.538811 9.996E-05 0.151029 9.996E-05 9.996E-05
9.996E-05 0.293532 0.145182 0.313103 9.996E-05 0.247783 9.996E-05 9.996E-05
0.16215 0.314768 9.9964E-05 9.9964E-05 9.9964E-05 0.209088 9.9964E-05 0.313593
0.365516 0.271664 9.996E-05 0.194134 9.996E-05 9.996E-05 9.996E-05 0.168286
0.431643 0.365277 9.9973E-05 0.123006 9.9973E-05 0.0273516 9.9973E-05 0.0524235
9.99549E-05 0.0415729 0.0941305 9.99549E-05 0.863797 9.99549E-05 9.99549E-05 9.99549E-05
9.99549E-05 9.99549E-05 9.99549E-05 9.99549E-05 0.751545 0.058512 9.99549E-05 0.189443
0.153692 0.386754 9.9973E-05 0.169581 0.193214 9.9973E-05 9.9973E-05 0.0964584
0.102303 0.0423883 9.998E-05 9.998E-05 0.381807 0.0391588 0.217677 0.216466
0.133223 0.211608 9.9982E-05 0.0357846 0.518029 9.9982E-05 0.0834359 0.01772
9.997E-05 0.192361 0.00733651 9.997E-05 0.53282 0.166928 0.100255 9.997E-05
0.198291 0.486121 9.9964E-05 9.9964E-05 0.300185 9.9964E-05 0.0150028 9.9964E-05
0.205462 9.9964E-05 9.9964E-05 0.0253179 0.473221 0.2956 9.9964E-05 9.9964E-05
0.322831 0.0192325 9.9982E-05 0.25204 0.203523 0.102765 0.0994089 9.9982E-05
0.469324 0.105737 9.9973E-05 9.9973E-05 0.16304 0.147538 0.11406 9.9973E-05
0.181517 9.9982E-05 0.0341638 0.294195 0.356364 0.0218929 0.111667 9.9982E-05
0.390143 0.1994 0.0283716 0.121563 0.24682 0.0135016 9.9982E-05 9.9982E-05
0.405234 0.178328 9.9964E-05 9.9964E-05 0.364772 0.0512661 9.9964E-05 9.9964E-05
9.9955E-05 0.754022 9.9955E-05 9.9955E-05 9.9955E-05 0.135722 9.9955E-05 0.109756
9.99549E-05 0.397266 9.99549E-05 9.99549E-05 9.99549E-05 0.47917 9.99549E-05 0.123064
9.99549E-05 0.323669 9.99549E-05 9.99549E-05 9.99549E-05 0.672803 9.99549E-05 0.00302846
9.99639E-05 0.189767 9.99639E-05 0.0393465 0.0668976 0.703589 9.99639E-05 9.99639E-05
9.99549E-05 0.570495 0.0250272 9.99549E-05 9.99549E-05 0.403978 9.99549E-05 9.99549E-05
9.9973E-05 0.30388 0.128687 0.199031 0.326102 0.0419998 9.9973E-05 9.9973E-05
9.997E-05 0.689138 9.997E-05 0.0654636 0.126838 0.0733613 0.0448992 9.997E-05
9.9964E-05 0.395324 9.9964E-05 0.126008 0.463158 9.9964E-05 9.9964E-05 0.0151091
9.9973E-05 0.425529 0.0341349 0.171934 0.363256 9.9973E-05 9.9973E-05 0.00484674
0.28502 0.494925 9.9973E-05 0.0282232 0.190228 9.9973E-05 0.00130396 9.9973E-05
9.997E-05 9.997E-05 0.378987 0.0404734 0.253222 9.997E-05 0.172632 0.154385
9.9964E-05 9.9964E-05 0.538614 0.0199285 0.176751 9.9964E-05 0.264307 9.9964E-05
9.9973E-05 9.9973E-05 0.0419336 0.0268274 0.0424022 9.9973E-05 0.870926 0.0176114
9.9964E-05 0.108569 0.218011 9.9964E-05 9.9964E-05 9.9964E-05 0.455836 0.217184
0.0193079 9.9964E-05 0.113057 9.9964E-05 9.9964E-05 9.9964E-05 0.571399 0.295836
9.99639E-05 0.15393 9.99639E-05 9.99639E-05 9.99639E-05 0.00477581 0.597543 0.243351
9.99459E-05 9.99459E-05 9.99459E-05 9.99459E-05 9.99459E-05 0.120864 9.99459E-05 0.878536
0.0891571 0.0554906 9.9964E-05 9.9964E-05 9.9964E-05 9.9964E-05 0.12273 0.732223
0.0998423 9.99639E-05 0.513461 9.99639E-05 9.99639E-05 9.99639E-05 0.047809 0.338488
9.9964E-05 9.9964E-05 0.76838 9.9964E-05 0.00112953 9.9964E-05 0.147728 0.082363
9.9982E-05 0.0685063 0.457063 9.9982E-05 0.105353 0.0225992 0.129478 0.2168
9.99551E-05 9.99551E-05 0.387355 9.99551E-05 0.146582 9.99551E-05 0.465563 9.99551E-05
9.9964E-05 9.9964E-05 0.158004 9.9964E-05 0.147407 9.9964E-05 0.160748 0.53344
9.9964E-05 9.9964E-05 0.428484 9.9964E-05 0.0804358 9.9964E-05 0.264203 0.226477
0.0156066 9.998E-05 0.203819 0.0244514 0.0961727 9.998E-05 0.0497794 0.609971
9.9964E-05 9.9964E-05 0.192431 9.9964E-05 0.133777 9.9964E-05 0.452509 0.220883
9.9964E-05 9.9964E-05 0.0226796 0.0427805 9.9964E-05 9.9964E-05 0.157278 0.776862
9.99816E-05 0.113672 0.0185115 0.0184588 9.99816E-05 9.99816E-05 0.66178 0.187278
9.9973E-05 0.111811 0.153474 9.9973E-05 0.0590114 9.9973E-05 0.644178 0.031226
9.9964E-05 0.0358511 9.9964E-05 9.9964E-05 9.9964E-05 0.0431709 0.761225 0.159353
0.0780304 9.9955E-05 9.9955E-05 9.9955E-05 9.9955E-05 9.9955E-05 0.602032 0.319438
0.038816 9.9946E-05 9.9946E-05 9.9946E-05 9.9946E-05 9.9946E-05 0.960584 9.9946E-05
9.997E-05 9.997E-05 0.296372 9.997E-05 0.00890346 0.00215291 0.569807 0.122465
9.9964E-05 0.0442397 0.0476995 9.9964E-05 9.9964E-05 9.9964E-05 0.229605 0.678056
0.000851065 0.000854017 0.0551054 9.9982E-05 9.9982E-05 0.137362 0.766643 0.0389842
0.0886329 0.111184 9.99731E-05 0.753844 0.0105116 9.99731E-05 0.035527 9.99731E-05
9.9973E-05 9.9973E-05 0.0260398 0.706553 0.134327 0.130813 0.00196808 9.9973E-05
9.99731E-05 9.99731E-05 9.99731E-05 0.806903 0.039873 0.0378544 0.0467255 0.0683445
0.229316 0.0628082 0.0435903 0.629872 9.9973E-05 9.9973E-05 0.0341129 9.9973E-05
0.0288068 0.114361 0.0766494 0.585198 9.997E-05 0.194685 9.997E-05 9.997E-05
9.9955E-05 9.9955E-05 9.9955E-05 0.0149818 9.9955E-05 0.984248 9.9955E-05 0.000270282
0.422523 9.998E-05 0.0293217 0.160983 0.00776003 0.319465 9.998E-05 0.0597472
0.42 9.9964E-05 0.0618916 9.9964E-05 0.104524 0.413185 9.9964E-05 9.9964E-05
0.681783 9.9955E-05 9.9955E-05 0.220737 9.9955E-05 0.0969807 9.9955E-05 9.9955E-05
0.278769 9.99549E-05 9.99549E-05 0.351969 9.99549E-05 0.368763 9.99549E-05 9.99549E-05
0.913384 9.9964E-05 0.0108221 0.0598856 9.9964E-05 9.9964E-05 0.0155089 9.9964E-05
0.990686 0.00871417 9.99461E-05 9.99461E-05 9.99461E-05 9.99461E-05 9.99461E-05 9.99461E-05
0.653041 0.0601154 0.0293931 0.183309 0.0738414 9.9973E-05 9.9973E-05 9.9973E-05
0.777626 0.0191379 9.9982E-05 0.0742092 9.9982E-05 0.107783 0.00434123 0.0167033
0.607698 9.99549E-05 9.99549E-05 9.99549E-05 9.99549E-05 0.342973 9.99549E-05 0.0488297
0.70343 0.0984196 9.9964E-05 9.9964E-05 0.0504821 0.147269 9.9964E-05 9.9964E-05
0.777194 9.996E-05 0.038335 0.172069 9.996E-05 0.012002 9.996E-05 9.996E-05
0.849529 0.00865872 9.9973E-05 0.0981304 0.00518936 9.9973E-05 9.9973E-05 0.0381927
0.566392 9.9982E-05 0.0484136 0.23951 0.139291 0.00137799 9.9982E-05 0.00481513
9.9973E-05 0.130489 0.0336344 0.553136 0.0187825 0.263658 9.9973E-05 9.9973E-05
0.0667976 9.9964E-05 9.9964E-05 0.705725 0.132827 0.0942512 9.9964E-05 9.9964E-05
9.99551E-05 9.99551E-05 9.99551E-05 0.729927 0.151969 0.117605 9.99551E-05 9.99551E-05
9.99551E-05 9.99551E-05 9.99551E-05 0.758638 0.116212 0.12465 9.99551E-05 9.99551E-05
0.0904251 0.0365014 0.0214083 0.636348 9.998E-05 0.199477 0.0156406 9.998E-05
0.130512 0.141341 9.9955E-05 0.727647 9.9955E-05 9.9955E-05 9.9955E-05 9.9955E-05
9.9955E-05 0.251309 9.9955E-05 0.623745 0.124446 9.9955E-05 9.9955E-05 9.9955E-05
0.0586586 0.121267 9.9955E-05 0.819574 9.9955E-05 9.9955E-05 9.9955E-05 9.9955E-05
0.23228 0.0378452 9.9973E-05 0.679681 9.9973E-05 9.9973E-05 0.0392629 0.0106316
0.329189 9.99549E-05 9.99549E-05 0.654428 0.0158836 9.99549E-05 9.99549E-05 9.99549E-05
0.175848 9.9964E-05 9.9964E-05 0.717389 0.0809701 9.9964E-05 0.0253925 9.9964E-05
0.134381 9.9955E-05 9.9955E-05 0.790027 0.0750919 9.9955E-05 9.9955E-05 9.9955E-05
0.121649 0.048215 9.997E-05 0.564043 0.133997 0.131795 9.997E-05 9.997E-05
0.125392 0.135848 9.997E-05 0.634164 9.997E-05 0.0682895 0.0360064 9.997E-05
0.21585 0.0261435 9.9973E-05 0.534691 0.124455 0.09856 9.9973E-05 9.9973E-05
0.239366 0.0545124 9.9973E-05 0.649799 0.0361785 0.0198443 9.9973E-05 9.9973E-05
0.103568 0.0520811 9.9964E-05 0.768189 9.9964E-05 0.075762 9.9964E-05 9.9964E-05
0.0521822 0.0323359 9.997E-05 0.871853 0.0396531 9.997E-05 0.00367622 9.997E-05
0.297849 9.99549E-05 9.99549E-05 0.565109 9.99549E-05 0.136542 9.99549E-05 9.99549E-05
9.996E-05 9.996E-05 9.996E-05 0.534295 0.276788 0.166125 9.996E-05 0.022392
9.9955E-05 9.9955E-05 9.9955E-05 0.592607 0.178878 0.228015 9.9955E-05 9.9955E-05
0.0638767 9.9973E-05 9.9973E-05 0.749531 0.0805598 0.0789604 9.9973E-05 0.0267724
0.218189 9.9955E-05 9.9955E-05 0.77519 0.00612148 9.9955E-05 9.9955E-05 9.9955E-05
0.279627 0.0364862 0.0360837 0.614719 0.000723525 9.9982E-05 0.032161 9.9982E-05
0.152429 9.9964E-05 9.9964E-05 0.635187 0.186854 9.9964E-05 0.0251302 9.9964E-05
0.172997 0.0659993 9.9973E-05 0.746369 9.9973E-05 9.9973E-05 0.011006 0.00332941
9.9964E-05 9.9964E-05 0.0501652 0.574363 0.193893 9.9964E-05 0.18118 9.9964E-05
0.0238593 9.996E-05 9.996E-05 0.595767 9.996E-05 9.996E-05 0.292092 0.0878817
0.0802075 0.0171937 9.9973E-05 0.808292 9.9973E-05 0.064943 9.9973E-05 0.0290637
9.99549E-05 9.99549E-05 9.99549E-05 0.674336 0.0900575 0.235107 9.99549E-05 9.99549E-05
9.9964E-05 9.9964E-05 9.9964E-05 0.599165 0.21856 0.148764 9.9964E-05 0.0331103
9.9955E-05 9.9955E-05 9.9955E-05 0.639123 0.219523 0.140854 9.9955E-05 9.9955E-05
9.9955E-05 9.9955E-05 9.9955E-05 0.532646 0.15726 0.309594 9.9955E-05 9.9955E-05
0.0713843 0.00969967 0.0128161 0.843464 9.9982E-05 0.0594949 0.00294132 9.9982E-05
9.9964E-05 9.9964E-05 0.000868146 0.682757 0.157248 0.158727 9.9964E-05 9.9964E-05
0.181275 9.997E-05 0.0089707 0.742198 0.0382803 0.0289759 9.997E-05 9.997E-05
0.108289 0.0188108 9.997E-05 0.556376 0.141777 0.174447 9.997E-05 9.997E-05
9.995E-05 9.995E-05 9.995E-05 0.846411 9.995E-05 0.0903636 9.995E-05 0.062726
9.9964E-05 9.9964E-05 9.9964E-05 0.0494487 9.9964E-05 0.110641 0.159846 0.679665
9.9982E-05 9.9982E-05 0.089821 0.00885616 0.0604458 0.0280263 0.436013 0.376638
9.99639E-05 9.99639E-05 0.178348 9.99639E-05 9.99639E-05 0.130247 0.327379 0.363626
9.99729E-05 9.99729E-05 0.0851442 0.104036 9.99729E-05 0.11765 0.634595 0.0582741
0.0813105 9.998E-05 0.122441 0.0787144 9.998E-05 0.0570954 0.634871 0.0253676
9.9955E-05 9.9955E-05 0.0843449 9.9955E-05 9.9955E-05 9.9955E-05 0.762427 0.152728
0.00244233 9.998E-05 0.202955 0.0295787 0.0220977 9.998E-05 0.323723 0.419003
0.0154047 9.9964E-05 0.173773 9.9964E-05 9.9964E-05 9.9964E-05 0.184349 0.626074
9.99461E-05 9.99461E-05 9.99461E-05 9.99461E-05 9.99461E-05 0.123173 9.99461E-05 0.876227
9.99639E-05 9.99639E-05 0.111473 0.0998858 9.99639E-05 9.99639E-05 0.629633 0.158609
9.99551E-05 0.0175736 0.0747255 9.99551E-05 9.99551E-05 9.99551E-05 0.907201 9.99551E-05
9.9955E-05 0.0238145 9.9955E-05 9.9955E-05 0.0406123 9.9955E-05 0.935073 9.9955E-05
0.0254848 0.0226065 0.148389 9.996E-05 9.996E-05 9.996E-05 0.803119 9.996E-05
