0.356052 9.9982E-05 0.529047 0.114701 9.9982E-05
0.411335 9.9991E-05 0.0955106 0.398531 0.0945231
0.427346 9.9991E-05 0.390345 0.105093 0.0771159
0.343536 0.0205116 0.475614 9.9991E-05 0.160239
0.688764 0.0631128 0.247923 9.9982E-05 9.9982E-05
0.413733 9.9982E-05 0.516852 9.9982E-05 0.0692154
9.9982E-05 0.134276 9.9982E-05 0.857914 0.00760974
0.089992 0.327471 0.055334 0.49984 0.0273627
0.0221235 0.382794 9.9982E-05 0.594882 9.9982E-05
9.9982E-05 0.34649 0.0349695 0.618341 9.9982E-05
9.9973E-05 0.225209 9.9973E-05 0.774491 9.9973E-05
0.00230289 0.169857 0.031794 0.795946 9.9991E-05
9.9982E-05 0.546007 0.00162915 0.452163 9.9982E-05
9.9973E-05 0.53922 9.9973E-05 0.46048 9.9973E-05
9.9982E-05 0.365575 9.9982E-05 0.633158 0.00106663
9.9973E-05 0.216665 9.9973E-05 0.783035 9.9973E-05
0.227523 0.0288024 0.558042 9.9991E-05 0.185533
0.0450801 0.089989 0.196464 9.9991E-05 0.668367
0.00124209 0.0771465 0.689475 9.9991E-05 0.232036
0.0844431 0.11961 0.658736 9.9991E-05 0.137111
0.151502 0.0762715 0.316018 9.9991E-05 0.456108
9.9982E-05 0.0594403 0.556993 9.9982E-05 0.383367
0.142777 9.9982E-05 0.550101 0.306923 9.9982E-05
0.25072 9.9982E-05 0.708812 0.040268 9.9982E-05
0.0651878 9.9982E-05 0.903979 0.030633 9.9982E-05
0.214859 9.9982E-05 0.759761 9.9982E-05 0.0251801
0.286222 0.148994 0.564584 9.9982E-05 9.9982E-05
0.36136 0.15092 0.48752 9.9982E-05 9.9982E-05
0.564051 0.0320374 0.0713674 0.058015 0.274529
0.32828 0.0706921 0.0869647 9.9991E-05 0.513963
9.9982E-05 9.9982E-05 0.247674 0.192569 0.559557
0.35082 0.0624026 0.217996 0.0564343 0.312347
0.263174 9.9982E-05 0.430019 9.9982E-05 0.306607
9.9973E-05 9.9973E-05 0.873934 0.125766 9.9973E-05
9.9973E-05 9.9973E-05 0.636834 0.362866 9.9973E-05
0.116775 0.036648 0.612179 0.0991026 0.135295
9.9991E-05 0.189888 0.515073 0.23639 0.0585489
0.0248429 0.0594045 0.751561 0.164091 9.9991E-05
9.9982E-05 9.9982E-05 0.714351 0.149542 0.135908
0.0268866 0.0748903 0.749491 9.9991E-05 0.148632
0.341551 9.9982E-05 0.451182 9.9982E-05 0.207067
0.431079 0.0907701 0.399109 9.9991E-05 0.0789421
0.330368 0.130048 0.403905 9.9991E-05 0.13558
0.479383 0.0781224 0.349381 0.0930132 9.9991E-05
0.320246 9.9991E-05 0.598793 0.049525 0.0313361
0.0988298 0.0013648 0.669183 9.9991E-05 0.230522
9.9982E-05 0.106157 0.231511 9.9982E-05 0.662132
0.0709761 0.0283442 9.9991E-05 0.0415027 0.859077
9.9973E-05 9.9973E-05 9.9973E-05 0.066476 0.933224
0.222171 9.9982E-05 0.0390627 9.9982E-05 0.738566
9.9982E-05 0.0816055 0.206658 9.9982E-05 0.711536
0.182648 0.0143943 0.500649 0.154624 0.147684
9.9982E-05 0.105686 0.485627 9.9982E-05 0.408487
0.0527254 0.0239881 0.724733 0.0165904 0.181963
0.054514 9.9991E-05 0.692717 0.0416385 0.211031
0.095632 0.103026 0.744253 9.9991E-05 0.0569891
9.9982E-05 0.32294 0.253793 0.423067 9.9982E-05
0.0306617 0.545236 0.120865 0.303138 9.9991E-05
0.0784338 0.919365 9.9982E-05 0.00200121 9.9982E-05
9.9991E-05 0.550747 0.0509401 0.358692 0.0395206
9.9973E-05 0.6535 9.9973E-05 0.3462 9.9973E-05
0.0216041 0.657798 9.9991E-05 0.162183 0.158315
9.9973E-05 9.9973E-05 9.9973E-05 0.9142 0.0854998
9.9982E-05 0.189365 0.0924074 0.718028 9.9982E-05
0.00824615 0.370319 9.9982E-05 0.621235 9.9982E-05
9.9973E-05 0.529253 9.9973E-05 0.470447 9.9973E-05
9.9982E-05 0.41246 0.148411 0.438929 9.9982E-05
9.99821E-05 0.756255 0.0660047 0.17754 9.99821E-05
9.9982E-05 0.259742 0.0604248 0.679634 9.9982E-05
9.9973E-05 0.527063 9.9973E-05 0.472637 9.9973E-05
9.9982E-05 0.165848 0.145165 0.688786 9.9982E-05
0.00283094 0.617043 0.108717 0.271309 9.9991E-05
0.00548789 0.207659 0.0235793 0.763174 9.9991E-05
0.0166434 0.755089 9.9991E-05 0.0993286 0.128839
9.9991E-05 0.744384 0.158699 0.0953236 0.00149321
9.9982E-05 0.796334 9.9982E-05 0.0377302 0.165736
0.0283459 0.653435 9.9991E-05 0.288998 0.0291213
0.00797044 0.99173 9.9973E-05 9.9973E-05 9.9973E-05
9.9973E-05 0.714633 9.9973E-05 0.285067 9.9973E-05
9.9982E-05 0.274738 9.9982E-05 0.721068 0.00399441
0.013914 0.656111 0.0229174 0.191135 0.115923
0.80859 0.0669685 0.124241 9.9982E-05 9.9982E-05
0.801941 9.9982E-05 9.9982E-05 0.196782 0.00107683
0.817032 0.00476699 9.9982E-05 0.178001 9.9982E-05
0.803169 0.120079 0.0301117 9.9991E-05 0.0465408
0.649433 0.0492096 9.9982E-05 9.9982E-05 0.301158
0.180399 9.9982E-05 9.9982E-05 0.148339 0.671062
0.595082 9.9991E-05 0.0869015 0.139576 0.17834
0.493493 9.9991E-05 0.150071 0.188769 0.167567
0.74354 0.0796468 0.000740587 9.9991E-05 0.175973
0.739599 9.9982E-05 9.9982E-05 0.0164096 0.243792
0.718905 0.184116 0.0967791 9.9982E-05 9.9982E-05
0.528722 0.0906872 0.380391 9.9982E-05 9.9982E-05
0.583053 0.0579732 0.358774 9.9982E-05 9.9982E-05
0.615451 0.0922961 0.221273 9.9991E-05 0.0708799
0.34995 0.0390084 0.0416284 0.00954749 0.559865
0.476192 0.0501807 0.288687 9.9991E-05 0.18484
0.689852 0.121923 0.188025 9.9982E-05 9.9982E-05
0.543105 0.121736 0.334958 9.9982E-05 9.9982E-05
0.623804 9.9982E-05 0.302427 0.0735683 9.9982E-05
0.664936 9.9991E-05 0.036147 0.000509625 0.298307
0.83272 9.9982E-05 0.0694747 9.9982E-05 0.0976057
0.853547 9.9991E-05 0.0241334 0.0218554 0.100364
0.86051 9.9991E-05 0.0169663 0.0551546 0.0672693
0.775064 0.0591766 9.9991E-05 0.0116113 0.154048
0.807514 0.0277952 0.134588 9.9991E-05 0.0300027
0.702795 0.0247764 0.234414 9.9991E-05 0.037914
0.902765 0.0969355 9.9973E-05 9.9973E-05 9.9973E-05
0.848702 0.0888002 9.9982E-05 9.9982E-05 0.0622978
0.877793 0.0298666 0.0921402 9.9982E-05 9.9982E-05
0.83753 0.0363578 0.125912 9.9982E-05 9.9982E-05
0.940411 0.0101738 0.0492154 9.9982E-05 9.9982E-05
0.598781 9.9982E-05 0.207861 9.9982E-05 0.193158
0.79068 0.0830928 0.0220383 9.9991E-05 0.104089
0.739541 9.9991E-05 0.112927 0.0193763 0.128056
0.838704 0.0375251 0.0616144 9.9991E-05 0.0620563
0.878736 0.0489516 9.9982E-05 9.9982E-05 0.0721122
0.950572 0.0491279 9.9973E-05 9.9973E-05 9.9973E-05
0.875758 0.0196365 9.9982E-05 9.9982E-05 0.104406
0.76101 9.9982E-05 0.0230882 0.215702 9.9982E-05
0.865385 9.9973E-05 9.9973E-05 0.134316 9.9973E-05
0.895385 9.99731E-05 9.99731E-05 0.104315 9.99731E-05
0.971132 0.028398 0.000269772 9.9982E-05 9.9982E-05
0.804369 0.109358 0.0860733 9.9982E-05 9.9982E-05
0.863265 0.0967367 0.0397982 9.9982E-05 9.9982E-05
0.929639 0.0464751 9.9982E-05 0.0236858 9.9982E-05
0.608957 0.246523 0.111382 0.0330375 9.9991E-05
0.57457 0.350991 9.9982E-05 0.0742393 9.9982E-05
0.881821 9.9973E-05 9.9973E-05 9.9973E-05 0.117879
0.802531 9.9982E-05 9.9982E-05 0.100134 0.0971346
0.822137 9.9982E-05 0.0107505 0.166913 9.9982E-05
0.87491 9.9973E-05 9.9973E-05 0.12479 9.9973E-05
0.704493 9.9982E-05 9.9982E-05 0.081245 0.214062
0.888015 0.0546974 9.9982E-05 9.9982E-05 0.057088
0.839829 9.9991E-05 0.0343011 0.0833579 0.0424119
0.917349 0.00996916 0.0384314 0.0062877 0.0279624
0.751993 9.9982E-05 0.056713 9.9982E-05 0.191094
0.867255 9.9982E-05 9.9982E-05 0.108487 0.0240575
0.0367931 0.158853 9.9991E-05 0.743605 0.060649
0.015414 0.490169 9.9991E-05 0.47797 0.0163466
9.9982E-05 0.375542 9.9982E-05 0.531239 0.0930189
0.0381025 0.680563 9.9991E-05 0.187015 0.0942202
0.108498 0.703943 9.9982E-05 0.187359 9.9982E-05
9.9973E-05 0.844241 9.9973E-05 0.155459 9.9973E-05
0.0110954 0.419787 0.0286997 0.540318 9.9991E-05
9.9973E-05 0.272645 9.9973E-05 0.727055 9.9973E-05
9.997E-05 9.997E-05 9.997E-05 0.9996 9.997E-05
0.0446715 0.705604 9.9982E-05 0.249525 9.9982E-05
9.99731E-05 0.986356 0.0133438 9.99731E-05 9.99731E-05
9.9973E-05 0.938441 0.0612593 9.9973E-05 9.9973E-05
0.0132675 0.972392 0.0141408 9.9982E-05 9.9982E-05
