0.370925 9.99639E-05 9.99639E-05 9.99639E-05 0.0417992 0.157973 0.242543 0.182365 0.00399511 9.99639E-05
0.184245 0.0584431 9.9964E-05 9.9964E-05 0.301019 0.0928319 9.9964E-05 0.319146 0.0439155 9.9964E-05
0.360711 0.00436887 9.9964E-05 9.9964E-05 0.178924 0.296664 0.139301 9.9964E-05 9.9964E-05 0.0196308
0.674603 9.9964E-05 9.9964E-05 0.0303453 0.0723656 0.00967481 9.9964E-05 0.0848014 9.9964E-05 0.12781
0.183197 9.9955E-05 9.9955E-05 0.0123485 9.9955E-05 0.592625 0.118395 9.9955E-05 9.9955E-05 0.0929347
0.505523 9.9946E-05 9.9946E-05 9.9946E-05 9.9946E-05 0.0776244 0.193338 9.9946E-05 9.9946E-05 0.222915
0.00176939 0.100348 9.9955E-05 9.9955E-05 0.0919217 9.9955E-05 9.9955E-05 0.00353907 0.801922 9.9955E-05
9.9973E-05 0.0229318 0.000274775 0.0285398 9.9973E-05 0.151931 0.0192644 0.0584657 0.718292 9.9973E-05
9.9937E-05 9.9937E-05 0.0907306 9.9937E-05 9.9937E-05 9.9937E-05 9.9937E-05 9.9937E-05 0.826928 0.0816416
0.0803868 9.99371E-05 9.99371E-05 9.99371E-05 9.99371E-05 9.99371E-05 0.0145501 9.99371E-05 0.904364 9.99371E-05
0.0568473 9.99459E-05 9.99459E-05 9.99459E-05 0.129064 9.99459E-05 9.99459E-05 0.0223196 0.79117 9.99459E-05
9.99549E-05 9.99549E-05 0.0174645 9.99549E-05 0.359337 0.0144025 0.0956029 9.99549E-05 0.512693 9.99549E-05
9.9937E-05 9.9937E-05 9.9937E-05 0.285606 0.088068 9.9937E-05 9.9937E-05 9.9937E-05 0.625627 9.9937E-05
9.9928E-05 9.9928E-05 9.9928E-05 0.200422 9.9928E-05 9.9928E-05 9.9928E-05 9.9928E-05 0.798778 9.9928E-05
9.9955E-05 0.0118781 0.016894 9.9955E-05 0.0856915 9.9955E-05 9.9955E-05 9.9955E-05 0.853242 0.0317944
9.99461E-05 0.0347625 9.99461E-05 9.99461E-05 0.189931 9.99461E-05 9.99461E-05 0.00277056 0.771937 9.99461E-05
9.9946E-05 0.176859 9.9946E-05 9.9946E-05 9.9946E-05 0.326023 0.469251 9.9946E-05 9.9946E-05 0.0272683
0.265136 0.556112 0.0332959 0.0271412 9.9973E-05 0.0652352 0.0346334 9.9973E-05 0.0181467 9.9973E-05
9.99459E-05 0.229684 9.99459E-05 0.0535161 9.99459E-05 9.99459E-05 0.532105 9.99459E-05 9.99459E-05 0.184095
0.257167 0.0918931 9.9964E-05 0.0773376 9.9964E-05 0.118441 0.366045 9.9964E-05 9.9964E-05 0.0887165
0.175056 0.466683 9.9973E-05 0.0192104 9.9973E-05 0.200805 0.10548 9.9973E-05 0.0216461 0.0108206
0.38345 0.32564 0.0400147 0.0054869 9.99549E-05 9.99549E-05 0.244908 9.99549E-05 9.99549E-05 9.99549E-05
9.9955E-05 9.9955E-05 9.9955E-05 9.9955E-05 0.162378 0.0666857 0.602194 0.112314 9.9955E-05 0.0559276
0.0179558 9.9955E-05 9.9955E-05 9.9955E-05 0.0512743 0.25774 0.530872 0.141657 9.9955E-05 9.9955E-05
0.0161318 9.99461E-05 9.99461E-05 9.99461E-05 9.99461E-05 0.121354 0.812535 9.99461E-05 9.99461E-05 0.04938
0.643829 9.9937E-05 9.9937E-05 9.9937E-05 9.9937E-05 9.9937E-05 0.28135 0.0741206 9.9937E-05 9.9937E-05
9.9937E-05 9.9937E-05 9.9937E-05 0.0833237 9.9937E-05 0.397576 0.5184 9.9937E-05 9.9937E-05 9.9937E-05
0.0103426 9.9955E-05 9.9955E-05 0.0652856 9.9955E-05 0.344271 0.431771 9.9955E-05 9.9955E-05 0.14783
0.146995 0.165401 9.9955E-05 9.9955E-05 9.9955E-05 0.381383 9.9955E-05 0.171243 0.134478 9.9955E-05
0.20306 0.331005 9.99461E-05 9.99461E-05 9.99461E-05 0.281489 9.99461E-05 9.99461E-05 0.183846 9.99461E-05
0.461492 0.143867 9.9937E-05 9.9937E-05 0.393942 9.9937E-05 9.9937E-05 9.9937E-05 9.9937E-05 9.9937E-05
0.313843 0.0915184 0.000886875 9.99639E-05 0.229255 0.239133 9.99639E-05 9.99639E-05 9.99639E-05 0.124963
0.622626 0.0965555 9.9964E-05 9.9964E-05 0.079637 0.102788 0.0178239 9.9964E-05 9.9964E-05 0.0801696
0.188314 9.9946E-05 9.9946E-05 9.9946E-05 9.9946E-05 9.9946E-05 0.710521 0.0629412 0.0376241 9.9946E-05
9.9937E-05 9.9937E-05 9.9937E-05 9.9937E-05 0.316796 9.9937E-05 0.638085 0.0444195 9.9937E-05 9.9937E-05
0.0228282 0.129463 9.9964E-05 9.9964E-05 0.0584515 0.225966 0.507177 9.9964E-05 9.9964E-05 0.0557139
0.0962581 9.9955E-05 9.9955E-05 0.228088 0.298974 9.9955E-05 0.278947 9.9955E-05 9.9955E-05 0.0972337
9.9955E-05 9.9955E-05 9.9955E-05 0.0185708 0.0559675 0.0300213 0.729754 9.9955E-05 9.9955E-05 0.165187
0.168138 0.149682 9.9955E-05 0.088446 9.9955E-05 9.9955E-05 0.456802 0.136433 9.9955E-05 9.9955E-05
9.9955E-05 0.115802 0.00253521 9.9955E-05 9.9955E-05 0.0091157 0.646996 9.9955E-05 9.9955E-05 0.225051
0.522583 9.99281E-05 9.99281E-05 9.99281E-05 9.99281E-05 9.99281E-05 9.99281E-05 0.476618 9.99281E-05 9.99281E-05
0.361647 9.9964E-05 9.9964E-05 0.117657 0.00362478 0.0421371 9.9964E-05 0.253755 9.9964E-05 0.220779
0.470759 0.0935734 9.9946E-05 0.158228 9.9946E-05 9.9946E-05 9.9946E-05 9.9946E-05 9.9946E-05 0.27684
9.9955E-05 9.9955E-05 0.121789 0.052678 9.9955E-05 9.9955E-05 0.164031 0.491329 9.9955E-05 0.169673
0.79515 9.9946E-05 9.9946E-05 9.9946E-05 9.9946E-05 9.9946E-05 9.9946E-05 0.115363 0.032343 0.0565441
0.926307 9.9937E-05 0.0138748 9.9937E-05 0.059119 9.9937E-05 9.9937E-05 9.9937E-05 9.9937E-05 9.9937E-05
9.99459E-05 0.667064 0.047774 0.0439872 9.99459E-05 9.99459E-05 0.240575 9.99459E-05 9.99459E-05 9.99459E-05
9.99459E-05 0.678889 0.040592 9.99459E-05 0.116575 9.99459E-05 9.99459E-05 0.163344 9.99459E-05 9.99459E-05
9.9937E-05 0.835758 9.9937E-05 9.9937E-05 0.0697328 9.9937E-05 9.9937E-05 0.0938098 9.9937E-05 9.9937E-05
9.9937E-05 0.589654 9.9937E-05 9.9937E-05 9.9937E-05 9.9937E-05 9.9937E-05 0.331127 9.9937E-05 0.078519
0.114434 0.773066 9.99549E-05 0.0326957 9.99549E-05 9.99549E-05 0.0712208 9.99549E-05 0.00808384 9.99549E-05
0.00228885 0.201181 9.9964E-05 0.00570152 9.9964E-05 9.9964E-05 0.378012 0.278885 0.133532 9.9964E-05
0.074312 0.475068 0.0442521 0.0223051 9.9964E-05 0.0350053 0.348658 9.9964E-05 9.9964E-05 9.9964E-05
0.223634 0.11896 9.9955E-05 0.0558308 9.9955E-05 9.9955E-05 0.391074 0.210002 9.9955E-05 9.9955E-05
0.0621397 0.15279 9.99549E-05 0.0228551 9.99549E-05 9.99549E-05 0.512736 0.248979 9.99549E-05 9.99549E-05
0.434417 0.0105964 9.9964E-05 0.121912 9.9964E-05 0.11606 0.307329 9.9964E-05 9.9964E-05 0.00928664
9.9955E-05 9.9955E-05 0.319879 9.9955E-05 0.0147905 9.9955E-05 0.236653 0.106708 0.32147 9.9955E-05
9.9955E-05 9.9955E-05 0.13401 0.256661 9.9955E-05 0.0521023 0.104959 9.9955E-05 0.451768 9.9955E-05
9.9946E-05 9.9946E-05 0.619518 0.337042 9.9946E-05 9.9946E-05 0.0257379 0.0171029 9.9946E-05 9.9946E-05
9.9955E-05 0.0250152 0.714793 9.9955E-05 9.9955E-05 9.9955E-05 0.0415297 0.084631 0.133531 9.9955E-05
9.9946E-05 9.9946E-05 0.771899 0.0324582 0.0966418 9.9946E-05 9.9946E-05 9.9946E-05 0.0984013 9.9946E-05
0.0538427 0.082709 0.8457 9.9946E-05 9.9946E-05 9.9946E-05 0.017149 9.9946E-05 9.9946E-05 9.9946E-05
9.99369E-05 0.129187 9.99369E-05 9.99369E-05 0.741922 9.99369E-05 9.99369E-05 9.99369E-05 0.128191 9.99369E-05
0.029736 9.99549E-05 0.0174957 0.199853 0.73236 9.99549E-05 0.0200557 9.99549E-05 9.99549E-05 9.99549E-05
9.99459E-05 9.99459E-05 0.167128 9.99459E-05 0.232102 9.99459E-05 9.99459E-05 9.99459E-05 0.520791 0.0793789
9.9937E-05 9.9937E-05 0.188167 0.0935497 9.9937E-05 9.9937E-05 9.9937E-05 9.9937E-05 0.717584 9.9937E-05
9.9964E-05 9.9964E-05 0.00749649 0.247068 0.227224 0.00771335 0.114952 9.9964E-05 0.395146 9.9964E-05
9.99551E-05 9.99551E-05 0.00899009 0.589986 0.0553847 9.99551E-05 0.0168661 9.99551E-05 0.328273 9.99551E-05
0.0255806 9.9964E-05 0.00651293 0.235199 0.516936 9.9964E-05 0.0395867 9.9964E-05 0.175785 9.9964E-05
9.9955E-05 9.9955E-05 0.220959 0.221702 0.192919 9.9955E-05 0.0903439 9.9955E-05 0.273576 9.9955E-05
9.9955E-05 9.9955E-05 9.9955E-05 0.193431 0.697625 9.9955E-05 0.0658805 9.9955E-05 0.0307834 0.0117803
9.996E-05 9.996E-05 0.0772054 0.423805 0.192729 0.0204697 0.0631301 9.996E-05 0.222261 9.996E-05
9.99459E-05 9.99459E-05 0.174903 0.0284064 0.636246 9.99459E-05 9.99459E-05 9.99459E-05 0.159845 9.99459E-05
9.9973E-05 0.0391085 0.364745 0.41795 0.0852441 0.0221972 9.9973E-05 9.9973E-05 0.0408383 0.0296161
0.0266984 9.99369E-05 9.99369E-05 0.80263 0.169972 9.99369E-05 9.99369E-05 9.99369E-05 9.99369E-05 9.99369E-05
9.9946E-05 0.123137 0.539025 0.288413 0.048825 9.9946E-05 9.9946E-05 9.9946E-05 9.9946E-05 9.9946E-05
9.99459E-05 9.99459E-05 0.381075 0.299686 0.226922 9.99459E-05 9.99459E-05 9.99459E-05 9.99459E-05 0.0917168
9.9928E-05 9.9928E-05 0.672761 0.326439 9.9928E-05 9.9928E-05 9.9928E-05 9.9928E-05 9.9928E-05 9.9928E-05
9.9946E-05 9.9946E-05 0.632762 0.130803 9.9946E-05 9.9946E-05 0.0073605 9.9946E-05 0.228475 9.9946E-05
9.99549E-05 0.101945 0.347336 9.99549E-05 0.383276 9.99549E-05 0.00790154 9.99549E-05 0.159041 9.99549E-05
0.160389 0.00163765 0.806971 0.0304026 9.99461E-05 9.99461E-05 9.99461E-05 9.99461E-05 9.99461E-05 9.99461E-05
0.10395 0.0324862 9.99461E-05 0.0503236 9.99461E-05 0.81264 9.99461E-05 9.99461E-05 9.99461E-05 9.99461E-05
0.0756559 9.9955E-05 0.0171698 0.0620314 9.9955E-05 0.00173761 9.9955E-05 0.842905 9.9955E-05 9.9955E-05
9.9946E-05 9.9946E-05 9.9946E-05 0.136503 9.9946E-05 0.0459949 9.9946E-05 0.801493 9.9946E-05 0.0154092
9.9955E-05 0.102736 9.9955E-05 0.0475051 9.9955E-05 0.736981 9.9955E-05 9.9955E-05 0.0135706 0.0987069
9.9955E-05 0.272316 9.9955E-05 9.9955E-05 9.9955E-05 0.490022 9.9955E-05 0.103788 0.0668938 0.0664802
9.99372E-05 0.415854 9.99372E-05 9.99372E-05 0.260212 9.99372E-05 9.99372E-05 0.323234 9.99372E-05 9.99372E-05
9.99641E-05 0.0960052 0.00452298 9.99641E-05 0.115247 9.99641E-05 9.99641E-05 0.196481 0.0148746 0.57247
0.0532058 0.0778608 9.9964E-05 9.9964E-05 0.0295644 9.9964E-05 9.9964E-05 0.316873 0.0621825 0.459914
0.023256 0.0940428 9.9946E-05 9.9946E-05 9.9946E-05 0.209055 9.9946E-05 9.9946E-05 9.9946E-05 0.673046
9.9955E-05 0.110804 9.9955E-05 9.9955E-05 0.0502042 0.0911128 9.9955E-05 0.283694 9.9955E-05 0.463685
9.99281E-05 9.99281E-05 9.99281E-05 0.0268456 9.99281E-05 9.99281E-05 9.99281E-05 9.99281E-05 9.99281E-05 0.972355
0.0973941 9.9946E-05 9.9946E-05 0.0296832 9.9946E-05 9.9946E-05 0.0309975 9.9946E-05 9.9946E-05 0.841325
0.224928 9.99549E-05 9.99549E-05 9.99549E-05 9.99549E-05 0.219622 0.0550438 9.99549E-05 0.0371283 0.462778
9.9973E-05 0.0374286 0.0396482 9.9973E-05 0.00396721 0.00345967 0.0552578 0.0416451 9.9973E-05 0.818293
0.114986 0.331549 9.99459E-05 9.99459E-05 0.0541268 9.99459E-05 9.99459E-05 9.99459E-05 9.99459E-05 0.498739
0.190982 0.0768566 0.00517947 9.9964E-05 9.9964E-05 9.9964E-05 0.0689741 9.9964E-05 0.0149335 0.642674
9.9955E-05 9.9955E-05 9.9955E-05 0.0303392 9.9955E-05 0.103352 0.00160835 9.9955E-05 0.0252777 0.838923
9.9937E-05 9.9937E-05 9.9937E-05 9.9937E-05 9.9937E-05 0.115408 0.138459 9.9937E-05 9.9937E-05 0.745433
0.0655374 9.99639E-05 9.99639E-05 9.99639E-05 9.99639E-05 0.092197 0.114922 0.17004 0.0101462 0.546758
9.99549E-05 0.210316 9.99549E-05 9.99549E-05 9.99549E-05 0.349057 9.99549E-05 0.355078 0.030226 0.0548233
0.251421 0.00299556 9.9946E-05 9.9946E-05 9.9946E-05 0.438953 9.9946E-05 0.306031 9.9946E-05 9.9946E-05
9.9946E-05 0.0469254 9.9946E-05 9.9946E-05 9.9946E-05 0.349302 0.0853125 0.51786 9.9946E-05 9.9946E-05
9.9946E-05 0.0363882 9.9946E-05 9.9946E-05 9.9946E-05 0.420424 9.9946E-05 0.505329 9.9946E-05 0.0372587
9.9946E-05 0.174804 9.9946E-05 9.9946E-05 0.0662817 0.649281 9.9946E-05 9.9946E-05 9.9946E-05 0.109034
0.0213297 0.0560687 9.9946E-05 9.9946E-05 9.9946E-05 0.829372 0.09263 9.9946E-05 9.9946E-05 9.9946E-05
9.9937E-05 0.120262 9.9937E-05 9.9937E-05 9.9937E-05 0.68455 0.194488 9.9937E-05 9.9937E-05 9.9937E-05
9.9937E-05 0.11058 9.9937E-05 0.0120632 9.9937E-05 0.876658 9.9937E-05 9.9937E-05 9.9937E-05 9.9937E-05
0.0647022 0.0177519 0.00889816 0.00572837 0.0503512 0.845029 9.9973E-05 9.9973E-05 9.9973E-05 0.00723955
0.0418547 9.9955E-05 0.0102936 9.9955E-05 9.9955E-05 0.744683 9.9955E-05 0.0383785 9.9955E-05 0.16429
0.183514 9.9928E-05 9.9928E-05 9.9928E-05 9.9928E-05 0.815687 9.9928E-05 9.9928E-05 9.9928E-05 9.9928E-05
0.0581467 9.9937E-05 9.9937E-05 9.9937E-05 9.9937E-05 0.873274 9.9937E-05 0.0678802 9.9937E-05 9.9937E-05
0.484852 0.0214898 9.99459E-05 9.99459E-05 9.99459E-05 0.288721 9.99459E-05 0.204337 9.99459E-05 9.99459E-05
9.9955E-05 0.10579 9.9955E-05 0.0473828 9.9955E-05 0.3894 9.9955E-05 0.289724 9.9955E-05 0.167203
0.213084 0.0212308 9.9964E-05 9.9964E-05 0.050064 0.547503 0.0414872 0.126231 9.9964E-05 9.9964E-05
9.99551E-05 0.0917885 9.99551E-05 9.99551E-05 0.00799707 0.661027 0.0168531 9.99551E-05 9.99551E-05 0.221835
0.032064 0.0563731 9.99551E-05 9.99551E-05 9.99551E-05 0.648385 9.99551E-05 0.142232 9.99551E-05 0.120447
9.9946E-05 9.9946E-05 9.9946E-05 9.9946E-05 9.9946E-05 0.783918 0.0750168 0.138912 9.9946E-05 0.00155367
0.00955282 0.0418699 9.99549E-05 9.99549E-05 9.99549E-05 0.551794 9.99549E-05 0.146016 9.99549E-05 0.250268
9.9946E-05 9.9946E-05 9.9946E-05 9.9946E-05 0.0720505 0.221322 0.0892786 0.616749 9.9946E-05 9.9946E-05
9.9946E-05 9.9946E-05 9.9946E-05 9.9946E-05 0.0963736 0.25145 9.9946E-05 0.582224 9.9946E-05 0.0693525
9.9946E-05 9.9946E-05 9.9946E-05 9.9946E-05 0.0835632 0.576815 0.0175813 0.321441 9.9946E-05 9.9946E-05
0.0927853 9.9946E-05 9.9946E-05 9.9946E-05 9.9946E-05 0.801345 9.9946E-05 0.0390011 9.9946E-05 0.0662686
0.0394155 9.9964E-05 9.9964E-05 0.0873025 0.0614075 0.651225 9.9964E-05 0.0394727 9.9964E-05 0.120777
9.9955E-05 9.9955E-05 0.061529 9.9955E-05 9.9955E-05 0.649724 0.0667253 0.112124 9.9955E-05 0.109398
9.9964E-05 0.0603173 0.00691573 9.9964E-05 0.0235211 0.832575 9.9964E-05 9.9964E-05 0.00418417 0.072087
9.9946E-05 9.9946E-05 0.144606 9.9946E-05 9.9946E-05 0.604422 0.18697 9.9946E-05 0.0634017 9.9946E-05
9.9937E-05 9.9937E-05 0.404652 9.9937E-05 9.9937E-05 0.530793 9.9937E-05 9.9937E-05 9.9937E-05 0.0638551
9.9955E-05 0.0896762 9.9955E-05 9.9955E-05 0.0108345 0.687305 9.9955E-05 0.16185 9.9955E-05 0.049835
9.9946E-05 0.0726022 9.9946E-05 9.9946E-05 9.9946E-05 0.239323 9.9946E-05 0.646496 9.9946E-05 0.0409798
9.9955E-05 9.9955E-05 9.9955E-05 9.9955E-05 0.0575693 0.398709 9.9955E-05 0.443868 0.0218513 0.0775034
9.9946E-05 9.9946E-05 0.0351935 9.9946E-05 9.9946E-05 0.288032 9.9946E-05 0.586864 9.9946E-05 0.0893111
0.0502329 0.0533426 9.9946E-05 9.9946E-05 9.9946E-05 0.0795805 9.9946E-05 0.816244 9.9946E-05 9.9946E-05
9.9937E-05 0.109627 9.9937E-05 9.9937E-05 9.9937E-05 0.793506 9.9937E-05 0.0961674 9.9937E-05 9.9937E-05
9.9937E-05 9.9937E-05 9.9937E-05 9.9937E-05 9.9937E-05 0.252068 9.9937E-05 0.609847 9.9937E-05 0.137385
0.149335 9.99459E-05 9.99459E-05 9.99459E-05 9.99459E-05 0.573544 9.99459E-05 0.228566 9.99459E-05 0.0479557
0.220474 0.0801997 9.99459E-05 9.99459E-05 9.99459E-05 0.439203 9.99459E-05 0.259523 9.99459E-05 9.99459E-05
9.9937E-05 9.9937E-05 9.9937E-05 9.9937E-05 0.0766896 0.499507 9.9937E-05 0.423104 9.9937E-05 9.9937E-05
9.9946E-05 0.00870444 0.31129 9.9946E-05 0.570855 9.9946E-05 9.9946E-05 0.108551 9.9946E-05 9.9946E-05
9.9946E-05 9.9946E-05 0.669872 9.9946E-05 0.16427 0.0105111 9.9946E-05 9.9946E-05 0.154747 9.9946E-05
9.9955E-05 0.116372 0.516737 9.9955E-05 0.2222 9.9955E-05 9.9955E-05 0.0171656 0.127025 9.9955E-05
0.0375576 0.00530005 0.786531 0.0487855 9.9964E-05 9.9964E-05 9.9964E-05 0.0812918 0.0401342 9.9964E-05
9.9955E-05 9.9955E-05 0.777913 0.0781228 9.9955E-05 0.0150349 9.9955E-05 9.9955E-05 0.0078757 0.120554
0.0125784 9.99371E-05 0.908541 0.078181 9.99371E-05 9.99371E-05 9.99371E-05 9.99371E-05 9.99371E-05 9.99371E-05
9.9964E-05 9.9964E-05 0.252049 0.213305 0.322291 9.9964E-05 9.9964E-05 0.0246186 0.184166 0.00316974
9.99459E-05 9.99459E-05 0.208558 0.0382315 0.491046 9.99459E-05 9.99459E-05 9.99459E-05 0.261565 9.99459E-05
9.99201E-05 9.99201E-05 9.99201E-05 9.99201E-05 0.999101 9.99201E-05 9.99201E-05 9.99201E-05 9.99201E-05 9.99201E-05
9.99549E-05 9.99549E-05 0.323157 0.36649 0.0929791 0.0595476 9.99549E-05 9.99549E-05 0.157327 9.99549E-05
9.99201E-05 9.99201E-05 9.99201E-05 0.999101 9.99201E-05 9.99201E-05 9.99201E-05 9.99201E-05 9.99201E-05 9.99201E-05
9.9928E-05 9.9928E-05 0.440128 0.559072 9.9928E-05 9.9928E-05 9.9928E-05 9.9928E-05 9.9928E-05 9.9928E-05
9.9946E-05 0.0162162 9.9946E-05 0.879198 9.9946E-05 9.9946E-05 9.9946E-05 9.9946E-05 0.0565296 0.047457
