0.179602 9.9973E-05 9.9973E-05 0.011208 0.135038 0.0228288 0.498036 0.152987 9.9973E-05
0.330927 9.9964E-05 0.0775328 9.9964E-05 9.9964E-05 0.272228 0.240102 0.0788101 9.9964E-05
0.041168 9.9973E-05 9.9973E-05 9.9973E-05 0.12915 0.134035 0.366595 0.227077 0.101674
0.125698 0.0388895 9.9973E-05 0.0142002 9.9973E-05 9.9973E-05 0.604542 0.0154125 0.200958
9.9955E-05 9.9955E-05 9.9955E-05 9.9955E-05 0.0775559 9.9955E-05 0.229307 0.606831 0.0858065
0.0605051 9.9964E-05 9.9964E-05 9.9964E-05 0.0772471 9.9964E-05 0.653949 0.0273744 0.180524
0.0158106 9.99549E-05 0.113217 0.738492 9.99549E-05 0.131981 9.99549E-05 9.99549E-05 9.99549E-05
0.00182943 9.9973E-05 0.0669839 0.659754 0.0333447 0.0466681 9.9973E-05 0.19112 9.9973E-05
9.9946E-05 9.9946E-05 9.9946E-05 0.888436 9.9946E-05 0.011971 9.9946E-05 9.9946E-05 0.0989929
9.9955E-05 9.9955E-05 0.0338522 0.864294 9.9955E-05 0.042498 0.0588559 9.9955E-05 9.9955E-05
0.0746223 9.99459E-05 9.99459E-05 0.801581 9.99459E-05 0.123197 9.99459E-05 9.99459E-05 9.99459E-05
9.99549E-05 9.99549E-05 9.99549E-05 0.357248 0.0827657 0.530976 9.99549E-05 0.02851 9.99549E-05
9.9955E-05 0.22414 9.9955E-05 0.69659 9.9955E-05 0.0581272 9.9955E-05 0.0206428 9.9955E-05
9.99551E-05 0.0741081 9.99551E-05 0.871236 0.0308528 9.99551E-05 9.99551E-05 9.99551E-05 0.0233033
9.9964E-05 9.9964E-05 0.103797 0.856204 9.9964E-05 0.0148358 0.0109604 9.9964E-05 0.0138023
0.048393 9.99551E-05 0.0382674 0.708824 9.99551E-05 0.204016 9.99551E-05 9.99551E-05 9.99551E-05
9.9955E-05 9.9955E-05 0.143985 9.9955E-05 0.519584 9.9955E-05 9.9955E-05 0.318467 0.0174646
9.9964E-05 0.0842398 0.524483 9.9964E-05 0.0253495 0.00539572 0.360132 9.9964E-05 9.9964E-05
9.9955E-05 0.0288664 0.213202 9.9955E-05 0.598591 9.9955E-05 9.9955E-05 9.9955E-05 0.158841
9.997E-05 0.0594832 0.0935267 9.997E-05 0.403795 9.997E-05 0.14453 0.145892 0.152473
9.9982E-05 0.00350276 0.411624 0.0222824 0.203863 9.9982E-05 0.175417 0.175664 0.00744687
9.99549E-05 0.0425308 0.323315 9.99549E-05 0.257108 9.99549E-05 0.376547 9.99549E-05 9.99549E-05
0.133056 9.9955E-05 9.9955E-05 9.9955E-05 0.481178 0.234107 9.9955E-05 0.151159 9.9955E-05
0.206129 9.9964E-05 9.9964E-05 9.9964E-05 0.504675 0.0395793 0.070039 0.179178 9.9964E-05
0.0569667 9.9964E-05 9.9964E-05 9.9964E-05 0.723903 9.9964E-05 0.055517 0.0833022 0.0799118
0.137454 9.9955E-05 9.9955E-05 0.0214211 0.258282 9.9955E-05 0.582344 9.9955E-05 9.9955E-05
9.9946E-05 0.0678261 9.9946E-05 9.9946E-05 0.54889 9.9946E-05 9.9946E-05 0.382685 9.9946E-05
9.9964E-05 9.9964E-05 9.9964E-05 0.0613017 0.466283 9.9964E-05 0.016806 0.322413 0.132797
0.206875 9.9964E-05 0.205219 0.0998046 9.9964E-05 9.9964E-05 0.133002 0.3547 9.9964E-05
0.0665876 9.9964E-05 0.375412 0.120345 9.9964E-05 9.9964E-05 0.20416 0.233095 9.9964E-05
9.9946E-05 9.9946E-05 0.171184 9.9946E-05 9.9946E-05 0.343536 0.484681 9.9946E-05 9.9946E-05
9.99639E-05 9.99639E-05 0.0323715 9.99639E-05 9.99639E-05 0.239873 0.397943 0.247138 0.0822743
9.997E-05 9.997E-05 0.129305 9.997E-05 0.0821547 0.054808 0.534198 0.145631 0.0536034
0.142209 9.995E-05 9.995E-05 0.0645574 0.656807 9.995E-05 0.135927 9.995E-05 9.995E-05
0.099068 9.99459E-05 9.99459E-05 9.99459E-05 0.588793 0.311539 9.99459E-05 9.99459E-05 9.99459E-05
9.9964E-05 9.9964E-05 0.0978357 9.9964E-05 0.550887 0.0638202 9.9964E-05 0.20793 0.0791274
9.9964E-05 0.170423 9.9964E-05 9.9964E-05 0.301806 0.311848 0.198947 9.9964E-05 0.0165753
9.9964E-05 0.0133782 9.9964E-05 9.9964E-05 0.698133 0.0757919 9.9964E-05 0.0839702 0.128326
0.152925 0.0174895 0.144156 0.0622702 0.458878 9.9973E-05 0.163982 9.9973E-05 9.9973E-05
9.9964E-05 9.9964E-05 0.113932 9.9964E-05 0.67239 9.9964E-05 0.00491829 0.0416852 0.166675
0.475624 9.99461E-05 9.99461E-05 9.99461E-05 9.99461E-05 9.99461E-05 0.509765 9.99461E-05 0.0140119
0.19682 0.0980082 9.9973E-05 9.9973E-05 0.0597625 9.9973E-05 0.328818 0.0966716 0.21962
9.9955E-05 0.119432 0.065109 9.9955E-05 9.9955E-05 9.9955E-05 0.471088 9.9955E-05 0.343872
0.507821 0.148608 9.9955E-05 9.9955E-05 0.0729168 9.9955E-05 9.9955E-05 9.9955E-05 0.270155
0.138488 9.99461E-05 9.99461E-05 0.0467632 9.99461E-05 9.99461E-05 0.814149 9.99461E-05 9.99461E-05
9.9937E-05 0.0272053 9.9937E-05 9.9937E-05 9.9937E-05 9.9937E-05 0.972095 9.9937E-05 9.9937E-05
9.9946E-05 0.0607814 0.617516 9.9946E-05 0.321103 9.9946E-05 9.9946E-05 9.9946E-05 9.9946E-05
0.118915 9.9964E-05 0.740877 9.9964E-05 0.00967317 0.0917728 9.9964E-05 9.9964E-05 0.0383618
0.075743 9.9946E-05 0.898037 9.9946E-05 9.9946E-05 0.0256208 9.9946E-05 9.9946E-05 9.9946E-05
0.304952 9.9955E-05 0.64203 9.9955E-05 0.0243692 9.9955E-05 9.9955E-05 9.9955E-05 0.0281494
9.9973E-05 0.0355425 0.738301 0.0123316 0.0887595 9.9973E-05 0.123058 0.00170743 9.9973E-05
0.344251 0.00515807 0.132027 0.0939831 0.397357 9.9982E-05 0.000534034 0.0264904 9.9982E-05
9.9964E-05 0.0745842 0.416993 9.9964E-05 0.42432 9.9964E-05 0.0137218 0.0699811 9.9964E-05
0.315063 0.0191261 0.0670739 9.9955E-05 0.598237 9.9955E-05 9.9955E-05 9.9955E-05 9.9955E-05
0.271937 9.99639E-05 0.0417829 0.050893 0.526343 9.99639E-05 0.108645 9.99639E-05 9.99639E-05
9.9964E-05 0.111301 9.9964E-05 9.9964E-05 0.407091 9.9964E-05 0.320354 0.132681 0.0281739
0.155356 0.124202 9.9964E-05 0.454876 0.18555 0.0796168 9.9964E-05 9.9964E-05 9.9964E-05
9.9955E-05 0.199149 9.9955E-05 0.579931 0.0999509 9.9955E-05 9.9955E-05 0.12047 9.9955E-05
0.0813473 0.870501 9.9955E-05 9.9955E-05 0.0328152 0.0148369 9.9955E-05 9.9955E-05 9.9955E-05
0.114466 0.521163 0.0704187 0.236636 9.99639E-05 0.0569159 9.99639E-05 9.99639E-05 9.99639E-05
0.0330544 0.59976 9.9955E-05 0.155834 9.9955E-05 0.210852 9.9955E-05 9.9955E-05 9.9955E-05
0.0019454 0.689413 0.109014 9.99639E-05 9.99639E-05 0.186823 0.0124045 9.99639E-05 9.99639E-05
9.99459E-05 9.99459E-05 0.117232 0.0233689 9.99459E-05 0.858799 9.99459E-05 9.99459E-05 9.99459E-05
9.9955E-05 0.146973 9.9955E-05 9.9955E-05 0.0518195 0.759975 0.0407327 9.9955E-05 9.9955E-05
9.99549E-05 0.0362899 9.99549E-05 0.562598 9.99549E-05 0.337159 9.99549E-05 9.99549E-05 0.0634524
9.9955E-05 0.130184 0.0424071 0.80817 9.9955E-05 0.0187392 9.9955E-05 9.9955E-05 9.9955E-05
9.9973E-05 0.134163 9.9973E-05 0.48088 0.0953962 0.19977 0.0807633 0.00872675 9.9973E-05
9.99462E-05 0.465622 9.99462E-05 0.424308 0.10947 9.99462E-05 9.99462E-05 9.99462E-05 9.99462E-05
0.0438713 0.190525 9.9973E-05 0.257552 0.0215384 0.468369 0.0178431 9.9973E-05 9.9973E-05
9.9955E-05 0.276925 9.9955E-05 0.306861 0.0972229 0.318491 9.9955E-05 9.9955E-05 9.9955E-05
9.9955E-05 0.123909 9.9955E-05 0.0607839 0.129846 0.684962 9.9955E-05 9.9955E-05 9.9955E-05
9.9982E-05 0.387842 9.9982E-05 0.200623 0.059375 0.318537 0.0114525 0.0139745 0.00799621
9.9964E-05 0.182482 9.9964E-05 0.0224449 0.00170145 0.782906 9.9964E-05 0.0100661 9.9964E-05
9.9964E-05 0.683417 0.0856336 0.02494 9.9964E-05 0.176923 9.9964E-05 0.0286858 9.9964E-05
9.9964E-05 0.60761 9.9964E-05 0.175248 0.10989 9.9964E-05 0.0974045 0.00944775 9.9964E-05
9.99459E-05 0.73977 0.11554 9.99459E-05 9.99459E-05 0.144091 9.99459E-05 9.99459E-05 9.99459E-05
9.9946E-05 0.525157 9.9946E-05 9.9946E-05 9.9946E-05 0.385039 9.9946E-05 9.9946E-05 0.0892049
9.9946E-05 0.943721 9.9946E-05 9.9946E-05 9.9946E-05 0.0253064 9.9946E-05 0.0303728 9.9946E-05
0.00758881 0.543713 9.9955E-05 0.375504 9.9955E-05 0.0726946 9.9955E-05 9.9955E-05 9.9955E-05
9.99549E-05 0.200227 0.101024 0.154818 9.99549E-05 0.543432 9.99549E-05 9.99549E-05 9.99549E-05
9.9964E-05 0.709633 0.0818006 0.0265877 9.9964E-05 0.0731392 0.10844 9.9964E-05 9.9964E-05
9.99551E-05 0.0157791 9.99551E-05 9.99551E-05 0.0611579 9.99551E-05 0.107219 0.815344 9.99551E-05
0.768052 0.110423 9.9955E-05 9.9955E-05 9.9955E-05 9.9955E-05 0.0459439 0.0750813 9.9955E-05
0.730428 0.112579 9.9955E-05 9.9955E-05 9.9955E-05 9.9955E-05 9.9955E-05 0.142836 0.0136569
9.9955E-05 9.9955E-05 0.102689 0.0341061 9.9955E-05 9.9955E-05 9.9955E-05 0.711477 0.151228
0.0651755 9.9955E-05 0.333611 0.0419807 9.9955E-05 9.9955E-05 9.9955E-05 0.558733 9.9955E-05
0.287228 9.99461E-05 0.521389 9.99461E-05 9.99461E-05 0.190784 9.99461E-05 9.99461E-05 9.99461E-05
0.215248 9.99551E-05 0.155091 9.99551E-05 9.99551E-05 0.0621428 9.99551E-05 9.99551E-05 0.567018
0.305753 9.9964E-05 0.0962975 0.0781674 9.9964E-05 9.9964E-05 0.0248909 9.9964E-05 0.494492
9.9955E-05 9.9955E-05 0.0749117 9.9955E-05 9.9955E-05 9.9955E-05 0.139192 0.246997 0.538399
0.298989 9.99639E-05 0.115845 9.99639E-05 9.99639E-05 0.0181699 9.99639E-05 0.121697 0.444899
9.993E-05 9.993E-05 9.993E-05 9.993E-05 9.993E-05 9.993E-05 9.993E-05 9.993E-05 0.999201
9.9946E-05 9.9946E-05 9.9946E-05 9.9946E-05 0.0409056 9.9946E-05 0.10422 9.9946E-05 0.854275
9.996E-05 9.996E-05 9.996E-05 0.0453659 0.00910377 9.996E-05 0.221134 0.246268 0.477729
0.102899 9.9964E-05 9.9964E-05 9.9964E-05 0.0288228 0.0248558 0.0990443 9.9964E-05 0.743978
9.99549E-05 9.99549E-05 0.344977 9.99549E-05 9.99549E-05 0.0508973 0.167974 9.99549E-05 0.435653
0.0396629 9.9973E-05 0.0983746 9.9973E-05 0.0428745 9.9973E-05 0.197269 0.0195403 0.601979
9.9946E-05 9.9946E-05 9.9946E-05 0.0196343 9.9946E-05 9.9946E-05 9.9946E-05 0.161458 0.818308
9.9946E-05 9.9946E-05 9.9946E-05 9.9946E-05 0.11237 9.9946E-05 9.9946E-05 0.148527 0.738503
0.232686 9.997E-05 9.997E-05 0.0151824 0.0835837 9.997E-05 0.0878198 0.106238 0.474189
0.286484 9.9964E-05 0.233493 9.9964E-05 0.0467463 9.9964E-05 9.9964E-05 0.405529 0.0273486
0.350505 9.995E-05 0.00618546 9.995E-05 9.995E-05 9.995E-05 0.226487 0.416323 9.995E-05
0.445064 9.995E-05 0.0458358 9.995E-05 0.0599803 9.995E-05 9.995E-05 0.44862 9.995E-05
0.507418 9.9955E-05 0.0197755 9.9955E-05 9.9955E-05 9.9955E-05 9.9955E-05 0.419899 0.0524071
9.9955E-05 9.9955E-05 0.166911 9.9955E-05 9.9955E-05 0.0563212 9.9955E-05 0.746473 0.0297943
9.995E-05 9.995E-05 0.0046626 9.995E-05 0.0946088 9.995E-05 0.0572863 0.842943 9.995E-05
0.0187883 9.996E-05 0.0775857 9.996E-05 0.179606 9.996E-05 0.0131416 0.710478 9.996E-05
9.99461E-05 9.99461E-05 0.0882286 0.0205473 9.99461E-05 9.99461E-05 9.99461E-05 0.890624 9.99461E-05
9.9973E-05 0.0177225 0.0345399 0.0182982 9.9973E-05 9.9973E-05 0.0522515 0.838827 0.0380613
0.0304088 9.9955E-05 9.9955E-05 9.9955E-05 9.9955E-05 9.9955E-05 0.129791 0.760157 0.0791442
9.9946E-05 9.9946E-05 9.9946E-05 9.9946E-05 0.0573503 9.9946E-05 0.109007 0.833043 9.9946E-05
0.0755945 9.9946E-05 9.9946E-05 9.9946E-05 9.9946E-05 9.9946E-05 0.0765127 0.847293 9.9946E-05
0.201707 9.99549E-05 0.0427715 9.99549E-05 9.99549E-05 9.99549E-05 0.41181 0.343211 9.99549E-05
0.287162 0.0443134 0.0778928 9.996E-05 9.996E-05 9.996E-05 9.996E-05 0.405447 0.184785
0.166398 9.9973E-05 9.9973E-05 9.9973E-05 0.0468271 0.0240062 0.182233 0.574546 0.00568995
0.0262935 9.9982E-05 0.0958223 9.9982E-05 0.0153785 0.0141977 0.0209907 0.615765 0.211352
0.123278 9.9964E-05 0.0804089 9.9964E-05 9.9964E-05 9.9964E-05 0.0143824 0.696763 0.0847677
0.0712349 9.9964E-05 9.9964E-05 9.9964E-05 0.0599897 0.0150589 9.9964E-05 0.848021 0.00529567
0.039577 9.99549E-05 0.10634 9.99549E-05 9.99549E-05 9.99549E-05 9.99549E-05 0.661742 0.191842
0.668654 9.995E-05 9.995E-05 9.995E-05 0.0218585 0.0842508 9.995E-05 0.224737 9.995E-05
0.545083 9.9955E-05 9.9955E-05 9.9955E-05 9.9955E-05 0.0688643 9.9955E-05 0.290097 0.0954551
0.348201 0.0139744 9.9964E-05 9.9964E-05 9.9964E-05 0.0498407 9.9964E-05 0.539689 0.047895
0.0437372 9.9946E-05 9.9946E-05 9.9946E-05 9.9946E-05 9.9946E-05 0.158745 0.796918 9.9946E-05
0.00540908 9.9982E-05 9.9982E-05 0.0444718 0.0286439 0.0280656 0.0466721 0.684973 0.161564
0.189947 0.0203947 9.9982E-05 9.9982E-05 0.0428305 0.00431038 0.00750524 0.557007 0.177805
0.0283146 9.9964E-05 0.0324545 9.9964E-05 9.9964E-05 0.019784 9.9964E-05 0.84482 0.0742273
0.0118836 0.146934 9.9964E-05 0.0893047 0.125371 9.9964E-05 9.9964E-05 0.626107 9.9964E-05
9.9946E-05 0.292663 9.9946E-05 9.9946E-05 9.9946E-05 0.114581 9.9946E-05 0.592157 9.9946E-05
0.126387 9.9955E-05 0.116815 9.9955E-05 9.9955E-05 9.9955E-05 9.9955E-05 0.72695 0.0293475
0.676431 9.9955E-05 0.0425686 9.9955E-05 9.9955E-05 9.9955E-05 9.9955E-05 0.242181 0.0383196
0.393713 9.9964E-05 9.9964E-05 0.0036761 9.9964E-05 0.112271 9.9964E-05 0.455217 0.0347232
0.54739 9.9964E-05 9.9964E-05 0.0249728 9.9964E-05 9.9964E-05 0.00629753 0.369657 0.0512831
0.839282 9.9946E-05 0.0474862 9.9946E-05 9.9946E-05 9.9946E-05 9.9946E-05 0.112632 9.9946E-05
0.093146 9.9946E-05 0.0825701 9.9946E-05 9.9946E-05 9.9946E-05 9.9946E-05 0.823684 9.9946E-05
0.635298 9.9964E-05 9.9964E-05 0.016174 9.9964E-05 9.9964E-05 0.058151 0.242231 0.0477462
0.258267 9.9955E-05 9.9955E-05 9.9955E-05 9.9955E-05 9.9955E-05 0.114559 0.606489 0.0201857
0.345986 9.99549E-05 0.0252208 9.99549E-05 9.99549E-05 9.99549E-05 0.256589 0.371704 9.99549E-05
0.38913 9.9946E-05 9.9946E-05 9.9946E-05 9.9946E-05 0.0400375 9.9946E-05 0.570233 9.9946E-05
0.133181 0.185584 9.9946E-05 9.9946E-05 9.9946E-05 0.680635 9.9946E-05 9.9946E-05 9.9946E-05
0.0246754 0.441861 0.0166733 0.178062 9.99639E-05 0.338328 9.99639E-05 9.99639E-05 9.99639E-05
9.9964E-05 0.255243 0.112164 0.247787 0.00962454 0.374782 9.9964E-05 9.9964E-05 9.9964E-05
0.111785 0.649449 0.0575208 0.0993488 9.99639E-05 0.0814965 9.99639E-05 9.99639E-05 9.99639E-05
0.0261349 0.707776 9.9973E-05 0.038466 9.9973E-05 0.0966981 9.9973E-05 0.0394158 0.0912089
9.9946E-05 0.823274 9.9946E-05 0.0583385 9.9946E-05 0.117788 9.9946E-05 9.9946E-05 9.9946E-05
0.00869485 0.281267 9.9973E-05 0.291724 0.000957903 0.40986 9.9973E-05 9.9973E-05 0.00719604
9.9955E-05 0.209968 9.9955E-05 0.170568 9.9955E-05 0.6025 9.9955E-05 9.9955E-05 0.0164646
0.0676068 9.99462E-05 0.0150852 9.99462E-05 9.99462E-05 0.916708 9.99462E-05 9.99462E-05 9.99462E-05
9.9964E-05 0.646407 0.0155823 0.105887 9.9964E-05 0.146106 9.9964E-05 0.0856178 9.9964E-05
9.99461E-05 0.877918 9.99461E-05 0.0346769 0.0868051 9.99461E-05 9.99461E-05 9.99461E-05 9.99461E-05
9.99371E-05 0.920023 9.99371E-05 9.99371E-05 0.079277 9.99371E-05 9.99371E-05 9.99371E-05 9.99371E-05
9.99641E-05 0.818188 9.99641E-05 0.0925906 0.0111236 9.99641E-05 9.99641E-05 0.000343092 0.0773547
