0.44262 0.00484506 0.184789 0.191381 0.176165 9.998E-05 9.998E-05
0.0649816 0.298786 0.0200431 0.43483 0.161444 9.9991E-05 0.0198157
0.261265 0.0279725 0.352559 0.0860808 0.202646 9.9991E-05 0.0693765
0.145943 0.00562255 9.9991E-05 0.157241 0.626125 0.0330795 0.0318885
0.179863 9.9964E-05 0.565195 9.9964E-05 0.254542 9.9964E-05 9.9964E-05
0.328844 9.9982E-05 0.0812852 0.00252529 0.550528 9.9982E-05 0.0366179
9.9973E-05 0.876697 9.9973E-05 0.00390565 9.9973E-05 0.0436712 0.075426
0.0349648 0.558944 0.150099 0.0149739 9.9991E-05 0.201815 0.0391024
9.9973E-05 0.668118 9.9973E-05 0.0148794 0.0410498 0.275653 9.9973E-05
0.0930328 0.660574 9.9964E-05 9.9964E-05 9.9964E-05 0.245994 9.9964E-05
9.9973E-05 0.78088 9.9973E-05 0.0660311 0.013168 0.139621 9.9973E-05
0.0185342 0.852396 0.0791206 9.9973E-05 9.9973E-05 0.0496497 9.9973E-05
0.0169737 0.541471 9.9964E-05 9.9964E-05 9.9964E-05 0.441156 9.9964E-05
0.0277277 0.51204 9.99641E-05 9.99641E-05 9.99641E-05 0.459833 9.99641E-05
0.0134894 0.676783 9.9973E-05 9.9973E-05 9.9973E-05 0.235739 0.0736891
9.99731E-05 0.894867 0.00405192 9.99731E-05 9.99731E-05 0.0924101 0.00837099
0.391549 9.996E-05 0.407121 9.996E-05 9.996E-05 9.996E-05 0.20093
0.160875 0.0175519 0.122081 9.9982E-05 9.9982E-05 0.0273189 0.671973
0.501223 9.9973E-05 9.9973E-05 9.9973E-05 0.230759 0.056901 0.210817
0.433597 9.9982E-05 0.196836 9.9982E-05 0.0887327 0.0872994 0.193335
0.1229 9.9973E-05 0.27036 9.9973E-05 0.0587214 9.9973E-05 0.547719
0.278891 9.9973E-05 0.0492317 9.9973E-05 0.109605 9.9973E-05 0.561972
0.557938 0.155295 0.138046 0.148421 9.9973E-05 9.9973E-05 9.9973E-05
0.637155 9.9973E-05 0.231628 0.12774 9.9973E-05 0.00317733 9.9973E-05
0.855148 9.99551E-05 0.144353 9.99551E-05 9.99551E-05 9.99551E-05 9.99551E-05
0.572924 9.9982E-05 0.0442831 0.0943796 0.224263 9.9982E-05 0.0639505
0.424339 9.9973E-05 0.441542 9.9973E-05 9.9973E-05 0.0881058 0.0457131
0.425119 9.9973E-05 0.431955 9.9973E-05 0.0692833 0.0733433 9.9973E-05
9.998E-05 9.998E-05 0.368953 0.259743 0.00296658 0.039419 0.328719
0.024076 0.0213339 0.291558 0.16625 0.0350022 0.0770367 0.384743
9.9964E-05 0.180754 9.9964E-05 9.9964E-05 0.440291 9.9964E-05 0.378556
9.9973E-05 0.133906 0.234762 9.9973E-05 0.430003 9.9973E-05 0.201029
0.12693 9.9973E-05 0.12136 9.9973E-05 0.478686 9.9973E-05 0.272724
0.886322 0.0257839 9.9973E-05 0.0648997 0.0226943 9.9973E-05 9.9973E-05
0.653373 0.199227 9.9964E-05 0.147 9.9964E-05 9.9964E-05 9.9964E-05
0.488562 0.0071268 0.24711 9.9982E-05 0.0558322 9.9982E-05 0.201169
0.373149 0.160784 9.9982E-05 9.9982E-05 0.184702 0.217622 0.0635424
0.631536 0.0115693 0.191387 9.9991E-05 0.0298735 0.0822675 0.0532664
0.559635 0.0141089 9.9991E-05 0.178362 0.0508211 0.0605399 0.136433
0.587546 9.9982E-05 0.0814707 9.9982E-05 0.12182 0.0331122 0.175851
0.193509 9.9964E-05 9.9964E-05 0.466815 0.339276 9.9964E-05 9.9964E-05
0.160605 9.9982E-05 0.109718 0.160184 0.483201 0.0860911 9.9982E-05
0.125911 9.9973E-05 9.9973E-05 9.9973E-05 0.630499 0.12144 0.12185
0.157865 9.9982E-05 0.0230831 0.392778 0.266809 0.159266 9.9982E-05
0.275815 9.9982E-05 0.0281242 0.137985 0.527807 9.9982E-05 0.0300681
0.330357 9.9964E-05 9.9964E-05 9.9964E-05 0.513779 9.9964E-05 0.155464
0.190391 9.9964E-05 9.9964E-05 9.9964E-05 9.9964E-05 0.0505554 0.758654
9.9964E-05 0.0498005 9.9964E-05 0.251142 9.9964E-05 9.9964E-05 0.698657
9.9955E-05 9.9955E-05 9.9955E-05 0.208549 9.9955E-05 9.9955E-05 0.790951
9.9955E-05 9.9955E-05 9.9955E-05 0.435304 9.9955E-05 9.9955E-05 0.564196
0.0672151 9.9973E-05 0.0669176 9.9973E-05 0.0440349 9.9973E-05 0.821532
0.377686 9.998E-05 0.0283118 0.301027 9.998E-05 0.037295 0.255481
0.30814 9.9973E-05 0.104247 9.9973E-05 9.9973E-05 0.0660771 0.521237
0.58821 9.998E-05 9.998E-05 0.248477 0.0453457 0.0502583 0.0675087
0.565431 9.9973E-05 9.9973E-05 0.257947 9.9973E-05 0.029041 0.147281
0.502271 9.998E-05 0.174383 9.998E-05 0.153617 0.0612019 0.108328
0.205716 0.268434 9.9973E-05 0.174221 9.9973E-05 0.351329 9.9973E-05
0.146521 0.197636 9.997E-05 0.109667 9.997E-05 0.545877 9.997E-05
9.9955E-05 9.9955E-05 9.9955E-05 0.109574 9.9955E-05 0.889926 9.9955E-05
0.0031085 0.306368 9.998E-05 0.0892693 9.998E-05 0.538282 0.0627721
9.9964E-05 0.330329 9.9964E-05 0.0600827 9.9964E-05 0.609188 9.9964E-05
9.9973E-05 0.244416 9.9973E-05 0.0189198 9.9973E-05 0.59845 0.137914
9.9964E-05 0.80601 9.9964E-05 0.0881581 9.9964E-05 9.9964E-05 0.105432
0.039958 0.748941 0.00459327 9.9991E-05 0.108087 0.0871619 0.0111591
9.9964E-05 0.678476 9.9964E-05 9.9964E-05 0.0661902 0.254934 9.9964E-05
0.0388193 0.515602 9.9973E-05 9.9973E-05 9.9973E-05 0.424654 0.0206242
0.183171 0.45912 9.9973E-05 9.9973E-05 0.00119501 0.356213 9.9973E-05
0.149945 0.19131 9.99641E-05 9.99641E-05 9.99641E-05 0.658345 9.99641E-05
0.102275 0.552778 9.9973E-05 0.0753316 9.9973E-05 0.269316 9.9973E-05
0.0929772 0.51469 9.9964E-05 9.9964E-05 9.9964E-05 0.391933 9.9964E-05
0.195112 0.678556 0.0276997 9.997E-05 9.997E-05 0.0983321 9.997E-05
0.119872 0.349483 0.0299711 9.997E-05 9.997E-05 0.500374 9.997E-05
0.00525325 0.829467 0.0655304 9.997E-05 9.997E-05 0.0994495 9.997E-05
9.9973E-05 0.227665 0.0317466 9.9973E-05 9.9973E-05 0.624877 0.115412
0.145355 0.110317 0.00100666 9.9982E-05 9.9982E-05 0.683185 0.0599365
9.997E-05 0.123928 9.997E-05 9.997E-05 0.0154478 0.715187 0.145137
9.996E-05 0.308037 9.996E-05 9.996E-05 0.106142 0.585422 9.996E-05
9.9964E-05 9.9964E-05 0.0236891 9.9964E-05 0.0380842 0.937827 9.9964E-05
9.9964E-05 0.265978 9.9964E-05 0.0292685 9.9964E-05 0.704354 9.9964E-05
0.0118401 0.653917 9.9973E-05 9.9973E-05 9.9973E-05 0.200226 0.133717
9.997E-05 0.0941301 9.997E-05 9.997E-05 0.105739 0.674546 0.125284
0.0331833 9.99821E-05 0.849385 9.99821E-05 0.0583341 0.00967267 0.0492254
9.9964E-05 9.9964E-05 0.181861 0.721523 9.9964E-05 0.0962162 9.9964E-05
9.996E-05 9.996E-05 0.309519 0.59819 9.996E-05 0.0918918 9.996E-05
9.997E-05 9.997E-05 0.73952 9.997E-05 0.152554 0.0200364 0.0875895
9.9973E-05 9.9973E-05 0.559868 0.173703 0.00626462 9.9973E-05 0.259864
9.99641E-05 0.093538 9.99641E-05 0.549641 9.99641E-05 9.99641E-05 0.356421
9.998E-05 0.0498493 0.00699396 0.261496 0.607894 9.998E-05 0.0735663
9.9973E-05 0.100958 9.9973E-05 0.382627 0.45389 9.9973E-05 0.0622253
9.998E-05 0.001847 0.312343 0.0442166 0.579649 9.998E-05 0.0617444
9.9973E-05 9.9973E-05 0.271743 0.406163 0.292199 9.9973E-05 0.029595
9.9964E-05 9.9964E-05 0.19611 9.9964E-05 0.756266 0.0472242 9.9964E-05
0.0441509 9.997E-05 0.021716 9.997E-05 0.916415 0.0174183 9.997E-05
0.0845935 9.99639E-05 0.362334 9.99639E-05 0.552673 9.99639E-05 9.99639E-05
0.0195958 0.0272328 0.198256 0.0111847 0.724158 9.999E-05 0.0194726
9.9964E-05 0.0291456 9.9964E-05 9.9964E-05 0.65015 9.9964E-05 0.320304
0.060527 9.9982E-05 0.0645642 0.025847 0.752231 9.9982E-05 0.0966304
9.9964E-05 9.9964E-05 0.262308 9.9964E-05 0.722815 0.0144777 9.9964E-05
0.0654204 9.9973E-05 0.296405 9.9973E-05 0.612504 0.0253708 9.9973E-05
0.164115 9.9973E-05 0.200469 0.157753 0.477362 9.9973E-05 9.9973E-05
9.997E-05 9.997E-05 0.401022 0.387709 0.0304568 9.997E-05 0.180512
9.9973E-05 9.9973E-05 0.557524 0.320803 0.0720535 9.9973E-05 0.0493193
0.0236583 9.997E-05 0.509465 0.426886 9.997E-05 9.997E-05 0.0396915
9.9964E-05 9.9964E-05 0.472503 0.51556 0.0115368 9.9964E-05 9.9964E-05
9.9973E-05 0.0614019 0.75386 0.0546302 9.9973E-05 9.9973E-05 0.129808
0.0721232 9.996E-05 0.888289 9.996E-05 9.996E-05 9.996E-05 0.0391879
0.162728 9.9964E-05 0.72576 9.9964E-05 9.9964E-05 9.9964E-05 0.111111
9.9955E-05 9.9955E-05 0.913528 9.9955E-05 9.9955E-05 9.9955E-05 0.0859718
9.997E-05 9.997E-05 0.873326 9.997E-05 0.0925082 0.0141314 0.0197346
9.9964E-05 9.9964E-05 0.690491 0.0480467 0.261063 9.9964E-05 9.9964E-05
0.102614 9.9964E-05 0.81372 9.9964E-05 0.0832666 9.9964E-05 9.9964E-05
0.00924097 9.997E-05 0.926008 0.0524415 0.0120093 9.997E-05 9.997E-05
0.00218345 9.9982E-05 0.393939 0.288053 0.23354 9.9982E-05 0.0820844
9.998E-05 9.998E-05 0.486464 0.279652 0.109498 0.0424549 0.0817314
0.0332294 9.9982E-05 0.5385 0.193457 0.200147 9.9982E-05 0.0344668
0.0389925 9.998E-05 0.72046 0.0406909 0.158448 9.998E-05 0.0412092
9.99731E-05 9.99731E-05 0.720613 0.131675 0.123509 9.99731E-05 0.0239028
0.0208723 9.9964E-05 0.8589 0.119828 9.9964E-05 9.9964E-05 9.9964E-05
9.9973E-05 9.9973E-05 0.672333 0.12337 0.184436 9.9973E-05 0.0195608
0.127839 9.9964E-05 0.31624 0.555521 9.9964E-05 9.9964E-05 9.9964E-05
9.9964E-05 9.9964E-05 0.330205 0.520613 0.148782 9.9964E-05 9.9964E-05
0.00165685 9.9973E-05 0.665013 0.316056 9.9973E-05 0.016974 9.9973E-05
9.9964E-05 9.9964E-05 0.825063 0.0172933 0.157244 9.9964E-05 9.9964E-05
0.0499913 0.0160376 0.683808 0.0170263 0.207038 0.0259982 9.999E-05
0.0376234 9.9982E-05 0.698241 0.119849 0.115751 0.0283352 9.9982E-05
9.9973E-05 0.0134332 0.900096 0.0561824 9.9973E-05 9.9973E-05 0.0299881
0.184393 0.0754702 0.60737 9.9973E-05 9.9973E-05 0.132467 9.9973E-05
9.9964E-05 0.139391 0.651701 9.9964E-05 9.9964E-05 0.208508 9.9964E-05
9.9964E-05 9.9964E-05 0.690258 0.231705 9.9964E-05 9.9964E-05 0.0776376
9.9973E-05 9.9973E-05 0.350853 0.629005 0.00151031 9.9973E-05 0.0183314
0.0128078 0.0637046 0.404638 0.449094 0.069555 9.998E-05 9.998E-05
0.00850102 9.9973E-05 0.364087 0.529171 0.0979413 9.9973E-05 9.9973E-05
9.9964E-05 9.9964E-05 0.115875 0.838781 9.9964E-05 9.9964E-05 0.044944
9.9964E-05 9.9964E-05 0.789147 0.172472 9.9964E-05 9.9964E-05 0.0379815
0.00833441 9.997E-05 0.327243 0.565154 0.0989692 9.997E-05 9.997E-05
9.9964E-05 9.9964E-05 0.578855 0.246137 0.174608 9.9964E-05 9.9964E-05
9.9973E-05 9.9973E-05 0.432217 0.342543 0.166513 9.9973E-05 0.0584269
9.996E-05 0.0198911 0.562764 0.416945 9.996E-05 9.996E-05 9.996E-05
9.9973E-05 0.688086 9.9973E-05 0.147063 9.9973E-05 0.120319 0.044232
9.9973E-05 0.526355 9.9973E-05 0.0340147 0.0166367 0.422694 9.9973E-05
9.9973E-05 0.57178 9.9973E-05 0.0022738 9.9973E-05 0.286745 0.138902
9.99729E-05 0.0953696 9.99729E-05 0.173094 9.99729E-05 0.664851 0.066386
9.9973E-05 0.182508 0.138599 9.9973E-05 9.9973E-05 0.672545 0.00604837
9.9973E-05 0.20821 0.0212428 9.9973E-05 9.9973E-05 0.767523 0.00272428
0.0312746 0.520687 9.998E-05 0.0134312 0.0350704 0.399337 9.998E-05
9.9964E-05 0.794431 0.0314296 9.9964E-05 9.9964E-05 0.17374 9.9964E-05
9.99552E-05 0.822864 9.99552E-05 0.176636 9.99552E-05 9.99552E-05 9.99552E-05
9.9964E-05 0.216873 0.123156 9.9964E-05 9.9964E-05 0.659571 9.9964E-05
0.0475201 9.99551E-05 9.99551E-05 9.99551E-05 9.99551E-05 0.95198 9.99551E-05
0.0705135 9.9955E-05 9.9955E-05 9.9955E-05 9.9955E-05 0.928987 9.9955E-05
9.9973E-05 9.9973E-05 0.0351922 9.9973E-05 0.0526567 0.903174 0.0086777
