0.763522 0.235539 0.00093915
0.489369 0.510531 9.9991E-05
0.746774 0.208888 0.0443382
0.717427 0.177166 0.105407
0.868345 9.9991E-05 0.131555
0.874764 0.0101561 0.11508
9.999E-05 0.589076 0.410824
0.134891 0.318954 0.546156
9.9991E-05 0.372519 0.627381
9.9991E-05 0.392775 0.607125
9.9991E-05 0.528564 0.471336
0.00118289 0.497944 0.500873
9.9991E-05 0.226039 0.773861
9.9991E-05 0.225203 0.774697
9.9991E-05 0.447718 0.552182
9.9991E-05 0.502693 0.497207
0.737746 0.109539 0.152715
0.382149 0.510931 0.10692
0.511313 0.261819 0.226869
0.699376 0.0219619 0.278662
0.610652 0.295176 0.0941722
0.537851 0.287799 0.17435
0.557287 0.339889 0.102824
0.759096 0.0629102 0.177993
0.689063 0.0740242 0.236912
0.795037 0.0881991 0.116764
0.724456 9.9991E-05 0.275444
0.751055 9.9991E-05 0.248845
0.724817 0.2201 0.055083
0.577206 0.347176 0.0756183
0.327692 0.672208 9.9991E-05
0.622023 0.292697 0.0852809
0.701198 0.298702 9.9991E-05
0.609411 0.186146 0.204443
0.373455 0.573661 0.0528833
0.634724 0.216527 0.148749
0.35005 0.273043 0.376907
0.631617 0.136447 0.231935
0.488045 0.379544 0.132411
0.630871 0.163186 0.205943
0.729053 0.270847 9.9991E-05
0.776844 0.0761169 0.147039
0.684546 0.0823149 0.233139
0.716123 0.0897126 0.194164
0.780394 0.16559 0.0540157
0.738704 0.122562 0.138734
0.279765 0.574385 0.14585
0.302879 0.697021 9.9991E-05
0.19637 0.80353 9.9991E-05
0.443155 0.556745 9.9991E-05
0.401524 0.52503 0.0734455
0.508616 0.356931 0.134454
0.515342 0.270765 0.213893
0.633585 0.238457 0.127958
0.565482 0.315403 0.119115
0.739765 9.9991E-05 0.260135
0.111516 0.316735 0.571749
0.128457 0.154614 0.716929
0.0564434 9.9991E-05 0.943457
9.9991E-05 0.297549 0.702351
9.9991E-05 0.187015 0.812885
0.0566188 0.204578 0.738804
9.9991E-05 0.872229 0.127671
0.0211822 0.548826 0.429992
9.9991E-05 0.411316 0.588584
9.9991E-05 0.274254 0.725646
0.0231248 0.347005 0.62987
0.00129641 0.0756366 0.923067
9.9991E-05 0.504798 0.495102
9.9991E-05 0.278804 0.721096
0.0183723 0.498274 0.483354
0.0481959 0.174484 0.77732
9.9991E-05 0.506602 0.493298
0.0847878 0.0900863 0.825126
0.0837184 0.0389072 0.877374
0.021581 0.165774 0.812645
0.0627908 0.144695 0.792514
0.0115745 9.9991E-05 0.988326
9.9991E-05 0.141263 0.858637
9.9991E-05 0.491616 0.508284
0.0531585 0.108548 0.838294
0.927882 9.9991E-05 0.0720182
0.790243 0.209657 9.9991E-05
0.819008 0.166062 0.0149298
0.895718 0.00233517 0.101947
0.798448 0.199998 0.00155382
0.334216 0.665684 9.9991E-05
0.673623 0.29403 0.0323466
0.657259 0.336677 0.00606463
0.910507 0.0302666 0.0592259
0.753387 0.246513 9.9991E-05
0.822523 9.9991E-05 0.177377
0.846175 9.9991E-05 0.153725
0.899448 9.9991E-05 0.100452
0.832344 0.0667047 0.100951
0.575785 0.419564 0.0046511
0.816239 0.124887 0.0588739
0.839122 9.9991E-05 0.160778
0.859504 9.9991E-05 0.140396
0.835107 0.0832494 0.0816439
0.782569 0.217331 9.9991E-05
0.931684 0.0682157 9.9991E-05
0.918966 0.0809342 9.9991E-05
0.839854 0.160046 9.9991E-05
0.803346 0.162861 0.0337931
0.976057 9.9991E-05 0.0238433
0.94057 0.0152854 0.0441446
0.939288 9.9991E-05 0.0606119
0.897388 9.9991E-05 0.102512
0.976444 9.9991E-05 0.0234557
0.946506 9.9991E-05 0.053394
0.9998 9.999E-05 9.999E-05
0.88007 0.11983 9.9991E-05
0.881831 0.0468351 0.0713338
0.876898 0.123002 9.9991E-05
0.903805 0.0381416 0.0580535
0.969482 0.00300491 0.027513
0.9998 9.999E-05 9.999E-05
0.916149 0.0837511 9.9991E-05
0.748469 0.251431 9.9991E-05
0.801776 0.198124 9.9991E-05
0.888639 0.111261 9.9991E-05
0.988545 9.9991E-05 0.0113554
0.862037 9.9991E-05 0.137863
0.922508 9.9991E-05 0.0773923
0.97899 0.00154183 0.019468
0.697316 9.9991E-05 0.302584
0.645616 9.9991E-05 0.354284
0.924676 0.0752243 9.9991E-05
0.790031 0.209869 9.9991E-05
0.792538 0.207362 9.9991E-05
0.846894 0.153006 9.9991E-05
0.69767 0.30223 9.9991E-05
0.983966 9.9991E-05 0.0159342
0.816821 0.183079 9.9991E-05
0.964259 0.035641 9.9991E-05
0.861992 0.137908 9.9991E-05
0.838244 0.161656 9.9991E-05
0.000359389 0.636118 0.363523
9.9991E-05 0.352682 0.647218
9.9991E-05 0.425481 0.574419
0.141563 0.129875 0.728562
0.155132 0.0269611 0.817907
9.9991E-05 0.0456708 0.954229
0.00206041 0.323885 0.674055
9.9991E-05 0.49217 0.50773
9.9991E-05 0.879592 0.120308
0.0778702 0.0936298 0.8285
9.999E-05 9.999E-05 0.9998
9.999E-05 9.999E-05 0.9998
0.0173528 9.9991E-05 0.982547
