0.50041 0.223554 9.99549E-05 9.99549E-05 0.130952 0.0582691 9.99549E-05 0.0863145 9.99549E-05 9.99549E-05
0.20268 0.0200531 0.17209 9.99729E-05 0.239218 0.0488767 0.0955304 0.221252 9.99729E-05 9.99729E-05
0.247331 0.191946 0.0360625 9.9973E-05 0.118616 0.256676 9.9973E-05 0.0364976 0.11257 9.9973E-05
0.0182543 9.9955E-05 9.9955E-05 0.0847618 0.18313 0.548185 9.9955E-05 9.9955E-05 0.165169 9.9955E-05
0.17448 0.514081 9.9955E-05 9.9955E-05 0.0205624 0.25662 9.9955E-05 9.9955E-05 9.9955E-05 0.0337578
0.222261 9.9946E-05 9.9946E-05 9.9946E-05 0.0691996 0.565146 9.9946E-05 9.9946E-05 0.142793 9.9946E-05
9.99549E-05 9.99549E-05 0.112916 0.233281 9.99549E-05 9.99549E-05 0.56662 0.0565248 0.0301589 9.99549E-05
0.0072413 0.139279 0.00337919 9.9964E-05 9.9964E-05 9.9964E-05 0.803254 9.9964E-05 0.0105528 0.0358935
9.9946E-05 9.9946E-05 9.9946E-05 0.37716 9.9946E-05 0.0291004 0.588101 0.00503939 9.9946E-05 9.9946E-05
9.9937E-05 9.9937E-05 9.9937E-05 0.64077 9.9937E-05 9.9937E-05 0.340998 9.9937E-05 0.0175327 9.9937E-05
9.99549E-05 9.99549E-05 0.0484228 0.180425 9.99549E-05 0.0382695 0.723706 0.00867732 9.99549E-05 9.99549E-05
0.0286928 0.0262119 0.471989 0.208136 9.99549E-05 9.99549E-05 0.26447 9.99549E-05 9.99549E-05 9.99549E-05
9.9946E-05 9.9946E-05 0.0198997 0.37268 9.9946E-05 9.9946E-05 0.41632 9.9946E-05 9.9946E-05 0.1905
9.9928E-05 9.9928E-05 9.9928E-05 9.9928E-05 9.9928E-05 9.9928E-05 0.83091 9.9928E-05 9.9928E-05 0.16829
9.9946E-05 9.9946E-05 9.9946E-05 0.271147 9.9946E-05 9.9946E-05 0.691371 0.00497954 0.0319034 9.9946E-05
9.99281E-05 9.99281E-05 0.0754133 9.99281E-05 9.99281E-05 9.99281E-05 0.923787 9.99281E-05 9.99281E-05 9.99281E-05
0.291226 0.327625 0.039208 9.9955E-05 0.0471703 9.9955E-05 9.9955E-05 9.9955E-05 0.294271 9.9955E-05
9.9955E-05 0.0393086 0.0383524 9.9955E-05 0.131544 9.9955E-05 9.9955E-05 0.0340095 0.756285 9.9955E-05
0.384746 9.9955E-05 0.0181921 9.9955E-05 9.9955E-05 0.21313 9.9955E-05 9.9955E-05 0.339913 0.0435189
0.194085 0.121286 9.99549E-05 9.99549E-05 9.99549E-05 0.228407 9.99549E-05 9.99549E-05 0.407504 0.0482186
9.9955E-05 0.302572 9.9955E-05 0.0113626 9.9955E-05 0.014807 9.9955E-05 0.0605004 0.610258 9.9955E-05
0.131973 0.0970417 9.9955E-05 0.0138457 9.9955E-05 0.0567234 9.9955E-05 9.9955E-05 0.699916 9.9955E-05
0.555486 0.127907 0.196556 9.9946E-05 0.119452 9.9946E-05 9.9946E-05 9.9946E-05 9.9946E-05 9.9946E-05
0.603408 0.219136 0.0540263 9.9946E-05 0.122829 9.9946E-05 9.9946E-05 9.9946E-05 9.9946E-05 9.9946E-05
0.8222 0.1079 9.99461E-05 9.99461E-05 9.99461E-05 0.0605866 9.99461E-05 9.99461E-05 9.99461E-05 0.00871346
0.419643 0.0441202 9.9955E-05 9.9955E-05 0.146849 0.1843 9.9955E-05 9.9955E-05 0.204589 9.9955E-05
0.362309 0.381514 9.9946E-05 9.9946E-05 9.9946E-05 9.9946E-05 9.9946E-05 9.9946E-05 0.154355 0.101223
0.413301 0.462994 9.9955E-05 9.9955E-05 9.9955E-05 0.0513865 9.9955E-05 9.9955E-05 0.00588484 0.0659335
9.9964E-05 0.402957 9.9964E-05 0.0110378 0.183067 9.9964E-05 0.0707196 0.108875 0.222943 9.9964E-05
9.9964E-05 0.362796 9.9964E-05 0.0583571 0.0105348 9.9964E-05 0.0877006 0.250076 0.230136 9.9964E-05
9.9946E-05 9.9946E-05 0.253459 9.9946E-05 9.9946E-05 0.224929 9.9946E-05 0.173535 0.347478 9.9946E-05
9.99459E-05 0.191117 0.160212 9.99459E-05 9.99459E-05 0.349412 9.99459E-05 9.99459E-05 0.29866 9.99459E-05
9.9955E-05 0.0363019 0.00409307 9.9955E-05 0.115483 0.430837 9.9955E-05 9.9955E-05 0.412785 9.9955E-05
0.869634 9.9955E-05 9.9955E-05 0.0325872 0.0801835 0.00567116 0.0114239 9.9955E-05 9.9955E-05 9.9955E-05
0.696551 9.99369E-05 0.17802 9.99369E-05 9.99369E-05 9.99369E-05 9.99369E-05 0.124729 9.99369E-05 9.99369E-05
0.358492 0.315937 0.0891813 9.9955E-05 9.9955E-05 0.00353622 9.9955E-05 9.9955E-05 0.232354 9.9955E-05
0.44805 9.9955E-05 0.172767 9.9955E-05 9.9955E-05 0.0691761 9.9955E-05 0.112107 9.9955E-05 0.1974
0.579351 0.105778 0.109921 9.9964E-05 9.9964E-05 0.104683 9.9964E-05 9.9964E-05 0.0288118 0.0710549
0.649644 9.9937E-05 9.9937E-05 9.9937E-05 9.9937E-05 9.9937E-05 9.9937E-05 0.283192 9.9937E-05 0.0664646
0.517886 0.121655 9.9955E-05 9.9955E-05 9.9955E-05 0.0767347 9.9955E-05 9.9955E-05 0.281233 0.00199108
0.149413 9.99551E-05 9.99551E-05 9.99551E-05 0.455696 0.280489 9.99551E-05 0.0774295 0.0364731 9.99551E-05
0.172384 0.139666 9.9964E-05 9.9964E-05 0.0463569 0.419166 9.9964E-05 0.154811 9.9964E-05 0.0672152
0.205841 0.0379792 9.9964E-05 9.9964E-05 9.9964E-05 0.493925 9.9964E-05 0.15229 0.0183721 0.0911934
0.15972 9.99459E-05 9.99459E-05 9.99459E-05 0.474523 0.227501 9.99459E-05 9.99459E-05 9.99459E-05 0.137656
0.294142 9.99551E-05 9.99551E-05 0.0100222 0.163451 0.420664 9.99551E-05 9.99551E-05 0.111221 9.99551E-05
0.329158 9.9955E-05 9.9955E-05 0.00370292 9.9955E-05 0.436491 9.9955E-05 0.0753809 0.154768 9.9955E-05
9.99281E-05 9.99281E-05 0.0833708 9.99281E-05 9.99281E-05 9.99281E-05 9.99281E-05 9.99281E-05 0.91583 9.99281E-05
9.99459E-05 9.99459E-05 0.114081 9.99459E-05 0.125854 9.99459E-05 9.99459E-05 0.264605 0.49486 9.99459E-05
9.9946E-05 9.9946E-05 0.0200435 9.9946E-05 0.000789379 9.9946E-05 9.9946E-05 0.631031 0.347537 9.9946E-05
0.0992826 0.0174835 9.99549E-05 9.99549E-05 0.0468303 9.99549E-05 9.99549E-05 0.678872 0.157032 9.99549E-05
9.99639E-05 0.0461446 9.99639E-05 0.0127364 9.99639E-05 9.99639E-05 0.00530922 0.324529 0.590021 0.0208597
0.186687 9.9946E-05 9.9946E-05 9.9946E-05 0.359915 9.9946E-05 0.125538 9.9946E-05 0.327261 9.9946E-05
0.0837157 0.0738268 9.9955E-05 9.9955E-05 0.0769045 9.9955E-05 9.9955E-05 9.9955E-05 0.698361 0.0666924
0.346991 9.9946E-05 9.9946E-05 9.9946E-05 0.29991 9.9946E-05 9.9946E-05 9.9946E-05 0.321574 0.0309248
0.362564 9.99369E-05 9.99369E-05 9.99369E-05 0.285277 9.99369E-05 9.99369E-05 9.99369E-05 0.35146 9.99369E-05
0.345662 0.134694 9.99549E-05 9.99549E-05 9.99549E-05 0.146969 9.99549E-05 9.99549E-05 0.334996 0.0371784
0.162574 9.9937E-05 9.9937E-05 0.714051 0.122675 9.9937E-05 9.9937E-05 9.9937E-05 9.9937E-05 9.9937E-05
0.0918119 0.0524438 9.99551E-05 0.614851 9.99551E-05 9.99551E-05 0.132977 9.99551E-05 9.99551E-05 0.107416
0.0392411 9.9946E-05 9.9946E-05 9.9946E-05 0.0261925 9.9946E-05 0.0507526 9.9946E-05 9.9946E-05 0.883214
9.9964E-05 9.9964E-05 0.00716516 0.314083 0.0767526 9.9964E-05 0.0767705 9.9964E-05 0.154438 0.370392
9.9955E-05 9.9955E-05 0.144579 0.288132 0.0226259 9.9955E-05 0.0275781 9.9955E-05 9.9955E-05 0.516585
9.99639E-05 9.99639E-05 0.168374 0.0823188 0.0174785 9.99639E-05 9.99639E-05 0.00652007 0.174957 0.549952
9.99369E-05 9.99369E-05 0.74165 0.0583722 9.99369E-05 9.99369E-05 9.99369E-05 0.199278 9.99369E-05 9.99369E-05
9.99459E-05 9.99459E-05 0.797725 9.99459E-05 9.99459E-05 0.0297634 9.99459E-05 9.99459E-05 0.0839189 0.0879926
9.99459E-05 9.99459E-05 0.266164 0.653704 9.99459E-05 0.063946 0.015586 9.99459E-05 9.99459E-05 9.99459E-05
9.99201E-05 9.99201E-05 9.99201E-05 0.999101 9.99201E-05 9.99201E-05 9.99201E-05 9.99201E-05 9.99201E-05 9.99201E-05
0.12585 0.0245453 0.119733 0.611162 9.996E-05 9.996E-05 9.996E-05 0.0318328 9.996E-05 0.0864777
0.102251 9.99462E-05 9.99462E-05 0.194193 9.99462E-05 9.99462E-05 0.212119 9.99462E-05 9.99462E-05 0.490838
0.0938862 9.9955E-05 0.47594 0.25572 9.9955E-05 9.9955E-05 0.0433878 9.9955E-05 9.9955E-05 0.130567
0.0465876 9.9955E-05 0.315151 0.249603 9.9955E-05 9.9955E-05 0.0815881 9.9955E-05 9.9955E-05 0.30657
0.149104 9.9955E-05 0.66794 0.0247786 9.9955E-05 9.9955E-05 0.075283 9.9955E-05 9.9955E-05 0.0823947
0.104751 0.0108466 0.190925 0.393943 9.9955E-05 9.9955E-05 9.9955E-05 9.9955E-05 9.9955E-05 0.299035
9.9946E-05 0.0489118 0.749788 0.167416 9.9946E-05 9.9946E-05 9.9946E-05 9.9946E-05 9.9946E-05 0.0332848
9.9964E-05 0.0257788 0.215748 0.00773923 9.9964E-05 9.9964E-05 0.0180581 9.9964E-05 0.086084 0.646192
0.0723371 9.9964E-05 0.161674 0.0729024 9.9964E-05 9.9964E-05 0.00829582 9.9964E-05 0.0488267 0.635565
9.9964E-05 9.9964E-05 0.0774292 0.328155 9.9964E-05 0.0173465 9.9964E-05 0.0259276 0.0592152 0.491527
9.99459E-05 9.99459E-05 0.303174 0.201333 9.99459E-05 0.0767415 9.99459E-05 9.99459E-05 9.99459E-05 0.418152
9.9937E-05 9.9937E-05 9.9937E-05 0.109521 9.9937E-05 0.0132407 9.9937E-05 9.9937E-05 9.9937E-05 0.876539
9.9955E-05 9.9955E-05 0.00409257 0.288738 0.024155 9.9955E-05 0.156535 9.9955E-05 9.9955E-05 0.52598
9.9946E-05 9.9946E-05 0.536035 0.266033 9.9946E-05 9.9946E-05 9.9946E-05 9.9946E-05 0.119485 0.0778468
9.9955E-05 9.9955E-05 9.9955E-05 0.269648 9.9955E-05 0.0171193 9.9955E-05 0.119071 0.0523733 0.541288
0.0628721 0.805539 9.99731E-05 9.99731E-05 0.00763376 0.0736691 0.00470879 9.99731E-05 0.00756932 0.0377085
9.9937E-05 9.9937E-05 9.9937E-05 9.9937E-05 0.850062 9.9937E-05 9.9937E-05 9.9937E-05 0.0427128 0.106526
9.9937E-05 0.0891695 9.9937E-05 9.9937E-05 0.789886 9.9937E-05 9.9937E-05 9.9937E-05 9.9937E-05 0.120245
9.9955E-05 0.694596 9.9955E-05 0.0391197 9.9955E-05 0.148853 9.9955E-05 0.106535 9.9955E-05 0.0103968
9.99459E-05 0.63937 9.99459E-05 0.0315076 9.99459E-05 9.99459E-05 0.0343172 0.294205 9.99459E-05 9.99459E-05
9.99201E-05 9.99201E-05 9.99201E-05 9.99201E-05 9.99201E-05 9.99201E-05 9.99201E-05 0.999101 9.99201E-05 9.99201E-05
9.99551E-05 9.99551E-05 0.101554 9.99551E-05 0.124167 0.546154 0.00797935 0.219646 9.99551E-05 9.99551E-05
9.9955E-05 9.9955E-05 9.9955E-05 0.0422557 0.196539 0.463624 0.0677074 0.229374 9.9955E-05 9.9955E-05
9.9955E-05 0.225374 0.0189359 9.9955E-05 0.0230471 0.654237 9.9955E-05 0.0779066 9.9955E-05 9.9955E-05
9.99459E-05 0.246392 9.99459E-05 9.99459E-05 0.130977 0.295521 9.99459E-05 0.32651 9.99459E-05 9.99459E-05
9.99461E-05 0.119617 0.048058 9.99461E-05 9.99461E-05 0.813618 9.99461E-05 9.99461E-05 9.99461E-05 0.0181079
0.0376294 9.9937E-05 9.9937E-05 9.9937E-05 9.9937E-05 0.948524 9.9937E-05 9.9937E-05 9.9937E-05 0.0131471
0.0761401 0.242245 9.99549E-05 9.99549E-05 9.99549E-05 0.6067 0.0264387 9.99549E-05 0.0479765 9.99549E-05
0.0566041 0.142351 0.0252022 0.010847 9.9982E-05 0.68464 9.9982E-05 0.0504369 0.029229 0.000489333
9.99459E-05 9.99459E-05 9.99459E-05 0.0161256 9.99459E-05 0.533953 9.99459E-05 0.341982 0.10734 9.99459E-05
0.100223 0.0634247 9.99639E-05 0.0322829 9.99639E-05 0.59444 9.99639E-05 0.150236 0.0589936 9.99639E-05
9.9937E-05 0.254307 9.9937E-05 0.0532352 9.9937E-05 0.691758 9.9937E-05 9.9937E-05 9.9937E-05 9.9937E-05
0.0123016 0.200066 0.031546 9.9955E-05 9.9955E-05 0.725913 9.9955E-05 9.9955E-05 9.9955E-05 0.0296736
0.0870203 0.128917 9.99549E-05 0.0414201 0.189552 0.55259 9.99549E-05 9.99549E-05 9.99549E-05 9.99549E-05
0.0849395 0.429709 9.99639E-05 0.0299896 0.193146 9.99639E-05 9.99639E-05 0.247121 0.0146954 9.99639E-05
9.9955E-05 0.426164 9.9955E-05 9.9955E-05 0.390254 0.131672 9.9955E-05 0.00295603 0.0484541 9.9955E-05
0.0443574 0.424318 9.99551E-05 9.99551E-05 0.426438 9.99551E-05 9.99551E-05 0.0194133 0.0849736 9.99551E-05
9.9937E-05 0.369185 9.9937E-05 9.9937E-05 0.515967 0.114148 9.9937E-05 9.9937E-05 9.9937E-05 9.9937E-05
9.9946E-05 0.71496 0.0177927 9.9946E-05 9.9946E-05 0.0456712 9.9946E-05 0.220977 9.9946E-05 9.9946E-05
0.0971928 0.858148 9.9946E-05 0.00924328 9.9946E-05 9.9946E-05 9.9946E-05 9.9946E-05 0.0348159 9.9946E-05
0.118848 0.739196 9.9937E-05 9.9937E-05 9.9937E-05 9.9937E-05 9.9937E-05 9.9937E-05 0.141257 9.9937E-05
9.99371E-05 0.953852 9.99371E-05 0.0117099 9.99371E-05 9.99371E-05 9.99371E-05 9.99371E-05 0.033739 9.99371E-05
9.9955E-05 0.854772 9.9955E-05 0.00787955 9.9955E-05 0.0757631 0.0191143 0.0419715 9.9955E-05 9.9955E-05
9.99369E-05 0.620203 9.99369E-05 9.99369E-05 0.0940669 0.28503 9.99369E-05 9.99369E-05 9.99369E-05 9.99369E-05
0.0680548 0.7586 9.9955E-05 9.9955E-05 0.0759802 0.0912254 9.9955E-05 9.9955E-05 9.9955E-05 0.00563967
0.0194021 0.811576 9.9946E-05 9.9946E-05 0.110006 0.0584169 9.9946E-05 9.9946E-05 9.9946E-05 9.9946E-05
0.0429805 0.294346 9.99639E-05 9.99639E-05 0.277706 0.211207 9.99639E-05 0.0959875 0.0773733 9.99639E-05
9.9955E-05 0.33277 9.9955E-05 9.9955E-05 0.349947 0.150406 9.9955E-05 9.9955E-05 0.151439 0.0149384
0.000946606 0.41554 9.997E-05 0.0273238 0.246177 0.204431 9.997E-05 0.0618607 0.0434212 9.997E-05
9.99641E-05 0.727956 0.0408412 9.99641E-05 0.0837613 0.0740585 9.99641E-05 0.0382924 0.0346907 9.99641E-05
9.99461E-05 0.79181 9.99461E-05 9.99461E-05 0.0504218 0.0259828 9.99461E-05 0.131186 9.99461E-05 9.99461E-05
0.0208926 0.83004 0.00938904 9.9946E-05 0.139079 9.9946E-05 9.9946E-05 9.9946E-05 9.9946E-05 9.9946E-05
9.99369E-05 0.696815 9.99369E-05 9.99369E-05 9.99369E-05 0.1251 9.99369E-05 0.177386 9.99369E-05 9.99369E-05
0.0949054 0.145268 0.0493103 9.9946E-05 0.709917 9.9946E-05 9.9946E-05 9.9946E-05 9.9946E-05 9.9946E-05
9.9955E-05 0.131735 0.036234 9.9955E-05 0.626383 0.152023 9.9955E-05 0.0531251 9.9955E-05 9.9955E-05
9.9955E-05 0.402264 0.0292907 9.9955E-05 0.447173 0.111424 9.9955E-05 9.9955E-05 9.9955E-05 0.00934945
9.9937E-05 0.685079 9.9937E-05 9.9937E-05 0.115645 0.198577 9.9937E-05 9.9937E-05 9.9937E-05 9.9937E-05
0.0132275 0.595857 0.0482279 9.996E-05 0.0576424 0.240956 9.996E-05 9.996E-05 9.996E-05 0.0436895
0.0262471 0.563083 0.00435012 9.9964E-05 0.157874 0.205052 9.9964E-05 9.9964E-05 9.9964E-05 0.0429943
9.99591E-05 0.757244 0.0325014 9.99591E-05 0.103457 0.0873328 9.99591E-05 9.99591E-05 0.0189649 9.99591E-05
0.162038 0.560557 9.9964E-05 0.128296 0.0543601 9.9964E-05 0.0111447 9.9964E-05 9.9964E-05 0.0832041
9.9937E-05 0.637005 0.10516 9.9937E-05 9.9937E-05 9.9937E-05 9.9937E-05 9.9937E-05 9.9937E-05 0.257135
9.9955E-05 0.670645 0.0195373 9.9955E-05 0.241927 0.0236576 9.9955E-05 0.0437338 9.9955E-05 9.9955E-05
9.99459E-05 0.178135 9.99459E-05 9.99459E-05 0.691622 0.0854001 9.99459E-05 0.0442424 9.99459E-05 9.99459E-05
0.0417085 0.410315 0.117486 9.9964E-05 0.364613 0.0150674 9.9964E-05 0.0504107 9.9964E-05 9.9964E-05
0.00863767 0.282623 9.9964E-05 0.0335741 0.535672 0.107755 9.9964E-05 0.031339 9.9964E-05 9.9964E-05
9.9955E-05 0.0607279 9.9955E-05 0.00780503 0.780041 9.9955E-05 9.9955E-05 0.145073 0.00585314 9.9955E-05
9.99369E-05 0.803072 9.99369E-05 9.99369E-05 0.0855971 9.99369E-05 9.99369E-05 0.110631 9.99369E-05 9.99369E-05
9.9946E-05 0.257788 9.9946E-05 9.9946E-05 0.611736 0.129051 9.9946E-05 0.000825808 9.9946E-05 9.9946E-05
9.9946E-05 0.493831 9.9946E-05 0.0126995 0.33791 0.15496 9.9946E-05 9.9946E-05 9.9946E-05 9.9946E-05
9.99549E-05 0.29998 9.99549E-05 9.99549E-05 0.391815 0.141399 9.99549E-05 0.09349 0.0728164 9.99549E-05
9.9946E-05 0.543775 0.0340228 9.9946E-05 0.334836 9.9946E-05 9.9946E-05 0.0867667 9.9946E-05 9.9946E-05
9.9955E-05 9.9955E-05 0.689435 9.9955E-05 0.133568 9.9955E-05 0.000400383 0.0444488 9.9955E-05 0.131648
9.9955E-05 9.9955E-05 0.214919 0.484708 0.0624805 0.00758903 9.9955E-05 9.9955E-05 9.9955E-05 0.229804
9.9973E-05 0.00131964 0.226354 0.591564 9.9973E-05 0.00640584 9.9973E-05 0.0626188 0.045952 0.0654857
9.995E-05 9.995E-05 9.995E-05 0.278496 0.0921661 9.995E-05 9.995E-05 0.11632 0.0134687 0.49905
9.9973E-05 9.9973E-05 0.00730062 0.135358 0.0317664 0.0329708 0.0105357 0.117911 9.9973E-05 0.663858
9.9955E-05 0.0112848 0.0511147 0.214165 9.9955E-05 9.9955E-05 9.9955E-05 9.9955E-05 0.0346842 0.688251
9.9946E-05 9.9946E-05 0.322257 9.9946E-05 9.9946E-05 0.00283784 0.343891 9.9946E-05 9.9946E-05 0.330414
9.9955E-05 9.9955E-05 0.518827 0.036895 9.9955E-05 9.9955E-05 0.229883 0.0372011 9.9955E-05 0.176694
9.99282E-05 9.99282E-05 0.800503 9.99282E-05 9.99282E-05 9.99282E-05 9.99282E-05 0.198697 9.99282E-05 9.99282E-05
9.995E-05 0.0723875 0.0868005 9.995E-05 9.995E-05 9.995E-05 0.218118 0.0128003 9.995E-05 0.609394
0.0599605 9.99372E-05 9.99372E-05 9.99372E-05 9.99372E-05 9.99372E-05 0.0208769 9.99372E-05 9.99372E-05 0.918463
0.0685525 9.993E-05 9.993E-05 9.993E-05 9.993E-05 9.993E-05 9.993E-05 0.00338782 9.993E-05 0.92736
0.0021496 0.0079823 9.9955E-05 9.9955E-05 9.9955E-05 0.0155777 0.165394 9.9955E-05 9.9955E-05 0.808397
