0.483167 9.9982E-05 0.119543 9.9982E-05 0.39709
0.0890845 9.9982E-05 0.480032 9.9982E-05 0.430683
0.391983 9.9991E-05 0.116775 0.0381546 0.452988
0.517943 0.000949221 0.0501308 0.0902057 0.340772
0.285589 0.0469515 9.9982E-05 9.9982E-05 0.66726
0.549796 9.9982E-05 9.9982E-05 0.0557605 0.394244
9.9982E-05 0.186443 0.777579 0.0357783 9.9982E-05
9.999E-05 0.344923 0.47718 0.0462873 0.131509
9.9973E-05 0.3904 0.6093 9.9973E-05 9.9973E-05
0.00786255 0.383166 0.597452 0.0114186 9.9991E-05
9.9973E-05 0.251531 0.748169 9.9973E-05 9.9973E-05
0.0251162 0.229065 0.745619 9.9982E-05 9.9982E-05
9.9973E-05 0.583275 0.416425 9.9973E-05 9.9973E-05
0.00974925 0.599904 0.390147 9.9982E-05 9.9982E-05
9.9973E-05 0.32574 0.67396 9.9973E-05 9.9973E-05
9.9973E-05 0.251049 0.748651 9.9973E-05 9.9973E-05
0.447649 0.048728 9.9991E-05 0.213505 0.290017
0.180078 0.115246 9.9991E-05 0.663828 0.040749
0.683682 0.0864687 9.9982E-05 0.229649 9.9982E-05
0.568332 0.137927 9.9991E-05 0.188705 0.104937
0.273889 0.0598168 9.9991E-05 0.52645 0.139744
0.510375 0.0625953 9.9982E-05 0.42683 9.9982E-05
0.590762 9.9982E-05 0.30126 9.9982E-05 0.107778
0.724997 9.9982E-05 0.0381136 9.9982E-05 0.23669
0.949011 9.9982E-05 0.0344564 9.9982E-05 0.0163324
0.75598 9.9982E-05 9.9982E-05 0.0479991 0.195821
0.53714 0.179386 9.9991E-05 0.0118216 0.271553
0.484643 0.151022 9.9982E-05 9.9982E-05 0.364135
0.0325664 0.0452045 0.0549983 0.328487 0.538744
0.0187933 0.105801 0.0619565 0.440161 0.373288
0.176133 9.9991E-05 0.298303 0.457755 0.0677083
0.226456 0.0378465 0.138122 0.213075 0.384501
0.450163 9.9982E-05 9.9982E-05 0.272706 0.276931
0.895936 9.9973E-05 0.103764 9.9973E-05 9.9973E-05
0.64311 9.9973E-05 0.35659 9.9973E-05 9.9973E-05
0.583412 0.0403762 0.047999 0.138823 0.18939
0.510087 0.184356 0.297537 0.00792031 9.9991E-05
0.726441 0.061074 0.116863 9.9991E-05 0.0955212
0.673887 0.0165415 0.108446 0.201025 9.9991E-05
0.716667 0.059775 9.9991E-05 0.21087 0.012588
0.450187 9.9991E-05 0.07857 0.125487 0.345656
0.355917 0.0862479 9.9991E-05 0.100338 0.457397
0.36161 0.168025 9.9991E-05 0.188857 0.281408
0.335013 0.0739945 0.139587 9.9991E-05 0.451306
0.53512 9.9991E-05 0.03687 0.0837422 0.344168
0.698817 0.00295101 9.9991E-05 0.198856 0.0992767
0.174915 0.131279 9.9982E-05 0.693606 9.9982E-05
9.9991E-05 0.0159281 0.122987 0.774398 0.0865867
9.9973E-05 9.9973E-05 0.0828764 0.916824 9.9973E-05
9.9973E-05 9.9973E-05 9.9973E-05 0.773867 0.225833
0.190947 0.0454138 9.9982E-05 0.76344 9.9982E-05
0.459841 9.9991E-05 0.157173 0.199175 0.183711
0.418173 0.116584 9.9982E-05 0.465043 9.9982E-05
0.679486 0.00738577 9.9991E-05 0.250952 0.0620763
0.664638 9.9991E-05 0.0624647 0.193681 0.0791166
0.692087 0.139088 9.9991E-05 0.0777021 0.0910233
0.231264 0.356803 0.411734 9.9982E-05 9.9982E-05
0.14128 0.578549 0.279971 9.9982E-05 9.9982E-05
0.0310596 0.876064 0.0685247 9.9991E-05 0.024252
0.0359814 0.557628 0.366762 0.0395285 9.9991E-05
9.9973E-05 0.618225 0.381475 9.9973E-05 9.9973E-05
9.9991E-05 0.620268 0.205186 0.136674 0.037771
9.9973E-05 9.9973E-05 0.920192 0.0795077 9.9973E-05
0.11106 0.186225 0.702514 9.9982E-05 9.9982E-05
9.99784E-05 0.366116 0.633584 9.99784E-05 9.99784E-05
9.9973E-05 0.552836 0.446864 9.9973E-05 9.9973E-05
0.176062 0.4267 0.397038 9.9982E-05 9.9982E-05
0.129232 0.729974 0.140595 9.99821E-05 9.99821E-05
0.0969544 0.287411 0.615435 9.9982E-05 9.9982E-05
0.0343836 0.528902 0.436514 9.9982E-05 9.9982E-05
0.117192 0.213282 0.669327 9.9982E-05 9.9982E-05
0.127557 0.581091 0.291151 9.99852E-05 9.99852E-05
9.9973E-05 0.219674 0.780026 9.9973E-05 9.9973E-05
9.9991E-05 0.707254 0.152179 0.09046 0.050007
0.154556 0.774167 0.034412 0.0367653 9.9991E-05
0.0083963 0.771215 0.106869 0.11342 9.9991E-05
9.9982E-05 0.626926 0.322353 9.9982E-05 0.0505213
9.9982E-05 0.972892 9.9982E-05 0.0100283 0.0168799
9.9973E-05 0.697224 0.302476 9.9973E-05 9.9973E-05
9.9982E-05 0.305551 0.646093 0.0481559 9.9982E-05
9.9991E-05 0.695707 0.157163 0.139421 0.00760854
0.0280577 0.113712 9.9991E-05 0.00706253 0.851067
9.99731E-05 9.99731E-05 0.239015 9.99731E-05 0.760685
9.9982E-05 0.0281406 0.158918 9.9982E-05 0.812741
9.9982E-05 0.125898 9.9982E-05 0.130855 0.743047
9.9982E-05 0.0560585 9.9982E-05 0.276469 0.667273
9.9982E-05 9.9982E-05 0.285438 0.509861 0.204501
0.0659456 9.9991E-05 0.202177 0.142008 0.58977
0.115267 9.9991E-05 0.240904 0.131179 0.51255
9.9982E-05 0.0774929 9.9982E-05 0.151466 0.770841
9.9982E-05 9.9982E-05 0.0743145 0.151549 0.773937
0.0724503 0.187313 9.9982E-05 9.9982E-05 0.740037
0.370242 0.122092 9.9982E-05 9.9982E-05 0.507466
0.365714 0.069294 9.9982E-05 9.9982E-05 0.564792
0.31977 0.0706905 0.0455606 0.0278342 0.536145
0.0458092 9.9991E-05 0.142135 0.419528 0.392428
0.337892 0.0020051 0.0353271 0.160312 0.464464
0.15165 0.165469 9.9982E-05 9.9982E-05 0.682681
0.304556 0.108454 9.9982E-05 9.9982E-05 0.58679
0.309947 9.9982E-05 0.0909343 9.9982E-05 0.598919
0.0443417 9.9991E-05 0.0374944 0.27424 0.643824
0.0234623 9.9982E-05 9.9982E-05 0.0848099 0.891528
0.0200482 9.9991E-05 0.0321291 0.118001 0.829722
0.0147772 9.9991E-05 0.0586286 0.0563936 0.870101
9.9991E-05 0.0598187 0.00734354 0.141766 0.790971
0.0622154 0.053763 9.9991E-05 0.0640268 0.819895
0.174101 0.0385914 9.9991E-05 0.101382 0.685825
9.9982E-05 0.0862831 9.9982E-05 0.037342 0.876175
0.0254581 0.111562 9.9991E-05 0.016325 0.846555
0.0530627 0.0509149 9.9982E-05 9.9982E-05 0.895822
0.148748 0.04266 9.9982E-05 9.9982E-05 0.808392
9.9973E-05 0.0325689 9.9973E-05 9.9973E-05 0.967131
0.165957 9.9982E-05 9.9982E-05 0.165102 0.668741
9.9982E-05 0.089104 9.9982E-05 0.120927 0.789769
0.079365 9.9991E-05 0.0564241 0.069359 0.794752
0.0642883 0.0410869 9.9991E-05 0.0660702 0.828455
9.9982E-05 0.0574389 9.9982E-05 0.0629365 0.879425
0.0293236 0.0769811 9.9982E-05 9.9982E-05 0.893495
0.0143525 0.037228 0.0147807 0.0708962 0.862743
0.0410228 9.9982E-05 0.214603 9.9982E-05 0.744174
9.99731E-05 9.99731E-05 0.132129 9.99731E-05 0.867571
9.9982E-05 0.000802837 0.114329 9.9982E-05 0.884668
0.0443737 0.042966 9.9982E-05 9.9982E-05 0.91246
0.065704 0.144039 9.9982E-05 9.9982E-05 0.790057
0.0845583 0.0628115 9.9982E-05 9.9982E-05 0.85243
9.9991E-05 0.0855463 0.000172928 0.0133043 0.900876
0.0797148 0.2761 9.9982E-05 9.9982E-05 0.643986
9.9982E-05 0.34169 0.0655152 9.9982E-05 0.592595
9.9973E-05 9.9973E-05 9.9973E-05 0.099653 0.900047
9.9982E-05 9.9982E-05 0.105434 0.105993 0.788373
9.9973E-05 9.9973E-05 0.180263 9.9973E-05 0.819437
0.0460279 9.9982E-05 0.138637 9.9982E-05 0.815135
9.9982E-05 9.9982E-05 0.155646 0.104257 0.739897
9.9982E-05 0.0285388 9.9982E-05 0.0808672 0.890394
9.9982E-05 9.9982E-05 0.116568 0.0202869 0.862945
0.0864371 0.0203366 9.9982E-05 9.9982E-05 0.893026
0.0564532 9.9982E-05 9.9982E-05 0.121785 0.821562
9.9973E-05 9.9973E-05 0.163939 9.9973E-05 0.835761
9.9991E-05 0.175999 0.7041 0.00342796 0.116373
9.9973E-05 0.502047 0.497653 9.9973E-05 9.9973E-05
9.9982E-05 0.379082 0.4978 0.122918 9.9982E-05
9.9991E-05 0.641078 0.230062 0.0407779 0.0879823
9.9982E-05 0.717105 0.17062 9.9982E-05 0.112076
9.9982E-05 0.802439 0.196766 0.000595046 9.9982E-05
0.0356429 0.441727 0.52243 9.9982E-05 9.9982E-05
9.9973E-05 0.289732 0.709968 9.9973E-05 9.9973E-05
9.997E-05 9.997E-05 0.9996 9.997E-05 9.997E-05
9.9982E-05 0.700082 0.234187 9.9982E-05 0.0655319
0.0382443 0.961456 9.99731E-05 9.99731E-05 9.99731E-05
0.037227 0.958057 9.9982E-05 0.00451569 9.9982E-05
0.062938 0.93415 9.9982E-05 9.9982E-05 0.00271247
