9.9982E-05 0.0704254 9.9982E-05 0.529552 0.399823
0.274316 0.273165 9.9991E-05 0.0426084 0.409811
0.0986194 0.0764918 9.9991E-05 0.409259 0.415529
0.158943 9.9991E-05 0.0593518 0.446479 0.335126
9.9982E-05 9.9982E-05 0.0639305 0.253352 0.682517
0.0652764 9.9991E-05 0.00882371 0.554536 0.371264
0.0890451 0.910655 9.9973E-05 9.9973E-05 9.9973E-05
0.0341849 0.61914 0.154269 0.0431102 0.149296
9.9982E-05 0.78489 0.204693 9.9982E-05 0.0102173
9.9982E-05 0.818414 0.138438 0.042948 9.9982E-05
9.9982E-05 0.954843 0.044346 0.000610721 9.9982E-05
9.999E-05 0.912578 0.000330503 0.0281626 0.0588285
9.9973E-05 0.585502 0.414198 9.9973E-05 9.9973E-05
9.9982E-05 0.588898 0.392251 0.018651 9.9982E-05
0.0779899 0.743191 0.178619 9.9982E-05 9.9982E-05
9.9982E-05 0.922173 0.0610077 9.9982E-05 0.0166193
0.146928 9.9991E-05 0.0355993 0.54304 0.274333
0.628151 9.9982E-05 0.0919039 0.279745 9.9982E-05
0.152187 0.0353591 0.097328 0.715026 9.9991E-05
0.119882 9.9991E-05 0.118712 0.641276 0.120029
0.423158 9.9991E-05 0.0888112 0.350767 0.137164
0.324429 9.9982E-05 0.0850321 0.590339 9.9982E-05
9.9982E-05 0.277415 9.9982E-05 0.531868 0.190517
9.9982E-05 0.0705745 9.9982E-05 0.690283 0.238943
9.9982E-05 0.0476539 9.9982E-05 0.842473 0.109673
0.0133857 9.9982E-05 9.9982E-05 0.80778 0.178634
9.9982E-05 9.9982E-05 0.163072 0.536378 0.30035
9.9991E-05 0.0067242 0.102315 0.5388 0.352061
0.281526 0.0576804 0.0258494 0.163507 0.471437
0.461256 9.9991E-05 0.0871982 0.144725 0.306721
0.577859 0.159805 9.9982E-05 0.262136 9.9982E-05
0.260361 0.104173 0.0387117 0.283404 0.31335
0.244105 9.9982E-05 9.9982E-05 0.46828 0.287414
9.9973E-05 0.135465 9.9973E-05 0.864235 9.9973E-05
0.0120693 0.341963 9.9982E-05 0.645768 9.9982E-05
0.0992074 0.103807 0.0374762 0.625125 0.134384
0.140004 0.194159 0.200602 0.465135 9.9991E-05
9.9991E-05 0.164398 0.0429283 0.688522 0.104052
0.167822 0.120311 0.0235245 0.688243 9.9991E-05
0.126169 0.0373942 0.0522302 0.784107 9.9991E-05
0.272673 9.9982E-05 9.9982E-05 0.398432 0.328696
0.0781048 9.9991E-05 0.108531 0.37391 0.439354
0.160286 9.9991E-05 0.163115 0.397744 0.278756
9.9991E-05 0.154776 0.0524907 0.24614 0.546493
0.0705574 9.9982E-05 9.9982E-05 0.591929 0.337314
0.212726 9.9991E-05 0.00577409 0.695206 0.0861946
0.584212 9.9982E-05 0.0767101 0.338878 9.9982E-05
0.805825 9.9991E-05 0.0856806 0.0877024 0.020692
0.9996 9.997E-05 9.997E-05 9.997E-05 9.997E-05
0.736114 9.9982E-05 9.9982E-05 0.1054 0.158287
0.681514 9.9982E-05 0.0984639 0.219822 9.9982E-05
0.162587 0.202798 9.9991E-05 0.43224 0.202275
0.369313 9.9982E-05 0.0925514 0.537935 9.9982E-05
0.178579 0.0171437 0.0181928 0.678479 0.107606
0.173364 0.0726668 9.9991E-05 0.712538 0.0413314
0.00534264 9.9991E-05 0.140564 0.744652 0.109341
9.9991E-05 0.522037 0.222207 0.245533 0.0101224
9.9982E-05 0.416973 0.424681 0.158145 9.9982E-05
0.000728084 0.107261 0.838988 0.0529227 9.9991E-05
0.0305715 0.477973 0.448529 0.0428261 9.9991E-05
9.9982E-05 0.420855 0.557283 9.9982E-05 0.0216622
0.177424 0.172457 0.635069 9.9991E-05 0.0149503
0.259716 0.739984 9.9973E-05 9.9973E-05 9.9973E-05
0.0226665 0.788426 0.0493026 0.139505 9.99985E-05
9.9982E-05 0.83226 0.155864 9.9982E-05 0.0116762
9.9973E-05 0.614375 0.385325 9.9973E-05 9.9973E-05
9.9982E-05 0.595782 0.251306 0.152712 9.9982E-05
9.99821E-05 0.301929 0.62172 0.0761514 9.99821E-05
9.9982E-05 0.786275 0.110584 0.102941 9.9982E-05
9.9982E-05 0.60626 0.354533 0.0390078 9.9982E-05
9.9982E-05 0.846322 9.9982E-05 0.130803 0.0226757
9.9982E-05 0.37735 0.516932 0.105517 9.9982E-05
9.9991E-05 0.905485 0.0356548 0.0142777 0.0444822
0.0959303 0.16669 0.729802 9.9991E-05 0.00747724
9.9982E-05 0.14256 0.697849 0.159391 9.9982E-05
0.168469 0.0763674 0.754964 9.9982E-05 9.9982E-05
0.0258373 0.335222 0.575537 9.9991E-05 0.0633042
0.00379053 9.9973E-05 0.99591 9.9973E-05 9.9973E-05
9.9973E-05 0.395627 0.604073 9.9973E-05 9.9973E-05
0.112583 0.677151 0.210067 9.9982E-05 9.9982E-05
0.166701 0.120858 0.712241 9.9982E-05 9.9982E-05
9.9982E-05 9.9982E-05 0.123592 0.0763319 0.799876
0.101505 0.140783 9.9982E-05 9.9982E-05 0.757512
9.99731E-05 0.173526 9.99731E-05 9.99731E-05 0.826174
0.0636481 9.9982E-05 0.136397 9.9982E-05 0.799755
0.292757 9.9982E-05 0.0234048 9.9982E-05 0.683638
0.854235 0.00132901 9.9982E-05 9.9982E-05 0.144236
0.260014 0.120263 9.9991E-05 0.0509812 0.568642
0.26574 0.131024 9.9991E-05 0.0870702 0.516066
0.133267 9.9991E-05 0.0797536 0.068144 0.718736
0.281851 9.9973E-05 9.9973E-05 9.9973E-05 0.717849
9.9982E-05 9.9982E-05 0.183751 0.0816308 0.734418
9.9982E-05 9.9982E-05 0.108346 0.398826 0.492628
9.9982E-05 9.9982E-05 0.0646752 0.340665 0.59446
0.0625508 9.9991E-05 0.117797 0.2707 0.548853
0.488689 9.9991E-05 0.0708055 0.100098 0.340308
0.173133 9.9991E-05 0.0470402 0.338578 0.441149
9.9982E-05 9.9982E-05 0.150371 0.17722 0.672209
9.9982E-05 9.9982E-05 0.103784 0.287063 0.608952
9.9982E-05 0.0904931 9.9982E-05 0.287219 0.622088
0.289897 9.9982E-05 9.9982E-05 0.0955791 0.614324
0.0738352 9.9982E-05 9.9982E-05 0.0677321 0.858233
0.0876957 9.9982E-05 9.9982E-05 0.0964371 0.815667
0.115816 0.00046679 9.9982E-05 9.9982E-05 0.883517
0.166063 9.9982E-05 0.0804858 9.9982E-05 0.753251
9.9982E-05 9.9982E-05 0.0300778 0.154329 0.815394
0.0645886 9.9991E-05 0.0234576 0.265553 0.646301
0.0150098 9.9982E-05 0.0839477 9.9982E-05 0.900843
0.0340106 9.9982E-05 0.101907 9.9982E-05 0.863882
9.9982E-05 9.9982E-05 0.0426814 0.0781484 0.87897
9.9982E-05 9.9982E-05 0.0553368 0.108459 0.836004
9.9982E-05 9.9982E-05 0.0356667 0.0154376 0.948696
0.135769 9.9982E-05 9.9982E-05 0.226955 0.637076
0.107027 9.9991E-05 0.0911282 0.00199168 0.799753
0.042653 0.0633506 9.9991E-05 0.127728 0.766168
0.0554093 0.00173436 0.0294214 0.0832967 0.830138
0.0738513 9.9982E-05 0.0575378 9.9982E-05 0.868411
9.9982E-05 9.9982E-05 0.0107492 0.0211582 0.967893
0.120189 9.9982E-05 0.0159446 9.9982E-05 0.863666
9.99731E-05 0.1578 9.99731E-05 9.99731E-05 0.8419
0.0715149 0.0696684 9.9982E-05 9.9982E-05 0.858617
0.0293121 0.0959646 9.9982E-05 9.9982E-05 0.874523
9.9982E-05 9.9982E-05 0.0242873 0.0326323 0.94288
9.9991E-05 0.00303488 0.13238 0.0572045 0.807281
9.9982E-05 9.9982E-05 0.0695182 0.0874249 0.842857
0.0113824 0.012964 0.0509529 9.9991E-05 0.924601
9.9991E-05 0.0989626 0.196019 0.102415 0.602503
9.9982E-05 0.0474796 0.345449 9.9982E-05 0.606871
0.126798 9.9973E-05 9.9973E-05 9.9973E-05 0.872902
0.170381 0.0236924 9.9982E-05 9.9982E-05 0.805727
9.9973E-05 0.149567 9.9973E-05 9.9973E-05 0.850134
9.9982E-05 0.100571 9.9982E-05 0.0073833 0.891846
0.291441 9.9982E-05 9.9982E-05 0.00315579 0.705203
0.102589 9.9982E-05 0.0393558 9.9982E-05 0.857855
0.0938678 9.9982E-05 9.9982E-05 0.0184998 0.887432
9.9982E-05 0.024313 9.9982E-05 0.0800748 0.895412
0.184238 9.9982E-05 9.9982E-05 0.0658227 0.749739
0.0922617 0.0490654 9.9982E-05 9.9982E-05 0.858473
0.132495 0.753523 0.030187 9.9991E-05 0.0836946
9.9982E-05 0.604649 0.374219 9.9982E-05 0.020932
0.122195 0.596782 0.280823 9.9982E-05 9.9982E-05
0.0765998 0.25279 0.600457 9.9991E-05 0.0700535
0.0487728 0.172939 0.679226 9.9991E-05 0.0989619
9.9973E-05 0.253911 0.745789 9.9973E-05 9.9973E-05
9.9982E-05 0.618638 0.327365 9.9982E-05 0.0537972
9.9982E-05 0.87243 0.113538 9.9982E-05 0.0138325
0.261458 0.738242 9.99731E-05 9.99731E-05 9.99731E-05
9.9982E-05 0.260661 0.659782 9.9982E-05 0.079357
9.99731E-05 9.99731E-05 0.95605 0.0436504 9.99731E-05
9.9973E-05 9.9973E-05 0.930838 0.0688622 9.9973E-05
0.00366475 9.9991E-05 0.956461 0.0257368 0.0140374
