9.99549E-05 0.0272268 0.371485 0.131431 9.99549E-05 9.99549E-05 0.241914 0.227443 9.99549E-05 9.99549E-05
0.0549019 0.33498 0.197692 0.247936 0.0170589 9.9964E-05 9.9964E-05 0.147031 9.9964E-05 9.9964E-05
9.9955E-05 0.148703 0.320676 9.9955E-05 9.9955E-05 9.9955E-05 0.180448 0.32582 9.9955E-05 0.0238542
9.9955E-05 0.0283043 0.567541 0.152091 0.0328156 9.9955E-05 9.9955E-05 9.9955E-05 9.9955E-05 0.218749
9.9946E-05 9.9946E-05 0.180643 9.9946E-05 9.9946E-05 9.9946E-05 0.127989 0.581996 9.9946E-05 0.108773
9.9955E-05 9.9955E-05 0.607276 0.047758 9.9955E-05 9.9955E-05 0.0936841 0.107082 9.9955E-05 0.143701
0.0622821 0.07219 9.9946E-05 0.0381515 0.826777 9.9946E-05 9.9946E-05 9.9946E-05 9.9946E-05 9.9946E-05
0.0660274 9.9964E-05 9.9964E-05 0.0391162 0.693622 0.0262396 0.0402207 0.134374 9.9964E-05 9.9964E-05
9.9937E-05 9.9937E-05 9.9937E-05 9.9937E-05 0.879979 9.9937E-05 9.9937E-05 9.9937E-05 0.0351221 0.084199
9.99281E-05 9.99281E-05 0.073046 9.99281E-05 0.926155 9.99281E-05 9.99281E-05 9.99281E-05 9.99281E-05 9.99281E-05
9.99459E-05 0.169681 0.0136902 0.0294749 0.786554 9.99459E-05 9.99459E-05 9.99459E-05 9.99459E-05 9.99459E-05
9.99549E-05 0.352381 9.99549E-05 9.99549E-05 0.446265 9.99549E-05 0.0849096 0.0115727 0.104372 9.99549E-05
9.9937E-05 0.076244 9.9937E-05 9.9937E-05 0.64746 0.275596 9.9937E-05 9.9937E-05 9.9937E-05 9.9937E-05
9.99371E-05 9.99371E-05 9.99371E-05 9.99371E-05 0.789026 0.20592 9.99371E-05 9.99371E-05 9.99371E-05 0.00435442
0.0239767 0.0239317 0.0308318 9.9955E-05 0.907252 9.9955E-05 9.9955E-05 9.9955E-05 9.9955E-05 0.0135081
0.0480802 0.171615 9.99461E-05 0.0386495 0.741056 9.99461E-05 9.99461E-05 9.99461E-05 9.99461E-05 9.99461E-05
0.145487 0.0196298 9.9955E-05 9.9955E-05 9.9955E-05 9.9955E-05 0.475967 0.327064 9.9955E-05 0.0313516
0.449938 9.9964E-05 0.357779 0.00935976 9.9964E-05 9.9964E-05 0.0648733 0.0049549 0.112695 9.9964E-05
0.200798 9.99459E-05 9.99459E-05 9.99459E-05 9.99459E-05 0.0842816 0.562635 9.99459E-05 9.99459E-05 0.151686
0.111462 9.9964E-05 0.232052 9.9964E-05 9.9964E-05 0.05998 0.342074 0.105167 9.9964E-05 0.148864
0.414121 9.99549E-05 0.274038 9.99549E-05 0.0576168 9.99549E-05 0.0654286 0.188296 9.99549E-05 9.99549E-05
0.293106 9.99459E-05 0.469629 9.99459E-05 9.99459E-05 9.99459E-05 0.201223 9.99459E-05 0.0354424 9.99459E-05
9.9946E-05 0.205272 9.9946E-05 0.0449777 9.9946E-05 9.9946E-05 0.57116 0.17799 9.9946E-05 9.9946E-05
9.9955E-05 0.0538796 0.0125165 0.126824 9.9955E-05 9.9955E-05 0.570408 0.235872 9.9955E-05 9.9955E-05
9.99461E-05 9.99461E-05 0.0638298 9.99461E-05 9.99461E-05 9.99461E-05 0.769568 0.0802706 9.99461E-05 0.0857324
9.9937E-05 9.9937E-05 0.572001 0.142434 9.9937E-05 9.9937E-05 0.284866 9.9937E-05 9.9937E-05 9.9937E-05
9.9946E-05 9.9946E-05 9.9946E-05 9.9946E-05 9.9946E-05 0.0398725 0.554844 0.36038 0.0443045 9.9946E-05
9.9964E-05 9.9964E-05 0.0831514 9.9964E-05 0.044688 0.0267948 0.428166 0.288672 9.9964E-05 0.128129
0.181982 9.9955E-05 0.219494 0.170135 0.103941 9.9955E-05 9.9955E-05 0.323949 9.9955E-05 9.9955E-05
0.302774 9.9955E-05 0.311175 0.0524078 0.139185 9.9955E-05 9.9955E-05 0.193957 9.9955E-05 9.9955E-05
0.0208865 0.485387 0.493027 9.99369E-05 9.99369E-05 9.99369E-05 9.99369E-05 9.99369E-05 9.99369E-05 9.99369E-05
9.99549E-05 0.235272 0.44746 9.99549E-05 9.99549E-05 9.99549E-05 9.99549E-05 0.270722 0.0221953 0.0238514
0.0360155 0.101387 0.60842 9.9964E-05 9.9964E-05 9.9964E-05 0.0313693 0.130973 9.9964E-05 0.0914348
9.9946E-05 9.9946E-05 0.101248 0.100223 0.0440586 9.9946E-05 0.75387 9.9946E-05 9.9946E-05 9.9946E-05
9.99369E-05 0.346933 9.99369E-05 0.00384767 9.99369E-05 9.99369E-05 0.64852 9.99369E-05 9.99369E-05 9.99369E-05
0.089082 0.0127331 0.0699978 9.9973E-05 0.0148606 9.9973E-05 0.535681 0.164824 9.9973E-05 0.112522
0.0114912 0.303876 0.0702941 9.9964E-05 9.9964E-05 0.244924 0.297603 9.9964E-05 9.9964E-05 0.0714115
0.02359 0.0149357 9.9964E-05 9.9964E-05 9.9964E-05 0.0632871 0.717425 0.0424617 9.9964E-05 0.137901
0.0972013 0.0514933 0.205716 0.14965 0.0165354 0.0718912 0.407213 9.9973E-05 9.9973E-05 9.9973E-05
0.0763255 9.9955E-05 0.0290478 9.9955E-05 9.9955E-05 9.9955E-05 0.652259 9.9955E-05 0.0283579 0.21351
9.99281E-05 9.99281E-05 0.431306 0.567894 9.99281E-05 9.99281E-05 9.99281E-05 9.99281E-05 9.99281E-05 9.99281E-05
9.9964E-05 9.9964E-05 0.229063 0.301829 9.9964E-05 0.0988201 0.0112351 0.0359456 9.9964E-05 0.322707
0.0787956 0.0104878 0.414271 9.9955E-05 9.9955E-05 0.144113 9.9955E-05 9.9955E-05 9.9955E-05 0.351833
9.9964E-05 9.9964E-05 9.9964E-05 0.498616 0.00366286 0.0684639 0.136277 9.9964E-05 0.0570689 0.235511
9.99371E-05 9.99371E-05 0.794063 0.179674 0.0255631 9.99371E-05 9.99371E-05 9.99371E-05 9.99371E-05 9.99371E-05
9.9946E-05 0.0308936 0.942114 9.9946E-05 9.9946E-05 0.0188241 9.9946E-05 9.9946E-05 9.9946E-05 0.00756864
0.638538 9.9937E-05 9.9937E-05 9.9937E-05 9.9937E-05 9.9937E-05 0.265923 9.9937E-05 0.0948393 9.9937E-05
0.685823 0.114095 9.99549E-05 0.101413 9.99549E-05 9.99549E-05 9.99549E-05 9.99549E-05 0.049693 0.0484773
0.819503 0.139354 9.9937E-05 0.0404437 9.9937E-05 9.9937E-05 9.9937E-05 9.9937E-05 9.9937E-05 9.9937E-05
0.674151 9.9946E-05 9.9946E-05 0.29407 9.9946E-05 9.9946E-05 0.00113726 9.9946E-05 9.9946E-05 0.030042
0.674459 9.99549E-05 0.184831 9.99549E-05 0.0361464 0.0302937 0.0737699 9.99549E-05 9.99549E-05 9.99549E-05
0.13115 9.9964E-05 0.0173589 0.34128 0.0724226 9.9964E-05 0.389871 9.9964E-05 0.0475178 9.9964E-05
0.412611 9.9964E-05 0.0491118 9.9964E-05 9.9964E-05 0.0521236 0.384721 0.0694256 0.0316075 9.9964E-05
0.0741669 9.9955E-05 0.0444354 0.341242 9.9955E-05 0.084544 0.455112 9.9955E-05 9.9955E-05 9.9955E-05
0.100172 9.9964E-05 0.0700069 0.308385 0.00271725 9.9964E-05 0.503151 9.9964E-05 0.0151683 9.9964E-05
9.99549E-05 9.99549E-05 0.45178 9.99549E-05 9.99549E-05 0.110032 0.302439 0.092026 9.99549E-05 0.0432228
9.9946E-05 9.9946E-05 9.9946E-05 0.0999349 0.38479 9.9946E-05 0.23148 9.9946E-05 0.283195 9.9946E-05
9.9955E-05 9.9955E-05 9.9955E-05 9.9955E-05 0.565914 0.205555 0.123699 0.0274637 0.0768679 9.9955E-05
9.9946E-05 9.9946E-05 9.9946E-05 9.9946E-05 9.9946E-05 0.432388 0.0321187 0.0179764 0.516917 9.9946E-05
0.0231192 9.9955E-05 0.0128067 0.129719 0.0766698 9.9955E-05 9.9955E-05 9.9955E-05 0.757186 9.9955E-05
9.9937E-05 9.9937E-05 9.9937E-05 9.9937E-05 0.16185 9.9937E-05 9.9937E-05 9.9937E-05 0.811342 0.0261087
0.0385474 9.9946E-05 0.0530871 0.0207724 9.9946E-05 9.9946E-05 9.9946E-05 9.9946E-05 0.886993 9.9946E-05
0.0532051 0.756692 9.99369E-05 9.99369E-05 0.189403 9.99369E-05 9.99369E-05 9.99369E-05 9.99369E-05 9.99369E-05
9.99459E-05 0.663054 9.99459E-05 9.99459E-05 9.99459E-05 0.20068 0.0290758 9.99459E-05 0.106591 9.99459E-05
9.9946E-05 0.20389 9.9946E-05 9.9946E-05 0.615139 9.9946E-05 9.9946E-05 9.9946E-05 0.128355 0.0520172
9.9937E-05 9.9937E-05 9.9937E-05 9.9937E-05 0.778687 0.0935576 9.9937E-05 9.9937E-05 0.127056 9.9937E-05
9.9964E-05 0.185948 0.0430338 9.9964E-05 0.415701 0.243437 0.100556 9.9964E-05 0.0109248 9.9964E-05
9.994E-05 0.0407094 9.994E-05 9.994E-05 0.300543 0.605878 0.05227 9.994E-05 9.994E-05 9.994E-05
9.9964E-05 0.475413 9.9964E-05 0.0307115 0.160118 0.248102 0.0102791 9.9964E-05 0.0749772 9.9964E-05
9.9955E-05 0.10427 9.9955E-05 9.9955E-05 0.345113 0.0634309 0.169357 9.9955E-05 0.317329 9.9955E-05
9.9964E-05 0.493747 9.9964E-05 9.9964E-05 0.173291 0.122631 0.187623 9.9964E-05 0.0190008 0.00330784
9.9964E-05 0.126157 9.9964E-05 9.9964E-05 0.251048 0.278371 0.0836307 0.0263891 0.234004 9.9964E-05
9.99459E-05 0.536986 9.99459E-05 9.99459E-05 0.173829 9.99459E-05 0.0388677 9.99459E-05 0.249718 9.99459E-05
0.0741 0.0355651 9.9973E-05 9.9973E-05 0.0276498 0.328 9.9973E-05 0.00204554 0.489451 0.042889
0.048022 0.113916 0.0744525 9.99459E-05 9.99459E-05 0.76301 9.99459E-05 9.99459E-05 9.99459E-05 9.99459E-05
0.0953659 9.9937E-05 9.9937E-05 9.9937E-05 9.9937E-05 0.225653 9.9937E-05 9.9937E-05 0.678281 9.9937E-05
9.9946E-05 0.208643 9.9946E-05 9.9946E-05 9.9946E-05 0.227094 9.9946E-05 9.9946E-05 0.500859 0.0628045
9.9928E-05 9.9928E-05 9.9928E-05 9.9928E-05 9.9928E-05 0.407219 9.9928E-05 9.9928E-05 0.591982 9.9928E-05
9.9946E-05 9.9946E-05 9.9946E-05 0.00786102 0.261191 0.203596 9.9946E-05 9.9946E-05 0.526752 9.9946E-05
0.104757 0.30165 9.99549E-05 9.99549E-05 0.232221 9.99549E-05 0.0308281 9.99549E-05 0.330044 9.99549E-05
9.99461E-05 9.99461E-05 0.150117 9.99461E-05 0.0190071 0.101325 9.99461E-05 9.99461E-05 0.728951 9.99461E-05
0.0135899 9.99551E-05 0.07044 9.99551E-05 9.99551E-05 0.0501218 0.0853919 0.779957 9.99551E-05 9.99551E-05
9.9946E-05 9.9946E-05 9.9946E-05 0.810707 9.9946E-05 0.0567749 9.9946E-05 0.0783218 0.0535966 9.9946E-05
9.9946E-05 9.9946E-05 9.9946E-05 0.713223 9.9946E-05 0.0719238 9.9946E-05 0.203153 9.9946E-05 0.0111011
0.0832235 9.9955E-05 9.9955E-05 9.9955E-05 0.0418814 0.043614 9.9955E-05 0.728437 9.9955E-05 0.102344
0.296408 9.9955E-05 9.9955E-05 0.0708972 0.0651623 9.9955E-05 9.9955E-05 0.544664 9.9955E-05 0.0223686
0.440547 0.340682 9.99371E-05 0.218072 9.99371E-05 9.99371E-05 9.99371E-05 9.99371E-05 9.99371E-05 9.99371E-05
0.116071 0.132171 9.99461E-05 0.186223 9.99461E-05 9.99461E-05 9.99461E-05 9.99461E-05 9.99461E-05 0.564935
0.0891086 0.0113825 9.99551E-05 0.285057 0.0760981 9.99551E-05 9.99551E-05 9.99551E-05 9.99551E-05 0.537854
0.0877399 0.0108644 0.0720804 0.0382469 9.9964E-05 9.9964E-05 9.9964E-05 0.193155 9.9964E-05 0.597514
0.109366 0.0694709 9.99549E-05 0.228363 9.99549E-05 9.99549E-05 9.99549E-05 0.158696 9.99549E-05 0.433605
9.99201E-05 9.99201E-05 9.99201E-05 9.99201E-05 9.99201E-05 9.99201E-05 9.99201E-05 9.99201E-05 9.99201E-05 0.999101
9.9937E-05 9.9937E-05 0.115651 9.9937E-05 9.9937E-05 0.023658 9.9937E-05 9.9937E-05 9.9937E-05 0.859992
9.99459E-05 9.99459E-05 0.236638 9.99459E-05 9.99459E-05 9.99459E-05 0.0491232 0.257745 9.99459E-05 0.455894
9.9973E-05 0.0151871 0.079298 0.0309884 9.9973E-05 9.9973E-05 0.0312803 0.0817616 0.0510287 0.710156
0.318133 0.0430825 0.135731 9.99549E-05 0.00385501 9.99549E-05 9.99549E-05 9.99549E-05 9.99549E-05 0.498699
0.0893458 9.9946E-05 0.17198 9.9946E-05 9.9946E-05 9.9946E-05 0.069311 9.9946E-05 9.9946E-05 0.668763
9.9937E-05 9.9937E-05 9.9937E-05 9.9937E-05 0.0272507 9.9937E-05 9.9937E-05 0.0823843 9.9937E-05 0.889665
9.9937E-05 9.9937E-05 9.9937E-05 9.9937E-05 9.9937E-05 9.9937E-05 0.104998 0.148812 9.9937E-05 0.745491
9.99639E-05 9.99639E-05 0.0442556 0.247097 0.0298899 9.99639E-05 0.0765894 0.0477754 9.99639E-05 0.553993
0.28241 9.99639E-05 9.99639E-05 0.314614 0.000228963 9.99639E-05 0.0214089 0.329168 9.99639E-05 0.0517711
0.0174329 9.9946E-05 0.211943 0.319091 9.9946E-05 9.9946E-05 9.9946E-05 0.450933 9.9946E-05 9.9946E-05
0.0484521 9.99461E-05 9.99461E-05 0.461313 9.99461E-05 9.99461E-05 0.0667997 0.422835 9.99461E-05 9.99461E-05
0.0109769 9.9946E-05 9.9946E-05 0.576077 9.9946E-05 9.9946E-05 9.9946E-05 0.332716 9.9946E-05 0.0796311
0.153693 0.0344758 9.9955E-05 9.9955E-05 0.00982087 9.9955E-05 9.9955E-05 0.781934 9.9955E-05 0.0195765
0.00434277 9.9946E-05 0.118582 9.9946E-05 9.9946E-05 9.9946E-05 0.0856416 0.790834 9.9946E-05 9.9946E-05
0.105744 9.9946E-05 0.0409084 9.9946E-05 9.9946E-05 9.9946E-05 0.174601 0.678147 9.9946E-05 9.9946E-05
0.0672093 9.9946E-05 9.9946E-05 9.9946E-05 0.0468179 9.9946E-05 9.9946E-05 0.881842 9.9946E-05 0.00353069
0.0125691 0.0027442 0.0672288 9.9973E-05 9.9973E-05 0.0222728 0.00519555 0.863919 0.025771 9.9973E-05
9.9937E-05 9.9937E-05 0.122236 9.9937E-05 9.9937E-05 9.9937E-05 9.9937E-05 0.811153 9.9937E-05 0.0659116
9.9955E-05 9.9955E-05 0.0772872 0.0129358 9.9955E-05 0.00661562 0.0794835 0.823178 9.9955E-05 9.9955E-05
9.99371E-05 9.99371E-05 0.0800729 0.0404807 9.99371E-05 9.99371E-05 9.99371E-05 0.878747 9.99371E-05 9.99371E-05
0.0255669 9.99459E-05 0.388346 0.208644 9.99459E-05 9.99459E-05 9.99459E-05 0.376843 9.99459E-05 9.99459E-05
0.101306 9.9955E-05 9.9955E-05 0.274048 9.9955E-05 9.9955E-05 9.9955E-05 0.439995 0.0211185 0.163033
9.995E-05 0.063536 0.120162 0.0815189 9.995E-05 9.995E-05 0.0767033 0.65758 9.995E-05 9.995E-05
0.0665657 0.028985 9.99641E-05 0.0182692 9.99641E-05 9.99641E-05 0.0432337 0.645537 9.99641E-05 0.19701
0.0643514 9.99551E-05 0.0520707 0.135879 9.99551E-05 9.99551E-05 9.99551E-05 0.626974 9.99551E-05 0.120225
9.9955E-05 0.0185987 9.9955E-05 0.064887 9.9955E-05 9.9955E-05 0.0362265 0.846622 9.9955E-05 0.0331658
0.0734058 9.9964E-05 9.9964E-05 0.0839037 0.00949536 9.9964E-05 9.9964E-05 0.571987 0.0066139 0.254194
9.994E-05 0.132601 9.994E-05 0.490728 9.994E-05 9.994E-05 0.0485279 0.327543 9.994E-05 9.994E-05
9.9946E-05 0.124976 9.9946E-05 0.425806 9.9946E-05 9.9946E-05 9.9946E-05 0.412218 9.9946E-05 0.0363994
9.9955E-05 0.073612 9.9955E-05 0.272693 9.9955E-05 9.9955E-05 0.0272327 0.6141 9.9955E-05 0.0118627
9.9946E-05 9.9946E-05 0.154377 0.0332062 9.9946E-05 9.9946E-05 9.9946E-05 0.782701 9.9946E-05 0.0291156
9.996E-05 0.0512134 0.0871029 0.0520313 9.996E-05 0.0593406 9.996E-05 0.644574 9.996E-05 0.105338
9.9964E-05 0.00473533 9.9964E-05 0.136534 9.9964E-05 9.9964E-05 0.0738072 0.604655 0.0304607 0.149407
9.9946E-05 0.0376147 9.9946E-05 0.075769 9.9946E-05 9.9946E-05 9.9946E-05 0.821975 9.9946E-05 0.0640416
9.9946E-05 9.9946E-05 9.9946E-05 9.9946E-05 0.0234774 9.9946E-05 0.150228 0.62175 0.203945 9.9946E-05
9.9955E-05 0.00786908 9.9955E-05 9.9955E-05 0.00950105 9.9955E-05 9.9955E-05 0.579118 0.364325 0.0386873
0.100425 0.00121707 9.9955E-05 0.103675 9.9955E-05 9.9955E-05 9.9955E-05 0.790183 9.9955E-05 0.00400016
0.0498718 9.99459E-05 9.99459E-05 0.65988 9.99459E-05 9.99459E-05 9.99459E-05 0.275451 9.99459E-05 0.014197
9.9955E-05 0.0647381 9.9955E-05 0.370655 0.0513723 9.9955E-05 9.9955E-05 0.44934 9.9955E-05 0.0633947
9.9955E-05 9.9955E-05 9.9955E-05 0.524161 0.0421036 9.9955E-05 0.0055211 0.350586 9.9955E-05 0.077129
0.047509 9.9937E-05 9.9937E-05 0.865002 9.9937E-05 9.9937E-05 9.9937E-05 0.0867897 9.9937E-05 9.9937E-05
0.0545341 9.9946E-05 9.9946E-05 0.142247 9.9946E-05 9.9946E-05 9.9946E-05 0.75534 9.9946E-05 0.0472799
9.9946E-05 9.9946E-05 9.9946E-05 0.673176 0.000412364 9.9946E-05 9.9946E-05 0.221678 9.9946E-05 0.104134
9.9937E-05 9.9937E-05 0.149113 0.281267 9.9937E-05 9.9937E-05 9.9937E-05 0.56892 9.9937E-05 9.9937E-05
0.0238521 0.0457496 0.182011 0.306026 9.99549E-05 9.99549E-05 9.99549E-05 0.441861 9.99549E-05 9.99549E-05
9.9937E-05 0.0775627 9.9937E-05 0.331975 9.9937E-05 9.9937E-05 9.9937E-05 0.589763 9.9937E-05 9.9937E-05
0.0294049 0.578717 9.9946E-05 0.0629462 9.9946E-05 9.9946E-05 9.9946E-05 9.9946E-05 0.328332 9.9946E-05
9.9946E-05 0.18592 9.9946E-05 9.9946E-05 0.117865 9.9946E-05 9.9946E-05 0.0247881 0.670827 9.9946E-05
0.110501 0.152545 9.9955E-05 9.9955E-05 0.229908 9.9955E-05 0.00965738 9.9955E-05 0.496889 9.9955E-05
9.9955E-05 9.9955E-05 0.119041 0.0122774 0.0359582 9.9955E-05 9.9955E-05 9.9955E-05 0.811665 0.0205576
9.9955E-05 9.9955E-05 9.9955E-05 9.9955E-05 0.0329691 0.1462 9.9955E-05 0.104868 0.67198 0.0434828
9.9928E-05 9.9928E-05 9.9928E-05 9.9928E-05 9.9928E-05 0.111924 9.9928E-05 9.9928E-05 0.887277 9.9928E-05
9.9964E-05 0.365058 9.9964E-05 0.00025445 0.198834 0.256433 0.00329014 9.9964E-05 0.175731 9.9964E-05
9.99459E-05 0.501009 9.99459E-05 9.99459E-05 0.23076 0.0901361 9.99459E-05 9.99459E-05 0.177496 9.99459E-05
9.99282E-05 0.969809 9.99282E-05 9.99282E-05 0.0293912 9.99282E-05 9.99282E-05 9.99282E-05 9.99282E-05 9.99282E-05
0.0322361 0.0372493 9.9964E-05 9.9964E-05 0.0934387 0.331139 9.9964E-05 0.0593297 0.446207 9.9964E-05
9.99201E-05 9.99201E-05 9.99201E-05 9.99201E-05 9.99201E-05 0.999101 9.99201E-05 9.99201E-05 9.99201E-05 9.99201E-05
9.9937E-05 9.9937E-05 9.9937E-05 9.9937E-05 9.9937E-05 0.638643 9.9937E-05 9.9937E-05 0.344913 0.0157443
9.9946E-05 9.9946E-05 9.9946E-05 9.9946E-05 0.0235954 0.863092 9.9946E-05 9.9946E-05 0.0859649 0.026748
