0.317159 0.347377 9.99639E-05 9.99639E-05 0.21699 0.118074 9.99639E-05 9.99639E-05
0.419325 9.9973E-05 9.9973E-05 0.215577 0.193713 9.9973E-05 0.0446034 0.126482
0.0802613 0.218134 9.9982E-05 0.123282 0.238347 0.324068 9.9982E-05 0.0157075
0.136106 0.163818 0.0352752 0.0191056 0.635244 9.9982E-05 9.9982E-05 0.010251
9.9964E-05 0.18145 0.00602544 9.9964E-05 0.210752 0.601373 9.9964E-05 9.9964E-05
0.100781 0.333764 9.9964E-05 9.9964E-05 0.540162 0.0248935 9.9964E-05 9.9964E-05
9.99549E-05 9.99549E-05 9.99549E-05 0.156899 9.99549E-05 9.99549E-05 0.72292 0.119682
9.9973E-05 0.0504072 9.9973E-05 0.0394995 9.9973E-05 0.135385 0.693533 0.0808758
0.00240786 9.9964E-05 9.9964E-05 0.0880189 0.052285 9.9964E-05 0.856888 9.9964E-05
9.9964E-05 0.055728 9.9964E-05 0.0420266 9.9964E-05 9.9964E-05 0.876211 0.0256351
0.021191 9.99549E-05 9.99549E-05 0.252003 9.99549E-05 9.99549E-05 0.726307 9.99549E-05
9.99729E-05 0.0321151 0.0411389 0.535557 9.99729E-05 0.0320921 0.358797 9.99729E-05
9.9955E-05 9.9955E-05 0.272802 0.0910193 9.9955E-05 9.9955E-05 0.635679 9.9955E-05
9.99461E-05 9.99461E-05 0.00961403 9.99461E-05 9.99461E-05 9.99461E-05 0.989786 9.99461E-05
9.9955E-05 9.9955E-05 9.9955E-05 0.0772452 9.9955E-05 9.9955E-05 0.815689 0.106566
0.0363743 9.9964E-05 9.9964E-05 0.178093 9.9964E-05 9.9964E-05 0.735374 0.0497589
9.9955E-05 0.511553 9.9955E-05 9.9955E-05 9.9955E-05 0.34647 9.9955E-05 0.141477
0.0226513 0.220058 0.0510532 9.9973E-05 9.9973E-05 0.0605351 9.9973E-05 0.645403
9.9964E-05 0.63138 9.9964E-05 0.100114 0.149136 9.9964E-05 9.9964E-05 0.118971
9.997E-05 0.536333 0.0685265 9.997E-05 0.137976 0.136884 9.997E-05 0.119979
9.9973E-05 0.252499 9.9973E-05 9.9973E-05 0.0625863 0.189647 0.016549 0.478418
9.99639E-05 0.521396 0.00693615 9.99639E-05 0.0580506 9.99639E-05 9.99639E-05 0.413218
0.177934 0.482949 9.9964E-05 0.230232 9.9964E-05 0.108485 9.9964E-05 9.9964E-05
0.16644 0.584816 9.9964E-05 0.0444755 9.9964E-05 0.203869 9.9964E-05 9.9964E-05
0.0589859 0.814525 9.99641E-05 0.00465391 9.99641E-05 0.121435 9.99641E-05 9.99641E-05
0.185497 0.576717 9.9955E-05 9.9955E-05 0.237285 9.9955E-05 9.9955E-05 9.9955E-05
9.9955E-05 0.56144 0.0711494 9.9955E-05 9.9955E-05 0.366911 9.9955E-05 9.9955E-05
9.9973E-05 0.477864 0.02296 9.9973E-05 0.0602398 0.405384 0.0332523 9.9973E-05
0.173289 0.0662007 9.9973E-05 9.9973E-05 9.9973E-05 0.390621 0.0788828 0.290706
0.0878729 0.0121487 9.9982E-05 9.9982E-05 0.115078 0.229542 0.188121 0.367037
9.995E-05 9.995E-05 9.995E-05 0.282003 0.355388 9.995E-05 9.995E-05 0.362109
9.9973E-05 0.0963988 9.9973E-05 0.159529 0.346959 0.242822 9.9973E-05 0.153991
9.9964E-05 0.20372 9.9964E-05 9.9964E-05 0.522988 0.0696741 9.9964E-05 0.203217
0.172242 0.737141 9.9973E-05 0.0209256 0.0635027 9.9973E-05 0.00588862 9.9973E-05
0.154809 0.527038 9.9955E-05 0.317653 9.9955E-05 9.9955E-05 9.9955E-05 9.9955E-05
9.9973E-05 0.544319 9.9973E-05 0.0868853 0.0125759 0.263468 9.9973E-05 0.0924519
9.9964E-05 0.313792 0.172618 0.318805 0.194386 9.9964E-05 9.9964E-05 9.9964E-05
9.9964E-05 0.709882 0.0029077 0.133766 9.9964E-05 0.153044 9.9964E-05 9.9964E-05
0.141829 0.525839 0.00497147 0.0306703 0.113727 9.9991E-05 0.0387088 0.144154
9.9973E-05 0.647174 0.00241713 9.9973E-05 0.165047 0.058396 9.9973E-05 0.126666
0.520184 0.132071 9.9964E-05 9.9964E-05 0.345359 9.9964E-05 9.9964E-05 0.00198629
0.178201 0.124124 0.0935176 9.9973E-05 0.508094 0.0957635 9.9973E-05 9.9973E-05
0.0291679 0.15438 0.116226 9.9982E-05 0.598034 0.0403867 9.9982E-05 0.0616051
0.504019 0.116258 0.150658 9.9973E-05 0.217404 9.9973E-05 0.0113615 9.9973E-05
0.204072 0.286204 9.9964E-05 9.9964E-05 0.492849 9.9964E-05 0.0164754 9.9964E-05
9.9955E-05 0.375755 9.9955E-05 9.9955E-05 0.581987 9.9955E-05 9.9955E-05 0.0417579
9.99549E-05 0.337718 0.0747406 9.99549E-05 9.99549E-05 9.99549E-05 9.99549E-05 0.587041
0.135826 9.9964E-05 0.0210223 0.120748 9.9964E-05 9.9964E-05 9.9964E-05 0.722004
0.126615 9.9955E-05 9.9955E-05 0.00452049 9.9955E-05 9.9955E-05 9.9955E-05 0.868364
0.254636 0.0354593 9.9964E-05 9.9964E-05 9.9964E-05 0.0116197 9.9964E-05 0.697885
9.99549E-05 0.262059 0.0249843 9.99549E-05 9.99549E-05 9.99549E-05 9.99549E-05 0.712457
0.367134 0.414289 9.9964E-05 9.9964E-05 9.9964E-05 9.9964E-05 0.116822 0.101356
9.9964E-05 0.491265 0.0710051 9.9964E-05 9.9964E-05 0.031086 9.9964E-05 0.406244
0.305951 0.55964 0.0433987 9.9964E-05 9.9964E-05 9.9964E-05 9.9964E-05 0.0906101
0.320741 0.584508 9.9964E-05 9.9964E-05 9.9964E-05 9.9964E-05 0.0188671 0.0754846
9.9973E-05 0.557518 0.0518142 9.9973E-05 0.253889 0.122447 9.9973E-05 0.0140325
0.0499708 0.202575 0.0996653 0.160401 0.0829939 9.9982E-05 0.404195 9.9982E-05
9.9973E-05 0.110931 0.268095 0.0720636 9.9973E-05 0.0227392 0.525871 9.9973E-05
9.9964E-05 0.0126744 0.864767 9.9964E-05 9.9964E-05 0.0833295 0.0388293 9.9964E-05
0.103246 0.00020248 0.488004 0.137575 9.9982E-05 9.9982E-05 0.214196 0.0565765
0.0228374 9.99639E-05 0.627792 0.235957 9.99639E-05 9.99639E-05 0.113014 9.99639E-05
0.0337837 9.99639E-05 0.651462 0.179011 9.99639E-05 9.99639E-05 9.99639E-05 0.135344
9.9946E-05 9.9946E-05 9.9946E-05 0.860379 9.9946E-05 9.9946E-05 9.9946E-05 0.139021
9.9955E-05 0.0644348 0.117382 0.817683 9.9955E-05 9.9955E-05 9.9955E-05 9.9955E-05
9.9964E-05 9.9964E-05 0.119496 0.38187 0.0461279 9.9964E-05 0.452107 9.9964E-05
9.9964E-05 9.9964E-05 0.169255 0.124738 9.9964E-05 9.9964E-05 0.684358 0.0212493
9.9982E-05 0.125837 0.180869 0.328301 0.0296874 0.0102175 0.324887 9.9982E-05
9.99551E-05 0.0529467 0.453414 9.99551E-05 9.99551E-05 9.99551E-05 0.493139 9.99551E-05
9.9964E-05 0.0281941 0.148188 0.617081 9.9964E-05 9.9964E-05 0.206137 9.9964E-05
9.9964E-05 0.0650173 0.308668 0.368557 9.9964E-05 9.9964E-05 0.257357 9.9964E-05
9.9973E-05 0.105324 0.0792834 0.682155 9.9973E-05 0.0360893 0.0968486 9.9973E-05
9.9964E-05 0.121395 0.425031 0.320235 9.9964E-05 9.9964E-05 0.132939 9.9964E-05
9.9964E-05 9.9964E-05 0.112439 0.787736 9.9964E-05 0.00459383 0.0948316 9.9964E-05
9.9973E-05 9.9973E-05 0.668979 0.169112 9.9973E-05 0.0627216 0.0300767 0.068811
9.9964E-05 0.155079 0.570997 0.0660489 9.9964E-05 9.9964E-05 0.207475 9.9964E-05
9.9955E-05 9.9955E-05 0.718446 0.161481 9.9955E-05 9.9955E-05 9.9955E-05 0.119573
9.9955E-05 9.9955E-05 0.521698 0.434105 0.0436971 9.9955E-05 9.9955E-05 9.9955E-05
9.9946E-05 9.9946E-05 0.969605 9.9946E-05 9.9946E-05 0.0297954 9.9946E-05 9.9946E-05
0.0192773 9.9964E-05 0.562917 0.0124094 9.9964E-05 9.9964E-05 0.404997 9.9964E-05
9.9973E-05 0.00864248 0.183509 0.590855 9.9973E-05 9.9973E-05 0.128026 0.0886685
9.9973E-05 9.9973E-05 0.696114 0.0889175 0.0363994 9.9973E-05 0.000836901 0.177433
0.0224613 0.0797297 0.024385 9.99731E-05 9.99731E-05 0.85881 9.99731E-05 0.0143142
0.806042 9.9955E-05 0.101592 9.9955E-05 9.9955E-05 0.0918654 9.9955E-05 9.9955E-05
0.700338 9.9955E-05 0.0904105 9.9955E-05 9.9955E-05 0.208752 9.9955E-05 9.9955E-05
9.996E-05 9.996E-05 9.996E-05 9.996E-05 0.117982 0.71947 0.0859031 0.0762452
0.00056586 9.9964E-05 9.9964E-05 9.9964E-05 9.9964E-05 0.603923 0.036312 0.3588
0.277168 9.99551E-05 9.99551E-05 0.15828 9.99551E-05 9.99551E-05 9.99551E-05 0.564053
0.218394 9.99731E-05 9.99731E-05 0.118636 0.58075 0.0232664 9.99731E-05 0.0586538
0.312484 9.9973E-05 9.9973E-05 0.0760988 0.502896 9.9973E-05 0.0168559 0.0913654
0.0353627 9.9964E-05 9.9964E-05 9.9964E-05 0.561795 0.345589 9.9964E-05 0.0568534
0.229522 9.9973E-05 9.9973E-05 0.0532029 0.221665 0.384505 9.9973E-05 0.110805
9.9955E-05 9.9955E-05 0.0710756 9.9955E-05 0.656668 0.271757 9.9955E-05 9.9955E-05
9.9955E-05 0.00195761 0.0247841 9.9955E-05 0.972759 9.9955E-05 9.9955E-05 9.9955E-05
9.996E-05 0.0868095 9.996E-05 9.996E-05 0.579502 0.310176 0.0231122 9.996E-05
0.000743714 0.0350797 0.0175193 0.0442955 0.7182 0.183962 9.9982E-05 9.9982E-05
9.99549E-05 9.99549E-05 9.99549E-05 0.0176508 0.616751 9.99549E-05 9.99549E-05 0.365099
9.9973E-05 0.0215777 9.9973E-05 9.9973E-05 0.798375 0.0785565 0.00591891 0.0952717
9.9955E-05 9.9955E-05 0.0520284 9.9955E-05 0.643787 0.303684 9.9955E-05 9.9955E-05
9.9973E-05 0.0572313 0.00822867 0.0196823 0.614482 0.300075 9.9973E-05 9.9973E-05
0.177336 0.0732968 9.9973E-05 9.9973E-05 0.540841 0.183141 0.0250855 9.9973E-05
0.298522 0.051378 9.9982E-05 9.9982E-05 0.00818113 0.404064 0.00676477 0.23089
0.362997 9.9964E-05 9.9964E-05 9.9964E-05 0.111074 0.455557 9.9964E-05 0.0699723
0.44562 0.0775802 9.9964E-05 9.9964E-05 9.9964E-05 0.431011 9.9964E-05 0.045389
0.532392 9.9955E-05 9.9955E-05 9.9955E-05 9.9955E-05 0.435658 0.0314508 9.9955E-05
9.9955E-05 9.9955E-05 9.9955E-05 0.061482 9.9955E-05 0.75861 9.9955E-05 0.179408
9.9955E-05 0.144687 9.9955E-05 9.9955E-05 9.9955E-05 0.798481 9.9955E-05 0.0563332
0.0314295 0.23751 9.9964E-05 9.9964E-05 9.9964E-05 0.649366 9.9964E-05 0.0812946
9.9955E-05 9.9955E-05 9.9955E-05 9.9955E-05 9.9955E-05 0.923378 0.0138103 0.0623119
9.9964E-05 9.9964E-05 0.022456 9.9964E-05 0.0616316 0.853075 9.9964E-05 0.0624375
0.0526869 0.0106505 9.9973E-05 9.9973E-05 0.20239 0.73202 0.00195238 9.9973E-05
0.0052223 0.119165 0.0028891 9.9973E-05 0.0184782 0.853946 9.9973E-05 9.9973E-05
0.0452698 0.0387226 9.9955E-05 9.9955E-05 9.9955E-05 0.915508 9.9955E-05 9.9955E-05
0.241314 0.0442315 9.9973E-05 9.9973E-05 0.304566 0.302202 9.9973E-05 0.107387
0.363948 9.9973E-05 0.0718664 9.9973E-05 0.0283225 0.440111 9.9973E-05 0.0954522
0.132106 0.00568236 9.9973E-05 9.9973E-05 0.22933 0.551438 9.9973E-05 0.0811435
0.0640686 0.00932792 9.9982E-05 0.0131273 0.184594 0.659136 9.9982E-05 0.0695458
0.059695 9.99641E-05 9.99641E-05 9.99641E-05 0.0699401 0.784141 9.99641E-05 0.0858238
0.0748492 0.0273593 9.9973E-05 0.0172049 9.9973E-05 0.859877 9.9973E-05 0.0204092
9.9955E-05 9.9955E-05 9.9955E-05 9.9955E-05 0.167517 0.709137 9.9955E-05 0.122846
0.622429 0.0152543 9.9964E-05 0.105524 9.9964E-05 0.256393 9.9964E-05 9.9964E-05
0.600965 9.9964E-05 9.9964E-05 0.064868 0.0421896 0.291577 9.9964E-05 9.9964E-05
0.314493 0.0132976 9.9964E-05 0.0602866 9.9964E-05 0.611523 9.9964E-05 9.9964E-05
0.104479 9.9955E-05 9.9955E-05 9.9955E-05 0.105908 0.789113 9.9955E-05 9.9955E-05
9.9973E-05 0.0265725 9.9973E-05 0.0221794 0.184363 0.687781 0.0788045 9.9973E-05
0.124944 0.0439331 0.0308404 9.99738E-05 0.0955437 0.704439 9.99738E-05 9.99738E-05
0.0050671 9.9973E-05 9.9973E-05 0.0667138 0.0232423 0.894395 9.9973E-05 0.0102819
9.9964E-05 0.15833 0.0725914 9.9964E-05 9.9964E-05 0.606137 0.162542 9.9964E-05
9.9964E-05 9.9964E-05 0.260222 0.0586751 9.9964E-05 0.624775 0.0559288 9.9964E-05
0.110102 9.995E-05 9.995E-05 9.995E-05 9.995E-05 0.761936 9.995E-05 0.127462
0.648921 9.99549E-05 9.99549E-05 9.99549E-05 9.99549E-05 0.272343 9.99549E-05 0.0782367
0.416273 9.9973E-05 9.9973E-05 0.0694048 0.0702105 0.441073 0.00273868 9.9973E-05
0.515951 9.9973E-05 9.9973E-05 0.0136143 0.0503313 0.41866 0.00114398 9.9973E-05
0.865867 9.9955E-05 9.9955E-05 9.9955E-05 9.9955E-05 0.0779127 9.9955E-05 0.0557203
0.0336705 9.9955E-05 9.9955E-05 9.9955E-05 9.9955E-05 0.817518 9.9955E-05 0.148311
0.592381 0.00235848 9.9982E-05 9.9982E-05 0.0518136 0.310398 0.0239643 0.0188847
0.278421 9.99549E-05 9.99549E-05 9.99549E-05 0.16145 0.55963 9.99549E-05 9.99549E-05
0.353014 9.9964E-05 9.9964E-05 9.9964E-05 0.180195 0.384254 9.9964E-05 0.0821375
0.327148 9.9964E-05 9.9964E-05 0.0464921 9.9964E-05 0.586585 9.9964E-05 0.0393746
0.114389 9.9964E-05 0.121436 0.755921 9.9964E-05 9.9964E-05 9.9964E-05 0.00785335
9.9964E-05 9.9964E-05 0.450714 0.450607 9.9964E-05 9.9964E-05 0.0908605 0.00741793
9.99639E-05 9.99639E-05 0.256647 0.478201 9.99639E-05 9.99639E-05 0.127614 0.137137
0.121582 9.99729E-05 0.673804 0.143459 0.0110625 9.99729E-05 9.99729E-05 0.049792
0.0470102 9.9982E-05 0.661462 0.0806517 0.0199906 0.0934471 0.0972384 9.9982E-05
0.00877004 9.9982E-05 0.81599 0.0965984 9.9982E-05 0.0122006 0.0601802 0.00606106
0.0392496 9.9973E-05 0.272612 0.322026 0.0102994 9.9973E-05 0.355513 9.9973E-05
9.9964E-05 9.9964E-05 0.182492 0.659044 9.9964E-05 0.004676 0.153389 9.9964E-05
0.0521584 9.99462E-05 9.99462E-05 0.947242 9.99462E-05 9.99462E-05 9.99462E-05 9.99462E-05
9.9964E-05 9.9964E-05 0.54847 0.128166 9.9964E-05 0.0908716 0.232093 9.9964E-05
9.99551E-05 0.0914648 0.883908 9.99551E-05 9.99551E-05 9.99551E-05 0.0241276 9.99551E-05
9.99521E-05 0.0542241 0.945176 9.99521E-05 9.99521E-05 9.99521E-05 9.99521E-05 9.99521E-05
9.9973E-05 0.00226868 0.785031 9.9973E-05 0.00875267 0.0367595 0.166889 9.9973E-05
