0.245917 0.0171611 0.297245 9.99639E-05 9.99639E-05 9.99639E-05 9.99639E-05 0.0302206 0.409056
0.107193 0.170801 0.076873 9.9973E-05 0.106165 9.9973E-05 9.9973E-05 0.30584 0.232829
0.257255 9.9964E-05 0.250706 9.9964E-05 9.9964E-05 0.0726245 9.9964E-05 0.15896 0.260054
9.9964E-05 0.14054 0.604379 0.0443062 9.9964E-05 0.174684 9.9964E-05 0.0356903 9.9964E-05
0.520014 9.9955E-05 0.113648 9.9955E-05 9.9955E-05 0.169152 9.9955E-05 9.9955E-05 0.196686
0.084417 0.0164342 0.51714 9.9964E-05 9.9964E-05 0.226488 9.9964E-05 9.9964E-05 0.155121
9.9946E-05 9.9946E-05 0.0563328 9.9946E-05 0.916478 9.9946E-05 9.9946E-05 0.0265891 9.9946E-05
0.115025 0.00303619 9.9955E-05 9.9955E-05 0.690557 9.9955E-05 0.190882 9.9955E-05 9.9955E-05
9.9955E-05 0.0156961 9.9955E-05 0.115773 0.792285 0.0757465 9.9955E-05 9.9955E-05 9.9955E-05
9.99551E-05 9.99551E-05 0.101104 0.035701 0.828698 9.99551E-05 0.0339976 9.99551E-05 9.99551E-05
9.9946E-05 0.0291418 0.0841263 9.9946E-05 0.886132 9.9946E-05 9.9946E-05 9.9946E-05 9.9946E-05
0.0643785 0.0101974 9.9964E-05 9.9964E-05 0.838299 0.0201748 9.9964E-05 9.9964E-05 0.0665502
0.0241671 9.99461E-05 9.99461E-05 0.279129 0.696104 9.99461E-05 9.99461E-05 9.99461E-05 9.99461E-05
9.99461E-05 9.99461E-05 9.99461E-05 0.265611 0.643015 9.99461E-05 0.0907735 9.99461E-05 9.99461E-05
9.9964E-05 0.0126284 0.0708278 0.0943475 0.80843 9.9964E-05 0.0133667 9.9964E-05 9.9964E-05
0.0190563 0.0696704 9.99551E-05 9.99551E-05 0.879292 9.99551E-05 0.0314817 9.99551E-05 9.99551E-05
0.184544 0.0411274 9.9964E-05 9.9964E-05 9.9964E-05 0.166921 0.474185 9.9964E-05 0.132823
9.996E-05 0.0110315 0.222322 9.996E-05 0.0830821 9.996E-05 0.450107 0.233058 9.996E-05
9.9955E-05 9.9955E-05 9.9955E-05 0.0224937 9.9955E-05 0.21974 0.409897 9.9955E-05 0.34737
0.0488326 9.9964E-05 0.0216244 9.9964E-05 9.9964E-05 0.307165 0.573682 9.9964E-05 0.0482957
0.176584 9.99639E-05 0.141061 9.99639E-05 0.0129454 9.99639E-05 0.541574 0.127436 9.99639E-05
9.9937E-05 9.9937E-05 0.367153 9.9937E-05 9.9937E-05 9.9937E-05 0.632148 9.9937E-05 9.9937E-05
0.17006 0.0491693 9.9964E-05 9.9964E-05 0.128066 9.9964E-05 9.9964E-05 0.0426942 0.609611
0.259507 0.0365254 9.9946E-05 9.9946E-05 9.9946E-05 9.9946E-05 9.9946E-05 9.9946E-05 0.703368
0.0834702 9.9964E-05 0.109352 9.9964E-05 9.9964E-05 0.0385835 0.0935668 9.9964E-05 0.674628
9.9955E-05 0.0954397 0.59633 9.9955E-05 9.9955E-05 9.9955E-05 0.206948 9.9955E-05 0.100783
0.285266 9.9964E-05 9.9964E-05 0.0587741 9.9964E-05 0.0498691 0.440225 9.9964E-05 0.165466
0.269322 9.9964E-05 9.9964E-05 0.0462403 9.9964E-05 0.22073 0.207871 9.9964E-05 0.255437
0.413155 0.119587 0.0764939 9.9973E-05 0.0262081 9.9973E-05 0.20803 0.156225 9.9973E-05
0.287043 9.9964E-05 0.186906 9.9964E-05 0.0923752 9.9964E-05 0.256799 0.176476 9.9964E-05
9.9946E-05 9.9946E-05 0.517445 9.9946E-05 0.135982 9.9946E-05 9.9946E-05 0.345973 9.9946E-05
0.194616 9.9973E-05 0.366026 9.9973E-05 0.149272 0.16253 0.0781429 0.0491125 9.9973E-05
0.18375 9.9964E-05 0.615584 9.9964E-05 9.9964E-05 0.0201012 0.137729 0.0424362 9.9964E-05
9.9946E-05 9.9946E-05 0.161534 9.9946E-05 9.9946E-05 9.9946E-05 0.0159733 9.9946E-05 0.821893
9.99369E-05 9.99369E-05 9.99369E-05 9.99369E-05 9.99369E-05 9.99369E-05 9.99369E-05 0.213719 0.785582
0.168525 9.9964E-05 9.9964E-05 9.9964E-05 0.0292493 0.129199 0.414759 9.9964E-05 0.257867
9.9964E-05 9.9964E-05 0.031392 0.273412 9.9964E-05 0.0646826 9.9964E-05 0.155063 0.475051
0.0234289 9.9964E-05 9.9964E-05 0.0220237 9.9964E-05 0.152797 0.233572 9.9964E-05 0.567779
9.9964E-05 9.9964E-05 0.160381 0.0718784 9.9964E-05 9.9964E-05 0.138608 0.14181 0.486922
9.9946E-05 9.9946E-05 9.9946E-05 9.9946E-05 9.9946E-05 0.249082 0.461274 9.9946E-05 0.289045
9.99371E-05 0.440751 0.558549 9.99371E-05 9.99371E-05 9.99371E-05 9.99371E-05 9.99371E-05 9.99371E-05
0.167434 0.143667 0.296406 0.0888451 9.9982E-05 0.184032 0.068245 9.9982E-05 0.0511713
0.00279175 9.9973E-05 0.445 0.124289 9.9973E-05 0.310189 9.9973E-05 0.0957937 0.0216367
9.9955E-05 0.501168 9.9955E-05 0.111331 9.9955E-05 0.309294 9.9955E-05 9.9955E-05 0.0777078
9.99461E-05 0.127298 0.867974 9.99461E-05 0.00412788 9.99461E-05 9.99461E-05 9.99461E-05 9.99461E-05
9.9955E-05 9.9955E-05 0.908225 0.0317141 9.9955E-05 9.9955E-05 9.9955E-05 0.0282264 0.0313344
9.9946E-05 9.9946E-05 9.9946E-05 9.9946E-05 0.0106514 9.9946E-05 0.772846 0.215902 9.9946E-05
9.99549E-05 0.081268 9.99549E-05 9.99549E-05 0.0760985 9.99549E-05 0.378733 0.463401 9.99549E-05
9.99369E-05 9.99369E-05 9.99369E-05 9.99369E-05 9.99369E-05 9.99369E-05 0.284994 0.714307 9.99369E-05
0.000816276 0.0721349 9.9964E-05 9.9964E-05 9.9964E-05 0.0170623 0.320805 0.588782 9.9964E-05
9.99549E-05 9.99549E-05 0.014477 0.0216636 9.99549E-05 9.99549E-05 0.54643 0.41693 9.99549E-05
9.9955E-05 0.38255 9.9955E-05 9.9955E-05 0.0295436 9.9955E-05 0.434228 9.9955E-05 0.153179
0.00962368 0.0520226 9.9973E-05 0.004717 9.9973E-05 9.9973E-05 0.800415 0.0911134 0.0418086
9.9955E-05 0.29551 0.016704 9.9955E-05 9.9955E-05 9.9955E-05 0.525835 9.9955E-05 0.161452
9.99459E-05 0.321688 9.99459E-05 9.99459E-05 9.99459E-05 9.99459E-05 0.469551 9.99459E-05 0.208161
0.0383173 9.9973E-05 0.369469 0.0320315 9.9973E-05 0.111049 0.391525 9.9973E-05 0.0573076
9.9964E-05 0.0492582 9.9964E-05 0.274949 0.337532 9.9964E-05 9.9964E-05 0.0174333 0.320428
0.118203 9.9964E-05 0.00411393 0.369125 0.392426 9.9964E-05 9.9964E-05 9.9964E-05 0.115732
9.9946E-05 0.045217 9.9946E-05 0.907628 9.9946E-05 9.9946E-05 9.9946E-05 9.9946E-05 0.0465549
9.9955E-05 0.133542 9.9955E-05 0.435643 0.36309 9.9955E-05 0.0672253 9.9955E-05 9.9955E-05
9.9955E-05 0.0463477 9.9955E-05 0.501542 0.437313 0.0142969 9.9955E-05 9.9955E-05 9.9955E-05
9.9964E-05 0.0507848 9.9964E-05 0.583297 0.178569 9.9964E-05 0.143384 0.0435654 9.9964E-05
9.99459E-05 9.99459E-05 9.99459E-05 9.99459E-05 0.614071 9.99459E-05 9.99459E-05 0.332731 0.052598
9.9964E-05 9.9964E-05 0.0885541 9.9964E-05 0.765736 0.0558017 9.9964E-05 0.026719 0.0627895
9.9946E-05 9.9946E-05 9.9946E-05 0.0739331 0.78742 0.138047 9.9946E-05 9.9946E-05 9.9946E-05
9.9955E-05 9.9955E-05 0.00396106 0.272704 0.705018 9.9955E-05 9.9955E-05 9.9955E-05 0.0178169
9.9964E-05 9.9964E-05 0.021437 0.24798 0.531664 9.9964E-05 9.9964E-05 0.0182142 0.180305
9.99461E-05 9.99461E-05 9.99461E-05 0.606629 0.209558 9.99461E-05 9.99461E-05 9.99461E-05 0.183214
9.9955E-05 9.9955E-05 9.9955E-05 0.171548 0.544096 9.9955E-05 9.9955E-05 0.0771983 0.206658
9.9946E-05 9.9946E-05 9.9946E-05 0.318361 0.566534 9.9946E-05 9.9946E-05 9.9946E-05 0.114506
9.9955E-05 9.9955E-05 9.9955E-05 9.9955E-05 0.719542 0.0594738 9.9955E-05 0.0229539 0.197531
0.00623534 9.9964E-05 9.9964E-05 0.433327 0.411328 0.0227675 9.9964E-05 9.9964E-05 0.125943
0.0556747 9.9946E-05 9.9946E-05 9.9946E-05 0.832743 9.9946E-05 9.9946E-05 9.9946E-05 0.110983
9.9955E-05 9.9955E-05 9.9955E-05 0.595215 0.241676 0.0581479 0.104462 9.9955E-05 9.9955E-05
9.9964E-05 9.9964E-05 0.102224 0.684116 0.114747 9.9964E-05 0.076335 9.9964E-05 0.0221788
9.99549E-05 9.99549E-05 0.00584538 0.787277 9.99549E-05 9.99549E-05 0.052171 0.154207 9.99549E-05
9.9946E-05 9.9946E-05 9.9946E-05 0.494753 0.372428 0.132219 9.9946E-05 9.9946E-05 9.9946E-05
0.0280858 9.9946E-05 9.9946E-05 0.944338 9.9946E-05 0.0269768 9.9946E-05 9.9946E-05 9.9946E-05
9.9955E-05 0.0290133 9.9955E-05 0.617318 0.351067 9.9955E-05 9.9955E-05 9.9955E-05 0.00210116
9.9955E-05 9.9955E-05 9.9955E-05 0.0794883 0.731512 9.9955E-05 0.130178 0.0583224 9.9955E-05
9.9946E-05 9.9946E-05 0.0818858 0.762372 9.9946E-05 9.9946E-05 9.9946E-05 0.155143 9.9946E-05
0.854692 9.99641E-05 0.0284578 0.0306568 9.99641E-05 9.99641E-05 0.0844289 9.99641E-05 0.00136435
9.9946E-05 0.886119 9.9946E-05 0.0705734 9.9946E-05 9.9946E-05 0.0427076 9.9946E-05 9.9946E-05
0.00300294 0.833503 9.9955E-05 0.0730893 9.9955E-05 0.0899048 9.9955E-05 9.9955E-05 9.9955E-05
0.700099 9.9964E-05 9.9964E-05 0.0492014 9.9964E-05 0.136416 9.9964E-05 0.0627857 0.0510982
0.597671 9.9955E-05 9.9955E-05 9.9955E-05 9.9955E-05 0.0217287 0.148476 0.231624 9.9955E-05
0.0119911 9.9937E-05 9.9937E-05 9.9937E-05 9.9937E-05 9.9937E-05 9.9937E-05 0.987309 9.9937E-05
9.99641E-05 0.178903 9.99641E-05 9.99641E-05 0.0618469 0.505917 9.99641E-05 0.24199 0.0109435
9.9964E-05 0.13382 0.00456835 9.9964E-05 9.9964E-05 0.468517 9.9964E-05 0.300794 0.0919003
0.269984 0.0126706 0.124379 9.9964E-05 9.9964E-05 0.527604 9.9964E-05 0.0649626 9.9964E-05
0.172138 0.151951 9.99549E-05 9.99549E-05 9.99549E-05 0.36843 9.99549E-05 0.306981 9.99549E-05
9.9946E-05 0.0290795 9.9946E-05 9.9946E-05 0.0101664 0.960154 9.9946E-05 9.9946E-05 9.9946E-05
9.9937E-05 9.9937E-05 0.162975 9.9937E-05 9.9937E-05 0.836326 9.9937E-05 9.9937E-05 9.9937E-05
0.228594 9.99639E-05 0.1892 9.99639E-05 9.99639E-05 0.482361 0.0226735 9.99639E-05 0.0767718
9.9946E-05 9.9946E-05 9.9946E-05 9.9946E-05 9.9946E-05 0.875427 0.0291655 0.0948076 9.9946E-05
9.995E-05 9.995E-05 0.288197 9.995E-05 0.0237878 0.325299 9.995E-05 0.362216 9.995E-05
0.0390854 9.9964E-05 0.234407 9.9964E-05 9.9964E-05 0.517043 0.0564766 0.152588 9.9964E-05
0.0766163 9.9964E-05 9.9964E-05 0.00724546 0.00305171 0.8917 9.9964E-05 9.9964E-05 0.0209866
0.0269832 9.9955E-05 9.9955E-05 9.9955E-05 9.9955E-05 0.893122 0.0145183 9.9955E-05 0.0648767
0.0873992 0.16899 0.0781123 9.9964E-05 9.9964E-05 0.589213 9.9964E-05 9.9964E-05 0.0758855
0.353117 0.282303 9.99639E-05 9.99639E-05 9.99639E-05 0.0379189 0.167994 0.158268 9.99639E-05
0.472826 0.331582 0.194991 9.99459E-05 9.99459E-05 9.99459E-05 9.99459E-05 9.99459E-05 9.99459E-05
0.405295 0.441101 9.9955E-05 9.9955E-05 9.9955E-05 9.9955E-05 0.106456 9.9955E-05 0.0466484
0.429516 0.532152 9.9946E-05 9.9946E-05 9.9946E-05 9.9946E-05 0.0377322 9.9946E-05 9.9946E-05
0.751496 9.99549E-05 9.99549E-05 9.99549E-05 0.0269534 0.00821578 9.99549E-05 0.212835 9.99549E-05
0.811566 9.995E-05 0.0387192 9.995E-05 9.995E-05 9.995E-05 0.109718 9.995E-05 0.0394973
0.693147 0.0195748 0.000103841 9.9964E-05 9.9964E-05 9.9964E-05 0.211129 9.9964E-05 0.075645
0.889829 9.995E-05 9.995E-05 9.995E-05 0.0275117 0.00301253 0.0791468 9.995E-05 9.995E-05
0.797023 9.9973E-05 0.0291096 0.0432518 9.9973E-05 0.0596976 9.9973E-05 0.0382875 0.0323307
0.631821 0.0460649 0.106005 9.99549E-05 9.99549E-05 0.215609 9.99549E-05 9.99549E-05 9.99549E-05
0.804555 9.9946E-05 0.0787453 9.9946E-05 9.9946E-05 9.9946E-05 9.9946E-05 9.9946E-05 0.1161
0.787465 0.119802 0.0239162 9.9964E-05 9.9964E-05 0.00182748 9.9964E-05 9.9964E-05 0.0665894
0.397537 0.128687 0.411645 9.99549E-05 9.99549E-05 9.99549E-05 9.99549E-05 0.0616315 9.99549E-05
0.316412 0.303701 9.9955E-05 9.9955E-05 9.9955E-05 0.188576 0.190812 9.9955E-05 9.9955E-05
0.541585 0.0732545 0.109417 9.9964E-05 9.9964E-05 9.9964E-05 9.9964E-05 0.121303 0.154041
0.682992 9.99551E-05 9.99551E-05 9.99551E-05 9.99551E-05 0.183126 9.99551E-05 0.0901783 0.0432046
0.805619 0.047981 0.0766821 9.99641E-05 9.99641E-05 9.99641E-05 0.00754832 0.0617701 9.99641E-05
0.868358 0.0403694 9.9964E-05 9.9964E-05 9.9964E-05 9.9964E-05 0.00105509 0.0123642 0.077453
0.625047 0.0323461 9.99549E-05 9.99549E-05 9.99549E-05 0.181217 9.99549E-05 0.16089 9.99549E-05
0.203727 0.604475 9.9955E-05 9.9955E-05 9.9955E-05 9.9955E-05 9.9955E-05 0.0112134 0.180084
0.22498 0.608589 9.9964E-05 9.9964E-05 9.9964E-05 0.0786373 9.9964E-05 0.0599312 0.027463
0.414355 0.385545 9.9973E-05 9.9973E-05 0.0087826 0.129782 9.9973E-05 0.0497104 0.0115251
0.698445 0.10701 0.142136 9.9955E-05 9.9955E-05 0.0519093 9.9955E-05 9.9955E-05 9.9955E-05
0.619438 0.103129 9.9973E-05 0.0397262 0.015623 0.171876 9.9973E-05 9.9973E-05 0.0499073
0.56109 0.0881002 9.9964E-05 9.9964E-05 9.9964E-05 0.166113 9.9964E-05 0.00398359 0.180314
0.694825 0.12722 9.9964E-05 9.9964E-05 0.0274924 0.137438 0.0126241 9.9964E-05 9.9964E-05
0.642763 9.9955E-05 9.9955E-05 0.144784 0.0392045 9.9955E-05 9.9955E-05 9.9955E-05 0.172748
0.489406 0.0155467 9.9964E-05 0.240718 0.100284 0.153645 9.9964E-05 9.9964E-05 9.9964E-05
0.701933 0.160789 9.9964E-05 9.9964E-05 9.9964E-05 0.0104349 0.00730067 0.119142 9.9964E-05
0.232096 0.65822 9.9964E-05 9.9964E-05 9.9964E-05 0.0443066 0.00295817 0.0620202 9.9964E-05
0.458589 0.291045 9.9973E-05 9.9973E-05 0.00283482 0.034978 9.9973E-05 0.0984414 0.113812
0.406725 0.422246 9.9964E-05 9.9964E-05 9.9964E-05 0.0518393 9.9964E-05 0.0219669 0.0968234
0.0684102 0.802459 0.077325 9.9964E-05 9.9964E-05 9.9964E-05 0.0229524 0.0284533 9.9964E-05
0.807815 0.134167 9.9946E-05 9.9946E-05 9.9946E-05 9.9946E-05 9.9946E-05 0.0574178 9.9946E-05
0.240282 0.56875 0.0952752 9.9964E-05 9.9964E-05 0.0913479 9.9964E-05 9.9964E-05 0.00394488
0.578395 0.24877 0.172235 9.9946E-05 9.9946E-05 9.9946E-05 9.9946E-05 9.9946E-05 9.9946E-05
0.385702 0.236356 0.171272 9.99639E-05 9.99639E-05 9.99639E-05 9.99639E-05 0.15748 0.0487902
0.542723 0.379203 9.9946E-05 9.9946E-05 9.9946E-05 9.9946E-05 9.9946E-05 0.0774745 9.9946E-05
9.9955E-05 0.156334 9.9955E-05 0.109577 0.576063 9.9955E-05 9.9955E-05 0.157526 9.9955E-05
9.9964E-05 0.0316218 9.9964E-05 0.391792 0.497772 9.9964E-05 9.9964E-05 0.0372526 0.0411617
9.9982E-05 0.0101913 0.0196579 0.223762 0.592036 0.020588 0.0123124 0.121252 9.9982E-05
9.99639E-05 0.102449 9.99639E-05 0.643962 0.132839 0.00443938 9.99639E-05 0.11591 9.99639E-05
9.99649E-05 0.0346304 9.99649E-05 0.715246 0.0669918 0.0776161 9.99649E-05 0.105116 9.99649E-05
9.9964E-05 0.0137091 0.0107485 0.802456 0.136225 9.9964E-05 9.9964E-05 0.0364621 9.9964E-05
9.9955E-05 0.108933 9.9955E-05 0.268877 0.602573 9.9955E-05 9.9955E-05 9.9955E-05 0.0191173
9.9964E-05 9.9964E-05 9.9964E-05 0.0709058 0.777943 0.049487 9.9964E-05 0.0566382 0.0446266
9.99371E-05 9.99371E-05 9.99371E-05 9.99371E-05 0.543947 9.99371E-05 9.99371E-05 0.455353 9.99371E-05
0.102272 9.9955E-05 9.9955E-05 0.543196 0.343296 0.0107374 9.9955E-05 9.9955E-05 9.9955E-05
9.99372E-05 9.99372E-05 9.99372E-05 0.932774 9.99372E-05 9.99372E-05 0.0665262 9.99372E-05 9.99372E-05
9.99461E-05 9.99461E-05 9.99461E-05 0.921464 9.99461E-05 9.99461E-05 0.01794 9.99461E-05 0.0599967
0.0203993 9.9964E-05 9.9964E-05 0.853655 0.0201906 0.0863375 0.0190173 9.9964E-05 9.9964E-05
