0.1174 9.9982E-05 0.00318888 0.0210215 0.324627 9.9982E-05 0.170046 0.363518
0.00616403 0.140208 0.0163757 0.229275 0.450896 9.9991E-05 0.121831 0.0351506
0.206721 0.0365481 9.9982E-05 0.0753582 0.1669 9.9982E-05 0.282984 0.231289
9.9973E-05 0.0255759 0.0470359 9.9973E-05 0.135784 9.9973E-05 0.62738 0.163924
0.581529 9.9973E-05 9.9973E-05 0.00785744 0.0224496 9.9973E-05 0.170616 0.217247
0.0345117 9.9964E-05 9.9964E-05 9.9964E-05 0.164223 9.9964E-05 0.485375 0.31549
9.99549E-05 0.140249 0.677912 0.181339 9.99549E-05 9.99549E-05 9.99549E-05 9.99549E-05
0.155208 0.0358438 0.625149 0.091489 0.0289543 9.9982E-05 9.9982E-05 0.0631561
9.9964E-05 0.0728759 0.825602 0.0451309 9.9964E-05 9.9964E-05 0.0559917 9.9964E-05
9.9955E-05 0.113545 0.861878 0.0240773 9.9955E-05 9.9955E-05 9.9955E-05 9.9955E-05
9.99639E-05 9.99639E-05 0.713545 0.229474 0.0411489 9.99639E-05 0.0154318 9.99639E-05
0.0579362 9.99639E-05 0.383322 0.540694 9.99639E-05 9.99639E-05 9.99639E-05 0.0176473
9.9964E-05 9.9964E-05 0.680734 0.0846886 9.9964E-05 0.190081 0.0440968 9.9964E-05
9.9964E-05 9.9964E-05 0.880046 9.9964E-05 9.9964E-05 0.0867379 0.00337613 0.0294404
9.9955E-05 0.109029 0.781508 0.108963 9.9955E-05 9.9955E-05 9.9955E-05 9.9955E-05
9.9964E-05 0.0667468 0.699805 0.212776 0.020272 9.9964E-05 9.9964E-05 9.9964E-05
0.296196 0.0965551 9.9964E-05 0.0531647 9.9964E-05 9.9964E-05 9.9964E-05 0.553684
9.9964E-05 0.612903 9.9964E-05 9.9964E-05 0.00269401 0.0941357 9.9964E-05 0.289867
9.9973E-05 0.0905203 9.9973E-05 0.110301 0.00391303 9.9973E-05 0.176597 0.618369
0.147247 0.128569 9.9973E-05 9.9973E-05 9.9973E-05 0.0656222 0.0983085 0.559954
0.191978 0.465173 0.00136536 9.9973E-05 9.9973E-05 0.0148069 9.9973E-05 0.326376
9.9955E-05 0.360279 9.9955E-05 9.9955E-05 9.9955E-05 0.057066 9.9955E-05 0.582155
0.0413193 9.9964E-05 9.9964E-05 0.239987 0.237533 9.9964E-05 9.9964E-05 0.480761
0.109789 9.9964E-05 9.9964E-05 0.0738355 0.264558 9.9964E-05 9.9964E-05 0.551417
0.0478892 9.99641E-05 9.99641E-05 9.99641E-05 0.115527 9.99641E-05 0.0207284 0.815456
9.9955E-05 9.9955E-05 9.9955E-05 9.9955E-05 0.203839 9.9955E-05 0.169811 0.62585
0.310041 9.9955E-05 9.9955E-05 9.9955E-05 9.9955E-05 0.0968294 9.9955E-05 0.592629
0.435129 9.9973E-05 0.0651092 9.9973E-05 9.9973E-05 0.015571 0.0106661 0.473225
0.375132 0.257744 0.0935849 9.9973E-05 0.185404 9.9973E-05 9.9973E-05 0.0878357
0.263702 0.395792 0.135127 9.9982E-05 0.0675033 9.9982E-05 0.0379142 0.0997605
9.9964E-05 0.333771 9.9964E-05 0.321775 9.9964E-05 9.9964E-05 0.266568 0.0774866
0.220849 0.118449 9.9973E-05 0.201636 9.9973E-05 9.9973E-05 0.313201 0.145565
0.0648129 0.166072 9.9964E-05 9.9964E-05 9.9964E-05 9.9964E-05 0.423133 0.345582
9.9964E-05 9.9964E-05 0.0526449 0.0494397 0.186947 9.9964E-05 9.9964E-05 0.710569
9.9955E-05 9.9955E-05 9.9955E-05 0.380409 0.120265 9.9955E-05 9.9955E-05 0.498826
0.239047 0.0768495 9.9973E-05 0.113499 9.9973E-05 9.9973E-05 0.02131 0.548995
9.9964E-05 9.9964E-05 9.9964E-05 0.324553 9.9964E-05 0.145928 0.154441 0.374678
0.0872446 9.9973E-05 9.9973E-05 0.173068 9.9973E-05 0.00590022 0.0749642 0.658523
9.9982E-05 0.141026 0.0547916 0.0249485 0.157122 9.9982E-05 0.0620847 0.559827
0.0305141 0.0929849 0.00299476 9.9973E-05 9.9973E-05 9.9973E-05 0.141581 0.731625
9.9955E-05 9.9955E-05 9.9955E-05 9.9955E-05 0.558983 9.9955E-05 0.287478 0.153039
0.170475 0.0380229 9.9982E-05 9.9982E-05 0.202673 0.0761644 0.313278 0.199188
0.00638708 0.115968 9.9973E-05 9.9973E-05 9.9973E-05 0.134158 0.591384 0.151802
9.9964E-05 9.9964E-05 9.9964E-05 9.9964E-05 0.5435 0.135651 0.19145 0.128999
9.9964E-05 9.9964E-05 0.0289068 9.9964E-05 0.233986 9.9964E-05 0.36923 0.367477
9.9964E-05 0.0414041 9.9964E-05 9.9964E-05 0.0861584 9.9964E-05 0.423658 0.44838
9.9955E-05 0.568617 9.9955E-05 9.9955E-05 9.9955E-05 0.0786415 9.9955E-05 0.352242
9.9982E-05 0.725934 9.9982E-05 0.114726 0.103082 0.00561443 0.0135978 0.0368461
9.9955E-05 0.949996 9.9955E-05 0.0470757 0.00242823 9.9955E-05 9.9955E-05 9.9955E-05
9.9955E-05 0.679955 9.9955E-05 9.9955E-05 0.287964 9.9955E-05 9.9955E-05 0.0315818
9.99549E-05 0.730471 9.99549E-05 9.99549E-05 9.99549E-05 0.0510385 9.99549E-05 0.217991
9.9964E-05 0.171946 0.121668 9.9964E-05 0.29203 9.9964E-05 9.9964E-05 0.413957
9.9955E-05 0.408173 9.9955E-05 9.9955E-05 9.9955E-05 0.0978657 9.9955E-05 0.493462
9.9964E-05 0.0590101 9.9964E-05 9.9964E-05 0.294079 0.0165513 9.9964E-05 0.62996
9.99639E-05 0.0560656 0.0444673 9.99639E-05 0.307915 9.99639E-05 9.99639E-05 0.591152
0.0728959 9.9964E-05 9.9964E-05 9.9964E-05 9.9964E-05 0.0548118 0.205096 0.666796
9.9973E-05 9.9973E-05 0.599851 0.0973475 0.116423 0.0411832 9.9973E-05 0.144895
0.0538177 9.9964E-05 0.683418 9.9964E-05 9.9964E-05 0.166759 9.9964E-05 0.0956048
9.9973E-05 9.9973E-05 0.0590368 9.9973E-05 0.0149265 0.860592 0.00904422 0.0561005
9.9964E-05 9.9964E-05 0.283246 0.0931485 0.146857 0.476349 9.9964E-05 9.9964E-05
9.9964E-05 9.9964E-05 0.096638 0.262486 0.0212963 0.61918 9.9964E-05 9.9964E-05
9.99639E-05 0.132589 9.99639E-05 0.13294 0.0407768 0.693294 9.99639E-05 9.99639E-05
9.99459E-05 0.209123 9.99459E-05 0.790278 9.99459E-05 9.99459E-05 9.99459E-05 9.99459E-05
9.9955E-05 9.9955E-05 9.9955E-05 0.7845 9.9955E-05 0.142155 9.9955E-05 0.0728449
9.99639E-05 9.99639E-05 0.558668 0.347467 9.99639E-05 0.0260515 0.0674146 9.99639E-05
9.9964E-05 0.044613 0.823317 0.0317464 9.9964E-05 0.0999238 9.9964E-05 9.9964E-05
0.0577283 9.9973E-05 0.440159 0.21104 9.9973E-05 0.148328 9.9973E-05 0.142445
9.99552E-05 9.99552E-05 0.513894 9.99552E-05 9.99552E-05 0.429106 9.99552E-05 0.0564999
9.9964E-05 9.9964E-05 0.19923 0.595661 9.9964E-05 0.176179 9.9964E-05 0.0285306
9.9964E-05 9.9964E-05 0.377627 0.278342 9.9964E-05 0.26889 9.9964E-05 0.0747411
0.0151987 9.9973E-05 0.23943 0.598622 9.9973E-05 0.0225631 9.9973E-05 0.123887
0.016198 9.9973E-05 0.257253 0.254759 9.9973E-05 0.372288 9.9973E-05 0.099202
0.0347815 9.9964E-05 0.119036 0.752309 9.9964E-05 0.0934738 9.9964E-05 9.9964E-05
0.0261901 0.0725428 9.9964E-05 0.162904 9.9964E-05 0.737963 9.9964E-05 9.9964E-05
9.99641E-05 9.99641E-05 0.167173 0.0163062 9.99641E-05 0.610014 9.99641E-05 0.206106
9.99549E-05 0.0886308 9.99549E-05 0.161591 9.99549E-05 0.749279 9.99549E-05 9.99549E-05
9.9955E-05 9.9955E-05 9.9955E-05 0.339265 9.9955E-05 0.572966 0.0872696 9.9955E-05
0.00116109 9.9955E-05 9.9955E-05 9.9955E-05 9.9955E-05 0.973586 0.024753 9.9955E-05
9.9964E-05 9.9964E-05 0.346339 0.0415387 0.0353248 0.576397 9.9964E-05 9.9964E-05
9.99639E-05 0.136018 0.120331 0.477639 9.99639E-05 0.265612 9.99639E-05 9.99639E-05
9.9973E-05 0.0686421 0.100914 0.0518023 9.9973E-05 0.674869 0.103473 9.9973E-05
0.832737 0.0496767 9.99641E-05 9.99641E-05 9.99641E-05 0.0209253 9.99641E-05 0.0962615
0.0223491 9.9955E-05 9.9955E-05 9.9955E-05 0.870596 0.106555 9.9955E-05 9.9955E-05
0.139151 9.9955E-05 9.9955E-05 9.9955E-05 0.754636 0.105714 9.9955E-05 9.9955E-05
0.747208 0.0763004 0.0456484 9.9964E-05 9.9964E-05 9.9964E-05 0.130444 9.9964E-05
0.614265 0.290397 0.0741803 9.9964E-05 0.0207575 9.9964E-05 9.9964E-05 9.9964E-05
9.99551E-05 0.598239 9.99551E-05 0.118538 0.282723 9.99551E-05 9.99551E-05 9.99551E-05
9.99641E-05 0.119795 0.0557907 9.99641E-05 0.230955 9.99641E-05 0.593059 9.99641E-05
9.9964E-05 0.137366 0.0756748 9.9964E-05 0.298669 9.9964E-05 0.487891 9.9964E-05
0.293132 0.0921698 9.9955E-05 9.9955E-05 9.9955E-05 9.9955E-05 0.614199 9.9955E-05
0.322647 0.133437 9.9973E-05 0.061462 0.222869 9.9973E-05 0.259285 9.9973E-05
0.144405 9.9955E-05 9.9955E-05 9.9955E-05 9.9955E-05 0.0411237 0.813971 9.9955E-05
9.9955E-05 9.9955E-05 9.9955E-05 9.9955E-05 9.9955E-05 0.0185111 0.876763 0.104227
0.324827 9.99639E-05 0.0425865 9.99639E-05 9.99639E-05 9.99639E-05 0.525037 0.10715
0.199024 9.9964E-05 9.9964E-05 0.0564816 9.9964E-05 9.9964E-05 0.653047 0.0910473
9.99459E-05 0.3919 9.99459E-05 9.99459E-05 9.99459E-05 9.99459E-05 0.607501 9.99459E-05
0.036883 0.0975653 9.9973E-05 9.9973E-05 0.0289359 9.9973E-05 0.691455 0.14486
0.237011 9.9964E-05 0.00794545 9.9964E-05 9.9964E-05 0.0271568 0.727487 9.9964E-05
0.251382 9.9964E-05 9.9964E-05 0.0128169 9.9964E-05 9.9964E-05 0.649662 0.0857394
0.181511 9.9973E-05 0.0270541 9.9973E-05 0.196456 9.9973E-05 0.518227 0.0764521
0.419358 0.289115 0.00976077 9.9982E-05 0.246331 9.9982E-05 0.023865 0.0113707
0.480624 0.0394307 9.9964E-05 9.9964E-05 0.380648 9.9964E-05 0.0988977 9.9964E-05
0.492554 0.0871365 9.9964E-05 9.9964E-05 0.417734 9.9964E-05 9.9964E-05 0.00217503
0.502801 0.0409885 9.9964E-05 9.9964E-05 0.44525 9.9964E-05 9.9964E-05 0.0105607
0.718835 0.22784 9.9955E-05 0.0528246 9.9955E-05 9.9955E-05 9.9955E-05 9.9955E-05
0.850734 0.0143624 9.9955E-05 9.9955E-05 9.9955E-05 9.9955E-05 9.9955E-05 0.134404
0.673801 0.131821 9.9964E-05 9.9964E-05 0.00175156 9.9964E-05 9.9964E-05 0.192226
0.911299 0.0615884 0.0266129 9.9955E-05 9.9955E-05 9.9955E-05 9.9955E-05 9.9955E-05
0.862724 0.0197744 9.9973E-05 0.0351638 9.9973E-05 9.9973E-05 0.0668095 0.0152289
0.758471 9.9955E-05 9.9955E-05 9.9955E-05 0.00811071 9.9955E-05 0.232919 9.9955E-05
0.849651 9.9946E-05 9.9946E-05 9.9946E-05 9.9946E-05 9.9946E-05 9.9946E-05 0.14975
0.795327 9.9964E-05 9.9964E-05 9.9964E-05 0.104365 9.9964E-05 0.0862173 0.0136908
0.334499 0.147553 9.99729E-05 9.99729E-05 0.247162 9.99729E-05 0.202139 0.0683466
0.472807 0.0974944 9.9973E-05 9.9973E-05 0.275797 0.0713244 0.0822769 9.9973E-05
0.481809 0.0698402 9.9973E-05 9.9973E-05 0.219768 9.9973E-05 0.197764 0.0305195
0.637766 0.0261525 9.9982E-05 0.0376223 0.0655885 9.9982E-05 0.1816 0.051071
0.700671 0.110522 9.9964E-05 9.9964E-05 0.124809 9.9964E-05 0.0635974 9.9964E-05
0.82472 9.9964E-05 9.9964E-05 0.0298145 0.0975687 9.9964E-05 9.9964E-05 0.047497
0.732301 0.0853839 9.9973E-05 0.00675231 0.0288111 9.9973E-05 0.146452 9.9973E-05
0.290876 9.9955E-05 9.9955E-05 0.0985687 0.610056 9.9955E-05 9.9955E-05 9.9955E-05
0.291227 9.9964E-05 9.9964E-05 0.0894375 0.510568 9.9964E-05 0.108367 9.9964E-05
0.493046 9.9964E-05 9.9964E-05 0.057808 0.326536 9.9964E-05 0.122209 9.9964E-05
0.768599 9.9955E-05 9.9955E-05 9.9955E-05 0.0699329 9.9955E-05 0.160968 9.9955E-05
0.679614 9.9982E-05 0.0176057 0.03819 9.9982E-05 0.0277082 0.179856 0.0568261
0.640329 9.9982E-05 9.9982E-05 0.00946328 0.147981 0.00137228 0.14496 0.0556946
0.931559 9.9955E-05 9.9955E-05 0.0610605 9.9955E-05 9.9955E-05 0.0068804 9.9955E-05
0.60163 9.9964E-05 0.256882 9.9964E-05 9.9964E-05 0.0212593 9.9964E-05 0.119829
0.604289 9.9955E-05 9.9955E-05 0.09609 9.9955E-05 0.299121 9.9955E-05 9.9955E-05
0.753017 0.13579 9.9964E-05 0.00161943 0.109174 9.9964E-05 9.9964E-05 9.9964E-05
0.359692 0.077497 9.99549E-05 9.99549E-05 0.562311 9.99549E-05 9.99549E-05 9.99549E-05
0.407915 9.9964E-05 9.9964E-05 0.05268 0.455271 9.9964E-05 0.0837345 9.9964E-05
0.348416 9.9964E-05 0.0120897 9.9964E-05 0.552996 9.9964E-05 0.0860986 9.9964E-05
0.100675 0.085596 9.9955E-05 9.9955E-05 0.81323 9.9955E-05 9.9955E-05 9.9955E-05
0.867461 0.114373 9.9955E-05 9.9955E-05 0.0176661 9.9955E-05 9.9955E-05 9.9955E-05
0.353446 0.026651 9.9973E-05 9.9973E-05 0.589937 9.9973E-05 0.026318 0.00334859
0.619375 9.9973E-05 0.00728234 9.9973E-05 0.274053 9.9973E-05 0.0966662 0.00232407
0.351098 0.142361 9.99639E-05 9.99639E-05 0.34902 9.99639E-05 0.157122 9.99639E-05
0.625857 9.9955E-05 9.9955E-05 0.0567129 0.316931 9.9955E-05 9.9955E-05 9.9955E-05
9.9964E-05 0.0444674 9.9964E-05 0.69365 0.0989909 0.162492 9.9964E-05 9.9964E-05
9.9973E-05 9.9973E-05 0.26748 0.36933 0.0133176 0.335571 0.0140018 9.9973E-05
9.9964E-05 0.156391 0.275078 0.317942 9.9964E-05 0.25019 9.9964E-05 9.9964E-05
9.9982E-05 0.071153 0.0880352 0.107917 0.0443598 0.633831 0.0545046 9.9982E-05
0.0615098 0.0425601 0.121461 0.0632207 9.9982E-05 0.646677 0.0643712 9.9982E-05
9.9955E-05 9.9955E-05 0.0900816 0.12355 9.9955E-05 0.785869 9.9955E-05 9.9955E-05
9.9964E-05 9.9964E-05 0.181958 0.411052 0.0442615 0.362328 9.9964E-05 9.9964E-05
9.9955E-05 9.9955E-05 0.1095 0.664581 9.9955E-05 0.22542 9.9955E-05 9.9955E-05
9.99462E-05 9.99462E-05 9.99462E-05 0.930606 0.0687943 9.99462E-05 9.99462E-05 9.99462E-05
0.0544506 9.9964E-05 0.0885581 0.191063 9.9964E-05 0.665529 9.9964E-05 9.9964E-05
9.995E-05 9.995E-05 0.00688252 9.995E-05 9.995E-05 0.879578 9.995E-05 0.11304
9.99461E-05 9.99461E-05 9.99461E-05 9.99461E-05 9.99461E-05 0.945845 9.99461E-05 0.0535558
0.0290606 9.99641E-05 0.034163 9.99641E-05 9.99641E-05 0.879454 9.99641E-05 0.056923
