0.201322 9.997E-05 0.367639 0.0153072 0.0552149 0.281289 0.0789285 9.997E-05 9.997E-05
0.229875 9.99729E-05 0.162399 0.0771381 0.392788 0.102582 0.0349184 9.99729E-05 9.99729E-05
0.249772 0.0963801 0.262974 9.9973E-05 0.159986 9.9973E-05 0.229586 9.9973E-05 0.0010014
9.9973E-05 0.0634762 0.0259588 9.9973E-05 0.0329654 0.449801 0.416311 9.9973E-05 0.0111874
0.421697 9.9946E-05 0.240658 9.9946E-05 9.9946E-05 9.9946E-05 0.337046 9.9946E-05 9.9946E-05
0.0238405 0.0996753 0.274787 9.9964E-05 9.9964E-05 0.154857 0.446441 9.9964E-05 9.9964E-05
9.99549E-05 0.127559 9.99549E-05 0.759953 0.0897446 9.99549E-05 9.99549E-05 0.0222443 9.99549E-05
0.195502 0.0830828 0.00594916 0.617058 9.9964E-05 9.9964E-05 9.9964E-05 0.0980085 9.9964E-05
9.9955E-05 9.9955E-05 9.9955E-05 0.867343 0.0204579 9.9955E-05 0.0759132 0.0357861 9.9955E-05
9.9955E-05 0.0608359 9.9955E-05 0.805571 9.9955E-05 0.0530834 9.9955E-05 0.0800099 9.9955E-05
9.99459E-05 9.99459E-05 9.99459E-05 0.826386 0.155182 9.99459E-05 0.0178323 9.99459E-05 9.99459E-05
9.99549E-05 9.99549E-05 0.096217 0.280793 0.162557 9.99549E-05 9.99549E-05 0.459933 9.99549E-05
0.0102089 9.9955E-05 9.9955E-05 0.698446 9.9955E-05 9.9955E-05 9.9955E-05 0.112364 0.178482
0.0181083 0.000267072 9.9955E-05 0.836835 9.9955E-05 9.9955E-05 9.9955E-05 9.9955E-05 0.14429
9.9964E-05 0.0471611 9.9964E-05 0.774458 0.100702 9.9964E-05 9.9964E-05 0.028754 0.0485247
0.0129052 9.99461E-05 9.99461E-05 0.78201 0.204485 9.99461E-05 9.99461E-05 9.99461E-05 9.99461E-05
0.245492 0.268307 0.396389 9.9955E-05 9.9955E-05 9.9955E-05 0.0893117 9.9955E-05 9.9955E-05
0.101429 0.736168 9.9964E-05 9.9964E-05 0.00890137 0.0967279 9.9964E-05 9.9964E-05 0.0563739
9.9973E-05 0.284869 0.433035 9.9973E-05 9.9973E-05 0.11518 0.110505 0.0552445 0.000866609
0.0302369 0.312027 0.313707 9.9973E-05 9.9973E-05 0.0813878 0.198335 9.9973E-05 0.0640065
0.183963 0.605754 0.0407809 0.00429259 9.9964E-05 9.9964E-05 0.164809 9.9964E-05 9.9964E-05
9.9955E-05 0.571727 0.179931 9.9955E-05 9.9955E-05 0.114157 0.133685 9.9955E-05 9.9955E-05
0.116132 9.99549E-05 0.65825 9.99549E-05 0.222095 9.99549E-05 9.99549E-05 0.00302326 9.99549E-05
0.202148 9.9955E-05 0.585581 9.9955E-05 9.9955E-05 0.201666 9.9955E-05 0.0101045 9.9955E-05
9.99461E-05 9.99461E-05 0.834215 9.99461E-05 9.99461E-05 0.126555 0.0386307 9.99461E-05 9.99461E-05
0.0049774 0.0486022 0.325103 9.9964E-05 9.9964E-05 0.552616 0.0683015 9.9964E-05 9.9964E-05
0.2875 0.092087 0.532364 9.9955E-05 9.9955E-05 9.9955E-05 9.9955E-05 9.9955E-05 0.0875488
0.248317 9.9973E-05 0.458758 0.0173937 9.9973E-05 0.0147514 0.208962 9.9973E-05 0.0515181
0.534767 0.25472 9.9955E-05 0.124713 9.9955E-05 0.0853004 9.9955E-05 9.9955E-05 9.9955E-05
0.330974 0.435246 9.9964E-05 0.146285 9.9964E-05 0.0866973 0.000397352 9.9964E-05 9.9964E-05
9.99549E-05 0.404019 9.99549E-05 9.99549E-05 0.321383 9.99549E-05 0.270672 9.99549E-05 0.00342653
0.0917925 0.358751 9.99639E-05 0.00578409 0.0771901 9.99639E-05 0.466083 9.99639E-05 9.99639E-05
0.0441728 0.362239 0.0364863 9.9973E-05 0.00189509 0.0758573 0.47905 9.9973E-05 9.9973E-05
9.99459E-05 9.99459E-05 0.742113 0.0140932 9.99459E-05 0.243195 9.99459E-05 9.99459E-05 9.99459E-05
9.99368E-05 9.99368E-05 0.649178 9.99368E-05 0.350123 9.99368E-05 9.99368E-05 9.99368E-05 9.99368E-05
0.206949 0.228354 0.462327 9.9973E-05 0.00865302 9.9973E-05 0.0604818 0.0329361 9.9973E-05
9.99549E-05 9.99549E-05 0.399161 9.99549E-05 0.21298 9.99549E-05 0.109187 9.99549E-05 0.278171
0.0246066 0.0549987 0.717675 9.9973E-05 0.0461852 9.9973E-05 0.1135 9.9973E-05 0.042735
9.9964E-05 0.148121 0.482349 9.9964E-05 0.136941 0.160482 9.9964E-05 9.9964E-05 0.0717072
9.9955E-05 0.208675 0.565225 9.9955E-05 9.9955E-05 0.031062 0.194538 9.9955E-05 9.9955E-05
9.9946E-05 9.9946E-05 9.9946E-05 9.9946E-05 0.0581061 0.904078 0.0372165 9.9946E-05 9.9946E-05
0.146223 9.9955E-05 9.9955E-05 9.9955E-05 9.9955E-05 0.503075 0.217341 9.9955E-05 0.132862
9.9955E-05 0.147265 9.9955E-05 9.9955E-05 9.9955E-05 0.266158 0.465146 9.9955E-05 0.120932
0.181836 9.99698E-05 9.99698E-05 9.99698E-05 9.99698E-05 0.499858 0.152932 0.149503 0.015471
9.9955E-05 0.00883596 9.9955E-05 0.00717113 9.9955E-05 0.765864 0.21763 9.9955E-05 9.9955E-05
9.996E-05 0.118722 0.0880282 9.996E-05 9.996E-05 0.515604 0.267396 9.996E-05 0.00985003
9.9946E-05 0.852057 0.0765308 9.9946E-05 9.9946E-05 9.9946E-05 9.9946E-05 0.070812 9.9946E-05
0.0820883 0.586482 9.9973E-05 9.9973E-05 0.232246 0.0310271 0.016364 0.0514931 9.9973E-05
0.0246795 0.626761 9.9946E-05 9.9946E-05 0.34796 9.9946E-05 9.9946E-05 9.9946E-05 9.9946E-05
0.234272 0.402233 9.9955E-05 9.9955E-05 0.206129 0.156866 9.9955E-05 9.9955E-05 9.9955E-05
0.0121449 0.808407 9.996E-05 0.0350035 0.0477812 9.996E-05 0.0962637 9.996E-05 9.996E-05
0.140126 0.285388 0.136121 0.109711 9.9964E-05 0.328253 9.9964E-05 9.9964E-05 9.9964E-05
0.0379728 0.654609 0.176618 9.9964E-05 9.9964E-05 0.0582817 9.9964E-05 9.9964E-05 0.0721183
9.9955E-05 0.196551 0.241261 9.9955E-05 9.9955E-05 0.521149 9.9955E-05 9.9955E-05 0.0405397
9.99549E-05 0.252401 0.307726 9.99549E-05 9.99549E-05 0.426214 9.99549E-05 0.0131583 9.99549E-05
9.99639E-05 0.187703 0.244655 9.99639E-05 9.99639E-05 0.26417 0.215907 9.99639E-05 0.0871658
9.9955E-05 9.9955E-05 0.133407 0.0591698 9.9955E-05 0.146552 9.9955E-05 0.660372 9.9955E-05
9.9973E-05 9.9973E-05 0.0977299 0.413744 9.9973E-05 0.0572761 0.0274729 0.236216 0.167261
0.0592909 9.9955E-05 0.00291952 9.9955E-05 9.9955E-05 9.9955E-05 9.9955E-05 0.181687 0.755603
9.996E-05 0.0917769 9.996E-05 0.00634559 9.996E-05 0.0993288 9.996E-05 0.77252 0.029629
9.9955E-05 9.9955E-05 9.9955E-05 0.0518913 9.9955E-05 9.9955E-05 0.0268714 0.670295 0.250443
0.0296843 0.159075 9.9955E-05 9.9955E-05 9.9955E-05 9.9955E-05 9.9955E-05 0.630848 0.179892
9.99549E-05 0.0453612 9.99549E-05 0.0779196 0.493878 9.99549E-05 9.99549E-05 0.382342 9.99549E-05
9.99639E-05 9.99639E-05 0.0675168 9.99639E-05 0.31793 9.99639E-05 0.047079 0.479188 0.0878865
9.9955E-05 9.9955E-05 9.9955E-05 0.397836 0.0865164 9.9955E-05 0.0748892 0.440259 9.9955E-05
9.9946E-05 9.9946E-05 0.00211731 0.579581 9.9946E-05 9.9946E-05 9.9946E-05 0.417702 9.9946E-05
9.9973E-05 9.9973E-05 0.151668 0.424389 9.9973E-05 0.0301763 0.0280697 0.355456 0.0099407
9.99461E-05 9.99461E-05 0.0928942 0.334541 9.99461E-05 9.99461E-05 9.99461E-05 9.99461E-05 0.571965
9.996E-05 9.996E-05 0.0384941 0.186529 0.349286 9.996E-05 9.996E-05 0.154413 0.270878
9.99551E-05 9.99551E-05 0.12791 0.185233 9.99551E-05 9.99551E-05 9.99551E-05 0.633699 0.0526586
9.9964E-05 9.9964E-05 0.166301 0.186772 0.326477 9.9964E-05 9.9964E-05 0.232731 0.0873186
9.9955E-05 9.9955E-05 0.133739 0.103196 9.9955E-05 9.9955E-05 9.9955E-05 0.652734 0.109831
0.000165693 9.9964E-05 0.0781741 0.0113705 0.257368 9.9964E-05 9.9964E-05 0.652522 9.9964E-05
0.0329211 0.122807 9.9964E-05 0.0192955 9.9964E-05 9.9964E-05 9.9964E-05 0.310681 0.513895
9.996E-05 0.0816226 0.0686261 0.104932 9.996E-05 9.996E-05 9.996E-05 0.0139313 0.730488
9.995E-05 0.110918 9.995E-05 9.995E-05 9.995E-05 9.995E-05 0.0316433 0.483212 0.373727
9.9946E-05 9.9946E-05 9.9946E-05 9.9946E-05 9.9946E-05 9.9946E-05 0.129026 0.682622 0.187751
9.9946E-05 9.9946E-05 9.9946E-05 9.9946E-05 9.9946E-05 9.9946E-05 0.0105371 0.281305 0.707558
9.9955E-05 9.9955E-05 9.9955E-05 0.19078 9.9955E-05 0.00638228 9.9955E-05 0.470419 0.331919
9.99459E-05 0.138255 9.99459E-05 9.99459E-05 0.118606 9.99459E-05 9.99459E-05 0.742539 9.99459E-05
9.99551E-05 0.0773287 9.99551E-05 9.99551E-05 9.99551E-05 9.99551E-05 0.0810554 0.516941 0.324175
0.735577 0.0259719 0.0761693 9.99731E-05 9.99731E-05 9.99731E-05 0.132461 0.00612973 0.023391
0.517328 9.995E-05 9.995E-05 9.995E-05 0.129965 0.33892 9.995E-05 9.995E-05 0.0132869
0.507251 9.995E-05 9.995E-05 9.995E-05 0.147588 0.269156 9.995E-05 9.995E-05 0.0755064
0.662124 0.0586126 0.054223 0.0278847 9.9973E-05 9.9973E-05 0.180864 9.9973E-05 0.0159913
0.693671 0.182878 9.995E-05 0.0981494 9.995E-05 9.995E-05 0.0248014 9.995E-05 9.995E-05
0.207877 0.089433 9.9946E-05 9.9946E-05 0.70209 9.9946E-05 9.9946E-05 9.9946E-05 9.9946E-05
0.204175 9.9973E-05 9.9973E-05 0.00217862 0.293666 0.0542824 0.406776 9.9973E-05 0.0386224
0.173813 9.997E-05 0.0337769 0.0341292 0.272282 0.100753 0.384947 9.997E-05 9.997E-05
0.285393 0.0464995 9.9955E-05 9.9955E-05 0.0401317 9.9955E-05 0.627476 9.9955E-05 9.9955E-05
0.420863 9.99459E-05 9.99459E-05 9.99459E-05 0.286007 9.99459E-05 0.29253 9.99459E-05 9.99459E-05
0.0385147 9.99551E-05 9.99551E-05 0.0034591 9.99551E-05 9.99551E-05 0.941284 0.0162423 9.99551E-05
9.9946E-05 9.9946E-05 0.0259722 9.9946E-05 9.9946E-05 0.0827548 0.890673 9.9946E-05 9.9946E-05
0.188413 0.025892 0.174397 0.0301784 9.99639E-05 9.99639E-05 0.58072 9.99639E-05 9.99639E-05
0.102845 0.0280435 0.037621 9.996E-05 0.0526594 9.996E-05 0.778431 9.996E-05 9.996E-05
9.99459E-05 0.257435 9.99459E-05 9.99459E-05 0.139594 9.99459E-05 0.602371 9.99459E-05 9.99459E-05
0.000987543 0.158401 0.0202498 9.9964E-05 9.9964E-05 0.108752 0.71121 9.9964E-05 9.9964E-05
0.163132 9.9964E-05 9.9964E-05 0.00682836 9.9964E-05 0.0248232 0.785774 9.9964E-05 0.0190431
0.119845 9.9946E-05 0.0784005 9.9946E-05 9.9946E-05 9.9946E-05 0.801155 9.9946E-05 9.9946E-05
0.225142 9.997E-05 0.0682787 0.00175366 9.997E-05 0.201079 0.463131 0.0403154 9.997E-05
0.603335 0.112766 9.9964E-05 0.0823493 0.0662426 0.134907 9.9964E-05 9.9964E-05 9.9964E-05
0.690555 0.0440518 9.9946E-05 9.9946E-05 9.9946E-05 0.264794 9.9946E-05 9.9946E-05 9.9946E-05
0.699437 0.037074 0.0756348 9.9964E-05 0.0728366 0.114617 9.9964E-05 9.9964E-05 9.9964E-05
0.653533 9.9946E-05 9.9946E-05 9.9946E-05 0.0705085 0.275359 9.9946E-05 9.9946E-05 9.9946E-05
0.729077 0.0547428 9.9964E-05 9.9964E-05 0.0290361 9.9964E-05 0.123197 0.0635471 9.9964E-05
0.752682 0.0626571 0.166559 9.995E-05 9.995E-05 9.995E-05 0.0176019 9.995E-05 9.995E-05
0.683297 0.105942 0.210161 9.9946E-05 9.9946E-05 9.9946E-05 9.9946E-05 9.9946E-05 9.9946E-05
0.830168 0.0793104 0.00549834 0.0271645 9.9982E-05 9.9982E-05 0.0371395 0.00195742 0.0185622
0.715164 0.00800035 0.0815735 9.9964E-05 9.9964E-05 9.9964E-05 0.159406 9.9964E-05 0.0354569
0.655907 9.996E-05 0.0486791 0.00408988 9.996E-05 9.996E-05 0.279749 0.0111751 9.996E-05
0.685595 9.9955E-05 0.140628 9.9955E-05 9.9955E-05 9.9955E-05 0.162844 9.9955E-05 0.0104336
0.795642 9.9946E-05 0.0784838 9.9946E-05 9.9946E-05 9.9946E-05 0.125275 9.9946E-05 9.9946E-05
0.490426 0.115481 9.99639E-05 9.99639E-05 0.00278459 0.290159 0.100749 9.99639E-05 9.99639E-05
0.687288 0.146194 0.0210033 9.997E-05 9.997E-05 0.00560661 0.093087 0.0465211 9.997E-05
0.583554 0.0527829 0.126111 9.9964E-05 0.0651944 9.9964E-05 0.171958 9.9964E-05 9.9964E-05
0.68425 0.0276933 0.077429 9.99551E-05 9.99551E-05 9.99551E-05 0.210128 9.99551E-05 9.99551E-05
0.74625 9.99641E-05 9.99641E-05 0.0073253 9.99641E-05 0.16681 0.058715 0.0204996 9.99641E-05
0.875557 9.9946E-05 0.119946 9.9946E-05 9.9946E-05 9.9946E-05 9.9946E-05 0.00389751 9.9946E-05
0.649939 0.0184743 9.9973E-05 9.9973E-05 0.00671106 0.0539438 0.248613 0.0220191 9.9973E-05
0.536454 9.9946E-05 0.190824 9.9946E-05 0.272122 9.9946E-05 9.9946E-05 9.9946E-05 9.9946E-05
0.608325 9.9964E-05 0.0126987 9.9964E-05 0.269211 0.0969475 0.0124181 9.9964E-05 9.9964E-05
0.758875 9.9964E-05 0.0716389 9.9964E-05 0.148023 9.9964E-05 0.0206094 0.000454389 9.9964E-05
0.715049 9.9955E-05 0.0023655 9.9955E-05 9.9955E-05 0.0769975 0.205088 9.9955E-05 9.9955E-05
0.577067 9.9955E-05 0.073935 9.9955E-05 9.9955E-05 9.9955E-05 0.260257 9.9955E-05 0.0882408
0.667985 9.9955E-05 0.09061 9.9955E-05 9.9955E-05 9.9955E-05 0.205046 0.0358594 9.9955E-05
0.78059 0.0312328 9.9955E-05 9.9955E-05 9.9955E-05 9.9955E-05 0.162827 0.0248509 9.9955E-05
0.510913 9.9955E-05 0.271355 9.9955E-05 9.9955E-05 9.9955E-05 9.9955E-05 0.216239 0.000993407
0.469546 9.9955E-05 9.9955E-05 9.9955E-05 9.9955E-05 9.9955E-05 0.155207 0.235613 0.139134
0.8483 0.0782154 9.9955E-05 9.9955E-05 0.0595479 9.9955E-05 0.0134371 9.9955E-05 9.9955E-05
0.643113 9.99459E-05 9.99459E-05 9.99459E-05 0.180181 0.176107 9.99459E-05 9.99459E-05 9.99459E-05
0.607776 9.9964E-05 9.9964E-05 9.9964E-05 0.140406 0.152842 0.0632388 0.0353376 9.9964E-05
0.643307 9.9964E-05 0.0222565 9.9964E-05 0.0992026 0.228316 9.9964E-05 0.00651878 9.9964E-05
0.454381 9.99459E-05 9.99459E-05 9.99459E-05 0.201042 0.343977 9.99459E-05 9.99459E-05 9.99459E-05
0.898471 0.0431691 9.9955E-05 9.9955E-05 9.9955E-05 0.0426298 9.9955E-05 9.9955E-05 0.0152307
0.563378 9.9946E-05 9.9946E-05 9.9946E-05 0.116061 0.319961 9.9946E-05 9.9946E-05 9.9946E-05
0.669996 9.996E-05 9.996E-05 0.00195769 9.996E-05 0.212067 0.10983 0.00574824 9.996E-05
0.594788 0.0764512 9.9964E-05 9.9964E-05 0.09444 0.104115 0.129806 9.9964E-05 9.9964E-05
0.833942 9.99371E-05 9.99371E-05 9.99371E-05 0.165358 9.99371E-05 9.99371E-05 9.99371E-05 9.99371E-05
0.0629882 9.9946E-05 9.9946E-05 9.9946E-05 0.354317 9.9946E-05 9.9946E-05 0.582095 9.9946E-05
0.0534422 9.9946E-05 9.9946E-05 9.9946E-05 9.9946E-05 0.0263454 9.9946E-05 0.919613 9.9946E-05
9.9964E-05 0.0797925 9.9964E-05 0.0465305 0.0786794 0.0814008 9.9964E-05 0.713197 9.9964E-05
0.0910924 0.119548 9.9964E-05 9.9964E-05 9.9964E-05 0.00856538 9.9964E-05 0.428667 0.351727
0.0928271 0.000278405 9.9982E-05 0.00917945 0.00368896 9.9982E-05 0.0552956 0.295874 0.542657
0.0347805 9.9946E-05 9.9946E-05 9.9946E-05 9.9946E-05 9.9946E-05 9.9946E-05 0.538297 0.426323
9.99639E-05 9.99639E-05 9.99639E-05 0.25661 0.201447 0.00403327 9.99639E-05 0.219315 0.318195
9.99639E-05 9.99639E-05 9.99639E-05 0.206593 0.253475 9.99639E-05 0.00480459 0.430726 0.104001
9.9946E-05 9.9946E-05 9.9946E-05 0.0810764 0.71201 9.9946E-05 9.9946E-05 0.206314 9.9946E-05
0.108246 9.99549E-05 9.99549E-05 0.0732044 9.99549E-05 9.99549E-05 9.99549E-05 0.27807 0.53998
9.993E-05 9.993E-05 9.993E-05 9.993E-05 9.993E-05 9.993E-05 9.993E-05 9.993E-05 0.999201
9.9955E-05 0.00953224 9.9955E-05 9.9955E-05 9.9955E-05 0.0345734 9.9955E-05 0.0689163 0.886478
0.0126659 0.0109784 9.9955E-05 0.0745123 9.9955E-05 9.9955E-05 9.9955E-05 9.9955E-05 0.901344
