0.226835 9.9991E-05 0.773065
0.540446 9.9991E-05 0.459454
0.206052 0.0528335 0.741114
0.160092 0.0714003 0.768508
9.9991E-05 0.0983094 0.901591
0.0651809 0.0451266 0.889692
0.560465 0.439435 9.9991E-05
0.32297 0.546482 0.130548
0.374768 0.625132 9.999E-05
0.398695 0.601205 9.9991E-05
0.468209 0.531691 9.9991E-05
0.474637 0.525263 9.9991E-05
0.214749 0.785151 9.9991E-05
0.212713 0.787187 9.9991E-05
0.446405 0.553495 9.9991E-05
0.478444 0.521456 9.9991E-05
0.154837 0.11422 0.730943
0.497858 0.115027 0.387115
0.289173 0.225946 0.484881
0.0515404 0.231843 0.716617
0.310188 0.108897 0.580914
0.32683 0.136201 0.536969
0.32993 0.107075 0.562996
0.0658894 0.193139 0.740971
0.0843225 0.202283 0.713394
0.089046 0.10315 0.807804
9.9991E-05 0.268638 0.731262
9.9991E-05 0.253694 0.746206
0.284354 0.032705 0.682941
0.340229 0.0839641 0.575806
0.65023 0.00763682 0.342133
0.293597 0.091258 0.615145
0.263448 0.00511692 0.731435
0.216055 0.17054 0.613405
0.561486 0.0690476 0.369466
0.212108 0.155418 0.632474
0.271277 0.384103 0.34462
0.172145 0.231803 0.596053
0.339743 0.158488 0.501769
0.178593 0.207006 0.614401
0.325767 9.9991E-05 0.674133
0.0973987 0.125147 0.777454
0.155052 0.203551 0.641397
0.0853857 0.214418 0.700196
0.160553 0.0597115 0.779736
0.236968 0.122355 0.640677
0.569602 0.175956 0.254443
0.727509 9.9991E-05 0.272391
0.832187 9.9991E-05 0.167713
0.560961 9.9991E-05 0.438939
0.553909 0.0888823 0.357209
0.374298 0.135545 0.490157
0.326967 0.190844 0.482189
0.267934 0.149863 0.582203
0.327592 0.117818 0.55459
0.0181588 0.236568 0.745273
0.270703 0.614777 0.114521
0.148663 0.780174 0.0711632
9.9991E-05 0.939807 0.0600928
0.234135 0.761923 0.0039425
0.136464 0.863436 9.9991E-05
0.165951 0.777378 0.0566707
0.804629 0.195271 9.9991E-05
0.540843 0.459057 9.9991E-05
0.3684 0.631501 9.9991E-05
0.271157 0.728743 9.9991E-05
0.328725 0.627814 0.0434603
0.0268981 0.966271 0.00683134
0.485017 0.514883 9.9991E-05
0.25735 0.74255 9.9991E-05
0.514393 0.485507 9.9991E-05
0.185574 0.787756 0.0266692
0.487773 0.512127 9.9991E-05
0.074486 0.840618 0.0848958
0.0337453 0.922487 0.0437677
0.126495 0.837286 0.0362195
0.181674 0.791228 0.0270975
9.9991E-05 0.973439 0.0264608
0.107911 0.891989 9.9991E-05
0.481398 0.518502 9.9991E-05
0.0862276 0.833114 0.0806587
9.9991E-05 0.0627444 0.937156
0.204175 9.9991E-05 0.795725
0.0951026 0.0581979 0.846699
9.9991E-05 0.109776 0.890124
0.149711 0.016326 0.833963
0.741033 9.9991E-05 0.258867
0.275734 0.0645295 0.659737
0.366904 0.00131429 0.631781
0.0859527 0.0525003 0.861547
0.258032 9.9991E-05 0.741868
9.9991E-05 0.138913 0.860987
9.9991E-05 0.14357 0.85633
0.00686809 0.0994959 0.893636
0.0764255 0.0898661 0.833708
0.423361 0.0234259 0.553213
0.119253 0.0713101 0.809437
9.9991E-05 0.138184 0.861716
9.9991E-05 0.118754 0.881146
0.0673021 0.0655687 0.867129
0.202025 9.9991E-05 0.797875
0.0567877 9.9991E-05 0.943112
0.099761 9.9991E-05 0.900139
0.128616 9.9991E-05 0.871284
0.163937 9.9991E-05 0.835963
9.9991E-05 0.0164485 0.983452
0.00782752 0.0436642 0.948508
9.9991E-05 0.0126655 0.987235
9.9991E-05 0.0471248 0.952775
9.9991E-05 0.0219938 0.977906
9.9991E-05 0.020603 0.979297
9.999E-05 9.999E-05 0.9998
0.106338 9.9991E-05 0.893562
0.0934966 0.0327829 0.87372
0.113947 9.9991E-05 0.885953
0.0376256 0.0296033 0.932771
0.0280754 0.0264299 0.945495
9.9991E-05 0.0148625 0.985037
0.0518465 0.0138113 0.934342
0.227789 9.9991E-05 0.772111
0.187455 9.9991E-05 0.812445
0.108508 9.9991E-05 0.891392
9.999E-05 9.999E-05 0.9998
9.9991E-05 0.0977167 0.902183
9.9991E-05 0.0546396 0.94526
0.00936216 9.9991E-05 0.990538
9.9991E-05 0.321809 0.678091
9.9991E-05 0.397002 0.602898
0.0846346 9.9991E-05 0.915265
0.199492 9.9991E-05 0.800408
0.188699 9.9991E-05 0.811201
0.12389 9.9991E-05 0.87601
0.295766 9.9991E-05 0.704134
9.999E-05 9.999E-05 0.9998
0.167713 9.9991E-05 0.832188
0.0274911 0.00130281 0.971206
0.170695 9.9991E-05 0.829205
0.152949 9.9991E-05 0.846951
0.631562 0.368338 9.9991E-05
0.321415 0.665057 0.0135273
0.406938 0.592962 9.9991E-05
0.115428 0.787142 0.0974301
0.0255742 0.838434 0.135992
0.0135294 0.986371 9.9991E-05
0.297735 0.694997 0.00726863
0.459636 0.540264 9.9991E-05
0.876543 0.123357 9.9991E-05
0.0612384 0.858228 0.0805334
9.999E-05 0.9998 9.999E-05
9.999E-05 0.9998 9.999E-05
9.9991E-05 0.938171 0.0617293
