0.167442 0.383141 0.449316 9.9991E-05
0.557869 0.354592 0.0874398 9.9991E-05
0.197264 0.46818 0.32386 0.0106957
0.129821 0.384205 0.467288 0.0186859
9.999E-05 0.706549 0.238958 0.0543932
0.00394569 0.411359 0.584595 9.9991E-05
0.546653 9.9982E-05 9.9982E-05 0.453147
0.314537 0.129146 0.0077872 0.54853
0.374503 9.9982E-05 9.9982E-05 0.625298
0.396275 9.9982E-05 9.9982E-05 0.603525
0.4677 9.9982E-05 9.9982E-05 0.5321
0.47855 9.99819E-05 9.99819E-05 0.52125
0.244134 9.9982E-05 9.9982E-05 0.755666
0.190258 9.9982E-05 9.9982E-05 0.809542
0.408053 9.9982E-05 9.9982E-05 0.591747
0.481165 9.9982E-05 9.9982E-05 0.518636
0.117283 0.290988 0.557922 0.0338071
0.405057 0.0342434 0.533418 0.0272812
0.147974 9.9991E-05 0.75168 0.100245
9.9991E-05 0.139203 0.728475 0.132222
0.240698 0.149569 0.587746 0.021987
0.178418 9.9991E-05 0.789843 0.0316395
0.254525 0.176132 0.497032 0.0723109
0.00234838 0.363595 0.560088 0.0739686
0.00987604 0.194112 0.724393 0.0716189
0.0256368 0.173277 0.800987 9.9991E-05
9.9991E-05 0.263457 0.568495 0.167948
9.9991E-05 0.327119 0.547584 0.125197
0.248595 0.529401 0.171151 0.0508527
0.332431 0.324712 0.281829 0.0610288
0.540779 0.0385801 0.420541 9.9991E-05
0.26202 0.34935 0.321473 0.0671568
0.186717 0.289247 0.523936 9.9991E-05
0.124508 9.9991E-05 0.848707 0.0266848
0.411025 9.9982E-05 0.588775 9.9982E-05
0.173593 0.138556 0.658979 0.0288713
0.236257 9.9991E-05 0.461027 0.302616
0.129644 0.114299 0.647281 0.108775
0.24516 9.9991E-05 0.724764 0.0299765
0.0863792 0.00653078 0.877757 0.0293332
0.243645 0.297962 0.458293 9.9991E-05
0.0383362 0.496756 0.385337 0.0795702
0.0830263 0.310543 0.468297 0.138134
0.0837482 0.563641 0.183507 0.169104
0.125476 0.259462 0.614961 9.9991E-05
0.124844 0.108435 0.766621 9.9991E-05
0.379415 9.9991E-05 0.546947 0.0735376
0.644687 0.057039 0.291961 0.00631307
0.773501 0.0443289 0.18207 9.9991E-05
0.521002 0.237192 0.241705 9.9991E-05
0.460292 9.9982E-05 0.539508 9.9982E-05
0.265133 0.145301 0.525596 0.0639694
0.176929 0.0322058 0.696793 0.0940724
0.172071 0.112273 0.715556 9.9991E-05
0.216016 0.059591 0.724293 9.9991E-05
9.9991E-05 0.106344 0.828963 0.0645929
0.269321 0.021281 0.182629 0.526769
0.128165 0.054021 0.0585205 0.759294
9.9991E-05 0.0600604 0.0144325 0.925407
0.222022 9.9991E-05 0.06488 0.712998
0.15671 9.9982E-05 9.9982E-05 0.84309
0.198628 0.0298973 0.054283 0.717192
0.791825 9.9982E-05 9.9982E-05 0.207975
0.488133 9.9991E-05 0.0671692 0.444598
0.38489 9.9982E-05 9.9982E-05 0.61491
0.25316 9.9982E-05 9.9982E-05 0.74664
0.262466 9.9991E-05 0.10331 0.634124
0.0233378 9.9991E-05 0.0803283 0.896234
0.442273 9.9982E-05 9.9982E-05 0.557527
0.243268 9.9982E-05 9.9982E-05 0.756533
0.471172 0.0360197 0.00851437 0.484294
0.170703 0.0295756 0.0683922 0.73133
0.495291 9.9982E-05 9.9982E-05 0.504509
0.0760011 0.0550455 0.0107563 0.858197
9.9982E-05 9.9982E-05 0.173573 0.826227
0.107075 9.9991E-05 0.0458056 0.847019
0.144096 0.043 9.9991E-05 0.812804
9.9982E-05 0.0201024 9.9982E-05 0.979698
0.143065 9.9982E-05 9.9982E-05 0.856735
0.460778 9.9982E-05 9.9982E-05 0.539022
0.11773 0.00174375 0.0579527 0.822573
9.9991E-05 0.79567 0.116959 0.0872712
0.193425 0.802042 0.00443234 9.9991E-05
0.163494 0.783957 9.9991E-05 0.0524484
0.0376404 0.801406 0.0654978 0.0954558
0.222178 0.710025 0.0348392 0.0329569
0.75856 0.24124 9.9982E-05 9.9982E-05
0.299969 0.569511 0.0881737 0.0423458
0.291012 0.526773 0.167196 0.0150193
0.0790858 0.789603 0.049779 0.0815325
0.269504 0.730297 9.9982E-05 9.9982E-05
9.9991E-05 0.76523 0.0566293 0.178041
9.9991E-05 0.500761 0.416236 0.0829034
9.9991E-05 0.594313 0.348558 0.0570288
0.0508994 0.599141 0.279191 0.0707688
0.384616 0.386211 0.229073 9.9991E-05
0.141259 0.496042 0.358601 0.00409839
9.9991E-05 0.694275 0.169598 0.136027
9.9991E-05 0.604954 0.287422 0.107524
0.0608926 0.629955 0.278474 0.0306789
0.235323 0.658464 0.106112 9.9991E-05
0.0646497 0.870412 0.0648383 9.9991E-05
0.0811963 0.799969 0.118735 9.9991E-05
0.156371 0.843429 9.9982E-05 9.9982E-05
0.15067 0.802278 9.9991E-05 0.0469514
9.9991E-05 0.826423 0.158256 0.0152207
9.9991E-05 0.704422 0.29281 0.00266816
9.9982E-05 0.916313 9.9982E-05 0.0834866
9.9991E-05 0.884765 0.0385532 0.0765816
9.9991E-05 0.904514 0.069962 0.0254242
9.9991E-05 0.839339 0.120571 0.0399905
9.9982E-05 0.970358 0.0294424 9.9982E-05
0.0919102 0.671906 0.236084 9.9991E-05
0.0667307 0.796818 0.0469375 0.0895141
0.106128 0.777206 0.116566 9.9991E-05
0.0336461 0.837198 0.0957761 0.0333799
0.0387666 0.90243 0.0177485 0.0410545
9.9991E-05 0.927126 0.0378402 0.0349338
0.0520912 0.887065 0.0310235 0.0298207
0.300381 0.699419 9.9982E-05 9.9982E-05
0.227137 0.772663 9.9982E-05 9.9982E-05
0.0884494 0.877934 9.9991E-05 0.0335162
9.9991E-05 0.948281 0.0345616 0.0170572
9.9991E-05 0.758421 0.123274 0.118205
9.9991E-05 0.880303 0.0333743 0.0862225
9.9982E-05 0.92559 9.9982E-05 0.0742102
9.9982E-05 0.651524 9.9982E-05 0.348276
9.9982E-05 0.613956 9.9982E-05 0.385844
0.104236 0.895564 9.9982E-05 9.9982E-05
0.246206 0.753594 9.9982E-05 9.9982E-05
0.212631 0.787169 9.9982E-05 9.9982E-05
0.178703 0.821097 9.9982E-05 9.9982E-05
0.33634 0.66346 9.9982E-05 9.9982E-05
0.00298398 0.962691 9.9991E-05 0.0342247
0.181234 0.818566 9.9982E-05 9.9982E-05
0.0403893 0.921896 0.0344246 0.00329061
0.149332 0.75716 0.0934088 9.9991E-05
0.182767 0.817033 9.9982E-05 9.9982E-05
0.60526 0.0154986 9.9991E-05 0.379141
0.312019 9.9982E-05 9.9982E-05 0.687781
0.409827 9.9982E-05 9.9982E-05 0.589973
0.108701 0.142877 0.00763314 0.740789
0.0370499 0.141587 9.9991E-05 0.821263
0.0614972 0.0132592 9.9991E-05 0.925144
0.283753 9.9982E-05 9.9982E-05 0.716047
0.450043 9.9982E-05 9.9982E-05 0.549757
0.850393 9.9982E-05 9.9982E-05 0.149407
0.0905547 0.0777435 9.9991E-05 0.831602
9.9982E-05 9.9982E-05 0.0781553 0.921645
9.9982E-05 9.9982E-05 0.0745441 0.925256
9.9991E-05 0.0138469 0.0523324 0.933721
