0.517319 0.00743187 0.0832268 9.9991E-05 0.391923
0.128684 0.105387 0.408122 9.9991E-05 0.357707
0.380489 0.103742 0.114625 9.9991E-05 0.401044
0.428533 0.127754 9.9991E-05 0.0552739 0.388339
0.274643 9.9982E-05 9.9982E-05 0.0765782 0.648579
0.561326 0.0752186 9.9991E-05 0.0281254 0.33523
9.9973E-05 9.9973E-05 0.848074 0.151626 9.9973E-05
9.999E-05 0.0200101 0.497351 0.321155 0.161384
9.9973E-05 9.9973E-05 0.598299 0.401401 9.9973E-05
0.009323 9.9982E-05 0.627177 0.3633 9.9982E-05
9.9973E-05 9.9973E-05 0.773537 0.226163 9.9973E-05
0.0240726 9.9982E-05 0.797168 0.178559 9.9982E-05
9.9973E-05 9.9973E-05 0.459918 0.539782 9.9973E-05
9.9973E-05 9.9973E-05 0.411479 0.588221 9.9973E-05
9.9982E-05 0.0199513 0.627523 0.352326 9.9982E-05
9.99731E-05 9.99731E-05 0.728873 0.270827 9.99731E-05
0.486053 0.182112 9.9991E-05 0.0449357 0.286799
0.134021 0.651798 9.9991E-05 0.115918 0.0981633
0.678863 0.227921 9.9982E-05 0.0930161 9.9982E-05
0.573246 0.166514 9.9991E-05 0.12965 0.130491
0.299604 0.511597 9.9991E-05 0.0592554 0.129444
0.474607 0.443628 9.9982E-05 0.0815654 9.9982E-05
0.541612 9.9982E-05 0.277537 9.9982E-05 0.180651
0.714885 9.9982E-05 0.034271 9.9982E-05 0.250644
0.900107 9.9982E-05 0.0643702 9.9982E-05 0.0353231
0.804181 0.0420233 9.9982E-05 9.9982E-05 0.153595
0.512771 0.0287343 9.9991E-05 0.163708 0.294687
0.53109 9.9982E-05 9.9982E-05 0.103732 0.364977
0.0416713 0.30263 0.0508775 0.0644408 0.54038
0.0667325 0.459217 9.9991E-05 0.0984708 0.37548
0.24842 0.520835 0.230545 9.9982E-05 9.9982E-05
0.196914 0.275266 0.0671857 0.0735216 0.387113
0.421158 0.306431 9.9982E-05 9.9982E-05 0.272212
0.908336 9.9973E-05 0.0913638 9.9973E-05 9.9973E-05
0.656987 9.9973E-05 0.342713 9.9973E-05 9.9973E-05
0.562266 0.126291 0.029842 0.0556928 0.225909
0.495848 0.0602266 0.256013 0.187812 9.9991E-05
0.729702 9.9991E-05 0.166853 0.0393858 0.0639596
0.671091 0.203621 0.0777151 0.0238035 0.0237691
0.759329 0.148385 9.9991E-05 0.0637 0.0284853
0.436201 0.197055 0.0240674 9.9991E-05 0.342576
0.363212 0.0914857 9.9991E-05 0.100979 0.444223
0.446814 0.181075 9.9991E-05 0.152454 0.219556
0.314567 9.9991E-05 0.120701 0.0627259 0.501906
0.59151 0.0958464 9.9982E-05 9.9982E-05 0.312443
0.73771 0.169852 9.9982E-05 9.9982E-05 0.0922379
0.200397 0.662253 9.9982E-05 0.137151 9.9982E-05
0.0178687 0.818992 0.0916325 0.00460101 0.0669063
9.9973E-05 0.912189 0.0875115 9.9973E-05 9.9973E-05
0.0517875 0.763072 9.9982E-05 9.9982E-05 0.18494
0.162905 0.769613 9.9982E-05 0.0672822 9.9982E-05
0.411367 0.272664 0.0769565 0.040589 0.198423
0.43295 0.441487 9.9982E-05 0.125363 9.9982E-05
0.755305 0.182022 9.9991E-05 0.0169162 0.0456567
0.67544 0.135254 0.110884 9.9991E-05 0.0783213
0.678922 0.0550385 9.9991E-05 0.134387 0.131552
0.234482 9.9991E-05 0.414227 0.348817 0.00237441
0.123279 9.9991E-05 0.310759 0.524364 0.0414987
0.0563778 9.9991E-05 0.0624496 0.876135 0.00493806
0.0364231 0.0466099 0.378493 0.538374 9.9991E-05
9.9982E-05 9.9982E-05 0.357478 0.641133 0.00118934
0.000982956 0.164607 0.192253 0.624297 0.0178608
9.9973E-05 0.0737852 0.925915 9.9973E-05 9.9973E-05
0.106816 9.9982E-05 0.708316 0.184667 9.9982E-05
9.9973E-05 9.9973E-05 0.64563 0.35407 9.9973E-05
9.9973E-05 9.9973E-05 0.43111 0.56859 9.9973E-05
0.202357 9.9982E-05 0.431309 0.366134 9.9982E-05
0.0714546 9.99821E-05 0.205445 0.722901 9.99821E-05
0.0935952 9.9982E-05 0.63925 0.266954 9.9982E-05
0.049649 9.9982E-05 0.482812 0.467339 9.9982E-05
0.0838639 9.9991E-05 0.73362 0.173186 0.00922946
0.123385 9.9982E-05 0.369412 0.507003 9.9982E-05
0.0279045 9.9982E-05 0.804148 0.167748 9.9982E-05
9.9991E-05 0.113108 0.145779 0.720355 0.0206586
0.168064 0.0283132 0.0877701 0.715753 9.9991E-05
0.0179995 0.10542 0.137661 0.73882 9.9991E-05
9.9982E-05 9.9982E-05 0.329952 0.641312 0.028536
9.9982E-05 0.000971775 9.9982E-05 0.964969 0.0338596
9.9973E-05 9.9973E-05 0.292864 0.706836 9.9973E-05
9.9982E-05 0.0226816 0.707249 0.269869 9.9982E-05
9.9991E-05 0.154119 0.0932418 0.739874 0.0126651
0.123458 0.00313959 9.9991E-05 0.0737157 0.799586
0.0399731 9.9982E-05 0.231015 9.9982E-05 0.728812
0.000798598 9.9991E-05 0.156328 0.0103415 0.832432
0.022725 0.082034 9.9991E-05 0.127886 0.767255
9.9982E-05 0.27816 9.9982E-05 0.0596399 0.662
9.9982E-05 0.624432 0.198147 9.9982E-05 0.177222
0.0290705 0.190144 0.160055 0.0302209 0.59051
0.152283 0.211554 0.129271 9.9991E-05 0.506792
0.0145643 0.164045 9.9991E-05 0.0720844 0.749206
9.9982E-05 0.241014 0.0447983 9.9982E-05 0.713987
0.0613077 9.9982E-05 9.9982E-05 0.159292 0.7792
0.400665 9.9982E-05 9.9982E-05 0.0955159 0.503619
0.343888 0.00451895 9.9991E-05 0.0743724 0.57712
0.248185 0.0795399 0.0553129 0.0319899 0.584973
0.0149714 0.525544 0.0487198 0.0302025 0.380562
0.387883 0.187686 0.018991 9.9991E-05 0.40534
0.185185 9.9982E-05 9.9982E-05 0.131502 0.683114
0.293172 9.9982E-05 9.9982E-05 0.107396 0.599232
0.336291 9.9982E-05 0.092285 9.9982E-05 0.571224
0.033126 0.287971 0.0209359 9.9991E-05 0.657867
0.044175 0.0768118 9.9982E-05 9.9982E-05 0.878813
0.0715611 0.106811 9.9982E-05 9.9982E-05 0.821428
9.9973E-05 9.9973E-05 0.101027 9.9973E-05 0.898674
9.9991E-05 0.142745 0.0257539 0.0317942 0.799607
0.14077 0.00882913 9.9991E-05 0.0552176 0.795083
0.225726 0.0817132 9.9991E-05 0.0502008 0.64226
9.9982E-05 0.0321048 9.9982E-05 0.0791006 0.888595
0.00792598 0.0636414 9.9991E-05 0.0914051 0.836927
0.0545459 9.9982E-05 9.9982E-05 0.0337841 0.91147
0.0852324 9.9982E-05 9.9982E-05 0.0820368 0.832531
0.0415208 9.9982E-05 9.9982E-05 0.013469 0.94481
0.150301 0.174747 9.9982E-05 9.9982E-05 0.674752
0.017668 0.160155 9.9991E-05 0.0590866 0.76299
0.164083 0.0626962 0.0344064 9.9991E-05 0.738715
0.0666212 0.0517306 9.9991E-05 0.0457478 0.8358
9.9982E-05 0.0738325 9.9982E-05 0.0380147 0.887953
0.000129218 9.9982E-05 9.9982E-05 0.0411669 0.958504
9.9982E-05 0.0720471 9.9982E-05 0.0360342 0.891719
9.99731E-05 9.99731E-05 0.203975 9.99731E-05 0.795725
9.9973E-05 9.9973E-05 0.189516 9.9973E-05 0.810184
0.00873305 9.9991E-05 0.112432 0.00317279 0.875562
0.0622182 9.9982E-05 9.9982E-05 0.0317313 0.90585
0.102574 9.9982E-05 9.9982E-05 0.100341 0.796885
0.0795395 9.9982E-05 9.9982E-05 0.0642835 0.855977
9.9973E-05 9.9973E-05 9.9973E-05 0.0533349 0.946365
0.129828 9.9982E-05 9.9982E-05 0.256367 0.613604
9.9982E-05 9.9982E-05 0.0525052 0.364699 0.582596
9.9982E-05 0.103617 0.00264616 9.9982E-05 0.893537
9.9982E-05 0.073942 0.124361 9.9982E-05 0.801497
9.9973E-05 9.9973E-05 0.200989 9.9973E-05 0.798711
0.0572961 9.9982E-05 0.116364 9.9982E-05 0.82614
9.9982E-05 0.117135 0.10422 9.9982E-05 0.778445
9.9982E-05 0.0698405 9.9982E-05 0.0357881 0.894171
0.0368851 0.0349151 0.117515 9.9991E-05 0.810585
0.0615037 9.9982E-05 9.9982E-05 0.0193385 0.918958
0.125102 0.145918 9.9982E-05 9.9982E-05 0.72878
9.9982E-05 0.0269935 0.104699 9.9982E-05 0.868107
9.9991E-05 0.0241757 0.799865 0.0958368 0.0800221
9.9982E-05 9.9982E-05 0.435371 0.496176 0.068253
9.9982E-05 0.113227 0.531286 0.355286 9.9982E-05
9.9991E-05 0.0656865 0.263176 0.627991 0.0430463
9.9991E-05 0.00358052 0.183073 0.669138 0.144108
9.9973E-05 9.9973E-05 0.167817 0.831883 9.9973E-05
0.00458237 9.9982E-05 0.541366 0.453852 9.9982E-05
9.9973E-05 9.9973E-05 0.751694 0.248006 9.9973E-05
9.997E-05 9.997E-05 0.9996 9.997E-05 9.997E-05
9.9982E-05 9.9982E-05 0.236849 0.665814 0.0971371
0.0471359 9.99731E-05 9.99731E-05 0.952564 9.99731E-05
0.0763258 9.9973E-05 9.9973E-05 0.923374 9.9973E-05
9.9982E-05 0.0322127 9.9982E-05 0.919912 0.0476754
