0.148484 0.472735 9.9991E-05 0.378681
0.547087 0.10571 9.9991E-05 0.347104
0.164946 0.379815 9.9991E-05 0.455139
0.106346 0.452085 0.0129246 0.428645
9.999E-05 0.280897 0.0321054 0.686897
9.9982E-05 0.61205 9.9982E-05 0.38775
0.5376 9.9982E-05 0.4622 9.9982E-05
0.294515 0.0256971 0.561948 0.117841
0.370617 9.9982E-05 0.629183 9.9982E-05
0.384959 9.9982E-05 0.614841 9.9982E-05
0.433155 9.9982E-05 0.566645 9.9982E-05
0.445824 9.9982E-05 0.553976 9.9982E-05
0.198867 9.9982E-05 0.800933 9.9982E-05
0.163729 0.00753874 0.828632 9.9991E-05
0.440565 9.9982E-05 0.559235 9.9982E-05
0.430465 9.9982E-05 0.569335 9.9982E-05
0.111975 0.563772 0.0251814 0.299072
0.408815 0.435749 0.0588943 0.0965412
0.154541 0.75079 0.094569 9.9991E-05
9.9991E-05 0.788339 0.0668883 0.144672
0.241447 0.541021 0.0187032 0.198828
0.19659 0.802914 0.000395925 9.9991E-05
0.258297 0.507012 0.0577926 0.176898
0.018912 0.598135 0.0645091 0.318444
0.0217282 0.825298 0.0486613 0.104312
0.00967319 0.841499 9.9991E-05 0.148728
9.9991E-05 0.591417 0.131374 0.27711
9.9991E-05 0.52635 0.099409 0.374141
0.255814 0.167674 0.0447349 0.531777
0.281026 0.273977 0.0676505 0.377346
0.584987 0.414813 9.9982E-05 9.9982E-05
0.256711 0.281501 0.0702789 0.391508
0.163152 0.546591 9.9991E-05 0.290157
0.123621 0.802246 0.0413589 0.0327735
0.418492 0.581308 9.9982E-05 9.9982E-05
0.13181 0.653181 0.0589037 0.156105
0.205949 0.519807 0.274144 9.9991E-05
0.0970616 0.71889 0.0839447 0.100104
0.27523 0.678755 0.0265219 0.0194931
0.100271 0.839018 0.0510137 0.00969737
0.246501 0.437993 9.9991E-05 0.315406
0.0675121 0.409924 0.0704307 0.452134
0.0655676 0.503039 0.1097 0.321694
0.0918953 0.211973 0.168882 0.52725
0.108554 0.555021 9.9991E-05 0.336324
0.153335 0.729226 9.9991E-05 0.117338
0.387956 0.567621 0.0443237 9.9991E-05
0.636401 0.26993 9.9991E-05 0.0935693
0.769716 0.186107 9.9991E-05 0.0440773
0.511015 0.212941 9.9991E-05 0.275944
0.466492 0.517055 0.0163535 9.9991E-05
0.275116 0.524878 0.0586451 0.141361
0.227011 0.684868 0.088021 9.9991E-05
0.164958 0.753358 0.00449218 0.0771921
0.242118 0.739006 9.9991E-05 0.0187766
9.9991E-05 0.844166 0.0449669 0.110767
0.232684 0.157284 0.568896 0.0411363
0.100727 0.0996801 0.725435 0.0741575
9.9982E-05 0.0629391 0.936861 9.9982E-05
0.238612 0.0667493 0.694539 9.9991E-05
0.140465 9.9991E-05 0.852119 0.00731607
0.149323 0.115777 0.734799 9.9991E-05
0.749041 9.99819E-05 0.250759 9.99819E-05
0.457426 0.0618813 0.480593 9.9991E-05
0.355535 9.9982E-05 0.644265 9.9982E-05
0.235797 9.9982E-05 0.764003 9.9982E-05
0.274296 0.117335 0.608269 9.9991E-05
9.99821E-05 0.0727635 0.927037 9.99821E-05
0.415397 0.02798 0.556523 9.9991E-05
0.201593 9.9982E-05 0.798207 9.9982E-05
0.440902 0.0703064 0.488691 9.9991E-05
0.11032 0.149655 0.739925 9.9991E-05
0.436418 9.9991E-05 0.53282 0.0306617
0.0643185 0.0305603 0.837018 0.0681031
9.9982E-05 0.166779 0.833021 9.9982E-05
0.0839898 0.0938877 0.822023 9.9991E-05
0.162207 9.9991E-05 0.807317 0.0303762
9.9982E-05 9.9982E-05 0.981117 0.0186835
0.0966962 9.9982E-05 0.903104 9.9982E-05
0.450503 9.9982E-05 0.549297 9.9982E-05
0.0934366 0.0999528 0.806511 9.9991E-05
9.9991E-05 0.130918 0.0610599 0.807923
0.232217 9.9982E-05 9.9982E-05 0.767583
0.124075 9.9991E-05 0.0603784 0.815446
0.0101504 0.0132702 0.135992 0.840588
0.149604 0.0495682 0.0266592 0.774168
0.731135 9.99821E-05 9.99821E-05 0.268665
0.282597 0.0596555 0.0832138 0.574534
0.311483 0.159106 0.00983504 0.519577
0.0742597 0.100701 0.0577501 0.767289
0.274956 9.9982E-05 9.9982E-05 0.724844
9.9991E-05 0.0648216 0.18392 0.751159
9.9991E-05 0.378591 0.0898875 0.531421
9.9991E-05 0.332668 0.0431938 0.624039
0.087498 0.295133 0.043893 0.573476
0.399697 0.196832 0.00945528 0.394017
0.136237 0.419789 0.00783371 0.43614
9.9991E-05 0.15995 0.117692 0.722258
9.9991E-05 0.294857 0.0852002 0.619843
0.0673991 0.268144 0.0384778 0.625979
0.212115 0.115466 9.9991E-05 0.672319
0.0548405 0.0653659 9.9991E-05 0.879694
0.0870141 0.0837321 9.9991E-05 0.829154
0.165676 9.9982E-05 9.9982E-05 0.834124
0.172206 9.9991E-05 0.0227642 0.80493
9.9991E-05 0.172956 0.0226381 0.804306
9.9991E-05 0.294377 0.0163234 0.6892
9.9982E-05 9.9982E-05 0.0649491 0.934851
0.00100317 0.0171896 0.0783849 0.903422
9.9991E-05 0.0565595 0.0341451 0.909195
9.9991E-05 0.110928 0.0436711 0.845301
9.9991E-05 0.0699856 0.00406468 0.92585
0.096847 0.221263 9.9991E-05 0.68179
0.11251 0.0794135 0.046747 0.76133
0.116215 0.122853 9.9991E-05 0.760832
0.0207398 0.0786265 0.0456133 0.85502
0.0317525 0.00952949 0.0258416 0.932876
9.9991E-05 0.0453611 0.0335753 0.920964
0.0894587 0.00651916 0.0134152 0.890607
0.245327 9.9982E-05 9.9982E-05 0.754473
0.228557 9.9982E-05 9.9982E-05 0.771243
0.126786 9.9991E-05 0.0208083 0.852306
9.9991E-05 0.0486043 0.0257101 0.925586
9.9991E-05 0.0974184 0.107037 0.795444
9.9991E-05 0.0356984 0.0757911 0.888411
9.9982E-05 9.9982E-05 0.0452905 0.954509
9.9991E-05 0.0342911 0.318885 0.646724
9.9982E-05 9.9982E-05 0.405906 0.593894
0.119954 9.9982E-05 9.9982E-05 0.879846
0.243687 9.9982E-05 9.9982E-05 0.756113
0.230891 9.9982E-05 9.9982E-05 0.768909
0.161067 9.9982E-05 9.9982E-05 0.838733
0.315229 9.9982E-05 9.9982E-05 0.684571
0.00473774 9.9991E-05 0.0328937 0.962269
0.198087 9.9982E-05 9.9982E-05 0.801713
0.00367383 0.0502856 0.0141283 0.931912
0.148576 0.0977421 9.9991E-05 0.753582
0.16028 9.9982E-05 9.9982E-05 0.83952
0.598255 9.9982E-05 0.401545 9.9982E-05
0.295357 9.9982E-05 0.704443 9.9982E-05
0.366582 0.00381105 0.629506 9.9991E-05
0.161174 9.9991E-05 0.757078 0.0816482
0.0339873 9.9991E-05 0.833896 0.132017
0.0296859 9.9982E-05 0.970114 9.9982E-05
0.249347 9.9991E-05 0.715485 0.0350678
0.435927 9.9982E-05 0.563873 9.9982E-05
0.854183 9.9982E-05 0.145617 9.9982E-05
0.0564298 9.9991E-05 0.833993 0.109477
9.99821E-05 0.0394131 0.960387 9.99821E-05
9.9982E-05 0.0502456 0.949554 9.9982E-05
9.9991E-05 0.112726 0.88473 0.00244348
