0.182401 0.0429275 9.99639E-05 0.289683 0.0478977 9.99639E-05 9.99639E-05 0.252255 0.184436 9.99639E-05
0.0821282 0.366909 9.9982E-05 0.0260237 0.118444 0.0486984 9.9982E-05 0.0516062 0.29879 0.00720032
0.272341 0.156631 9.9973E-05 0.2814 0.0944803 0.0177531 9.9973E-05 0.164198 0.0128962 9.9973E-05
9.9955E-05 0.01763 9.9955E-05 0.566386 0.250636 9.9955E-05 9.9955E-05 9.9955E-05 0.107985 0.0568637
0.475098 9.9946E-05 9.9946E-05 0.119315 0.247537 9.9946E-05 9.9946E-05 0.157451 9.9946E-05 9.9946E-05
0.0189269 9.9955E-05 9.9955E-05 0.407617 0.362662 9.9955E-05 9.9955E-05 0.139971 0.0703232 9.9955E-05
9.99459E-05 0.199152 9.99459E-05 9.99459E-05 9.99459E-05 0.116159 9.99459E-05 9.99459E-05 0.00194631 0.682143
0.212965 0.0653229 9.9964E-05 9.9964E-05 9.9964E-05 0.067604 0.0256199 0.00774086 9.9964E-05 0.620347
9.9946E-05 0.0274546 9.9946E-05 9.9946E-05 0.0935518 9.9946E-05 0.0774819 9.9946E-05 9.9946E-05 0.800912
9.9955E-05 0.00707976 9.9955E-05 0.0225098 9.9955E-05 0.0291758 0.0278191 9.9955E-05 9.9955E-05 0.912916
9.99369E-05 0.180253 9.99369E-05 9.99369E-05 9.99369E-05 9.99369E-05 9.99369E-05 9.99369E-05 0.044748 0.774299
0.00350611 0.409131 9.99549E-05 9.99549E-05 9.99549E-05 9.99549E-05 0.133426 0.0435428 9.99549E-05 0.409894
9.9937E-05 0.0699172 0.241148 9.9937E-05 9.9937E-05 9.9937E-05 9.9937E-05 9.9937E-05 9.9937E-05 0.688236
9.9928E-05 9.9928E-05 0.204877 9.9928E-05 9.9928E-05 9.9928E-05 9.9928E-05 9.9928E-05 9.9928E-05 0.794324
9.9955E-05 0.106069 0.00360111 9.9955E-05 0.0115192 0.0528382 9.9955E-05 9.9955E-05 9.9955E-05 0.825473
9.99461E-05 0.240812 9.99461E-05 9.99461E-05 9.99461E-05 0.0185643 9.99461E-05 9.99461E-05 0.0426439 0.69738
0.316567 9.9946E-05 9.9946E-05 9.9946E-05 0.0113485 0.204051 9.9946E-05 0.467434 9.9946E-05 9.9946E-05
9.9973E-05 0.0105659 0.0967104 0.216521 9.9973E-05 0.57163 9.9973E-05 0.0387563 0.0334063 0.0321103
9.99459E-05 9.99459E-05 0.0525508 9.99459E-05 0.207898 0.205436 9.99459E-05 0.533515 9.99459E-05 9.99459E-05
0.123192 9.99639E-05 0.119871 0.346515 0.0378892 0.120943 9.99639E-05 0.251191 9.99639E-05 9.99639E-05
0.137333 9.99639E-05 0.0318422 0.297053 9.99639E-05 0.432396 9.99639E-05 0.0681595 9.99639E-05 0.0328165
9.99549E-05 9.99549E-05 0.0030251 0.538858 9.99549E-05 0.306662 0.0431788 0.107776 9.99549E-05 9.99549E-05
0.190771 0.166328 9.9946E-05 9.9946E-05 9.9946E-05 9.9946E-05 9.9946E-05 0.581592 0.0607091 9.9946E-05
0.22681 9.9946E-05 9.9946E-05 0.0302079 9.9946E-05 9.9946E-05 9.9946E-05 0.62484 0.117543 9.9946E-05
0.0104079 9.99461E-05 9.99461E-05 9.99461E-05 0.163638 9.99461E-05 9.99461E-05 0.790122 0.0352318 9.99461E-05
0.000294323 9.9946E-05 9.9946E-05 0.716272 9.9946E-05 9.9946E-05 9.9946E-05 0.166434 0.1164 9.9946E-05
0.402361 9.9946E-05 0.0442869 9.9946E-05 9.9946E-05 9.9946E-05 0.0667594 0.485993 9.9946E-05 9.9946E-05
0.300137 9.9964E-05 0.0225285 0.154177 0.140249 9.9964E-05 9.9964E-05 0.335391 9.9964E-05 0.0471182
0.319885 9.9955E-05 9.9955E-05 0.289334 9.9955E-05 0.135071 9.9955E-05 9.9955E-05 0.149528 0.105683
0.266478 9.99551E-05 9.99551E-05 0.196817 9.99551E-05 0.337206 9.99551E-05 9.99551E-05 0.064496 0.134503
9.99369E-05 0.445045 9.99369E-05 0.431636 9.99369E-05 0.122619 9.99369E-05 9.99369E-05 9.99369E-05 9.99369E-05
0.291081 0.274379 9.99639E-05 0.350073 0.0800139 0.00208218 0.00197202 9.99639E-05 9.99639E-05 9.99639E-05
0.104019 0.100548 9.99639E-05 0.486035 0.205024 0.0979601 9.99639E-05 0.0060134 9.99639E-05 9.99639E-05
9.9946E-05 9.9946E-05 9.9946E-05 0.206038 9.9946E-05 9.9946E-05 9.9946E-05 0.709223 0.0502923 0.0338474
9.99369E-05 0.303204 9.99369E-05 9.99369E-05 9.99369E-05 9.99369E-05 9.99369E-05 0.657378 0.0387182 9.99369E-05
0.249517 0.028558 9.9973E-05 0.141306 0.00741392 0.0965292 0.0251015 0.451275 9.9973E-05 9.9973E-05
9.9955E-05 0.279371 0.226425 0.0615861 0.0831075 9.9955E-05 9.9955E-05 0.34901 9.9955E-05 9.9955E-05
0.00618898 0.00358795 0.0328286 9.9973E-05 0.186192 0.0470683 0.0128365 0.710997 9.9973E-05 9.9973E-05
9.9964E-05 9.9964E-05 0.0545032 0.212505 9.9964E-05 0.143181 9.9964E-05 0.475037 0.100111 0.0142629
0.0192388 9.9964E-05 9.9964E-05 0.180289 0.0684557 0.113865 0.0306417 0.587109 9.9964E-05 9.9964E-05
9.9937E-05 9.9937E-05 9.9937E-05 0.516369 0.00105582 9.9937E-05 9.9937E-05 9.9937E-05 0.481876 9.9937E-05
0.231976 9.9955E-05 0.0960129 0.363898 0.137366 9.9955E-05 9.9955E-05 9.9955E-05 0.170248 9.9955E-05
0.0632302 0.0222311 0.111282 0.433012 0.300467 0.069377 9.9964E-05 9.9964E-05 9.9964E-05 9.9964E-05
9.9955E-05 9.9955E-05 0.100269 9.9955E-05 0.287224 9.9955E-05 0.0313943 0.113909 0.466704 9.9955E-05
9.99371E-05 9.99371E-05 9.99371E-05 0.856553 9.99371E-05 9.99371E-05 9.99371E-05 9.99371E-05 0.129217 0.0135305
9.9937E-05 0.0565467 9.9937E-05 0.938377 0.004377 9.9937E-05 9.9937E-05 9.9937E-05 9.9937E-05 9.9937E-05
9.9946E-05 9.9946E-05 0.05616 9.9946E-05 9.9946E-05 0.654891 0.0635461 0.224803 9.9946E-05 9.9946E-05
9.995E-05 0.0550893 9.995E-05 9.995E-05 0.00841735 0.772863 0.0555098 9.995E-05 0.107621 9.995E-05
9.9937E-05 0.0990774 9.9937E-05 9.9937E-05 9.9937E-05 0.844031 9.9937E-05 9.9937E-05 0.0561921 9.9937E-05
9.9937E-05 9.9937E-05 9.9937E-05 9.9937E-05 0.0196709 0.66414 9.9937E-05 9.9937E-05 0.315489 9.9937E-05
9.99459E-05 9.99459E-05 9.99459E-05 0.158633 9.99459E-05 0.696135 9.99459E-05 0.0719233 9.99459E-05 0.0727098
9.9973E-05 9.9973E-05 0.0133832 0.0631575 9.9973E-05 0.174899 0.00030776 0.33799 0.319387 0.0905757
0.0830999 9.99549E-05 0.112926 0.0666894 9.99549E-05 0.487222 9.99549E-05 0.249564 9.99549E-05 9.99549E-05
9.995E-05 9.995E-05 0.089621 0.12855 9.995E-05 0.113542 9.995E-05 0.385373 0.282414 9.995E-05
9.99549E-05 9.99549E-05 9.99549E-05 0.173642 9.99549E-05 0.0679914 0.0592762 0.404365 0.294226 9.99549E-05
0.112937 9.99459E-05 0.115686 0.535737 9.99459E-05 9.99459E-05 9.99459E-05 0.235041 9.99459E-05 9.99459E-05
9.9946E-05 9.9946E-05 9.9946E-05 9.9946E-05 9.9946E-05 9.9946E-05 0.343397 0.240716 0.0955096 0.319778
0.0934363 9.9955E-05 0.204474 9.9955E-05 9.9955E-05 9.9955E-05 0.0767637 0.0808701 9.9955E-05 0.543956
0.0209759 9.9946E-05 0.623418 9.9946E-05 9.9946E-05 9.9946E-05 0.311143 9.9946E-05 0.0438633 9.9946E-05
9.9946E-05 9.9946E-05 9.9946E-05 9.9946E-05 9.9946E-05 9.9946E-05 0.765373 0.091235 0.0722272 0.0705649
9.9946E-05 9.9946E-05 0.0011247 9.9946E-05 0.0562431 9.9946E-05 0.862768 9.9946E-05 9.9946E-05 0.0792644
9.9937E-05 9.9937E-05 9.9937E-05 0.0963711 9.9937E-05 0.0144537 0.888476 9.9937E-05 9.9937E-05 9.9937E-05
9.99459E-05 0.808124 9.99459E-05 9.99459E-05 9.99459E-05 0.0685228 0.114908 9.99459E-05 9.99459E-05 0.00784537
9.99459E-05 0.725622 0.248401 0.00476763 9.99459E-05 9.99459E-05 9.99459E-05 0.0206098 9.99459E-05 9.99459E-05
9.99459E-05 0.199502 9.99459E-05 9.99459E-05 0.0989441 9.99459E-05 0.185479 9.99459E-05 9.99459E-05 0.515476
9.99281E-05 9.99281E-05 9.99281E-05 9.99281E-05 9.99281E-05 9.99281E-05 0.213479 9.99281E-05 9.99281E-05 0.785721
0.0106332 0.133454 0.12286 0.0554851 9.9973E-05 9.9973E-05 0.147913 0.109656 9.9973E-05 0.419699
9.99371E-05 9.99371E-05 0.546831 9.99371E-05 9.99371E-05 9.99371E-05 9.99371E-05 0.049095 9.99371E-05 0.403375
9.9955E-05 0.486269 0.227557 9.9955E-05 9.9955E-05 9.9955E-05 0.0740557 0.111669 9.9955E-05 0.0999497
9.9946E-05 0.0413556 9.9946E-05 9.9946E-05 9.9946E-05 9.9946E-05 0.407064 0.189623 9.9946E-05 0.361358
0.000180767 0.56859 0.161904 9.9964E-05 0.0155321 9.9964E-05 9.9964E-05 0.111758 9.9964E-05 0.141636
0.0280824 0.0629919 0.222204 9.9973E-05 0.0250686 9.9973E-05 0.328051 0.0919441 9.9973E-05 0.241358
9.99459E-05 0.568557 9.99459E-05 9.99459E-05 9.99459E-05 9.99459E-05 0.251227 0.0421324 9.99459E-05 0.137483
0.00154438 0.079408 0.421053 9.9964E-05 0.0420304 0.0605414 0.395023 9.9964E-05 9.9964E-05 9.9964E-05
9.9955E-05 0.101169 0.733401 0.0869743 9.9955E-05 0.0101715 9.9955E-05 9.9955E-05 9.9955E-05 0.0677841
9.9946E-05 9.9946E-05 0.306417 9.9946E-05 0.0227878 0.0990004 0.571195 9.9946E-05 9.9946E-05 9.9946E-05
9.9955E-05 0.13975 0.256784 9.9955E-05 0.101982 9.9955E-05 0.491696 9.9955E-05 9.9955E-05 0.00928898
9.9937E-05 9.9937E-05 0.5272 9.9937E-05 0.00859113 9.9937E-05 0.463509 9.9937E-05 9.9937E-05 9.9937E-05
9.9946E-05 9.9946E-05 0.147829 9.9946E-05 9.9946E-05 9.9946E-05 0.612815 0.0382931 9.9946E-05 0.200463
9.9955E-05 0.386483 9.9955E-05 9.9955E-05 9.9955E-05 0.047614 0.474617 0.0347444 9.9955E-05 0.0560418
9.994E-05 9.994E-05 0.171657 0.132874 9.994E-05 0.00128767 0.693581 9.994E-05 9.994E-05 9.994E-05
0.784509 9.99641E-05 0.0549413 0.138695 9.99641E-05 0.00649128 9.99641E-05 0.00522503 0.00973851 9.99641E-05
9.9937E-05 9.9937E-05 0.0875296 0.068268 9.9937E-05 9.9937E-05 9.9937E-05 9.9937E-05 0.843503 9.9937E-05
0.145107 9.9937E-05 0.102182 9.9937E-05 9.9937E-05 9.9937E-05 9.9937E-05 9.9937E-05 0.752011 9.9937E-05
0.710091 9.9964E-05 0.0459032 9.9964E-05 0.128848 0.0806698 9.9964E-05 0.0292568 9.9964E-05 0.00483112
0.604134 9.9946E-05 9.9946E-05 9.9946E-05 9.9946E-05 0.268562 9.9946E-05 9.9946E-05 0.0678887 0.0588162
9.99372E-05 0.272812 9.99372E-05 9.99372E-05 9.99372E-05 0.429786 9.99372E-05 9.99372E-05 0.296703 9.99372E-05
9.99461E-05 0.13234 9.99461E-05 9.99461E-05 0.580119 0.122139 9.99461E-05 9.99461E-05 0.164802 9.99461E-05
9.99461E-05 9.99461E-05 9.99461E-05 9.99461E-05 0.518847 0.145384 9.99461E-05 9.99461E-05 0.259667 0.0755016
0.241135 0.0157337 9.9964E-05 0.0487499 0.557064 0.107146 9.9964E-05 9.9964E-05 0.0297719 9.9964E-05
0.179439 0.0416766 9.99549E-05 9.99549E-05 0.395762 0.118718 9.99549E-05 9.99549E-05 0.263904 9.99549E-05
0.0193468 9.9937E-05 0.0369051 9.9937E-05 0.943049 9.9937E-05 9.9937E-05 9.9937E-05 9.9937E-05 9.9937E-05
9.9937E-05 9.9937E-05 0.0167439 0.112028 0.870528 9.9937E-05 9.9937E-05 9.9937E-05 9.9937E-05 9.9937E-05
0.259879 9.99549E-05 9.99549E-05 0.177175 0.500445 9.99549E-05 9.99549E-05 0.00614036 9.99549E-05 0.0558618
0.0137745 0.0138408 9.9973E-05 9.9973E-05 0.831482 0.0358035 0.00204386 0.0543468 0.0484082 9.9973E-05
9.99549E-05 0.0572648 9.99549E-05 0.0399337 0.53127 0.35546 9.99549E-05 9.99549E-05 9.99549E-05 0.0155719
9.9964E-05 9.9964E-05 9.9964E-05 0.146339 0.645528 0.110397 9.9964E-05 0.0401571 0.0477092 0.00946914
0.100198 9.99641E-05 0.0223183 0.00452308 0.849884 9.99641E-05 9.99641E-05 9.99641E-05 0.0138645 0.00881196
0.0777793 9.9946E-05 0.0362893 9.9946E-05 0.831132 9.9946E-05 9.9946E-05 0.0541995 9.9946E-05 9.9946E-05
0.0758122 9.9964E-05 9.9964E-05 0.0641876 0.551854 9.9964E-05 9.9964E-05 0.0971951 0.204947 0.00560427
0.335848 9.996E-05 9.996E-05 9.996E-05 0.0906081 0.220521 9.996E-05 0.00978182 0.331551 0.0112895
0.482028 9.9937E-05 9.9937E-05 0.211846 9.9937E-05 9.9937E-05 9.9937E-05 9.9937E-05 0.305426 9.9937E-05
0.392045 9.9946E-05 9.9946E-05 9.9946E-05 9.9946E-05 0.0783022 9.9946E-05 0.0799995 0.449054 9.9946E-05
0.339919 9.9946E-05 9.9946E-05 9.9946E-05 0.0621016 0.0205895 9.9946E-05 9.9946E-05 0.57679 9.9946E-05
0.762392 0.063578 9.9955E-05 9.9955E-05 0.0073592 0.150647 0.0155249 9.9955E-05 9.9955E-05 9.9955E-05
0.86239 9.9955E-05 0.00123176 0.10385 9.9955E-05 0.0100309 9.9955E-05 0.0219977 9.9955E-05 9.9955E-05
0.702863 9.9946E-05 9.9946E-05 9.9946E-05 9.9946E-05 0.110565 9.9946E-05 0.169183 0.0167897 9.9946E-05
0.898181 9.9946E-05 0.0152774 9.9946E-05 9.9946E-05 0.0637447 9.9946E-05 9.9946E-05 9.9946E-05 0.0221969
0.826194 0.0330649 0.0389777 9.9964E-05 0.049508 0.0295671 9.9964E-05 0.0222883 9.9964E-05 9.9964E-05
0.733303 9.9946E-05 9.9946E-05 0.0715294 0.192821 9.9946E-05 9.9946E-05 9.9946E-05 0.00174777 9.9946E-05
0.812321 9.9937E-05 9.9937E-05 0.122933 9.9937E-05 9.9937E-05 9.9937E-05 0.0640465 9.9937E-05 9.9937E-05
0.848021 9.9946E-05 9.9946E-05 9.9946E-05 0.0754031 9.9946E-05 9.9946E-05 0.0348757 0.0411001 9.9946E-05
0.354036 9.99459E-05 9.99459E-05 0.357072 9.99459E-05 0.0645409 9.99459E-05 9.99459E-05 0.223752 9.99459E-05
0.372437 9.9955E-05 9.9955E-05 9.9955E-05 0.198539 0.11591 0.0315806 9.9955E-05 0.281034 9.9955E-05
0.605328 0.0601058 9.9973E-05 0.0784465 0.0754553 0.0448172 9.9973E-05 0.056823 0.0787244 9.9973E-05
0.57343 0.00609666 9.99641E-05 9.99641E-05 0.251615 0.0660892 9.99641E-05 0.0435436 0.0588258 9.99641E-05
0.698123 9.99551E-05 9.99551E-05 0.134449 0.00638186 0.00726298 9.99551E-05 9.99551E-05 0.153283 9.99551E-05
0.820482 9.9937E-05 9.9937E-05 9.9937E-05 9.9937E-05 9.9937E-05 9.9937E-05 0.0740188 0.104799 9.9937E-05
0.628938 0.00379456 9.9964E-05 0.00388954 0.219458 0.0526142 9.9964E-05 9.9964E-05 0.0909054 9.9964E-05
0.225596 0.0369137 9.9946E-05 9.9946E-05 9.9946E-05 9.9946E-05 9.9946E-05 0.0997907 0.6371 9.9946E-05
0.125398 0.0359952 0.00102955 9.9955E-05 0.213755 9.9955E-05 9.9955E-05 9.9955E-05 0.623322 9.9955E-05
0.535985 0.0492012 9.99551E-05 9.99551E-05 0.0187304 9.99551E-05 9.99551E-05 0.0295026 0.366081 9.99551E-05
0.758402 9.99461E-05 9.99461E-05 0.138594 0.0692295 9.99461E-05 9.99461E-05 9.99461E-05 0.0331744 9.99461E-05
0.650693 0.025832 0.0604958 0.00361077 0.182705 9.9973E-05 9.9973E-05 0.0323321 0.0440313 9.9973E-05
0.561898 9.9955E-05 9.9955E-05 9.9955E-05 0.173084 9.9955E-05 0.00460889 0.115168 0.144741 9.9955E-05
0.760054 9.9955E-05 9.9955E-05 9.9955E-05 0.0785359 0.021256 0.0210122 9.9955E-05 0.118642 9.9955E-05
0.56447 9.994E-05 9.994E-05 9.994E-05 9.994E-05 9.994E-05 0.115014 0.206718 9.994E-05 0.113197
0.587923 9.9937E-05 9.9937E-05 9.9937E-05 0.0191148 9.9937E-05 0.392263 9.9937E-05 9.9937E-05 9.9937E-05
0.660509 0.00567137 9.9955E-05 9.9955E-05 0.0673472 0.0974692 9.9955E-05 9.9955E-05 0.168503 9.9955E-05
0.307979 9.99369E-05 9.99369E-05 9.99369E-05 9.99369E-05 0.0567449 9.99369E-05 9.99369E-05 0.634577 9.99369E-05
0.377019 0.0859018 9.9955E-05 9.9955E-05 0.136124 9.9955E-05 9.9955E-05 0.0243889 0.376067 9.9955E-05
0.306539 9.9955E-05 9.9955E-05 9.9955E-05 0.0999393 9.9955E-05 9.9955E-05 0.000322083 0.579531 0.0131694
0.046443 9.9946E-05 9.9946E-05 0.0362214 9.9946E-05 0.0571728 9.9946E-05 9.9946E-05 0.859563 9.9946E-05
0.835125 9.9955E-05 9.9955E-05 0.0284492 9.9955E-05 0.0567337 9.9955E-05 9.9955E-05 0.0734508 0.00574145
0.284876 9.9955E-05 9.9955E-05 0.0571419 0.0607918 9.9955E-05 9.9955E-05 9.9955E-05 0.592004 0.00468752
0.585172 9.99369E-05 9.99369E-05 0.167094 9.99369E-05 9.99369E-05 9.99369E-05 9.99369E-05 0.247035 9.99369E-05
0.489713 0.000773534 9.9964E-05 0.17199 0.00238774 0.0345908 9.9964E-05 9.9964E-05 0.300145 9.9964E-05
0.550895 0.0835207 9.9937E-05 9.9937E-05 9.9937E-05 9.9937E-05 9.9937E-05 9.9937E-05 0.364885 9.9937E-05
9.9946E-05 0.570338 9.9946E-05 9.9946E-05 9.9946E-05 0.000427286 0.337384 9.9946E-05 0.0912511 9.9946E-05
9.9955E-05 0.160093 9.9955E-05 9.9955E-05 0.0182102 9.9955E-05 0.751339 9.9955E-05 0.00994446 0.0599135
9.9955E-05 0.134063 9.9955E-05 0.00712849 9.9955E-05 0.106955 0.655474 9.9955E-05 9.9955E-05 0.0958803
9.9937E-05 9.9937E-05 9.9937E-05 0.140143 9.9937E-05 9.9937E-05 0.8183 9.9937E-05 0.0408579 9.9937E-05
0.0598766 9.9955E-05 0.24941 9.9955E-05 0.0964665 9.9955E-05 0.537076 9.9955E-05 9.9955E-05 0.0566715
9.9937E-05 9.9937E-05 0.227649 0.0154581 9.9937E-05 9.9937E-05 0.756193 9.9937E-05 9.9937E-05 9.9937E-05
9.9955E-05 0.330285 0.203413 9.9955E-05 9.9955E-05 9.9955E-05 0.247007 9.9955E-05 0.00947967 0.209315
9.99459E-05 0.520791 0.195348 9.99459E-05 9.99459E-05 9.99459E-05 0.0898926 9.99459E-05 9.99459E-05 0.193369
9.99201E-05 0.999101 9.99201E-05 9.99201E-05 9.99201E-05 9.99201E-05 9.99201E-05 9.99201E-05 9.99201E-05 9.99201E-05
0.077734 0.0678937 0.404565 9.99639E-05 0.0117156 9.99639E-05 0.329611 9.99639E-05 9.99639E-05 0.108082
9.99201E-05 9.99201E-05 0.999101 9.99201E-05 9.99201E-05 9.99201E-05 9.99201E-05 9.99201E-05 9.99201E-05 9.99201E-05
9.9937E-05 9.9937E-05 0.631204 9.9937E-05 9.9937E-05 9.9937E-05 0.345714 0.0223821 9.9937E-05 9.9937E-05
0.00625144 9.9955E-05 0.869939 9.9955E-05 9.9955E-05 0.0299389 0.0524165 9.9955E-05 9.9955E-05 0.0409546
