0.0629218 9.9982E-05 9.9982E-05 0.560509 0.37637
0.317326 9.9991E-05 0.198778 0.0754262 0.40837
0.0792868 9.9991E-05 0.091952 0.371101 0.45756
9.999E-05 0.058845 0.146925 0.458636 0.335494
9.9982E-05 0.0782051 9.9982E-05 0.240955 0.68064
9.999E-05 0.00674206 0.0403825 0.582334 0.370441
0.932051 9.9973E-05 0.067649 9.9973E-05 9.9973E-05
0.651114 0.166475 9.9982E-05 9.9982E-05 0.182211
0.719919 0.255025 9.9982E-05 9.9982E-05 0.0248562
0.736515 0.209813 9.9982E-05 0.0534715 9.9982E-05
0.900705 0.0792195 9.9982E-05 9.9982E-05 0.0198759
0.894361 0.0416647 9.9982E-05 9.9982E-05 0.0637739
0.581549 0.418151 9.9973E-05 9.9973E-05 9.9973E-05
0.60661 0.387647 9.9982E-05 0.00554272 9.9982E-05
0.743934 0.21541 0.0404558 9.9982E-05 9.9982E-05
0.939417 0.0602834 9.99731E-05 9.99731E-05 9.99731E-05
9.999E-05 0.0701832 0.150235 0.494378 0.285104
9.999E-05 0.108181 0.64177 0.221722 0.0282274
9.9982E-05 0.0735888 0.212898 0.713313 9.9982E-05
9.999E-05 0.132417 0.119164 0.65358 0.0947394
9.999E-05 0.0673179 0.388311 0.365261 0.179009
9.9982E-05 0.0608668 0.324345 0.614588 9.9982E-05
0.277367 9.9982E-05 9.9982E-05 0.505456 0.216977
0.0798778 9.9982E-05 9.9982E-05 0.633648 0.286274
0.0625445 9.9982E-05 9.9982E-05 0.867771 0.0694844
9.9982E-05 9.9982E-05 0.0431233 0.803763 0.152913
9.9982E-05 0.15848 9.9982E-05 0.551982 0.289338
9.9982E-05 0.130874 9.9982E-05 0.521403 0.347522
0.0802696 0.0223566 0.222645 0.134741 0.539988
0.0432091 0.0766414 0.443745 0.152308 0.284096
0.144834 9.9982E-05 0.593729 0.261236 9.9982E-05
0.117378 0.0361609 0.216057 0.276532 0.353872
9.9982E-05 9.9982E-05 0.276152 0.433807 0.289842
0.144572 9.9973E-05 9.9973E-05 0.855128 9.9973E-05
0.296215 9.9982E-05 0.0382679 0.665317 9.9982E-05
0.145646 0.000908999 0.0788541 0.584256 0.190335
0.20769 0.19662 0.0939376 0.501653 9.9991E-05
0.16249 0.000538184 9.9991E-05 0.751685 0.085187
0.115119 0.014929 0.171348 0.698504 9.9991E-05
0.00915692 0.0843827 0.144152 0.762208 9.9991E-05
9.9982E-05 9.9982E-05 0.184065 0.472927 0.342808
9.9991E-05 0.118342 0.0595197 0.392786 0.429252
9.9991E-05 0.152996 0.185809 0.41288 0.248216
0.169245 0.0298663 9.9991E-05 0.288962 0.511826
9.9982E-05 9.9982E-05 0.0625688 0.618894 0.318338
9.9982E-05 9.9982E-05 0.125977 0.777313 0.0965096
9.9982E-05 0.157415 0.621288 0.221097 9.9982E-05
9.9991E-05 0.0598771 0.876842 0.00253085 0.0606505
9.997E-05 9.997E-05 0.9996 9.997E-05 9.997E-05
9.9982E-05 9.9982E-05 0.732385 0.0334734 0.233941
9.9982E-05 0.101839 0.671648 0.226313 9.9982E-05
0.181128 9.9991E-05 0.226159 0.467009 0.125604
9.9982E-05 0.144169 0.366995 0.488636 9.9982E-05
9.9991E-05 0.0248045 0.203581 0.701677 0.0698378
0.110166 9.9991E-05 0.154862 0.614297 0.120576
9.9982E-05 0.104008 9.9982E-05 0.744986 0.150806
0.538745 0.220109 9.9991E-05 0.209448 0.0315988
0.423525 0.407342 9.9991E-05 0.135777 0.0332564
0.00922758 0.892246 9.9991E-05 0.0233917 0.0750343
0.382939 0.497401 0.0913663 0.026253 0.00204127
0.421591 0.578109 9.9973E-05 9.9973E-05 9.9973E-05
0.16771 0.626264 0.190253 9.9991E-05 0.0156735
0.784185 9.9973E-05 0.215515 9.9973E-05 9.9973E-05
0.729808 0.0932124 0.0416377 0.135242 9.9991E-05
0.777081 0.196963 9.9982E-05 9.9982E-05 0.0257561
0.607074 0.392626 9.9973E-05 9.9973E-05 9.9973E-05
0.583191 0.255074 9.9982E-05 0.161535 9.9982E-05
0.289696 0.617031 9.99821E-05 0.0930727 9.99821E-05
0.740065 0.115285 9.9982E-05 0.14445 9.9982E-05
0.586945 0.376868 9.9982E-05 0.0359867 9.9982E-05
0.817427 0.0535696 9.9991E-05 0.125429 0.00347449
0.43922 0.492094 9.9982E-05 0.0684856 9.9982E-05
0.895461 0.0598965 9.9982E-05 9.9982E-05 0.0444428
0.204056 0.678892 0.0328353 9.9991E-05 0.084117
0.161764 0.715118 9.9982E-05 0.122918 9.9982E-05
0.167409 0.691855 0.110823 0.0298129 9.9991E-05
0.383593 0.55424 9.9982E-05 9.9982E-05 0.0619671
9.9982E-05 0.946763 0.0112038 9.9982E-05 0.0418331
0.350191 0.649509 9.9973E-05 9.9973E-05 9.9973E-05
0.742885 0.19262 0.0642944 9.9982E-05 9.9982E-05
0.0869045 0.766394 0.127152 0.0194496 9.9991E-05
9.9982E-05 0.109549 9.9982E-05 0.0666691 0.823582
0.142836 9.9982E-05 0.0404046 9.9982E-05 0.81656
0.162574 0.000204017 9.9982E-05 9.9982E-05 0.837022
9.9991E-05 0.141487 0.0473997 0.0105398 0.800473
9.9982E-05 0.0458654 0.27402 9.9982E-05 0.679915
0.0412888 9.99821E-05 0.767499 9.99821E-05 0.191012
0.181763 9.9991E-05 0.205031 0.0293785 0.583727
0.157219 9.9991E-05 0.232398 0.111944 0.498339
9.9991E-05 0.0799622 0.103811 0.0869128 0.729215
9.9973E-05 9.9973E-05 0.262163 9.9973E-05 0.737537
9.9982E-05 0.155411 9.9982E-05 0.113559 0.730831
9.9982E-05 0.105633 9.9982E-05 0.404269 0.489898
9.9982E-05 0.0628887 9.9982E-05 0.336182 0.600729
9.9991E-05 0.113872 0.0660924 0.281979 0.537956
0.0327422 0.0040777 0.476591 0.135361 0.351228
9.9991E-05 0.0464875 0.135834 0.432618 0.384961
9.9982E-05 0.121457 9.9982E-05 0.201893 0.67645
9.9982E-05 0.0918451 9.9982E-05 0.303756 0.604199
0.0854465 9.9982E-05 9.9982E-05 0.32331 0.591044
9.9982E-05 9.9982E-05 0.300883 0.0505045 0.648413
9.9982E-05 9.9982E-05 0.0910536 0.0777335 0.831013
9.9982E-05 9.9982E-05 0.0882988 0.078768 0.832733
0.022123 9.9982E-05 0.111025 9.9982E-05 0.866653
0.0373132 0.0357749 0.205109 9.9991E-05 0.721703
9.9982E-05 0.0400902 9.9982E-05 0.12649 0.83322
9.9991E-05 0.0417862 0.0563482 0.244284 0.657482
9.9982E-05 0.0817058 0.00926891 9.9982E-05 0.908825
9.9982E-05 0.109247 9.9982E-05 0.0411905 0.849363
9.9982E-05 0.050841 9.9982E-05 0.0701149 0.878844
9.9982E-05 0.0472641 9.9982E-05 0.147923 0.804613
9.9982E-05 0.0277878 9.9982E-05 0.0207848 0.951227
9.9982E-05 9.9982E-05 0.196666 0.161977 0.641157
9.9982E-05 0.0932812 0.105474 9.9982E-05 0.801045
0.0206759 9.9991E-05 0.089289 0.135057 0.754878
9.9991E-05 0.0265418 0.0919927 0.0614293 0.819936
9.9982E-05 0.0175895 0.111423 9.9982E-05 0.870787
9.9982E-05 0.0181702 9.9982E-05 0.0348859 0.946744
0.0268264 0.0141889 0.0899185 9.9991E-05 0.868966
0.157607 9.9991E-05 0.0106374 0.024953 0.806703
0.0701238 9.9982E-05 0.06561 9.9982E-05 0.864066
0.0671157 9.9982E-05 0.0308197 9.9982E-05 0.901865
9.9982E-05 0.0256945 9.9982E-05 0.0309273 0.943178
9.9982E-05 0.124464 9.9982E-05 0.0926946 0.782642
9.9982E-05 0.0843196 9.9982E-05 0.0635371 0.851943
0.00433997 0.0570697 0.00925699 9.9991E-05 0.929233
0.0586942 0.20711 9.9991E-05 0.141452 0.592644
0.106838 0.299565 9.9982E-05 9.9982E-05 0.593397
9.9973E-05 9.9973E-05 0.108802 9.9973E-05 0.890898
9.9973E-05 9.9973E-05 0.201285 9.9973E-05 0.798415
0.16895 9.9973E-05 9.9973E-05 9.9973E-05 0.83075
0.11366 9.9982E-05 9.9982E-05 0.00756612 0.878574
9.9973E-05 9.9973E-05 0.329841 9.9973E-05 0.669859
9.9982E-05 0.0456449 0.0805701 9.9982E-05 0.873585
0.0580213 9.9991E-05 0.129096 0.0639314 0.748851
0.0257537 9.9991E-05 0.0048178 0.0678929 0.901436
9.9982E-05 9.9982E-05 0.183632 0.110119 0.706048
0.116061 9.9982E-05 0.0494097 9.9982E-05 0.834329
0.706429 0.0546792 0.168194 9.9991E-05 0.0705978
0.498201 0.414395 0.0872042 9.9982E-05 9.9982E-05
0.508284 0.314169 0.177347 9.9982E-05 9.9982E-05
0.179536 0.661091 0.0705716 9.9991E-05 0.0887012
0.196987 0.642457 0.0264874 9.9991E-05 0.133968
0.234247 0.765454 9.9973E-05 9.9973E-05 9.9973E-05
0.618509 0.326785 9.9991E-05 0.0314385 0.0231679
0.782904 0.184392 9.9982E-05 9.9982E-05 0.0325038
0.829705 9.99731E-05 0.169995 9.99731E-05 9.99731E-05
0.278051 0.622136 9.9982E-05 9.9982E-05 0.0996136
9.99731E-05 0.96727 9.99731E-05 0.0324299 9.99731E-05
9.9973E-05 0.938188 9.9973E-05 0.0615125 9.9973E-05
0.0266234 0.922992 9.9991E-05 0.0152887 0.0349955
