0.00919107 0.2212 0.217631 9.9991E-05 0.000897408 0.176096 0.000548168 0.374337
0.309921 0.0717213 0.317932 9.999E-05 0.00849442 0.209991 0.0700692 0.0117716
0.10073 0.299611 0.0493008 9.9982E-05 9.9982E-05 0.303736 0.0168471 0.229576
9.996E-05 9.996E-05 0.194017 9.996E-05 0.0384452 0.584023 9.996E-05 0.183115
9.9955E-05 0.620133 9.9955E-05 9.9955E-05 9.9955E-05 0.215985 9.9955E-05 0.163382
9.9964E-05 0.0882993 0.0818307 9.9964E-05 9.9964E-05 0.545294 9.9964E-05 0.284176
0.260457 9.9964E-05 0.017813 9.9964E-05 0.628276 9.9964E-05 0.0930546 9.9964E-05
0.128742 0.110884 0.0692168 0.068458 0.531812 9.9991E-05 0.0906523 0.000134888
0.0779046 9.9964E-05 0.0332426 9.9964E-05 0.835628 0.0528249 9.9964E-05 9.9964E-05
0.0490946 9.9964E-05 0.0203344 9.9964E-05 0.864885 9.9964E-05 0.0652867 9.9964E-05
0.247944 9.9955E-05 0.0447533 9.9955E-05 0.706803 9.9955E-05 9.9955E-05 9.9955E-05
0.524124 0.0214972 9.997E-05 0.0223235 0.386969 9.997E-05 9.997E-05 0.0447864
0.091035 0.0257886 9.9973E-05 0.182336 0.681692 0.018849 9.9973E-05 9.9973E-05
9.99551E-05 0.0240577 9.99551E-05 0.0346069 0.940836 9.99551E-05 9.99551E-05 9.99551E-05
0.10157 9.9964E-05 9.9964E-05 9.9964E-05 0.803379 0.000447836 0.094204 9.9964E-05
0.327265 9.99551E-05 0.0656697 9.99551E-05 0.606566 9.99551E-05 9.99551E-05 9.99551E-05
9.9955E-05 0.334925 9.9955E-05 9.9955E-05 9.9955E-05 9.9955E-05 0.177833 0.486742
9.9982E-05 0.00340436 0.042828 0.0775682 9.9982E-05 0.0994458 0.65886 0.117694
0.0115355 0.0571498 0.0101637 0.0538405 9.999E-05 0.0340903 0.220253 0.612867
9.997E-05 0.169149 9.997E-05 0.0899384 9.997E-05 0.115463 0.168466 0.456683
9.997E-05 0.218725 9.997E-05 9.997E-05 0.0228447 0.110371 0.480022 0.167737
9.9964E-05 9.9964E-05 9.9964E-05 0.0293422 9.9964E-05 0.139116 0.4279 0.403242
0.24327 0.109157 0.119472 9.9964E-05 9.9964E-05 9.9964E-05 9.9964E-05 0.5277
0.0355541 0.245996 0.0941075 9.9964E-05 9.9964E-05 9.9964E-05 9.9964E-05 0.623943
9.99641E-05 0.133315 9.99641E-05 9.99641E-05 0.00556451 0.0495148 9.99641E-05 0.811206
9.9964E-05 0.0119223 0.182788 9.9964E-05 9.9964E-05 0.233056 9.9964E-05 0.571834
9.996E-05 0.390764 9.996E-05 0.0785175 9.996E-05 9.996E-05 0.00500891 0.52531
9.9973E-05 0.427269 9.9973E-05 0.0525928 0.0182655 0.0884015 9.9973E-05 0.413171
9.997E-05 0.348373 0.244176 9.997E-05 0.12362 0.0363066 0.247224 9.997E-05
9.997E-05 0.169403 0.194882 9.997E-05 0.112965 0.117859 0.404592 9.997E-05
0.275077 9.9955E-05 9.9955E-05 9.9955E-05 9.9955E-05 0.399215 0.325209 9.9955E-05
0.125841 0.238721 9.9973E-05 9.9973E-05 9.9973E-05 0.401198 0.202757 0.0311834
9.9964E-05 0.0999204 9.9964E-05 9.9964E-05 9.9964E-05 0.533709 0.207419 0.158551
9.9955E-05 9.9955E-05 0.141114 9.9955E-05 0.0391782 9.9955E-05 9.9955E-05 0.819208
0.320101 9.9955E-05 0.0790536 9.9955E-05 9.9955E-05 9.9955E-05 9.9955E-05 0.600346
0.093639 0.17266 9.9973E-05 9.9973E-05 9.9973E-05 0.109607 0.102511 0.521283
0.25586 9.996E-05 9.996E-05 0.185955 9.996E-05 0.138768 9.996E-05 0.419018
0.130283 0.171683 9.996E-05 0.0252643 9.996E-05 9.996E-05 9.996E-05 0.67237
0.0202674 9.9982E-05 0.12863 9.9982E-05 0.0605546 0.0705517 0.0908818 0.628915
9.997E-05 0.048803 9.997E-05 0.00843441 9.997E-05 0.180804 0.113456 0.648203
9.9955E-05 9.9955E-05 0.568734 9.9955E-05 9.9955E-05 0.328083 9.9955E-05 0.102684
9.998E-05 0.112842 0.233023 0.0903654 9.998E-05 0.406418 0.00513947 0.152012
9.997E-05 0.0640217 9.997E-05 0.0918761 9.997E-05 0.584671 0.105872 0.15326
9.9964E-05 9.9964E-05 0.525389 0.150683 9.9964E-05 0.175076 9.9964E-05 0.148453
9.9964E-05 9.9964E-05 0.208049 9.9964E-05 0.0240536 0.562975 9.9964E-05 0.204523
9.9964E-05 9.9964E-05 0.0142752 9.9964E-05 9.9964E-05 0.589074 0.116901 0.27935
9.9955E-05 9.9955E-05 9.9955E-05 0.0923444 9.9955E-05 9.9955E-05 0.616617 0.290539
0.0970713 9.9964E-05 0.159697 9.9964E-05 9.9964E-05 0.00294273 0.739889 9.9964E-05
0.045849 9.9955E-05 0.133483 9.9955E-05 9.9955E-05 9.9955E-05 0.820168 9.9955E-05
9.9946E-05 9.9946E-05 0.36002 9.9946E-05 9.9946E-05 9.9946E-05 0.63938 9.9946E-05
9.9973E-05 0.0222652 9.9973E-05 9.9973E-05 0.00771801 0.0309617 0.785777 0.152979
9.9973E-05 9.9973E-05 0.314272 0.017596 0.100454 9.9973E-05 0.183772 0.383607
9.996E-05 0.0545059 9.996E-05 0.0563706 9.996E-05 9.996E-05 0.459204 0.42952
9.996E-05 9.996E-05 0.288687 0.0230292 9.996E-05 9.996E-05 0.112994 0.574889
9.9964E-05 9.9964E-05 0.259869 9.9964E-05 0.0298382 9.9964E-05 0.120859 0.589033
9.997E-05 0.120794 9.997E-05 0.0636342 9.997E-05 0.194349 0.104663 0.51626
0.12034 9.9973E-05 0.0943068 0.166996 0.390722 9.9973E-05 9.9973E-05 0.227336
9.9964E-05 0.0546784 9.9964E-05 0.249088 0.567991 9.9964E-05 9.9964E-05 0.127843
9.9964E-05 9.9964E-05 0.0681864 0.891427 0.0262423 9.9964E-05 9.9964E-05 0.0137441
0.16074 9.9973E-05 0.118887 0.481092 0.207757 9.9973E-05 0.031225 9.9973E-05
0.2508 9.9964E-05 0.0441297 0.627713 0.0769575 9.9964E-05 9.9964E-05 9.9964E-05
0.172795 9.9973E-05 0.0152356 0.654408 9.9973E-05 9.9973E-05 0.149418 0.00784277
0.912433 9.9946E-05 9.9946E-05 9.9946E-05 9.9946E-05 9.9946E-05 0.0869673 9.9946E-05
0.75701 0.00281171 9.997E-05 0.17533 9.997E-05 0.00414649 9.997E-05 0.0604017
0.335934 9.9964E-05 9.9964E-05 0.125453 0.484778 0.0534356 9.9964E-05 9.9964E-05
0.0137002 9.9964E-05 9.9964E-05 0.0971035 0.826375 9.9964E-05 0.0624218 9.9964E-05
0.218447 9.9973E-05 9.9973E-05 0.229853 0.374228 0.0317149 9.9973E-05 0.145457
9.99551E-05 9.99551E-05 9.99551E-05 0.415514 0.519322 9.99551E-05 9.99551E-05 0.0646639
0.524766 9.9964E-05 9.9964E-05 0.161639 0.2051 9.9964E-05 9.9964E-05 0.108095
0.277141 9.9964E-05 9.9964E-05 0.342952 0.294225 9.9964E-05 9.9964E-05 0.0852828
0.648092 0.0221621 9.997E-05 0.116263 0.107978 9.997E-05 9.997E-05 0.105205
0.213942 0.050279 9.9973E-05 0.375339 0.253691 9.9973E-05 9.9973E-05 0.106449
0.711374 0.0179936 9.9964E-05 0.166137 0.104096 9.9964E-05 9.9964E-05 9.9964E-05
0.12973 0.0439352 9.9973E-05 0.711827 0.0174403 9.9973E-05 0.0967681 9.9973E-05
0.0212956 0.000664965 9.9991E-05 0.605461 0.209785 0.00439619 0.0265403 0.131757
0.149598 9.9955E-05 9.9955E-05 0.736755 9.9955E-05 9.9955E-05 0.113148 9.9955E-05
0.341962 9.9955E-05 9.9955E-05 0.60081 9.9955E-05 0.0567274 9.9955E-05 9.9955E-05
0.00508396 0.016516 9.9955E-05 0.9779 9.9955E-05 9.9955E-05 9.9955E-05 9.9955E-05
0.118502 9.9964E-05 0.0313522 0.571888 0.277857 9.9964E-05 9.9964E-05 9.9964E-05
0.591838 9.997E-05 9.997E-05 0.22583 0.102332 9.997E-05 0.0772897 0.00240956
0.128856 9.997E-05 9.997E-05 0.608465 0.0673039 0.114767 0.0803086 9.997E-05
9.99731E-05 0.804358 9.99731E-05 0.0086776 9.99731E-05 0.0840295 0.045742 0.056893
9.995E-05 0.0556662 0.83617 0.107664 9.995E-05 9.995E-05 9.995E-05 9.995E-05
9.9955E-05 0.202857 0.680534 0.116109 9.9955E-05 9.9955E-05 9.9955E-05 9.9955E-05
9.996E-05 0.780685 9.996E-05 9.996E-05 0.0667945 0.0260668 0.126054 9.996E-05
9.9964E-05 0.526432 0.120398 9.9964E-05 0.0515772 9.9964E-05 0.301193 9.9964E-05
0.218108 9.99551E-05 0.375223 9.99551E-05 9.99551E-05 9.99551E-05 0.406169 9.99551E-05
0.12908 0.00365094 0.245982 9.99641E-05 9.99641E-05 0.620887 9.99641E-05 9.99641E-05
0.0143739 9.997E-05 0.373646 9.997E-05 0.0733298 0.503847 0.0345033 9.997E-05
9.9955E-05 0.388548 9.9955E-05 9.9955E-05 9.9955E-05 0.537893 0.0730593 9.9955E-05
0.0677607 0.403911 0.277302 9.997E-05 9.997E-05 0.166108 0.0846182 9.997E-05
9.9955E-05 0.293983 9.9955E-05 0.0289784 9.9955E-05 0.676538 9.9955E-05 9.9955E-05
9.9964E-05 0.100917 9.9964E-05 0.0135576 9.9964E-05 0.844282 9.9964E-05 0.0408433
9.996E-05 0.373477 9.996E-05 9.996E-05 0.0276725 0.52392 9.996E-05 0.0745307
0.0406851 0.226469 0.0456047 0.0131145 9.9973E-05 0.673827 9.9973E-05 9.9973E-05
0.0292 9.99549E-05 9.99549E-05 9.99549E-05 9.99549E-05 0.619748 0.350553 9.99549E-05
9.9982E-05 0.185425 0.0340314 9.9982E-05 0.0111036 0.619834 0.0906875 0.0587188
9.9964E-05 0.386775 9.9964E-05 0.0123223 0.0116684 0.588835 9.9964E-05 9.9964E-05
9.9964E-05 0.321826 9.9964E-05 0.000851381 9.9964E-05 0.611749 9.9964E-05 0.0651738
9.9973E-05 0.234245 0.190459 9.9973E-05 0.036602 0.487169 9.9973E-05 0.0512247
9.9973E-05 0.350729 0.360588 9.9973E-05 0.0174821 0.0646771 0.206225 9.9973E-05
9.9964E-05 0.500748 0.390243 9.9964E-05 9.9964E-05 0.0312711 0.0773376 9.9964E-05
9.9964E-05 0.43232 0.492177 9.9964E-05 9.9964E-05 9.9964E-05 0.0355824 0.0395208
9.9955E-05 0.459015 0.526331 9.9955E-05 9.9955E-05 9.9955E-05 0.0141543 9.9955E-05
0.0355086 0.780064 9.9955E-05 9.9955E-05 9.9955E-05 9.9955E-05 0.183927 9.9955E-05
9.9955E-05 0.823647 9.9955E-05 9.9955E-05 9.9955E-05 9.9955E-05 0.0781079 0.0977452
9.9964E-05 0.650666 0.0184388 9.9964E-05 9.9964E-05 9.9964E-05 0.128005 0.202491
9.995E-05 0.899416 9.995E-05 9.995E-05 0.014705 9.995E-05 0.0853798 9.995E-05
9.996E-05 0.856541 9.996E-05 9.996E-05 0.0275982 0.089013 0.0264474 9.996E-05
0.00065677 0.786774 0.0389531 9.997E-05 9.997E-05 0.155618 9.997E-05 0.017699
9.9946E-05 0.860815 9.9946E-05 9.9946E-05 9.9946E-05 9.9946E-05 9.9946E-05 0.138585
9.9955E-05 0.899412 0.0772191 9.9955E-05 9.9955E-05 9.9955E-05 9.9955E-05 0.0228691
9.99729E-05 0.333048 0.309591 9.99729E-05 9.99729E-05 0.204612 0.103291 0.0491585
9.997E-05 0.48033 0.270709 0.0700546 9.997E-05 0.110354 0.0682515 9.997E-05
9.997E-05 0.552825 0.171121 9.997E-05 9.997E-05 0.129944 0.0793188 0.0664918
9.99731E-05 0.738815 0.0326886 9.99731E-05 9.99731E-05 0.141251 0.0583759 0.02857
9.997E-05 0.67764 0.178373 9.997E-05 0.00335482 0.0889892 0.051343 9.997E-05
9.9955E-05 0.849129 0.104366 9.9955E-05 9.9955E-05 9.9955E-05 9.9955E-05 0.0460053
9.9964E-05 0.725686 0.111139 9.9964E-05 9.9964E-05 0.102061 0.0607139 9.9964E-05
0.0940561 0.264289 0.598168 9.996E-05 9.996E-05 9.996E-05 9.996E-05 0.0430869
0.0830262 0.361759 0.528271 9.9964E-05 9.9964E-05 0.0265431 9.9964E-05 9.9964E-05
0.0820455 0.629025 0.287533 9.9964E-05 9.9964E-05 9.9964E-05 9.9964E-05 0.000996531
9.9955E-05 0.833693 0.0431263 9.9955E-05 9.9955E-05 0.122681 9.9955E-05 9.9955E-05
0.0196993 0.714842 0.0523197 0.0266791 0.0311732 0.12493 9.999E-05 0.030256
0.0618076 0.755853 0.118206 9.9973E-05 9.9973E-05 0.0154167 9.9973E-05 0.0484169
0.0172748 0.871776 0.0448829 9.9964E-05 9.9964E-05 9.9964E-05 0.0656666 9.9964E-05
9.9964E-05 0.61464 9.9964E-05 0.0369488 0.206528 9.9964E-05 9.9964E-05 0.141483
0.083581 0.612387 9.9955E-05 0.303532 9.9955E-05 9.9955E-05 9.9955E-05 9.9955E-05
9.9955E-05 0.742792 0.140994 9.9955E-05 9.9955E-05 9.9955E-05 0.115714 9.9955E-05
9.9973E-05 0.257899 0.668941 9.9973E-05 0.00499708 0.0266107 0.0412525 9.9973E-05
0.116113 0.495187 0.3882 9.9955E-05 9.9955E-05 9.9955E-05 9.9955E-05 9.9955E-05
9.9964E-05 0.376347 0.594674 9.9964E-05 0.0154804 0.0130986 9.9964E-05 9.9964E-05
9.9955E-05 0.0500203 0.866886 9.9955E-05 9.9955E-05 9.9955E-05 0.0825936 9.9955E-05
9.9955E-05 0.787567 0.0921849 9.9955E-05 9.9955E-05 9.9955E-05 0.119748 9.9955E-05
9.9964E-05 0.336754 0.62989 9.9964E-05 9.9964E-05 0.0268284 0.00612749 9.9964E-05
9.996E-05 0.610096 0.31059 9.996E-05 0.000854046 0.0780605 9.996E-05 9.996E-05
9.9964E-05 0.450845 0.321505 9.9964E-05 9.9964E-05 0.105473 0.121777 9.9964E-05
0.0553174 0.573843 0.37034 9.9955E-05 9.9955E-05 9.9955E-05 9.9955E-05 9.9955E-05
0.753029 9.9964E-05 0.0625537 0.171328 9.9964E-05 9.9964E-05 0.0126898 9.9964E-05
0.410278 9.9973E-05 0.0198027 0.455471 0.0779909 9.9973E-05 0.0361572 9.9973E-05
0.421874 9.99639E-05 9.99639E-05 0.321323 0.15127 9.99639E-05 0.105133 9.99639E-05
0.0639717 9.99729E-05 0.122643 0.660485 0.0756046 9.99729E-05 0.0769959 9.99729E-05
0.0324687 0.0119639 0.0573998 0.667935 0.134525 0.0733276 0.0222796 9.999E-05
0.123538 9.9964E-05 9.9964E-05 0.76091 0.0962198 9.9964E-05 0.0189322 9.9964E-05
0.387674 0.000925573 0.0704637 0.367626 0.165179 0.00793162 9.9982E-05 9.9982E-05
0.620842 9.9955E-05 9.9955E-05 0.232432 0.146226 9.9955E-05 9.9955E-05 9.9955E-05
0.932828 9.99462E-05 0.0665723 9.99462E-05 9.99462E-05 9.99462E-05 9.99462E-05 9.99462E-05
0.139996 0.0726688 9.997E-05 0.666402 0.09155 9.997E-05 0.029083 9.997E-05
9.99551E-05 9.99551E-05 9.99551E-05 0.881086 0.0587625 9.99551E-05 9.99551E-05 0.0596514
9.99461E-05 9.99461E-05 9.99461E-05 0.941122 9.99461E-05 9.99461E-05 9.99461E-05 0.0582788
9.99551E-05 9.99551E-05 9.99551E-05 0.885883 0.0933269 0.0202907 9.99551E-05 9.99551E-05
