0.413442 0.430693 9.9991E-05 0.155765
0.133697 0.361516 9.9991E-05 0.504687
0.355723 0.45602 0.0164209 0.171836
0.509622 0.363046 9.9991E-05 0.127232
0.305727 0.659818 0.0343553 9.9991E-05
0.631779 0.368021 9.9982E-05 9.9982E-05
9.9982E-05 9.9982E-05 0.482328 0.517472
0.0015548 0.149974 0.532486 0.315985
9.9982E-05 9.9982E-05 0.664866 0.334934
9.9982E-05 9.9982E-05 0.62827 0.37153
9.9982E-05 9.9982E-05 0.551573 0.448227
9.999E-05 0.00411851 0.530823 0.464959
9.9982E-05 9.9982E-05 0.802326 0.197474
0.0266937 9.9991E-05 0.77236 0.200847
9.9982E-05 9.9982E-05 0.602494 0.397306
9.9982E-05 9.9982E-05 0.565889 0.433911
0.585332 0.276378 0.0219861 0.116304
0.537932 0.00483423 0.0282494 0.428985
0.743961 9.9991E-05 0.113676 0.142263
0.78257 0.118431 0.0988987 9.9991E-05
0.543496 0.198112 0.0204597 0.237933
0.766501 9.9991E-05 0.0258696 0.207529
0.464028 0.223976 0.0834041 0.228592
0.546253 0.348402 0.090889 0.0144558
0.761702 0.173619 0.0645799 9.9991E-05
0.786532 0.16631 9.9991E-05 0.0470582
0.573468 0.285175 0.141257 9.9991E-05
0.52492 0.381689 0.093291 9.9991E-05
0.2188 0.534878 0.00892331 0.237399
0.26638 0.374868 0.0372734 0.321478
0.438321 9.9982E-05 9.9982E-05 0.561479
0.366319 0.353788 0.0525527 0.227341
0.513243 0.31451 9.9991E-05 0.172147
0.846954 0.00618297 0.0541436 0.0927189
0.587938 9.9982E-05 9.9982E-05 0.411862
0.684277 0.125953 0.0531457 0.136625
0.498144 9.9991E-05 0.304773 0.196983
0.707534 0.0932469 0.124749 0.0744705
0.73446 9.9991E-05 0.035773 0.229667
0.813398 0.0163329 0.0845338 0.0857351
0.427934 0.317853 9.9991E-05 0.254114
0.395694 0.462563 0.0966816 0.0450614
0.488439 0.312253 0.14341 0.0558975
0.195007 0.56719 0.179263 0.0585393
0.566346 0.339242 9.9991E-05 0.094312
0.755391 0.101135 9.9991E-05 0.143374
0.580744 9.9991E-05 0.0274379 0.391718
0.280316 0.0897996 0.00451092 0.625374
0.215186 0.0116183 9.9991E-05 0.773096
0.221728 0.259384 9.9991E-05 0.518788
0.537904 9.9982E-05 9.9982E-05 0.461896
0.516493 0.150992 0.0567439 0.275771
0.732432 9.9991E-05 0.0521107 0.215358
0.728086 0.103275 9.9991E-05 0.168539
0.744458 0.0215132 9.9991E-05 0.233929
0.827082 0.09925 0.0735676 9.9991E-05
0.219907 0.0322822 0.5557 0.19211
0.0893427 0.0844845 0.755635 0.0705373
9.9982E-05 0.069916 0.929884 9.9982E-05
0.0412709 9.9991E-05 0.732944 0.225685
9.9991E-05 0.00771844 0.834902 0.15728
0.113017 0.0195641 0.725957 0.141462
9.9982E-05 9.9982E-05 0.23044 0.76936
0.0440616 0.00240727 0.498352 0.455179
9.9982E-05 9.9982E-05 0.661433 0.338367
9.9982E-05 9.9982E-05 0.785594 0.214206
0.0809513 9.9991E-05 0.645246 0.273702
0.081448 9.99821E-05 0.918352 9.99821E-05
0.0152269 9.9991E-05 0.545014 0.439659
9.9982E-05 9.9982E-05 0.783775 0.216025
9.9991E-05 0.0154736 0.521561 0.462865
0.0798363 0.0126328 0.778413 0.129117
9.9982E-05 9.9982E-05 0.538736 0.461064
0.0328846 0.0705727 0.85013 0.0464126
0.209966 9.9982E-05 0.789834 9.9982E-05
0.10314 9.9991E-05 0.809328 0.0874321
9.9991E-05 0.0388233 0.7909 0.170177
9.998E-05 9.998E-05 0.9997 9.998E-05
9.9982E-05 9.9982E-05 0.885521 0.114279
9.9982E-05 9.9982E-05 0.574804 0.424996
0.000866196 0.0701727 0.837669 0.0912918
0.0534439 0.866421 0.0800347 9.9991E-05
0.0289204 0.702036 0.0103791 0.258665
9.9991E-05 0.772896 0.0512805 0.175723
0.0324439 0.814698 0.152759 9.9991E-05
0.0146273 0.767337 0.0209853 0.197051
9.9982E-05 0.23798 9.9982E-05 0.76182
0.103488 0.559373 0.0441478 0.292991
0.134194 0.533122 0.00923195 0.323452
0.11234 0.73742 0.0646302 0.0856102
9.9982E-05 0.724493 9.9982E-05 0.275307
0.0713056 0.754468 0.174126 9.9991E-05
0.456158 0.492354 0.0513877 9.9991E-05
0.324516 0.625524 0.0498598 9.9991E-05
0.298793 0.57331 0.088217 0.0396798
0.23467 0.375475 0.0274923 0.362363
0.378254 0.474689 0.0225704 0.124487
0.204332 0.673973 0.121595 9.9991E-05
0.334722 0.569727 0.095451 9.9991E-05
0.311321 0.602207 0.0236319 0.0628409
0.101955 0.712849 9.9991E-05 0.185096
0.0647462 0.872751 9.9991E-05 0.0624033
0.0916065 0.802655 9.9991E-05 0.105638
9.9982E-05 0.810893 9.9982E-05 0.188907
9.9991E-05 0.8038 0.042788 0.153312
0.183381 0.801423 0.0150968 9.9991E-05
0.313422 0.686378 9.9982E-05 9.9982E-05
9.9982E-05 0.929251 0.0705492 9.9982E-05
0.0246921 0.863959 0.111249 9.9991E-05
0.0503508 0.903584 0.0459654 9.9991E-05
0.0976187 0.85665 0.0456314 9.9991E-05
0.0130466 0.973083 0.0137699 9.9991E-05
0.223504 0.650705 9.9991E-05 0.125691
0.0782067 0.791753 0.0661003 0.0639398
0.141633 0.760362 9.9991E-05 0.0979045
0.0496659 0.859564 0.0304806 0.0602891
9.9991E-05 0.939585 0.0369909 0.0233237
0.0284937 0.961221 0.0101851 9.9991E-05
0.00931976 0.914527 0.00232967 0.0738237
9.9982E-05 0.716137 9.9982E-05 0.283663
9.9982E-05 0.767027 9.9982E-05 0.232774
0.0163738 0.822305 0.0220545 0.139267
0.00144519 0.99279 0.00566523 9.9991E-05
0.057241 0.802493 0.140166 9.9991E-05
0.058176 0.860958 0.0807657 9.9991E-05
9.9991E-05 0.940025 0.056109 0.003766
0.0221278 0.654272 0.3235 9.9991E-05
9.9982E-05 0.613648 0.386152 9.9982E-05
9.9982E-05 0.885419 9.9982E-05 0.114381
9.9982E-05 0.773576 9.9982E-05 0.226224
9.9991E-05 0.777901 0.0122481 0.209751
9.9982E-05 0.851024 9.9982E-05 0.148776
9.9982E-05 0.642527 9.9982E-05 0.357273
9.9991E-05 0.95453 0.0244177 0.0209528
9.9982E-05 0.803541 9.9982E-05 0.196259
0.0477192 0.896681 0.0259037 0.0296966
0.107995 0.737858 9.9991E-05 0.154047
9.9982E-05 0.820895 9.9982E-05 0.178905
9.9982E-05 9.9982E-05 0.408713 0.591087
9.9982E-05 9.9982E-05 0.725572 0.274228
9.9982E-05 9.9982E-05 0.637265 0.362535
9.9991E-05 0.114422 0.754327 0.131151
9.9991E-05 0.13804 0.811487 0.0503731
9.9991E-05 0.0263416 0.953215 0.0203429
9.9991E-05 0.00234103 0.717904 0.279655
9.9982E-05 9.9982E-05 0.544763 0.455037
9.9982E-05 9.9982E-05 0.168853 0.830947
9.9991E-05 0.109136 0.843161 0.0476031
0.0658907 9.9982E-05 0.933909 9.9982E-05
0.0750816 9.9982E-05 0.924718 9.9982E-05
0.0410846 0.00680497 0.95201 9.9991E-05
