0.121226 0.0344924 9.9982E-05 0.0137345 0.388918 0.196514 0.244915 9.9982E-05
0.0965582 0.360648 9.9982E-05 0.122769 0.0449696 0.0715979 0.303257 9.9982E-05
0.249169 0.111785 9.9982E-05 0.0705237 0.211572 0.302062 0.0546871 9.9982E-05
0.624614 9.9964E-05 9.9964E-05 0.0493189 0.180284 9.9964E-05 0.145383 9.9964E-05
0.14918 0.000594636 9.9964E-05 9.9964E-05 0.164324 0.685501 9.9964E-05 9.9964E-05
0.497065 9.9964E-05 9.9964E-05 0.0363513 0.299802 0.166382 9.9964E-05 9.9964E-05
9.99549E-05 0.327702 0.604737 0.0670614 9.99549E-05 9.99549E-05 9.99549E-05 9.99549E-05
9.998E-05 0.127743 0.606845 0.0664276 0.0198066 0.152683 0.0262946 9.998E-05
0.0634471 0.0786966 0.826324 0.0146818 9.9973E-05 9.9973E-05 0.0165508 9.9973E-05
9.9964E-05 0.056826 0.833229 0.077588 9.9964E-05 9.9964E-05 0.0319573 9.9964E-05
9.99549E-05 0.277646 0.699966 9.99549E-05 9.99549E-05 9.99549E-05 0.0218882 9.99549E-05
9.99639E-05 0.539419 0.31025 9.99639E-05 9.99639E-05 0.0693965 9.99639E-05 0.0805339
0.0353356 0.0699041 0.740072 9.9964E-05 9.9964E-05 9.9964E-05 9.9964E-05 0.154288
9.99461E-05 9.99461E-05 0.970576 9.99461E-05 9.99461E-05 0.0288246 9.99461E-05 9.99461E-05
0.00445267 0.194274 0.73406 0.053004 9.9973E-05 9.9973E-05 0.0139088 9.9973E-05
9.99551E-05 0.325612 0.644747 9.99551E-05 9.99551E-05 9.99551E-05 0.029142 9.99551E-05
9.9964E-05 0.0445952 9.9964E-05 0.127269 0.448771 0.378966 9.9964E-05 9.9964E-05
9.9964E-05 9.9964E-05 9.9964E-05 0.585838 0.218182 0.0985519 9.9964E-05 0.097028
0.145028 0.0168118 9.997E-05 0.150013 0.646878 9.997E-05 9.997E-05 0.0409699
0.106552 9.9973E-05 9.9973E-05 0.154395 0.449005 0.20634 9.9973E-05 0.083409
0.0384071 9.99729E-05 9.99729E-05 0.490106 0.201404 0.223696 9.99729E-05 0.0460864
0.0981984 9.9973E-05 9.9973E-05 0.389586 0.454129 0.00635832 9.9973E-05 0.0514279
9.9964E-05 0.254383 9.9964E-05 9.9964E-05 0.480191 0.21852 0.0465054 9.9964E-05
9.9964E-05 0.0437982 9.9964E-05 9.9964E-05 0.554632 0.266631 0.134539 9.9964E-05
9.99641E-05 9.99641E-05 0.0185132 9.99641E-05 0.784478 0.175762 0.0208465 9.99641E-05
0.170706 9.9964E-05 9.9964E-05 9.9964E-05 0.605783 0.113681 0.10943 9.9964E-05
9.9955E-05 9.9955E-05 9.9955E-05 9.9955E-05 0.458869 0.440105 9.9955E-05 0.100527
0.0774678 9.9973E-05 0.0403358 9.9973E-05 0.417856 0.447694 9.9973E-05 0.0163456
9.997E-05 9.997E-05 0.109116 0.321895 0.0439402 0.367562 0.157187 9.997E-05
9.9973E-05 9.9973E-05 0.119238 0.425211 0.0404761 0.321367 0.0934087 9.9973E-05
0.302748 0.340399 9.9964E-05 0.33923 0.0172228 9.9964E-05 9.9964E-05 9.9964E-05
0.242338 0.173998 9.9973E-05 0.213219 0.0825581 0.287588 9.9973E-05 9.9973E-05
0.415342 0.0149064 9.9973E-05 0.212881 0.226512 0.130059 9.9973E-05 9.9973E-05
0.0010867 0.051348 0.0151965 9.9973E-05 0.807962 9.9973E-05 0.124107 9.9973E-05
9.9955E-05 0.313049 9.9955E-05 9.9955E-05 0.662431 9.9955E-05 0.0240199 9.9955E-05
0.00257612 0.0762084 9.9982E-05 0.0997576 0.525709 0.27934 9.9982E-05 0.0162094
0.190013 0.272806 9.9964E-05 9.9964E-05 0.33467 9.9964E-05 9.9964E-05 0.202111
0.0753428 0.0921242 9.9973E-05 9.9973E-05 0.598846 0.163952 9.9973E-05 0.0694351
0.106454 9.9982E-05 0.053179 0.145178 0.599323 9.9982E-05 0.090529 0.00513649
0.171001 9.9964E-05 9.9964E-05 0.134649 0.639568 0.0543822 9.9964E-05 9.9964E-05
0.314381 9.9955E-05 9.9955E-05 9.9955E-05 0.167011 9.9955E-05 0.518108 9.9955E-05
0.45049 9.9982E-05 9.9982E-05 0.0175356 0.163725 0.0285964 0.265057 0.0743954
0.576322 9.9973E-05 9.9973E-05 0.127208 0.173702 0.0309904 9.9973E-05 0.091478
0.242989 9.9964E-05 9.9964E-05 9.9964E-05 0.133068 9.9964E-05 0.49328 0.130263
0.46921 9.9964E-05 0.00178524 9.9964E-05 0.314054 9.9964E-05 0.214551 9.9964E-05
0.531524 9.99551E-05 9.99551E-05 0.0650312 0.402945 9.99551E-05 9.99551E-05 9.99551E-05
9.9955E-05 9.9955E-05 9.9955E-05 0.569923 0.335083 9.9955E-05 9.9955E-05 0.0944941
0.00147417 0.123497 9.9973E-05 0.759935 9.9973E-05 9.9973E-05 0.0841281 0.030666
9.9955E-05 0.0967553 9.9955E-05 0.860929 9.9955E-05 9.9955E-05 0.0418156 9.9955E-05
9.9955E-05 9.9955E-05 9.9955E-05 0.68482 0.0435667 9.9955E-05 0.271114 9.9955E-05
9.99639E-05 9.99639E-05 0.0463754 0.750634 0.174784 9.99639E-05 9.99639E-05 0.0278061
9.997E-05 9.997E-05 0.101268 0.124042 0.413621 9.997E-05 0.343306 0.0174633
9.996E-05 9.996E-05 9.996E-05 0.398003 0.44529 0.0515963 9.996E-05 0.104711
9.996E-05 9.996E-05 9.996E-05 0.0550201 0.591783 9.996E-05 0.298773 0.0540246
9.99639E-05 9.99639E-05 0.036722 0.0671531 0.592013 9.99639E-05 0.303712 9.99639E-05
0.172771 9.9973E-05 9.9973E-05 0.00555689 0.549749 0.197671 9.9973E-05 0.0739525
9.9973E-05 0.0975475 0.44119 9.9973E-05 0.18334 9.9973E-05 0.0856043 0.192018
9.996E-05 9.996E-05 0.58443 9.996E-05 0.0993343 0.0821962 9.996E-05 0.233639
9.9964E-05 9.9964E-05 0.102006 9.9964E-05 0.0107718 0.0592663 9.9964E-05 0.827556
9.9973E-05 0.137173 0.207388 9.9973E-05 0.00775663 9.9973E-05 0.126973 0.520409
9.9964E-05 0.21963 0.138642 9.9964E-05 9.9964E-05 9.9964E-05 0.0357718 0.605556
9.9964E-05 0.180001 9.9964E-05 0.108793 9.9964E-05 9.9964E-05 0.0196383 0.691167
9.995E-05 0.899103 0.00784684 0.0925501 9.995E-05 9.995E-05 9.995E-05 9.995E-05
9.99639E-05 0.732281 9.99639E-05 9.99639E-05 0.0716946 0.00989434 9.99639E-05 0.18573
0.0811739 0.277735 0.569232 9.9964E-05 9.9964E-05 9.9964E-05 9.9964E-05 0.0714597
9.9964E-05 0.0132853 0.894674 0.0132777 9.9964E-05 9.9964E-05 9.9964E-05 0.0783628
9.9973E-05 0.156598 0.4788 9.9973E-05 0.137966 0.0290868 9.9973E-05 0.19725
9.99552E-05 9.99552E-05 0.55008 9.99552E-05 0.0730735 9.99552E-05 9.99552E-05 0.376347
9.9964E-05 0.527596 0.250814 9.9964E-05 0.0771995 9.9964E-05 9.9964E-05 0.143991
9.9964E-05 0.253532 0.361497 9.9964E-05 0.0698904 9.9964E-05 9.9964E-05 0.314681
9.9973E-05 0.639805 0.0832505 9.9973E-05 0.0878705 0.0302341 9.9973E-05 0.15854
9.997E-05 0.217733 0.198622 9.997E-05 0.142463 0.00347798 9.997E-05 0.437405
9.9964E-05 0.690596 0.0716061 9.9964E-05 9.9964E-05 0.038669 9.9964E-05 0.198729
9.9964E-05 0.164219 9.9964E-05 0.0845884 9.9964E-05 0.033314 9.9964E-05 0.717479
9.9964E-05 9.9964E-05 0.180938 9.9964E-05 0.151723 0.00916934 9.9964E-05 0.65777
0.00601115 0.167184 9.997E-05 0.0414645 0.00457554 9.997E-05 9.997E-05 0.780465
0.0663283 0.298025 9.9955E-05 9.9955E-05 9.9955E-05 9.9955E-05 9.9955E-05 0.635147
0.0147249 9.9955E-05 9.9955E-05 9.9955E-05 9.9955E-05 0.00824114 9.9955E-05 0.976534
9.9973E-05 0.0756826 0.352105 9.9973E-05 0.0302308 9.9973E-05 0.00722887 0.534453
9.99639E-05 0.564281 0.108494 0.0528683 9.99639E-05 9.99639E-05 9.99639E-05 0.273957
0.0707293 0.00983401 0.163414 0.119104 9.997E-05 9.997E-05 9.997E-05 0.636618
0.0111745 9.998E-05 9.998E-05 0.0233009 0.108777 0.848321 0.0033027 0.00492348
9.9955E-05 9.9955E-05 9.9955E-05 9.9955E-05 9.9955E-05 0.0290469 0.871562 0.0988911
9.9955E-05 9.9955E-05 9.9955E-05 9.9955E-05 9.9955E-05 0.0980176 0.790721 0.110762
0.135975 9.996E-05 0.0217958 0.122613 9.996E-05 0.719217 9.996E-05 9.996E-05
9.9964E-05 9.9964E-05 0.0264721 0.346742 9.9964E-05 0.578449 0.0479369 9.9964E-05
9.99551E-05 0.123635 9.99551E-05 0.646162 9.99551E-05 9.99551E-05 0.229703 9.99551E-05
0.616518 0.106962 0.00409639 0.0638278 9.99731E-05 9.99731E-05 0.208297 9.99731E-05
0.523504 9.996E-05 0.0617065 0.132899 9.996E-05 9.996E-05 0.28149 9.996E-05
0.596681 9.9964E-05 9.9964E-05 0.0810779 9.9964E-05 0.256087 0.0657535 9.9964E-05
0.313144 0.0246364 9.997E-05 0.175034 9.997E-05 0.209661 0.277225 9.997E-05
0.82421 9.9964E-05 0.00900023 9.9964E-05 9.9964E-05 0.138399 9.9964E-05 0.0279909
0.941964 9.9946E-05 9.9946E-05 9.9946E-05 0.0574365 9.9946E-05 9.9946E-05 9.9946E-05
0.532396 9.99639E-05 0.0313218 9.99639E-05 0.0765412 0.359341 9.99639E-05 9.99639E-05
0.725944 0.0498232 9.9973E-05 9.9973E-05 0.0328173 0.176527 9.9973E-05 0.0145881
0.591414 0.00217609 9.99549E-05 0.40591 9.99549E-05 9.99549E-05 9.99549E-05 9.99549E-05
0.708221 9.9973E-05 9.9973E-05 0.134637 0.080689 0.0684252 0.00772711 9.9973E-05
0.736247 9.9955E-05 9.9955E-05 9.9955E-05 9.9955E-05 0.242583 9.9955E-05 0.0206704
0.623505 0.012895 9.997E-05 9.997E-05 0.0724633 0.286576 9.997E-05 0.00426087
0.552124 9.997E-05 0.0304774 9.997E-05 0.0728418 0.12377 0.220487 9.997E-05
0.0689483 9.9973E-05 9.9973E-05 0.25809 0.0279092 0.336176 0.308577 9.9973E-05
0.0507847 9.9973E-05 9.9973E-05 0.0449104 0.007276 0.50081 0.395919 9.9973E-05
9.9964E-05 9.9964E-05 9.9964E-05 0.0577328 0.0100466 0.46028 0.471541 9.9964E-05
0.00826347 9.9964E-05 9.9964E-05 0.0205295 9.9964E-05 0.41488 0.555928 9.9964E-05
0.0172291 0.0193257 9.9964E-05 0.269951 9.9964E-05 0.693094 9.9964E-05 9.9964E-05
9.9955E-05 9.9955E-05 9.9955E-05 0.0519651 0.110299 0.837236 9.9955E-05 9.9955E-05
9.9964E-05 9.9964E-05 9.9964E-05 0.11694 0.199462 0.674251 0.00894696 9.9964E-05
9.9955E-05 9.9955E-05 0.0024438 0.0866589 9.9955E-05 0.910398 9.9955E-05 9.9955E-05
0.0701005 0.0559511 0.00814207 0.0295775 9.9973E-05 0.835929 9.9973E-05 9.9973E-05
0.172226 9.9955E-05 9.9955E-05 9.9955E-05 9.9955E-05 0.776289 0.0509855 9.9955E-05
0.0414031 9.9964E-05 9.9964E-05 9.9964E-05 0.0810931 0.845377 0.0317268 9.9964E-05
9.9946E-05 9.9946E-05 9.9946E-05 9.9946E-05 9.9946E-05 0.829555 0.169846 9.9946E-05
0.248878 9.9973E-05 9.9973E-05 0.133678 0.0661086 0.30913 0.241906 9.9973E-05
0.153737 9.997E-05 9.997E-05 0.131577 9.997E-05 0.433222 0.244608 0.0365557
0.100826 0.00205919 9.9982E-05 0.103496 0.0806013 0.570037 0.14278 9.9982E-05
0.0957871 0.0283088 9.9982E-05 0.075386 0.0075262 0.721982 0.0708104 9.9982E-05
9.99551E-05 9.99551E-05 9.99551E-05 0.141122 9.99551E-05 0.726779 0.131599 9.99551E-05
9.9973E-05 9.9973E-05 9.9973E-05 0.000757021 0.015366 0.857213 0.124498 0.00186629
0.173961 9.996E-05 9.996E-05 0.0785952 9.996E-05 0.619055 0.127989 9.996E-05
9.9955E-05 0.0975493 9.9955E-05 9.9955E-05 9.9955E-05 0.260815 0.641136 9.9955E-05
0.0213119 0.0993734 9.9964E-05 9.9964E-05 9.9964E-05 0.394019 0.484896 9.9964E-05
9.99551E-05 0.0681429 9.99551E-05 9.99551E-05 9.99551E-05 0.615847 0.31551 9.99551E-05
0.109706 9.9955E-05 9.9955E-05 9.9955E-05 9.9955E-05 0.772661 0.117133 9.9955E-05
0.11611 0.0248014 0.00469777 9.999E-05 0.0338152 0.732063 0.0458166 0.0425956
0.171663 9.9973E-05 9.9973E-05 9.9973E-05 0.0107866 0.600585 0.191714 0.024952
0.0159549 0.0240781 9.997E-05 0.0319703 9.997E-05 0.874736 0.0529608 9.997E-05
9.9964E-05 9.9964E-05 0.152732 9.9964E-05 0.124847 0.642429 9.9964E-05 0.0795923
9.9964E-05 0.0723702 0.0042114 9.9964E-05 9.9964E-05 0.631033 9.9964E-05 0.291985
9.9955E-05 9.9955E-05 9.9955E-05 0.12535 9.9955E-05 0.71539 0.15876 9.9955E-05
9.99549E-05 9.99549E-05 9.99549E-05 0.0764022 9.99549E-05 0.249239 0.673859 9.99549E-05
0.0111022 0.0981338 9.9964E-05 9.9964E-05 9.9964E-05 0.398756 0.491609 9.9964E-05
0.116202 9.996E-05 0.00613854 9.996E-05 9.996E-05 0.288214 0.589046 9.996E-05
9.9946E-05 9.9946E-05 9.9946E-05 0.0981439 9.9946E-05 9.9946E-05 0.901256 9.9946E-05
9.99549E-05 9.99549E-05 9.99549E-05 0.143763 9.99549E-05 0.703742 0.151995 9.99549E-05
0.0991869 9.9955E-05 9.9955E-05 9.9955E-05 9.9955E-05 0.207566 0.692747 9.9955E-05
0.0455952 9.996E-05 0.011237 9.996E-05 9.996E-05 0.645559 0.297209 9.996E-05
0.0869486 9.997E-05 9.997E-05 0.104332 0.0408247 0.402736 0.364859 9.997E-05
9.9964E-05 0.0216269 9.9964E-05 0.020874 9.9964E-05 0.484853 0.472246 9.9964E-05
9.9964E-05 0.695978 9.9964E-05 0.0233292 9.9964E-05 9.9964E-05 0.103829 0.176463
9.9964E-05 0.312697 0.221748 9.9964E-05 9.9964E-05 0.0478541 9.9964E-05 0.417301
9.9973E-05 0.342345 0.214625 0.120088 9.9973E-05 9.9973E-05 0.0119902 0.310652
9.99729E-05 0.00185819 0.17789 0.109149 9.99729E-05 9.99729E-05 0.137281 0.573521
0.0264283 0.00278997 0.166113 0.0610793 9.999E-05 0.0242329 0.0681713 0.651086
9.9973E-05 0.0415291 0.129136 0.0187445 9.9973E-05 9.9973E-05 0.01308 0.797211
0.0151542 0.41694 0.259531 9.9964E-05 9.9964E-05 9.9964E-05 9.9964E-05 0.307975
9.9964E-05 0.624571 0.185064 9.9964E-05 9.9964E-05 0.000164645 9.9964E-05 0.1898
9.99462E-05 0.993141 9.99462E-05 9.99462E-05 9.99462E-05 9.99462E-05 0.00625947 9.99462E-05
9.9964E-05 0.174379 0.0868973 9.9964E-05 9.9964E-05 0.0936468 9.9964E-05 0.644677
9.99551E-05 9.99551E-05 0.089862 9.99551E-05 0.0452272 9.99551E-05 9.99551E-05 0.864411
9.99461E-05 9.99461E-05 9.99461E-05 9.99461E-05 0.0536568 9.99461E-05 9.99461E-05 0.945744
0.0278522 9.99641E-05 0.132392 9.99641E-05 9.99641E-05 0.0180352 9.99641E-05 0.821321
