9.9991E-05 0.170282 0.478317 0.351301
9.999E-05 0.540925 0.108983 0.349992
9.9991E-05 0.161826 0.389796 0.448278
9.9991E-05 0.126479 0.462084 0.411337
0.0509014 9.9991E-05 0.268549 0.68045
9.9982E-05 9.9982E-05 0.592618 0.407182
0.455956 0.543844 9.9982E-05 9.9982E-05
0.544311 0.328021 0.000989541 0.126679
0.655982 0.343818 9.9982E-05 9.9982E-05
0.661887 0.337913 9.9982E-05 9.9982E-05
0.529002 0.470798 9.9982E-05 9.9982E-05
0.544079 0.455721 9.9982E-05 9.9982E-05
0.787039 0.212761 9.9982E-05 9.9982E-05
0.803297 0.1954 0.00120326 9.9991E-05
0.573411 0.426389 9.9982E-05 9.9982E-05
0.517864 0.481936 9.9982E-05 9.9982E-05
0.00146925 0.096464 0.581301 0.320765
0.0657943 0.384401 0.50521 0.0445948
0.0536012 0.150837 0.795462 9.9991E-05
0.098379 9.9991E-05 0.763281 0.13824
0.0226855 0.258763 0.522649 0.195903
0.0670566 0.140007 0.792837 9.9991E-05
0.0131341 0.289988 0.531312 0.165566
0.0736352 9.9991E-05 0.616841 0.309424
0.0683527 9.9991E-05 0.786479 0.145069
9.9991E-05 0.0141542 0.799084 0.186662
0.172866 9.9991E-05 0.521598 0.305436
0.121019 9.9991E-05 0.467773 0.411108
0.0274763 0.25705 0.171927 0.543547
0.0324798 0.340847 0.256778 0.369896
9.9982E-05 0.531779 0.468021 9.9982E-05
0.0696659 0.204162 0.361208 0.364964
9.9991E-05 0.181607 0.531997 0.286296
0.0347582 0.0944638 0.854565 0.0162125
9.9982E-05 0.375246 0.624554 9.9982E-05
0.0375347 0.153165 0.621557 0.187743
0.267532 0.194417 0.53795 9.9991E-05
0.127428 0.103374 0.695082 0.0741154
9.9991E-05 0.221028 0.733565 0.0453075
0.0420729 0.0653215 0.83893 0.0536755
9.9991E-05 0.242298 0.422623 0.334978
0.0978391 0.0434657 0.358042 0.500653
0.130254 0.0582308 0.497912 0.313603
0.156539 0.126943 0.184269 0.532249
9.9991E-05 0.0836502 0.582133 0.334117
9.9991E-05 0.131342 0.740433 0.128125
0.0299764 0.420031 0.549893 9.9991E-05
9.9991E-05 0.600795 0.311509 0.0875958
9.9991E-05 0.791672 0.127939 0.0802887
9.9991E-05 0.522933 0.152455 0.324512
0.00607973 0.461405 0.532415 9.9991E-05
0.0563352 0.261514 0.541999 0.140151
0.0447105 0.207129 0.746838 0.00132321
9.9991E-05 0.201564 0.727786 0.0705495
9.9991E-05 0.231073 0.704885 0.0639421
0.0517429 9.9991E-05 0.834435 0.113722
0.566769 0.221949 0.192323 0.018959
0.709685 0.146651 0.077798 0.065867
0.910091 9.9991E-05 0.00317202 0.0866372
0.73673 0.198154 0.0650167 9.9991E-05
0.850551 0.149249 9.9982E-05 9.9982E-05
0.753196 0.128905 0.0621152 0.0557837
0.215664 0.784136 9.9982E-05 9.9982E-05
0.475492 0.474719 0.0496893 9.9991E-05
0.642978 0.356822 9.9982E-05 9.9982E-05
0.781229 0.218571 9.9982E-05 9.9982E-05
0.639609 0.255693 0.104598 9.9991E-05
0.906601 0.0246487 0.0686507 9.9991E-05
0.529386 0.426048 0.0444659 9.9991E-05
0.73899 0.228057 0.032853 9.9991E-05
0.492156 0.46354 9.9991E-05 0.0442039
0.73994 0.10973 0.15023 9.9991E-05
0.526249 0.470567 9.9991E-05 0.00308342
0.826883 0.0563713 0.0331647 0.0835811
0.812117 9.9982E-05 0.187684 9.9982E-05
0.81968 0.109173 0.0710476 9.9991E-05
0.804813 0.183314 9.9991E-05 0.0117733
0.990618 9.9982E-05 9.9982E-05 0.00918246
0.886659 0.113141 9.9982E-05 9.9982E-05
0.566206 0.433594 9.9982E-05 9.9982E-05
0.822881 0.0803106 0.0664947 0.0303133
0.0418924 9.9991E-05 0.168563 0.789445
0.00499647 0.242745 9.9991E-05 0.752159
0.0403734 0.157238 9.9991E-05 0.802288
0.120376 9.9991E-05 0.0444545 0.83507
0.0124791 0.19404 0.0411181 0.752362
9.9982E-05 0.742065 9.9982E-05 0.257735
0.0453115 0.304472 0.110983 0.539234
0.013738 0.2798 0.153123 0.553339
0.0691035 0.0987018 0.0759071 0.756288
9.9982E-05 0.256988 9.9982E-05 0.742812
0.155665 9.9991E-05 0.105553 0.738682
0.0649711 9.9991E-05 0.428698 0.506231
0.0328821 9.9991E-05 0.337114 0.629904
0.0694679 0.0332981 0.297766 0.599468
0.000631482 0.354859 0.206229 0.438281
0.0143868 0.134777 0.368056 0.48278
0.154869 9.9991E-05 0.113475 0.731556
0.0837356 9.9991E-05 0.274185 0.64198
0.0436579 0.0508726 0.285765 0.619704
9.9991E-05 0.219646 0.0899801 0.690274
9.9991E-05 0.0729515 0.041541 0.885407
9.9991E-05 0.0910088 0.0800158 0.828875
9.9982E-05 0.167602 9.9982E-05 0.832198
0.0493592 0.157824 9.9991E-05 0.792717
0.0433819 9.9991E-05 0.123481 0.833037
0.0257598 9.9991E-05 0.254853 0.719287
0.0698039 9.9982E-05 9.9982E-05 0.929996
0.09624 9.9991E-05 0.0273572 0.876303
0.0512499 9.9991E-05 0.0437624 0.904888
0.0439394 9.9991E-05 0.104181 0.851779
9.9982E-05 9.9982E-05 0.0245386 0.975261
9.9991E-05 0.0963286 0.222711 0.68086
0.0539075 0.0832307 0.083851 0.779011
9.9991E-05 0.122898 0.115261 0.761741
0.0395873 0.00731966 0.108664 0.844429
9.9991E-05 0.0450537 0.0274911 0.927355
0.0281026 9.9991E-05 0.0703619 0.901435
0.0445489 0.0424402 9.9991E-05 0.912911
9.9982E-05 0.268789 9.9982E-05 0.731011
9.9982E-05 0.22674 9.9982E-05 0.77306
0.0231258 0.122941 9.9991E-05 0.853833
9.9982E-05 9.9982E-05 0.0578157 0.941984
0.129839 9.9991E-05 0.0550643 0.814996
0.0940031 9.9991E-05 0.0186896 0.887207
0.0665164 0.0109966 9.9991E-05 0.922387
0.316264 9.9991E-05 0.0647068 0.618929
0.408148 9.9982E-05 9.9982E-05 0.591652
9.9982E-05 0.105934 9.9982E-05 0.893866
9.9982E-05 0.247758 9.9982E-05 0.752042
9.9982E-05 0.200396 9.9982E-05 0.799404
9.9982E-05 0.151484 9.9982E-05 0.848316
9.9982E-05 0.321723 9.9982E-05 0.678077
0.0353877 0.00245904 9.9991E-05 0.962053
9.9991E-05 0.182479 0.000667663 0.816754
9.9991E-05 0.0265439 0.0678417 0.905514
9.9991E-05 0.142747 0.118103 0.73905
9.9982E-05 0.17744 9.9982E-05 0.82236
0.386619 0.590929 9.9991E-05 0.0223517
0.723409 0.276391 9.9982E-05 9.9982E-05
0.624874 0.374926 9.9982E-05 9.9982E-05
0.711913 0.12974 0.0207744 0.137573
0.799569 0.0811253 9.9991E-05 0.119206
0.923463 0.0206946 9.9991E-05 0.0557422
0.70397 0.282607 9.9991E-05 0.0133227
0.562081 0.437719 9.9982E-05 9.9982E-05
0.141814 0.857986 9.9982E-05 9.9982E-05
0.833965 0.0682153 9.9991E-05 0.0977196
0.939986 9.99821E-05 0.0598144 9.99821E-05
0.96881 9.9982E-05 0.0309903 9.9982E-05
0.923166 9.9982E-05 0.0766345 9.9982E-05
