0.17481 0.464641 9.9991E-05 0.360449
0.549848 0.106974 9.9991E-05 0.343078
0.176939 0.421588 9.9991E-05 0.401373
0.153552 0.464255 0.0269864 0.355207
9.999E-05 0.31363 0.0596047 0.626666
0.0109322 0.648893 9.9991E-05 0.340075
0.537845 9.9982E-05 0.461955 9.9982E-05
0.322456 0.0206195 0.536739 0.120186
0.363062 9.9982E-05 0.636738 9.9982E-05
0.395835 0.000397853 0.603667 9.9991E-05
0.462752 9.9982E-05 0.537048 9.9982E-05
0.449424 9.9991E-05 0.541658 0.00881764
0.235277 9.9982E-05 0.764523 9.9982E-05
0.178169 0.00983603 0.811895 9.9991E-05
0.445871 9.9982E-05 0.553929 9.9982E-05
0.47917 9.9982E-05 0.52063 9.9982E-05
0.10818 0.600719 0.0373393 0.253761
0.428559 0.555934 0.000128559 0.015378
0.160895 0.770511 0.0684943 9.9991E-05
9.9991E-05 0.812425 0.107609 0.0798655
0.229445 0.497475 0.0300595 0.243021
0.230383 0.766012 0.00350498 9.9991E-05
0.258001 0.548379 0.0284151 0.165205
9.9991E-05 0.563323 0.0777997 0.358778
9.9991E-05 0.810783 0.0700107 0.119106
0.0332591 0.806732 9.9991E-05 0.159909
9.9991E-05 0.609212 0.155359 0.235329
9.9991E-05 0.546214 0.110859 0.342826
0.277974 0.155011 0.0414362 0.525579
0.320026 0.255248 0.083577 0.34115
0.549732 0.441531 9.9991E-05 0.00863673
0.250272 0.330595 0.0533619 0.365772
0.18341 0.565801 9.9991E-05 0.250689
0.0864101 0.890609 0.0211694 0.00181195
0.374421 0.625379 9.9982E-05 9.9982E-05
0.128343 0.705471 0.0194228 0.146763
0.196155 0.530736 0.273009 9.9991E-05
0.0805622 0.678714 0.136718 0.104005
0.268567 0.718377 0.0129566 9.9991E-05
0.0468064 0.881107 0.0260662 0.0460207
0.226231 0.447795 9.9991E-05 0.325874
0.0301389 0.435924 0.0963477 0.437589
0.0954377 0.464514 0.143174 0.296874
0.0672456 0.210292 0.157743 0.56472
0.109004 0.579498 9.9991E-05 0.311398
0.0955493 0.73894 9.9991E-05 0.165411
0.359637 0.569532 0.0707313 9.9991E-05
0.68623 0.241214 9.9991E-05 0.0724552
0.785521 0.14621 9.9991E-05 0.0681692
0.547683 0.225028 9.9991E-05 0.22719
0.461489 0.538311 9.9982E-05 9.9982E-05
0.241214 0.469247 0.0801199 0.209419
0.245065 0.701928 0.0529074 9.9991E-05
0.160401 0.780394 9.9991E-05 0.0591044
0.223656 0.724016 9.9991E-05 0.0522279
9.9991E-05 0.789851 0.042133 0.167916
0.265684 0.197613 0.536604 9.9991E-05
0.163529 0.0110966 0.733559 0.0918157
9.9991E-05 0.039922 0.901402 0.0585765
0.246926 0.081592 0.671382 9.9991E-05
0.15899 9.9982E-05 0.84081 9.9982E-05
0.154796 0.0928526 0.749263 0.00308818
0.756945 9.9982E-05 0.242855 9.9982E-05
0.455203 0.075368 0.469329 9.9991E-05
0.377511 9.9982E-05 0.622289 9.9982E-05
0.226713 9.9982E-05 0.773087 9.9982E-05
0.271033 0.111578 0.617289 9.9991E-05
9.99821E-05 0.0743798 0.92542 9.99821E-05
0.464841 0.00953853 0.525521 9.9991E-05
0.216748 9.9991E-05 0.778141 0.00501077
0.467088 0.053737 0.440691 0.0384836
0.143436 0.0933763 0.741636 0.0215518
0.484654 9.9982E-05 0.515146 9.9982E-05
0.0786047 0.0315245 0.836934 0.0529366
9.9982E-05 0.160664 0.839136 9.9982E-05
0.08014 0.0990267 0.820733 9.9991E-05
0.165082 9.9991E-05 0.768542 0.0662761
9.9982E-05 9.9982E-05 0.983781 0.0160195
0.120185 9.9982E-05 0.879615 9.9982E-05
0.443779 9.9982E-05 0.556021 9.9982E-05
0.1097 0.107868 0.782332 9.9991E-05
9.9991E-05 0.127313 0.0713253 0.801262
0.240543 0.00646089 9.9991E-05 0.752897
0.168019 9.9991E-05 0.0681328 0.763748
9.9991E-05 0.00484464 0.124061 0.870994
0.174888 0.0324695 0.0147489 0.777894
0.757029 9.9982E-05 9.9982E-05 0.242771
0.291389 0.120538 0.0450527 0.54302
0.31373 0.181146 9.9991E-05 0.505024
0.0546133 0.121147 0.0355914 0.788649
0.259902 0.000451321 9.9991E-05 0.739547
9.9991E-05 0.0740087 0.158001 0.767891
9.9991E-05 0.420215 0.0739729 0.505712
9.9991E-05 0.330508 0.0797837 0.589609
0.0464653 0.307886 0.066246 0.579403
0.373492 0.253818 0.00582767 0.366863
0.112847 0.415312 0.0105981 0.461243
9.9991E-05 0.185745 0.140877 0.673278
9.9991E-05 0.303974 0.0936688 0.602257
9.9991E-05 0.327077 0.0444433 0.628379
0.221834 0.12889 9.9991E-05 0.649177
0.0629078 0.105863 9.9991E-05 0.831129
0.100069 0.0359751 9.9991E-05 0.863856
0.15292 9.9982E-05 9.9982E-05 0.84688
0.165862 9.9991E-05 0.0230932 0.810945
9.9991E-05 0.150012 0.0339616 0.815927
9.9991E-05 0.31414 0.00365216 0.682108
9.9982E-05 9.9982E-05 0.082083 0.917717
9.9991E-05 0.0561564 0.104524 0.83922
9.9991E-05 0.075156 0.046202 0.878542
9.9991E-05 0.145883 0.0376182 0.816399
9.9991E-05 0.022623 0.0243303 0.952947
0.100688 0.257412 9.9991E-05 0.6418
0.0551016 0.0498052 0.087652 0.807441
0.133794 0.167441 9.9991E-05 0.698664
0.0491303 0.100295 0.0245692 0.826006
0.054074 0.0299503 0.0263247 0.889651
9.9991E-05 0.0580623 0.0221249 0.919713
0.0833407 0.049561 0.00460778 0.862491
0.253417 9.9982E-05 9.9982E-05 0.746383
0.240181 9.9982E-05 9.9982E-05 0.759619
0.119504 9.9991E-05 0.0142499 0.866147
9.9991E-05 0.0216387 0.015858 0.962403
9.9991E-05 0.106074 0.121737 0.772089
9.9991E-05 0.0780131 0.06968 0.852207
9.9982E-05 9.9982E-05 0.0412887 0.958511
9.9991E-05 0.0550472 0.301058 0.643794
9.9982E-05 9.9982E-05 0.372735 0.627065
0.105093 9.9982E-05 9.9982E-05 0.894707
0.22544 9.9982E-05 9.9982E-05 0.77436
0.21491 9.9982E-05 9.9982E-05 0.78489
0.14113 9.9982E-05 9.9982E-05 0.85867
0.322206 9.9982E-05 9.9982E-05 0.677594
9.9982E-05 9.9982E-05 0.0535572 0.946243
0.204636 9.9982E-05 9.9982E-05 0.795164
0.0274749 9.9991E-05 0.0352807 0.937144
0.156113 0.170121 9.9991E-05 0.673666
0.158575 9.9982E-05 9.9982E-05 0.841225
0.582461 9.9991E-05 0.389778 0.0276604
0.292434 9.9982E-05 0.707366 9.9982E-05
0.398967 9.9982E-05 0.600834 9.9982E-05
0.0927122 9.9991E-05 0.763056 0.144132
0.0669169 9.9991E-05 0.801975 0.131008
0.0525499 9.9991E-05 0.946011 0.00133871
0.297025 9.9991E-05 0.69268 0.0101946
0.485591 9.9982E-05 0.514209 9.9982E-05
0.863711 9.9982E-05 0.136089 9.9982E-05
0.0843378 9.9991E-05 0.823673 0.0918895
9.99821E-05 0.0583172 0.941483 9.99821E-05
9.9982E-05 0.0719689 0.927831 9.9982E-05
9.99888E-05 0.0432596 0.95654 9.99888E-05
