9.99639E-05 0.227964 0.386554 0.0272542 9.99639E-05 0.000286212 0.137592 9.99639E-05 0.21995 9.99639E-05
9.9973E-05 0.188456 0.0375981 0.0233237 0.0351776 9.9973E-05 0.0179857 0.314661 0.382498 9.9973E-05
9.995E-05 0.201195 0.259337 9.995E-05 9.995E-05 9.995E-05 0.345098 0.152786 0.0410834 9.995E-05
0.0113226 0.689677 0.106833 0.00711666 0.0390577 0.00502184 9.9982E-05 9.9982E-05 0.140161 0.000610441
9.9937E-05 0.205719 0.195901 9.9937E-05 9.9937E-05 9.9937E-05 0.59768 9.9937E-05 9.9937E-05 9.9937E-05
9.9946E-05 0.633795 0.198444 9.9946E-05 9.9946E-05 9.9946E-05 0.0618698 9.9946E-05 0.105292 9.9946E-05
9.9946E-05 9.9946E-05 9.9946E-05 0.732785 0.112286 0.122712 9.9946E-05 0.0316164 9.9946E-05 9.9946E-05
9.9946E-05 9.9946E-05 0.0400661 0.795041 9.9946E-05 9.9946E-05 0.157103 9.9946E-05 9.9946E-05 0.00719053
9.9946E-05 0.0576257 9.9946E-05 0.7043 9.9946E-05 0.087571 9.9946E-05 9.9946E-05 9.9946E-05 0.149904
9.9937E-05 9.9937E-05 9.9937E-05 0.56505 0.0206043 0.413646 9.9937E-05 9.9937E-05 9.9937E-05 9.9937E-05
9.9937E-05 0.0610322 9.9937E-05 0.879488 9.9937E-05 9.9937E-05 9.9937E-05 0.0587798 9.9937E-05 9.9937E-05
9.99549E-05 9.99549E-05 0.00945043 0.303332 9.99549E-05 0.109548 9.99549E-05 0.442682 9.99549E-05 0.134488
0.292016 9.9946E-05 9.9946E-05 0.450347 9.9946E-05 0.19357 9.9946E-05 0.0634672 9.9946E-05 9.9946E-05
0.260402 9.9937E-05 9.9937E-05 0.701889 9.9937E-05 0.0370095 9.9937E-05 9.9937E-05 9.9937E-05 9.9937E-05
0.0319747 0.0243756 0.00233353 0.818955 0.00974243 9.9973E-05 9.9973E-05 0.0273511 9.9973E-05 0.0849675
9.99281E-05 9.99281E-05 9.99281E-05 0.902468 9.99281E-05 9.99281E-05 9.99281E-05 0.0967329 9.99281E-05 9.99281E-05
9.9946E-05 9.9946E-05 0.525527 9.9946E-05 0.106891 9.9946E-05 0.302808 0.0641748 9.9946E-05 9.9946E-05
9.9955E-05 9.9955E-05 0.215804 9.9955E-05 0.565475 9.9955E-05 0.0928889 0.0556371 9.9955E-05 0.0696955
0.0453784 0.182322 0.565083 9.9955E-05 0.168828 9.9955E-05 9.9955E-05 0.0378886 9.9955E-05 9.9955E-05
0.0577832 0.106618 0.510031 9.9964E-05 0.164952 9.9964E-05 0.157788 9.9964E-05 9.9964E-05 0.00242789
0.0385263 0.0363341 0.218309 9.99549E-05 0.438459 9.99549E-05 0.267872 9.99549E-05 9.99549E-05 9.99549E-05
9.99459E-05 0.151658 0.48733 9.99459E-05 0.341479 9.99459E-05 9.99459E-05 9.99459E-05 9.99459E-05 0.0189336
9.9955E-05 9.9955E-05 0.525059 0.0306408 9.9955E-05 9.9955E-05 0.0631059 0.189097 0.191597 9.9955E-05
9.9946E-05 9.9946E-05 0.574053 9.9946E-05 9.9946E-05 0.0489473 0.209985 9.9946E-05 0.166415 9.9946E-05
9.99551E-05 0.00537069 0.808463 9.99551E-05 9.99551E-05 0.000611718 0.151403 9.99551E-05 0.0336523 9.99551E-05
9.9937E-05 0.279015 0.576481 9.9937E-05 9.9937E-05 9.9937E-05 9.9937E-05 9.9937E-05 0.143804 9.9937E-05
0.0121331 9.9946E-05 0.591585 9.9946E-05 9.9946E-05 9.9946E-05 0.329255 9.9946E-05 9.9946E-05 0.0664266
9.9955E-05 0.084813 0.436528 0.0264921 9.9955E-05 0.0603183 0.391349 9.9955E-05 9.9955E-05 9.9955E-05
0.0278852 9.9964E-05 0.00770384 0.13107 0.215843 9.9964E-05 0.372557 9.9964E-05 0.244541 9.9964E-05
0.0679612 0.0390896 0.0114137 9.9973E-05 0.429047 0.0827007 0.235799 9.9973E-05 0.133689 9.9973E-05
9.9937E-05 0.410044 9.9937E-05 9.9937E-05 0.274452 9.9937E-05 9.9937E-05 0.314804 9.9937E-05 9.9937E-05
9.99639E-05 0.335122 0.0625716 9.99639E-05 0.151344 9.99639E-05 0.250733 0.157951 9.99639E-05 0.0418795
9.9946E-05 0.516911 0.201956 9.9946E-05 0.175792 9.9946E-05 0.104742 9.9946E-05 9.9946E-05 9.9946E-05
9.9946E-05 0.0675555 0.775299 9.9946E-05 9.9946E-05 0.0658752 9.9946E-05 9.9946E-05 0.0906709 9.9946E-05
9.9946E-05 9.9946E-05 0.555311 9.9946E-05 9.9946E-05 0.0124154 9.9946E-05 0.351024 0.0806505 9.9946E-05
9.9973E-05 0.024922 0.521904 9.9973E-05 0.0857854 0.00982949 0.265752 0.0912222 9.9973E-05 0.000285698
0.222086 0.173239 0.296403 9.9946E-05 9.9946E-05 9.9946E-05 9.9946E-05 0.307673 9.9946E-05 9.9946E-05
0.0409251 0.0266256 0.696975 9.9955E-05 9.9955E-05 9.9955E-05 0.120917 0.114057 9.9955E-05 9.9955E-05
0.00213849 0.0714439 0.475332 9.9964E-05 0.0914672 0.154552 9.9964E-05 9.9964E-05 0.204666 9.9964E-05
9.996E-05 0.188023 0.669342 0.0242319 0.0654285 9.996E-05 0.00840412 9.996E-05 9.996E-05 0.044171
9.99371E-05 0.437423 0.0785812 9.99371E-05 9.99371E-05 9.99371E-05 9.99371E-05 9.99371E-05 0.483297 9.99371E-05
0.108653 0.427121 0.170094 9.9955E-05 9.9955E-05 9.9955E-05 0.11697 9.9955E-05 0.176662 9.9955E-05
0.0993363 0.619958 0.0599438 9.9964E-05 0.121905 0.0875351 0.0109223 9.9964E-05 9.9964E-05 9.9964E-05
0.167448 0.179221 0.0853706 9.9955E-05 9.9955E-05 9.9955E-05 9.9955E-05 9.9955E-05 0.521906 0.0455548
9.99461E-05 0.549274 0.239166 0.0373977 9.99461E-05 9.99461E-05 9.99461E-05 9.99461E-05 0.173564 9.99461E-05
9.9946E-05 0.597919 0.308611 9.9946E-05 0.091619 0.00125177 9.9946E-05 9.9946E-05 9.9946E-05 9.9946E-05
9.9937E-05 9.9937E-05 0.329962 9.9937E-05 0.57395 9.9937E-05 9.9937E-05 9.9937E-05 9.9937E-05 0.0953878
9.99549E-05 0.0297243 9.99549E-05 9.99549E-05 0.675123 9.99549E-05 9.99549E-05 0.170362 0.0957004 0.0285906
9.9937E-05 9.9937E-05 9.9937E-05 9.9937E-05 0.844522 9.9937E-05 9.9937E-05 0.0554182 0.0993601 9.9937E-05
9.9937E-05 9.9937E-05 9.9937E-05 9.9937E-05 0.65708 0.00669445 9.9937E-05 9.9937E-05 0.335526 9.9937E-05
9.99459E-05 0.0379661 0.161986 9.99459E-05 0.73858 0.0608682 9.99459E-05 9.99459E-05 9.99459E-05 9.99459E-05
9.9964E-05 9.9964E-05 0.418685 0.0581978 0.145371 9.9964E-05 0.00448523 9.9964E-05 0.282301 0.0905609
9.9946E-05 9.9946E-05 0.456706 9.9946E-05 0.42733 9.9946E-05 0.028305 9.9946E-05 9.9946E-05 0.087059
0.0820414 9.9946E-05 0.517846 9.9946E-05 0.10648 9.9946E-05 9.9946E-05 9.9946E-05 0.293033 9.9946E-05
9.99549E-05 9.99549E-05 0.5709 0.00313048 0.0661183 9.99549E-05 9.99549E-05 9.99549E-05 0.32047 0.0388811
0.0880421 0.242057 0.571014 9.9955E-05 0.0053672 9.9955E-05 0.0930206 9.9955E-05 9.9955E-05 9.9955E-05
9.9946E-05 9.9946E-05 0.0398766 9.9946E-05 9.9946E-05 0.624508 9.9946E-05 9.9946E-05 0.178686 0.156329
0.06641 9.9946E-05 9.9946E-05 9.9946E-05 9.9946E-05 0.840396 0.0342469 9.9946E-05 0.0583472 9.9946E-05
0.472156 9.9937E-05 9.9937E-05 9.9937E-05 9.9937E-05 9.9937E-05 9.9937E-05 9.9937E-05 0.0547961 0.472348
9.9946E-05 9.9946E-05 0.04746 0.144749 9.9946E-05 9.9946E-05 9.9946E-05 9.9946E-05 0.115237 0.691954
9.9946E-05 9.9946E-05 9.9946E-05 0.0432611 9.9946E-05 0.0437376 9.9946E-05 0.122675 9.9946E-05 0.789727
9.9946E-05 9.9946E-05 0.0730964 9.9946E-05 0.0298818 9.9946E-05 9.9946E-05 0.0135473 9.9946E-05 0.882875
9.99459E-05 9.99459E-05 9.99459E-05 0.0345322 0.108376 0.0940738 9.99459E-05 0.762418 9.99459E-05 9.99459E-05
0.217905 9.99369E-05 0.038955 9.99369E-05 9.99369E-05 9.99369E-05 9.99369E-05 0.74244 9.99369E-05 9.99369E-05
9.99459E-05 9.99459E-05 9.99459E-05 0.124337 9.99459E-05 0.547421 9.99459E-05 0.256957 9.99459E-05 0.0706853
9.99369E-05 9.99369E-05 9.99369E-05 0.152393 9.99369E-05 0.78257 9.99369E-05 9.99369E-05 9.99369E-05 0.0643378
9.9937E-05 9.9937E-05 9.9937E-05 9.9937E-05 9.9937E-05 0.865447 0.0791182 0.0547353 9.9937E-05 9.9937E-05
0.437479 9.99282E-05 9.99282E-05 9.99282E-05 9.99282E-05 0.561721 9.99282E-05 9.99282E-05 9.99282E-05 9.99282E-05
9.9955E-05 9.9955E-05 0.0176828 0.0160354 9.9955E-05 0.455082 9.9955E-05 0.407098 9.9955E-05 0.103603
0.0711194 9.9964E-05 0.0368035 0.0637639 9.9964E-05 0.4231 9.9964E-05 0.173724 9.9964E-05 0.231089
0.143753 9.99459E-05 0.110247 9.99459E-05 9.99459E-05 0.0955461 9.99459E-05 0.649854 9.99459E-05 9.99459E-05
0.0968532 9.9955E-05 9.9955E-05 9.9955E-05 9.9955E-05 0.695185 0.0857267 0.0233595 9.9955E-05 0.098376
9.99459E-05 9.99459E-05 9.99459E-05 9.99459E-05 9.99459E-05 0.232374 0.0244589 0.63103 9.99459E-05 0.111538
0.349335 9.9955E-05 9.9955E-05 9.9955E-05 0.0280539 9.9955E-05 0.0351025 0.143203 9.9955E-05 0.443806
0.513493 9.9955E-05 0.079534 9.9955E-05 0.0345073 0.347289 9.9955E-05 0.0246761 9.9955E-05 9.9955E-05
0.144419 0.055453 9.9955E-05 9.9955E-05 0.0259698 0.212325 9.9955E-05 9.9955E-05 9.9955E-05 0.561333
0.159038 0.0734521 9.99549E-05 9.99549E-05 9.99549E-05 0.24906 9.99549E-05 0.14493 9.99549E-05 0.37302
0.436836 9.9928E-05 9.9928E-05 9.9928E-05 9.9928E-05 9.9928E-05 9.9928E-05 9.9928E-05 9.9928E-05 0.562364
0.116713 9.9946E-05 9.9946E-05 0.129828 9.9946E-05 0.166471 9.9946E-05 9.9946E-05 9.9946E-05 0.586388
9.99549E-05 9.99549E-05 9.99549E-05 0.0352776 0.0931669 0.183185 9.99549E-05 0.361926 9.99549E-05 0.325945
0.106003 0.0499238 9.99551E-05 9.99551E-05 0.0747721 0.0426228 9.99551E-05 9.99551E-05 9.99551E-05 0.726179
0.0080465 9.99462E-05 0.187415 9.99462E-05 0.0197393 9.99462E-05 0.784199 9.99462E-05 9.99462E-05 9.99462E-05
0.0979222 0.021613 9.99459E-05 9.99459E-05 9.99459E-05 9.99459E-05 0.0366233 9.99459E-05 0.843242 9.99459E-05
0.0729735 9.9946E-05 9.9946E-05 9.9946E-05 9.9946E-05 9.9946E-05 0.218731 9.9946E-05 0.677416 0.0302801
0.0879131 0.0234362 9.9946E-05 9.9946E-05 0.130988 9.9946E-05 0.757063 9.9946E-05 9.9946E-05 9.9946E-05
9.99459E-05 9.99459E-05 9.99459E-05 0.0687855 0.275037 9.99459E-05 0.546905 9.99459E-05 0.108672 9.99459E-05
9.99371E-05 9.99371E-05 9.99371E-05 9.99371E-05 0.463397 9.99371E-05 9.99371E-05 0.230984 0.304919 9.99371E-05
9.99551E-05 0.503182 9.99551E-05 9.99551E-05 0.0540595 9.99551E-05 0.0705338 0.134966 0.236759 9.99551E-05
9.9946E-05 0.478694 9.9946E-05 0.0996125 0.0806576 9.9946E-05 9.9946E-05 9.9946E-05 0.340436 9.9946E-05
9.9946E-05 0.50862 9.9946E-05 9.9946E-05 0.0693984 9.9946E-05 0.3735 0.0478811 9.9946E-05 9.9946E-05
9.995E-05 0.147537 9.995E-05 9.995E-05 0.0847784 9.995E-05 0.364905 0.118737 0.283543 9.995E-05
0.0250198 0.694293 9.9946E-05 9.9946E-05 9.9946E-05 0.0148285 0.265259 9.9946E-05 9.9946E-05 9.9946E-05
0.0655542 0.844438 0.0113675 9.9946E-05 9.9946E-05 9.9946E-05 0.078041 9.9946E-05 9.9946E-05 9.9946E-05
9.99459E-05 0.516498 0.0959443 0.064259 9.99459E-05 9.99459E-05 0.322699 9.99459E-05 9.99459E-05 9.99459E-05
9.9955E-05 0.647094 0.0160813 9.9955E-05 9.9955E-05 9.9955E-05 0.241749 0.0406443 9.9955E-05 0.0539316
9.99369E-05 0.660884 9.99369E-05 9.99369E-05 0.320725 9.99369E-05 9.99369E-05 0.0176918 9.99369E-05 9.99369E-05
9.9973E-05 0.729924 0.00684888 0.0368286 0.0605592 9.9973E-05 0.127204 9.9973E-05 0.00367745 0.0346586
0.0163097 0.66114 9.9946E-05 9.9946E-05 9.9946E-05 0.0527866 0.269164 9.9946E-05 9.9946E-05 9.9946E-05
0.0490579 0.554759 0.0257654 9.9955E-05 9.9955E-05 9.9955E-05 0.366215 0.00370341 9.9955E-05 9.9955E-05
9.99549E-05 0.510197 0.0688292 9.99549E-05 9.99549E-05 0.0455608 0.252027 9.99549E-05 0.122886 9.99549E-05
9.99729E-05 0.0151565 0.0230862 0.00175006 0.222029 0.0276259 0.322135 9.99729E-05 0.387918 9.99729E-05
9.9946E-05 0.133755 9.9946E-05 9.9946E-05 0.0196917 9.9946E-05 0.452596 9.9946E-05 0.393358 9.9946E-05
9.9946E-05 9.9946E-05 0.0417467 9.9946E-05 0.0239186 9.9946E-05 0.408342 9.9946E-05 0.525393 9.9946E-05
9.9937E-05 9.9937E-05 9.9937E-05 9.9937E-05 0.0450203 9.9937E-05 0.439333 9.9937E-05 0.514947 9.9937E-05
9.9937E-05 9.9937E-05 9.9937E-05 9.9937E-05 0.199902 9.9937E-05 0.762473 0.0369252 9.9937E-05 9.9937E-05
9.9937E-05 9.9937E-05 0.104256 9.9937E-05 0.0602587 9.9937E-05 0.834786 9.9937E-05 9.9937E-05 9.9937E-05
9.9946E-05 9.9946E-05 0.204921 9.9946E-05 0.102375 9.9946E-05 0.657535 9.9946E-05 0.0345701 9.9946E-05
0.0348679 9.9937E-05 9.9937E-05 9.9937E-05 0.0771327 9.9937E-05 0.8873 9.9937E-05 9.9937E-05 9.9937E-05
0.0299674 0.0311626 9.9955E-05 9.9955E-05 0.0487553 0.0370375 0.852577 9.9955E-05 9.9955E-05 9.9955E-05
9.9946E-05 0.177385 9.9946E-05 0.00502788 9.9946E-05 9.9946E-05 0.756104 9.9946E-05 0.0608838 9.9946E-05
9.9937E-05 0.0348589 0.130326 9.9937E-05 9.9937E-05 9.9937E-05 0.834116 9.9937E-05 9.9937E-05 9.9937E-05
9.99461E-05 0.0111428 0.0269521 9.99461E-05 9.99461E-05 9.99461E-05 0.909559 9.99461E-05 0.0517467 9.99461E-05
9.99549E-05 0.294432 0.018605 9.99549E-05 0.0780806 9.99549E-05 0.324645 9.99549E-05 0.283737 9.99549E-05
9.9955E-05 0.109636 9.9955E-05 9.9955E-05 0.129471 9.9955E-05 0.428736 9.9955E-05 0.270325 0.0613317
9.9964E-05 0.124213 0.0484723 9.9964E-05 0.0197081 9.9964E-05 0.574598 0.0491588 0.18345 9.9964E-05
9.99641E-05 0.0860755 0.00545495 9.99641E-05 0.104659 9.99641E-05 0.756199 0.0456172 9.99641E-05 0.0015947
9.99461E-05 0.0494383 9.99461E-05 9.99461E-05 0.0866464 9.99461E-05 0.733806 9.99461E-05 0.12951 9.99461E-05
9.99371E-05 9.99371E-05 0.0344012 9.99371E-05 9.99371E-05 9.99371E-05 0.810129 9.99371E-05 0.15477 9.99371E-05
9.99459E-05 0.179312 9.99459E-05 9.99459E-05 0.0551732 9.99459E-05 0.651189 9.99459E-05 0.113726 9.99459E-05
9.9946E-05 9.9946E-05 0.0313342 9.9946E-05 9.9946E-05 9.9946E-05 0.259423 0.0955305 0.613113 9.9946E-05
9.9946E-05 0.0136469 9.9946E-05 9.9946E-05 9.9946E-05 9.9946E-05 0.33919 0.10453 0.542033 9.9946E-05
9.99371E-05 9.99371E-05 9.99371E-05 9.99371E-05 9.99371E-05 9.99371E-05 0.571469 0.0857786 0.342053 9.99371E-05
9.9937E-05 0.189591 9.9937E-05 9.9937E-05 9.9937E-05 9.9937E-05 0.77183 9.9937E-05 0.0378799 9.9937E-05
9.9946E-05 0.188559 9.9946E-05 9.9946E-05 9.9946E-05 0.100746 0.682354 9.9946E-05 0.0277412 9.9946E-05
9.9964E-05 0.0776898 0.0505722 9.9964E-05 9.9964E-05 9.9964E-05 0.68117 0.0199474 0.144999 0.0252224
9.9955E-05 0.0484463 9.9955E-05 9.9955E-05 0.0228072 9.9955E-05 0.815687 0.0363479 0.0762123 9.9955E-05
9.9946E-05 9.9946E-05 0.101146 0.12786 9.9946E-05 9.9946E-05 0.610613 9.9946E-05 9.9946E-05 0.159781
0.00904234 9.9964E-05 0.0140963 0.0257762 9.9964E-05 9.9964E-05 0.647793 0.0154857 9.9964E-05 0.287407
9.9937E-05 9.9937E-05 9.9937E-05 9.9937E-05 0.121251 9.9937E-05 0.750594 9.9937E-05 0.127456 9.9937E-05
9.99369E-05 9.99369E-05 9.99369E-05 9.99369E-05 0.0698122 9.99369E-05 0.265313 9.99369E-05 0.664175 9.99369E-05
9.9964E-05 0.0282312 9.9964E-05 0.000463202 9.9964E-05 0.025463 0.462355 0.103024 0.380064 9.9964E-05
9.9937E-05 9.9937E-05 9.9937E-05 9.9937E-05 9.9937E-05 0.0156054 0.442532 9.9937E-05 0.541163 9.9937E-05
9.9937E-05 9.9937E-05 9.9937E-05 9.9937E-05 0.0544086 9.9937E-05 0.0926817 9.9937E-05 0.85221 9.9937E-05
9.9937E-05 9.9937E-05 9.9937E-05 9.9937E-05 0.104631 9.9937E-05 0.797618 9.9937E-05 0.0970509 9.9937E-05
9.9946E-05 0.0383486 9.9946E-05 9.9946E-05 9.9946E-05 0.0492561 0.258968 9.9946E-05 0.652828 9.9946E-05
9.9955E-05 0.122328 9.9955E-05 0.000387702 9.9955E-05 0.0212911 0.608555 9.9955E-05 0.246939 9.9955E-05
9.99549E-05 0.202622 0.00289899 9.99549E-05 0.0614691 9.99549E-05 0.362077 9.99549E-05 0.370434 9.99549E-05
9.99371E-05 9.99371E-05 9.99371E-05 9.99371E-05 9.99371E-05 9.99371E-05 0.553068 0.0586584 0.387575 9.99371E-05
9.9937E-05 9.9937E-05 9.9937E-05 9.9937E-05 9.9937E-05 9.9937E-05 9.9937E-05 0.658181 0.0672886 0.273831
9.9964E-05 9.9964E-05 9.9964E-05 0.0415701 0.0193546 0.220148 9.9964E-05 0.128091 0.0199467 0.57049
9.9955E-05 9.9955E-05 9.9955E-05 9.9955E-05 0.0483495 0.141075 9.9955E-05 0.261654 0.0118694 0.536552
9.9973E-05 0.0907799 0.00189157 0.0427851 0.0200246 0.0149989 9.9973E-05 9.9973E-05 0.0412026 0.788017
0.152262 9.9946E-05 9.9946E-05 0.0217781 9.9946E-05 9.9946E-05 0.105349 9.9946E-05 9.9946E-05 0.720011
0.0826972 9.99281E-05 9.99281E-05 9.99281E-05 9.99281E-05 9.99281E-05 9.99281E-05 9.99281E-05 9.99281E-05 0.916503
0.225334 0.00488116 9.9955E-05 0.233108 9.9955E-05 9.9955E-05 9.9955E-05 0.312705 9.9955E-05 0.223471
0.156965 9.99459E-05 9.99459E-05 0.15054 9.99459E-05 9.99459E-05 9.99459E-05 0.542087 9.99459E-05 0.149809
9.99282E-05 9.99282E-05 9.99282E-05 9.99282E-05 9.99282E-05 9.99282E-05 9.99282E-05 0.948629 0.0505716 9.99282E-05
0.288482 9.995E-05 9.995E-05 0.153128 9.995E-05 9.995E-05 0.0618717 0.0393603 9.995E-05 0.456658
0.999101 9.99201E-05 9.99201E-05 9.99201E-05 9.99201E-05 9.99201E-05 9.99201E-05 9.99201E-05 9.99201E-05 9.99201E-05
0.599709 9.99281E-05 9.99281E-05 9.99281E-05 9.99281E-05 9.99281E-05 9.99281E-05 9.99281E-05 9.99281E-05 0.399492
0.861552 9.99369E-05 9.99369E-05 0.109574 9.99369E-05 9.99369E-05 9.99369E-05 9.99369E-05 9.99369E-05 0.0281739
