0.029933 9.9982E-05 0.25035 9.9982E-05 0.0128868 0.263526 0.443104
0.324143 9.9982E-05 0.330624 9.9982E-05 0.150848 0.0964766 0.0977084
0.0949337 9.9982E-05 0.0774243 9.9982E-05 0.0797778 0.437457 0.310207
0.0099904 0.000355142 0.0786852 0.00731708 0.157468 0.402511 0.343673
9.9955E-05 9.9955E-05 9.9955E-05 9.9955E-05 9.9955E-05 0.775416 0.224084
9.9973E-05 9.9973E-05 0.0713348 9.9973E-05 0.0918965 0.388848 0.447621
0.248591 0.647229 9.9964E-05 9.9964E-05 0.10378 9.9964E-05 9.9964E-05
0.133043 0.643884 0.108011 9.9982E-05 0.0344754 0.0803871 9.9982E-05
0.101356 0.833587 0.0369229 9.9973E-05 0.0278336 9.9973E-05 9.9973E-05
0.0154861 0.8899 0.00295585 9.9982E-05 0.0677121 9.9982E-05 0.0237459
0.236605 0.686305 0.0489122 9.9973E-05 0.027878 9.9973E-05 9.9973E-05
0.50021 0.443867 9.9964E-05 9.9964E-05 9.9964E-05 0.0555231 9.9964E-05
0.0929815 0.673438 9.9973E-05 0.207469 9.9973E-05 0.0258117 9.9973E-05
9.99551E-05 0.957345 9.99551E-05 0.0421557 9.99551E-05 9.99551E-05 9.99551E-05
0.144638 0.745817 9.9964E-05 9.9964E-05 0.109145 9.9964E-05 9.9964E-05
0.322319 0.642594 9.99641E-05 9.99641E-05 0.0346876 9.99641E-05 9.99641E-05
0.0359693 9.9973E-05 9.9973E-05 9.9973E-05 0.196692 0.283496 0.483542
9.9982E-05 9.9982E-05 0.00932312 0.0931868 0.692389 0.0262904 0.178611
0.0400193 9.9982E-05 9.9982E-05 0.0348223 0.162914 0.045501 0.716543
9.9973E-05 9.9973E-05 9.9973E-05 0.0765374 0.173067 0.199112 0.550984
9.997E-05 0.0101328 9.997E-05 9.997E-05 0.507805 0.22622 0.255541
9.99639E-05 9.99639E-05 9.99639E-05 0.0325527 0.447135 9.99639E-05 0.519913
0.228113 9.9973E-05 0.219203 9.9973E-05 9.9973E-05 0.0540386 0.498346
0.0261004 9.9973E-05 0.23854 9.9973E-05 9.9973E-05 0.113268 0.621792
9.9973E-05 0.0311041 0.0485192 9.9973E-05 9.9973E-05 0.0786598 0.841417
9.9973E-05 9.9973E-05 0.149979 9.9973E-05 0.0248836 0.0920573 0.73278
9.9973E-05 9.9973E-05 9.9973E-05 0.093356 0.0124086 0.342264 0.551672
9.9964E-05 0.104048 9.9964E-05 9.9964E-05 9.9964E-05 0.458815 0.436737
9.998E-05 0.117822 0.257886 9.998E-05 0.274582 0.31253 0.0369799
9.9982E-05 0.179793 0.109226 9.9982E-05 0.373661 0.274461 0.0626595
0.301365 9.9973E-05 9.9973E-05 9.9973E-05 0.509922 0.0286895 0.159723
0.136668 9.9973E-05 9.9973E-05 9.9973E-05 0.278535 0.435608 0.148889
9.9964E-05 9.9964E-05 9.9964E-05 9.9964E-05 0.336085 0.344378 0.319138
0.0289262 0.0415007 0.075591 9.9973E-05 9.9973E-05 9.9973E-05 0.853682
0.386917 9.9964E-05 0.0392584 9.9964E-05 9.9964E-05 9.9964E-05 0.573425
0.0848658 9.9982E-05 9.9982E-05 0.0186994 0.106984 0.25922 0.530031
0.282056 9.9973E-05 9.9973E-05 0.197137 0.0827817 9.9973E-05 0.437724
0.0907841 9.9973E-05 9.9973E-05 0.0711116 9.9973E-05 0.136081 0.701723
0.00246157 0.0349925 0.126233 0.0292382 0.184349 9.9991E-05 0.622626
9.9982E-05 0.026511 9.9982E-05 0.0218557 0.153141 0.0953842 0.702908
9.99641E-05 9.99641E-05 0.568962 9.99641E-05 0.0732606 9.99641E-05 0.357377
9.9982E-05 9.9982E-05 0.224992 0.115823 0.0482715 0.33467 0.276043
9.9973E-05 9.9973E-05 9.9973E-05 0.138912 0.224497 0.359291 0.277
9.9973E-05 9.9973E-05 0.538748 0.170837 9.9973E-05 0.0621978 0.227917
9.9982E-05 0.0389249 0.148867 9.9982E-05 0.0539735 0.303165 0.45487
9.9973E-05 9.9973E-05 0.0144732 9.9973E-05 0.188548 0.199717 0.596962
9.9964E-05 9.9964E-05 9.9964E-05 0.0994232 0.66319 9.9964E-05 0.236987
0.159668 9.9964E-05 0.0945453 9.9964E-05 0.745387 9.9964E-05 9.9964E-05
0.0893576 9.9964E-05 0.0696807 9.9964E-05 0.840562 9.9964E-05 9.9964E-05
9.9964E-05 9.9964E-05 0.279625 9.9964E-05 0.66953 9.9964E-05 0.0504453
9.9973E-05 0.0108306 9.9973E-05 0.023895 0.77731 9.9973E-05 0.187664
9.9973E-05 0.133618 0.324614 9.9973E-05 0.144992 9.9973E-05 0.396477
9.9964E-05 9.9964E-05 9.9964E-05 0.0906519 0.501699 9.9964E-05 0.407249
9.9973E-05 9.9973E-05 0.239014 0.0520208 0.0763673 9.9973E-05 0.632298
9.9973E-05 0.0831896 0.276669 9.9973E-05 0.081313 9.9973E-05 0.558528
9.9973E-05 9.9973E-05 9.9973E-05 0.08974 0.0574979 0.169718 0.682744
0.177437 0.502873 0.0452339 0.0764146 9.998E-05 9.998E-05 0.197841
9.9973E-05 0.6643 9.9973E-05 0.174242 9.9973E-05 0.0424047 0.118753
0.0206264 9.9973E-05 0.0788815 0.898909 9.9973E-05 0.00128319 9.9973E-05
0.128781 0.219752 0.10024 0.478911 0.0523602 9.9991E-05 0.0198562
0.246892 0.136713 0.0120472 0.604048 9.9973E-05 9.9973E-05 9.9973E-05
0.178836 9.9982E-05 0.0229547 0.676855 0.115085 9.9982E-05 0.00606993
0.881299 9.9955E-05 9.9955E-05 9.9955E-05 0.118201 9.9955E-05 9.9955E-05
0.757365 9.99639E-05 9.99639E-05 0.173891 9.99639E-05 9.99639E-05 0.0683445
0.314677 0.555148 9.997E-05 0.065763 9.997E-05 0.0641124 9.997E-05
0.0103941 0.91062 9.9964E-05 0.0785859 9.9964E-05 9.9964E-05 9.9964E-05
0.188164 0.5431 9.9982E-05 0.128345 9.9982E-05 0.0339013 0.10629
9.99641E-05 0.483588 9.99641E-05 0.475946 9.99641E-05 9.99641E-05 0.0400654
0.534734 0.175485 9.9973E-05 0.215722 9.9973E-05 9.9973E-05 0.0737592
0.303029 0.3978 9.9973E-05 0.28736 9.9973E-05 9.9973E-05 0.011512
0.646293 0.170789 9.9973E-05 0.102013 9.9973E-05 9.9973E-05 0.0806055
0.216349 0.335215 9.9982E-05 0.348542 9.9982E-05 0.031421 0.0682734
0.707458 0.161997 9.997E-05 0.106712 9.997E-05 0.0235323 9.997E-05
0.125281 0.0149902 9.998E-05 0.729421 0.11686 0.0132489 9.998E-05
0.0614912 0.141546 9.9973E-05 0.652099 9.9973E-05 9.9973E-05 0.144564
0.0930373 9.9964E-05 9.9964E-05 0.754789 0.151774 9.9964E-05 9.9964E-05
0.33682 0.0328079 9.9973E-05 0.602749 9.9973E-05 0.0273233 9.9973E-05
9.9955E-05 9.9955E-05 9.9955E-05 0.963494 9.9955E-05 0.0360064 9.9955E-05
0.0797103 0.352624 9.9964E-05 0.567266 9.9964E-05 9.9964E-05 9.9964E-05
0.593375 0.19483 9.9973E-05 0.168701 0.0427946 9.9973E-05 9.9973E-05
0.0612413 0.0349436 0.0236473 0.722432 0.157535 9.9982E-05 9.9982E-05
9.9982E-05 9.9982E-05 0.117479 0.0455262 0.0385858 0.718688 0.0795209
9.9955E-05 9.9955E-05 0.878297 0.121203 9.9955E-05 9.9955E-05 9.9955E-05
9.9964E-05 9.9964E-05 0.770189 0.137558 9.9964E-05 0.0918528 9.9964E-05
9.9964E-05 0.0589611 9.9964E-05 9.9964E-05 0.153699 0.78694 9.9964E-05
9.9973E-05 0.0585002 0.125258 9.9973E-05 0.326742 0.489199 9.9973E-05
0.213393 9.99641E-05 0.220314 9.99641E-05 0.565893 9.99641E-05 9.99641E-05
0.190347 9.99731E-05 0.13716 9.99731E-05 0.174533 0.497659 9.99731E-05
0.100524 0.025852 0.259526 9.9991E-05 0.184634 0.412411 0.0169534
0.0602577 9.9964E-05 9.9964E-05 9.9964E-05 0.173147 0.766195 9.9964E-05
0.103184 9.9973E-05 0.223999 9.9973E-05 0.123817 0.5487 9.9973E-05
0.063658 9.9973E-05 9.9973E-05 0.0656866 9.9973E-05 0.855009 0.015347
9.9964E-05 9.9964E-05 9.9964E-05 0.0444287 9.9964E-05 0.683376 0.271795
9.9973E-05 0.0465407 9.9973E-05 9.9973E-05 0.0419256 0.711741 0.199493
0.0583643 9.9982E-05 9.9982E-05 0.0261834 0.0876074 0.665145 0.162499
0.0516944 9.9964E-05 9.9964E-05 9.9964E-05 0.526643 0.421263 9.9964E-05
9.9973E-05 0.00652316 9.9973E-05 9.9973E-05 0.280912 0.501296 0.21097
0.0462905 9.9973E-05 9.9973E-05 0.0693961 9.9973E-05 0.785002 0.0990119
0.0475588 9.9973E-05 9.9973E-05 0.0502019 9.9973E-05 0.726561 0.175379
0.0176932 0.0435996 0.154396 9.9982E-05 9.9982E-05 0.566672 0.21744
9.998E-05 0.0324808 0.414224 9.998E-05 0.239837 0.302505 0.0107528
9.9964E-05 9.9964E-05 0.448711 9.9964E-05 0.0995388 0.451351 9.9964E-05
9.9982E-05 9.9982E-05 0.605263 0.0117144 0.0504466 0.305351 0.0270254
9.9964E-05 9.9964E-05 0.634921 9.9964E-05 0.0110421 0.353637 9.9964E-05
9.9973E-05 0.0176062 0.0052392 9.9973E-05 0.244219 0.732635 9.9973E-05
9.9964E-05 9.9964E-05 9.9964E-05 9.9964E-05 0.0822089 0.85542 0.0619716
9.9982E-05 0.00670233 0.180501 9.9982E-05 0.116092 0.540318 0.156187
9.9973E-05 0.0334202 0.0825609 9.9973E-05 0.0346567 0.849062 9.9973E-05
0.0170935 9.9982E-05 0.0136816 0.0010928 0.0671112 0.900821 9.9982E-05
0.03642 9.9964E-05 0.0698404 9.9964E-05 9.9964E-05 0.89334 9.9964E-05
9.9964E-05 9.9964E-05 0.0908887 9.9964E-05 9.9964E-05 0.795273 0.113438
9.9964E-05 9.9964E-05 0.177662 9.9964E-05 9.9964E-05 0.813112 0.00882533
9.9973E-05 9.9973E-05 0.303768 9.9973E-05 0.170035 0.455985 0.0699133
9.9973E-05 9.9973E-05 0.384914 0.0915945 0.0599131 0.463279 9.9973E-05
0.0458058 9.9982E-05 0.202569 9.9982E-05 0.0857222 0.616923 0.04878
0.021635 9.998E-05 0.0789864 9.998E-05 0.0777744 0.813073 0.00833151
9.99641E-05 9.99641E-05 0.248147 9.99641E-05 0.0919969 0.659456 9.99641E-05
9.9964E-05 9.9964E-05 0.215253 0.0233022 9.9964E-05 0.761045 9.9964E-05
9.99639E-05 9.99639E-05 0.11351 9.99639E-05 0.131318 0.754772 9.99639E-05
0.11012 9.9964E-05 0.686878 9.9964E-05 9.9964E-05 0.202602 9.9964E-05
0.106429 9.9964E-05 0.532576 9.9964E-05 9.9964E-05 0.360596 9.9964E-05
0.0796044 9.9964E-05 0.383382 9.9964E-05 9.9964E-05 0.536613 9.9964E-05
9.9955E-05 9.9955E-05 0.195495 9.9955E-05 9.9955E-05 0.804005 9.9955E-05
0.0435196 0.0191319 0.0861305 0.063531 9.999E-05 0.74898 0.0386065
0.0339347 9.998E-05 0.151016 0.00737281 9.998E-05 0.748624 0.0588526
0.0292642 9.9973E-05 0.150908 9.9973E-05 0.0128207 0.806707 9.9973E-05
9.9973E-05 0.272704 0.0418282 9.9973E-05 9.9973E-05 0.580559 0.104609
0.0892053 0.0457904 0.0556899 0.25228 9.998E-05 0.556834 9.998E-05
9.9964E-05 9.9964E-05 0.215841 9.9964E-05 0.15131 0.632449 9.9964E-05
9.9964E-05 9.9964E-05 0.698065 9.9964E-05 0.0731828 0.228352 9.9964E-05
0.124293 9.9964E-05 0.430011 9.9964E-05 9.9964E-05 0.445296 9.9964E-05
9.9964E-05 0.0140043 0.617049 9.9964E-05 9.9964E-05 0.368547 9.9964E-05
9.9955E-05 9.9955E-05 0.904252 9.9955E-05 0.0952477 9.9955E-05 9.9955E-05
9.9964E-05 9.9964E-05 0.203594 9.9964E-05 0.102167 0.69384 9.9964E-05
9.9973E-05 0.024518 0.665297 9.9973E-05 9.9973E-05 0.300523 0.00936226
9.9964E-05 0.0107456 0.361368 9.9964E-05 9.9964E-05 0.627486 9.9964E-05
9.997E-05 9.997E-05 0.423464 9.997E-05 0.104805 0.425693 0.0457379
0.0621475 9.9964E-05 0.506997 9.9964E-05 9.9964E-05 0.430456 9.9964E-05
0.732127 9.9964E-05 0.0892607 0.178212 9.9964E-05 9.9964E-05 9.9964E-05
0.302531 0.248018 0.0294807 0.41967 9.9973E-05 9.9973E-05 9.9973E-05
0.38228 0.293451 9.9973E-05 0.250163 0.0738056 9.9973E-05 9.9973E-05
0.0169225 0.119241 0.0992528 0.629522 0.134862 9.9982E-05 9.9982E-05
0.0825069 0.0900549 0.0465447 0.695119 0.0305077 0.0551664 9.9991E-05
0.116915 0.0279018 9.9973E-05 0.847383 0.00750034 9.9973E-05 9.9973E-05
0.406948 0.255871 0.00990233 0.312262 9.9982E-05 9.9982E-05 0.0148167
0.648617 0.139436 9.9964E-05 0.211546 9.9964E-05 9.9964E-05 9.9964E-05
0.97392 9.99552E-05 0.0255803 9.99552E-05 9.99552E-05 9.99552E-05 9.99552E-05
0.11027 0.104187 9.9982E-05 0.677253 0.0327685 0.0753212 9.9982E-05
9.99641E-05 0.0508915 9.99641E-05 0.919662 9.99641E-05 9.99641E-05 0.0290462
9.99551E-05 9.99551E-05 9.99551E-05 0.925728 9.99551E-05 9.99551E-05 0.0737727
9.9973E-05 0.111887 9.9973E-05 0.827113 9.9973E-05 0.0400528 0.0206472
