0.328108 9.9982E-05 0.494052 0.0371717 0.0331627 9.9982E-05 0.107306
0.261023 0.138409 0.268073 0.332195 9.9973E-05 9.9973E-05 9.9973E-05
0.22799 9.9991E-05 0.381779 0.1268 0.0349961 0.00620048 0.222134
9.9973E-05 9.9973E-05 0.254702 0.136644 0.0314946 9.9973E-05 0.576859
0.406476 9.9982E-05 0.107362 9.9982E-05 0.0924498 0.0342142 0.359299
0.0881168 9.9973E-05 0.226315 9.9973E-05 0.153459 9.9973E-05 0.531809
9.9964E-05 0.909088 9.9964E-05 0.0361147 0.0543973 9.9964E-05 9.9964E-05
0.124818 0.66091 9.9973E-05 9.9973E-05 0.20876 0.00521183 9.9973E-05
9.9964E-05 0.82531 9.9964E-05 9.9964E-05 9.9964E-05 0.109767 0.0645228
9.9964E-05 0.809843 9.9964E-05 9.9964E-05 0.103312 0.0864456 9.9964E-05
9.9964E-05 0.934933 0.0377808 9.9964E-05 9.9964E-05 9.9964E-05 0.0268863
0.0552149 0.899651 0.0160614 9.9973E-05 9.9973E-05 9.9973E-05 0.028773
9.9964E-05 0.680194 9.9964E-05 9.9964E-05 9.9964E-05 0.288265 0.0311415
9.99641E-05 0.669368 9.99641E-05 9.99641E-05 0.0802376 0.249995 9.99641E-05
9.997E-05 0.813024 0.0285589 9.997E-05 0.0758406 0.0822761 9.997E-05
0.045749 0.953751 9.99551E-05 9.99551E-05 9.99551E-05 9.99551E-05 9.99551E-05
0.252783 9.9973E-05 0.124435 9.9973E-05 0.511621 9.9973E-05 0.110861
0.0277879 9.9973E-05 9.9973E-05 0.297755 0.657048 0.0171097 9.9973E-05
9.9982E-05 9.9982E-05 0.391478 0.0172857 0.38441 0.0267997 0.179826
9.9964E-05 9.9964E-05 0.0488371 9.9964E-05 0.573391 9.9964E-05 0.377372
0.0864622 9.9973E-05 9.9973E-05 0.153186 0.620048 9.9973E-05 0.140004
9.9964E-05 9.9964E-05 9.9964E-05 0.0235092 0.81638 9.9964E-05 0.159711
0.198804 0.159703 0.561174 9.9973E-05 0.0800201 9.9973E-05 9.9973E-05
0.262906 9.9964E-05 0.696501 9.9964E-05 9.9964E-05 0.040193 9.9964E-05
0.0265768 9.9982E-05 0.686576 9.9982E-05 0.173634 0.000969137 0.112043
0.0833645 9.9973E-05 0.330977 9.9973E-05 0.313681 9.9973E-05 0.271678
0.286402 9.9982E-05 0.0705949 9.9982E-05 0.499426 0.0905832 0.0527933
0.199339 9.9982E-05 0.112731 9.9982E-05 0.293375 0.0626443 0.331711
0.503428 0.0321721 9.9973E-05 0.129674 0.334426 9.9973E-05 9.9973E-05
0.31876 0.031517 9.9991E-05 0.226022 0.361903 0.0225257 0.0391719
9.9973E-05 0.0532956 9.9973E-05 0.444068 0.329862 9.9973E-05 0.172474
0.135389 0.0632423 9.9982E-05 0.115601 0.350011 9.9982E-05 0.335557
0.0506351 9.9973E-05 9.9973E-05 0.0646606 0.413977 9.9973E-05 0.470428
9.9973E-05 0.0311364 0.868034 9.9973E-05 0.0723739 9.9973E-05 0.0281563
9.99639E-05 0.0481594 0.804758 0.146683 9.99639E-05 9.99639E-05 9.99639E-05
0.0896906 0.0109601 0.248415 9.9982E-05 0.443522 9.9982E-05 0.207213
9.9982E-05 9.9982E-05 0.366352 0.211953 0.0225208 0.31636 0.0826144
0.0349743 9.9982E-05 0.486912 9.9982E-05 0.210288 0.137161 0.130464
9.9982E-05 9.9982E-05 0.522017 0.161118 0.21952 0.0669826 0.0301623
9.9964E-05 9.9964E-05 0.248682 9.9964E-05 0.502009 9.9964E-05 0.248909
0.127317 9.997E-05 0.391441 0.202268 9.997E-05 9.997E-05 0.278675
0.155382 9.9991E-05 0.183066 0.0909073 0.0420783 0.0515541 0.476912
9.998E-05 9.998E-05 0.120231 0.128489 0.0752343 0.0983158 0.577531
0.285454 0.0733867 0.274599 9.9982E-05 9.9982E-05 0.0583738 0.307987
0.123957 9.9973E-05 0.221658 9.9973E-05 0.196713 9.9973E-05 0.457372
9.9973E-05 9.9973E-05 0.282872 0.0934067 0.186299 9.9973E-05 0.437122
9.9973E-05 0.0358082 9.9973E-05 0.228048 0.722687 0.0131573 9.9973E-05
9.9973E-05 0.0077742 9.9973E-05 0.560921 0.421647 9.9973E-05 0.00935805
9.9955E-05 9.9955E-05 9.9955E-05 0.764553 0.234947 9.9955E-05 9.9955E-05
0.133163 9.9973E-05 0.0177696 0.578802 0.269965 9.9973E-05 9.9973E-05
9.99639E-05 9.99639E-05 9.99639E-05 0.405371 0.562761 0.0314682 9.99639E-05
0.258001 0.103987 0.326685 9.9973E-05 0.311027 9.9973E-05 9.9973E-05
0.045557 9.9982E-05 0.142935 0.0914016 0.683448 0.0364592 9.9982E-05
0.103417 9.9973E-05 0.443924 9.9973E-05 0.448899 0.00346026 9.9973E-05
0.11339 0.00523961 0.367937 9.9973E-05 0.513134 9.9973E-05 9.9973E-05
9.9964E-05 9.9964E-05 0.199799 9.9964E-05 0.516055 9.9964E-05 0.283747
0.0223922 0.415339 0.299602 9.9973E-05 9.9973E-05 0.262367 9.9973E-05
0.03876 0.367659 0.128883 9.9973E-05 9.9973E-05 0.464398 9.9973E-05
0.0685611 9.9964E-05 0.0140563 9.9964E-05 9.9964E-05 0.916983 9.9964E-05
0.00861907 0.407948 0.0334914 9.9982E-05 0.110367 0.439375 9.9982E-05
9.9973E-05 0.415001 9.9973E-05 0.0250681 9.9973E-05 0.550901 0.00872997
9.9973E-05 0.227841 9.9973E-05 0.0472695 0.19006 0.534529 9.9973E-05
9.99639E-05 0.637965 0.0199843 0.341651 9.99639E-05 9.99639E-05 9.99639E-05
9.9982E-05 0.739774 0.092022 9.9982E-05 0.0551622 0.00625975 0.106582
9.9964E-05 0.793462 9.9964E-05 9.9964E-05 9.9964E-05 0.0834437 0.122695
9.9955E-05 0.771788 9.9955E-05 9.9955E-05 9.9955E-05 0.227713 9.9955E-05
9.9973E-05 0.562185 0.173121 9.9973E-05 9.9973E-05 0.228607 0.0357865
9.99641E-05 0.255222 0.171213 9.99641E-05 9.99641E-05 0.573165 9.99641E-05
9.9973E-05 0.604736 0.168612 0.102108 9.9973E-05 0.124245 9.9973E-05
9.9964E-05 0.609134 0.0850684 9.9964E-05 9.9964E-05 0.305398 9.9964E-05
9.9982E-05 0.640651 0.163087 0.122431 9.9982E-05 0.0467903 0.0268416
9.9964E-05 0.350065 0.143445 9.9964E-05 9.9964E-05 0.506091 9.9964E-05
0.0478414 0.876964 0.0745187 0.000376061 9.9973E-05 9.9973E-05 9.9973E-05
0.00800581 0.259961 9.9973E-05 9.9973E-05 0.139706 0.592028 9.9973E-05
9.9973E-05 0.140767 0.0905917 9.9973E-05 0.0970773 0.671264 9.9973E-05
9.9982E-05 0.044424 9.9982E-05 0.100293 0.0696925 0.778254 0.0071363
9.997E-05 0.35465 9.997E-05 0.0154487 9.997E-05 0.516364 0.113238
9.9955E-05 9.9955E-05 9.9955E-05 9.9955E-05 9.9955E-05 0.975808 0.0236922
9.9964E-05 0.410601 0.0133309 9.9964E-05 9.9964E-05 0.575668 9.9964E-05
9.9964E-05 0.830266 9.9964E-05 9.9964E-05 0.163823 0.00551065 9.9964E-05
9.9982E-05 0.148073 9.9982E-05 0.12415 0.0431646 0.674136 0.0102768
0.622915 9.9982E-05 0.018157 9.9982E-05 0.11849 0.0350686 0.20517
0.701597 0.0326828 0.138361 0.0746955 0.0524635 9.9982E-05 9.9982E-05
0.746047 9.997E-05 0.106974 0.0788022 9.997E-05 0.0678774 9.997E-05
0.598886 9.9982E-05 9.9982E-05 0.00578482 0.0581601 0.056228 0.280741
0.564978 0.0159858 9.9982E-05 0.1529 0.153173 9.9982E-05 0.112763
0.0480273 9.9955E-05 9.9955E-05 0.951473 9.9955E-05 9.9955E-05 9.9955E-05
0.0804834 0.0511503 9.9973E-05 0.319253 9.9973E-05 9.9973E-05 0.548814
0.053844 0.0203884 0.105963 0.303675 9.9982E-05 9.9982E-05 0.51593
0.188748 9.9964E-05 9.9964E-05 0.129803 9.9964E-05 9.9964E-05 0.681049
0.321212 9.996E-05 9.996E-05 0.331054 9.996E-05 9.996E-05 0.347335
0.0433195 0.0147606 9.9973E-05 9.9973E-05 9.9973E-05 0.0276498 0.91397
9.9955E-05 9.9955E-05 0.00253182 9.9955E-05 9.9955E-05 9.9955E-05 0.996968
0.179466 9.9973E-05 0.0457456 9.9973E-05 0.0876746 9.9973E-05 0.686813
0.0498824 9.9991E-05 0.0067544 0.0996854 0.00975303 0.0438335 0.789991
9.99729E-05 0.011002 9.99729E-05 0.399402 0.0349593 9.99729E-05 0.554337
0.0803379 9.9982E-05 0.0103182 0.117782 0.062316 9.9982E-05 0.729046
0.0896256 0.0314263 9.9973E-05 9.9973E-05 9.9973E-05 0.0167834 0.861865
0.0866428 9.9973E-05 0.0656667 9.9973E-05 9.9973E-05 0.0240136 0.823377
0.240067 0.0383622 0.151232 9.997E-05 9.997E-05 9.997E-05 0.570039
0.589526 9.9973E-05 9.9973E-05 0.188821 0.14019 9.9973E-05 0.0811627
0.83367 9.9982E-05 0.122253 0.000461695 0.0410569 9.9982E-05 0.00235862
0.810038 9.9964E-05 0.126107 0.0634545 9.9964E-05 9.9964E-05 9.9964E-05
0.748271 9.9973E-05 0.063506 0.0849458 9.9973E-05 9.9973E-05 0.102977
0.630368 9.9973E-05 9.9973E-05 0.19592 9.9973E-05 0.0489344 0.124478
0.71078 9.9964E-05 9.9964E-05 9.9964E-05 0.179295 9.9964E-05 0.109526
0.686094 9.9964E-05 0.0063712 9.9964E-05 0.307135 9.9964E-05 9.9964E-05
0.749018 0.00240224 9.9982E-05 9.9982E-05 0.155553 0.0210003 0.0718258
0.666085 9.997E-05 9.997E-05 9.997E-05 0.0322481 0.0819822 0.219384
0.640008 9.9964E-05 9.9964E-05 9.9964E-05 0.01246 9.9964E-05 0.347132
0.666228 9.9973E-05 0.0825731 9.9973E-05 9.9973E-05 0.021557 0.229342
0.793115 9.9964E-05 0.0711786 9.9964E-05 9.9964E-05 9.9964E-05 0.135306
0.484789 9.998E-05 0.0816689 0.110572 0.0625365 9.998E-05 0.260234
0.602996 9.9964E-05 9.9964E-05 9.9964E-05 0.22798 9.9964E-05 0.168624
0.56331 9.9982E-05 0.148918 0.0700294 0.0157518 9.9982E-05 0.201791
0.593321 9.9982E-05 0.00376864 0.0169368 0.0975705 9.9982E-05 0.288203
0.746041 9.99731E-05 9.99731E-05 0.0225786 0.0768551 9.99731E-05 0.154226
0.856165 9.9973E-05 9.9973E-05 9.9973E-05 0.0451966 0.0154524 0.0828863
0.564286 9.99639E-05 9.99639E-05 0.0945767 9.99639E-05 9.99639E-05 0.340737
0.586128 9.9964E-05 0.283179 0.130293 9.9964E-05 9.9964E-05 9.9964E-05
0.579356 9.9973E-05 0.174801 0.195521 9.9973E-05 9.9973E-05 0.0500216
0.705993 0.0173181 0.109613 0.0753696 9.9991E-05 0.0155512 0.0760553
0.71779 9.9955E-05 9.9955E-05 9.9955E-05 9.9955E-05 9.9955E-05 0.28171
0.575789 0.0205763 9.9982E-05 9.9982E-05 0.01801 0.052801 0.332623
0.646878 9.9973E-05 0.110486 9.9973E-05 9.9973E-05 0.0541313 0.188204
0.696712 9.997E-05 9.997E-05 9.997E-05 0.0458702 0.0168945 0.240224
0.568903 0.0316916 0.141252 9.9973E-05 9.9973E-05 0.257853 9.9973E-05
0.513479 0.0966294 9.9973E-05 9.9973E-05 9.9973E-05 0.304609 0.0849833
0.794073 9.9973E-05 9.9973E-05 0.0859434 0.0173262 9.9973E-05 0.102358
0.734967 9.9964E-05 0.0834736 0.18116 9.9964E-05 9.9964E-05 9.9964E-05
0.674785 0.0328625 0.165391 0.116672 9.998E-05 9.998E-05 0.0100894
0.721991 9.9973E-05 0.179326 0.0762338 9.9973E-05 9.9973E-05 0.0221499
0.635524 9.9964E-05 0.151774 0.212302 9.9964E-05 9.9964E-05 9.9964E-05
0.833218 9.9973E-05 9.9973E-05 9.9973E-05 0.0520343 0.0161193 0.0983289
0.685686 9.9973E-05 0.146315 0.114442 9.9973E-05 9.9973E-05 0.0532569
0.764125 9.9964E-05 0.0533527 9.9964E-05 9.9964E-05 9.9964E-05 0.182123
0.607277 9.998E-05 0.118331 0.16853 0.00539441 9.998E-05 0.100268
0.882388 0.0346134 9.9964E-05 0.0825992 9.9964E-05 9.9964E-05 9.9964E-05
0.0491816 0.5049 0.0151375 0.321285 9.9982E-05 0.109295 9.9982E-05
9.9964E-05 0.640945 9.9964E-05 0.0418419 9.9964E-05 0.316813 9.9964E-05
9.9991E-05 0.558764 0.00061068 0.165367 0.00941176 0.262497 0.00324901
0.0733832 0.0619426 9.997E-05 0.153226 9.997E-05 0.711148 9.997E-05
9.9973E-05 0.103894 9.9973E-05 0.124354 9.9973E-05 0.716514 0.0549379
0.00526338 0.132429 9.9973E-05 0.0477948 9.9973E-05 0.814213 9.9973E-05
9.9973E-05 0.614698 0.068697 9.9973E-05 9.9973E-05 0.279322 0.0369836
9.9982E-05 0.789326 0.00323204 0.0729159 9.9982E-05 0.0841392 0.050187
9.99551E-05 0.565692 9.99551E-05 0.433808 9.99551E-05 9.99551E-05 9.99551E-05
0.0947828 0.200303 9.997E-05 0.0366756 9.997E-05 0.667938 9.997E-05
9.99641E-05 9.99641E-05 0.0157256 9.99641E-05 0.0643974 0.919477 9.99641E-05
9.99551E-05 9.99551E-05 0.0431655 9.99551E-05 9.99551E-05 0.956335 9.99551E-05
9.99641E-05 0.00656532 9.99641E-05 9.99641E-05 0.0832495 0.909785 9.99641E-05
