0.193319 0.029092 0.777589
0.527587 9.9991E-05 0.472313
0.206001 0.0383795 0.75562
0.158412 0.0904672 0.751121
9.9991E-05 0.102132 0.897768
9.999E-05 0.107938 0.891962
0.608005 0.391895 9.9991E-05
0.34351 0.52881 0.127681
0.371151 0.628749 9.9991E-05
0.391878 0.608022 9.9991E-05
0.511543 0.488357 9.9991E-05
0.521192 0.478708 9.9991E-05
0.26983 0.73007 9.9991E-05
0.194754 0.805146 9.9991E-05
0.437357 0.562544 9.9991E-05
0.500522 0.499378 9.9991E-05
0.0959113 0.157932 0.746156
0.402984 0.139442 0.457574
0.152653 0.299151 0.548195
0.00986398 0.31714 0.672996
0.245204 0.131142 0.623654
0.248738 0.174563 0.576698
0.320592 0.114078 0.56533
0.0554989 0.195991 0.74851
0.00734514 0.24953 0.743125
0.0432056 0.151862 0.804932
9.9991E-05 0.290148 0.709752
9.9991E-05 0.250007 0.749893
0.206001 0.0745069 0.719492
0.325438 0.074291 0.600271
0.648943 9.9991E-05 0.350957
0.26379 0.117656 0.618554
0.234999 0.0117808 0.75322
0.132222 0.239834 0.627945
0.530496 0.103604 0.3659
0.144172 0.186109 0.669719
0.233352 0.429102 0.337547
0.159233 0.25756 0.583207
0.291796 0.193075 0.515129
0.0979326 0.249239 0.652829
0.309757 9.9991E-05 0.690143
0.0539747 0.166093 0.779932
0.0864757 0.224958 0.688566
0.0888601 0.210554 0.700586
0.122243 0.0728377 0.804919
0.134996 0.154602 0.710401
0.483383 0.222378 0.294239
0.668709 0.000706263 0.330584
0.801868 9.9991E-05 0.198032
0.541094 9.9991E-05 0.458806
0.503396 0.103234 0.393369
0.282097 0.170117 0.547786
0.25335 0.201614 0.545036
0.175137 0.211656 0.613207
0.261399 0.143714 0.594887
9.9991E-05 0.275347 0.724553
0.324612 0.575725 0.0996624
0.141015 0.7801 0.0788855
9.9991E-05 0.938865 0.061035
0.274129 0.695266 0.030605
0.178167 0.821733 9.9991E-05
0.200859 0.706082 0.0930592
0.834699 0.165201 9.9991E-05
0.542535 0.45189 0.00557459
0.399881 0.600019 9.9991E-05
0.279675 0.720225 9.9991E-05
0.303416 0.649162 0.0474222
0.0369422 0.962958 9.9991E-05
0.468116 0.531784 9.9991E-05
0.286113 0.713787 9.9991E-05
0.500128 0.463665 0.0362074
0.202655 0.736367 0.0609782
0.54039 0.455667 0.00394262
0.0971351 0.8368 0.0660648
0.000296654 0.882584 0.117119
0.111722 0.866002 0.0222758
0.237927 0.761973 9.9991E-05
9.999E-05 0.9998 9.999E-05
0.136654 0.863246 9.9991E-05
0.505353 0.494547 9.9991E-05
0.104139 0.826892 0.0689689
9.9991E-05 0.0837196 0.91618
0.202627 9.9991E-05 0.797274
0.155177 0.0570049 0.787818
0.0282578 0.110316 0.861427
0.19974 9.9991E-05 0.80016
0.748361 9.9991E-05 0.251539
0.307928 0.0397871 0.652285
0.345317 0.00994357 0.64474
0.0767523 0.0577355 0.865512
0.253975 9.9991E-05 0.745925
9.9991E-05 0.208033 0.791867
9.9991E-05 0.160379 0.839521
9.9991E-05 0.111452 0.888448
0.0580985 0.104672 0.837229
0.408451 0.0119907 0.579559
0.121909 0.0657897 0.812301
9.9991E-05 0.172494 0.827406
9.9991E-05 0.173153 0.826747
0.0953956 0.0741457 0.830459
0.243165 9.9991E-05 0.756735
0.0285894 9.9991E-05 0.971311
0.0847767 9.9991E-05 0.915123
0.134518 9.9991E-05 0.865382
0.163425 0.0264139 0.810161
9.9991E-05 0.0190995 0.980801
9.9991E-05 0.0749613 0.924939
0.00341257 0.0513366 0.945251
0.00923635 0.0638653 0.926898
9.9991E-05 0.0547445 0.945156
9.9991E-05 0.0383649 0.961535
9.999E-05 9.999E-05 0.9998
0.109873 9.9991E-05 0.890027
0.0889154 0.0406705 0.870414
0.134813 9.9991E-05 0.865087
0.0404165 0.0228612 0.936722
0.015377 0.00142947 0.983194
9.999E-05 9.999E-05 0.9998
0.0861339 9.9991E-05 0.913766
0.264475 9.9991E-05 0.735425
0.231372 9.9991E-05 0.768528
0.118605 9.9991E-05 0.881295
9.999E-05 9.999E-05 0.9998
9.9991E-05 0.102904 0.896996
9.9991E-05 0.0755604 0.92434
0.0046094 0.0387025 0.956688
9.9991E-05 0.309883 0.690017
9.9991E-05 0.384041 0.615859
0.098436 9.9991E-05 0.901464
0.224868 9.9991E-05 0.775032
0.203512 9.9991E-05 0.796388
0.156684 9.9991E-05 0.843216
0.305906 9.9991E-05 0.693994
0.0439961 0.0125736 0.94343
0.190956 9.9991E-05 0.808944
0.0198664 0.029014 0.95112
0.137405 9.9991E-05 0.862495
0.166597 9.9991E-05 0.833303
0.636105 0.359842 0.00405272
0.335816 0.664084 9.9991E-05
0.393492 0.606408 9.9991E-05
0.137224 0.735322 0.127454
0.0742084 0.784746 0.141046
0.0464969 0.953403 9.9991E-05
0.350202 0.638638 0.01116
0.487482 0.512418 9.9991E-05
0.950876 0.0490242 9.9991E-05
0.0868104 0.825888 0.0873018
9.999E-05 0.9998 9.999E-05
9.999E-05 0.9998 9.999E-05
9.9991E-05 0.973258 0.0266424
