9.9982E-05 0.514383 0.36809 9.9982E-05 0.117327
9.999E-05 0.0905256 0.365306 0.13214 0.411928
0.0028284 0.394243 0.436805 0.0774312 0.0886925
0.0322088 0.469632 0.326987 0.171072 9.9991E-05
0.0440409 0.272451 0.683308 9.9982E-05 9.9982E-05
9.9982E-05 0.529796 0.409585 0.0604193 9.9982E-05
0.113013 9.9973E-05 9.9973E-05 9.9973E-05 0.886687
0.277011 0.0422229 0.125557 9.9991E-05 0.555109
0.340377 9.9973E-05 9.9973E-05 9.9973E-05 0.659323
0.306366 0.0438733 9.9982E-05 9.9982E-05 0.649561
0.227628 9.9973E-05 9.9973E-05 9.9973E-05 0.772072
0.192614 0.0154252 9.9982E-05 9.9982E-05 0.791761
0.545455 9.9973E-05 9.9973E-05 9.9973E-05 0.454245
0.558553 0.0285254 9.9982E-05 9.9982E-05 0.412721
0.304473 0.00524676 0.000912404 0.0157509 0.673616
0.210455 9.9973E-05 9.9973E-05 9.9973E-05 0.789245
0.034592 0.523514 0.252921 0.188723 0.000249153
0.0836812 0.254734 0.0296509 0.631834 9.9991E-05
0.081705 0.692886 9.9991E-05 0.213618 0.0116914
0.0997426 0.606434 0.118751 0.174973 9.9991E-05
0.0719893 0.354203 0.158434 0.415274 9.9991E-05
0.0335977 0.600592 9.9982E-05 0.36561 9.9982E-05
9.9982E-05 0.480289 0.198491 9.9982E-05 0.321019
9.9982E-05 0.679149 0.268928 9.9982E-05 0.0517225
9.9982E-05 0.870933 0.0996215 9.9982E-05 0.029245
9.9982E-05 0.799657 0.181632 0.0185112 9.9982E-05
0.156734 0.53491 0.308156 9.9982E-05 9.9982E-05
0.104301 0.516725 0.378774 9.9982E-05 9.9982E-05
0.0497338 0.105666 0.459148 0.35081 0.0346428
0.0893932 0.164116 0.316409 0.40525 0.0248325
9.9982E-05 0.241011 9.9982E-05 0.550398 0.208391
0.0822137 0.205072 0.350303 0.288272 0.0741402
9.9982E-05 0.427198 0.251039 0.321562 9.9982E-05
9.9973E-05 0.907461 9.9973E-05 9.9973E-05 0.0922396
9.9973E-05 0.640307 9.9973E-05 9.9973E-05 0.359393
0.0102521 0.618449 0.147333 0.0990941 0.124872
0.201338 0.49138 9.9991E-05 0.115917 0.191264
0.0601614 0.705511 0.0771986 9.9991E-05 0.157029
0.0141876 0.69447 9.9991E-05 0.151021 0.140221
0.0820463 0.774558 9.9982E-05 0.143196 9.9982E-05
9.9991E-05 0.467085 0.31653 0.196168 0.0201162
0.0634109 0.437026 0.435214 0.0642492 9.9991E-05
0.16146 0.427027 0.247215 0.164198 9.9991E-05
0.0946409 0.28534 0.548367 9.9991E-05 0.0715516
9.9991E-05 0.626644 0.331638 0.0294751 0.0121433
0.00652192 0.715973 0.0673066 0.210098 9.9991E-05
0.13829 0.279595 9.9982E-05 0.581915 9.9982E-05
0.0648122 0.010944 0.0607164 0.863427 9.9991E-05
9.997E-05 9.997E-05 9.997E-05 0.9996 9.997E-05
9.9982E-05 0.0440833 0.203039 0.752677 9.9982E-05
0.0889289 0.194586 9.9982E-05 0.716285 9.9982E-05
9.9991E-05 0.464643 0.169861 0.192747 0.172649
0.107219 0.433282 9.9982E-05 0.459298 9.9982E-05
0.023433 0.692042 0.0802868 0.204138 9.9991E-05
9.9991E-05 0.662931 0.0584774 0.181164 0.0973269
0.120021 0.712458 0.131165 0.036256 9.9991E-05
0.283482 0.277983 9.9982E-05 9.9982E-05 0.438335
0.51017 0.144549 0.0109364 9.9991E-05 0.334245
0.906096 0.0166247 0.0527477 9.9991E-05 0.0244314
0.525725 0.0544738 9.9991E-05 0.0138387 0.405863
0.616943 9.9973E-05 9.9973E-05 9.9973E-05 0.382757
0.648708 9.9982E-05 9.9982E-05 0.187083 0.164009
9.9973E-05 9.9973E-05 9.9973E-05 0.0975827 0.902117
0.142699 0.129444 9.9982E-05 9.9982E-05 0.727658
0.333786 9.9973E-05 9.9973E-05 9.9973E-05 0.665914
0.468595 9.9973E-05 9.9973E-05 9.9973E-05 0.531105
0.383428 0.182598 9.9982E-05 9.9982E-05 0.433774
0.704546 0.0917011 9.9982E-05 9.9982E-05 0.203553
0.235065 0.111128 9.9982E-05 9.9982E-05 0.653607
0.480121 0.00688725 9.9982E-05 9.9982E-05 0.512792
0.153762 0.0963148 0.0109808 9.9991E-05 0.738843
0.530594 0.0862049 9.9982E-05 9.9982E-05 0.383001
0.169642 9.9982E-05 0.00628505 9.9982E-05 0.823873
0.714033 9.9991E-05 0.0435015 0.0884181 0.153947
0.702503 0.185908 9.9982E-05 9.9982E-05 0.111389
0.723034 9.9982E-05 9.9982E-05 0.129988 0.146778
0.628057 9.9982E-05 0.0567072 9.9982E-05 0.315036
0.961119 9.9973E-05 9.9973E-05 0.0385808 9.9973E-05
0.655332 9.9973E-05 9.9973E-05 9.9973E-05 0.344368
0.257524 9.9982E-05 9.9982E-05 0.0347422 0.707533
0.691701 9.9982E-05 9.9982E-05 0.0831429 0.224956
0.104382 0.105855 0.789564 9.9982E-05 9.9982E-05
9.99731E-05 9.99731E-05 0.819442 9.99731E-05 0.180258
9.99731E-05 9.99731E-05 0.836944 9.99731E-05 0.162756
0.102391 0.0297559 0.780104 0.0876488 9.9991E-05
0.0547105 9.9982E-05 0.679555 0.265535 9.9982E-05
9.99821E-05 9.99821E-05 0.177083 0.685148 0.13757
0.0425377 0.0381007 0.564712 0.229181 0.125469
9.9991E-05 0.144695 0.512679 0.150093 0.192433
0.0791314 0.0582495 0.707901 0.154618 9.9991E-05
9.9982E-05 9.9982E-05 0.710023 0.27464 0.0151377
0.189086 0.087824 0.72289 9.9982E-05 9.9982E-05
0.102422 0.445434 0.451944 9.9982E-05 9.9982E-05
0.0642054 0.309826 0.609414 0.016455 9.9991E-05
0.0743428 0.241857 0.580227 0.103473 9.9991E-05
0.063316 0.05778 0.34239 0.507645 0.0288685
0.032136 0.326476 0.412688 0.228599 9.9991E-05
0.1367 0.199261 0.663838 9.9982E-05 9.9982E-05
0.116589 0.300752 0.582459 9.9982E-05 9.9982E-05
0.00802668 0.296713 0.639259 9.9991E-05 0.0559012
9.9982E-05 0.0586091 0.63388 0.307311 9.9982E-05
9.9982E-05 0.0418493 0.887191 0.0707593 9.9982E-05
9.9991E-05 0.0393237 0.851982 0.096119 0.0124756
9.9982E-05 9.9982E-05 0.868165 0.0787513 0.0528837
0.0542447 9.9991E-05 0.756857 0.179996 0.00880285
0.0432858 0.130594 0.82592 9.9982E-05 9.9982E-05
0.033941 0.233636 0.678266 0.0540562 9.9991E-05
0.0891081 9.9982E-05 0.902012 0.00868008 9.9982E-05
0.107493 0.032072 0.849481 0.0108546 9.9991E-05
0.0475565 0.0374272 0.914816 9.9982E-05 9.9982E-05
0.0457666 0.12433 0.829703 9.9982E-05 9.9982E-05
0.0264105 9.9973E-05 0.97329 9.9973E-05 9.9973E-05
9.9982E-05 0.248949 0.566133 0.184718 9.9982E-05
0.101734 9.9982E-05 0.725077 0.172989 9.9982E-05
9.9982E-05 0.136932 0.752625 0.110243 9.9982E-05
0.0390652 0.0563056 0.826317 0.0782122 9.9991E-05
0.0457367 9.9982E-05 0.900082 0.0539813 9.9982E-05
0.0430295 0.0336723 0.923098 9.9982E-05 9.9982E-05
0.0259621 0.0128233 0.874195 0.0869197 9.9991E-05
9.99731E-05 9.99731E-05 0.751383 9.99731E-05 0.248317
9.9982E-05 9.9982E-05 0.841257 0.0892391 0.0693044
9.9982E-05 9.9982E-05 0.865398 0.0480055 0.0863965
0.041738 0.0376049 0.920457 9.9982E-05 9.9982E-05
0.101982 0.0914717 0.806347 9.9982E-05 9.9982E-05
0.0515567 0.131054 0.817189 9.9982E-05 9.9982E-05
0.0606974 9.9991E-05 0.92891 0.0051317 0.00516112
0.268036 0.122986 0.603687 9.9991E-05 0.00519161
0.337475 9.9982E-05 0.596764 9.9982E-05 0.0655618
0.000125907 9.9982E-05 0.837279 0.162395 9.9982E-05
9.9982E-05 9.9982E-05 0.823797 0.11304 0.0629629
9.9982E-05 0.000129651 0.830279 9.9982E-05 0.169392
9.9982E-05 0.030569 0.860394 9.9982E-05 0.108837
9.9982E-05 9.9982E-05 0.709915 0.216791 0.0730942
0.0394018 9.9982E-05 0.910777 0.0496214 9.9982E-05
9.9991E-05 0.0312392 0.810422 0.0599783 0.09826
0.00245106 0.0943567 0.881735 9.9991E-05 0.021357
9.9982E-05 0.0508542 0.748878 0.200068 9.9982E-05
9.9973E-05 9.9973E-05 0.879069 9.9973E-05 0.120631
0.0791981 9.9991E-05 0.062851 0.0547253 0.803126
0.466127 9.9982E-05 9.9982E-05 0.0193205 0.514352
0.357396 9.9982E-05 9.9982E-05 0.0928193 0.549584
0.626441 9.9991E-05 0.0895549 0.115573 0.16833
0.733351 9.9991E-05 0.0493566 0.0842022 0.13299
0.784514 9.9982E-05 9.9982E-05 0.040467 0.174819
0.465251 0.00713616 0.0477326 9.9991E-05 0.479781
0.240634 9.9973E-05 9.9973E-05 9.9973E-05 0.759066
9.99731E-05 9.99731E-05 9.99731E-05 0.0563239 0.943376
0.679161 9.9982E-05 0.0849804 9.9982E-05 0.235658
0.939482 0.0602182 9.99731E-05 9.99731E-05 9.99731E-05
0.9674 0.0322999 9.9973E-05 9.9973E-05 9.9973E-05
0.93842 0.0612798 9.9973E-05 9.9973E-05 9.9973E-05
