0.429581 0.173259 9.9991E-05 0.39706
0.10396 0.533279 9.9991E-05 0.362661
0.41176 0.189841 9.9991E-05 0.398299
0.460766 0.142722 9.9991E-05 0.396412
0.290137 9.9991E-05 0.0430608 0.666702
0.589614 9.9982E-05 9.9982E-05 0.410186
9.9982E-05 0.544709 0.455091 9.9982E-05
0.0346474 0.313987 0.524484 0.126882
9.9982E-05 0.339839 0.659961 9.9982E-05
9.9982E-05 0.344161 0.655639 9.9982E-05
9.9982E-05 0.467771 0.532029 9.9982E-05
9.9982E-05 0.463314 0.536486 9.9982E-05
9.9982E-05 0.200651 0.799149 9.9982E-05
0.024984 0.176807 0.798109 9.9991E-05
9.9982E-05 0.407149 0.592651 9.9982E-05
9.9982E-05 0.461234 0.538566 9.9982E-05
0.567303 0.0901857 0.0447334 0.297778
0.495236 0.40241 0.0522008 0.050153
0.75538 0.158421 0.086099 9.9991E-05
0.790759 9.9991E-05 0.0984721 0.110668
0.520575 0.227273 0.0384104 0.213741
0.784852 0.190125 0.0249237 9.9991E-05
0.517711 0.263675 0.0378385 0.180775
0.565794 9.9991E-05 0.0918783 0.342227
0.867699 9.9991E-05 0.0368242 0.0953768
0.802837 9.9982E-05 9.9982E-05 0.196963
0.593291 9.9991E-05 0.118261 0.288348
0.47903 9.9991E-05 0.121771 0.399099
0.210596 0.225643 0.033785 0.529976
0.241205 0.314495 0.0600262 0.384274
0.410448 0.566517 9.9991E-05 0.0229349
0.348598 0.232817 0.0514113 0.367174
0.486194 0.179924 9.9991E-05 0.333783
0.844881 0.117646 0.0373734 9.9991E-05
0.602641 0.397159 9.9982E-05 9.9982E-05
0.639403 0.142831 0.0326142 0.185152
0.490399 0.221045 0.288456 9.9991E-05
0.691785 0.0925849 0.111328 0.104302
0.745441 0.24 0.0144591 9.9991E-05
0.799466 0.062847 0.069113 0.0685743
0.462383 0.254834 9.9991E-05 0.282683
0.371276 0.0568783 0.100796 0.471049
0.477296 0.0650792 0.133495 0.32413
0.257051 0.0977678 0.156183 0.488999
0.604731 0.0846495 9.9991E-05 0.310519
0.784504 0.0894178 9.9991E-05 0.125979
0.57281 0.377522 0.0495684 9.9991E-05
0.229429 0.643084 9.9991E-05 0.127387
0.145949 0.790631 9.9991E-05 0.0633205
0.214656 0.520002 9.9991E-05 0.265242
0.531899 0.453902 0.0140998 9.9991E-05
0.476499 0.248622 0.0601883 0.214691
0.68377 0.209657 0.0671716 0.0394016
0.718583 0.169305 0.00485831 0.107254
0.743976 0.214328 9.9991E-05 0.0415959
0.840844 9.9991E-05 0.0565938 0.102462
0.183636 0.261008 0.534055 0.0213012
0.064498 0.132514 0.725939 0.0770495
0.0215342 9.9991E-05 0.913617 0.0647493
0.0681897 0.205645 0.726065 9.9991E-05
9.9982E-05 0.164102 0.835698 9.9982E-05
0.114586 0.157057 0.725853 0.00250378
9.9982E-05 0.759265 0.240535 9.9982E-05
0.0501788 0.494958 0.454763 9.9991E-05
9.9982E-05 0.368177 0.631623 9.9982E-05
9.9982E-05 0.240812 0.758988 9.9982E-05
0.129897 0.242718 0.627285 9.9991E-05
0.11837 9.99821E-05 0.88143 9.99821E-05
0.0374535 0.40655 0.555897 9.9991E-05
9.9982E-05 0.232709 0.767091 9.9982E-05
0.0668689 0.474532 0.454804 0.0037958
0.090979 0.169835 0.713308 0.0258775
9.9982E-05 0.461227 0.538573 9.9982E-05
0.0869414 0.0673213 0.817533 0.0282043
0.20579 9.9982E-05 0.79401 9.9982E-05
0.115071 0.062038 0.822791 9.9991E-05
9.9991E-05 0.188183 0.801908 0.00980913
9.998E-05 9.998E-05 0.9997 9.998E-05
9.9982E-05 0.135336 0.864464 9.9982E-05
9.9982E-05 0.449316 0.550484 9.9982E-05
0.0973304 0.089704 0.812866 9.9991E-05
0.0656973 9.9991E-05 0.0896542 0.844548
0.0100282 0.206351 0.0126953 0.770926
9.9991E-05 0.129957 0.0726906 0.797252
0.0901203 0.00609426 0.0918289 0.811957
0.0289587 0.165414 0.0270327 0.778595
9.9982E-05 0.756314 9.9982E-05 0.243486
0.0763056 0.292941 0.0223634 0.60839
0.160893 0.302215 0.0138407 0.523052
0.0731336 0.0863816 0.0566407 0.783844
9.9982E-05 0.279341 9.9982E-05 0.720459
0.090449 9.9991E-05 0.159628 0.749823
0.420928 9.9991E-05 0.0684908 0.510481
0.305571 9.9991E-05 0.0680262 0.626303
0.283657 0.084213 0.0783464 0.553783
0.206891 0.360714 0.0165049 0.41589
0.414395 0.12544 0.0033996 0.456766
0.162617 9.9991E-05 0.135542 0.701741
0.280328 9.9991E-05 0.11346 0.606112
0.24331 0.0405676 0.0366667 0.679456
0.121295 0.202416 9.9991E-05 0.676189
0.0679981 0.0487126 9.9991E-05 0.883189
0.069286 0.107358 9.9991E-05 0.823256
9.9982E-05 0.168251 9.9982E-05 0.831549
9.9991E-05 0.131302 0.0405791 0.828019
0.170282 9.9991E-05 0.0159424 0.813676
0.285237 0.000576083 0.00548826 0.708699
9.9982E-05 9.9982E-05 0.0645382 0.935262
0.0416097 0.00588543 0.0637531 0.888752
0.0882771 9.9991E-05 0.0359859 0.875637
0.0860655 9.9991E-05 0.0534563 0.860378
0.0120503 9.9991E-05 0.00122463 0.986625
0.200083 0.125644 9.9991E-05 0.674173
0.0197456 0.0899941 0.0606178 0.829642
0.12262 0.125697 9.9991E-05 0.751583
0.0525131 0.0485103 0.047684 0.851293
0.0225956 0.0312686 0.00631257 0.939823
0.0251683 9.9991E-05 0.0344398 0.940292
0.0106851 0.0925681 0.0232772 0.87347
9.9982E-05 0.28536 9.9982E-05 0.71444
9.9982E-05 0.234942 9.9982E-05 0.764858
9.9991E-05 0.130254 0.0162315 0.853415
0.00998531 9.9991E-05 0.0419904 0.947924
0.104097 9.9991E-05 0.113297 0.782506
9.9982E-05 9.9982E-05 0.0898421 0.909958
9.9982E-05 9.9982E-05 0.0496981 0.950102
0.0389266 9.9991E-05 0.32825 0.632723
9.9982E-05 9.9982E-05 0.388795 0.611005
9.9982E-05 0.0961276 9.9982E-05 0.903672
9.9982E-05 0.248367 9.9982E-05 0.751433
9.9982E-05 0.240058 9.9982E-05 0.759742
9.9982E-05 0.166814 9.9982E-05 0.832986
9.9982E-05 0.344274 9.9982E-05 0.655526
9.9991E-05 0.00746367 0.0441559 0.94828
9.9982E-05 0.203886 9.9982E-05 0.795914
0.0248949 0.0201458 0.0280407 0.926919
0.117654 0.141896 9.9991E-05 0.740351
9.9982E-05 0.178027 9.9982E-05 0.821773
9.9991E-05 0.585857 0.375672 0.038371
9.9982E-05 0.277779 0.722021 9.9982E-05
9.9982E-05 0.37593 0.62387 9.9982E-05
9.9991E-05 0.0700138 0.773338 0.156548
9.9991E-05 0.0354312 0.827453 0.137015
9.9991E-05 0.0670114 0.911085 0.021804
9.9991E-05 0.269263 0.690893 0.0397441
9.9982E-05 0.442162 0.557638 9.9982E-05
9.9982E-05 0.844745 0.155055 9.9982E-05
9.9991E-05 0.0612675 0.813664 0.124969
0.102527 9.99821E-05 0.897273 9.99821E-05
0.0355097 9.9982E-05 0.96429 9.9982E-05
0.0643816 9.9991E-05 0.921701 0.0138171
