9.9982E-05 0.0207862 0.00402512 0.12699 0.244446 0.105189 9.9982E-05 0.0449937 0.453371
0.160296 9.9973E-05 9.9973E-05 0.226181 0.10311 0.0122637 9.9973E-05 0.275722 0.222128
0.039695 9.9982E-05 0.142406 0.0740071 0.237794 0.273598 9.9982E-05 0.0477272 0.184573
9.9964E-05 0.0466201 0.176999 0.233156 9.9964E-05 0.532622 9.9964E-05 0.0102036 9.9964E-05
9.9955E-05 9.9955E-05 0.0766677 9.9955E-05 0.539476 0.276526 9.9955E-05 9.9955E-05 0.10683
9.9964E-05 9.9964E-05 0.143379 0.11001 0.0554319 0.483378 9.9964E-05 9.9964E-05 0.207401
0.309287 0.60352 9.9955E-05 0.0189811 9.9955E-05 9.9955E-05 9.9955E-05 0.0677117 9.9955E-05
0.0923613 0.622904 0.10713 0.023782 0.153423 9.9964E-05 9.9964E-05 9.9964E-05 9.9964E-05
0.0898865 0.791601 9.9946E-05 9.9946E-05 9.9946E-05 9.9946E-05 9.9946E-05 0.117913 9.9946E-05
0.0356065 0.829487 0.00728899 9.9964E-05 9.9964E-05 9.9964E-05 9.9964E-05 0.0985354 0.0286822
0.218313 0.703031 9.99549E-05 0.0508929 9.99549E-05 9.99549E-05 9.99549E-05 0.0272637 9.99549E-05
0.574132 0.363433 9.99549E-05 9.99549E-05 0.0574467 9.99549E-05 9.99549E-05 9.99549E-05 0.00448791
0.0911732 0.732357 9.9955E-05 9.9955E-05 9.9955E-05 0.0172995 0.15867 9.9955E-05 9.9955E-05
9.9946E-05 0.94336 0.0427875 9.9946E-05 9.9946E-05 9.9946E-05 0.0132533 9.9946E-05 9.9946E-05
0.144134 0.764084 9.9964E-05 9.9964E-05 9.9964E-05 0.00557931 9.9964E-05 0.0848868 0.000915704
0.305465 0.623838 9.99551E-05 0.0439912 9.99551E-05 9.99551E-05 9.99551E-05 0.0262056 9.99551E-05
0.0449635 9.9964E-05 0.520341 0.0107461 0.334264 9.9964E-05 9.9964E-05 9.9964E-05 0.0892855
0.0585094 9.9964E-05 0.664729 0.0239009 9.9964E-05 9.9964E-05 0.000274606 0.252187 9.9964E-05
0.0244178 9.9973E-05 0.39146 9.9973E-05 9.9973E-05 0.186203 0.00493675 0.0203658 0.372317
9.9955E-05 9.9955E-05 0.658207 9.9955E-05 0.117864 0.213143 0.0102862 9.9955E-05 9.9955E-05
9.99549E-05 0.0174493 0.502214 9.99549E-05 0.2256 9.99549E-05 9.99549E-05 0.254237 9.99549E-05
9.9955E-05 0.0147419 0.788553 9.9955E-05 9.9955E-05 0.111434 9.9955E-05 0.0847719 9.9955E-05
0.148264 9.9964E-05 9.9964E-05 0.00311549 0.200358 9.9964E-05 9.9964E-05 0.00326735 0.644595
9.9946E-05 9.9946E-05 9.9946E-05 0.0491782 0.228402 9.9946E-05 9.9946E-05 9.9946E-05 0.72182
9.9964E-05 9.9964E-05 0.0684363 9.9964E-05 0.104683 0.0908921 0.0129125 9.9964E-05 0.722677
9.99549E-05 9.99549E-05 0.398368 0.199001 9.99549E-05 0.246041 9.99549E-05 9.99549E-05 0.15609
9.9955E-05 9.9955E-05 0.405233 9.9955E-05 0.376956 9.9955E-05 0.0633838 9.9955E-05 0.153928
9.9973E-05 0.0696206 0.179975 9.9973E-05 0.389154 0.110199 0.0120811 9.9973E-05 0.238669
9.9964E-05 0.0715577 0.163573 0.15052 0.432791 9.9964E-05 9.9964E-05 0.181158 9.9964E-05
9.9964E-05 0.123578 0.286605 0.0438048 0.273688 9.9964E-05 9.9964E-05 0.271924 9.9964E-05
0.310375 9.995E-05 0.270649 9.995E-05 9.995E-05 0.289794 9.995E-05 0.128682 9.995E-05
0.165387 9.99549E-05 0.365455 9.99549E-05 0.244375 0.224284 9.99549E-05 9.99549E-05 9.99549E-05
0.00986451 9.9964E-05 0.41175 0.0574771 0.10701 0.413499 9.9964E-05 9.9964E-05 9.9964E-05
9.9964E-05 0.012668 0.0413624 0.0461043 9.9964E-05 0.0380369 9.9964E-05 9.9964E-05 0.861429
0.184983 9.99459E-05 9.99459E-05 9.99459E-05 9.99459E-05 9.99459E-05 9.99459E-05 0.0503868 0.76403
0.0688848 9.9964E-05 0.413919 9.9964E-05 0.279115 0.0203184 9.9964E-05 9.9964E-05 0.217363
0.114813 9.9964E-05 9.9964E-05 9.9964E-05 9.9964E-05 0.0908615 0.257885 0.0643689 0.471672
0.0104621 9.9973E-05 0.165322 9.9973E-05 0.115621 0.0713267 0.0576197 9.9973E-05 0.579348
9.9982E-05 0.057829 0.233421 0.046633 9.9982E-05 0.0599371 0.0344576 0.154456 0.413067
9.9973E-05 9.9973E-05 0.407047 9.9973E-05 0.06835 0.17662 0.000503104 0.00409139 0.343089
9.9964E-05 9.9964E-05 0.0942864 0.630221 9.9964E-05 0.244386 9.9964E-05 0.00215101 0.0285549
9.9973E-05 9.9973E-05 0.0809903 0.241729 0.109321 0.404412 0.0974577 9.9973E-05 0.0657903
9.9964E-05 9.9964E-05 0.0812714 9.9964E-05 9.9964E-05 0.551302 0.134121 0.135363 0.0975428
9.996E-05 0.0205437 9.996E-05 0.536027 9.996E-05 0.304222 0.128911 9.996E-05 0.0098958
9.9955E-05 0.0136848 0.256757 0.26277 9.9955E-05 0.466288 9.9955E-05 9.9955E-05 9.9955E-05
9.9964E-05 9.9964E-05 0.323359 0.0438523 9.9964E-05 0.502853 9.9964E-05 0.040122 0.0894133
0.116355 9.9946E-05 0.770254 9.9946E-05 9.9946E-05 9.9946E-05 9.9946E-05 0.112791 9.9946E-05
0.148789 9.99549E-05 0.332901 0.0730305 9.99549E-05 9.99549E-05 9.99549E-05 0.44478 9.99549E-05
0.0810773 9.9946E-05 0.188352 9.9946E-05 9.9946E-05 9.9946E-05 9.9946E-05 0.729971 9.9946E-05
9.99549E-05 9.99549E-05 0.101569 0.00144305 9.99549E-05 9.99549E-05 9.99549E-05 0.79437 0.102118
9.99639E-05 0.0136676 0.48346 9.99639E-05 9.99639E-05 0.000605833 0.013355 0.488512 9.99639E-05
9.995E-05 0.079937 0.439402 0.440682 9.995E-05 9.995E-05 9.995E-05 9.995E-05 0.0394788
9.9973E-05 9.9973E-05 0.651143 0.039858 0.0952043 9.9973E-05 0.0182711 0.11446 0.0807633
9.9946E-05 9.9946E-05 0.5175 0.31191 9.9946E-05 9.9946E-05 9.9946E-05 9.9946E-05 0.16999
9.995E-05 0.0257916 0.502876 0.334103 9.995E-05 9.995E-05 9.995E-05 9.995E-05 0.13673
9.9946E-05 9.9946E-05 0.620387 9.9946E-05 0.0699346 0.309079 9.9946E-05 9.9946E-05 9.9946E-05
0.1587 0.358226 9.9973E-05 0.0565924 9.9973E-05 0.0258068 0.169296 9.9973E-05 0.231079
9.9964E-05 0.662847 9.9964E-05 9.9964E-05 0.0544352 0.00467042 0.170884 9.9964E-05 0.106763
9.9955E-05 9.9955E-05 9.9955E-05 0.0597524 0.0156245 9.9955E-05 0.902934 9.9955E-05 0.0211889
0.210328 0.176197 0.0810337 0.0773775 9.9964E-05 9.9964E-05 0.454663 9.9964E-05 9.9964E-05
0.251103 0.0782565 9.9955E-05 0.040467 9.9955E-05 9.9955E-05 0.629674 9.9955E-05 9.9955E-05
0.193905 9.9964E-05 0.125489 0.0388264 9.9964E-05 9.9964E-05 0.626849 0.01453 9.9964E-05
0.838062 9.99459E-05 9.99459E-05 9.99459E-05 9.99459E-05 9.99459E-05 9.99459E-05 0.160923 0.000415144
0.823727 9.9955E-05 0.0902212 9.9955E-05 9.9955E-05 0.0305838 0.054968 9.9955E-05 9.9955E-05
0.414833 0.446971 9.99549E-05 9.99549E-05 9.99549E-05 0.0753899 0.0623063 9.99549E-05 9.99549E-05
0.111978 0.733816 9.9955E-05 9.9955E-05 9.9955E-05 9.9955E-05 0.112363 9.9955E-05 0.0413425
0.178497 0.467325 9.99589E-05 9.99589E-05 9.99589E-05 9.99589E-05 0.148916 9.99589E-05 0.204762
9.99461E-05 0.457166 9.99461E-05 9.99461E-05 9.99461E-05 9.99461E-05 0.359309 9.99461E-05 0.182925
0.501173 0.179534 9.9955E-05 9.9955E-05 9.9955E-05 9.9955E-05 0.173869 9.9955E-05 0.144923
0.315187 0.297232 9.9955E-05 9.9955E-05 9.9955E-05 9.9955E-05 0.325384 9.9955E-05 0.0616973
0.685184 0.0594343 9.9964E-05 9.9964E-05 0.0242294 9.9964E-05 0.06669 9.9964E-05 0.164062
0.229348 0.310096 9.9964E-05 9.9964E-05 0.0317682 9.9964E-05 0.292646 9.9964E-05 0.135742
0.796576 0.0655412 9.9964E-05 9.9964E-05 0.0279542 9.9964E-05 0.0879159 9.9964E-05 0.0216133
0.23197 0.0377735 0.0899773 9.9955E-05 9.9955E-05 9.9955E-05 0.639779 9.9955E-05 9.9955E-05
9.9955E-05 0.178135 0.141211 9.9955E-05 9.9955E-05 9.9955E-05 0.623982 9.9955E-05 0.0561722
0.18524 9.9964E-05 0.0394952 9.9964E-05 9.9964E-05 0.00105943 0.71876 0.0550459 9.9964E-05
0.386167 0.0277073 9.9955E-05 9.9955E-05 9.9955E-05 0.0680413 0.517585 9.9955E-05 9.9955E-05
9.9937E-05 9.9937E-05 9.9937E-05 9.9937E-05 0.0432099 9.9937E-05 0.956091 9.9937E-05 9.9937E-05
0.107995 0.308864 9.9964E-05 0.0156681 9.9964E-05 9.9964E-05 0.558214 9.9964E-05 0.00885935
0.690313 0.0733954 0.0635013 9.9955E-05 9.9955E-05 9.9955E-05 0.172291 9.9955E-05 9.9955E-05
0.0745869 9.9955E-05 9.9955E-05 9.9955E-05 9.9955E-05 0.029115 0.747019 0.148779 9.9955E-05
9.997E-05 9.997E-05 0.0567018 0.034859 0.786285 0.073672 0.027022 9.997E-05 0.0211602
9.995E-05 9.995E-05 0.0143255 0.786088 0.129351 9.995E-05 0.0697357 9.995E-05 9.995E-05
9.9946E-05 9.9946E-05 9.9946E-05 0.721765 0.185824 9.9946E-05 0.0918115 9.9946E-05 9.9946E-05
9.995E-05 0.0400582 9.995E-05 9.995E-05 0.679856 0.140766 9.995E-05 0.13882 9.995E-05
9.99549E-05 0.0737423 0.0138059 9.99549E-05 0.569621 9.99549E-05 9.99549E-05 0.342331 9.99549E-05
9.993E-05 9.993E-05 9.993E-05 9.993E-05 9.993E-05 9.993E-05 9.993E-05 0.999201 9.993E-05
0.0510833 0.0216407 9.996E-05 0.225508 9.996E-05 0.515826 9.996E-05 0.185542 9.996E-05
9.9964E-05 0.0525797 9.9964E-05 0.285696 9.9964E-05 0.436267 9.9964E-05 0.219831 0.00522711
9.9946E-05 9.9946E-05 9.9946E-05 9.9946E-05 0.345625 0.517169 9.9946E-05 0.136606 9.9946E-05
9.99549E-05 9.99549E-05 9.99549E-05 0.130442 0.262793 0.236617 9.99549E-05 0.369649 9.99549E-05
0.0259037 9.9955E-05 9.9955E-05 9.9955E-05 0.173426 0.773379 0.0267914 9.9955E-05 9.9955E-05
9.9946E-05 9.9946E-05 9.9946E-05 9.9946E-05 0.00561138 0.991572 0.00221715 9.9946E-05 9.9946E-05
9.99639E-05 0.030792 9.99639E-05 9.99639E-05 0.30769 0.53326 9.99639E-05 0.00762964 0.120228
0.0435027 9.9973E-05 9.9973E-05 9.9973E-05 0.132912 0.691016 0.00830284 0.0723901 0.0515755
0.0248883 9.99459E-05 9.99459E-05 9.99459E-05 9.99459E-05 0.60576 9.99459E-05 0.368752 9.99459E-05
9.9964E-05 9.9964E-05 0.0400011 9.9964E-05 0.0632386 0.712999 9.9964E-05 0.13122 0.0521409
9.9955E-05 9.9955E-05 9.9955E-05 9.9955E-05 0.24308 0.715782 0.0397935 0.000844236 9.9955E-05
0.0302778 9.9964E-05 9.9964E-05 9.9964E-05 0.287409 0.637059 0.000616472 9.9964E-05 0.0442376
9.99639E-05 0.0337523 9.99639E-05 0.22686 0.160736 0.500103 9.99639E-05 9.99639E-05 0.078149
9.9982E-05 0.000903435 0.0313032 0.243363 0.415434 0.00537954 9.9982E-05 0.258776 0.0446417
9.9964E-05 9.9964E-05 0.00917975 0.437938 0.471533 0.076397 9.9964E-05 9.9964E-05 0.00455149
9.9955E-05 9.9955E-05 9.9955E-05 0.423355 0.396911 9.9955E-05 9.9955E-05 0.0734225 0.105812
9.9964E-05 0.00292407 0.0209085 0.527454 0.448066 0.000247797 9.9964E-05 9.9964E-05 9.9964E-05
0.00773504 9.9946E-05 9.9946E-05 9.9946E-05 0.720571 9.9946E-05 9.9946E-05 0.271095 9.9946E-05
9.9946E-05 9.9946E-05 0.0653885 9.9946E-05 0.857429 9.9946E-05 9.9946E-05 9.9946E-05 0.0765826
9.9955E-05 9.9955E-05 0.169466 0.0647052 0.696949 9.9955E-05 9.9955E-05 9.9955E-05 0.0683801
9.99461E-05 9.99461E-05 0.0291852 9.99461E-05 0.939551 9.99461E-05 9.99461E-05 0.0306645 9.99461E-05
9.9973E-05 0.0068871 9.9973E-05 9.9973E-05 0.872666 0.0272637 0.0153999 0.0359656 0.0415182
9.99459E-05 9.99459E-05 9.99459E-05 0.0997835 0.684322 0.215295 9.99459E-05 9.99459E-05 9.99459E-05
9.9955E-05 9.9955E-05 9.9955E-05 0.025953 0.841615 0.053621 9.9955E-05 9.9955E-05 0.0783108
9.9955E-05 9.9955E-05 9.9955E-05 0.100941 0.836407 0.0100312 9.9955E-05 9.9955E-05 0.0521207
9.99639E-05 9.99639E-05 0.082046 0.294791 0.327221 0.193534 9.99639E-05 0.102007 9.99639E-05
9.996E-05 9.996E-05 0.120434 0.331955 0.42506 0.101913 0.0202384 9.996E-05 9.996E-05
9.9964E-05 9.9964E-05 9.9964E-05 0.107144 0.553463 0.206963 9.9964E-05 0.0774501 0.05458
9.99551E-05 9.99551E-05 9.99551E-05 9.99551E-05 0.758318 0.0904781 9.99551E-05 0.106551 0.0441532
9.9955E-05 9.9955E-05 9.9955E-05 0.111586 0.73978 0.0166724 9.9955E-05 0.131462 9.9955E-05
9.99461E-05 9.99461E-05 9.99461E-05 0.10509 0.830568 9.99461E-05 9.99461E-05 9.99461E-05 0.0637422
9.99549E-05 9.99549E-05 9.99549E-05 0.0246906 0.679458 0.10841 9.99549E-05 0.186942 9.99549E-05
0.0260696 9.9955E-05 9.9955E-05 0.562946 0.228951 9.9955E-05 9.9955E-05 9.9955E-05 0.181534
0.0385609 9.9964E-05 9.9964E-05 0.548268 0.318514 0.0327908 9.9964E-05 0.061466 9.9964E-05
0.04001 9.9955E-05 9.9955E-05 0.421462 0.465366 0.0726624 9.9955E-05 9.9955E-05 9.9955E-05
9.9946E-05 9.9946E-05 9.9946E-05 0.144909 0.676411 0.17808 9.9946E-05 9.9946E-05 9.9946E-05
0.0343311 0.0110264 9.9982E-05 0.0353333 0.70261 0.165805 0.0386816 9.9982E-05 0.0120127
0.0193893 9.9973E-05 9.9973E-05 0.0606938 0.683078 0.0813037 0.00180332 9.9973E-05 0.153432
0.0310636 9.9964E-05 0.0120307 0.0865388 0.869597 0.00037051 9.9964E-05 9.9964E-05 9.9964E-05
9.9955E-05 0.150293 9.9955E-05 9.9955E-05 0.602347 9.9955E-05 0.0677418 9.9955E-05 0.179119
0.113034 9.9946E-05 9.9946E-05 9.9946E-05 0.610111 9.9946E-05 0.276256 9.9946E-05 9.9946E-05
0.00259764 9.9955E-05 9.9955E-05 0.143754 0.734048 9.9955E-05 9.9955E-05 0.1191 9.9955E-05
9.99459E-05 9.99459E-05 9.99459E-05 0.591969 0.312003 9.99459E-05 9.99459E-05 0.0954278 9.99459E-05
0.0466873 9.9964E-05 9.9964E-05 0.347543 0.463658 9.9964E-05 9.9964E-05 0.0389414 0.10277
9.9955E-05 9.9955E-05 9.9955E-05 0.455534 0.431446 9.9955E-05 9.9955E-05 0.0104398 0.10208
9.9955E-05 9.9955E-05 0.0392539 0.821549 0.0904701 9.9955E-05 9.9955E-05 0.0482275 9.9955E-05
9.9946E-05 9.9946E-05 9.9946E-05 0.102894 0.823956 9.9946E-05 9.9946E-05 0.0725503 9.9946E-05
9.9955E-05 9.9955E-05 9.9955E-05 0.591732 0.333488 0.0624436 9.9955E-05 0.0118371 9.9955E-05
9.9946E-05 9.9946E-05 9.9946E-05 0.234116 0.62079 0.144494 9.9946E-05 9.9946E-05 9.9946E-05
9.9973E-05 9.9973E-05 0.0576525 0.305262 0.369462 0.148146 9.9973E-05 0.106514 0.0126641
0.0838018 9.995E-05 9.995E-05 0.367332 0.544544 9.995E-05 9.995E-05 0.00382287 9.995E-05
0.740675 9.9955E-05 9.9955E-05 0.129042 9.9955E-05 9.9955E-05 0.12663 0.00315321 9.9955E-05
0.410406 0.141361 9.9964E-05 0.0433939 9.9964E-05 9.9964E-05 0.400118 0.00432105 9.9964E-05
0.414168 0.153832 9.9964E-05 0.00514923 9.9964E-05 9.9964E-05 0.292526 0.133925 9.9964E-05
0.0197901 0.0279479 9.99639E-05 0.0863094 9.99639E-05 9.99639E-05 0.719047 0.146506 9.99639E-05
9.9964E-05 0.0597362 9.9964E-05 0.0337381 0.0367089 9.9964E-05 0.754585 0.114832 9.9964E-05
0.14978 0.00514204 9.9955E-05 9.9955E-05 9.9955E-05 9.9955E-05 0.84068 0.00389741 9.9955E-05
0.343325 0.257242 9.9955E-05 0.10109 9.9955E-05 9.9955E-05 0.297843 9.9955E-05 9.9955E-05
0.648133 0.142058 9.9964E-05 9.9964E-05 9.9964E-05 0.0134663 0.19202 9.9964E-05 0.00392196
0.845179 9.99462E-05 9.99462E-05 0.0712866 9.99462E-05 9.99462E-05 9.99462E-05 0.0829342 9.99462E-05
0.137088 0.188376 9.9964E-05 9.9964E-05 0.0460144 9.9964E-05 0.567019 0.0611031 9.9964E-05
9.99462E-05 0.0959483 0.0413494 9.99462E-05 9.99462E-05 9.99462E-05 0.862103 9.99462E-05 9.99462E-05
9.99371E-05 9.99371E-05 9.99371E-05 9.99371E-05 9.99371E-05 9.99371E-05 0.962598 9.99371E-05 0.0367027
9.9955E-05 0.182703 0.0358472 9.9955E-05 9.9955E-05 0.034681 0.746269 9.9955E-05 9.9955E-05
