0.311061 9.9973E-05 9.9973E-05 0.244807 0.185823 0.228259 9.9973E-05 0.0297499
0.00450544 0.194963 9.9991E-05 0.393558 0.155764 0.0796845 0.0946509 0.0767739
0.20098 0.0698389 9.9982E-05 0.129064 0.280742 0.274822 0.0443534 9.9982E-05
0.106143 9.9982E-05 0.0350217 0.177768 0.635671 9.9982E-05 0.045013 0.000183127
0.197352 9.9964E-05 0.000104032 9.9964E-05 0.174255 0.62789 9.9964E-05 9.9964E-05
0.24679 9.9964E-05 9.9964E-05 0.129575 0.541663 0.0815718 9.9964E-05 9.9964E-05
9.9955E-05 0.1852 9.9955E-05 9.9955E-05 9.9955E-05 9.9955E-05 0.0910061 0.723294
0.0654445 0.065625 9.9982E-05 0.00182017 9.9982E-05 0.152609 0.0106632 0.703638
9.9964E-05 9.9964E-05 0.0269574 0.00697322 0.041065 9.9964E-05 9.9964E-05 0.924605
0.0656903 0.00837325 9.9964E-05 9.9964E-05 9.9964E-05 9.9964E-05 0.0251139 0.900423
9.99639E-05 0.137922 9.99639E-05 0.0345742 0.0294448 9.99639E-05 9.99639E-05 0.797659
0.0187547 0.547426 9.9964E-05 9.9964E-05 9.9964E-05 0.0501134 9.9964E-05 0.383306
9.9973E-05 0.0388745 0.25075 9.9973E-05 0.021199 0.0347435 9.9973E-05 0.654133
9.9946E-05 9.9946E-05 0.148431 9.9946E-05 9.9946E-05 9.9946E-05 9.9946E-05 0.850969
9.9964E-05 0.00631568 9.9964E-05 9.9964E-05 0.0518574 9.9964E-05 0.0508357 0.890591
9.99641E-05 0.17005 9.99641E-05 0.0711494 9.99641E-05 9.99641E-05 0.00813343 0.750267
0.536731 0.0128527 9.9964E-05 9.9964E-05 9.9964E-05 0.323837 0.126179 9.9964E-05
0.238539 9.9973E-05 0.0877135 9.9973E-05 0.00685304 0.056955 0.609639 9.9973E-05
0.688973 0.0499446 9.9973E-05 0.0106776 0.073738 9.9973E-05 0.176367 9.9973E-05
0.549469 9.9973E-05 0.0698158 9.9973E-05 0.123779 0.155255 0.101381 9.9973E-05
0.255355 9.9973E-05 9.9973E-05 9.9973E-05 0.0775982 0.221755 0.429061 0.0159311
0.497804 9.9964E-05 0.03063 9.9964E-05 0.118679 9.9964E-05 0.352487 9.9964E-05
0.500448 0.191049 9.9964E-05 0.212767 9.9964E-05 0.0953357 9.9964E-05 9.9964E-05
0.611793 0.0367625 9.9964E-05 0.217689 9.9964E-05 0.133356 9.9964E-05 9.9964E-05
0.758718 9.99641E-05 9.99641E-05 0.0552927 0.0487369 0.136853 9.99641E-05 9.99641E-05
0.60756 9.9964E-05 9.9964E-05 0.16768 0.196529 0.0278313 9.9964E-05 9.9964E-05
0.560371 9.9955E-05 0.0761559 9.9955E-05 9.9955E-05 0.362973 9.9955E-05 9.9955E-05
0.436398 9.9973E-05 0.0104102 9.9973E-05 0.075564 0.392195 9.9973E-05 0.085133
0.0592167 9.9973E-05 9.9973E-05 0.138471 9.9973E-05 0.410265 0.293042 0.098705
0.0991625 9.9973E-05 9.9973E-05 0.0384454 9.9973E-05 0.312923 0.42498 0.12419
9.9955E-05 0.293387 9.9955E-05 9.9955E-05 0.357923 9.9955E-05 0.34819 9.9955E-05
0.0962176 0.159595 9.9973E-05 9.9973E-05 0.28541 0.263017 0.195461 9.9973E-05
0.233755 9.9964E-05 9.9964E-05 9.9964E-05 0.496035 0.0831212 0.186689 9.9964E-05
0.749357 0.00731584 9.9973E-05 0.183287 0.0288671 9.9973E-05 9.9973E-05 0.030873
0.567927 0.296748 9.9955E-05 0.134825 9.9955E-05 9.9955E-05 9.9955E-05 9.9955E-05
0.557401 0.0990712 9.9973E-05 9.9973E-05 0.0136614 0.254374 0.0751926 9.9973E-05
0.354934 0.253159 0.151401 9.9973E-05 0.183343 9.9973E-05 0.0568629 9.9973E-05
0.677033 0.121633 0.00201316 9.9973E-05 0.0725648 0.126457 9.9973E-05 9.9973E-05
0.600952 0.00446252 9.9982E-05 0.107575 0.0890395 9.9982E-05 0.136515 0.0612561
0.648904 9.9982E-05 0.00744348 9.9982E-05 0.180263 0.0454548 0.0964974 0.0212373
0.1505 9.99641E-05 9.99641E-05 0.577466 0.255666 9.99641E-05 0.0159673 9.99641E-05
0.193333 9.9973E-05 0.0820065 0.198313 0.372156 0.153892 9.9973E-05 9.9973E-05
0.136671 9.9964E-05 0.120885 9.9964E-05 0.647353 9.9964E-05 0.0946919 9.9964E-05
0.085773 9.9964E-05 0.163898 0.545073 0.204857 9.9964E-05 9.9964E-05 9.9964E-05
0.226449 9.99641E-05 9.99641E-05 0.179283 0.549617 9.99641E-05 9.99641E-05 0.044251
0.355194 9.9955E-05 9.9955E-05 9.9955E-05 0.566195 9.9955E-05 0.0781108 9.9955E-05
0.3286 9.9955E-05 0.0781853 9.9955E-05 9.9955E-05 9.9955E-05 0.592715 9.9955E-05
0.0581513 0.109922 9.9964E-05 0.0963591 9.9964E-05 9.9964E-05 0.735168 9.9964E-05
9.9955E-05 0.0168993 9.9955E-05 0.099388 9.9955E-05 9.9955E-05 0.883213 9.9955E-05
0.0497351 9.9955E-05 9.9955E-05 0.276898 9.9955E-05 9.9955E-05 0.672867 9.9955E-05
0.224112 9.99639E-05 0.0348373 9.99639E-05 0.0105564 9.99639E-05 0.730095 9.99639E-05
0.427866 9.9964E-05 9.9964E-05 0.335216 9.9964E-05 9.9964E-05 0.121412 0.115106
0.475431 9.9964E-05 0.0878583 9.9964E-05 9.9964E-05 0.0339106 0.4024 9.9964E-05
0.643927 9.9955E-05 9.9955E-05 0.263998 9.9955E-05 9.9955E-05 0.0915746 9.9955E-05
0.645047 9.99639E-05 9.99639E-05 0.272596 9.99639E-05 9.99639E-05 0.0510071 0.0309491
0.568353 9.9973E-05 0.0630277 9.9973E-05 0.177899 0.179279 0.0111407 9.9973E-05
0.17298 0.202184 0.188471 0.111409 9.9973E-05 9.9973E-05 9.9973E-05 0.324656
0.122671 9.9964E-05 0.238193 9.9964E-05 9.9964E-05 0.0342713 9.9964E-05 0.604464
9.9946E-05 9.9946E-05 0.91262 0.0867799 9.9946E-05 9.9946E-05 9.9946E-05 9.9946E-05
0.00166334 0.141545 0.441108 0.162808 9.9973E-05 9.9973E-05 9.9973E-05 0.252576
9.9964E-05 0.249289 0.62035 0.0282123 9.9964E-05 9.9964E-05 9.9964E-05 0.101748
9.99639E-05 0.227145 0.629813 9.99639E-05 9.99639E-05 0.00805788 0.134584 9.99639E-05
9.99459E-05 0.848193 9.99459E-05 9.99459E-05 9.99459E-05 9.99459E-05 0.151207 9.99459E-05
0.019148 0.84573 0.0846083 9.9973E-05 0.0405264 0.00968764 9.9973E-05 9.9973E-05
9.9964E-05 0.33281 0.0751682 9.9964E-05 0.0652253 9.9964E-05 9.9964E-05 0.526397
0.0207804 0.0548071 0.149714 9.9973E-05 9.9973E-05 9.9973E-05 0.00623459 0.768164
0.144487 0.334897 0.198967 9.9982E-05 0.00134182 0.00591175 9.9982E-05 0.314195
0.124153 9.99551E-05 0.501026 9.99551E-05 9.99551E-05 9.99551E-05 9.99551E-05 0.374321
0.0345113 0.632363 0.232055 0.0354369 9.9973E-05 9.9973E-05 9.9973E-05 0.0653339
0.09644 0.326525 0.324754 9.9964E-05 9.9964E-05 9.9964E-05 9.9964E-05 0.251882
0.0805285 0.658041 0.0617872 9.9973E-05 9.9973E-05 0.0754059 9.9973E-05 0.123938
0.0729235 0.347336 0.419876 9.9973E-05 9.9973E-05 0.0246288 9.9973E-05 0.134936
0.00335451 0.816304 0.0702399 9.9973E-05 9.9973E-05 0.025025 9.9973E-05 0.0847765
9.9973E-05 0.20202 0.646677 9.9973E-05 9.9973E-05 0.0433399 0.0718165 0.0358468
0.164193 0.058455 0.630712 9.997E-05 9.997E-05 9.997E-05 0.0222705 0.124069
9.9964E-05 0.203464 0.687956 9.9964E-05 0.0328316 9.9964E-05 0.0753491 9.9964E-05
9.99549E-05 0.407998 0.525896 9.99549E-05 0.0656061 9.99549E-05 9.99549E-05 9.99549E-05
9.9955E-05 0.0067725 0.952971 9.9955E-05 0.039757 9.9955E-05 9.9955E-05 9.9955E-05
9.9964E-05 0.103283 0.560901 0.0106021 9.9964E-05 9.9964E-05 9.9964E-05 0.324815
9.9964E-05 0.581782 0.179351 9.9964E-05 9.9964E-05 9.9964E-05 0.0997154 0.138752
9.9964E-05 9.9964E-05 0.65034 9.9964E-05 0.0539152 9.9964E-05 0.153579 0.141766
0.050036 9.99731E-05 0.0420062 0.051668 0.039406 0.816584 9.99731E-05 9.99731E-05
9.9955E-05 9.9955E-05 0.100551 0.84745 9.9955E-05 0.0514989 9.9955E-05 9.9955E-05
9.9955E-05 9.9955E-05 0.111746 0.671169 9.9955E-05 0.216585 9.9955E-05 9.9955E-05
9.9964E-05 9.9964E-05 9.9964E-05 9.9964E-05 0.134601 0.71437 0.0974588 0.0531703
9.9964E-05 9.9964E-05 9.9964E-05 0.03502 9.9964E-05 0.587086 0.322572 0.0549218
9.99551E-05 0.0681369 9.99551E-05 0.282006 9.99551E-05 9.99551E-05 0.649357 9.99551E-05
9.9973E-05 0.0406243 9.9973E-05 0.270361 0.59447 9.9973E-05 0.0385734 0.0556719
9.9964E-05 9.9964E-05 9.9964E-05 0.345259 0.487573 9.9964E-05 0.0722666 0.0945014
9.9964E-05 0.00106382 9.9964E-05 9.9964E-05 0.515355 0.374781 0.1084 9.9964E-05
9.9964E-05 9.9964E-05 9.9964E-05 0.293403 0.242893 0.315236 0.148068 9.9964E-05
9.9955E-05 9.9955E-05 0.0297523 9.9955E-05 0.748991 0.220757 9.9955E-05 9.9955E-05
0.0756843 9.9955E-05 9.9955E-05 9.9955E-05 0.898756 0.0250594 9.9955E-05 9.9955E-05
0.0596324 9.99639E-05 9.99639E-05 9.99639E-05 0.567578 0.326301 9.99639E-05 0.0460883
0.0713979 0.0743362 9.9964E-05 9.9964E-05 0.638556 0.21531 9.9964E-05 9.9964E-05
9.99459E-05 9.99459E-05 9.99459E-05 9.99459E-05 0.611266 9.99459E-05 0.388134 9.99459E-05
0.0942829 9.9973E-05 9.9973E-05 0.0306144 0.688792 0.0757835 0.110228 9.9973E-05
9.9964E-05 9.9964E-05 0.0304012 9.9964E-05 0.608782 0.358614 9.9964E-05 0.00180346
0.0623688 0.0391948 9.996E-05 9.996E-05 0.580585 0.317451 9.996E-05 9.996E-05
0.106763 9.9973E-05 9.9973E-05 0.204649 0.452294 0.211284 9.9973E-05 0.0247096
0.0249731 9.9973E-05 9.9973E-05 0.327433 0.0169611 0.392635 0.237697 9.9973E-05
9.9964E-05 9.9964E-05 9.9964E-05 0.36926 0.0358587 0.541739 0.0527421 9.9964E-05
0.0456621 9.9964E-05 9.9964E-05 0.462322 9.9964E-05 0.447454 0.0441621 9.9964E-05
9.9955E-05 9.9955E-05 9.9955E-05 0.54172 9.9955E-05 0.453167 0.00461259 9.9955E-05
9.9955E-05 0.0329788 9.9955E-05 9.9955E-05 9.9955E-05 0.737774 0.228747 9.9955E-05
0.106023 9.9955E-05 9.9955E-05 9.9955E-05 9.9955E-05 0.853906 0.0395712 9.9955E-05
0.174313 9.9964E-05 9.9964E-05 0.0376595 9.9964E-05 0.692614 0.0950132 9.9964E-05
9.9955E-05 9.9955E-05 9.9955E-05 9.9955E-05 9.9955E-05 0.929657 0.0603638 0.00947897
9.9973E-05 0.0101945 0.0201075 9.9973E-05 0.0379889 0.88764 0.0437696 9.9973E-05
9.9955E-05 9.9955E-05 9.9955E-05 0.0905414 0.126247 0.782712 9.9955E-05 9.9955E-05
0.0758318 9.9964E-05 9.9964E-05 0.0767736 0.0299272 0.817068 9.9964E-05 9.9964E-05
0.00134158 9.9955E-05 9.9955E-05 0.124836 9.9955E-05 0.873322 9.9955E-05 9.9955E-05
0.047647 9.9973E-05 9.9973E-05 0.242564 0.268423 0.330836 0.11023 9.9973E-05
9.9973E-05 9.9973E-05 0.0483096 0.306972 0.0703539 0.485663 0.0884014 9.9973E-05
0.016447 9.9973E-05 9.9973E-05 0.190781 0.143885 0.557744 0.0908431 9.9973E-05
0.00222035 9.99731E-05 9.99731E-05 0.0209805 0.130731 0.803019 0.0427492 9.99731E-05
9.9973E-05 9.9973E-05 9.9973E-05 0.110176 0.00769599 0.807352 0.0721663 0.00230969
0.0309038 9.9964E-05 0.00519323 0.108551 9.9964E-05 0.854953 9.9964E-05 9.9964E-05
9.99639E-05 9.99639E-05 9.99639E-05 0.0715955 0.140403 0.692911 0.0946903 9.99639E-05
0.0259668 0.0624483 9.9964E-05 0.665251 9.9964E-05 0.245934 9.9964E-05 9.9964E-05
9.9955E-05 0.0854275 9.9955E-05 0.634831 9.9955E-05 0.279242 9.9955E-05 9.9955E-05
9.9964E-05 0.0449959 9.9964E-05 0.388753 0.0125291 0.553322 9.9964E-05 9.9964E-05
9.9955E-05 9.9955E-05 9.9955E-05 0.106861 0.121223 0.771417 9.9955E-05 9.9955E-05
0.026265 0.0762748 0.0242864 0.00972889 0.0998197 0.763425 9.9982E-05 9.9982E-05
9.9973E-05 0.0140162 0.019069 0.178458 0.142944 0.645212 9.9973E-05 9.9973E-05
9.9964E-05 0.0402665 9.9964E-05 0.0291018 9.9964E-05 0.897895 0.0323366 9.9964E-05
0.101749 9.9973E-05 0.093326 0.0133498 9.9973E-05 0.644265 9.9973E-05 0.14701
9.9955E-05 0.103358 0.258119 9.9955E-05 9.9955E-05 0.638024 9.9955E-05 9.9955E-05
9.9955E-05 9.9955E-05 9.9955E-05 0.130531 9.9955E-05 0.728396 0.140574 9.9955E-05
9.99549E-05 9.99549E-05 9.99549E-05 0.614549 9.99549E-05 0.319878 0.065073 9.99549E-05
9.9964E-05 0.0709002 9.9964E-05 0.441442 0.0524103 0.434848 9.9964E-05 9.9964E-05
9.9955E-05 9.9955E-05 9.9955E-05 0.523561 0.075481 0.400459 9.9955E-05 9.9955E-05
0.0324657 9.9964E-05 9.9964E-05 0.785999 9.9964E-05 0.0981708 0.0829647 9.9964E-05
9.9955E-05 9.9955E-05 9.9955E-05 0.0788795 9.9955E-05 0.808425 0.112196 9.9955E-05
9.9955E-05 9.9955E-05 9.9955E-05 0.561378 0.0638133 0.374309 9.9955E-05 9.9955E-05
9.9955E-05 9.9955E-05 9.9955E-05 0.249187 0.151003 0.59931 9.9955E-05 9.9955E-05
0.00305946 9.9973E-05 9.9973E-05 0.346082 0.141851 0.41943 0.0892772 9.9973E-05
9.9964E-05 0.0312479 9.9964E-05 0.411073 9.9964E-05 0.530575 0.0267045 9.9964E-05
9.9964E-05 0.750581 0.0970652 0.112239 9.9964E-05 9.9964E-05 0.039715 9.9964E-05
9.9964E-05 0.475247 0.395325 0.0243448 9.9964E-05 9.9964E-05 9.9964E-05 0.104684
9.9964E-05 0.455526 0.266409 9.9964E-05 9.9964E-05 9.9964E-05 0.108952 0.168713
9.99729E-05 0.0837669 0.673926 0.128588 9.99729E-05 9.99729E-05 0.0866473 0.0267715
9.9982E-05 9.9982E-05 0.623816 0.00922906 0.0565221 0.106456 0.0319404 0.171837
9.9973E-05 0.0827384 0.767974 9.9973E-05 9.9973E-05 0.0232852 0.0114543 0.114248
9.9964E-05 0.360434 0.35561 0.0540425 9.9964E-05 9.9964E-05 9.9964E-05 0.229513
9.9964E-05 0.630014 0.143313 9.9964E-05 9.9964E-05 0.00363076 9.9964E-05 0.222642
9.99551E-05 0.84406 9.99551E-05 0.078734 9.99551E-05 9.99551E-05 0.0767059 9.99551E-05
9.9973E-05 0.113257 0.586485 9.9973E-05 9.9973E-05 0.0987446 0.00971334 0.1915
0.046838 9.99462E-05 0.952562 9.99462E-05 9.99462E-05 9.99462E-05 9.99462E-05 9.99462E-05
0.0294702 9.99461E-05 0.96993 9.99461E-05 9.99461E-05 9.99461E-05 9.99461E-05 9.99461E-05
9.99641E-05 9.99641E-05 0.824354 9.99641E-05 0.000838137 0.0347432 9.99641E-05 0.139665
