0.257314 0.00510392 0.520828 0.216554 9.998E-05 9.998E-05
0.170216 0.232471 0.0646529 0.323457 9.9991E-05 0.209103
0.381437 0.0191639 0.350331 0.124002 9.9991E-05 0.124967
0.372843 9.9991E-05 0.365953 0.0945396 0.0298798 0.136685
0.769509 0.00248596 0.225775 9.9982E-05 0.00203053 9.9982E-05
0.432894 9.9982E-05 0.472829 0.0269045 9.9982E-05 0.0671725
9.9973E-05 0.893841 9.9973E-05 0.0425487 9.9973E-05 0.0633107
0.087745 0.597986 0.00791344 0.123087 0.167005 0.0162637
0.0200967 0.758041 9.9982E-05 0.0295607 0.192101 9.9982E-05
9.999E-05 0.727008 0.0431362 0.00118842 0.200107 0.0284609
0.00126632 0.924614 0.0383052 0.0172587 0.018456 9.9991E-05
0.0823039 0.887757 0.0296391 9.9973E-05 9.9973E-05 9.9973E-05
9.9964E-05 0.585386 9.9964E-05 9.9964E-05 0.414214 9.9964E-05
9.9973E-05 0.583767 0.0142381 9.9973E-05 0.401695 9.9973E-05
0.0162109 0.859309 0.00471841 9.9991E-05 0.102183 0.0174795
9.997E-05 0.900036 9.997E-05 0.0645267 0.0351369 9.997E-05
0.338564 9.9973E-05 0.448482 9.9973E-05 9.9973E-05 0.212654
0.0564646 9.9991E-05 0.190874 0.0190696 0.0766553 0.656837
0.0514536 9.9982E-05 0.670868 9.9982E-05 0.0652342 0.212245
0.243365 9.9982E-05 0.512974 9.9982E-05 0.0835408 0.15992
0.289647 9.9982E-05 0.205015 9.9982E-05 0.0155555 0.489583
9.9973E-05 9.9973E-05 0.514266 9.9973E-05 0.0259168 0.459517
0.0639172 0.223901 0.51191 0.200072 9.9982E-05 9.9982E-05
0.175902 9.9982E-05 0.626118 0.174002 0.023778 9.9982E-05
0.153312 0.00849626 0.837892 9.99731E-05 9.99731E-05 9.99731E-05
0.132815 9.9973E-05 0.747686 0.119199 9.9973E-05 9.9973E-05
0.395792 9.9973E-05 0.493857 9.9973E-05 0.11005 9.9973E-05
0.456628 9.9973E-05 0.474635 9.9973E-05 0.0684367 9.9973E-05
0.34884 9.9982E-05 9.9982E-05 0.291526 0.0396894 0.319744
0.276564 9.9991E-05 0.0599063 0.102802 0.061576 0.499051
0.0985591 0.11568 0.121511 9.9982E-05 9.9982E-05 0.66405
0.472598 0.0888937 0.114687 9.9982E-05 9.9982E-05 0.323621
0.36817 9.9973E-05 0.254007 9.9973E-05 9.9973E-05 0.377523
9.997E-05 0.0394471 0.865301 0.0949523 9.997E-05 9.997E-05
9.9973E-05 0.221821 0.687811 0.0900679 9.9973E-05 9.9973E-05
0.256764 0.0773456 0.540916 9.9982E-05 9.9982E-05 0.124774
0.0511742 0.132724 0.443699 9.999E-05 0.210412 0.161892
0.137599 0.124646 0.715669 9.9982E-05 0.0218867 9.9982E-05
9.999E-05 0.0217141 0.563346 0.136993 0.0584917 0.219355
0.0826756 9.998E-05 0.676882 9.998E-05 0.0602174 0.180025
9.9973E-05 9.9973E-05 0.425743 0.493724 9.9973E-05 0.080233
0.441717 9.999E-05 0.305044 0.140657 0.0938918 0.0185904
0.383224 9.998E-05 0.308006 9.998E-05 0.110976 0.197595
0.116989 9.998E-05 0.233191 0.473389 0.176231 9.998E-05
0.286319 9.998E-05 0.507984 0.116475 9.998E-05 0.0890218
0.179312 9.9982E-05 0.628888 0.000247615 9.9982E-05 0.191352
9.997E-05 9.997E-05 0.252719 9.997E-05 0.0896471 0.657334
0.00369173 0.0787095 9.9982E-05 0.117383 9.9982E-05 0.800016
9.9964E-05 9.9964E-05 9.9964E-05 0.113429 9.9964E-05 0.886171
9.9973E-05 9.9973E-05 0.0158257 0.359523 9.9973E-05 0.624351
9.9973E-05 9.9973E-05 0.170505 9.9973E-05 0.0493278 0.779867
9.9991E-05 0.00410257 0.310847 0.402576 0.124953 0.157422
0.0100364 9.9991E-05 0.456347 0.0318207 0.0926093 0.409087
9.998E-05 9.998E-05 0.624669 0.252577 0.0506864 0.0718675
9.998E-05 9.998E-05 0.550691 0.295465 0.0545766 0.099067
0.238439 9.998E-05 0.618083 9.998E-05 0.079726 0.0635523
9.998E-05 0.365283 0.245267 0.0928576 0.296392 9.998E-05
0.0124392 0.433462 0.175488 9.9982E-05 0.378411 9.9982E-05
0.00131057 9.9982E-05 0.00176483 0.0787001 0.918025 9.9982E-05
9.9982E-05 0.263167 9.9982E-05 0.177864 0.550184 0.0085856
0.0109491 0.38664 9.9982E-05 0.0254287 0.576783 9.9982E-05
9.998E-05 0.132878 9.998E-05 0.0603738 0.647077 0.159472
9.9973E-05 0.699449 9.9973E-05 0.083406 9.9973E-05 0.216845
0.100844 0.807457 0.072573 9.9991E-05 0.00598807 0.0130379
0.0739352 0.790419 9.997E-05 9.997E-05 0.135346 9.997E-05
9.9982E-05 0.601659 0.014493 9.9982E-05 0.371346 0.0123025
9.9973E-05 0.53089 0.176576 9.9973E-05 0.292234 9.9973E-05
9.997E-05 0.283989 0.0915241 9.997E-05 0.624187 9.997E-05
9.9982E-05 0.679792 0.174179 0.0133969 0.132432 9.9982E-05
9.997E-05 0.531838 0.0767044 9.997E-05 0.391158 9.997E-05
0.130729 0.798501 0.0704703 9.9973E-05 9.9973E-05 9.9973E-05
0.0265317 0.396821 0.157285 9.998E-05 0.419162 9.998E-05
0.0695293 0.925019 0.00515163 9.9973E-05 9.9973E-05 9.9973E-05
0.00665091 0.219339 9.998E-05 9.998E-05 0.660244 0.113566
9.9973E-05 0.123064 0.185739 9.9973E-05 0.690897 9.9973E-05
0.00348044 0.1361 0.00977477 9.9991E-05 0.711923 0.138621
0.0976795 0.345518 9.9982E-05 9.9982E-05 0.539078 0.0175241
0.0219398 9.996E-05 9.996E-05 9.996E-05 0.97766 9.996E-05
9.9973E-05 0.305854 9.9973E-05 0.0375262 0.65632 9.9973E-05
9.9973E-05 0.753978 9.9973E-05 9.9973E-05 0.142001 0.103722
9.9973E-05 0.0577498 9.9973E-05 9.9973E-05 0.738342 0.203608
0.797913 9.9991E-05 0.095049 0.0921995 0.0132081 0.00153059
0.0517338 9.9973E-05 9.9973E-05 0.853037 0.0949292 9.9973E-05
0.195875 9.9973E-05 9.9973E-05 0.705675 0.0981493 9.9973E-05
0.822902 9.9973E-05 9.9973E-05 9.9973E-05 0.026947 0.149852
0.53538 9.998E-05 9.998E-05 0.17683 0.00497279 0.282618
9.99641E-05 9.99641E-05 9.99641E-05 0.376489 9.99641E-05 0.623111
0.476497 0.0746778 9.9991E-05 0.144415 0.00140581 0.302905
0.331745 0.119387 0.064079 0.313617 9.999E-05 0.171072
0.815447 9.9964E-05 9.9964E-05 9.9964E-05 9.9964E-05 0.184154
0.532367 9.9973E-05 9.9973E-05 0.275115 9.9973E-05 0.192218
0.832675 9.9982E-05 0.0138757 9.9982E-05 0.115228 0.0380216
0.667854 9.9982E-05 0.270518 9.9982E-05 0.0331398 0.0282886
0.705625 0.00163078 0.246918 9.9982E-05 9.9982E-05 0.0456269
0.69835 0.0281024 0.161779 9.9991E-05 0.00391009 0.107759
0.412117 0.00958727 9.997E-05 9.997E-05 9.997E-05 0.577996
0.588703 9.9973E-05 0.18236 9.9973E-05 9.9973E-05 0.228637
0.800404 0.0367539 0.0971486 9.998E-05 0.0654932 9.998E-05
0.726568 9.9982E-05 0.190107 9.9982E-05 0.0502808 0.0328446
0.630105 0.0258466 0.224555 0.119294 9.998E-05 9.998E-05
0.332854 9.998E-05 0.0492504 0.404537 9.998E-05 0.213159
0.508046 9.9982E-05 0.0182749 0.426014 9.9982E-05 0.0474654
0.369677 9.999E-05 0.0477969 0.553034 0.00368222 0.0257105
0.398804 9.9982E-05 0.00612256 0.594046 9.9982E-05 0.000827532
0.673272 0.0235398 9.9982E-05 0.115932 9.9982E-05 0.187057
0.807348 9.9982E-05 0.0719247 0.0639944 9.9982E-05 0.056533
0.574522 9.999E-05 0.14325 0.205944 0.0146892 0.0614944
0.872299 0.00371717 9.9982E-05 0.0827293 9.9982E-05 0.0410549
0.838729 9.998E-05 9.998E-05 0.0495118 0.0236187 0.0879406
0.876716 9.9973E-05 0.00891473 0.11407 9.9973E-05 9.9973E-05
0.848999 9.9973E-05 0.0722078 0.0784929 9.9973E-05 9.9973E-05
0.801356 9.9973E-05 0.0148899 0.183454 9.9973E-05 9.9973E-05
0.472099 9.998E-05 0.086315 0.278661 9.998E-05 0.162726
0.515035 9.998E-05 9.998E-05 0.338612 0.0696245 0.0765288
0.544641 9.9982E-05 0.0910726 0.253216 9.9982E-05 0.110871
0.770136 9.99731E-05 9.99731E-05 0.130393 9.99731E-05 0.099171
0.708623 9.9973E-05 9.9973E-05 0.224272 9.9973E-05 0.0668052
0.672845 9.9973E-05 9.9973E-05 0.305537 0.021318 9.9973E-05
0.755951 9.9973E-05 9.9973E-05 0.161241 9.9973E-05 0.0825085
0.219546 0.00889698 0.0578149 0.713542 9.998E-05 9.998E-05
0.358822 9.9973E-05 9.9973E-05 0.61486 9.9973E-05 0.026018
0.500589 9.9973E-05 9.9973E-05 0.475466 0.0236452 9.9973E-05
0.869602 9.9964E-05 9.9964E-05 0.129998 9.9964E-05 9.9964E-05
0.814894 0.0916011 0.0427479 0.0395571 9.9991E-05 0.0111003
0.720985 9.998E-05 0.0634301 0.20487 0.0105145 9.998E-05
0.824183 0.00617212 9.9982E-05 0.156489 9.9982E-05 0.0129556
0.495896 0.0722446 0.11619 0.137311 0.178259 9.9991E-05
0.606825 0.112473 9.998E-05 0.0316568 0.248845 9.998E-05
0.681398 9.9973E-05 9.9973E-05 0.257735 9.9973E-05 0.0605677
0.326939 9.997E-05 9.997E-05 0.625089 9.997E-05 0.0476721
0.483228 0.0246331 0.00275029 0.489188 9.998E-05 9.998E-05
0.385143 9.9973E-05 9.9973E-05 0.60945 0.00510742 9.9973E-05
9.9973E-05 9.9973E-05 0.00943797 0.901653 9.9973E-05 0.0886096
0.752707 9.9973E-05 9.9973E-05 0.192474 9.9973E-05 0.0545192
0.345596 0.0249547 0.0433581 0.585891 9.998E-05 9.998E-05
0.593145 9.9964E-05 9.9964E-05 0.406456 9.9964E-05 9.9964E-05
0.429853 9.998E-05 0.0485023 0.412083 9.998E-05 0.109362
0.439466 0.00806652 9.9973E-05 0.552168 9.9973E-05 9.9973E-05
9.9982E-05 0.664324 9.9982E-05 0.201397 0.0708223 0.0632566
0.0676378 0.527947 9.998E-05 0.0298231 0.374392 9.998E-05
9.9982E-05 0.517878 9.9982E-05 0.0021474 0.319737 0.160038
9.9982E-05 0.12313 9.9982E-05 0.104794 0.660107 0.111768
0.122022 0.133045 9.9982E-05 9.9982E-05 0.730209 0.0145237
9.9982E-05 0.168767 9.9982E-05 0.0173951 0.789215 0.0244225
0.0163891 0.593532 0.0291972 0.0364098 0.324372 9.9991E-05
0.0391549 0.87469 9.9973E-05 9.9973E-05 0.0858551 9.9973E-05
9.99731E-05 0.741597 9.99731E-05 0.138641 9.99731E-05 0.119463
0.105776 0.250378 9.9973E-05 9.9973E-05 0.643547 9.9973E-05
9.99641E-05 9.99641E-05 0.0108906 9.99641E-05 0.98871 9.99641E-05
9.9964E-05 9.9964E-05 0.029825 9.9964E-05 0.969775 9.9964E-05
0.0199371 9.997E-05 9.997E-05 9.997E-05 0.934579 0.0451838
