0.217026 0.00567099 0.777303
0.512608 9.9991E-05 0.487292
0.182974 0.0496198 0.767407
0.181273 0.0903213 0.728406
9.9991E-05 0.100888 0.899012
9.999E-05 0.10675 0.89315
0.611109 0.388791 9.9991E-05
0.389068 0.469089 0.141843
0.381673 0.618227 9.9991E-05
0.42617 0.57373 9.9991E-05
0.536755 0.463145 9.9991E-05
0.538886 0.461014 9.9991E-05
0.271314 0.728586 9.9991E-05
0.273786 0.726114 9.9991E-05
0.48694 0.51296 9.9991E-05
0.551866 0.448034 9.9991E-05
0.138125 0.143091 0.718784
0.452097 0.121721 0.426182
0.234095 0.225581 0.540325
0.0190755 0.272139 0.708785
0.28952 0.114962 0.595518
0.239468 0.213943 0.546589
0.352659 0.0919409 0.5554
0.0353547 0.204668 0.759978
0.0388669 0.237701 0.723432
0.0634445 0.132677 0.803879
9.9991E-05 0.267849 0.732051
9.9991E-05 0.235819 0.764081
0.270002 0.0282445 0.701753
0.34993 0.079671 0.570399
0.617952 0.0209107 0.361137
0.282067 0.101234 0.616699
0.268892 0.00935364 0.721755
0.142384 0.216016 0.6416
0.529759 0.0754403 0.394801
0.207521 0.148848 0.643632
0.279308 0.387754 0.332938
0.129894 0.260692 0.609415
0.320602 0.145822 0.533577
0.119368 0.218727 0.661905
0.284531 9.9991E-05 0.715369
0.0476929 0.13782 0.814487
0.0779724 0.236009 0.686018
0.114239 0.175885 0.709875
0.131786 0.033632 0.834582
0.189132 0.106263 0.704605
0.529571 0.202738 0.26769
0.690549 9.9991E-05 0.309351
0.778295 9.9991E-05 0.221605
0.524483 9.9991E-05 0.475417
0.512146 0.0970269 0.390827
0.290732 0.141491 0.567776
0.312032 0.202137 0.485832
0.216273 0.146269 0.637458
0.247342 0.16095 0.591708
0.0215086 0.258974 0.719518
0.306986 0.55577 0.137244
0.218865 0.667267 0.113868
9.9991E-05 0.957763 0.0421367
0.279977 0.719923 9.9991E-05
0.175899 0.824001 9.9991E-05
0.20095 0.735745 0.0633057
0.880799 0.119101 9.9991E-05
0.577915 0.421985 9.9991E-05
0.422075 0.577825 9.9991E-05
0.304296 0.695604 9.9991E-05
0.308873 0.642101 0.0490259
0.0364174 0.963483 9.9991E-05
0.538718 0.461182 9.9991E-05
0.318958 0.680942 9.9991E-05
0.545978 0.435551 0.0184706
0.255337 0.744563 9.9991E-05
0.555102 0.444798 9.9991E-05
0.127087 0.815595 0.0573182
0.0419169 0.832211 0.125872
0.141645 0.858255 9.9991E-05
0.242369 0.725176 0.0324557
9.999E-05 0.9998 9.999E-05
0.163279 0.836621 9.9991E-05
0.565607 0.434293 9.9991E-05
0.176639 0.772189 0.0511718
9.9991E-05 0.0643726 0.935527
0.203543 9.9991E-05 0.796357
0.129784 0.0175041 0.852712
0.0111782 0.0925438 0.896278
0.199112 9.9991E-05 0.800788
0.709416 9.9991E-05 0.290484
0.320762 0.00798564 0.671252
0.32587 9.9991E-05 0.67403
0.10155 0.0167928 0.881657
0.203737 9.9991E-05 0.796163
9.9991E-05 0.174241 0.825659
9.9991E-05 0.151477 0.848423
9.9991E-05 0.100283 0.899617
0.0888546 0.110112 0.801034
0.405235 0.0146293 0.580136
0.154122 0.0860295 0.759848
9.9991E-05 0.15839 0.84151
9.9991E-05 0.159216 0.840684
0.0706168 0.0710281 0.858355
0.206124 9.9991E-05 0.793776
0.0633774 9.9991E-05 0.936523
0.0863358 9.9991E-05 0.913564
0.145928 9.9991E-05 0.853972
0.173211 0.0144484 0.81234
9.9991E-05 0.0288366 0.971063
9.9991E-05 0.0586369 0.941263
9.9991E-05 0.0911205 0.908779
9.9991E-05 0.0589047 0.940995
9.9991E-05 0.0234431 0.976457
9.9991E-05 0.0568544 0.943046
9.999E-05 9.999E-05 0.9998
0.11437 9.9991E-05 0.88553
0.0802341 0.0469759 0.87279
0.12248 9.9991E-05 0.87742
0.0472391 0.0299744 0.922786
0.0120097 0.013858 0.974132
0.000216093 0.00810634 0.991678
0.0672873 0.000238121 0.932475
0.272387 9.9991E-05 0.727513
0.184741 9.9991E-05 0.815159
0.102061 9.9991E-05 0.897839
9.9991E-05 0.0171346 0.982765
9.9991E-05 0.120912 0.878988
9.9991E-05 0.0920709 0.907829
9.9991E-05 0.0359607 0.963939
9.9991E-05 0.35589 0.64401
9.9991E-05 0.393449 0.606451
0.0938547 9.9991E-05 0.906045
0.220288 9.9991E-05 0.779612
0.190442 9.9991E-05 0.809458
0.142408 9.9991E-05 0.857492
0.300086 9.9991E-05 0.699814
9.9991E-05 0.00207971 0.99782
0.187824 9.9991E-05 0.812076
0.0286558 0.00217456 0.96917
0.149616 9.9991E-05 0.850284
0.158473 9.9991E-05 0.841427
0.641647 0.358253 9.9991E-05
0.342735 0.657165 9.9991E-05
0.449529 0.550371 9.9991E-05
0.154192 0.738016 0.107792
0.0429073 0.815661 0.141431
0.0620453 0.937855 9.9991E-05
0.309083 0.68399 0.00692722
0.51462 0.48528 9.9991E-05
0.921542 0.0783581 9.9991E-05
0.077374 0.839686 0.0829405
9.999E-05 0.9998 9.999E-05
9.9991E-05 0.99942 0.000480401
9.9991E-05 0.968772 0.0311284
