0.497111 9.9982E-05 0.230495 0.223558 0.0486362 9.9982E-05
0.133171 0.174876 0.383368 0.0777533 0.230732 9.9991E-05
0.317432 0.137684 0.0426534 0.429866 0.0722654 9.9991E-05
0.411015 0.153159 0.0755594 0.326207 9.9991E-05 0.0339597
0.222029 9.9973E-05 9.9973E-05 0.757777 9.9973E-05 0.0198939
0.486268 0.0553415 0.0448461 0.413345 9.9982E-05 9.9982E-05
9.9973E-05 0.0632312 0.0747904 9.9973E-05 0.861679 9.9973E-05
0.0728545 0.0105 0.0981061 0.0618166 0.572082 0.184641
9.9982E-05 9.9982E-05 0.0106552 0.0210048 0.788224 0.179916
0.0133884 0.0072314 9.9982E-05 9.9982E-05 0.830729 0.148451
9.9973E-05 9.9973E-05 0.0540359 9.9973E-05 0.893292 0.0523721
9.9964E-05 9.9964E-05 9.9964E-05 0.0807081 0.918892 9.9964E-05
9.9973E-05 9.9973E-05 9.9973E-05 0.0333506 0.656044 0.310305
9.99731E-05 9.99731E-05 0.000423294 9.99731E-05 0.625201 0.374076
9.9982E-05 0.0379276 0.00231559 9.9982E-05 0.819864 0.139693
9.99731E-05 9.99731E-05 0.0845035 9.99731E-05 0.860674 0.0545226
0.473101 0.149561 0.0797722 0.261309 9.9991E-05 0.0361566
0.242339 0.642731 0.0222854 9.9982E-05 9.9982E-05 0.0924445
0.647125 0.184688 9.9982E-05 0.0675203 9.9982E-05 0.100468
0.53056 0.0964735 9.9982E-05 0.254294 9.9982E-05 0.118473
0.241908 0.456181 9.9982E-05 0.249574 9.9982E-05 0.0521367
0.538301 0.401805 9.9973E-05 9.9973E-05 9.9973E-05 0.059594
0.487798 9.9982E-05 0.19573 0.0943863 0.221886 9.9982E-05
0.658419 9.9982E-05 0.19635 0.130789 9.9982E-05 0.014242
0.807494 9.9982E-05 0.0653018 0.0995647 9.9982E-05 0.0274391
0.736551 0.0146033 0.125205 0.123441 9.9982E-05 9.9982E-05
0.473831 9.9973E-05 9.9973E-05 0.346306 9.9973E-05 0.179563
0.439467 9.9973E-05 9.9973E-05 0.465702 9.9973E-05 0.0945309
0.0862429 0.293277 0.228822 0.363031 9.9991E-05 0.0285271
0.123608 0.453097 0.0538226 0.305192 0.0500295 0.0142516
0.225534 0.620831 9.9982E-05 0.0355021 0.117932 9.9982E-05
0.138898 0.301919 9.9982E-05 0.468325 0.0906578 9.9982E-05
0.370469 0.300287 9.9973E-05 0.328944 9.9973E-05 9.9973E-05
0.840872 9.9973E-05 0.0893604 9.9973E-05 0.0694678 9.9973E-05
0.649387 9.9973E-05 0.115254 9.9973E-05 0.235059 9.9973E-05
0.580428 0.0825515 9.9982E-05 0.249691 0.0871293 9.9982E-05
0.483974 0.159062 9.9982E-05 9.9982E-05 0.13509 0.221674
0.658496 9.9982E-05 9.9982E-05 0.166506 0.117739 0.057059
0.69542 0.139816 0.0820376 9.9991E-05 0.0739796 0.00864699
0.676953 0.123521 9.9982E-05 0.127203 9.9982E-05 0.072124
0.454073 0.0409498 0.504677 9.9973E-05 9.9973E-05 9.9973E-05
0.320622 0.0471488 0.147813 0.394071 9.9991E-05 0.0902453
0.365865 0.195775 9.9982E-05 0.341581 9.9982E-05 0.0965797
0.2255 9.9982E-05 0.462336 0.151338 9.9982E-05 0.160626
0.522985 0.0580612 0.163767 0.254987 9.9982E-05 9.9982E-05
0.653339 0.224923 9.9973E-05 0.121437 9.9973E-05 9.9973E-05
0.265917 0.580938 9.9973E-05 9.9973E-05 9.9973E-05 0.152845
9.9982E-05 0.774925 0.146702 9.9982E-05 0.0305638 0.0476094
9.9964E-05 0.936435 0.063165 9.9964E-05 9.9964E-05 9.9964E-05
0.0438674 0.690784 0.265049 9.9973E-05 9.9973E-05 9.9973E-05
0.196273 0.732101 9.99729E-05 9.99729E-05 9.99729E-05 0.0713262
0.364328 0.156135 0.327184 9.9991E-05 0.0545127 0.0977403
0.439922 0.402509 9.9973E-05 9.9973E-05 9.9973E-05 0.157268
0.571663 0.060068 0.288483 9.9982E-05 9.9982E-05 0.0795857
0.61704 0.0350253 0.292964 9.9982E-05 0.0547702 9.9982E-05
0.68471 0.0184174 9.9982E-05 0.200733 9.9982E-05 0.0959394
0.209235 9.9982E-05 0.0942919 9.9982E-05 0.454924 0.241349
0.105976 9.9982E-05 9.9982E-05 0.0662617 0.441954 0.385609
0.0223911 9.9973E-05 0.0555567 9.9973E-05 9.9973E-05 0.921752
0.0106807 0.0303254 0.111468 9.9991E-05 0.302796 0.54463
9.9973E-05 9.9973E-05 0.045962 9.9973E-05 0.336794 0.616944
9.9973E-05 0.210446 9.9973E-05 9.9973E-05 0.130679 0.658575
9.9973E-05 0.247407 0.0385914 9.9973E-05 0.713702 9.9973E-05
0.128492 9.9982E-05 9.9982E-05 0.0752683 0.783774 0.0122658
9.9973E-05 9.9973E-05 9.9973E-05 0.0662498 0.819024 0.114426
0.0200468 9.9973E-05 9.9973E-05 9.9973E-05 0.686133 0.29352
0.160735 9.9982E-05 9.9982E-05 0.000297072 0.599771 0.238997
0.0941611 9.99731E-05 9.99731E-05 9.99731E-05 0.317803 0.587736
0.11176 9.9982E-05 0.00536182 9.9982E-05 0.722665 0.160013
0.042301 9.9982E-05 0.0597755 9.9982E-05 0.490631 0.407093
0.13619 9.9973E-05 9.9973E-05 0.0588931 0.804617 9.9973E-05
0.119767 9.9982E-05 9.9982E-05 0.00877608 0.479362 0.391896
9.9964E-05 9.9964E-05 9.9964E-05 0.0917824 0.907818 9.9964E-05
9.9982E-05 0.0641938 9.9982E-05 0.0713527 0.186115 0.678138
0.172073 9.9973E-05 9.9973E-05 9.9973E-05 0.140426 0.687201
9.9973E-05 0.149262 9.9973E-05 9.9973E-05 0.0942521 0.756186
9.9982E-05 0.0211876 9.9982E-05 0.0729583 0.345476 0.560179
9.9964E-05 9.9964E-05 9.9964E-05 0.0367937 9.9964E-05 0.962806
9.9982E-05 0.00215796 0.0201275 9.9982E-05 0.304531 0.672983
9.9973E-05 0.152822 9.9973E-05 9.9973E-05 0.673758 0.17312
9.9982E-05 0.17862 9.9982E-05 0.0241623 0.0759979 0.72102
0.120052 0.0415445 0.0750874 0.763116 9.99821E-05 9.99821E-05
9.9964E-05 9.9964E-05 0.892493 9.9964E-05 9.9964E-05 0.107107
9.9973E-05 9.9973E-05 0.775259 0.123429 9.9973E-05 0.101012
9.9982E-05 0.106411 9.9982E-05 0.832493 0.0280908 0.0328046
9.9973E-05 0.316612 0.0831082 0.599979 9.9973E-05 9.9973E-05
9.99641E-05 0.760777 0.238824 9.99641E-05 9.99641E-05 9.99641E-05
0.00417366 0.267572 0.150213 0.509394 0.0673425 0.00130429
0.0652575 0.215299 0.221218 0.393406 0.10472 9.9991E-05
0.0427366 0.210292 0.00228137 0.74449 9.9982E-05 9.9982E-05
9.9973E-05 0.229467 0.227498 0.542735 9.9973E-05 9.9973E-05
0.00230826 0.030544 9.9982E-05 0.865321 9.9982E-05 0.101627
0.309211 9.9973E-05 9.9973E-05 0.633375 9.9973E-05 0.0571141
0.273693 0.0183266 9.9982E-05 0.683863 0.0239175 9.9982E-05
0.193386 0.0980274 9.9982E-05 0.670388 9.9982E-05 0.037999
9.9973E-05 0.556878 9.9973E-05 0.39812 0.0447024 9.9973E-05
0.24287 0.21286 9.9973E-05 0.54397 9.9973E-05 9.9973E-05
0.142167 9.9982E-05 9.9982E-05 0.783546 0.0166269 0.0574597
0.197098 9.9973E-05 9.9973E-05 0.765061 9.9973E-05 0.0375418
0.274203 9.9982E-05 0.151236 0.54137 0.0329905 9.9982E-05
0.0323598 0.26999 0.34076 0.35669 9.9982E-05 9.9982E-05
9.9973E-05 0.0435786 0.425741 0.53038 9.9973E-05 9.9973E-05
0.0556276 0.0458492 0.52509 0.373233 9.9982E-05 9.9982E-05
0.0114541 9.9973E-05 0.598546 0.3897 9.9973E-05 9.9973E-05
9.9982E-05 0.223589 0.0105157 0.759596 0.0060996 9.9982E-05
0.0601108 0.0863886 9.9973E-05 0.853201 9.9973E-05 9.9973E-05
0.242077 0.0608523 0.0746307 0.62224 9.9982E-05 9.9982E-05
9.9973E-05 0.0653747 0.0479442 0.886381 9.9973E-05 9.9973E-05
9.9982E-05 0.0696929 0.0179854 0.903434 0.00868719 9.9982E-05
0.0504056 9.9982E-05 0.0525542 0.875139 0.0217012 9.9982E-05
0.136418 9.9982E-05 0.120354 0.735161 9.9982E-05 0.0078667
9.9964E-05 9.9964E-05 0.206609 0.792991 9.9964E-05 9.9964E-05
0.188883 0.12198 0.263648 0.425289 9.9982E-05 9.9982E-05
9.9982E-05 0.130241 0.312966 0.491302 9.9982E-05 0.0652907
0.102286 0.0756582 0.276758 0.545098 9.9982E-05 9.9982E-05
0.0392725 0.103255 0.0603874 0.796885 9.9982E-05 9.9982E-05
9.9973E-05 0.0677747 0.137207 0.794718 9.9973E-05 9.9973E-05
9.9973E-05 9.9973E-05 0.169315 0.814233 9.9973E-05 0.0161521
9.9973E-05 0.129776 0.140157 0.729767 9.9973E-05 9.9973E-05
0.0663031 9.9982E-05 0.734772 0.168906 0.0298194 9.9982E-05
9.9982E-05 0.00991911 0.66217 0.320954 9.9982E-05 0.00675653
9.9973E-05 9.9973E-05 0.459557 0.52626 9.9973E-05 0.0138833
9.9964E-05 9.9964E-05 0.179511 0.820089 9.9964E-05 9.9964E-05
0.0639925 9.9991E-05 0.073832 0.76066 0.0782723 0.0231429
0.0466417 9.9991E-05 0.197382 0.70008 0.00196 0.053836
9.9973E-05 0.0639267 0.152921 0.782853 9.9973E-05 9.9973E-05
0.0735184 9.9991E-05 0.127375 0.567472 0.0590205 0.172514
9.9982E-05 9.9982E-05 0.0266026 0.604125 0.155567 0.213505
9.9973E-05 0.112307 0.240941 0.646452 9.9973E-05 9.9973E-05
9.9973E-05 0.0898316 0.632827 0.277042 9.9973E-05 9.9973E-05
9.9973E-05 9.9973E-05 0.519042 0.410181 0.070477 9.9973E-05
0.0555192 9.9973E-05 0.551538 0.392643 9.9973E-05 9.9973E-05
0.0288916 0.0730124 0.897796 9.9973E-05 9.9973E-05 9.9973E-05
9.9973E-05 0.0893256 0.169226 0.741149 9.9973E-05 9.9973E-05
0.0493993 0.0140139 0.581964 0.354423 9.9982E-05 9.9982E-05
0.00540281 9.9973E-05 0.35619 0.638107 9.9973E-05 9.9973E-05
0.071907 0.128957 0.423238 0.375698 9.9982E-05 9.9982E-05
9.9982E-05 0.0311496 0.483518 0.450208 0.0349239 9.9982E-05
9.9982E-05 0.113526 0.169305 9.9982E-05 0.600208 0.116761
9.9982E-05 9.9982E-05 0.0571879 0.0298054 0.50835 0.404457
9.9973E-05 0.15979 9.9973E-05 9.9973E-05 0.539098 0.300812
9.9982E-05 0.11039 0.0475753 9.9982E-05 0.182422 0.659412
9.9991E-05 0.0198642 0.0237007 0.09755 0.199241 0.659545
9.9982E-05 0.015777 0.00712122 9.9982E-05 0.156549 0.820353
9.9973E-05 9.9973E-05 0.0782325 9.9973E-05 0.57913 0.342337
9.9973E-05 9.9973E-05 9.9973E-05 0.0672462 0.831142 0.101312
9.99731E-05 0.139844 0.128845 9.99731E-05 0.731011 9.99731E-05
9.9982E-05 0.0125577 9.9982E-05 0.0715891 0.283945 0.631709
0.0487347 9.99641E-05 9.99641E-05 9.99641E-05 9.99641E-05 0.950865
0.0418565 9.9964E-05 9.9964E-05 9.9964E-05 9.9964E-05 0.957744
9.9982E-05 0.00549992 9.9982E-05 0.046163 0.0111227 0.937014
