0.401544 0.433375 0.164982 9.9991E-05
0.370658 0.135192 0.49405 9.9991E-05
0.443224 0.376799 0.174816 0.0051607
0.35765 0.475763 0.163989 0.00259877
0.66507 0.289703 9.9991E-05 0.0451268
0.430617 0.569183 9.9982E-05 9.9982E-05
9.9982E-05 9.9982E-05 0.529617 0.470183
0.124684 9.9991E-05 0.312007 0.563208
9.9982E-05 9.9982E-05 0.337208 0.662592
9.9982E-05 9.9982E-05 0.368973 0.630827
9.9982E-05 9.9982E-05 0.456893 0.542907
9.9982E-05 9.9982E-05 0.458304 0.541496
9.9982E-05 9.9982E-05 0.219992 0.779808
9.9991E-05 0.0281723 0.165404 0.806323
9.9982E-05 9.9982E-05 0.421595 0.578205
9.9982E-05 9.9982E-05 0.506233 0.493567
0.258692 0.592636 0.109006 0.0396658
0.049112 0.50479 0.417873 0.0282251
9.9991E-05 0.794217 0.135945 0.0697376
0.160815 0.730327 9.9991E-05 0.108757
0.23289 0.535472 0.218191 0.0134468
9.9982E-05 0.805675 0.194125 9.9982E-05
0.197456 0.487976 0.282836 0.0317314
0.292596 0.601496 0.0570936 0.0488144
0.152679 0.776952 9.9991E-05 0.0702695
0.154789 0.790539 0.0545719 9.9991E-05
0.285969 0.552911 9.9991E-05 0.16102
0.37671 0.493426 9.9991E-05 0.129764
0.542822 0.171233 0.237108 0.0488362
0.368154 0.241461 0.319709 0.0706764
9.9982E-05 0.454756 0.545045 9.9982E-05
0.333467 0.358135 0.238723 0.0696748
0.2616 0.578829 0.159471 9.9991E-05
9.9991E-05 0.79967 0.164976 0.035254
9.9982E-05 0.595615 0.404185 9.9982E-05
0.131616 0.672208 0.175628 0.0205482
9.9991E-05 0.524532 0.190052 0.285315
0.127104 0.638506 0.106845 0.127545
9.9991E-05 0.709985 0.262611 0.0273043
0.0434214 0.822657 0.114051 0.0198704
0.306129 0.433086 0.260685 9.9991E-05
0.474284 0.399163 0.0694896 0.0570642
0.273461 0.528769 0.0553828 0.142388
0.542192 0.220237 0.078464 0.159107
0.292882 0.600447 0.106571 9.9991E-05
0.0725705 0.795728 0.131601 9.9991E-05
9.9991E-05 0.552692 0.411953 0.0352554
0.134859 0.236271 0.628769 9.9991E-05
0.0642007 0.161579 0.77412 9.9991E-05
0.313504 0.151296 0.5351 9.9991E-05
9.9982E-05 0.541969 0.457831 9.9982E-05
0.161183 0.497095 0.280327 0.0613951
0.0267222 0.659967 0.255911 0.0573998
0.0753218 0.718863 0.203985 0.00183026
0.0382546 0.724545 0.2371 9.9991E-05
0.119953 0.818878 9.9991E-05 0.0610695
9.9991E-05 0.211267 0.263649 0.524984
0.0729914 0.120474 0.100614 0.70592
0.0234376 0.026845 9.9991E-05 0.949617
9.9991E-05 0.0452605 0.23903 0.71561
9.9982E-05 9.9982E-05 0.130295 0.869505
0.0421619 0.0648327 0.129187 0.763818
9.9982E-05 9.9982E-05 0.782561 0.217239
9.9991E-05 0.0387506 0.463703 0.497446
9.9982E-05 9.9982E-05 0.342318 0.657482
9.9982E-05 9.9982E-05 0.241136 0.758664
9.9991E-05 0.114042 0.258399 0.62746
9.99821E-05 0.087574 9.99821E-05 0.912226
9.9991E-05 0.046929 0.393878 0.559093
9.9982E-05 9.9982E-05 0.244037 0.755763
0.0127617 0.0328909 0.447317 0.507031
0.0143244 0.0388448 0.139543 0.807288
9.9982E-05 9.9982E-05 0.4586 0.5412
0.0492456 0.084908 0.0510341 0.814812
9.9982E-05 0.194534 9.9982E-05 0.805266
9.9991E-05 0.13824 0.0572658 0.804394
0.00446046 9.9991E-05 0.166983 0.828457
0.00856194 9.9982E-05 9.9982E-05 0.991238
9.9982E-05 9.9982E-05 0.0977512 0.902049
9.9982E-05 9.9982E-05 0.438947 0.560853
0.0402312 0.0689351 0.0900945 0.800739
0.798442 0.133077 9.9991E-05 0.0683812
0.726393 0.044603 0.228904 9.9991E-05
0.798209 9.9991E-05 0.172716 0.0289757
0.823494 0.0603154 9.9991E-05 0.116091
0.756948 0.0408953 0.188718 0.013438
0.274516 9.9982E-05 0.725284 9.9982E-05
0.576222 0.127388 0.262777 0.0336125
0.509504 0.174984 0.315412 9.9991E-05
0.757359 0.097549 0.0787138 0.0663787
0.749242 9.9982E-05 0.250558 9.9982E-05
0.708164 0.110876 9.9991E-05 0.180859
0.448349 0.501896 9.9991E-05 0.0496556
0.60305 0.350839 9.9991E-05 0.0460107
0.584234 0.272119 0.0711339 0.0725135
0.377368 0.248381 0.370111 0.00414013
0.416624 0.472073 0.111203 9.9991E-05
0.69478 0.177474 9.9991E-05 0.127646
0.565327 0.326022 9.9991E-05 0.108551
0.662957 0.244063 0.0443972 0.0485832
0.673954 0.119683 0.206263 9.9991E-05
0.89542 0.054727 0.0497531 9.9991E-05
0.837539 0.0681932 0.0941677 9.9991E-05
0.83089 9.9982E-05 0.16891 9.9982E-05
0.793081 9.9991E-05 0.150688 0.0561305
0.824609 0.175191 9.9982E-05 9.9982E-05
0.750658 0.249142 9.9982E-05 9.9982E-05
0.941096 9.9982E-05 9.9982E-05 0.058704
0.866076 0.0344004 9.9991E-05 0.0994241
0.878679 0.0826611 9.9991E-05 0.0385599
0.841143 0.111382 9.9991E-05 0.0473755
0.990132 0.0096679 9.9982E-05 9.9982E-05
0.669496 0.243647 0.0867569 9.9991E-05
0.771652 0.0830246 0.0589787 0.0863446
0.755175 0.0978637 0.146862 9.9991E-05
0.883472 0.0700725 9.9991E-05 0.0463554
0.941785 0.00253182 9.9991E-05 0.055583
0.933313 0.0608023 9.9991E-05 0.00578446
0.891633 0.0369155 0.055259 0.0161921
0.725139 9.9982E-05 0.274661 9.9982E-05
0.755348 9.9982E-05 0.244452 9.9982E-05
0.878234 9.9991E-05 0.10289 0.0187763
0.928785 0.0321933 9.9991E-05 0.0389213
0.807686 0.0490251 9.9991E-05 0.143189
0.867332 0.0196375 9.9991E-05 0.11293
0.92333 0.00422725 9.9991E-05 0.0723428
0.613246 0.0617119 9.9991E-05 0.324942
0.610436 9.9982E-05 9.9982E-05 0.389364
0.908392 9.9982E-05 0.0914084 9.9982E-05
0.790547 9.9982E-05 0.209253 9.9982E-05
0.806467 9.9982E-05 0.193334 9.9982E-05
0.832305 9.9982E-05 0.167495 9.9982E-05
0.663577 9.9982E-05 0.336223 9.9982E-05
0.959782 9.9991E-05 0.0235851 0.016533
0.808382 9.9982E-05 0.191418 9.9982E-05
0.899841 0.0576837 0.0362538 0.00622161
0.772398 0.0948016 0.132701 9.9991E-05
0.829432 9.9982E-05 0.170368 9.9982E-05
9.9982E-05 9.9982E-05 0.588837 0.410963
9.9982E-05 9.9982E-05 0.271422 0.728378
9.9982E-05 9.9982E-05 0.388724 0.611076
0.105258 0.0246027 0.0846601 0.78548
0.127638 9.9991E-05 0.0129864 0.859275
0.0514398 9.9991E-05 0.00657471 0.941885
0.00238355 9.9991E-05 0.285517 0.711999
9.9982E-05 9.9982E-05 0.44341 0.55639
9.9982E-05 9.9982E-05 0.856273 0.143527
0.0949163 9.9991E-05 0.0722686 0.832715
9.9982E-05 0.0733907 9.9982E-05 0.926409
9.9982E-05 0.0580044 9.9982E-05 0.941796
9.9982E-05 0.0570954 9.9982E-05 0.942705
