0.456094 0.163584 0.380222 9.9991E-05
0.0893967 0.561931 0.348572 9.9991E-05
0.437714 0.194639 0.367547 9.9991E-05
0.530138 0.135008 0.334753 9.9991E-05
0.252739 9.9991E-05 0.686833 0.0603283
0.599306 0.00561335 0.394981 9.9991E-05
9.9982E-05 0.525362 9.9982E-05 0.474438
9.999E-05 0.293777 0.162687 0.543435
9.9982E-05 0.332586 9.9982E-05 0.667214
9.9982E-05 0.338224 9.9982E-05 0.661576
9.99819E-05 0.465394 9.99819E-05 0.534406
9.9991E-05 0.452756 0.000938641 0.546205
9.9982E-05 0.196581 9.9982E-05 0.803219
0.030131 0.186735 9.9991E-05 0.783034
9.9982E-05 0.430767 9.9982E-05 0.569033
9.9982E-05 0.470613 9.9982E-05 0.529187
0.566075 0.107277 0.296291 0.0303564
0.483373 0.438432 0.0385026 0.0396921
0.761944 0.175994 9.9991E-05 0.0619616
0.729128 9.9991E-05 0.149744 0.121028
0.508064 0.247647 0.193847 0.0504419
0.774839 0.198551 9.9991E-05 0.0265106
0.47776 0.296515 0.196674 0.0290502
0.558776 0.0112379 0.323361 0.106625
0.780939 0.0358418 0.0968772 0.0863423
0.790683 0.0707595 0.138458 9.9991E-05
0.597988 9.9991E-05 0.26456 0.137352
0.547684 9.9991E-05 0.345204 0.107012
0.184242 0.248977 0.53205 0.034731
0.26731 0.262625 0.399253 0.0708122
0.418474 0.581326 9.9982E-05 9.9982E-05
0.359786 0.231888 0.346536 0.0617899
0.535687 0.189156 0.275057 9.9991E-05
0.874673 0.0910784 9.9991E-05 0.0341484
0.62407 0.37573 9.9982E-05 9.9982E-05
0.620658 0.146976 0.181578 0.0507875
0.487603 0.229074 9.9991E-05 0.283223
0.651325 0.124363 0.0993754 0.124936
0.71314 0.281104 9.9991E-05 0.0056558
0.82389 0.076927 0.053295 0.0458882
0.48412 0.227602 0.288178 9.9991E-05
0.387222 0.0484142 0.481172 0.0831919
0.525397 0.0938459 0.279105 0.101653
0.253034 0.0656138 0.513479 0.167873
0.576095 0.126864 0.296941 9.9991E-05
0.778133 0.124659 0.0971072 9.9991E-05
0.552744 0.391219 9.9991E-05 0.055937
0.2264 0.638781 0.134719 9.9991E-05
0.145113 0.778173 0.0766144 9.9991E-05
0.212983 0.508411 0.278506 9.9991E-05
0.480924 0.479062 9.9991E-05 0.039914
0.504615 0.268048 0.152382 0.0749543
0.677233 0.246315 0.00733648 0.0691154
0.796706 0.191123 0.00402357 0.00814759
0.711569 0.233219 0.0417748 0.0134377
0.79636 9.9991E-05 0.142886 0.0606543
0.190494 0.232665 0.03407 0.542771
0.145609 0.0728436 0.012328 0.769219
0.0676387 9.9991E-05 0.0204778 0.911783
0.0615272 0.215289 9.9991E-05 0.723084
9.9982E-05 0.140068 9.9982E-05 0.859732
0.0771465 0.146201 0.0245022 0.752151
9.9982E-05 0.766461 9.9982E-05 0.233339
0.0601751 0.454982 9.9991E-05 0.484743
9.9982E-05 0.337734 9.9982E-05 0.662066
9.9982E-05 0.213451 9.9982E-05 0.786349
0.116658 0.260962 9.9991E-05 0.62228
0.0408618 0.0111062 9.9991E-05 0.947932
0.00195517 0.434899 9.9991E-05 0.563046
0.01041 0.212675 9.9991E-05 0.776815
0.0591877 0.407066 9.9991E-05 0.533646
0.0989166 0.139911 9.9991E-05 0.761073
9.9991E-05 0.44275 0.00546949 0.551681
9.9991E-05 0.0425764 0.0851482 0.872175
0.180381 9.9982E-05 9.9982E-05 0.819419
0.0812176 0.099162 9.9991E-05 0.81952
9.9991E-05 0.168375 0.0391911 0.792334
9.9982E-05 9.9982E-05 0.0336916 0.966108
0.00578412 0.110479 9.9991E-05 0.883637
9.9982E-05 0.423045 9.9982E-05 0.576755
0.037962 0.0915052 0.0800401 0.790493
0.0962564 9.9991E-05 0.842856 0.0607881
0.0253595 0.221262 0.752667 0.000712326
9.9991E-05 0.133094 0.805746 0.0610593
0.0514149 9.9991E-05 0.83529 0.113195
0.044054 0.173444 0.758383 0.0241187
9.99821E-05 0.766924 0.232877 9.99821E-05
0.104422 0.286791 0.551994 0.0567935
0.142876 0.322016 0.517757 0.0173511
0.0798297 0.0640616 0.796055 0.0600536
9.9982E-05 0.26814 0.73166 9.9982E-05
0.0940821 9.9991E-05 0.725194 0.180624
0.449895 9.9991E-05 0.46511 0.084895
0.368079 9.9991E-05 0.58639 0.045431
0.280929 0.0507209 0.590406 0.0779434
0.255485 0.378266 0.366149 9.9991E-05
0.379998 0.148155 0.447055 0.0247917
0.186617 9.9991E-05 0.671427 0.141856
0.296778 9.9991E-05 0.587769 0.115353
0.231127 0.0477217 0.679489 0.0416617
0.129726 0.196152 0.674022 9.9991E-05
0.0439518 0.0626947 0.893254 9.9991E-05
0.108364 0.0855064 0.80603 9.9991E-05
0.00256478 0.1429 0.854435 9.9991E-05
9.9991E-05 0.114599 0.833588 0.0517135
0.157823 9.9991E-05 0.824752 0.0173245
0.229296 0.00488531 0.764715 0.00110351
9.9982E-05 9.9982E-05 0.926966 0.0728342
0.01397 9.9991E-05 0.883543 0.102387
0.0562802 9.9991E-05 0.886665 0.0569553
0.159611 9.9991E-05 0.78404 0.0562496
0.0024282 9.9991E-05 0.989729 0.00774252
0.245787 0.0992738 0.654839 9.9991E-05
0.0636818 0.096073 0.803149 0.0370966
0.142238 0.10949 0.748172 9.9991E-05
0.0697054 0.0422859 0.830197 0.0578119
0.013981 0.0284015 0.933832 0.023786
0.0475143 9.9991E-05 0.93738 0.0150062
9.9991E-05 0.0447484 0.932251 0.0229006
9.9982E-05 0.258789 0.741011 9.9982E-05
9.9982E-05 0.204245 0.795555 9.9982E-05
9.9982E-05 0.128948 0.870852 9.9982E-05
0.0326774 9.9991E-05 0.958672 0.0085508
0.103125 9.9991E-05 0.792897 0.103878
0.0391006 9.9991E-05 0.878834 0.0819655
9.9982E-05 9.9982E-05 0.933537 0.0662635
0.0429558 9.9991E-05 0.641404 0.31554
9.9982E-05 9.9982E-05 0.614973 0.384828
9.9982E-05 0.119326 0.880474 9.9982E-05
9.9982E-05 0.232206 0.767594 9.9982E-05
9.9982E-05 0.215693 0.784107 9.9982E-05
9.9991E-05 0.140865 0.85863 0.000404936
9.9982E-05 0.316733 0.683067 9.9982E-05
9.9982E-05 9.9982E-05 0.944941 0.0548588
9.9982E-05 0.191996 0.807804 9.9982E-05
0.0742083 0.0184828 0.897421 0.00988809
0.0955504 0.162121 0.742229 9.9991E-05
9.9982E-05 0.151645 0.848155 9.9982E-05
9.9991E-05 0.58944 0.019751 0.390709
9.9982E-05 0.25806 9.9982E-05 0.74174
9.9982E-05 0.394455 9.9982E-05 0.605345
0.0327814 0.142316 0.091736 0.733167
9.9991E-05 0.0251977 0.140648 0.834054
9.9991E-05 0.00415801 0.028841 0.966901
9.9991E-05 0.284002 0.00295772 0.71294
9.9982E-05 0.428223 9.9982E-05 0.571577
9.9982E-05 0.846526 9.9982E-05 0.153274
9.9991E-05 0.0483512 0.12953 0.822018
0.0707297 9.99821E-05 9.99821E-05 0.92907
0.0760075 9.9982E-05 9.9982E-05 0.923792
0.0504014 9.9982E-05 9.9982E-05 0.949399
