0.533842 0.466058 9.9991E-05
0.294285 0.551224 0.154491
0.439788 0.526207 0.0340053
0.569873 0.415307 0.0148202
0.289199 0.707127 0.00367394
0.62054 0.37936 9.9991E-05
0.044107 0.0862337 0.869659
0.0804531 0.215024 0.704523
9.9991E-05 0.0729882 0.926912
0.102917 0.00292829 0.894155
0.085158 0.0377816 0.87706
0.0761654 0.144621 0.779213
9.9991E-05 0.0277808 0.972119
0.0339173 9.9991E-05 0.965983
0.0438163 0.0601346 0.896049
9.9991E-05 0.0871515 0.912749
0.69326 0.30664 9.9991E-05
0.660091 0.156372 0.183537
0.902706 9.9991E-05 0.0971936
0.756714 0.178906 0.0643802
0.647995 0.260116 0.0918895
0.932163 9.9991E-05 0.0677371
0.578764 0.257069 0.164168
0.561998 0.399825 0.0381774
0.848855 0.128255 0.0228899
0.799822 0.200078 9.9991E-05
0.653429 0.253618 0.0929528
0.553522 0.388048 0.0584308
0.214823 0.67705 0.108126
0.271507 0.515874 0.212618
0.631358 0.176882 0.191759
0.447043 0.423223 0.129734
0.643252 0.356648 9.9991E-05
0.894809 0.0722246 0.032966
0.892218 9.9991E-05 0.107682
0.738457 0.214207 0.0473366
0.664963 9.9991E-05 0.334937
0.754384 0.136098 0.109517
0.809111 0.101701 0.0891885
0.951452 0.0335701 0.0149784
0.495253 0.504647 9.9991E-05
0.400587 0.540509 0.0589044
0.542608 0.346798 0.110594
0.205031 0.606339 0.18863
0.604099 0.395801 9.9991E-05
0.831063 0.168837 9.9991E-05
0.836923 9.9991E-05 0.162977
0.491378 0.273066 0.235555
0.435787 0.362958 0.201254
0.444098 0.491961 0.0639417
0.655562 0.147779 0.196659
0.559837 0.269052 0.17111
0.809874 0.0507221 0.139404
0.785159 0.175596 0.0392444
0.832181 0.136026 0.0317926
0.897509 0.0884648 0.0140262
0.220518 0.113614 0.665868
0.09205 0.0559315 0.852019
9.9991E-05 0.0375009 0.962399
0.134365 9.9991E-05 0.865535
9.9991E-05 0.0270814 0.972819
0.0950763 0.0569582 0.847966
0.149137 0.158694 0.692169
0.185037 0.0861096 0.728854
9.9991E-05 0.0974105 0.90249
0.0256965 9.9991E-05 0.974204
0.202191 0.0193355 0.778473
0.0336568 9.9991E-05 0.966243
0.187124 9.9991E-05 0.812776
0.0645279 0.011042 0.92443
0.07249 0.168901 0.758609
0.0411779 0.0741495 0.884673
9.9991E-05 0.181786 0.818114
0.0415057 0.0461844 0.91231
0.19008 9.9991E-05 0.80982
0.104646 9.9991E-05 0.895254
9.9991E-05 0.0745818 0.925318
9.999E-05 9.999E-05 0.9998
9.999E-05 9.999E-05 0.9998
0.137897 9.9991E-05 0.862003
0.0810596 0.0655018 0.853439
0.136954 0.862946 9.9991E-05
0.0620175 0.859953 0.0780291
9.9991E-05 0.890639 0.109261
0.0612935 0.869425 0.0692818
0.0116624 0.851864 0.136474
9.99911E-05 0.757681 0.242219
0.056206 0.761329 0.182465
0.222353 0.647203 0.130444
0.0984631 0.8363 0.0652371
0.0395603 0.96034 9.9991E-05
0.0824649 0.767607 0.149929
0.458355 0.541545 9.9991E-05
0.363751 0.613539 0.0227096
0.305851 0.643842 0.0503077
0.297297 0.550653 0.152049
0.424657 0.555699 0.0196432
0.100385 0.793926 0.105689
0.295323 0.646881 0.0577961
0.288883 0.668781 0.0423361
0.174374 0.803465 0.0221617
0.084915 0.914985 9.9991E-05
0.0665144 0.933386 9.9991E-05
0.020719 0.979181 9.9991E-05
9.9991E-05 0.913087 0.0868133
0.154191 0.845709 9.9991E-05
0.304504 0.695396 9.9991E-05
9.9991E-05 0.96302 0.0368796
0.0217801 0.918003 0.0602168
0.0768027 0.923097 9.9991E-05
0.0960843 0.903816 9.9991E-05
0.000241737 0.999658 9.9991E-05
0.298407 0.701493 9.9991E-05
0.111761 0.82591 0.0623285
0.179857 0.820043 9.9991E-05
0.0735187 0.897417 0.0290647
9.999E-05 0.9998 9.999E-05
9.9991E-05 0.998444 0.00145553
9.9991E-05 0.969077 0.0308229
0.0094069 0.966995 0.0235978
9.9991E-05 0.986341 0.0135594
9.9991E-05 0.970134 0.0297658
9.999E-05 0.9998 9.999E-05
0.101356 0.829917 0.0687272
9.9991E-05 0.94202 0.0578802
9.9991E-05 0.958123 0.0417774
0.0232289 0.684236 0.292536
9.9991E-05 0.604754 0.395146
9.999E-05 0.9998 9.999E-05
9.9991E-05 0.988284 0.011616
9.9991E-05 0.926855 0.0730453
9.9991E-05 0.957934 0.0419663
0.0526296 0.94727 9.9991E-05
9.999E-05 0.9998 9.999E-05
0.0217778 0.964384 0.0138383
0.0258689 0.974031 9.9991E-05
0.159092 0.840808 9.9991E-05
9.9991E-05 0.978835 0.0210653
9.9991E-05 0.245731 0.754169
9.9991E-05 0.0954787 0.904421
0.0502672 0.1037 0.846033
0.0288101 0.116228 0.854962
9.9991E-05 0.120739 0.879161
9.9991E-05 0.000490278 0.99941
0.0136839 0.0856683 0.900648
9.9991E-05 0.126027 0.873873
0.011322 0.257542 0.731136
9.9991E-05 0.0818741 0.918026
0.036874 9.9991E-05 0.963026
0.0344827 9.9991E-05 0.965417
0.0496735 9.9991E-05 0.950226
