9.9973E-05 0.0782675 0.269767 9.9973E-05 9.9973E-05 0.475356 0.17631
9.999E-05 0.427751 0.327594 0.00632327 0.0161784 0.167807 0.0542471
9.9982E-05 0.147977 0.251452 0.0533813 9.9982E-05 0.217803 0.329188
9.9982E-05 0.100098 0.010407 0.0347298 9.9982E-05 0.170682 0.683883
0.0293985 9.9973E-05 0.504987 9.9973E-05 9.9973E-05 0.195034 0.27028
9.9973E-05 9.9973E-05 0.131272 0.0583416 9.9973E-05 0.263695 0.546392
9.9964E-05 0.0972204 9.9964E-05 0.101135 0.801245 9.9964E-05 9.9964E-05
9.9973E-05 9.9973E-05 0.141463 0.168337 0.6857 0.00420024 9.9973E-05
9.9964E-05 0.0227215 9.9964E-05 9.9964E-05 0.926824 9.9964E-05 0.0500547
9.9964E-05 9.9964E-05 9.9964E-05 0.034653 0.949258 0.0156895 9.9964E-05
9.9964E-05 0.181953 9.9964E-05 9.9964E-05 0.814015 9.9964E-05 0.00363155
0.0508144 0.236236 9.99729E-05 9.99729E-05 0.652311 0.060339 9.99729E-05
0.1649 9.9964E-05 9.9964E-05 9.9964E-05 0.805761 9.9964E-05 0.0289394
0.0598263 9.99641E-05 9.99641E-05 0.00192732 0.937847 9.99641E-05 9.99641E-05
9.9973E-05 0.0549597 9.9973E-05 0.0837116 0.84719 9.9973E-05 0.0138388
9.997E-05 0.124132 0.00355273 0.0765252 0.79549 9.997E-05 9.997E-05
9.9973E-05 9.9973E-05 0.29723 0.262886 9.9973E-05 0.358919 0.0806659
0.0553243 9.9982E-05 0.0320121 0.733348 9.9982E-05 0.0607181 0.118397
0.0421751 9.9973E-05 9.9973E-05 0.256517 9.9973E-05 0.616452 0.0845564
0.0935921 9.9982E-05 0.0648474 0.22877 9.9982E-05 0.360091 0.2525
0.020492 9.9982E-05 0.143429 0.52558 9.9982E-05 0.115778 0.194521
0.00749037 9.9973E-05 9.9973E-05 0.520858 9.9973E-05 0.292505 0.178846
9.9973E-05 0.192444 0.205988 9.9973E-05 0.0188046 0.582463 9.9973E-05
9.9964E-05 0.0515569 0.222832 9.9964E-05 9.9964E-05 0.725211 9.9964E-05
9.9964E-05 9.9964E-05 0.0540033 9.9964E-05 9.9964E-05 0.887976 0.0576208
9.997E-05 9.997E-05 0.0893281 0.0613204 9.997E-05 0.60591 0.243142
0.14107 9.9973E-05 0.317477 0.0551451 9.9973E-05 0.486009 9.9973E-05
0.0716866 9.9982E-05 0.33193 9.9982E-05 0.0424756 0.419291 0.134417
9.9973E-05 9.9973E-05 0.530034 0.312741 0.099858 9.9973E-05 0.0570669
9.9973E-05 9.9973E-05 0.384975 0.442352 0.114967 9.9973E-05 0.0574053
9.9964E-05 0.3474 9.9964E-05 0.277747 9.9964E-05 9.9964E-05 0.374453
0.00992144 0.0606583 0.0970232 0.223035 0.0495512 9.9991E-05 0.559711
9.9973E-05 9.9973E-05 0.0390052 0.312287 9.9973E-05 0.059037 0.589371
9.9964E-05 0.0564073 0.0261378 9.9964E-05 9.9964E-05 0.917055 9.9964E-05
9.99549E-05 0.35375 9.99549E-05 9.99549E-05 9.99549E-05 0.64575 9.99549E-05
0.0346718 9.9982E-05 0.202036 0.207155 9.9982E-05 0.438391 0.117546
0.26884 0.234681 9.9973E-05 9.9973E-05 9.9973E-05 0.33381 0.162369
0.0945724 0.00642635 0.175866 0.0318022 9.9991E-05 0.652129 0.0391036
0.0194855 0.0755351 0.0367136 0.199558 9.9991E-05 0.576653 0.0919542
0.0261254 9.9982E-05 0.0218472 0.214522 9.9982E-05 0.542762 0.194544
9.9973E-05 0.187244 0.125551 9.9973E-05 9.9973E-05 0.300283 0.386622
0.109636 0.021166 0.349598 0.00318501 9.9991E-05 0.157643 0.358673
0.121935 0.0108148 9.9982E-05 0.127036 9.9982E-05 0.131347 0.608667
0.0912642 0.0567191 0.366224 9.9982E-05 9.9982E-05 0.330399 0.155193
9.9982E-05 9.9982E-05 0.118267 0.0343156 0.0114491 0.320006 0.515762
9.9973E-05 0.0236777 9.9973E-05 0.111608 9.9973E-05 0.327231 0.537184
0.0732288 9.9964E-05 9.9964E-05 0.763543 9.9964E-05 0.162829 9.9964E-05
9.9964E-05 0.218982 0.102208 0.67841 9.9964E-05 9.9964E-05 9.9964E-05
9.9955E-05 0.290626 9.9955E-05 0.708875 9.9955E-05 9.9955E-05 9.9955E-05
9.9964E-05 0.114672 0.279911 0.605017 9.9964E-05 9.9964E-05 9.9964E-05
9.9982E-05 0.0226271 9.9982E-05 0.781704 0.044957 0.0474743 0.103037
9.998E-05 0.0259214 0.198646 0.249714 0.0780985 0.44742 9.998E-05
0.0798557 9.997E-05 0.0509467 0.560614 9.997E-05 0.308284 9.997E-05
0.00709385 9.9973E-05 0.158114 0.184811 9.9973E-05 0.649682 9.9973E-05
9.9964E-05 9.9964E-05 0.163838 0.25766 9.9964E-05 0.578102 9.9964E-05
0.0810804 9.998E-05 0.0259781 0.126597 9.998E-05 0.409065 0.35708
0.160305 0.0933813 0.00299186 9.9991E-05 0.431923 0.303583 0.00771557
0.305304 9.997E-05 0.0511802 9.997E-05 0.497181 0.146036 9.997E-05
0.874654 0.00597951 0.0119543 0.0111554 0.0282939 0.0678634 9.9991E-05
0.506149 0.076105 0.00568072 0.102805 0.296773 0.012387 9.9991E-05
0.6029 0.135982 9.99639E-05 9.99639E-05 0.260718 9.99639E-05 9.99639E-05
0.707939 0.130908 0.0196009 0.133444 0.00790724 9.9982E-05 9.9982E-05
9.99729E-05 0.609691 9.99729E-05 0.0386807 0.345012 0.00631639 9.99729E-05
0.265834 0.430484 9.998E-05 9.998E-05 0.201233 0.0610639 0.0411859
0.0507111 0.130665 9.9973E-05 9.9973E-05 0.74134 9.9973E-05 0.0769838
0.0746911 9.9973E-05 9.9973E-05 0.0280969 0.888168 0.00874382 9.9973E-05
0.214462 0.0736214 9.9982E-05 9.9982E-05 0.504198 0.202636 0.00488202
0.417665 9.996E-05 9.996E-05 9.996E-05 0.434078 0.147857 9.996E-05
0.296023 0.387862 9.9973E-05 9.9973E-05 0.244309 0.0715073 9.9973E-05
0.353319 0.0549724 9.9973E-05 9.9973E-05 0.456306 0.135102 9.9973E-05
0.22146 0.422678 9.9973E-05 9.9973E-05 0.21408 0.141481 9.9973E-05
0.390013 0.0342001 9.9973E-05 9.9973E-05 0.45085 0.124637 9.9973E-05
0.198063 0.394101 9.99729E-05 9.99729E-05 0.384339 0.0231965 9.99729E-05
0.726806 0.0462976 0.000632685 0.133589 0.092474 9.9982E-05 9.9982E-05
0.656191 9.998E-05 9.998E-05 0.0144425 0.156006 0.138428 0.0347329
0.796657 0.109137 9.9973E-05 0.0591926 9.9973E-05 9.9973E-05 0.0347137
0.566379 0.14787 9.9973E-05 9.9973E-05 0.190508 9.9973E-05 0.0949434
0.956048 9.9964E-05 0.0269508 9.9964E-05 9.9964E-05 9.9964E-05 0.0166012
0.601657 0.0307415 9.9973E-05 9.9973E-05 0.350829 0.0164733 9.9973E-05
0.259114 0.262755 9.99729E-05 0.117801 0.36003 9.99729E-05 9.99729E-05
0.683796 0.0238484 9.9982E-05 0.15174 0.0851287 9.9982E-05 0.0552861
0.0981979 9.9982E-05 0.756605 0.00942504 9.9982E-05 0.0586915 0.0768805
0.0341332 0.153469 0.765379 9.99731E-05 9.99731E-05 0.0467183 9.99731E-05
0.0469063 0.167078 0.785616 9.9964E-05 9.9964E-05 9.9964E-05 9.9964E-05
0.0437237 9.9982E-05 0.685612 0.0488025 0.0338597 9.9982E-05 0.187802
9.997E-05 9.997E-05 0.613483 0.270841 0.0591667 9.997E-05 0.0562102
9.9964E-05 0.624635 0.202686 0.172279 9.9964E-05 9.9964E-05 9.9964E-05
9.9973E-05 0.250255 0.216397 9.9973E-05 0.0239719 9.9973E-05 0.509076
9.9973E-05 0.251294 0.216492 9.9973E-05 0.0299664 9.9973E-05 0.501948
9.9973E-05 0.0182451 0.339566 0.0196078 9.9973E-05 9.9973E-05 0.622281
9.9964E-05 0.255779 0.48255 9.9964E-05 9.9964E-05 9.9964E-05 0.261271
0.061545 9.9964E-05 0.169632 9.9964E-05 9.9964E-05 9.9964E-05 0.768423
0.0373161 9.9964E-05 9.9964E-05 9.9964E-05 9.9964E-05 0.0151239 0.94716
9.9982E-05 9.9982E-05 0.269375 0.00435733 0.0298857 0.087661 0.608521
0.0147105 0.0630132 0.189802 9.9973E-05 9.9973E-05 9.9973E-05 0.732174
9.9973E-05 0.133452 9.9973E-05 0.218837 0.00494975 9.9973E-05 0.642461
9.9991E-05 0.0273052 0.101819 0.0910196 0.0217445 0.0148817 0.74313
0.064324 9.9964E-05 0.257073 9.9964E-05 9.9964E-05 9.9964E-05 0.678203
0.0576562 9.997E-05 0.218951 9.997E-05 9.997E-05 0.0602604 0.662832
9.9982E-05 0.00943311 0.270221 9.9982E-05 0.0521307 0.151926 0.516089
9.9982E-05 0.0319819 0.66944 0.227893 0.0155083 0.0549769 9.9982E-05
9.9973E-05 9.9973E-05 0.848176 0.0858187 9.9973E-05 0.0406468 0.0250588
9.997E-05 0.00275311 0.821354 0.0846921 9.997E-05 0.0909009 9.997E-05
9.9973E-05 0.137952 0.820684 0.0223126 9.9973E-05 0.0187521 9.9973E-05
0.0495597 0.00649687 0.768586 0.12566 9.9982E-05 9.9982E-05 0.0494974
0.00725129 9.9982E-05 0.755871 0.0275399 9.9982E-05 0.138942 0.0701951
0.0192445 9.9973E-05 0.655502 0.112576 9.9973E-05 0.212378 9.9973E-05
0.0439404 9.998E-05 0.848919 0.0232288 0.0139081 9.998E-05 0.0698033
0.0704284 9.9973E-05 0.752922 0.0149723 9.9973E-05 9.9973E-05 0.161378
0.00702044 9.9982E-05 0.636224 9.9982E-05 0.00848964 0.0585428 0.289523
0.0437101 9.9973E-05 0.799027 9.9973E-05 9.9973E-05 0.050403 0.10656
9.9964E-05 9.9964E-05 0.864221 9.9964E-05 9.9964E-05 0.0460839 0.0892952
9.9982E-05 0.00336209 0.513436 0.124827 9.9982E-05 0.0842437 0.273931
0.0332621 9.9973E-05 0.713469 0.178477 9.9973E-05 9.9973E-05 0.0744923
9.9973E-05 0.0992782 0.577961 9.9973E-05 9.9973E-05 0.0791244 0.243337
0.00618538 9.9982E-05 0.664749 0.0562534 9.9982E-05 0.0449389 0.227673
9.9973E-05 9.9973E-05 0.824344 0.0494884 0.0206202 9.9973E-05 0.105248
0.0513505 9.9973E-05 0.883469 0.0053225 9.9973E-05 0.0595579 9.9973E-05
9.9973E-05 9.9973E-05 0.711034 0.0178305 0.0309321 9.9973E-05 0.239903
9.996E-05 0.244467 0.628335 9.996E-05 9.996E-05 0.126798 9.996E-05
9.9964E-05 0.263965 0.722446 9.9964E-05 9.9964E-05 0.0131885 9.9964E-05
9.9973E-05 0.166408 0.752751 9.9973E-05 9.9973E-05 0.0686478 0.0118936
9.9955E-05 9.9955E-05 0.805195 9.9955E-05 9.9955E-05 9.9955E-05 0.194306
0.0530499 9.9973E-05 0.641808 9.9973E-05 9.9973E-05 0.0661297 0.238712
0.0634007 9.9973E-05 0.704493 9.9973E-05 9.9973E-05 0.14234 0.089467
0.0472089 9.9973E-05 0.859275 0.0254828 9.9973E-05 9.9973E-05 0.0677331
0.0849992 9.997E-05 0.535279 9.997E-05 0.168578 0.210843 9.997E-05
0.319153 9.9973E-05 0.610258 9.9973E-05 0.0393939 9.9973E-05 0.030895
9.9964E-05 0.0454419 0.848 0.106158 9.9964E-05 9.9964E-05 9.9964E-05
9.9973E-05 0.149835 0.770981 0.0738028 9.9973E-05 0.00508052 9.9973E-05
9.99759E-05 0.139529 0.725486 9.99759E-05 9.99759E-05 0.100563 0.0341219
9.9964E-05 0.113399 0.753816 9.9964E-05 9.9964E-05 0.132386 9.9964E-05
9.9964E-05 0.251752 0.687131 9.9964E-05 9.9964E-05 0.0607176 9.9964E-05
0.0260836 9.9964E-05 0.936464 0.037053 9.9964E-05 9.9964E-05 9.9964E-05
9.9964E-05 0.127468 0.762988 9.9964E-05 9.9964E-05 0.109144 9.9964E-05
9.998E-05 0.0120492 0.808505 9.998E-05 0.018157 0.0360709 0.125018
9.998E-05 0.107194 0.615575 0.0577571 9.998E-05 0.0437746 0.175499
9.9955E-05 0.142057 0.857443 9.9955E-05 9.9955E-05 9.9955E-05 9.9955E-05
0.332638 0.618495 0.00989359 9.9982E-05 0.0215684 0.0172044 9.9982E-05
0.431959 0.234337 0.0241869 9.9973E-05 0.309218 9.9973E-05 9.9973E-05
0.311253 0.220945 9.9973E-05 0.0513946 0.416108 9.9973E-05 9.9973E-05
0.607537 0.136741 0.0111676 0.00769523 0.144189 9.9991E-05 0.0925707
0.740293 0.0581214 0.0962737 9.998E-05 0.0575741 9.998E-05 0.0475376
0.822019 0.0540353 9.9964E-05 9.9964E-05 0.123545 9.9964E-05 9.9964E-05
0.371956 0.216191 0.00508905 9.9982E-05 0.373974 0.0325899 9.9982E-05
0.284087 0.336435 9.99639E-05 9.99639E-05 0.379079 9.99639E-05 9.99639E-05
0.0390801 0.858111 9.9964E-05 9.9964E-05 0.102409 9.9964E-05 9.9964E-05
0.699431 0.0397436 0.094368 0.0223693 0.143889 9.9982E-05 9.9982E-05
0.93446 9.99551E-05 9.99551E-05 9.99551E-05 9.99551E-05 0.0650402 9.99551E-05
0.919457 9.99551E-05 9.99551E-05 9.99551E-05 9.99551E-05 0.0800436 9.99551E-05
0.854192 9.9973E-05 9.9973E-05 0.0173394 0.065348 9.9973E-05 0.0628202
