0.0685768 0.0352034 0.630534 0.265485 9.998E-05 9.998E-05
0.21468 0.318783 0.253442 0.212895 9.9982E-05 9.9982E-05
0.0838988 0.0663286 0.405191 0.372361 0.0721204 9.9991E-05
9.9982E-05 0.141878 0.554716 0.217659 9.9982E-05 0.0855471
9.998E-05 9.998E-05 0.225081 0.641776 0.106502 0.0264404
9.9982E-05 9.9982E-05 0.632097 0.267856 0.0726715 0.0271753
0.916737 0.0417293 9.9973E-05 9.9973E-05 0.0412335 9.9973E-05
0.682251 0.00140448 9.998E-05 0.122064 0.194081 9.998E-05
0.77922 0.00174468 0.0209369 0.0355572 9.9991E-05 0.162441
0.766081 9.9982E-05 0.00101985 9.9982E-05 0.108069 0.12463
0.938386 9.9964E-05 0.0612136 9.9964E-05 9.9964E-05 9.9964E-05
0.908531 9.9973E-05 9.9973E-05 0.0452019 0.045967 9.9973E-05
0.635217 9.99641E-05 9.99641E-05 9.99641E-05 9.99641E-05 0.364383
0.60789 9.9973E-05 9.9973E-05 9.9973E-05 0.107491 0.284318
0.785474 0.0369698 0.0387759 9.9982E-05 9.9982E-05 0.13858
0.949611 0.023088 9.99731E-05 0.0270011 9.99731E-05 9.99731E-05
9.9973E-05 0.0721737 9.9973E-05 0.311042 0.616485 9.9973E-05
9.9973E-05 0.466358 9.9973E-05 9.9973E-05 0.530871 0.00247148
0.0440993 0.0702037 0.42653 9.999E-05 0.430874 0.0281931
9.9973E-05 9.9973E-05 0.208682 0.133099 0.657919 9.9973E-05
9.99729E-05 0.252033 9.99729E-05 0.156527 0.59114 9.99729E-05
9.9973E-05 0.161097 0.157305 9.9973E-05 0.681299 9.9973E-05
0.269203 9.9982E-05 0.422831 0.136506 0.17126 9.9982E-05
0.01044 9.9991E-05 0.58507 0.242105 0.121292 0.0409925
0.0242839 9.9982E-05 0.648904 0.013226 0.313386 9.9982E-05
9.9973E-05 9.9973E-05 0.567987 0.0932142 0.338499 9.9973E-05
9.9964E-05 9.9964E-05 9.9964E-05 0.279847 0.719754 9.9964E-05
0.0111599 9.9991E-05 0.221184 0.342125 0.412427 0.0130041
0.0448208 0.251983 9.9982E-05 0.466289 0.236708 9.9982E-05
0.0726338 0.304582 0.00679079 0.328185 0.287709 9.9991E-05
0.0121059 0.520906 0.277713 9.9991E-05 0.10601 0.0831648
0.0632187 0.220093 0.150143 0.295362 0.253371 0.0178124
9.9982E-05 0.175675 0.352607 0.199365 0.272153 9.9982E-05
0.110095 9.9973E-05 0.769899 9.9973E-05 0.119706 9.9973E-05
0.230468 0.0992952 0.642901 9.9982E-05 0.0271358 9.9982E-05
0.0217124 0.0856815 0.240894 0.165639 0.485974 9.9991E-05
0.0470897 0.175986 0.442201 9.9991E-05 0.0247832 0.309841
0.119476 9.998E-05 0.341171 0.100324 0.438829 9.998E-05
0.0371551 0.192263 0.4452 9.9991E-05 0.271922 0.0533601
9.9982E-05 0.0249094 0.343528 0.0317828 0.59958 9.9982E-05
9.9973E-05 0.237292 0.65849 0.103918 9.9973E-05 9.9973E-05
9.999E-05 0.0237638 0.428573 0.399601 0.0121199 0.135842
9.9982E-05 0.118804 0.512719 0.183701 9.9982E-05 0.184577
0.114726 0.00484342 0.420594 0.388099 9.9991E-05 0.0716377
0.0144553 0.0154525 0.681188 0.21643 0.0723734 9.999E-05
9.9982E-05 0.121303 0.817859 9.9982E-05 0.0212681 0.0393694
0.023 0.349732 9.9973E-05 9.9973E-05 0.626969 9.9973E-05
0.00383955 0.672354 9.99729E-05 9.99729E-05 0.323507 9.99729E-05
9.9964E-05 0.853597 9.9964E-05 9.9964E-05 0.146003 9.9964E-05
9.998E-05 0.701355 0.00219094 0.0608241 0.23543 9.998E-05
9.99729E-05 0.513867 9.99729E-05 9.99729E-05 0.448605 0.0372286
0.132527 0.142248 0.146228 0.169255 0.409642 9.999E-05
9.9982E-05 0.257267 0.0388334 9.9982E-05 0.683434 0.0202658
9.9982E-05 0.0922056 0.38848 0.0342414 0.484873 9.9982E-05
0.0197153 0.168379 0.274701 0.0539758 0.483129 9.9991E-05
9.9982E-05 9.9982E-05 0.285685 0.152675 0.522089 0.0393513
0.438294 0.0123481 0.268126 0.00327396 9.9991E-05 0.277858
0.35303 9.9973E-05 0.186838 9.9973E-05 9.9973E-05 0.459833
0.0176183 9.9982E-05 0.0450546 0.0391863 9.9982E-05 0.897941
0.431893 0.0400281 0.088688 9.999E-05 0.0581261 0.381165
0.441745 0.0278714 9.9973E-05 9.9973E-05 9.9973E-05 0.530084
0.146059 0.138415 9.998E-05 9.998E-05 0.0996519 0.615674
0.697505 0.302095 9.99639E-05 9.99639E-05 9.99639E-05 9.99639E-05
0.798969 9.9982E-05 0.111376 9.9982E-05 0.0839633 0.00549213
0.756266 9.9982E-05 0.0752525 0.0148915 9.9982E-05 0.153391
0.640824 9.9973E-05 0.030595 9.9973E-05 9.9973E-05 0.328281
0.584822 9.9982E-05 0.120675 9.9982E-05 0.0787047 0.215599
0.260271 9.99731E-05 0.0933421 9.99731E-05 9.99731E-05 0.646087
0.65904 0.0363109 0.177373 9.998E-05 9.998E-05 0.127076
0.579063 9.997E-05 9.997E-05 9.997E-05 0.107454 0.313182
0.748956 9.9982E-05 0.173857 0.0486817 9.9982E-05 0.0283062
0.466557 9.998E-05 0.0647258 9.998E-05 0.0828694 0.385648
0.903921 9.9973E-05 0.00977265 0.0860062 9.9973E-05 9.9973E-05
0.227632 0.0177403 9.9982E-05 9.9982E-05 0.128396 0.626032
0.114603 9.998E-05 0.0537202 9.998E-05 0.166598 0.664878
0.0857824 0.1586 9.99787E-05 9.99787E-05 9.99787E-05 0.755318
0.25858 0.101236 0.026237 9.9982E-05 9.9982E-05 0.613748
9.9964E-05 9.9964E-05 9.9964E-05 0.0470228 9.9964E-05 0.952577
0.416765 9.9964E-05 9.9964E-05 9.9964E-05 9.9964E-05 0.582835
0.783833 0.0484693 9.998E-05 9.998E-05 0.0917464 0.0757518
0.0295676 0.132891 0.0847227 9.9982E-05 9.9982E-05 0.752618
9.9982E-05 9.9982E-05 0.0291451 0.787586 0.181652 0.00141666
0.0597957 0.158257 0.113493 0.668254 9.9982E-05 9.9982E-05
0.10218 0.101131 0.0162513 0.780238 9.9982E-05 9.9982E-05
9.9982E-05 0.0393911 9.9982E-05 0.78983 0.0575058 0.113073
0.00904051 0.231872 9.9982E-05 0.618475 0.140412 9.9982E-05
9.99641E-05 0.927199 9.99641E-05 0.072401 9.99641E-05 9.99641E-05
0.0427668 0.240961 0.346406 0.363087 9.9991E-05 0.00667953
0.034268 0.313366 0.351165 0.301001 9.9982E-05 9.9982E-05
9.998E-05 0.142892 0.180933 0.61132 9.998E-05 0.0646547
9.997E-05 0.307791 0.063195 0.628714 9.997E-05 9.997E-05
9.997E-05 9.997E-05 0.278356 0.585246 9.997E-05 0.136098
9.997E-05 9.997E-05 0.546393 0.356331 9.997E-05 0.0969756
9.997E-05 9.997E-05 0.423435 0.510059 9.997E-05 0.0662068
9.998E-05 0.0643792 0.363402 0.465166 9.998E-05 0.106853
9.998E-05 0.456356 0.28255 0.185878 9.998E-05 0.0750162
9.9991E-05 0.134509 0.487904 0.28837 0.0290973 0.0600186
9.9973E-05 9.9973E-05 0.327125 0.534996 9.9973E-05 0.137579
9.998E-05 9.998E-05 0.379504 0.483403 0.0319827 0.104909
0.0849865 9.997E-05 0.423294 0.49142 9.997E-05 9.997E-05
9.998E-05 0.274067 0.0594643 0.554396 0.111872 9.998E-05
9.9973E-05 0.0813042 0.166007 0.752388 9.9973E-05 9.9973E-05
9.998E-05 0.122677 0.0588538 0.764875 0.0533934 9.998E-05
0.0073334 0.137338 0.0889975 0.764972 0.00125924 9.9991E-05
0.0359672 0.18765 9.9982E-05 0.739062 9.9982E-05 0.0371208
9.9973E-05 9.9973E-05 0.0146877 0.799395 0.185618 9.9973E-05
9.9973E-05 9.9973E-05 0.02082 0.687018 0.291862 9.9973E-05
0.00406434 9.9973E-05 9.9973E-05 0.853361 0.142275 9.9973E-05
9.9991E-05 0.013206 0.0252719 0.860256 0.0380597 0.0631069
9.9973E-05 9.9973E-05 0.133998 0.847419 9.9973E-05 0.0182833
9.998E-05 9.998E-05 0.116429 0.787027 0.0618659 0.0344782
9.9964E-05 9.9964E-05 0.0453208 0.954279 9.9964E-05 9.9964E-05
9.9982E-05 0.170873 0.309774 0.509964 0.00918859 9.9982E-05
9.9982E-05 0.135122 9.9982E-05 0.695408 0.160858 0.00841303
0.00462856 0.124875 0.195713 0.674583 9.998E-05 9.998E-05
0.0521749 9.9982E-05 0.0613545 0.762718 0.123553 9.9982E-05
9.99731E-05 0.0497464 9.99731E-05 0.860583 0.0893708 9.99731E-05
9.9964E-05 9.9964E-05 9.9964E-05 0.910546 0.0890546 9.9964E-05
9.9982E-05 0.144484 0.0407003 0.80543 9.9982E-05 0.00918526
0.0796105 0.126252 0.138575 0.655362 9.998E-05 9.998E-05
9.9973E-05 0.238143 0.113022 0.648535 9.9973E-05 9.9973E-05
0.0257764 0.108976 0.0677785 0.797269 9.9982E-05 9.9982E-05
9.9964E-05 9.9964E-05 0.129272 0.870329 9.9964E-05 9.9964E-05
0.016737 9.999E-05 0.10808 0.758278 0.0428787 0.0739259
9.9973E-05 9.9973E-05 0.181596 0.776251 9.9973E-05 0.0418531
0.0109086 9.9982E-05 9.9982E-05 0.878629 0.10231 0.00795295
0.0868211 9.999E-05 0.0516853 0.583254 0.117773 0.160367
0.112686 9.998E-05 9.998E-05 0.595922 0.025749 0.265443
9.997E-05 0.128635 9.997E-05 0.859143 0.0119216 9.997E-05
9.9973E-05 0.227455 0.0724665 0.699778 9.9973E-05 9.9973E-05
0.0623707 0.162189 0.143618 0.631622 9.998E-05 9.998E-05
0.0556915 0.0632511 0.175113 0.705744 9.9982E-05 9.9982E-05
9.9973E-05 0.350618 0.0754457 0.573636 9.9973E-05 9.9973E-05
9.9973E-05 0.0519401 9.9973E-05 0.889483 0.0582773 9.9973E-05
9.9973E-05 0.188212 0.208408 0.60308 9.9973E-05 9.9973E-05
0.0225724 0.0287107 0.105817 0.8427 9.9982E-05 9.9982E-05
9.997E-05 0.187615 0.195564 0.616521 9.997E-05 9.997E-05
0.0193447 0.13837 9.9973E-05 0.841985 9.9973E-05 9.9973E-05
0.527212 0.306776 9.998E-05 0.0216878 9.998E-05 0.144124
0.532568 0.0592408 0.023583 9.9982E-05 9.9982E-05 0.384408
0.501481 0.181087 0.0103698 9.9991E-05 0.0070102 0.299951
0.14411 0.144105 0.0400215 0.0107409 9.999E-05 0.660922
0.104392 0.0833864 9.998E-05 0.0811729 9.998E-05 0.730849
0.121422 0.0471805 9.9973E-05 9.9973E-05 9.9973E-05 0.831098
0.678016 9.9982E-05 0.0162028 0.0355429 9.9982E-05 0.270038
0.786891 0.0433831 9.998E-05 0.0423195 9.998E-05 0.127206
0.606867 0.392733 9.99641E-05 9.99641E-05 9.99641E-05 9.99641E-05
0.255377 0.00405533 9.9982E-05 0.095664 9.9982E-05 0.644703
9.99641E-05 9.99641E-05 9.99641E-05 9.99641E-05 0.109487 0.890113
9.9964E-05 9.9964E-05 9.9964E-05 9.9964E-05 0.0470466 0.952554
9.9973E-05 9.9973E-05 9.9973E-05 0.00455708 0.11415 0.880993
