0.00963518 0.438139 9.999E-05 0.0689508 0.284738 0.198437
0.191724 0.0925595 9.9991E-05 0.26427 0.106229 0.345118
0.116224 0.305325 9.9991E-05 0.0463686 0.465113 0.0668697
0.167296 0.353929 0.0113788 9.9991E-05 0.364183 0.103113
9.9973E-05 0.20801 0.0372593 9.9973E-05 0.754431 9.9973E-05
0.0748095 0.485192 9.9982E-05 9.9982E-05 0.40656 0.033238
0.0287858 9.9973E-05 9.9973E-05 0.90177 9.9973E-05 0.0691443
9.9982E-05 0.0622072 0.227772 0.536436 9.9982E-05 0.173384
9.9973E-05 9.9973E-05 0.257601 0.728052 9.9973E-05 0.0140473
9.9973E-05 0.0598638 0.214683 0.725153 9.9973E-05 9.9973E-05
9.9973E-05 0.0150992 0.120748 0.863853 9.9973E-05 9.9973E-05
9.9982E-05 0.0217906 0.0603808 0.835894 0.0817348 9.9982E-05
9.9973E-05 9.9973E-05 0.461807 0.53304 0.00485327 9.9973E-05
9.9973E-05 9.9973E-05 0.456507 0.538843 0.00435048 9.9973E-05
0.0416525 9.9973E-05 0.196029 0.762018 9.9973E-05 9.9973E-05
9.99731E-05 9.99731E-05 0.112975 0.840719 9.99731E-05 0.0460055
0.108133 0.535912 0.0279208 9.9991E-05 0.324164 0.00377067
0.590937 0.26191 0.102547 9.9991E-05 0.0263001 0.0182052
0.219759 0.634789 0.0923579 9.9982E-05 0.0528947 9.9982E-05
0.0868474 0.582971 0.0599497 9.9982E-05 0.270032 9.9982E-05
0.51211 0.245123 0.0170691 9.9982E-05 0.225498 9.9982E-05
0.40605 0.543829 0.0498216 9.9973E-05 9.9973E-05 9.9973E-05
9.9982E-05 0.463212 9.9982E-05 0.235335 0.117943 0.183309
9.9982E-05 0.575 0.0316235 9.9982E-05 0.154084 0.239092
9.99731E-05 0.815145 9.99731E-05 9.99731E-05 0.149784 0.0347707
0.0179423 0.695411 9.9982E-05 9.9982E-05 0.158373 0.128074
9.9973E-05 0.518939 0.143805 9.9973E-05 0.336956 9.9973E-05
9.9973E-05 0.485087 0.0872112 9.9973E-05 0.427402 9.9973E-05
0.347716 0.0250487 0.0481953 9.9991E-05 0.314543 0.264397
0.490625 0.0440092 0.0668759 0.0278749 0.282054 0.0885617
0.606445 0.181867 9.9982E-05 0.149311 0.0621762 9.9982E-05
0.290189 0.164492 9.9982E-05 0.124762 0.420357 9.9982E-05
0.28456 0.371272 9.9973E-05 9.9973E-05 0.343868 9.9973E-05
9.9973E-05 0.806561 9.9973E-05 0.0708252 9.9973E-05 0.122314
9.9973E-05 0.628037 9.9973E-05 0.278344 9.9973E-05 0.0933197
0.143146 0.526404 9.9982E-05 0.0715823 0.258667 9.9982E-05
0.101075 0.454636 0.180377 0.205727 0.0580854 9.999E-05
9.9982E-05 0.658145 0.0260037 0.132975 0.182676 9.9982E-05
0.146198 0.605895 0.0303764 0.0659812 9.9991E-05 0.151448
0.0828793 0.757931 0.0698933 9.9982E-05 0.089096 9.9982E-05
0.0846471 0.396305 9.9973E-05 9.9973E-05 9.9973E-05 0.518748
0.0777287 0.324952 0.068443 9.9991E-05 0.408516 0.12026
0.227715 0.303447 0.10147 9.9982E-05 0.367169 9.9982E-05
9.9982E-05 0.199623 0.153595 9.9982E-05 0.168253 0.478329
0.0382855 0.523721 9.9982E-05 9.9982E-05 0.278446 0.159348
0.193192 0.593279 9.9973E-05 9.9973E-05 0.21323 9.9973E-05
0.545894 0.375266 0.0785399 9.9973E-05 9.9973E-05 9.9973E-05
0.772439 0.0510823 0.0639634 9.9982E-05 9.9982E-05 0.112315
0.948331 9.9964E-05 9.9964E-05 9.9964E-05 9.9964E-05 0.0512688
0.715826 0.046844 9.9973E-05 9.9973E-05 9.9973E-05 0.23703
0.734309 0.168739 0.0966513 9.9973E-05 9.9973E-05 9.9973E-05
0.117512 0.374447 0.071136 0.0893542 9.999E-05 0.347451
0.430457 0.44093 0.119102 9.9982E-05 0.00931177 9.9982E-05
0.0303764 0.629793 0.0628075 9.9982E-05 9.9982E-05 0.276823
0.0456528 0.635789 0.0174013 0.0156166 9.9991E-05 0.285441
9.9973E-05 0.705222 0.0950244 9.9973E-05 0.199454 9.9973E-05
9.998E-05 0.166116 0.310125 0.41106 9.998E-05 0.112498
9.9982E-05 0.1466 0.473196 0.361595 0.0184087 9.9982E-05
9.9964E-05 9.9964E-05 0.94599 9.9964E-05 9.9964E-05 0.0536099
0.0799278 0.00375022 0.569642 0.226126 9.9991E-05 0.120454
9.9973E-05 9.9973E-05 0.576794 0.394466 9.9973E-05 0.0284406
0.208528 9.9982E-05 0.64048 0.141834 9.9982E-05 0.00895853
0.238979 9.99639E-05 9.99639E-05 0.760621 9.99639E-05 9.99639E-05
9.9982E-05 0.108867 0.0332509 0.792423 0.0652599 9.9982E-05
9.9973E-05 9.9973E-05 0.174146 0.803084 0.0224697 9.9973E-05
9.9964E-05 9.9964E-05 0.401388 0.598212 9.9964E-05 9.9964E-05
9.9973E-05 0.167726 0.31376 0.518215 9.9973E-05 9.9973E-05
9.997E-05 0.0798246 0.698691 0.221185 9.997E-05 9.997E-05
9.9973E-05 0.133944 0.14518 0.720576 9.9973E-05 9.9973E-05
9.9982E-05 0.00857182 0.415152 0.560968 9.9982E-05 0.0151088
9.998E-05 0.0787677 0.0765846 0.756092 0.0883556 9.998E-05
9.9973E-05 0.134925 0.407248 0.457527 9.9973E-05 9.9973E-05
9.9973E-05 9.9973E-05 0.0129009 0.895925 0.0908742 9.9973E-05
0.0744375 9.998E-05 0.686693 0.213422 0.0252477 9.998E-05
0.0350386 0.13428 0.726917 0.103564 9.9982E-05 9.9982E-05
0.152498 9.9973E-05 0.740589 0.106613 9.9973E-05 9.9973E-05
0.0297173 9.9982E-05 0.565239 0.311201 0.0936421 9.9982E-05
9.9964E-05 9.9964E-05 0.981713 9.9964E-05 0.0178869 9.9964E-05
9.9973E-05 9.9973E-05 0.67201 0.293833 9.9973E-05 0.0338574
0.0898105 9.9973E-05 0.185406 0.724484 9.9973E-05 9.9973E-05
0.211234 9.9982E-05 0.673663 0.103823 0.0110799 9.9982E-05
9.99821E-05 0.0444021 0.0472269 9.99821E-05 0.786669 0.121502
9.9964E-05 9.9964E-05 0.121339 9.9964E-05 9.9964E-05 0.878261
9.9973E-05 9.9973E-05 0.113979 9.9973E-05 0.109068 0.776652
0.14263 9.9982E-05 0.0381908 9.9982E-05 0.816542 0.00243688
0.314831 9.9973E-05 9.9973E-05 9.9973E-05 0.530535 0.154334
0.761457 9.99731E-05 9.99731E-05 0.00322218 9.99731E-05 0.235021
0.289093 9.9982E-05 9.9982E-05 0.122391 0.442285 0.146031
0.238159 0.0841456 9.9991E-05 0.105279 0.352021 0.220296
0.251279 9.9973E-05 9.9973E-05 0.00243266 0.745989 9.9973E-05
0.265679 9.9973E-05 9.9973E-05 9.9973E-05 0.538957 0.195064
0.026302 9.9982E-05 0.119847 0.0189877 0.834663 9.9982E-05
9.9973E-05 0.295844 0.0401966 9.9973E-05 0.663659 9.9973E-05
0.0586368 0.221078 9.9973E-05 9.9973E-05 0.719986 9.9973E-05
0.125397 0.174782 0.0225561 9.9982E-05 0.677066 9.9982E-05
0.578519 9.9973E-05 9.9973E-05 0.0224218 0.398759 9.9973E-05
0.245738 0.214442 9.9973E-05 9.9973E-05 0.53952 9.9973E-05
0.0287435 0.103628 0.068127 9.9982E-05 0.799302 9.9982E-05
9.9973E-05 0.171935 0.0793181 9.9973E-05 0.748448 9.9973E-05
9.998E-05 0.269099 9.998E-05 0.0618293 0.572243 0.0966287
0.291549 0.0107169 9.9982E-05 9.9982E-05 0.362711 0.334823
0.055024 9.9973E-05 9.9973E-05 9.9973E-05 0.50209 0.442586
0.104562 0.00946375 9.9982E-05 9.9982E-05 0.400808 0.484965
9.9964E-05 9.9964E-05 9.9964E-05 9.9964E-05 0.430624 0.568977
0.228481 9.9982E-05 9.9982E-05 0.0166358 0.712213 0.0424704
0.093754 0.0781781 9.9973E-05 9.9973E-05 0.827768 9.9973E-05
0.0766929 0.185438 9.9982E-05 9.9982E-05 0.58857 0.149099
0.0887029 9.9973E-05 9.9973E-05 9.9973E-05 0.890921 0.0200761
0.109551 9.9982E-05 0.0144859 0.00235589 0.873408 9.9982E-05
9.9964E-05 9.9964E-05 9.9964E-05 9.9964E-05 0.908521 0.0910792
9.9982E-05 0.0462769 0.0123291 9.9982E-05 0.82511 0.116084
9.9964E-05 9.9964E-05 9.9964E-05 9.9964E-05 0.837972 0.161628
0.187062 0.149871 9.998E-05 9.998E-05 0.469692 0.193175
0.0792643 0.0034533 0.0747329 9.9991E-05 0.466355 0.376095
0.115174 0.0487157 9.9982E-05 9.9982E-05 0.644137 0.191774
0.0851118 0.0132066 9.9982E-05 9.9982E-05 0.81069 0.0907914
0.0994496 9.9973E-05 9.9973E-05 9.9973E-05 0.71742 0.18283
9.9964E-05 9.9964E-05 9.9964E-05 9.9964E-05 0.760936 0.238664
0.134161 9.9973E-05 9.9973E-05 9.9973E-05 0.734965 0.130573
9.9973E-05 9.9973E-05 9.9973E-05 0.0463626 0.25238 0.700958
0.0199629 9.9982E-05 9.9982E-05 0.00567231 0.323061 0.651104
9.9982E-05 9.9982E-05 0.0194262 0.024857 0.52789 0.427627
9.9964E-05 9.9964E-05 9.9964E-05 9.9964E-05 0.844124 0.155476
9.9991E-05 0.0845118 0.00974555 0.0491767 0.797526 0.0589402
9.9991E-05 0.00994035 0.0127332 0.0362775 0.761929 0.17902
0.0205271 9.9973E-05 9.9973E-05 9.9973E-05 0.838767 0.140406
9.9991E-05 0.0800445 0.171937 0.0681233 0.581421 0.0983745
9.998E-05 9.998E-05 0.27695 0.0740668 0.538472 0.110311
0.103843 9.9973E-05 9.9973E-05 9.9973E-05 0.646605 0.249252
0.0923207 9.9973E-05 9.9973E-05 9.9973E-05 0.278602 0.628777
9.9973E-05 9.9973E-05 9.9973E-05 0.118168 0.391519 0.490013
9.9973E-05 9.9973E-05 9.9973E-05 0.0114362 0.395227 0.593037
0.109137 0.00423813 9.9973E-05 9.9973E-05 9.9973E-05 0.886325
0.0957329 9.9973E-05 9.9973E-05 9.9973E-05 0.678026 0.225941
0.0462215 9.9973E-05 9.9973E-05 9.9973E-05 0.331553 0.621925
9.9982E-05 0.0137872 0.00193994 9.9982E-05 0.631085 0.352988
0.130217 0.0437132 9.998E-05 9.998E-05 0.457419 0.368451
0.0208363 9.9982E-05 9.9982E-05 0.0277966 0.401097 0.55007
0.0287026 9.9982E-05 0.0555316 0.727526 9.9982E-05 0.188039
9.9973E-05 9.9973E-05 0.38619 0.553243 9.9973E-05 0.0602675
0.152341 9.9982E-05 0.305111 0.537077 9.9982E-05 0.00527173
0.1289 9.9982E-05 0.656968 0.128304 9.9982E-05 0.0856285
0.0946247 9.9991E-05 0.702177 0.102757 0.0938587 0.00648254
0.0331055 9.9982E-05 0.80812 0.139608 0.0189663 9.9982E-05
9.9991E-05 0.025517 0.342848 0.593709 0.00951274 0.0283128
9.9973E-05 9.9973E-05 0.152252 0.804413 0.0430348 9.9973E-05
0.0313645 9.99731E-05 9.99731E-05 0.839833 9.99731E-05 0.128502
9.9982E-05 9.9982E-05 0.686345 0.221923 0.0877655 0.00376693
9.99641E-05 0.0528053 0.946795 9.99641E-05 9.99641E-05 9.99641E-05
9.9964E-05 0.0534525 0.946148 9.9964E-05 9.9964E-05 9.9964E-05
0.0227954 9.9973E-05 0.907881 9.9973E-05 0.0690234 9.9973E-05
