0.0230756 9.99639E-05 9.99639E-05 0.12259 9.99639E-05 9.99639E-05 0.44484 0.00554044 0.182063 0.221491
0.305348 9.9964E-05 9.9964E-05 0.0399106 9.9964E-05 0.0443562 0.246494 0.0112332 9.9964E-05 0.352258
0.146391 0.100247 9.9973E-05 0.166827 0.0277178 9.9973E-05 0.378337 9.9973E-05 0.0485438 0.131636
0.0341699 0.171931 9.9955E-05 9.9955E-05 0.00862632 9.9955E-05 0.663073 9.9955E-05 9.9955E-05 0.1217
9.9946E-05 0.0874894 9.9946E-05 0.59629 9.9946E-05 9.9946E-05 0.226774 9.9946E-05 0.0888463 9.9946E-05
9.9964E-05 0.162202 0.0115391 0.0255331 9.9964E-05 9.9964E-05 0.627362 9.9964E-05 0.10617 0.0667949
0.124438 9.9937E-05 9.9937E-05 9.9937E-05 9.9937E-05 0.0655201 9.9937E-05 0.809343 9.9937E-05 9.9937E-05
9.9946E-05 9.9946E-05 9.9946E-05 0.145482 9.9946E-05 0.0319247 9.9946E-05 0.721892 0.100101 9.9946E-05
9.9928E-05 0.0777708 9.9928E-05 9.9928E-05 9.9928E-05 9.9928E-05 9.9928E-05 0.92143 9.9928E-05 9.9928E-05
9.99281E-05 9.99281E-05 9.99281E-05 9.99281E-05 9.99281E-05 9.99281E-05 0.0528275 0.946373 9.99281E-05 9.99281E-05
0.1466 9.9937E-05 9.9937E-05 9.9937E-05 9.9937E-05 9.9937E-05 9.9937E-05 0.799187 9.9937E-05 0.0535135
0.460748 9.99549E-05 0.0256737 0.0147251 9.99549E-05 9.99549E-05 9.99549E-05 0.404546 0.0938074 9.99549E-05
0.127807 9.9937E-05 9.9937E-05 9.9937E-05 0.315827 9.9937E-05 9.9937E-05 0.555667 9.9937E-05 9.9937E-05
9.9928E-05 9.9928E-05 9.9928E-05 9.9928E-05 0.274296 9.9928E-05 9.9928E-05 0.724905 9.9928E-05 9.9928E-05
0.0737556 0.0399806 9.9955E-05 9.9955E-05 9.9955E-05 0.0103807 9.9955E-05 0.870296 0.00508684 9.9955E-05
0.255941 9.99371E-05 9.99371E-05 9.99371E-05 9.99371E-05 0.00597954 9.99371E-05 0.73738 9.99371E-05 9.99371E-05
9.9937E-05 9.9937E-05 9.9937E-05 0.339209 9.9937E-05 0.169206 9.9937E-05 9.9937E-05 0.490885 9.9937E-05
9.9964E-05 9.9964E-05 0.0278004 0.0448683 0.0474901 0.5569 0.260887 9.9964E-05 0.0616547 9.9964E-05
9.99459E-05 0.144696 9.99459E-05 9.99459E-05 0.0408994 0.206906 9.99459E-05 9.99459E-05 0.606898 9.99459E-05
9.996E-05 0.148188 9.996E-05 0.102626 0.0961932 0.101233 0.227358 9.996E-05 0.324001 9.996E-05
9.99639E-05 9.99639E-05 9.99639E-05 0.168921 0.0472591 0.386575 0.33442 0.0277718 0.0346536 9.99639E-05
9.99459E-05 9.99459E-05 0.056766 9.99459E-05 9.99459E-05 0.294393 0.449322 9.99459E-05 0.198919 9.99459E-05
0.187221 9.9946E-05 9.9946E-05 0.105225 9.9946E-05 9.9946E-05 9.9946E-05 9.9946E-05 0.567453 0.139501
9.9946E-05 9.9946E-05 9.9946E-05 0.217332 0.0101575 9.9946E-05 9.9946E-05 9.9946E-05 0.600067 0.171844
9.99371E-05 0.184262 9.99371E-05 0.0188879 9.99371E-05 9.99371E-05 9.99371E-05 9.99371E-05 0.79615 9.99371E-05
9.9937E-05 9.9937E-05 9.9937E-05 9.9937E-05 9.9937E-05 9.9937E-05 0.616094 9.9937E-05 0.270233 0.112974
9.9946E-05 9.9946E-05 0.0788606 0.385308 0.0330867 9.9946E-05 9.9946E-05 9.9946E-05 0.502145 9.9946E-05
9.9955E-05 0.103785 9.9955E-05 0.325815 0.0877521 9.9955E-05 0.0411885 9.9955E-05 0.44096 9.9955E-05
9.9955E-05 9.9955E-05 9.9955E-05 0.305572 9.9955E-05 0.175217 0.186908 0.149413 9.9955E-05 0.18239
9.99551E-05 9.99551E-05 9.99551E-05 0.240087 9.99551E-05 0.28369 0.274086 0.128334 9.99551E-05 0.0733039
0.344661 9.9937E-05 9.9937E-05 9.9937E-05 9.9937E-05 0.148192 0.506448 9.9937E-05 9.9937E-05 9.9937E-05
0.254579 0.116255 9.99549E-05 0.187786 9.99549E-05 0.00212253 0.438758 9.99549E-05 9.99549E-05 9.99549E-05
0.0542329 0.0816633 9.9955E-05 0.119978 9.9955E-05 0.0687066 0.67492 9.9955E-05 9.9955E-05 9.9955E-05
9.9946E-05 9.9946E-05 9.9946E-05 9.9946E-05 9.9946E-05 9.9946E-05 0.184765 0.00556 0.720499 0.0885763
0.285409 9.9937E-05 9.9937E-05 9.9937E-05 9.9937E-05 9.9937E-05 9.9937E-05 9.9937E-05 0.633297 0.080594
0.0753089 0.0343372 9.9964E-05 0.248224 9.9964E-05 0.101258 0.0673713 9.9964E-05 0.473101 9.9964E-05
0.251399 0.0776444 0.00988342 9.9964E-05 0.203452 9.9964E-05 0.0854883 9.9964E-05 0.371733 9.9964E-05
0.0505881 0.131041 0.02961 0.0545715 0.00252906 9.9964E-05 9.9964E-05 9.9964E-05 0.73126 9.9964E-05
9.9964E-05 9.9964E-05 9.9964E-05 9.9964E-05 0.0890588 0.149723 0.184932 0.00757187 0.412726 0.155588
9.9964E-05 0.123059 0.0566175 0.0777772 9.9964E-05 0.0837623 0.0142943 9.9964E-05 0.64409 9.9964E-05
9.99281E-05 9.99281E-05 9.99281E-05 9.99281E-05 9.99281E-05 9.99281E-05 0.50029 9.99281E-05 9.99281E-05 0.498911
9.9964E-05 0.27897 9.9964E-05 0.0619473 0.106316 9.9964E-05 0.339447 9.9964E-05 0.0308969 0.182023
9.9946E-05 0.291345 9.9946E-05 9.9946E-05 0.137737 0.0799018 0.490417 9.9946E-05 9.9946E-05 9.9946E-05
9.9964E-05 0.228186 0.0827598 9.9964E-05 0.0487147 9.9964E-05 0.0123232 9.9964E-05 0.133477 0.49414
9.99371E-05 9.99371E-05 9.99371E-05 9.99371E-05 9.99371E-05 9.99371E-05 0.817596 0.093663 9.99371E-05 0.0880419
0.0479598 9.99371E-05 0.00291315 9.99371E-05 9.99371E-05 9.99371E-05 0.948427 9.99371E-05 9.99371E-05 9.99371E-05
9.9946E-05 9.9946E-05 0.0330175 9.9946E-05 0.0528295 0.68181 9.9946E-05 9.9946E-05 0.231743 9.9946E-05
0.113462 0.0219165 0.0201846 9.99549E-05 9.99549E-05 0.703655 9.99549E-05 9.99549E-05 9.99549E-05 0.140282
0.0687715 9.9937E-05 9.9937E-05 9.9937E-05 9.9937E-05 0.839165 9.9937E-05 9.9937E-05 9.9937E-05 0.0913636
9.9937E-05 0.0579509 9.9937E-05 9.9937E-05 9.9937E-05 0.657836 9.9937E-05 9.9937E-05 9.9937E-05 0.283513
9.99639E-05 9.99639E-05 0.0334354 9.99639E-05 0.024001 0.674115 0.187105 0.0106856 0.0702578 9.99639E-05
9.9955E-05 9.9955E-05 9.9955E-05 9.9955E-05 0.0343563 0.163008 9.9955E-05 0.0953565 0.400915 0.305864
9.99549E-05 9.99549E-05 9.99549E-05 0.0618359 0.106947 0.411158 0.0800584 9.99549E-05 0.339502 9.99549E-05
9.9964E-05 0.0342329 9.9964E-05 9.9964E-05 0.0829822 0.101919 0.0325466 9.9964E-05 0.493647 0.254273
9.9955E-05 9.9955E-05 9.9955E-05 9.9955E-05 9.9955E-05 0.12793 0.123931 0.0457283 0.508523 0.193388
9.9955E-05 9.9955E-05 0.000643822 0.0943262 0.101096 9.9955E-05 0.46887 9.9955E-05 0.334563 9.9955E-05
0.130056 9.9955E-05 0.232096 9.9955E-05 9.9955E-05 9.9955E-05 9.9955E-05 0.303313 0.243054 0.0909812
9.9964E-05 0.0402242 0.0603581 9.9964E-05 0.276062 9.9964E-05 9.9964E-05 0.500695 0.0615993 0.060661
9.99461E-05 9.99461E-05 0.72178 0.0657753 0.206001 9.99461E-05 9.99461E-05 9.99461E-05 0.00584401 9.99461E-05
0.0130134 9.9955E-05 0.628898 9.9955E-05 9.9955E-05 9.9955E-05 9.9955E-05 0.256833 0.0332904 0.0674652
0.106064 0.00124393 0.724189 9.9946E-05 9.9946E-05 9.9946E-05 9.9946E-05 0.167904 9.9946E-05 9.9946E-05
0.0104076 9.9955E-05 0.829233 0.0117312 9.9955E-05 0.0771052 0.0710237 9.9955E-05 9.9955E-05 9.9955E-05
0.835706 9.99369E-05 9.99369E-05 9.99369E-05 9.99369E-05 0.119146 9.99369E-05 0.0444483 9.99369E-05 9.99369E-05
0.77497 9.99639E-05 0.0107671 0.0169808 0.16314 9.99639E-05 0.0138303 9.99639E-05 0.019912 9.99639E-05
0.333182 0.0629732 0.155599 9.9955E-05 0.00894243 9.9955E-05 9.9955E-05 0.438804 9.9955E-05 9.9955E-05
9.9946E-05 9.9946E-05 0.166584 9.9946E-05 0.144514 0.0101129 9.9946E-05 0.67819 9.9946E-05 9.9946E-05
0.246127 9.9955E-05 9.9955E-05 9.9955E-05 0.38074 9.9955E-05 0.0056663 0.274522 0.092445 9.9955E-05
0.0360055 9.99461E-05 9.99461E-05 9.99461E-05 0.73952 9.99461E-05 9.99461E-05 0.222037 0.00183727 9.99461E-05
0.608337 9.9955E-05 9.9955E-05 9.9955E-05 0.307097 9.9955E-05 9.9955E-05 0.0441836 0.0159646 0.0239185
0.243834 9.9955E-05 0.188604 9.9955E-05 0.274724 9.9955E-05 9.9955E-05 0.230523 0.0618158 9.9955E-05
0.664518 9.9946E-05 9.9946E-05 9.9946E-05 0.150625 9.9946E-05 9.9946E-05 0.037943 0.146314 9.9946E-05
0.243538 9.99549E-05 0.273707 9.99549E-05 0.294948 9.99549E-05 9.99549E-05 0.0830814 0.104226 9.99549E-05
0.67877 9.99549E-05 0.17467 0.0178441 0.062895 9.99549E-05 9.99549E-05 0.0653204 9.99549E-05 9.99549E-05
0.106783 0.0129757 0.535522 0.0207194 0.263833 0.0373367 9.9973E-05 0.0225301 9.9973E-05 9.9973E-05
0.159036 9.99459E-05 9.99459E-05 9.99459E-05 0.80125 0.00474768 0.0343667 9.99459E-05 9.99459E-05 9.99459E-05
0.0304924 0.000937116 0.659314 9.9955E-05 0.2165 0.0922569 9.9955E-05 9.9955E-05 9.9955E-05 9.9955E-05
0.245845 0.0870947 0.464041 9.99459E-05 0.202419 9.99459E-05 9.99459E-05 9.99459E-05 9.99459E-05 9.99459E-05
9.9928E-05 9.9928E-05 0.700334 9.9928E-05 0.298867 9.9928E-05 9.9928E-05 9.9928E-05 9.9928E-05 9.9928E-05
9.9946E-05 9.9946E-05 0.657061 9.9946E-05 0.0549505 9.9946E-05 9.9946E-05 0.262642 0.0247469 9.9946E-05
0.495383 9.99549E-05 0.335563 9.99549E-05 9.99549E-05 0.0747306 9.99549E-05 0.0807865 0.0130375 9.99549E-05
9.99281E-05 9.99281E-05 0.829081 9.99281E-05 9.99281E-05 9.99281E-05 0.17012 9.99281E-05 9.99281E-05 9.99281E-05
9.99462E-05 9.99462E-05 9.99462E-05 0.866025 0.0350237 9.99462E-05 0.0706437 9.99462E-05 0.0277074 9.99462E-05
9.9946E-05 9.9946E-05 0.111702 0.0645345 9.9946E-05 9.9946E-05 0.101563 9.9946E-05 9.9946E-05 0.7216
9.9955E-05 0.00256986 0.0613063 0.247378 0.0495482 9.9955E-05 9.9955E-05 9.9955E-05 9.9955E-05 0.638698
9.9946E-05 0.0662523 9.9946E-05 0.73947 0.0530397 0.140638 9.9946E-05 9.9946E-05 9.9946E-05 9.9946E-05
9.9955E-05 0.0519665 9.9955E-05 0.585936 9.9955E-05 0.288944 9.9955E-05 0.0440859 9.9955E-05 0.0285674
0.179373 9.99371E-05 9.99371E-05 9.99371E-05 9.99371E-05 0.467981 9.99371E-05 9.99371E-05 9.99371E-05 0.351946
0.121717 0.517048 9.99551E-05 9.99551E-05 9.99551E-05 0.136002 0.0144952 9.99551E-05 9.99551E-05 0.210239
9.9955E-05 0.436434 9.9955E-05 9.9955E-05 9.9955E-05 0.096467 0.0346215 0.110447 9.9955E-05 0.321531
9.9946E-05 0.589879 9.9946E-05 0.254952 9.9946E-05 0.115151 0.0394188 9.9946E-05 9.9946E-05 9.9946E-05
9.99464E-05 0.47295 9.99464E-05 0.0550259 9.99464E-05 0.102243 9.99464E-05 9.99464E-05 9.99464E-05 0.369181
9.9928E-05 0.957911 9.9928E-05 9.9928E-05 0.0412895 9.9928E-05 9.9928E-05 9.9928E-05 9.9928E-05 9.9928E-05
9.9937E-05 0.884721 9.9937E-05 9.9937E-05 9.9937E-05 9.9937E-05 0.0717479 9.9937E-05 0.042832 9.9937E-05
9.99549E-05 0.401469 9.99549E-05 0.223103 9.99549E-05 9.99549E-05 0.318531 0.0102282 0.0461694 9.99549E-05
9.9964E-05 0.820281 0.0146618 9.9964E-05 9.9964E-05 0.0259855 0.0378182 9.9964E-05 0.0572386 0.043615
0.0601469 0.472708 9.99459E-05 9.99459E-05 9.99459E-05 0.323599 0.142947 9.99459E-05 9.99459E-05 9.99459E-05
9.9955E-05 0.59456 9.9955E-05 9.9955E-05 9.9955E-05 0.118819 0.186028 0.0215193 0.0785741 9.9955E-05
9.9937E-05 0.861652 9.9937E-05 0.0916015 9.9937E-05 9.9937E-05 9.9937E-05 0.0460468 9.9937E-05 9.9937E-05
9.9937E-05 0.784523 9.9937E-05 0.0691826 9.9937E-05 9.9937E-05 9.9937E-05 9.9937E-05 0.145595 9.9937E-05
9.99639E-05 0.482427 9.99639E-05 0.109442 9.99639E-05 9.99639E-05 0.113975 0.0445341 0.0642324 0.184989
9.99639E-05 0.074551 9.99639E-05 0.34699 9.99639E-05 0.259518 0.00199815 0.00330952 9.99639E-05 0.313233
9.9946E-05 9.9946E-05 9.9946E-05 0.442424 9.9946E-05 0.0174057 0.210408 9.9946E-05 9.9946E-05 0.329162
9.9946E-05 9.9946E-05 9.9946E-05 0.411813 9.9946E-05 0.0525244 9.9946E-05 9.9946E-05 0.0499972 0.485066
9.9955E-05 0.0629276 9.9955E-05 0.430548 0.0029012 0.0189033 9.9955E-05 9.9955E-05 9.9955E-05 0.48422
0.0177872 0.0550034 9.9964E-05 0.71767 9.9964E-05 0.134678 9.9964E-05 0.0338224 9.9964E-05 0.040639
9.9955E-05 9.9955E-05 9.9955E-05 0.841277 0.00533334 0.0175437 0.102519 9.9955E-05 0.0328277 9.9955E-05
9.9946E-05 9.9946E-05 9.9946E-05 0.721837 9.9946E-05 0.0771829 0.0194324 9.9946E-05 0.180948 9.9946E-05
9.9937E-05 9.9937E-05 9.9937E-05 0.89062 0.054487 0.0541931 9.9937E-05 9.9937E-05 9.9937E-05 9.9937E-05
9.9955E-05 0.0530476 9.9955E-05 0.821177 0.0443223 0.0603695 0.0205837 9.9955E-05 9.9955E-05 9.9955E-05
9.9937E-05 0.139332 9.9937E-05 0.741678 9.9937E-05 9.9937E-05 0.118291 9.9937E-05 9.9937E-05 9.9937E-05
9.9937E-05 9.9937E-05 9.9937E-05 0.820283 9.9937E-05 9.9937E-05 0.138731 9.9937E-05 0.0402859 9.9937E-05
9.9955E-05 0.0142869 9.9955E-05 0.825715 9.9955E-05 9.9955E-05 0.0102392 9.9955E-05 0.0144067 0.134853
9.99459E-05 9.99459E-05 9.99459E-05 0.320265 9.99459E-05 0.0219033 0.457534 9.99459E-05 9.99459E-05 0.199698
9.9955E-05 0.147689 0.0541799 0.44318 9.9955E-05 0.119109 9.9955E-05 9.9955E-05 9.9955E-05 0.235343
0.0162363 9.9955E-05 9.9955E-05 0.56245 9.9955E-05 0.0114881 0.223632 9.9955E-05 9.9955E-05 0.185694
0.00143985 0.198397 9.99641E-05 0.624361 9.99641E-05 0.0940432 9.99641E-05 9.99641E-05 0.0228764 0.0584827
9.99551E-05 0.0486946 9.99551E-05 0.642163 9.99551E-05 0.122194 0.0744941 9.99551E-05 9.99551E-05 0.111955
9.9946E-05 9.9946E-05 9.9946E-05 0.790908 9.9946E-05 0.0101963 9.9946E-05 9.9946E-05 0.0617537 0.136543
9.99459E-05 0.261918 9.99459E-05 0.555964 9.99459E-05 0.0524301 9.99459E-05 9.99459E-05 9.99459E-05 0.129088
0.0691656 9.9946E-05 9.9946E-05 0.203022 9.9946E-05 9.9946E-05 9.9946E-05 9.9946E-05 0.0508208 0.676392
0.0329347 0.149745 9.9946E-05 0.204098 9.9946E-05 9.9946E-05 9.9946E-05 9.9946E-05 9.9946E-05 0.612623
0.0701821 0.0208295 9.9955E-05 0.58608 9.9955E-05 9.9955E-05 9.9955E-05 9.9955E-05 0.0180295 0.304379
9.9946E-05 0.0695331 9.9946E-05 0.762481 9.9946E-05 9.9946E-05 0.166682 9.9946E-05 9.9946E-05 0.000703624
0.0355165 0.163086 9.9973E-05 0.623995 0.0830986 9.9973E-05 0.0580988 9.9973E-05 0.0257872 0.0101185
9.9955E-05 0.193785 0.032099 0.557498 9.9955E-05 9.9955E-05 9.9955E-05 9.9955E-05 0.0686294 0.14749
0.0419903 0.0583178 0.0123751 0.869054 9.9973E-05 0.00544685 0.00781423 9.9973E-05 9.9973E-05 0.00470195
9.9946E-05 9.9946E-05 0.140403 0.564635 9.9946E-05 9.9946E-05 9.9946E-05 0.0932966 0.201066 9.9946E-05
0.0809453 9.9937E-05 0.329069 0.589286 9.9937E-05 9.9937E-05 9.9937E-05 9.9937E-05 9.9937E-05 9.9937E-05
0.014414 0.0199622 9.9955E-05 0.755083 9.9955E-05 0.100517 9.9955E-05 9.9955E-05 9.9955E-05 0.109524
9.99459E-05 0.0639799 9.99459E-05 0.233863 9.99459E-05 0.0307977 9.99459E-05 9.99459E-05 9.99459E-05 0.67076
0.0888911 0.0985809 9.9946E-05 0.377232 9.9946E-05 9.9946E-05 9.9946E-05 9.9946E-05 9.9946E-05 0.434696
9.9955E-05 0.0611381 0.0132591 0.29578 9.9955E-05 9.9955E-05 9.9955E-05 0.0151864 9.9955E-05 0.614137
9.9946E-05 9.9946E-05 9.9946E-05 0.0598158 9.9946E-05 0.0381935 0.0500774 9.9946E-05 9.9946E-05 0.851314
9.9955E-05 0.00346023 9.9955E-05 0.870546 9.9955E-05 0.0703666 0.00538529 9.9955E-05 9.9955E-05 0.0497424
9.9964E-05 0.0461652 9.9964E-05 0.271417 9.9964E-05 0.00891954 0.0351638 0.0158781 9.9964E-05 0.622056
9.99549E-05 0.072624 9.99549E-05 0.534732 9.99549E-05 9.99549E-05 0.131529 0.0197936 9.99549E-05 0.240822
9.99459E-05 9.99459E-05 9.99459E-05 0.358399 9.99459E-05 0.0364627 0.263895 9.99459E-05 9.99459E-05 0.340643
0.0767377 9.9937E-05 9.9937E-05 0.52958 9.9937E-05 9.9937E-05 9.9937E-05 9.9937E-05 9.9937E-05 0.392982
0.660134 9.9937E-05 0.192693 9.9937E-05 9.9937E-05 9.9937E-05 9.9937E-05 9.9937E-05 9.9937E-05 0.146474
0.201146 9.9937E-05 0.566111 9.9937E-05 9.9937E-05 9.9937E-05 9.9937E-05 0.232043 9.9937E-05 9.9937E-05
0.234461 9.9955E-05 0.44347 9.9955E-05 9.9955E-05 0.108193 9.9955E-05 0.203182 0.0101939 9.9955E-05
9.9946E-05 9.9946E-05 0.784203 9.9946E-05 9.9946E-05 9.9946E-05 0.0695757 0.0579388 9.9946E-05 0.0876827
9.9955E-05 0.110352 0.721411 0.0374432 0.0789747 9.9955E-05 9.9955E-05 0.0513194 9.9955E-05 9.9955E-05
9.9937E-05 9.9937E-05 0.883038 9.9937E-05 0.0565846 9.9937E-05 9.9937E-05 0.0596782 9.9937E-05 9.9937E-05
0.371232 9.9955E-05 0.230539 9.9955E-05 0.179739 9.9955E-05 9.9955E-05 0.217438 9.9955E-05 0.00055183
0.612637 9.9946E-05 0.0955671 9.9946E-05 0.130886 9.9946E-05 9.9946E-05 0.160311 9.9946E-05 9.9946E-05
0.952852 9.99282E-05 9.99282E-05 9.99282E-05 9.99282E-05 9.99282E-05 9.99282E-05 9.99282E-05 9.99282E-05 0.0463489
0.0699458 9.9955E-05 0.420589 0.0760873 0.326328 9.9955E-05 9.9955E-05 0.106549 9.9955E-05 9.9955E-05
9.99201E-05 9.99201E-05 9.99201E-05 9.99201E-05 0.999101 9.99201E-05 9.99201E-05 9.99201E-05 9.99201E-05 9.99201E-05
9.9928E-05 9.9928E-05 0.511956 9.9928E-05 0.487244 9.9928E-05 9.9928E-05 9.9928E-05 9.9928E-05 9.9928E-05
9.9946E-05 0.0550417 0.179756 9.9946E-05 0.759871 9.9946E-05 9.9946E-05 0.0047318 9.9946E-05 9.9946E-05
