0.48446 0.169219 0.00845391 0.298762 9.9991E-05 0.0145136 0.0244921
0.12856 0.363396 9.9982E-05 0.110495 9.9982E-05 0.298877 0.0984726
0.323961 0.126154 9.9982E-05 0.381591 9.9982E-05 0.110345 0.0577489
0.3399 0.056924 9.9982E-05 0.417983 0.00975566 9.9982E-05 0.175237
0.204004 9.9964E-05 9.9964E-05 0.779407 0.016189 9.9964E-05 9.9964E-05
0.420124 0.0190052 9.9973E-05 0.458593 9.9973E-05 9.9973E-05 0.101977
9.9973E-05 0.0330205 0.659208 9.9973E-05 9.9973E-05 0.26758 0.0398917
9.999E-05 0.125619 0.582382 0.0570196 0.0792311 0.0210536 0.134595
9.9973E-05 0.0252443 0.879653 0.000497005 9.9973E-05 0.0943055 9.9973E-05
9.9964E-05 9.9964E-05 0.838367 9.9964E-05 9.9964E-05 0.0606445 0.100588
9.9973E-05 0.0259884 0.715665 9.9973E-05 9.9973E-05 0.252439 0.00560782
0.0281065 9.9982E-05 0.399991 0.054668 0.0182708 0.498764 9.9982E-05
9.9973E-05 9.9973E-05 0.709536 0.0140785 0.176094 0.0999915 9.9973E-05
0.00893278 9.9964E-05 0.92473 9.9964E-05 0.0659378 9.9964E-05 9.9964E-05
9.9964E-05 9.9964E-05 0.760089 9.9964E-05 9.9964E-05 0.148224 0.0912868
9.9964E-05 0.0419501 0.662531 9.9964E-05 9.9964E-05 0.295119 9.9964E-05
0.365373 0.0344489 9.9982E-05 0.375474 9.9982E-05 0.0105022 0.214002
0.00551187 0.105124 9.9982E-05 0.0581401 0.122373 9.9982E-05 0.708651
0.600497 9.9973E-05 9.9973E-05 0.0951867 0.0612215 9.9973E-05 0.242795
0.316759 9.9973E-05 9.9973E-05 0.305901 0.101667 9.9973E-05 0.275372
0.0487788 9.9973E-05 0.0195283 0.325284 9.9973E-05 9.9973E-05 0.606109
0.367803 9.9973E-05 9.9973E-05 0.0536143 0.0133416 9.9973E-05 0.564941
0.495249 0.120226 9.9982E-05 0.126748 9.9982E-05 0.23429 0.023287
0.610799 0.17787 9.9973E-05 0.184674 0.0263559 9.9973E-05 9.9973E-05
0.808204 9.99641E-05 0.0287889 0.162607 9.99641E-05 9.99641E-05 9.99641E-05
0.575943 0.0892102 9.9973E-05 0.251256 9.9973E-05 9.9973E-05 0.0832915
0.393481 9.9973E-05 9.9973E-05 0.394882 0.126799 9.9973E-05 0.0845376
0.432851 9.9973E-05 0.0523127 0.48447 0.0300667 9.9973E-05 9.9973E-05
9.9973E-05 0.317035 0.106037 0.285142 9.9973E-05 9.9973E-05 0.291486
9.9973E-05 0.199514 0.0998803 0.237562 9.9973E-05 9.9973E-05 0.462744
0.0425213 9.9973E-05 9.9973E-05 0.161668 9.9973E-05 0.33994 0.455571
0.0058179 9.9973E-05 9.9973E-05 0.511826 9.9973E-05 0.144145 0.337911
0.149704 9.9964E-05 9.9964E-05 0.471591 9.9964E-05 9.9964E-05 0.378305
0.920075 0.0370709 0.0424538 9.9964E-05 9.9964E-05 9.9964E-05 9.9964E-05
0.649598 9.9955E-05 9.9955E-05 9.9955E-05 9.9955E-05 0.349902 9.9955E-05
0.491136 9.9982E-05 9.9982E-05 0.235598 0.0211459 0.0727255 0.179194
0.403324 9.9982E-05 9.9982E-05 0.00471438 0.256219 0.239537 0.0960058
0.700215 9.9982E-05 9.9982E-05 0.134417 0.0891925 0.0524893 0.023486
0.587302 0.146894 9.9973E-05 9.9973E-05 0.0866708 9.9973E-05 0.178834
0.632518 9.9982E-05 0.0169551 0.103655 0.0524183 9.9982E-05 0.194253
0.457655 0.46975 9.99641E-05 9.99641E-05 9.99641E-05 9.99641E-05 0.0721952
0.29448 0.212636 9.9982E-05 0.316433 0.136596 9.9982E-05 0.0396561
0.310623 9.9973E-05 9.9973E-05 0.37269 0.140627 9.9973E-05 0.17576
0.297665 0.445862 0.0408413 0.107849 0.107583 9.9982E-05 9.9982E-05
0.452363 0.0895358 0.0209502 0.282727 9.9982E-05 9.9982E-05 0.154224
0.513458 9.9973E-05 9.9973E-05 0.250792 0.00359884 9.9973E-05 0.231851
0.129671 9.9964E-05 9.9964E-05 9.9964E-05 0.109168 9.9964E-05 0.760761
9.9964E-05 0.192688 9.9964E-05 9.9964E-05 9.9964E-05 0.0708704 0.736041
9.9964E-05 0.194504 9.9964E-05 9.9964E-05 9.9964E-05 0.0926167 0.712479
9.9955E-05 0.404444 9.9955E-05 9.9955E-05 9.9955E-05 9.9955E-05 0.595057
0.0354042 9.9973E-05 0.065211 0.0770088 9.9973E-05 9.9973E-05 0.822076
0.339665 0.331847 0.124764 9.9973E-05 9.9973E-05 9.9973E-05 0.203424
0.333325 0.0397677 9.9973E-05 9.9973E-05 0.105565 9.9973E-05 0.521043
0.596882 0.265325 9.9973E-05 9.9973E-05 0.0311351 9.9973E-05 0.106358
0.548269 0.243328 0.0628885 9.9973E-05 9.9973E-05 9.9973E-05 0.145214
0.517469 9.9973E-05 9.9973E-05 0.242141 0.0803768 9.9973E-05 0.159713
0.239335 0.0563038 0.372887 9.9982E-05 0.180929 0.150345 9.9982E-05
0.119559 0.0187785 0.582501 0.0189409 0.260021 9.9982E-05 9.9982E-05
0.0296222 0.0624189 0.0513062 9.9973E-05 0.856353 9.9973E-05 9.9973E-05
0.0444247 0.071016 0.247656 9.9991E-05 0.450173 0.170425 0.0162052
9.9973E-05 0.0141294 0.123471 9.9973E-05 0.624031 0.238068 9.9973E-05
9.9973E-05 0.0937497 9.9973E-05 9.9973E-05 0.679615 0.126042 0.100293
9.9955E-05 9.9955E-05 9.9955E-05 9.9955E-05 9.9955E-05 0.906325 0.0931748
0.0556021 9.9973E-05 9.9973E-05 0.040365 0.211206 0.692527 9.9973E-05
9.9973E-05 9.9973E-05 0.526927 0.0759869 0.0605626 0.336223 9.9973E-05
9.9973E-05 9.9973E-05 0.752242 9.9973E-05 0.123355 0.0953519 0.0287511
0.135845 9.9982E-05 0.419269 9.9982E-05 0.209568 0.233644 0.00147464
0.089772 9.99641E-05 0.553111 9.99641E-05 0.356717 9.99641E-05 9.99641E-05
0.114216 9.997E-05 0.215448 9.997E-05 0.200351 0.469686 9.997E-05
0.0492384 9.9973E-05 0.306089 9.9973E-05 0.365743 0.27863 9.9973E-05
0.143281 9.9973E-05 0.18686 9.9973E-05 0.0976719 0.571888 9.9973E-05
0.0744385 9.9982E-05 0.37997 0.00397323 0.423635 0.117783 9.9982E-05
9.9973E-05 9.9973E-05 0.0928252 0.0175929 0.186331 0.702951 9.9973E-05
9.9982E-05 9.9982E-05 0.107065 0.00382974 0.677699 0.0758887 0.135317
0.113826 9.9982E-05 0.111472 9.9982E-05 0.690409 0.0161241 0.0679684
9.9964E-05 9.9964E-05 9.9964E-05 9.9964E-05 0.726082 0.191484 0.0820341
9.9973E-05 9.9973E-05 0.0155843 0.0475661 0.623147 0.313403 9.9973E-05
9.9955E-05 9.9955E-05 9.9955E-05 0.00122853 0.998272 9.9955E-05 9.9955E-05
0.00979642 0.0238761 0.325463 9.9991E-05 0.582031 0.0585169 0.000216278
9.99729E-05 9.99729E-05 0.106096 9.99729E-05 0.241595 0.572352 0.079657
9.9973E-05 9.9973E-05 0.0626727 9.9973E-05 0.711799 0.0364169 0.188812
0.0586518 0.102258 9.9982E-05 0.761201 0.0320574 9.9982E-05 0.0456319
9.9964E-05 0.844713 9.9964E-05 0.0573992 0.0974875 9.9964E-05 9.9964E-05
9.9964E-05 0.82109 9.9964E-05 0.0441301 0.13438 9.9964E-05 9.9964E-05
9.9973E-05 0.0134847 0.0615918 0.776474 9.9973E-05 9.9973E-05 0.148149
9.9973E-05 0.173684 0.0361271 0.513503 9.9973E-05 9.9973E-05 0.276386
9.99641E-05 0.382379 9.99641E-05 9.99641E-05 9.99641E-05 0.293274 0.323948
9.9982E-05 0.212698 0.0298228 0.453069 9.9982E-05 0.180432 0.123777
0.0645498 0.324323 0.0371688 0.306546 9.9991E-05 0.126819 0.140493
9.9973E-05 0.00446416 9.9973E-05 0.812585 9.9973E-05 0.0836153 0.0990352
9.9973E-05 0.340238 9.9973E-05 0.477871 9.9973E-05 0.122334 0.0592568
9.9964E-05 9.9964E-05 9.9964E-05 0.851477 0.0808801 0.0672429 9.9964E-05
0.29616 9.9964E-05 9.9964E-05 0.648462 0.0549785 9.9964E-05 9.9964E-05
0.168525 9.9973E-05 0.0484223 0.731635 9.9973E-05 9.9973E-05 0.0511181
0.173847 9.9973E-05 9.9973E-05 0.690757 9.9973E-05 0.0800022 0.0550937
9.9964E-05 9.9964E-05 9.9964E-05 0.456782 9.9964E-05 0.12295 0.419868
0.170077 9.9973E-05 9.9973E-05 0.616629 9.9973E-05 0.0598474 0.153147
0.109744 9.9982E-05 0.0193328 0.789864 0.0759532 0.00490572 9.9982E-05
0.166773 9.9973E-05 9.9973E-05 0.725203 0.0652588 0.0424651 9.9973E-05
0.231787 0.0838681 0.028759 0.648436 9.9982E-05 0.00694908 9.9982E-05
0.05238 0.463985 9.9973E-05 0.308723 9.9973E-05 9.9973E-05 0.174612
9.9964E-05 0.452834 9.9964E-05 0.457349 9.9964E-05 9.9964E-05 0.0894177
0.0719807 0.630752 9.9982E-05 0.262826 0.0132476 9.9982E-05 0.0209933
9.9964E-05 0.653965 9.9964E-05 0.333594 0.0120409 9.9964E-05 9.9964E-05
9.9973E-05 0.11729 9.9973E-05 0.707926 9.9973E-05 0.0192521 0.155232
0.0197139 0.0358074 9.9973E-05 0.850752 9.9973E-05 9.9973E-05 0.0934271
0.0882249 0.158692 9.9973E-05 0.630561 9.9973E-05 9.9973E-05 0.122222
9.9964E-05 0.088207 9.9964E-05 0.842102 9.9964E-05 9.9964E-05 0.0692914
9.9973E-05 0.0513376 0.0191353 0.84893 9.9973E-05 9.9973E-05 0.0802972
0.0349136 0.107819 9.9973E-05 0.846765 9.9973E-05 0.0102028 9.9973E-05
0.0749236 0.114964 9.9973E-05 0.798967 0.0108455 9.9973E-05 9.9973E-05
9.9955E-05 0.171415 9.9955E-05 0.828085 9.9955E-05 9.9955E-05 9.9955E-05
0.0877788 0.342208 9.9973E-05 0.425473 9.9973E-05 9.9973E-05 0.14424
9.9973E-05 0.341082 9.9973E-05 0.471682 0.0729365 9.9973E-05 0.113999
0.0511922 0.226581 9.9982E-05 0.589997 9.9982E-05 0.0179928 0.114036
9.99641E-05 0.115212 9.99641E-05 0.745082 9.99641E-05 9.99641E-05 0.139306
9.99731E-05 0.181406 0.0144305 0.753457 9.99731E-05 9.99731E-05 0.0504066
0.0204594 0.223977 9.9964E-05 0.755164 9.9964E-05 9.9964E-05 9.9964E-05
9.9973E-05 0.244336 9.9973E-05 0.708679 9.9973E-05 0.00996032 0.0367246
0.11607 0.747048 9.9973E-05 0.104947 9.9973E-05 0.0316351 9.9973E-05
0.0351965 0.632967 9.9973E-05 0.261597 9.9973E-05 0.0699399 9.9973E-05
9.9964E-05 0.52372 9.9964E-05 0.447796 0.0280834 9.9964E-05 9.9964E-05
9.9955E-05 0.173577 9.9955E-05 0.825923 9.9955E-05 9.9955E-05 9.9955E-05
0.0360542 0.0766842 0.0303024 0.798312 0.0267677 0.0317798 9.9991E-05
0.0912251 0.212416 9.9973E-05 0.662685 0.0333741 9.9973E-05 9.9973E-05
9.9964E-05 0.190835 9.9964E-05 0.772195 9.9964E-05 9.9964E-05 0.0365704
0.0860879 0.0680236 0.198854 0.602081 0.0447541 9.9982E-05 9.9982E-05
9.9973E-05 0.101724 9.9973E-05 0.520534 0.31303 0.0644117 9.9973E-05
9.9964E-05 0.281094 9.9964E-05 0.631723 9.9964E-05 9.9964E-05 0.0867824
9.9964E-05 0.736514 9.9964E-05 0.181462 9.9964E-05 9.9964E-05 0.0816236
0.0152923 0.450429 9.9973E-05 0.447319 9.9973E-05 0.0866599 9.9973E-05
0.101898 0.612214 9.9964E-05 0.285488 9.9964E-05 9.9964E-05 9.9964E-05
0.0159723 0.906987 9.9973E-05 9.9973E-05 9.9973E-05 0.00124363 0.0754971
9.9973E-05 0.24484 9.9973E-05 0.682174 0.000799736 9.9973E-05 0.0718857
0.0515804 0.621703 9.9964E-05 0.326317 9.9964E-05 9.9964E-05 9.9964E-05
0.023048 0.344058 9.9964E-05 0.632494 9.9964E-05 9.9964E-05 9.9964E-05
0.00515933 0.365576 9.9973E-05 0.487122 9.9973E-05 9.9973E-05 0.141843
9.9964E-05 0.559358 9.9964E-05 0.398858 9.9964E-05 0.0413843 9.9964E-05
9.9964E-05 0.112078 9.9964E-05 9.9964E-05 0.180562 0.70696 9.9964E-05
9.9973E-05 9.9973E-05 0.105703 0.00563529 0.461865 0.426496 9.9973E-05
9.9982E-05 0.0132356 0.181244 9.9982E-05 0.303298 0.424507 0.0775159
9.9982E-05 0.130936 0.0354316 9.9982E-05 0.652622 0.133032 0.0477788
9.9991E-05 0.0799615 0.0943515 0.0279695 0.725095 0.0640807 0.00844178
9.9964E-05 9.9964E-05 0.0586842 9.9964E-05 0.822335 0.118581 9.9964E-05
9.9973E-05 0.05473 0.197122 9.9973E-05 0.390024 0.357824 9.9973E-05
9.9964E-05 9.9964E-05 0.120847 9.9964E-05 0.246498 0.632255 9.9964E-05
9.995E-05 9.995E-05 9.995E-05 9.995E-05 9.995E-05 0.9994 9.995E-05
9.9991E-05 0.0452751 0.0702871 0.0467907 0.688164 0.129137 0.0202457
0.0289355 9.99641E-05 0.116703 9.99641E-05 0.853962 9.99641E-05 9.99641E-05
0.0652005 9.99551E-05 9.99551E-05 9.99551E-05 0.9343 9.99551E-05 9.99551E-05
0.00358026 9.9973E-05 0.150275 0.0106824 0.835162 9.9973E-05 9.9973E-05
