9.99639E-05 0.0600816 9.99639E-05 9.99639E-05 0.0590901 9.99639E-05 0.55225 0.0560001 0.272179
9.9982E-05 0.183884 0.0397336 0.0498525 0.002722 9.9982E-05 0.315767 0.316177 0.0916639
9.9955E-05 9.9955E-05 9.9955E-05 9.9955E-05 0.1558 9.9955E-05 0.406037 0.171894 0.265769
0.159008 0.134526 9.9982E-05 0.00191416 0.603806 0.00437163 0.0504104 0.0457648 9.9982E-05
0.0170357 9.9955E-05 9.9955E-05 9.9955E-05 0.221915 9.9955E-05 0.196828 9.9955E-05 0.563721
0.0930762 0.0916137 9.9964E-05 9.9964E-05 0.433803 9.9964E-05 0.259081 9.9964E-05 0.122026
0.00340305 0.00507338 0.204333 0.672185 9.9964E-05 9.9964E-05 9.9964E-05 0.114606 9.9964E-05
0.158294 0.0418203 0.168952 0.5339 9.9964E-05 9.9964E-05 9.9964E-05 9.9964E-05 0.0966333
9.9955E-05 9.9955E-05 0.0492953 0.862135 0.0593779 9.9955E-05 9.9955E-05 0.0286916 9.9955E-05
0.0844407 9.9973E-05 0.0509791 0.833515 9.9973E-05 0.00213995 0.002226 0.0263997 9.9973E-05
9.9955E-05 0.0748248 0.231629 0.691206 0.00184081 9.9955E-05 9.9955E-05 9.9955E-05 9.9955E-05
9.99549E-05 9.99549E-05 0.709824 0.211978 9.99549E-05 9.99549E-05 0.0355689 9.99549E-05 0.0421287
9.9955E-05 9.9955E-05 0.164089 0.643007 0.0341281 0.158276 9.9955E-05 9.9955E-05 9.9955E-05
0.0346506 9.99461E-05 9.99461E-05 0.88457 9.99461E-05 0.0801792 9.99461E-05 9.99461E-05 9.99461E-05
9.9964E-05 9.9964E-05 0.0558309 0.849908 0.00840179 9.9964E-05 0.0313601 0.0540997 9.9964E-05
9.99551E-05 0.0587335 0.208316 0.674224 9.99551E-05 9.99551E-05 9.99551E-05 0.0582267 9.99551E-05
0.501695 0.0235817 0.0177385 9.9973E-05 0.0557311 9.9973E-05 0.0906669 9.9973E-05 0.310287
0.538607 9.9964E-05 0.0633677 0.0151807 9.9964E-05 9.9964E-05 9.9964E-05 0.335051 0.0473936
0.423699 0.025841 0.0820638 9.9982E-05 0.185194 0.0189592 0.261821 0.00222186 9.9982E-05
0.589591 9.9955E-05 9.9955E-05 9.9955E-05 0.20181 0.0287104 9.9955E-05 9.9955E-05 0.179388
0.558526 9.99621E-05 9.99621E-05 9.99621E-05 0.00670372 9.99621E-05 9.99621E-05 0.245702 0.188568
0.771926 9.9946E-05 9.9946E-05 9.9946E-05 0.119073 9.9946E-05 9.9946E-05 0.108402 9.9946E-05
9.9955E-05 0.0425908 0.154915 9.9955E-05 9.9955E-05 9.9955E-05 0.648244 9.9955E-05 0.153751
9.9955E-05 0.0689789 9.9955E-05 9.9955E-05 9.9955E-05 0.00178203 0.688182 9.9955E-05 0.240557
0.140233 9.99551E-05 9.99551E-05 9.99551E-05 0.0577207 9.99551E-05 0.685291 9.99551E-05 0.116256
0.476004 0.180979 9.9955E-05 9.9955E-05 0.202607 9.9955E-05 0.139911 9.9955E-05 9.9955E-05
0.526852 9.995E-05 9.995E-05 9.995E-05 9.995E-05 0.0644155 0.0677891 9.995E-05 0.340443
0.293065 9.9973E-05 9.9973E-05 0.00779875 0.171945 0.0586353 0.10927 9.9973E-05 0.358986
0.186592 0.168637 9.9964E-05 0.0976752 9.9964E-05 9.9964E-05 9.9964E-05 0.182033 0.364663
0.216011 9.9955E-05 9.9955E-05 0.122357 9.9955E-05 9.9955E-05 9.9955E-05 0.34147 0.319662
0.199383 9.9955E-05 0.199876 9.9955E-05 0.301438 9.9955E-05 9.9955E-05 0.298803 9.9955E-05
0.239752 9.99639E-05 0.113809 9.99639E-05 0.368529 9.99639E-05 9.99639E-05 0.11321 0.164301
0.346684 0.0269388 9.9964E-05 9.9964E-05 0.463822 9.9964E-05 9.9964E-05 0.0703838 0.0917715
0.0993844 9.9955E-05 9.9955E-05 0.00872424 0.0224166 9.9955E-05 0.868975 9.9955E-05 9.9955E-05
9.99459E-05 9.99459E-05 0.0780584 9.99459E-05 9.99459E-05 9.99459E-05 0.795 0.126342 9.99459E-05
0.422511 9.9973E-05 0.0719946 9.9973E-05 0.0770193 9.9973E-05 0.211227 0.0164548 0.200493
9.9964E-05 9.9964E-05 0.010928 9.9964E-05 0.0582568 0.286012 0.455787 0.188617 9.9964E-05
0.163861 9.9964E-05 9.9964E-05 9.9964E-05 0.0852425 0.0899646 0.584574 9.9964E-05 0.0759582
0.238038 0.0652886 9.9982E-05 0.0226632 0.0505328 0.0395868 0.441495 0.142195 9.9982E-05
0.491021 9.9964E-05 9.9964E-05 0.0112423 0.210175 9.9964E-05 0.266658 9.9964E-05 0.0205038
0.112715 0.57133 9.99551E-05 9.99551E-05 0.313573 9.99551E-05 0.00188196 9.99551E-05 9.99551E-05
0.134521 0.2556 9.9973E-05 9.9973E-05 0.430074 0.0864787 9.9973E-05 0.0114349 0.0815925
0.116908 9.9973E-05 9.9973E-05 9.9973E-05 0.516045 0.112783 0.0745284 0.150945 0.0284911
9.996E-05 0.487486 9.996E-05 0.0298536 0.307076 0.141514 0.03367 9.996E-05 9.996E-05
0.324619 0.203276 9.9946E-05 9.9946E-05 0.471505 9.9946E-05 9.9946E-05 9.9946E-05 9.9946E-05
0.290117 0.000398977 9.9964E-05 9.9964E-05 0.5081 9.9964E-05 0.129578 0.0714062 9.9964E-05
0.691071 9.9946E-05 0.0547957 9.9946E-05 9.9946E-05 9.9946E-05 9.9946E-05 0.253534 9.9946E-05
0.281132 0.0763587 0.142231 9.99549E-05 9.99549E-05 9.99549E-05 9.99549E-05 0.499778 9.99549E-05
0.161461 9.9937E-05 9.9937E-05 9.9937E-05 9.9937E-05 9.9937E-05 9.9937E-05 0.83784 9.9937E-05
0.187589 0.115055 9.99549E-05 9.99549E-05 9.99549E-05 9.99549E-05 9.99549E-05 0.655436 0.0414198
0.485527 9.99459E-05 9.99459E-05 9.99459E-05 9.99459E-05 0.0212291 9.99459E-05 0.492644 9.99459E-05
0.517062 0.393974 9.9946E-05 0.0883647 9.9946E-05 9.9946E-05 9.9946E-05 9.9946E-05 9.9946E-05
0.732533 9.9964E-05 9.9964E-05 9.9964E-05 9.9964E-05 0.0371872 0.0213328 0.159091 0.0494564
0.581863 0.352891 9.9946E-05 9.9946E-05 9.9946E-05 9.9946E-05 0.0646462 9.9946E-05 9.9946E-05
0.591708 0.340563 9.99459E-05 9.99459E-05 9.99459E-05 9.99459E-05 0.0671294 9.99459E-05 9.99459E-05
0.628727 9.9964E-05 9.9964E-05 9.9964E-05 0.299524 0.0103283 0.00699776 9.9964E-05 0.0540227
9.9964E-05 0.0551977 0.154024 0.380907 9.9964E-05 0.154523 0.254949 9.9964E-05 9.9964E-05
9.9955E-05 9.9955E-05 9.9955E-05 0.494859 9.9955E-05 0.292602 0.165351 9.9955E-05 0.0466888
9.9955E-05 0.0424395 9.9955E-05 0.0128046 9.9955E-05 0.904084 0.0401725 9.9955E-05 9.9955E-05
0.0944268 0.110968 0.224134 0.200816 9.9964E-05 0.369256 9.9964E-05 9.9964E-05 9.9964E-05
9.9955E-05 0.0187612 0.380119 0.0273895 9.9955E-05 0.573231 9.9955E-05 9.9955E-05 9.9955E-05
0.141153 0.009503 0.306738 9.9955E-05 9.9955E-05 0.542106 9.9955E-05 9.9955E-05 9.9955E-05
9.99369E-05 9.99369E-05 0.736915 9.99369E-05 9.99369E-05 9.99369E-05 9.99369E-05 0.262386 9.99369E-05
0.0999803 9.9946E-05 0.84572 9.9946E-05 0.0536998 9.9946E-05 9.9946E-05 9.9946E-05 9.9946E-05
9.9955E-05 9.9955E-05 0.430274 0.459951 0.10018 0.00909587 9.9955E-05 9.9955E-05 9.9955E-05
9.9955E-05 9.9955E-05 0.0842252 0.759237 9.9955E-05 0.127271 0.0287678 9.9955E-05 9.9955E-05
0.044389 9.9964E-05 0.302058 0.288496 9.9964E-05 0.231028 0.13363 9.9964E-05 9.9964E-05
9.99461E-05 9.99461E-05 9.99461E-05 0.35374 9.99461E-05 0.466468 0.179193 9.99461E-05 9.99461E-05
9.9955E-05 9.9955E-05 0.539841 0.161692 9.9955E-05 0.131707 0.16626 9.9955E-05 9.9955E-05
9.9955E-05 9.9955E-05 0.420001 0.18142 9.9955E-05 0.26561 0.132469 9.9955E-05 9.9955E-05
9.99551E-05 9.99551E-05 0.773178 0.0068966 9.99551E-05 0.0208154 0.19861 9.99551E-05 9.99551E-05
9.9955E-05 9.9955E-05 0.356329 0.0815994 9.9955E-05 0.412297 0.149275 9.9955E-05 9.9955E-05
9.9946E-05 9.9946E-05 0.903983 9.9946E-05 9.9946E-05 9.9946E-05 0.00984882 9.9946E-05 0.085568
0.0879915 9.9964E-05 0.243733 0.00341466 9.9964E-05 0.631649 9.9964E-05 9.9964E-05 0.032812
0.153902 9.9964E-05 0.0784444 0.109958 9.9964E-05 0.627928 0.0293674 9.9964E-05 9.9964E-05
0.0743771 9.9964E-05 0.295686 9.9964E-05 0.00420696 0.609826 9.9964E-05 0.0155044 9.9964E-05
9.9946E-05 9.9946E-05 0.401848 9.9946E-05 0.0931502 0.504403 9.9946E-05 9.9946E-05 9.9946E-05
9.9946E-05 9.9946E-05 9.9946E-05 9.9946E-05 9.9946E-05 0.969734 9.9946E-05 0.0267278 0.00293858
9.9955E-05 0.0351593 0.0629037 0.345943 9.9955E-05 0.555494 9.9955E-05 9.9955E-05 9.9955E-05
0.0949981 9.9955E-05 0.826199 0.0376795 9.9955E-05 0.0406234 9.9955E-05 9.9955E-05 9.9955E-05
9.9964E-05 9.9964E-05 0.0744185 0.0784085 0.0249155 0.696377 9.9964E-05 0.12548 9.9964E-05
0.138147 0.0125171 9.99551E-05 9.99551E-05 0.00584666 9.99551E-05 9.99551E-05 9.99551E-05 0.84299
0.0342488 0.892154 9.9946E-05 9.9946E-05 9.9946E-05 0.0729974 9.9946E-05 9.9946E-05 9.9946E-05
9.9946E-05 0.753644 9.9946E-05 9.9946E-05 9.9946E-05 0.0825651 9.9946E-05 9.9946E-05 0.163191
9.9973E-05 9.9973E-05 9.9973E-05 0.0618979 0.0720266 0.0230266 0.0392906 0.102284 0.701174
0.0501547 9.99549E-05 9.99549E-05 0.0762854 9.99549E-05 9.99549E-05 9.99549E-05 0.29926 0.5738
9.993E-05 9.993E-05 9.993E-05 9.993E-05 9.993E-05 9.993E-05 9.993E-05 0.999201 9.993E-05
9.99551E-05 0.247026 0.0722525 9.99551E-05 0.480925 9.99551E-05 9.99551E-05 0.199296 9.99551E-05
9.9964E-05 0.175348 9.9964E-05 0.0603887 0.451809 9.9964E-05 0.0730038 0.239051 9.9964E-05
9.9964E-05 0.0451876 0.0452276 9.9964E-05 0.545893 9.9964E-05 9.9964E-05 0.069714 0.293577
9.99549E-05 0.193931 9.99549E-05 9.99549E-05 0.213794 9.99549E-05 9.99549E-05 0.310417 0.281358
9.9955E-05 9.9955E-05 0.00400469 9.9955E-05 0.759065 0.0282699 9.9955E-05 9.9955E-05 0.208161
9.9946E-05 9.9946E-05 9.9946E-05 9.9946E-05 0.944147 0.00625659 0.0489971 9.9946E-05 9.9946E-05
0.0178319 9.99729E-05 9.99729E-05 0.0355211 0.490181 9.99729E-05 0.116648 0.00771227 0.331806
9.9955E-05 9.9955E-05 9.9955E-05 9.9955E-05 0.681548 9.9955E-05 0.0513183 0.109161 0.157473
9.99459E-05 9.99459E-05 9.99459E-05 0.0400815 0.556838 9.99459E-05 9.99459E-05 0.40248 9.99459E-05
0.0468906 9.9973E-05 9.9973E-05 0.0134097 0.722478 9.9973E-05 0.0609837 0.124115 0.0318225
9.9955E-05 9.9955E-05 0.00379799 9.9955E-05 0.726073 0.0261301 9.9955E-05 9.9955E-05 0.2435
9.996E-05 9.996E-05 0.0209606 9.996E-05 0.652483 0.00777204 0.0506085 9.996E-05 0.267776
9.9964E-05 0.194005 9.9964E-05 0.0364729 0.524535 9.9964E-05 0.0644461 9.9964E-05 0.180142
0.0941624 0.244911 9.99639E-05 0.0302906 9.99639E-05 9.99639E-05 9.99639E-05 0.250556 0.379681
0.062427 0.462699 9.9955E-05 9.9955E-05 0.0179061 9.9955E-05 9.9955E-05 9.9955E-05 0.456468
0.0490148 0.519769 9.9964E-05 9.9964E-05 9.9964E-05 9.9964E-05 0.0343212 0.00443247 0.392063
9.9955E-05 0.567439 9.9955E-05 0.0340095 9.9955E-05 9.9955E-05 9.9955E-05 0.00276639 0.395286
9.9955E-05 9.9955E-05 9.9955E-05 0.00643418 9.9955E-05 0.00269901 9.9955E-05 0.273937 0.71643
0.0737962 9.9946E-05 9.9946E-05 9.9946E-05 9.9946E-05 9.9946E-05 0.0568608 9.9946E-05 0.868743
0.167558 9.9955E-05 9.9955E-05 9.9955E-05 9.9955E-05 9.9955E-05 0.0901528 0.0464064 0.695383
0.0681671 9.99461E-05 9.99461E-05 0.0112872 9.99461E-05 9.99461E-05 9.99461E-05 9.99461E-05 0.919946
9.9973E-05 9.9973E-05 9.9973E-05 0.0215843 0.060615 0.0133433 0.0374456 0.0553177 0.811394
0.01184 0.0509064 0.0104729 9.9973E-05 0.216769 9.9973E-05 0.0281928 9.9973E-05 0.681519
9.9946E-05 0.028068 9.9946E-05 9.9946E-05 9.9946E-05 9.9946E-05 0.0892225 9.9946E-05 0.88211
9.9955E-05 0.125188 9.9955E-05 9.9955E-05 0.0223359 9.9955E-05 0.020677 9.9955E-05 0.831299
0.0825343 0.2813 9.99729E-05 9.99729E-05 0.144393 9.99729E-05 0.00125915 0.126622 0.363592
0.127952 0.325132 9.9973E-05 9.9973E-05 0.0945442 0.0161314 9.9973E-05 0.0324003 0.40354
9.9964E-05 0.122412 9.9964E-05 9.9964E-05 0.129324 9.9964E-05 0.118717 0.110012 0.519135
9.99551E-05 9.99551E-05 9.99551E-05 9.99551E-05 0.0718415 9.99551E-05 0.086454 0.115877 0.725328
0.0237633 0.105486 9.9973E-05 0.00546593 0.0452999 9.9973E-05 9.9973E-05 0.0888683 0.730816
0.00626622 0.143461 9.9955E-05 9.9955E-05 9.9955E-05 9.9955E-05 0.0623296 9.9955E-05 0.787443
9.99549E-05 0.0159412 9.99549E-05 9.99549E-05 0.139927 9.99549E-05 9.99549E-05 0.149807 0.693825
9.9946E-05 0.55952 9.9946E-05 9.9946E-05 9.9946E-05 9.9946E-05 0.195216 9.9946E-05 0.244665
9.9964E-05 0.534572 9.9964E-05 9.9964E-05 0.0091417 9.9964E-05 0.0303862 0.100138 0.325362
9.9973E-05 0.369719 0.0344296 9.9973E-05 0.00951107 9.9973E-05 0.0337355 0.0092437 0.543061
9.9946E-05 0.120701 9.9946E-05 9.9946E-05 0.136865 9.9946E-05 9.9946E-05 9.9946E-05 0.741834
9.9964E-05 0.0221042 0.0595332 9.9964E-05 0.171425 0.042245 9.9964E-05 9.9964E-05 0.704293
9.9964E-05 0.1056 9.9964E-05 9.9964E-05 0.0862881 0.00307541 0.148604 9.9964E-05 0.656033
9.9955E-05 0.105924 0.0435745 9.9955E-05 0.0361903 9.9955E-05 9.9955E-05 9.9955E-05 0.813811
9.9955E-05 9.9955E-05 9.9955E-05 0.107409 9.9955E-05 0.10661 0.234933 9.9955E-05 0.550549
9.995E-05 0.010174 0.111455 9.995E-05 9.995E-05 0.276762 9.995E-05 9.995E-05 0.60111
9.9946E-05 0.12627 9.9946E-05 9.9946E-05 9.9946E-05 9.9946E-05 9.9946E-05 0.11643 0.756701
9.99459E-05 0.637719 9.99459E-05 9.99459E-05 9.99459E-05 9.99459E-05 9.99459E-05 0.0769382 0.284743
9.9964E-05 0.373613 0.0585666 9.9964E-05 9.9964E-05 9.9964E-05 0.106229 0.0251958 0.435996
9.9973E-05 0.546759 9.9973E-05 0.0162861 0.0255179 9.9973E-05 0.040051 0.0368726 0.334214
0.0589774 0.82025 9.9955E-05 9.9955E-05 9.9955E-05 9.9955E-05 9.9955E-05 0.0731451 0.0471275
9.9964E-05 0.0678276 9.9964E-05 0.00899605 0.00716475 9.9964E-05 9.9964E-05 0.137569 0.778043
9.9964E-05 0.604137 9.9964E-05 0.00341181 0.0591109 9.9964E-05 9.9964E-05 0.0144188 0.318522
0.0242812 0.300121 9.9955E-05 9.9955E-05 0.097566 9.9955E-05 9.9955E-05 9.9955E-05 0.577532
0.0300674 0.299048 9.9973E-05 9.9973E-05 0.0146689 9.9973E-05 0.0471375 0.151704 0.457074
9.9955E-05 0.357273 0.0288655 9.9955E-05 9.9955E-05 9.9955E-05 9.9955E-05 0.0549315 0.55843
9.9955E-05 0.167241 0.783558 9.9955E-05 9.9955E-05 0.0275939 9.9955E-05 0.0211068 9.9955E-05
9.9955E-05 0.0418942 0.48641 0.134161 9.9955E-05 0.337035 9.9955E-05 9.9955E-05 9.9955E-05
0.00697069 0.0325857 0.476527 0.150162 0.00245266 0.255814 9.9982E-05 0.0752878 9.9982E-05
9.99549E-05 0.0616193 0.109412 9.99549E-05 9.99549E-05 0.684205 9.99549E-05 0.144264 9.99549E-05
9.9973E-05 0.019235 9.9973E-05 0.0553334 0.037674 0.744983 9.9973E-05 0.101777 0.0406975
9.9955E-05 9.9955E-05 0.149101 0.0439961 9.9955E-05 0.805556 9.9955E-05 9.9955E-05 0.000846996
9.9964E-05 0.0635941 0.515768 0.134845 0.000116482 0.285277 9.9964E-05 9.9964E-05 9.9964E-05
9.9964E-05 9.9964E-05 0.661824 0.192648 9.9964E-05 0.116189 9.9964E-05 0.000766852 0.0281716
9.99461E-05 0.00199254 0.7074 9.99461E-05 9.99461E-05 9.99461E-05 9.99461E-05 0.290007 9.99461E-05
9.99639E-05 9.99639E-05 0.120325 0.0908121 9.99639E-05 0.661483 9.99639E-05 0.0570339 0.0699464
0.0553931 9.99462E-05 9.99462E-05 0.0146428 9.99462E-05 0.929365 9.99462E-05 9.99462E-05 9.99462E-05
0.0279142 9.99461E-05 9.99461E-05 9.99461E-05 9.99461E-05 0.939567 0.0319192 9.99461E-05 9.99461E-05
9.99551E-05 9.99551E-05 9.99551E-05 0.0841092 0.007739 0.873674 9.99551E-05 9.99551E-05 0.0339776
