9.9982E-05 0.462797 0.20442 0.0390664 9.9982E-05 0.293517
0.244299 0.0511699 0.347213 0.180712 9.9991E-05 0.176506
0.0236392 0.35189 0.104634 0.115521 9.9991E-05 0.404217
9.999E-05 0.35709 0.125998 0.187941 0.00838008 0.320491
9.9973E-05 0.19746 9.9973E-05 9.9973E-05 0.0149468 0.787294
9.9991E-05 0.414516 0.0772194 0.0942015 0.00219925 0.411763
0.892209 9.9973E-05 0.0275684 0.0799224 9.9973E-05 9.9973E-05
0.626584 0.0684217 0.0584331 0.0211536 0.12705 0.0983582
0.784805 9.9973E-05 0.0500877 9.9973E-05 0.164807 9.9973E-05
0.747777 0.0536966 9.9982E-05 0.0185278 0.179799 9.9982E-05
0.880992 9.9982E-05 0.0512056 9.9982E-05 0.0656707 0.00193128
0.898069 0.0639908 9.9973E-05 9.9973E-05 9.9973E-05 0.0376403
0.669562 9.9973E-05 9.9973E-05 9.9973E-05 0.316564 0.0135746
0.630146 0.0321904 9.9973E-05 9.9973E-05 0.337363 9.9973E-05
0.804842 0.0444209 0.0198651 0.0259302 0.104841 9.9991E-05
0.894696 9.99731E-05 0.0701664 9.99731E-05 0.0348375 9.99731E-05
0.0274841 0.519728 9.9982E-05 0.110574 9.9982E-05 0.342013
9.9982E-05 0.204031 9.9982E-05 0.666245 0.0693809 0.0601427
0.0286443 0.630001 0.0188974 0.188145 0.0635094 0.070803
9.9982E-05 0.545213 9.9982E-05 0.130647 0.0723751 0.251565
9.9982E-05 0.242542 9.9982E-05 0.497589 0.0463279 0.213341
9.9973E-05 0.546758 9.9973E-05 0.416066 0.0368763 9.9973E-05
0.203869 0.471364 0.237216 9.9982E-05 9.9982E-05 0.0873508
9.9973E-05 0.592505 0.203485 9.9973E-05 9.9973E-05 0.20371
0.00226513 0.827269 9.9982E-05 9.9982E-05 0.000372138 0.169894
9.9982E-05 0.70964 0.132442 0.0118756 9.9982E-05 0.145842
9.9973E-05 0.551726 9.9973E-05 9.9973E-05 0.0983255 0.349649
9.9973E-05 0.47607 9.9973E-05 9.9973E-05 0.074797 0.448833
9.9991E-05 0.0745465 0.231859 0.290756 0.0420725 0.360667
0.0982086 0.0569944 0.0562437 0.434748 0.0168532 0.336953
0.0708325 0.162429 9.9982E-05 0.697852 9.9982E-05 0.0686863
0.0731836 0.129209 9.9991E-05 0.387189 0.00843613 0.401883
9.9973E-05 0.312355 9.9973E-05 0.34444 9.9973E-05 0.342905
0.0515683 0.866284 0.0818477 9.9973E-05 9.9973E-05 9.9973E-05
0.221547 0.633271 0.144882 9.9973E-05 9.9973E-05 9.9973E-05
0.069646 0.579568 9.9982E-05 0.123882 9.9982E-05 0.226703
0.137688 0.46241 9.9991E-05 0.156151 0.209361 0.0342907
0.131881 0.696847 9.9982E-05 9.9982E-05 0.0321522 0.13892
0.0745188 0.649559 0.112198 0.153166 0.010458 9.9991E-05
9.9982E-05 0.722712 9.9982E-05 0.168273 0.0294981 0.0793171
9.9973E-05 0.338871 0.556202 0.104627 9.9973E-05 9.9973E-05
9.9991E-05 0.300722 0.16857 0.0829244 0.070022 0.377662
9.9982E-05 0.292672 9.9982E-05 0.265418 0.112199 0.32951
9.9982E-05 0.256387 0.457935 9.9982E-05 0.149457 0.136021
9.9982E-05 0.473815 0.101985 0.0899698 9.9982E-05 0.33403
9.9982E-05 0.541463 9.9982E-05 0.250152 0.00602497 0.20216
9.9973E-05 0.371121 9.9973E-05 0.525922 0.102657 9.9973E-05
0.0388265 9.9982E-05 0.163645 0.785214 0.0121149 9.9982E-05
9.9964E-05 9.9964E-05 0.107631 0.891969 9.9964E-05 9.9964E-05
9.9973E-05 0.0359264 0.325356 0.638418 9.9973E-05 9.9973E-05
9.9973E-05 0.20555 9.9973E-05 0.751602 0.0425479 9.9973E-05
0.0774246 0.41751 0.344881 0.113041 0.0470438 9.9991E-05
9.9982E-05 0.513439 0.00665098 0.384456 0.0952547 9.9982E-05
9.9982E-05 0.679398 0.248249 0.0480302 0.0241225 9.9982E-05
0.00898427 0.575378 0.28852 0.0904613 0.0365565 9.9991E-05
9.9982E-05 0.6651 9.9982E-05 0.0521844 0.0868752 0.195641
0.445896 0.175607 0.130046 9.9982E-05 0.248251 9.9982E-05
0.40247 0.0939202 9.9982E-05 9.9982E-05 0.434887 0.0685227
9.9964E-05 9.9964E-05 0.0847646 9.9964E-05 0.914836 9.9964E-05
0.355862 9.99903E-05 0.15702 0.0158274 0.471091 9.99903E-05
0.376644 9.9973E-05 0.0315184 9.9973E-05 0.591538 9.9973E-05
0.048902 9.9982E-05 0.0401893 0.2134 0.697309 9.9982E-05
0.699832 9.9973E-05 0.0658351 0.234033 9.9973E-05 9.9973E-05
0.725949 0.0752176 9.9991E-05 0.0853087 0.0492197 0.0642052
0.815962 9.9973E-05 9.9973E-05 9.9973E-05 0.0991149 0.0846229
0.681678 9.9964E-05 9.9964E-05 9.9964E-05 0.317922 9.9964E-05
0.576793 0.185506 9.9973E-05 9.9973E-05 0.237401 9.9973E-05
0.205855 0.140162 9.99731E-05 9.99731E-05 0.653684 9.99731E-05
0.694365 0.112625 0.0503621 9.9982E-05 0.142448 9.9982E-05
0.585401 0.0729848 9.9973E-05 9.9973E-05 0.341314 9.9973E-05
0.796059 0.0710363 0.0407081 9.9982E-05 9.9982E-05 0.0919972
0.492849 0.115653 9.9982E-05 9.9982E-05 0.356035 0.0352626
0.919566 0.00770962 9.9973E-05 9.9973E-05 9.9973E-05 0.0724241
0.211778 9.9982E-05 9.9982E-05 0.119675 0.637322 0.031025
0.209531 0.170405 9.9973E-05 9.9973E-05 0.619764 9.9973E-05
0.125141 0.00453098 9.9991E-05 0.144531 0.709399 0.0162979
0.356249 9.9982E-05 9.9982E-05 0.0403171 0.530743 0.0724912
9.9964E-05 9.9964E-05 9.9964E-05 9.9964E-05 0.971846 0.0277541
0.283745 9.9973E-05 0.0290965 9.9973E-05 0.686858 9.9973E-05
0.771192 0.0164595 9.9982E-05 0.129036 0.0831128 9.9982E-05
0.0141742 9.9973E-05 9.9973E-05 0.209938 0.775588 9.9973E-05
9.9991E-05 0.0716076 0.0738197 0.0370512 0.0169417 0.80048
9.9973E-05 9.9973E-05 0.877105 9.9973E-05 0.115016 0.00757975
9.9973E-05 9.9973E-05 0.734875 9.9973E-05 0.106577 0.158249
0.0120855 0.00140713 9.9991E-05 0.135123 0.0176616 0.833623
9.9973E-05 9.9973E-05 0.120215 0.317392 9.9973E-05 0.562093
9.99641E-05 9.99641E-05 0.346159 0.653441 9.99641E-05 9.99641E-05
0.0443035 0.0118097 0.301561 0.212362 0.0419144 0.388049
0.109854 0.0591862 0.326055 0.177206 0.0186354 0.309064
0.000179013 9.9973E-05 9.9973E-05 0.232618 9.9973E-05 0.766903
9.9973E-05 9.9973E-05 0.340547 0.198572 9.9973E-05 0.460581
9.9982E-05 0.00717165 9.9982E-05 0.0692581 0.12824 0.79513
9.9982E-05 0.297075 9.9982E-05 0.0244075 0.0548822 0.623435
9.9973E-05 0.235755 9.9973E-05 0.119356 9.9973E-05 0.64459
9.9982E-05 0.158882 9.9982E-05 0.174901 0.0132634 0.652753
9.9964E-05 9.9964E-05 9.9964E-05 0.626231 9.9964E-05 0.373369
9.9973E-05 0.217027 9.9973E-05 0.256947 9.9973E-05 0.525726
0.0172342 0.110044 9.9991E-05 0.0304508 0.0686238 0.773548
0.00797557 0.183829 9.9991E-05 0.0127264 0.0620561 0.733313
0.0448914 0.22571 0.157394 9.9982E-05 9.9982E-05 0.571805
9.9982E-05 0.0312555 0.357195 0.228527 9.9982E-05 0.382822
9.9973E-05 9.9973E-05 0.450439 0.0292162 9.9973E-05 0.520045
9.9973E-05 0.0614799 0.614214 9.9973E-05 9.9973E-05 0.324006
0.0119896 9.9973E-05 0.567013 9.9973E-05 9.9973E-05 0.420697
0.0489449 9.9982E-05 0.0446062 0.195728 9.9982E-05 0.710521
9.9973E-05 0.0852744 9.9973E-05 0.0539675 9.9973E-05 0.860458
9.9982E-05 0.159592 0.0755013 0.10902 9.9982E-05 0.655687
9.9964E-05 9.9964E-05 9.9964E-05 0.111386 9.9964E-05 0.888214
0.044741 9.9982E-05 0.0125742 0.0668127 9.9982E-05 0.875672
9.9973E-05 0.063039 0.0883433 9.9973E-05 9.9973E-05 0.848318
9.9982E-05 0.0733882 0.0515272 9.9982E-05 0.00332372 0.871561
9.9964E-05 9.9964E-05 0.153563 9.9964E-05 9.9964E-05 0.846037
9.9982E-05 0.106046 0.290974 0.144567 9.9982E-05 0.458213
9.9982E-05 9.9982E-05 0.346451 0.0849926 0.0665135 0.501842
9.9982E-05 0.0655271 0.239858 0.0815861 9.9982E-05 0.612829
9.9982E-05 0.015639 0.0417497 0.117032 9.9982E-05 0.825379
9.99731E-05 9.99731E-05 0.128661 0.100287 9.99731E-05 0.770752
9.9973E-05 0.0202837 0.222288 9.9973E-05 9.9973E-05 0.757128
9.9973E-05 9.9973E-05 0.108389 0.128761 9.9973E-05 0.762551
0.00427144 0.0444344 0.744948 9.9982E-05 9.9982E-05 0.206146
9.9964E-05 9.9964E-05 0.637325 9.9964E-05 9.9964E-05 0.362275
0.00168159 9.9982E-05 0.472555 9.9982E-05 0.00798186 0.517581
9.9964E-05 9.9964E-05 0.128942 9.9964E-05 9.9964E-05 0.870658
0.0710795 0.0546657 0.0865139 9.9991E-05 0.0333384 0.754303
9.9982E-05 0.0346138 0.147134 9.9982E-05 0.0309759 0.787077
0.0290077 9.9982E-05 0.0800514 0.0451079 9.9982E-05 0.845633
0.124382 0.122777 0.0315147 9.9991E-05 0.117487 0.603739
0.119137 9.9973E-05 9.9973E-05 9.9973E-05 0.250823 0.62974
9.9973E-05 9.9973E-05 0.194868 0.103927 9.9973E-05 0.700905
9.9973E-05 9.9973E-05 0.631989 0.0464714 9.9973E-05 0.32124
0.0777457 9.9973E-05 0.446262 9.9973E-05 9.9973E-05 0.475692
9.9973E-05 9.9973E-05 0.638213 9.9973E-05 0.00833136 0.353156
9.9973E-05 9.9973E-05 0.884939 0.110016 9.9973E-05 0.00474507
9.9973E-05 9.9973E-05 0.146452 0.0984403 9.9973E-05 0.754808
9.9964E-05 9.9964E-05 0.627853 9.9964E-05 9.9964E-05 0.371747
9.9973E-05 9.9973E-05 0.312482 0.00981023 9.9973E-05 0.677408
9.9982E-05 0.0976496 0.396283 0.100056 9.9982E-05 0.405811
0.0162014 9.9982E-05 0.449847 0.0205243 9.9982E-05 0.513227
0.594517 9.9982E-05 0.246448 0.0515368 0.107299 9.9982E-05
0.551319 9.9991E-05 0.0618065 0.00544166 0.376427 0.00490623
0.594357 9.9982E-05 0.0530638 0.130402 0.221977 9.9982E-05
0.08011 9.9982E-05 0.132858 0.116317 0.670516 9.9982E-05
0.0773885 9.9991E-05 0.0827166 0.0273323 0.750118 0.0623446
0.150768 9.9973E-05 9.9973E-05 0.0497832 0.799148 9.9973E-05
0.602263 0.0066632 0.0663113 9.9982E-05 0.324563 9.9982E-05
0.831286 9.9973E-05 9.9973E-05 9.9973E-05 0.0918703 0.0765436
0.698889 9.99731E-05 0.161674 0.139137 9.99731E-05 9.99731E-05
0.268446 9.9973E-05 9.9973E-05 9.9973E-05 0.609149 0.122105
9.99641E-05 0.0769513 9.99641E-05 9.99641E-05 0.922649 9.99641E-05
9.9964E-05 0.0576535 9.9964E-05 9.9964E-05 0.941947 9.9964E-05
9.9973E-05 9.9973E-05 9.9973E-05 0.0406389 0.936657 0.022404
