0.180047 0.369126 0.450727 9.9991E-05
0.52387 0.310223 0.165806 9.9991E-05
0.159944 0.435377 0.404579 9.9991E-05
0.131191 0.372297 0.469075 0.0274367
9.999E-05 0.657195 0.287019 0.0556863
9.9991E-05 0.358485 0.64097 0.000445668
0.571463 9.9982E-05 9.9982E-05 0.428337
0.339111 0.130117 0.00783901 0.522934
0.373239 9.9982E-05 9.9982E-05 0.626561
0.387636 9.9982E-05 9.9982E-05 0.612164
0.49536 9.9982E-05 9.9982E-05 0.50444
0.48518 0.00838904 9.9991E-05 0.506331
0.221434 9.9982E-05 9.9982E-05 0.778366
0.228941 9.9982E-05 9.9982E-05 0.770859
0.411631 9.9982E-05 9.9982E-05 0.588169
0.503433 9.9982E-05 9.9982E-05 0.496367
0.0913846 0.24067 0.629446 0.0384993
0.390505 0.0425139 0.523545 0.0434361
0.138218 9.9991E-05 0.7743 0.087382
9.9991E-05 0.0964165 0.798816 0.104668
0.219482 0.204557 0.55659 0.0193705
0.203371 9.9991E-05 0.792742 0.00378645
0.256316 0.194144 0.483996 0.0655437
0.0052891 0.32193 0.579604 0.0931765
9.9991E-05 0.140313 0.793934 0.0656526
0.0162042 0.153263 0.830433 9.9991E-05
9.9991E-05 0.277189 0.56285 0.159861
9.9991E-05 0.34407 0.525012 0.130818
0.252175 0.507992 0.218598 0.0212347
0.326107 0.352989 0.261279 0.0596254
0.537699 9.9982E-05 0.462101 9.9982E-05
0.227439 0.374373 0.341345 0.0568434
0.19411 0.262698 0.543093 9.9991E-05
0.126326 0.00558478 0.798466 0.0696235
0.406933 9.9982E-05 0.592867 9.9982E-05
0.14591 0.179156 0.630889 0.0440442
0.222648 9.9991E-05 0.530264 0.246988
0.10626 0.0552327 0.696 0.142507
0.261064 9.9991E-05 0.729542 0.00929394
0.0743845 9.9991E-05 0.873844 0.0516719
0.244009 0.342715 0.413176 9.9991E-05
0.0457455 0.464353 0.422121 0.0677803
0.0732786 0.314705 0.481197 0.13082
0.0806982 0.542239 0.201261 0.175802
0.0975249 0.317777 0.584598 9.9991E-05
0.118412 0.0947901 0.786698 9.9991E-05
0.327926 9.9991E-05 0.630255 0.0417192
0.58579 0.0647986 0.331354 0.0180574
0.753822 0.0437298 0.202348 9.9991E-05
0.527741 0.258543 0.213617 9.9991E-05
0.437084 0.0407918 0.48704 0.0350838
0.263124 0.137936 0.528504 0.0704365
0.214994 9.9991E-05 0.694061 0.0908456
0.166169 0.0436716 0.781163 0.00899644
0.18527 0.0243196 0.790311 9.9991E-05
9.9991E-05 0.0838271 0.826776 0.0892968
0.274668 0.0231719 0.145294 0.556866
0.126468 0.0362759 0.115018 0.722238
9.9991E-05 0.0315916 0.0348504 0.933458
0.219554 9.9991E-05 0.0685064 0.71184
0.153328 9.9982E-05 9.9982E-05 0.846472
0.194904 0.0176304 0.0683246 0.719141
0.809521 9.9982E-05 9.9982E-05 0.190279
0.474861 9.9991E-05 0.0772061 0.447833
0.381802 9.9982E-05 9.9982E-05 0.617998
0.238251 9.9982E-05 9.9982E-05 0.761549
0.271356 9.9991E-05 0.110289 0.618255
0.0123195 9.9991E-05 0.0381416 0.949439
0.444494 9.9991E-05 0.0189809 0.536425
0.262062 9.9982E-05 9.9982E-05 0.737738
0.484955 9.9991E-05 0.0374129 0.477533
0.155887 9.9991E-05 0.100639 0.743374
0.517683 9.9982E-05 9.9982E-05 0.482117
0.0942824 0.049285 0.033928 0.822505
9.9982E-05 9.9982E-05 0.188658 0.811142
0.0980072 9.9991E-05 0.0630076 0.838885
0.184958 0.0388123 9.9991E-05 0.77613
9.9982E-05 0.029788 9.9982E-05 0.970012
0.137437 9.9982E-05 9.9982E-05 0.862363
0.461456 9.9982E-05 9.9982E-05 0.538344
0.117662 0.0359618 0.0755873 0.770789
9.9991E-05 0.785248 0.13673 0.0779222
0.243781 0.695844 0.0602753 9.9991E-05
0.16777 0.784147 9.9991E-05 0.0479827
0.0274455 0.798223 0.0613977 0.112934
0.168758 0.738377 0.063212 0.0296531
0.761906 0.237894 9.9982E-05 9.9982E-05
0.286732 0.588897 0.0755067 0.0488635
0.341926 0.493026 0.164948 9.9991E-05
0.0776804 0.728817 0.150752 0.0427502
0.248619 0.751181 9.9982E-05 9.9982E-05
9.9991E-05 0.763838 0.0729896 0.163072
9.9991E-05 0.508939 0.41171 0.0792504
9.9991E-05 0.605793 0.343563 0.0505445
0.0172434 0.583181 0.310918 0.0886575
0.375633 0.400758 0.223509 9.9991E-05
0.114244 0.463089 0.409734 0.0129334
9.9991E-05 0.699456 0.163765 0.136679
9.9991E-05 0.585413 0.31649 0.0979975
0.0359521 0.628735 0.278677 0.0566356
0.216519 0.650344 0.133037 9.9991E-05
0.0943043 0.8332 0.0723959 9.9991E-05
0.0823463 0.826474 0.0910794 9.9991E-05
0.149405 0.850395 9.9982E-05 9.9982E-05
0.15339 0.79676 9.9991E-05 0.0497498
9.9991E-05 0.79281 0.177528 0.0295623
9.9991E-05 0.68218 0.279006 0.0387136
9.9991E-05 0.913739 0.0113299 0.0748309
9.9991E-05 0.855694 0.0547905 0.0894153
9.9991E-05 0.90617 0.0682501 0.0254798
9.9991E-05 0.837681 0.123368 0.0388505
9.9991E-05 0.951435 0.0396491 0.008816
0.124488 0.636082 0.23933 9.9991E-05
0.0623677 0.79516 0.0761409 0.0663312
0.101408 0.737452 0.16104 9.9991E-05
0.0390553 0.861282 0.0607767 0.038886
0.0189001 0.889718 0.0484646 0.0429171
9.9982E-05 0.946141 9.9982E-05 0.0536586
0.0430114 0.91684 9.9991E-05 0.0400485
0.263876 0.735924 9.9982E-05 9.9982E-05
0.207945 0.791855 9.9982E-05 9.9982E-05
0.101678 0.866672 9.9991E-05 0.0315503
9.9991E-05 0.958327 0.0258473 0.0157259
9.9991E-05 0.805693 0.0625846 0.131623
0.00131718 0.899919 0.00614774 0.092616
9.9982E-05 0.930761 9.9982E-05 0.0690386
9.9991E-05 0.6131 0.0653934 0.321407
9.9982E-05 0.621912 9.9982E-05 0.377888
0.105077 0.894723 9.9982E-05 9.9982E-05
0.223119 0.776681 9.9982E-05 9.9982E-05
0.213202 0.786598 9.9982E-05 9.9982E-05
0.199427 0.800373 9.9982E-05 9.9982E-05
0.330637 0.669163 9.9982E-05 9.9982E-05
0.0406067 0.949425 9.9991E-05 0.00986797
0.176244 0.823556 9.9982E-05 9.9982E-05
0.0335296 0.914966 0.0514043 9.9991E-05
0.144305 0.699901 0.155694 9.9991E-05
0.181643 0.818157 9.9982E-05 9.9982E-05
0.585675 0.0349735 9.9991E-05 0.379252
0.309788 0.0149642 9.9991E-05 0.675148
0.430173 9.9982E-05 9.9982E-05 0.569627
0.126526 0.087658 0.0444413 0.741375
0.0777301 0.106287 9.9991E-05 0.815882
0.0341564 0.0299367 9.9991E-05 0.935807
0.322846 9.9982E-05 9.9982E-05 0.676954
0.486242 9.9982E-05 9.9982E-05 0.513558
0.8883 9.9982E-05 9.9982E-05 0.1115
0.0823247 0.08927 9.9991E-05 0.828305
9.9982E-05 9.9982E-05 0.0485642 0.951236
9.9982E-05 9.9982E-05 0.0391643 0.960636
9.9982E-05 9.9982E-05 0.0829149 0.916885
