9.9982E-05 0.0847009 0.0811293 0.479017 9.9982E-05 0.354953
0.151188 0.308384 0.0538554 0.175206 9.9991E-05 0.311267
0.0799643 0.0622717 0.281358 0.316286 9.9991E-05 0.260019
0.118121 9.9991E-05 0.452548 0.323661 0.0050831 0.100487
9.998E-05 9.998E-05 0.453525 0.146835 0.037857 0.361583
0.0474709 9.9982E-05 0.364535 0.431665 9.9982E-05 0.156128
0.0105219 0.989078 9.9964E-05 9.9964E-05 9.9964E-05 9.9964E-05
9.9982E-05 0.584617 9.9982E-05 0.0105766 0.211081 0.193526
9.9973E-05 0.749081 0.0115083 9.9973E-05 0.239111 9.9973E-05
9.997E-05 0.749208 9.997E-05 0.00930037 0.241192 9.997E-05
9.9982E-05 0.902788 9.9982E-05 0.0329778 0.0530857 0.0109487
9.9982E-05 0.890065 0.0562449 0.0241418 0.0293483 9.9982E-05
9.9973E-05 0.552806 0.0394945 9.9973E-05 0.407399 9.9973E-05
9.9973E-05 0.541923 9.9973E-05 0.0344389 0.423338 9.9973E-05
0.00895492 0.785461 0.0274037 9.9982E-05 0.17798 9.9982E-05
9.997E-05 0.928219 9.997E-05 9.997E-05 0.0614313 0.01005
0.138851 9.9991E-05 0.159763 0.520322 0.00518998 0.175775
0.603956 9.9991E-05 0.0116243 0.263242 0.108314 0.0127637
0.182711 9.9982E-05 0.103067 0.652856 0.0611658 9.9982E-05
0.0933392 9.9982E-05 0.264065 0.544433 0.0979628 9.9982E-05
0.416941 9.9991E-05 0.244731 0.269712 0.058238 0.0102778
0.313414 9.998E-05 0.095952 0.498072 0.0923629 9.998E-05
9.9982E-05 0.225355 0.0227573 0.557806 9.9982E-05 0.193881
9.9964E-05 9.9964E-05 9.9964E-05 0.72549 9.9964E-05 0.27411
9.99731E-05 9.99731E-05 0.104339 0.888959 0.00640185 9.99731E-05
9.9973E-05 9.9973E-05 0.171797 0.675407 9.9973E-05 0.152495
9.9982E-05 9.9982E-05 0.134969 0.531976 0.137882 0.194974
9.998E-05 9.998E-05 0.350551 0.467254 0.0753876 0.106608
0.248499 0.0446838 0.0453139 0.126228 0.016014 0.519262
0.414689 9.9991E-05 0.0902768 0.1556 0.0979629 0.241371
0.48969 0.160201 0.316814 0.0330953 9.9982E-05 9.9982E-05
0.277802 0.0910185 0.485084 0.108284 9.9991E-05 0.0377116
0.250796 9.9973E-05 0.502605 0.246299 9.9973E-05 9.9973E-05
9.9982E-05 0.0687863 0.00215798 0.87721 9.9982E-05 0.051646
0.0431294 0.235099 9.9973E-05 0.721472 9.9973E-05 9.9973E-05
0.0923268 0.086818 0.162696 0.544508 0.01198 0.101672
0.0938957 0.178094 0.129949 0.409496 0.188466 9.999E-05
9.999E-05 0.078567 0.147751 0.63828 0.0773447 0.0579569
0.23638 0.0153185 0.00875043 0.670721 0.0593091 0.00952105
0.109687 9.998E-05 0.156799 0.680884 0.0524301 9.998E-05
0.176736 9.9982E-05 0.192228 0.373602 9.9982E-05 0.257234
0.0489523 9.999E-05 0.361384 0.237068 0.0702748 0.282221
0.191442 9.9982E-05 0.506932 0.203321 0.0981055 9.9982E-05
9.999E-05 0.0914166 0.222921 0.281206 0.0651286 0.339228
0.0443568 9.9982E-05 0.424537 0.437663 9.9982E-05 0.0932426
0.145928 9.997E-05 0.348009 0.505764 9.997E-05 9.997E-05
0.560861 9.997E-05 9.997E-05 0.318661 0.120178 9.997E-05
0.778193 0.0454409 0.068704 0.0683948 9.999E-05 0.0391671
0.983766 9.9964E-05 9.9964E-05 9.9964E-05 9.9964E-05 0.0158344
0.71315 9.9973E-05 9.9973E-05 0.0823149 9.9973E-05 0.204235
0.693784 9.99729E-05 9.99729E-05 0.220389 0.0855272 9.99729E-05
0.174578 0.0857531 9.999E-05 0.449166 0.0370819 0.253321
0.361388 9.9982E-05 9.9982E-05 0.526522 0.108002 0.00388726
0.146289 9.9973E-05 9.9973E-05 0.754346 9.9973E-05 0.099065
0.0972757 0.0239066 9.998E-05 0.710864 9.998E-05 0.167754
9.9982E-05 9.9982E-05 0.315088 0.608822 0.0716217 0.00426848
9.998E-05 0.453566 9.998E-05 0.249637 0.242241 0.0543562
9.998E-05 0.361971 9.998E-05 0.156155 0.464805 0.0168683
9.9973E-05 0.00860225 9.9973E-05 9.9973E-05 0.898153 0.092945
0.0404417 0.37169 9.999E-05 0.03041 0.496034 0.0613238
9.9973E-05 0.377323 0.0396173 9.9973E-05 0.58276 9.9973E-05
0.147553 0.140674 9.998E-05 9.998E-05 0.665603 0.0459697
0.229286 0.770314 9.9964E-05 9.9964E-05 9.9964E-05 9.9964E-05
9.998E-05 0.73887 0.136423 0.0607981 0.0637088 9.998E-05
9.997E-05 0.710798 0.111196 9.997E-05 0.177706 9.997E-05
9.9973E-05 0.578188 9.9973E-05 0.00269954 0.418813 9.9973E-05
9.998E-05 0.519319 0.0285596 0.132436 0.319486 9.998E-05
9.99731E-05 0.240927 9.99731E-05 0.106739 0.652034 9.99731E-05
9.9973E-05 0.712133 9.9973E-05 0.167282 0.120285 9.9973E-05
9.9973E-05 0.511142 9.9973E-05 0.0742823 0.414276 9.9973E-05
9.9982E-05 0.76969 0.0849252 0.0869173 0.058268 9.9982E-05
9.9973E-05 0.365118 9.9973E-05 0.157494 0.477087 9.9973E-05
9.9991E-05 0.861602 0.00263034 0.00941822 0.081039 0.0452107
0.0699183 0.207828 0.0746011 9.998E-05 0.647453 9.998E-05
9.9973E-05 0.126683 9.9973E-05 0.177752 0.695265 9.9973E-05
0.14208 0.100851 9.9973E-05 9.9973E-05 0.756769 9.9973E-05
9.997E-05 0.344164 0.110849 9.997E-05 0.544688 9.997E-05
9.9964E-05 9.9964E-05 0.0313269 9.9964E-05 0.968273 9.9964E-05
9.9973E-05 0.320644 9.9973E-05 0.0176885 0.661368 9.9973E-05
0.11002 0.695477 9.9973E-05 9.9973E-05 0.194204 9.9973E-05
0.170369 0.0691468 9.9973E-05 9.9973E-05 0.760184 9.9973E-05
9.998E-05 9.998E-05 0.173197 0.0689809 0.0619467 0.695675
0.040191 0.0965558 9.998E-05 0.0776902 9.998E-05 0.785363
9.998E-05 0.0965327 9.998E-05 0.0271004 0.0308281 0.845339
0.0359412 9.9982E-05 0.351479 9.9982E-05 0.0866486 0.525732
0.263504 9.9982E-05 0.127162 9.9982E-05 0.0270246 0.582109
0.743344 0.0455199 9.99731E-05 9.99731E-05 9.99731E-05 0.210836
0.170033 0.100778 0.547551 9.998E-05 9.998E-05 0.181437
0.199836 0.117098 0.381509 0.0327337 9.999E-05 0.268723
0.133468 9.997E-05 0.62722 9.997E-05 9.997E-05 0.239012
0.228706 9.9973E-05 0.34341 9.9973E-05 9.9973E-05 0.427585
9.99641E-05 9.99641E-05 0.984946 9.99641E-05 0.014654 9.99641E-05
9.9964E-05 9.9964E-05 0.914495 0.0851051 9.9964E-05 9.9964E-05
9.9982E-05 0.000794551 0.6385 0.155053 9.9982E-05 0.205452
0.0820828 9.9982E-05 0.800009 0.059409 9.9982E-05 0.058299
0.448244 9.99639E-05 0.551357 9.99639E-05 9.99639E-05 9.99639E-05
0.14348 0.00230833 0.692218 0.160477 9.9991E-05 0.00141676
9.9964E-05 9.9964E-05 0.901651 9.9964E-05 9.9964E-05 0.0979496
9.9973E-05 9.9973E-05 0.845394 0.138998 9.9973E-05 0.0153082
9.998E-05 0.0264968 0.518128 0.15657 9.998E-05 0.298605
0.277066 9.9982E-05 0.013445 0.0783102 9.9982E-05 0.630979
0.0541355 9.9982E-05 0.0662623 0.0769001 9.9982E-05 0.802502
0.0588801 9.9973E-05 9.9973E-05 0.129011 9.9973E-05 0.811809
0.0401933 0.000157361 0.0749932 0.04939 9.999E-05 0.835166
0.150157 9.9982E-05 0.242766 9.9982E-05 0.035277 0.5716
9.9982E-05 9.9982E-05 0.147857 0.149224 0.0314186 0.671301
0.0422522 9.998E-05 9.998E-05 0.2413 0.0460031 0.670245
9.9973E-05 9.9973E-05 0.289581 9.9973E-05 0.0305314 0.679587
9.9973E-05 9.9973E-05 0.220495 9.9973E-05 0.0814342 0.697771
9.9973E-05 9.9973E-05 0.401793 0.025242 9.9973E-05 0.572665
9.998E-05 9.998E-05 0.266368 0.0846795 0.0177352 0.631018
9.998E-05 9.998E-05 0.139121 0.0211048 0.0117707 0.827803
0.135495 9.9982E-05 0.12585 0.174442 9.9982E-05 0.564013
0.11993 9.999E-05 0.214374 0.000764504 0.0520217 0.61281
0.0851621 0.00395203 0.232089 0.124315 9.999E-05 0.554383
0.0198172 9.9982E-05 0.37702 0.0216237 9.9982E-05 0.58134
0.015074 9.9982E-05 0.240778 9.9982E-05 0.0383459 0.705602
9.998E-05 9.998E-05 0.161069 0.0671084 0.012196 0.759426
0.0673521 9.9973E-05 0.356636 9.9973E-05 9.9973E-05 0.575712
9.997E-05 0.08771 9.997E-05 0.106048 9.997E-05 0.805942
0.0689015 0.0273241 0.0763632 0.0433728 9.999E-05 0.783939
9.999E-05 0.0447108 0.0943644 0.0244196 0.0225717 0.813834
9.9964E-05 9.9964E-05 0.35855 9.9964E-05 9.9964E-05 0.641051
9.9982E-05 9.9982E-05 0.314783 0.0222278 0.0788103 0.583979
9.998E-05 9.998E-05 0.239921 0.0508771 0.0520861 0.656915
9.9973E-05 9.9973E-05 0.211029 9.9973E-05 0.0452367 0.743434
9.9991E-05 0.00647069 0.024778 0.208333 0.251787 0.508531
9.998E-05 0.024997 0.137249 9.998E-05 0.341094 0.49646
0.0931582 9.9973E-05 0.167794 9.9973E-05 9.9973E-05 0.738748
0.132925 9.9973E-05 9.9973E-05 0.0113685 9.9973E-05 0.855406
9.998E-05 0.123955 0.121212 0.0232698 9.998E-05 0.731363
9.997E-05 0.0487768 9.997E-05 0.0804675 9.997E-05 0.870456
0.185913 9.9973E-05 9.9973E-05 0.0460041 9.9973E-05 0.767783
9.9973E-05 9.9973E-05 0.141618 9.9973E-05 0.0577236 0.800358
0.0223612 0.0423125 0.0964076 0.0107479 9.999E-05 0.828071
9.9973E-05 9.9973E-05 0.252281 0.035058 9.9973E-05 0.712361
0.155513 9.998E-05 0.124276 0.104362 9.998E-05 0.615649
0.00705103 0.0514163 9.9973E-05 9.9973E-05 9.9973E-05 0.941233
0.0926843 0.696082 9.9982E-05 9.9982E-05 0.0746683 0.136365
0.0793582 0.481912 0.00178317 9.9982E-05 0.436747 9.9982E-05
0.130738 0.532338 9.9973E-05 9.9973E-05 0.336625 9.9973E-05
0.0939293 0.161776 9.9982E-05 9.9982E-05 0.680034 0.0640607
0.00388913 0.165336 0.0737822 9.9991E-05 0.673875 0.0830181
9.9973E-05 0.193764 9.9973E-05 9.9973E-05 0.802606 0.00333092
9.9982E-05 0.612118 0.0288974 9.9982E-05 0.347426 0.011358
0.010042 0.761849 0.0527278 9.998E-05 0.175181 9.998E-05
0.168466 0.831134 9.99641E-05 9.99641E-05 9.99641E-05 9.99641E-05
9.9982E-05 0.238793 0.0121628 9.9982E-05 0.660632 0.0882121
9.996E-05 9.996E-05 9.996E-05 0.0629452 0.936655 9.996E-05
0.00557651 9.9973E-05 9.9973E-05 0.0842637 0.90986 9.9973E-05
9.99641E-05 9.99641E-05 0.091116 9.99641E-05 0.908484 9.99641E-05
