0.454705 9.998E-05 0.107798 0.214422 0.21445 9.998E-05 0.00842533
0.063629 0.0838703 0.127949 0.422646 0.0349214 9.9991E-05 0.266885
0.244919 0.0491635 0.260133 0.135325 0.2375 9.9991E-05 0.0728605
0.202793 0.0550282 0.57653 0.150955 9.9982E-05 0.0144937 9.9982E-05
0.163759 9.9973E-05 0.258966 9.9973E-05 0.575363 0.0016117 9.9973E-05
0.312916 0.0313648 0.497193 0.108465 0.0498608 9.9982E-05 9.9982E-05
9.9964E-05 0.147361 9.9964E-05 0.0109107 9.9964E-05 9.9964E-05 0.841329
0.0412722 0.0378999 9.9982E-05 9.9982E-05 0.197228 0.166583 0.556817
9.9973E-05 9.9973E-05 0.00800775 0.042234 9.9973E-05 0.264661 0.684797
0.078526 0.0184356 9.9973E-05 9.9973E-05 9.9973E-05 0.201724 0.701014
9.9964E-05 9.9964E-05 9.9964E-05 0.0697746 9.9964E-05 0.093276 0.83655
0.0387632 9.9964E-05 9.9964E-05 9.9964E-05 0.0637069 9.9964E-05 0.89713
9.9964E-05 9.9964E-05 9.9964E-05 9.9964E-05 0.00680508 0.33261 0.660185
0.0257375 9.9973E-05 9.9973E-05 9.9973E-05 0.022262 0.42072 0.530981
0.0211443 0.0809632 9.9982E-05 0.00460353 9.9982E-05 0.208064 0.685025
9.99641E-05 9.99641E-05 9.99641E-05 0.0490696 9.99641E-05 0.0523991 0.898131
0.464476 0.13305 0.0320396 9.9973E-05 0.370135 9.9973E-05 9.9973E-05
0.199324 0.650292 0.0150976 0.00370043 0.0617552 0.0697314 9.9991E-05
0.63654 0.190737 0.146789 9.9973E-05 9.9973E-05 0.0256329 9.9973E-05
0.490151 0.143355 0.205137 9.9982E-05 0.122389 0.0387667 9.9982E-05
0.206725 0.487829 0.0162915 9.9982E-05 0.263505 0.0254503 9.9982E-05
0.45308 0.444077 0.0937164 9.9973E-05 9.9973E-05 0.00882604 9.9973E-05
0.51123 9.9982E-05 0.00410863 0.210868 0.101924 9.9982E-05 0.17167
0.626758 9.9964E-05 9.9964E-05 0.176288 0.196553 9.9964E-05 9.9964E-05
0.864842 9.9973E-05 0.0354954 9.9973E-05 0.094922 9.9973E-05 0.00444082
0.63535 9.9973E-05 0.157044 0.106845 0.100462 9.9973E-05 9.9973E-05
0.501339 9.9964E-05 9.9964E-05 9.9964E-05 0.394909 0.103353 9.9964E-05
0.419212 9.9973E-05 0.0970963 9.9973E-05 0.410463 0.0729295 9.9973E-05
0.0484003 0.315833 9.9982E-05 0.123854 0.499549 0.0121641 9.9982E-05
0.0479167 0.454144 9.9991E-05 0.0358519 0.384001 0.0677365 0.0102498
0.00973297 0.514028 0.313799 9.9973E-05 9.9973E-05 9.9973E-05 0.16214
0.0603914 0.262096 0.344826 9.9982E-05 0.233633 9.9982E-05 0.0988535
0.229761 0.270494 0.345364 9.9973E-05 0.154081 9.9973E-05 9.9973E-05
0.861378 9.9973E-05 0.00708172 0.0910213 9.9973E-05 9.9973E-05 0.0402191
0.62434 9.9964E-05 9.9964E-05 0.194596 9.9964E-05 9.9964E-05 0.180663
0.546241 0.133707 0.00895809 9.9982E-05 0.270954 9.9982E-05 0.0399395
0.328052 0.0840699 0.218614 9.9982E-05 9.9982E-05 0.176326 0.192738
0.630114 9.9982E-05 0.139556 9.9982E-05 0.106394 0.0288251 0.094911
0.578872 0.164143 0.0900645 0.0992762 9.9991E-05 0.0399894 0.0275546
0.628492 0.129198 0.06549 9.9982E-05 0.121644 0.0549767 9.9982E-05
0.208503 9.9964E-05 0.271841 0.519256 9.9964E-05 9.9964E-05 9.9964E-05
0.178659 0.0279644 0.368332 0.191482 0.147021 0.0864402 9.9991E-05
0.197159 0.158086 0.554941 9.9973E-05 9.9973E-05 0.0895143 9.9973E-05
0.138578 9.9973E-05 0.229223 0.475489 9.9973E-05 0.15641 9.9973E-05
0.364379 0.0218928 0.368361 0.180696 0.0644708 9.9982E-05 9.9982E-05
0.433297 0.143872 0.413748 0.00878246 9.9973E-05 9.9973E-05 9.9973E-05
0.272754 0.674885 9.9964E-05 9.9964E-05 9.9964E-05 0.0519618 9.9964E-05
9.9973E-05 0.788264 0.0728092 0.124212 9.9973E-05 0.0144142 9.9973E-05
9.9955E-05 0.901147 9.9955E-05 0.0983532 9.9955E-05 9.9955E-05 9.9955E-05
0.0119702 0.63864 9.9973E-05 0.3402 0.0088904 9.9973E-05 9.9973E-05
0.140169 0.780238 9.9973E-05 9.9973E-05 0.0406331 0.0386597 9.9973E-05
0.448399 0.200664 9.9973E-05 0.312954 9.9973E-05 0.0376831 9.9973E-05
0.459912 0.40213 9.9973E-05 9.9973E-05 0.0746075 0.0630507 9.9973E-05
0.684836 0.0708224 9.997E-05 0.236338 9.997E-05 0.00770464 9.997E-05
0.62408 0.0890755 9.99729E-05 0.266383 9.99729E-05 0.0201614 9.99729E-05
0.606627 0.0318781 0.12798 9.998E-05 0.177987 0.0553283 9.998E-05
0.2092 9.997E-05 9.997E-05 0.0911843 9.997E-05 0.302781 0.396535
0.18285 9.997E-05 9.997E-05 9.997E-05 0.0265173 0.486525 0.303808
9.9964E-05 9.9964E-05 0.0178882 0.0683022 9.9964E-05 0.91341 9.9964E-05
0.0186726 0.0102113 9.998E-05 0.130781 9.998E-05 0.505046 0.335089
9.9964E-05 9.9964E-05 9.9964E-05 0.0334758 9.9964E-05 0.576803 0.389321
9.997E-05 0.199618 9.997E-05 0.052285 9.997E-05 0.629699 0.118098
9.99639E-05 0.180722 9.99639E-05 0.053929 9.99639E-05 9.99639E-05 0.764949
0.0563093 9.9964E-05 0.128211 9.9964E-05 9.9964E-05 9.9964E-05 0.81508
9.9964E-05 9.9964E-05 0.0771136 9.9964E-05 9.9964E-05 0.166353 0.756134
0.0209191 0.00344187 9.9973E-05 9.9973E-05 9.9973E-05 0.388828 0.586511
0.159805 9.9973E-05 0.00659324 9.9973E-05 9.9973E-05 0.289244 0.544058
0.0888206 9.99641E-05 9.99641E-05 9.99641E-05 9.99641E-05 0.668048 0.242732
0.0954381 9.9982E-05 0.00304058 0.0808456 9.9982E-05 0.233562 0.586913
0.116194 9.9964E-05 9.9964E-05 9.9964E-05 9.9964E-05 0.306781 0.576625
0.148738 9.9973E-05 0.0801612 9.9973E-05 9.9973E-05 0.00482989 0.765971
0.161061 9.9973E-05 9.9973E-05 9.9973E-05 0.00101996 0.420854 0.416766
0.0254583 9.9964E-05 9.9964E-05 9.9964E-05 0.0647762 9.9964E-05 0.909366
9.9982E-05 0.0426598 0.00229326 9.9982E-05 0.0764153 0.649263 0.229169
0.173105 9.9964E-05 9.9964E-05 9.9964E-05 9.9964E-05 0.703098 0.123397
0.0200567 0.116334 9.9973E-05 9.9973E-05 9.9973E-05 0.72299 0.140319
9.9964E-05 9.9964E-05 0.148009 9.9964E-05 9.9964E-05 0.474648 0.376943
9.9955E-05 9.9955E-05 0.031706 9.9955E-05 9.9955E-05 0.967794 9.9955E-05
9.9964E-05 9.9964E-05 9.9964E-05 0.0655362 9.9964E-05 0.706225 0.227839
0.00536984 0.131962 9.9973E-05 9.9973E-05 9.9973E-05 0.130483 0.731886
9.997E-05 0.145105 0.072276 9.997E-05 9.997E-05 0.689318 0.0930011
0.0979319 9.99641E-05 0.0655362 9.99641E-05 0.836132 9.99641E-05 9.99641E-05
9.9964E-05 9.9964E-05 9.9964E-05 0.790626 0.096993 0.111982 9.9964E-05
9.996E-05 9.996E-05 9.996E-05 0.687228 0.200028 0.112344 9.996E-05
9.997E-05 0.108979 0.16926 9.997E-05 0.682376 0.0390845 9.997E-05
9.9973E-05 0.297606 0.0103293 0.0729744 0.618791 9.9973E-05 9.9973E-05
9.99641E-05 0.531498 9.99641E-05 0.460205 9.99641E-05 9.99641E-05 0.00789638
9.99731E-05 0.103608 0.563183 0.263423 9.99731E-05 9.99731E-05 0.0694858
9.9973E-05 0.139993 0.489666 0.32245 9.9973E-05 9.9973E-05 0.0475914
9.9973E-05 0.0798944 0.658163 0.00824871 0.253394 9.9973E-05 9.9973E-05
9.9973E-05 0.0795652 0.36805 0.382935 0.16915 9.9973E-05 9.9973E-05
9.9973E-05 9.9973E-05 0.886666 9.9973E-05 0.0644494 0.0241513 0.0244336
0.0705502 9.9955E-05 0.92895 9.9955E-05 9.9955E-05 9.9955E-05 9.9955E-05
0.162528 0.00551487 0.561722 9.9973E-05 0.269935 9.9973E-05 9.9973E-05
0.0473945 0.0120837 0.743705 0.0961764 0.0961952 9.9991E-05 0.00434495
9.996E-05 0.401386 0.593018 9.996E-05 9.996E-05 9.996E-05 0.00519689
0.120081 0.150409 0.604006 0.0331167 0.0921875 9.9982E-05 9.9982E-05
9.9964E-05 9.9964E-05 0.723102 9.9964E-05 0.239098 0.037401 9.9964E-05
0.10615 9.9973E-05 0.712402 9.9973E-05 0.163767 0.0173808 9.9973E-05
0.142515 9.998E-05 0.492293 0.168369 0.185875 9.998E-05 0.0107475
0.0206643 0.258751 9.9973E-05 0.26479 0.455494 9.9973E-05 9.9973E-05
9.9973E-05 0.0861004 0.018519 0.300226 0.594855 9.9973E-05 9.9973E-05
0.0573344 0.0594136 9.9973E-05 0.406317 0.476635 9.9973E-05 9.9973E-05
9.9964E-05 9.9964E-05 0.0291137 0.480244 0.490242 9.9964E-05 9.9964E-05
9.998E-05 0.203188 0.0352986 0.0235874 0.73079 9.998E-05 0.00693598
0.0864542 0.0376252 9.996E-05 9.996E-05 0.875521 9.996E-05 9.996E-05
0.169135 0.0825189 9.9964E-05 9.9964E-05 0.747946 9.9964E-05 9.9964E-05
9.9964E-05 0.0500116 9.9964E-05 9.9964E-05 0.947572 9.9964E-05 0.00201686
9.9982E-05 0.038429 0.0668366 9.9982E-05 0.860575 0.0273939 0.00656538
9.9973E-05 9.9973E-05 0.192195 0.043991 0.763056 9.9973E-05 0.000458645
0.0911846 9.9973E-05 0.0521625 0.0161457 0.840207 9.9973E-05 9.9973E-05
9.9964E-05 9.9964E-05 0.0137445 0.129524 0.856331 9.9964E-05 9.9964E-05
0.102315 0.121548 0.124316 0.206047 0.445574 9.998E-05 9.998E-05
9.998E-05 0.105629 0.152755 0.26285 0.44868 0.0298866 9.998E-05
0.077038 0.0595144 0.151137 0.179653 0.532458 9.9982E-05 9.9982E-05
9.99731E-05 0.0853411 0.193665 0.0980428 0.622651 9.99731E-05 9.99731E-05
9.99641E-05 0.0622766 9.99641E-05 0.0900093 0.847314 9.99641E-05 9.99641E-05
0.0233765 0.00112045 9.9973E-05 0.138388 0.836816 9.9973E-05 9.9973E-05
9.9973E-05 0.0804901 0.131481 0.0991737 0.688556 9.9973E-05 9.9973E-05
0.104483 9.9964E-05 9.9964E-05 0.650454 0.244663 9.9964E-05 9.9964E-05
9.9964E-05 9.9964E-05 0.224923 0.57228 0.202398 9.9964E-05 9.9964E-05
9.9982E-05 9.9982E-05 0.135675 0.38053 0.474302 0.00691421 0.0023784
9.9964E-05 9.9964E-05 0.151447 0.0547623 0.793391 9.9964E-05 9.9964E-05
0.064367 9.998E-05 0.191932 0.0105863 0.691703 0.0412123 9.998E-05
0.0342276 9.998E-05 0.143274 0.151674 0.644943 0.0256815 9.998E-05
9.9982E-05 0.0054982 0.0791055 0.0716883 0.815736 9.9982E-05 0.0277721
0.120543 9.997E-05 9.997E-05 9.997E-05 0.668331 0.151124 0.0597022
9.996E-05 9.996E-05 9.996E-05 9.996E-05 0.618292 0.243666 0.137641
9.9973E-05 0.114698 0.0422718 0.141149 0.701581 9.9973E-05 9.9973E-05
9.9964E-05 0.0608748 9.9964E-05 0.576244 0.362482 9.9964E-05 9.9964E-05
9.9973E-05 9.9973E-05 0.0435119 0.436557 0.479331 9.9973E-05 0.0403001
9.9973E-05 9.9973E-05 0.0606903 0.561981 0.3694 0.00762874 9.9973E-05
0.0207609 0.0603199 9.997E-05 0.77858 0.140039 9.997E-05 9.997E-05
9.9964E-05 0.0884287 9.9964E-05 0.0694437 0.841728 9.9964E-05 9.9964E-05
9.9964E-05 9.9964E-05 0.0936677 0.534796 0.371136 9.9964E-05 9.9964E-05
0.0321835 9.9973E-05 0.0445739 0.243373 0.67957 9.9973E-05 9.9973E-05
0.0225749 0.109416 0.0662952 0.325502 0.476012 9.998E-05 9.998E-05
9.9964E-05 9.9964E-05 9.9964E-05 0.414238 0.56659 9.9964E-05 0.0187725
9.9973E-05 0.0791492 9.9973E-05 0.155462 9.9973E-05 0.0780252 0.687064
9.9973E-05 9.9973E-05 0.00241099 0.079772 9.9973E-05 0.446878 0.470639
9.9973E-05 0.136272 9.9973E-05 0.0378315 9.9973E-05 0.288348 0.537249
9.99729E-05 0.0294324 9.99729E-05 0.175076 9.99729E-05 0.688951 0.106241
9.998E-05 0.0740835 0.0549923 0.0671903 9.998E-05 0.710431 0.0931034
9.9973E-05 9.9973E-05 9.9973E-05 0.00484499 0.00961016 0.783455 0.20179
0.0146122 9.998E-05 0.0661005 0.0436417 9.998E-05 0.296499 0.578947
9.9964E-05 9.9964E-05 0.0633619 9.9964E-05 9.9964E-05 0.106042 0.830196
9.99641E-05 0.00892779 9.99641E-05 0.234527 9.99641E-05 9.99641E-05 0.756145
9.9964E-05 9.9964E-05 9.9964E-05 9.9964E-05 0.100552 0.603084 0.295965
0.0729743 9.99551E-05 9.99551E-05 9.99551E-05 9.99551E-05 0.926526 9.99551E-05
0.0426232 9.9955E-05 9.9955E-05 9.9955E-05 9.9955E-05 0.956877 9.9955E-05
0.0028695 9.99641E-05 0.0810137 9.99641E-05 9.99641E-05 0.915717 9.99641E-05
