0.179519 0.246441 9.99639E-05 0.0438549 9.99639E-05 0.402188 0.127597 9.99639E-05 9.99639E-05
0.158118 0.451519 0.21062 0.0917637 0.0790127 0.00866779 9.9973E-05 9.9973E-05 9.9973E-05
0.264111 0.134115 0.0827542 9.9973E-05 0.0215135 0.274305 0.222902 9.9973E-05 9.9973E-05
0.57562 0.187762 9.9964E-05 9.9964E-05 9.9964E-05 0.194825 9.9964E-05 0.0312521 0.0101413
0.206796 9.9946E-05 9.9946E-05 9.9946E-05 9.9946E-05 0.151898 0.640707 9.9946E-05 9.9946E-05
0.539138 0.0828767 9.9955E-05 9.9955E-05 9.9955E-05 0.324004 0.0534815 9.9955E-05 9.9955E-05
9.9955E-05 0.00373974 0.162144 0.718591 0.115025 9.9955E-05 9.9955E-05 9.9955E-05 9.9955E-05
9.9973E-05 9.9973E-05 0.056987 0.69876 0.0275082 0.061055 0.136609 9.9973E-05 0.0187807
0.0723947 9.9946E-05 9.9946E-05 0.846365 9.9946E-05 9.9946E-05 9.9946E-05 9.9946E-05 0.0806407
9.9955E-05 9.9955E-05 9.9955E-05 0.880102 0.0244575 0.0365435 9.9955E-05 9.9955E-05 0.0583978
9.99459E-05 0.0635154 0.145333 0.790552 9.99459E-05 9.99459E-05 9.99459E-05 9.99459E-05 9.99459E-05
9.99549E-05 9.99549E-05 0.556987 0.322102 9.99549E-05 9.99549E-05 0.058463 9.99549E-05 0.0619483
9.9946E-05 9.9946E-05 0.157898 0.539496 9.9946E-05 9.9946E-05 9.9946E-05 0.302007 9.9946E-05
9.9937E-05 9.9937E-05 9.9937E-05 0.768539 9.9937E-05 9.9937E-05 9.9937E-05 0.230762 9.9937E-05
0.0617337 9.9955E-05 0.074773 0.854084 9.9955E-05 9.9955E-05 9.9955E-05 9.9955E-05 0.00890921
9.99551E-05 0.0504881 0.168549 0.737179 0.0432842 9.99551E-05 9.99551E-05 9.99551E-05 9.99551E-05
9.9955E-05 9.9955E-05 0.0436482 9.9955E-05 0.142934 0.493758 0.31916 9.9955E-05 9.9955E-05
9.9955E-05 9.9955E-05 9.9955E-05 9.9955E-05 0.642408 0.208532 0.0883462 0.060215 9.9955E-05
0.0958554 9.9964E-05 0.00677675 9.9964E-05 0.207969 0.595133 9.9964E-05 0.093866 9.9964E-05
0.110249 9.9964E-05 9.9964E-05 9.9964E-05 0.138263 0.497361 0.16161 0.0921168 9.9964E-05
0.0209956 9.99639E-05 9.99639E-05 9.99639E-05 0.537912 0.222301 0.201211 0.0171806 9.99639E-05
0.0720823 9.9955E-05 9.9955E-05 9.9955E-05 0.415301 0.493172 9.9955E-05 9.9955E-05 0.0189448
9.9955E-05 0.144225 0.187031 9.9955E-05 9.9955E-05 0.534697 0.133548 9.9955E-05 9.9955E-05
9.9955E-05 0.153799 0.0433 9.9955E-05 9.9955E-05 0.597239 0.205162 9.9955E-05 9.9955E-05
0.0751585 9.99551E-05 9.99551E-05 0.000532464 9.99551E-05 0.821374 0.102435 9.99551E-05 9.99551E-05
0.232719 0.121698 9.9955E-05 0.0041742 9.9955E-05 0.640909 9.9955E-05 9.9955E-05 9.9955E-05
9.9946E-05 9.9946E-05 9.9946E-05 9.9946E-05 9.9946E-05 0.541977 0.362299 9.9946E-05 0.0951243
0.105387 9.9964E-05 9.9964E-05 0.0578659 9.9964E-05 0.418492 0.383719 0.0341357 9.9964E-05
9.9964E-05 0.20297 9.9964E-05 0.116613 0.247803 0.050887 0.381326 9.9964E-05 9.9964E-05
0.000178139 0.0858063 9.9973E-05 0.179227 0.327218 0.0773951 0.329876 9.9973E-05 9.9973E-05
0.319311 9.9955E-05 0.256386 9.9955E-05 0.418145 0.00565747 9.9955E-05 9.9955E-05 9.9955E-05
0.298049 9.9973E-05 0.110232 9.9973E-05 0.213175 0.10702 0.258524 9.9973E-05 0.0127009
0.418968 9.99549E-05 9.99549E-05 9.99549E-05 0.258477 0.224271 0.0977837 9.99549E-05 9.99549E-05
9.9955E-05 0.109487 0.0267922 0.0422144 9.9955E-05 0.821007 9.9955E-05 9.9955E-05 9.9955E-05
9.9946E-05 0.111267 0.332724 9.9946E-05 9.9946E-05 0.555409 9.9946E-05 9.9946E-05 9.9946E-05
0.0556638 9.9964E-05 0.117465 9.9964E-05 0.0624062 0.543521 0.220544 9.9964E-05 9.9964E-05
0.164053 9.9955E-05 0.323929 9.9955E-05 9.9955E-05 0.309788 9.9955E-05 0.20173 9.9955E-05
0.0643409 9.9964E-05 0.131909 9.9964E-05 9.9964E-05 0.681238 0.11823 0.00388287 9.9964E-05
0.0595649 0.200684 9.9964E-05 9.9964E-05 0.103489 0.524923 9.9964E-05 0.11094 9.9964E-05
0.122084 9.9964E-05 9.9964E-05 9.9964E-05 0.101996 0.658053 0.0469233 9.9964E-05 0.0705433
0.252811 0.587987 9.9964E-05 9.9964E-05 0.00312085 0.126303 9.9964E-05 0.0293782 9.9964E-05
0.294104 0.280484 9.9964E-05 9.9964E-05 9.9964E-05 0.107838 0.16185 0.155324 9.9964E-05
0.533377 0.0207418 9.9973E-05 9.9973E-05 0.121689 0.116189 0.00480151 0.202901 9.9973E-05
0.181893 0.511612 9.9964E-05 9.9964E-05 9.9964E-05 0.138294 9.9964E-05 0.106134 0.0616671
0.478228 0.179208 9.9955E-05 0.0319336 9.9955E-05 0.31013 9.9955E-05 9.9955E-05 9.9955E-05
0.508066 0.000446861 9.9955E-05 9.9955E-05 0.0735986 0.417389 9.9955E-05 9.9955E-05 9.9955E-05
9.9955E-05 9.9955E-05 9.9955E-05 9.9955E-05 0.573767 0.290915 9.9955E-05 0.029482 0.105336
0.000506708 0.144689 0.113869 9.9955E-05 0.740436 9.9955E-05 9.9955E-05 9.9955E-05 9.9955E-05
9.9946E-05 0.105562 0.0371733 9.9946E-05 0.856665 9.9946E-05 9.9946E-05 9.9946E-05 9.9946E-05
9.9937E-05 0.371209 9.9937E-05 9.9937E-05 0.628091 9.9937E-05 9.9937E-05 9.9937E-05 9.9937E-05
9.99459E-05 9.99459E-05 9.99459E-05 9.99459E-05 0.781927 0.178117 9.99459E-05 0.0393562 9.99459E-05
9.996E-05 0.279837 9.996E-05 0.0126105 0.157659 0.47237 9.996E-05 9.996E-05 0.0771233
9.996E-05 9.996E-05 9.996E-05 9.996E-05 0.44779 0.411303 0.0327933 0.0415437 0.0661699
9.9955E-05 0.28152 9.9955E-05 9.9955E-05 0.0493742 0.537686 9.9955E-05 0.13092 9.9955E-05
9.99549E-05 0.283104 9.99549E-05 9.99549E-05 0.0692187 0.583256 9.99549E-05 9.99549E-05 0.0639223
0.19843 9.9964E-05 9.9964E-05 9.9964E-05 0.0216438 0.583314 0.113475 0.0827367 9.9964E-05
9.9964E-05 0.0903243 0.122219 0.237403 9.9964E-05 0.199197 9.9964E-05 9.9964E-05 0.350457
9.9973E-05 9.9973E-05 0.060322 0.463931 9.9973E-05 0.0671892 0.0637495 0.312012 0.032496
9.9955E-05 0.00236463 9.9955E-05 9.9955E-05 9.9955E-05 9.9955E-05 0.0554555 0.426808 0.514872
9.9964E-05 0.08488 9.9964E-05 0.117507 0.0179159 0.0405524 9.9964E-05 9.9964E-05 0.738745
0.00293304 9.9955E-05 0.112241 0.0632083 9.9955E-05 9.9955E-05 9.9955E-05 9.9955E-05 0.821118
9.9946E-05 9.9946E-05 9.9946E-05 9.9946E-05 0.0919227 0.0487125 9.9946E-05 9.9946E-05 0.858765
9.99459E-05 0.00920901 0.821539 9.99459E-05 0.168652 9.99459E-05 9.99459E-05 9.99459E-05 9.99459E-05
0.0084928 9.99549E-05 0.808326 9.99549E-05 9.99549E-05 0.0649305 9.99549E-05 0.117751 9.99549E-05
0.0482443 9.99639E-05 0.403342 0.395496 9.99639E-05 9.99639E-05 9.99639E-05 0.0952024 0.0573155
9.9955E-05 9.9955E-05 0.0418981 0.681069 9.9955E-05 9.9955E-05 9.9955E-05 0.153978 0.122555
9.9955E-05 9.9955E-05 0.39142 0.19898 9.9955E-05 0.0847592 9.9955E-05 0.324341 9.9955E-05
9.99461E-05 9.99461E-05 0.0723106 0.293323 9.99461E-05 9.99461E-05 9.99461E-05 0.633767 9.99461E-05
9.9955E-05 9.9955E-05 0.582963 0.128859 9.9955E-05 0.071381 9.9955E-05 0.216297 9.9955E-05
9.9964E-05 9.9964E-05 0.368665 0.196867 9.9964E-05 0.0314549 9.9964E-05 0.17776 0.224852
9.9964E-05 9.9964E-05 0.713514 0.11569 9.9964E-05 0.0747143 0.0129419 0.0827404 9.9964E-05
9.9973E-05 9.9973E-05 0.302683 0.168991 9.9973E-05 0.0812743 0.0104983 0.252652 0.183601
9.9964E-05 9.9964E-05 0.80498 0.0403032 9.9964E-05 9.9964E-05 0.0251631 0.0383007 0.0908528
9.9964E-05 9.9964E-05 0.130265 9.9964E-05 0.0605488 9.9964E-05 0.047637 0.322973 0.438176
9.9955E-05 9.9955E-05 0.186933 9.9955E-05 0.0322202 0.0277921 9.9955E-05 0.752555 9.9955E-05
9.9955E-05 9.9955E-05 0.142106 9.9955E-05 0.0323685 9.9955E-05 9.9955E-05 0.260145 0.564881
0.0281657 9.99549E-05 0.365493 9.99549E-05 9.99549E-05 9.99549E-05 9.99549E-05 0.30328 0.302562
0.0323412 9.9946E-05 9.9946E-05 9.9946E-05 9.9946E-05 9.9946E-05 9.9946E-05 0.464482 0.502577
9.9946E-05 9.9946E-05 9.9946E-05 0.278996 9.9946E-05 9.9946E-05 9.9946E-05 0.151944 0.56846
9.99549E-05 9.99549E-05 0.517653 0.0368817 0.103382 9.99549E-05 9.99549E-05 9.99549E-05 0.341584
0.0777581 9.9964E-05 9.9964E-05 0.0269122 0.0927136 9.9964E-05 9.9964E-05 0.128592 0.673624
9.99641E-05 0.0124938 9.99641E-05 9.99641E-05 0.012839 0.113652 0.820497 0.0401175 9.99641E-05
9.9946E-05 0.726441 9.9946E-05 9.9946E-05 9.9946E-05 9.9946E-05 0.180629 9.9946E-05 0.0923302
9.9946E-05 0.570136 9.9946E-05 9.9946E-05 9.9946E-05 9.9946E-05 0.320721 9.9946E-05 0.108544
0.110876 9.9964E-05 9.9964E-05 0.0210601 0.139024 9.9964E-05 0.698023 0.0306168 9.9964E-05
0.0104915 0.0565773 9.9964E-05 0.053171 0.283099 9.9964E-05 0.596261 9.9964E-05 9.9964E-05
9.99461E-05 0.378227 0.207854 9.99461E-05 0.41332 9.99461E-05 9.99461E-05 9.99461E-05 9.99461E-05
0.613307 0.216639 0.12165 9.99551E-05 0.0479045 9.99551E-05 9.99551E-05 9.99551E-05 9.99551E-05
0.533225 0.334815 9.9955E-05 0.114707 0.0167527 9.9955E-05 9.9955E-05 9.9955E-05 9.9955E-05
0.625 0.018073 0.00759452 9.9964E-05 0.068334 9.9964E-05 0.280599 9.9964E-05 9.9964E-05
0.241822 0.336134 0.055353 9.9964E-05 0.0790843 9.9964E-05 0.287207 9.9964E-05 9.9964E-05
0.782899 9.9955E-05 9.9955E-05 9.9955E-05 9.9955E-05 9.9955E-05 0.193676 0.0216364 0.00128919
0.900987 9.9955E-05 9.9955E-05 9.9955E-05 9.9955E-05 0.052004 0.0190924 0.0274169 9.9955E-05
0.533346 9.99549E-05 9.99549E-05 0.0526378 9.99549E-05 0.112778 0.300738 9.99549E-05 9.99549E-05
0.698285 0.0205574 9.9964E-05 9.9964E-05 9.9964E-05 0.088571 0.168233 9.9964E-05 0.0239539
0.61809 9.99549E-05 0.0138289 0.00367048 0.363911 9.99549E-05 9.99549E-05 9.99549E-05 9.99549E-05
0.780253 0.0258182 9.9964E-05 9.9964E-05 0.0997657 0.0533814 9.9964E-05 9.9964E-05 0.0403818
0.692003 9.995E-05 0.0147413 9.995E-05 9.995E-05 9.995E-05 0.2559 0.0368568 9.995E-05
0.68439 9.996E-05 0.00612378 9.996E-05 9.996E-05 0.0458542 0.222266 0.040966 9.996E-05
0.502868 0.163984 9.99639E-05 0.028376 9.99639E-05 0.13222 0.172152 9.99639E-05 9.99639E-05
9.99549E-05 0.332072 9.99549E-05 0.0443469 0.198716 9.99549E-05 0.424366 9.99549E-05 9.99549E-05
0.0899348 0.322713 9.9964E-05 9.9964E-05 0.02609 0.0114067 0.549455 9.9964E-05 9.9964E-05
9.9955E-05 0.439528 9.9955E-05 9.9955E-05 0.0695658 0.0565957 0.433811 9.9955E-05 9.9955E-05
9.9946E-05 0.510261 9.9946E-05 9.9946E-05 0.00770213 9.9946E-05 0.481437 9.9946E-05 9.9946E-05
0.0143528 9.9955E-05 0.0590416 9.9955E-05 0.183554 9.9955E-05 0.742552 9.9955E-05 9.9955E-05
9.9946E-05 9.9946E-05 9.9946E-05 9.9946E-05 0.0569563 0.0983898 0.844054 9.9946E-05 9.9946E-05
9.9955E-05 0.00235776 9.9955E-05 9.9955E-05 0.107659 0.183181 0.706303 9.9955E-05 9.9955E-05
9.99461E-05 9.99461E-05 9.99461E-05 9.99461E-05 0.0790451 9.99461E-05 0.919858 0.00049694 9.99461E-05
0.0116908 9.9973E-05 0.0291716 0.000462624 0.0502721 9.9973E-05 0.896793 0.0113098 9.9973E-05
0.18594 0.0515635 0.00488084 9.9964E-05 9.9964E-05 0.00804251 0.749173 9.9964E-05 9.9964E-05
0.0476817 9.9946E-05 9.9946E-05 9.9946E-05 9.9946E-05 0.106714 0.845005 9.9946E-05 9.9946E-05
9.99461E-05 0.0582787 9.99461E-05 9.99461E-05 9.99461E-05 0.0506421 0.890479 9.99461E-05 9.99461E-05
0.196368 0.261878 9.99639E-05 9.99639E-05 0.104997 0.0743773 0.36198 9.99639E-05 9.99639E-05
0.113317 0.274185 9.9964E-05 9.9964E-05 0.0872829 9.9964E-05 0.469826 9.9964E-05 0.0549883
0.11595 0.198066 0.0205808 0.0209966 0.0358779 0.0515147 0.556814 9.9982E-05 9.9982E-05
0.195525 0.0212821 0.0200138 9.99641E-05 0.0721767 9.99641E-05 0.690603 9.99641E-05 9.99641E-05
0.0820129 0.146465 9.99641E-05 0.0296956 0.0352657 9.99641E-05 0.70616 9.99641E-05 9.99641E-05
9.9946E-05 0.092812 9.9946E-05 9.9946E-05 9.9946E-05 0.00685422 0.899734 9.9946E-05 9.9946E-05
0.13713 0.0505814 9.99549E-05 9.99549E-05 0.129124 9.99549E-05 0.682665 9.99549E-05 9.99549E-05
9.9955E-05 0.622778 0.0559838 9.9955E-05 9.9955E-05 0.0228449 0.297893 9.9955E-05 9.9955E-05
9.9946E-05 0.586596 0.0411984 9.9946E-05 9.9946E-05 9.9946E-05 0.371606 9.9946E-05 9.9946E-05
9.99461E-05 0.29247 0.109389 9.99461E-05 9.99461E-05 9.99461E-05 0.597541 9.99461E-05 9.99461E-05
0.170215 0.0468234 9.9946E-05 9.9946E-05 9.9946E-05 9.9946E-05 0.782362 9.9946E-05 9.9946E-05
0.102495 0.0224292 0.0339387 9.9973E-05 9.9973E-05 0.0125955 0.724953 0.103288 9.9973E-05
0.052102 0.122667 0.0251129 9.9973E-05 9.9973E-05 0.0686962 0.70581 9.9973E-05 0.0253115
9.9955E-05 0.0449251 0.0450638 9.9955E-05 0.0267644 9.9955E-05 0.882747 9.9955E-05 9.9955E-05
9.9955E-05 9.9955E-05 9.9955E-05 0.123944 9.9955E-05 0.171621 0.588876 9.9955E-05 0.115059
9.9955E-05 9.9955E-05 0.0400293 0.00498549 9.9955E-05 9.9955E-05 0.615528 9.9955E-05 0.338958
9.9946E-05 0.154819 9.9946E-05 9.9946E-05 0.134376 9.9946E-05 0.710205 9.9946E-05 9.9946E-05
9.99459E-05 0.593883 9.99459E-05 9.99459E-05 0.0861169 9.99459E-05 0.3194 9.99459E-05 9.99459E-05
0.105586 0.429873 0.0751035 9.9955E-05 9.9955E-05 9.9955E-05 0.388937 9.9955E-05 9.9955E-05
0.0429334 0.586703 9.9955E-05 0.0063809 9.9955E-05 9.9955E-05 0.363483 9.9955E-05 9.9955E-05
9.9955E-05 0.840167 9.9955E-05 9.9955E-05 0.0404888 0.0358526 0.0829916 9.9955E-05 9.9955E-05
0.0192837 0.119893 9.9955E-05 9.9955E-05 0.0981259 9.9955E-05 0.762198 9.9955E-05 9.9955E-05
0.0726681 0.638994 9.9946E-05 9.9946E-05 9.9946E-05 9.9946E-05 0.287738 9.9946E-05 9.9946E-05
0.0723287 0.288903 9.99549E-05 0.00113449 9.99549E-05 9.99549E-05 0.637134 9.99549E-05 9.99549E-05
0.0835099 0.36936 9.99639E-05 9.99639E-05 0.0621364 0.0544907 0.430103 9.99639E-05 9.99639E-05
9.9946E-05 0.390047 0.0562361 9.9946E-05 9.9946E-05 9.9946E-05 0.553118 9.9946E-05 9.9946E-05
9.9955E-05 0.118304 0.660506 9.9955E-05 0.0117204 9.9955E-05 9.9955E-05 9.9955E-05 0.208969
9.9946E-05 9.9946E-05 0.328728 0.0751482 9.9946E-05 9.9946E-05 9.9946E-05 9.9946E-05 0.595524
9.9955E-05 9.9955E-05 0.277807 0.138536 0.0854867 9.9955E-05 9.9955E-05 9.9955E-05 0.497671
0.0539489 0.0890087 9.9964E-05 0.0182043 9.9964E-05 9.9964E-05 9.9964E-05 0.0259561 0.812482
0.0840891 9.9964E-05 9.9964E-05 0.0815204 9.9964E-05 9.9964E-05 0.0308197 0.0674189 0.735752
9.9937E-05 9.9937E-05 9.9937E-05 9.9937E-05 9.9937E-05 9.9937E-05 9.9937E-05 0.100186 0.899114
9.9964E-05 0.00666898 0.384602 0.221436 9.9964E-05 9.9964E-05 9.9964E-05 0.162126 0.224766
9.9964E-05 9.9964E-05 0.609675 0.17241 9.9964E-05 9.9964E-05 0.00857104 0.0967261 0.112218
9.99372E-05 0.0949359 0.904365 9.99372E-05 9.99372E-05 9.99372E-05 9.99372E-05 9.99372E-05 9.99372E-05
9.9964E-05 9.9964E-05 0.0807893 0.0782425 9.9964E-05 9.9964E-05 0.0876036 0.279343 0.473622
9.993E-05 9.993E-05 9.993E-05 9.993E-05 9.993E-05 9.993E-05 9.993E-05 0.999201 9.993E-05
9.9937E-05 9.9937E-05 9.9937E-05 9.9937E-05 9.9937E-05 9.9937E-05 9.9937E-05 0.6 0.399301
0.0138282 9.9964E-05 9.9964E-05 0.076412 0.0345448 9.9964E-05 9.9964E-05 0.816891 0.0579238
