0.483563 0.351166 9.9991E-05 0.16517
0.114013 0.349597 9.9991E-05 0.53629
0.326499 0.496696 0.0156003 0.161206
0.478568 0.382569 0.0280458 0.110817
0.26305 0.71023 0.0266202 9.9991E-05
0.600064 0.399736 9.9982E-05 9.9982E-05
9.9982E-05 9.9982E-05 0.490032 0.509769
9.999E-05 0.125928 0.534449 0.339524
9.9982E-05 9.9982E-05 0.649325 0.350475
0.014259 9.9991E-05 0.636308 0.349333
9.9982E-05 9.9982E-05 0.548709 0.451091
9.999E-05 0.0152863 0.542386 0.442227
9.9982E-05 9.9982E-05 0.789279 0.210521
9.9982E-05 9.9982E-05 0.800822 0.198978
9.9982E-05 9.9982E-05 0.557206 0.442594
9.9982E-05 9.9982E-05 0.535272 0.464529
0.54586 0.293717 0.0748247 0.0855981
0.504667 0.0604185 0.0349796 0.399935
0.785523 9.9991E-05 0.0810921 0.133285
0.76593 0.120422 0.113547 9.9991E-05
0.528216 0.207231 0.0462674 0.218286
0.800571 9.9991E-05 0.037626 0.161703
0.50557 0.198399 0.0211957 0.274835
0.571967 0.342301 0.0856319 9.9991E-05
0.848842 0.113052 0.0380065 9.9991E-05
0.77318 0.201065 9.9991E-05 0.0256553
0.563399 0.289824 0.146677 9.9991E-05
0.480992 0.380706 0.138202 9.9991E-05
0.167532 0.59028 0.020673 0.221514
0.263893 0.378696 0.0500625 0.307349
0.443959 9.9982E-05 9.9982E-05 0.555841
0.342756 0.364666 0.0678255 0.224753
0.539494 0.266488 9.9991E-05 0.193919
0.874542 9.9991E-05 0.0587683 0.06659
0.654006 9.9982E-05 9.9982E-05 0.345794
0.615029 0.206276 0.0627216 0.115973
0.497698 0.00381649 0.309211 0.189275
0.713347 0.10531 0.11674 0.064602
0.753558 0.00111167 0.00872391 0.236607
0.867313 0.0252329 0.0449107 0.0625434
0.48422 0.284085 9.9991E-05 0.231596
0.391735 0.495173 0.0638654 0.0492261
0.497963 0.275032 0.172891 0.0541138
0.212079 0.513275 0.15937 0.115276
0.592174 0.291787 9.9991E-05 0.115939
0.755833 0.148307 9.9991E-05 0.0957594
0.568924 9.9991E-05 0.0658323 0.365144
0.256237 0.125314 0.00940391 0.609045
0.16203 0.0674681 9.9991E-05 0.770401
0.23684 0.253222 9.9991E-05 0.509838
0.549446 9.9991E-05 0.0134924 0.436961
0.539507 0.124259 0.0437329 0.292502
0.724972 9.9991E-05 0.0813011 0.193626
0.786154 0.0369731 9.9991E-05 0.176772
0.787901 0.0114662 0.0190028 0.18163
0.819498 0.106137 0.0742653 9.9991E-05
0.153438 0.0195198 0.571134 0.255908
0.0534535 0.0566524 0.792856 0.0970378
9.9982E-05 0.0757128 0.924087 9.9982E-05
0.0475342 9.9991E-05 0.713273 0.239093
9.9991E-05 0.0115745 0.817171 0.171155
0.10338 0.0200569 0.730611 0.145951
9.99819E-05 9.99819E-05 0.234471 0.765329
0.0484966 9.9991E-05 0.469369 0.482035
9.9982E-05 9.9982E-05 0.640594 0.359206
9.9982E-05 9.9982E-05 0.769884 0.229916
0.123579 9.9991E-05 0.653633 0.222688
0.0941074 9.99821E-05 0.905693 9.99821E-05
0.019236 9.9991E-05 0.550517 0.430147
9.9991E-05 0.0167627 0.785528 0.197609
0.0265898 9.9991E-05 0.496642 0.476668
0.0537545 9.9991E-05 0.812778 0.133368
9.9982E-05 9.9982E-05 0.541453 0.458347
0.031754 0.0397891 0.842889 0.0855679
0.194533 9.9982E-05 0.805267 9.9982E-05
0.0705077 9.9991E-05 0.839573 0.0898193
9.9991E-05 0.0258453 0.791165 0.18289
9.9982E-05 0.0230418 0.976758 9.9982E-05
9.9982E-05 9.9982E-05 0.874483 0.125317
9.9982E-05 9.9982E-05 0.551455 0.448345
0.0786017 0.0868046 0.75694 0.0776535
0.0882557 0.828009 0.083635 9.9991E-05
9.9991E-05 0.769991 0.0069184 0.222991
9.9991E-05 0.803702 0.0343895 0.161808
0.0358522 0.843506 0.111608 0.00903422
0.0233984 0.759582 0.0363752 0.180644
9.9982E-05 0.23704 9.9982E-05 0.76276
0.105382 0.555041 0.0432825 0.296295
0.141925 0.495779 0.0250828 0.337213
0.0925496 0.76751 0.0389245 0.101016
9.9982E-05 0.736719 9.9982E-05 0.263081
0.100087 0.727342 0.172471 9.9991E-05
0.436353 0.488017 0.0755307 9.9991E-05
0.342423 0.585931 0.0715462 9.9991E-05
0.276216 0.603115 0.0614062 0.0592632
0.226987 0.397122 9.9991E-05 0.375791
0.396197 0.461096 0.0211115 0.121595
0.180933 0.681104 0.137863 9.9991E-05
0.258672 0.62813 0.113098 9.9991E-05
0.263621 0.65336 0.0352804 0.0477386
0.110657 0.672075 9.9991E-05 0.217168
0.101545 0.832857 9.9991E-05 0.0654972
0.0680062 0.828477 9.9991E-05 0.103417
9.9982E-05 0.828755 9.9982E-05 0.171045
9.9991E-05 0.791709 0.0514116 0.156779
0.201206 0.788289 0.0104052 9.9991E-05
0.331998 0.667802 9.9982E-05 9.9982E-05
0.0264526 0.923042 0.0504055 9.9991E-05
9.9982E-05 0.898069 0.101731 9.9982E-05
0.0764513 0.900636 0.0228124 9.9991E-05
0.110836 0.837035 0.0520294 9.9991E-05
0.0142662 0.985534 9.9982E-05 9.9982E-05
0.225531 0.685346 9.9991E-05 0.0890234
0.00914808 0.823292 0.0803121 0.0872482
0.135415 0.764179 9.9991E-05 0.100306
0.0553233 0.865546 0.0453142 0.0338162
0.0017836 0.946544 0.0243371 0.0273358
0.0017396 0.95088 0.0472801 9.9991E-05
0.0151503 0.889753 0.00352485 0.091572
9.9982E-05 0.722331 9.9982E-05 0.277469
9.9982E-05 0.772716 9.9982E-05 0.227084
9.9991E-05 0.875483 0.0138115 0.110605
9.9982E-05 0.981207 0.0185933 9.9982E-05
0.119625 0.754501 0.125774 9.9991E-05
0.0978015 0.846897 0.0552014 9.9991E-05
9.9982E-05 0.948104 0.051696 9.9982E-05
0.0565194 0.613271 0.330109 9.9991E-05
9.9982E-05 0.612742 0.387058 9.9982E-05
9.9982E-05 0.897049 9.9982E-05 0.102751
9.9982E-05 0.732819 9.9982E-05 0.266981
9.9982E-05 0.758656 9.9982E-05 0.241144
9.9982E-05 0.807332 9.9982E-05 0.192468
9.9982E-05 0.65191 9.9982E-05 0.34789
9.9991E-05 0.937337 0.047009 0.0155543
0.0121628 0.790569 9.9991E-05 0.197168
0.0617848 0.913036 0.00500691 0.0201726
0.140872 0.705766 9.9991E-05 0.153261
9.9982E-05 0.798511 9.9982E-05 0.201289
9.9991E-05 0.0199903 0.420499 0.559411
9.9982E-05 9.9982E-05 0.700624 0.299176
9.9982E-05 9.9982E-05 0.60179 0.39801
9.9991E-05 0.113333 0.751374 0.135193
9.9991E-05 0.148771 0.812904 0.0382248
9.9991E-05 0.0193952 0.964432 0.0160728
9.9991E-05 0.0240622 0.684102 0.291736
9.9982E-05 9.9982E-05 0.544832 0.454968
9.9982E-05 9.9982E-05 0.140432 0.859368
9.9991E-05 0.0897226 0.846216 0.063961
0.0417245 9.99821E-05 0.958076 9.99821E-05
0.0723282 9.9982E-05 0.927472 9.9982E-05
0.00491846 0.0409847 0.953997 9.9991E-05
