0.0250228 0.528159 9.9991E-05 0.348731 0.0979876
9.9982E-05 0.142721 9.9982E-05 0.341779 0.5153
0.0766084 0.334229 9.9991E-05 0.439975 0.149088
0.152775 0.395408 0.0305959 0.41443 0.00679221
9.9982E-05 0.26883 0.0358088 0.695162 9.9982E-05
0.141278 0.466783 9.9982E-05 0.391738 9.9982E-05
0.0134525 9.9982E-05 0.32328 9.9982E-05 0.663067
0.0777039 9.9991E-05 0.461437 0.102204 0.358555
9.9982E-05 9.9982E-05 0.544372 0.00482751 0.4506
0.0259187 0.0354029 0.55276 9.9991E-05 0.385818
9.99729E-05 9.99729E-05 0.431464 9.99729E-05 0.568236
9.9982E-05 0.00218898 0.406015 9.9982E-05 0.591596
9.9973E-05 9.9973E-05 0.714217 9.9973E-05 0.285483
0.00958204 9.9982E-05 0.748998 9.9982E-05 0.24122
0.0318608 9.9982E-05 0.460109 9.9982E-05 0.50783
9.9973E-05 9.9973E-05 0.41025 9.9973E-05 0.58945
0.259606 0.366693 0.0215807 0.35202 9.9991E-05
0.794858 0.0410551 0.072303 0.0916839 9.9991E-05
0.314267 0.591365 0.0941687 9.9982E-05 9.9982E-05
0.286856 0.484466 0.0754726 0.153105 9.9991E-05
0.617869 0.141249 0.0489244 0.191858 9.9991E-05
0.575693 0.394035 0.0300713 9.9982E-05 9.9982E-05
9.9982E-05 0.592243 9.9982E-05 0.123199 0.284359
9.9973E-05 0.759727 9.9973E-05 0.239973 9.9973E-05
9.99731E-05 0.94296 9.99731E-05 0.0567405 9.99731E-05
0.129986 0.631683 9.9982E-05 0.23813 9.9982E-05
0.142679 0.372836 0.17682 0.307565 9.9991E-05
9.9982E-05 0.510093 0.11554 0.374167 9.9982E-05
0.337429 0.00207874 0.0404174 0.560189 0.0598855
0.468017 0.029328 0.0712743 0.375524 0.0558566
0.502977 0.132999 9.9991E-05 0.0426766 0.321247
0.323688 0.19498 0.0706225 0.367862 0.0428479
0.409857 0.255438 9.9982E-05 0.334506 9.9982E-05
9.9973E-05 0.92876 9.9973E-05 9.9973E-05 0.0709397
9.9973E-05 0.659317 9.9973E-05 9.9973E-05 0.340384
0.29777 0.467932 0.0397664 0.194258 0.000273875
0.0356083 0.501183 0.224059 9.9991E-05 0.23905
0.0950468 0.676881 0.111714 0.08729 0.0290681
0.214701 0.614572 0.0205577 0.00714044 0.143029
0.269469 0.634743 0.0435292 0.052159 9.9991E-05
0.0962867 0.428289 9.9991E-05 0.328147 0.147177
0.086936 0.344836 0.0856322 0.482496 9.9991E-05
0.162374 0.358779 0.142468 0.33628 9.9991E-05
9.9991E-05 0.394875 0.0662013 0.403374 0.135449
0.0814394 0.535398 9.9991E-05 0.338468 0.044594
0.187096 0.6557 9.9982E-05 0.157003 9.9982E-05
0.845456 0.0780587 0.0762853 9.9982E-05 9.9982E-05
0.771953 9.9982E-05 9.9982E-05 0.0494678 0.178379
0.709939 9.9973E-05 9.9973E-05 9.9973E-05 0.289761
0.62046 9.9982E-05 9.9982E-05 0.240874 0.138467
0.87165 0.045004 0.0235143 0.017114 0.0427176
0.336707 0.360695 0.0443629 0.153158 0.105077
0.657105 0.286584 0.056111 9.9982E-05 9.9982E-05
0.290292 0.531448 0.0513404 0.126819 9.9991E-05
0.291708 0.543401 9.9991E-05 0.0921807 0.0726096
0.195591 0.505593 0.104826 0.19389 9.9991E-05
9.9982E-05 0.267523 0.453957 9.9982E-05 0.27832
9.9982E-05 0.205019 0.654878 9.9982E-05 0.139903
9.9991E-05 0.0434049 0.913595 0.0345432 0.00835726
0.131478 0.0407062 0.61889 9.9991E-05 0.208826
9.9973E-05 9.9973E-05 0.766299 9.9973E-05 0.233402
0.16308 9.9991E-05 0.682262 0.00151142 0.153047
0.0202075 9.9982E-05 0.109479 9.9982E-05 0.870113
9.9982E-05 0.112331 0.353552 9.9982E-05 0.533917
9.9991E-05 0.040929 0.508488 0.00433715 0.446146
0.00229396 9.9982E-05 0.693486 9.9982E-05 0.30402
9.9982E-05 0.15096 0.520436 9.9982E-05 0.328405
9.99821E-05 0.148471 0.814613 9.99821E-05 0.0367155
9.9982E-05 0.0697442 0.41048 9.9982E-05 0.519576
9.9982E-05 0.0571543 0.650171 9.9982E-05 0.292475
9.9982E-05 0.113641 0.314791 9.9982E-05 0.571368
9.9982E-05 0.161166 0.660447 9.9982E-05 0.178187
9.9982E-05 0.0309785 0.402789 9.9982E-05 0.566033
0.134908 9.9982E-05 0.801823 9.9982E-05 0.0630697
0.0558789 0.140255 0.803666 9.9982E-05 9.9982E-05
0.149697 9.9982E-05 0.794005 9.9982E-05 0.0560982
9.9982E-05 9.9982E-05 0.73073 0.0189527 0.250117
9.9973E-05 9.9973E-05 0.993846 0.00585366 9.9973E-05
9.9973E-05 9.9973E-05 0.809047 9.9973E-05 0.190653
0.0150478 9.9982E-05 0.440632 9.9982E-05 0.54412
0.147355 9.9991E-05 0.736993 0.00777069 0.107782
0.0167313 0.0934127 0.0701555 0.819601 9.9991E-05
9.9973E-05 9.9973E-05 9.9973E-05 0.749466 0.250234
9.9973E-05 9.9973E-05 9.9973E-05 0.780874 0.218826
0.0856193 9.9982E-05 0.110804 0.803377 9.9982E-05
0.294444 9.9991E-05 0.0124657 0.656423 0.0365674
0.168944 9.9982E-05 9.9982E-05 0.226506 0.60435
0.0524417 0.110337 0.0270951 0.563275 0.246851
0.0405122 0.172599 9.9991E-05 0.48752 0.299269
0.141836 9.9991E-05 0.0490785 0.790975 0.0180106
0.00747057 9.9982E-05 9.9982E-05 0.755107 0.237223
9.9982E-05 0.144053 0.150325 0.705422 9.9982E-05
9.9982E-05 0.363562 0.100957 0.535281 9.9982E-05
0.0461581 0.275872 0.0454976 0.632372 9.9991E-05
0.0408612 0.282533 0.0489892 0.582208 0.0454094
0.461113 9.9982E-05 9.9982E-05 0.42385 0.114837
0.183663 0.310179 0.0246267 0.479609 0.00192266
9.9982E-05 0.221285 0.139505 0.63901 9.9982E-05
9.9982E-05 0.269291 0.0962657 0.634243 9.9982E-05
9.9991E-05 0.312929 0.0263915 0.630459 0.0301206
0.243738 0.00421637 9.9991E-05 0.664183 0.0877626
0.111272 9.9982E-05 9.9982E-05 0.876458 0.0120698
0.105609 0.0408829 9.9991E-05 0.797334 0.0560742
0.0406296 0.00414257 9.9991E-05 0.834299 0.120828
0.140252 9.9991E-05 0.0303089 0.75522 0.0741188
0.0453714 0.0626781 0.0248816 0.866969 9.9991E-05
0.140756 0.142273 0.0312313 0.68564 9.9991E-05
0.0588181 9.9982E-05 0.0874838 0.853498 9.9982E-05
0.0576583 9.9982E-05 0.103711 0.83843 9.9982E-05
9.9982E-05 0.047419 0.0392479 0.913133 9.9982E-05
9.9982E-05 0.13449 0.0798467 0.785464 9.9982E-05
9.9982E-05 0.0341449 0.00564845 0.960007 9.9982E-05
0.181689 0.137736 9.9982E-05 0.680375 9.9982E-05
0.208374 9.9982E-05 0.0502187 0.741207 9.9982E-05
0.0639061 0.0469535 9.9991E-05 0.782808 0.106233
0.0811832 0.121219 0.0396532 0.757844 9.9991E-05
0.102244 9.9982E-05 0.0176041 0.879952 9.9982E-05
0.0114639 0.0331199 0.0318072 0.923509 9.9991E-05
0.0221606 9.9991E-05 0.0270835 0.881003 0.0696525
9.9982E-05 0.0424826 9.9982E-05 0.687041 0.270276
9.9982E-05 0.0269303 9.9982E-05 0.775864 0.197006
9.9982E-05 0.0350207 9.9982E-05 0.841652 0.123127
9.9982E-05 0.0344764 0.0153617 0.949962 9.9982E-05
9.9982E-05 0.0709484 0.147468 0.781384 9.9982E-05
9.9982E-05 0.131102 0.0593205 0.809378 9.9982E-05
0.0398927 9.9982E-05 0.0566747 0.903233 9.9982E-05
9.9982E-05 0.177369 0.281174 0.541257 9.9982E-05
9.9982E-05 9.9982E-05 0.398863 0.584043 0.0168932
0.0779537 9.9982E-05 9.9982E-05 0.887317 0.0345289
0.0247353 9.9982E-05 9.9982E-05 0.79102 0.184045
9.9982E-05 0.0365288 9.9982E-05 0.747738 0.215534
9.9982E-05 0.113108 9.9982E-05 0.74277 0.143922
0.0140386 9.9982E-05 9.9982E-05 0.716447 0.269314
0.0921892 9.9982E-05 0.0221215 0.885489 9.9982E-05
9.9982E-05 0.0579175 9.9982E-05 0.760313 0.181569
9.9982E-05 9.9982E-05 0.0495417 0.916897 0.0333618
0.11647 0.0461098 9.9991E-05 0.778341 0.058979
9.9973E-05 9.9973E-05 9.9973E-05 0.825534 0.174166
9.9982E-05 9.9982E-05 0.329165 0.0366496 0.633985
0.022064 9.9982E-05 0.621719 9.9982E-05 0.356017
0.0696495 9.9982E-05 0.526279 9.9982E-05 0.403871
0.104487 9.9991E-05 0.687236 0.0448955 0.163282
9.9982E-05 9.9982E-05 0.778488 0.114169 0.107143
0.0418477 9.9982E-05 0.906422 9.9982E-05 0.0515302
9.9982E-05 0.0253139 0.591363 9.9982E-05 0.383123
9.9973E-05 9.9973E-05 0.442289 9.9973E-05 0.557411
9.997E-05 9.997E-05 9.997E-05 9.997E-05 0.9996
9.9982E-05 9.9982E-05 0.768436 0.0697127 0.161651
9.99731E-05 0.0325336 0.967166 9.99731E-05 9.99731E-05
9.9973E-05 0.0208371 0.978863 9.9973E-05 9.9973E-05
0.00728775 9.9982E-05 0.957486 0.0350264 9.9982E-05
