0.528258 0.217008 0.0897671 0.10422 9.99639E-05 9.99639E-05 0.0603472 9.99639E-05 9.99639E-05
0.273694 9.9973E-05 0.0441783 0.234381 0.139002 9.9973E-05 0.290114 9.9973E-05 0.0183305
0.325041 0.347955 9.9973E-05 0.0999619 0.0162725 9.9973E-05 0.149684 0.060786 9.9973E-05
0.0318706 0.319931 0.453701 9.9973E-05 9.9973E-05 0.0572947 0.101759 0.0351441 9.9973E-05
0.134175 0.684803 9.9955E-05 0.124244 9.9955E-05 9.9955E-05 9.9955E-05 0.0562786 9.9955E-05
0.190767 0.429849 0.197417 9.9964E-05 9.9964E-05 9.9964E-05 0.0346224 0.146945 9.9964E-05
9.9964E-05 9.9964E-05 9.9964E-05 0.0252557 0.136792 9.9964E-05 0.0527069 0.00629378 0.778552
9.9955E-05 9.9955E-05 9.9955E-05 0.146409 0.0921849 9.9955E-05 9.9955E-05 0.15587 0.605036
9.9946E-05 0.0255514 9.9946E-05 9.9946E-05 9.9946E-05 9.9946E-05 0.0849228 9.9946E-05 0.888926
0.0503827 9.9955E-05 0.0196257 9.9955E-05 9.9955E-05 9.9955E-05 9.9955E-05 0.0643162 0.865176
0.0361368 9.99549E-05 9.99549E-05 9.99549E-05 0.0817848 9.99549E-05 0.0653753 9.99549E-05 0.816203
9.99549E-05 0.0682043 9.99549E-05 0.00291142 0.608589 9.99549E-05 9.99549E-05 9.99549E-05 0.319796
9.9955E-05 0.0274007 9.9955E-05 9.9955E-05 0.0882134 0.225792 9.9955E-05 9.9955E-05 0.658094
9.99461E-05 9.99461E-05 9.99461E-05 9.99461E-05 9.99461E-05 0.100069 9.99461E-05 0.0587151 0.840617
0.0158015 9.9955E-05 9.9955E-05 9.9955E-05 0.0989779 9.9955E-05 0.0861591 9.9955E-05 0.798562
9.99461E-05 9.99461E-05 9.99461E-05 0.0840532 0.271955 9.99461E-05 9.99461E-05 9.99461E-05 0.643392
0.0699879 0.253173 9.9964E-05 0.146235 0.0140251 9.9964E-05 9.9964E-05 0.516178 9.9964E-05
9.9964E-05 9.9964E-05 9.9964E-05 0.0356946 0.0113982 0.00998038 0.262029 0.680498 9.9964E-05
0.273275 0.0985572 0.124331 9.9964E-05 0.0564816 9.9964E-05 9.9964E-05 0.446956 9.9964E-05
9.9955E-05 0.320734 0.101094 9.9955E-05 9.9955E-05 0.00514601 9.9955E-05 0.572526 9.9955E-05
9.99639E-05 0.243786 0.0436363 9.99639E-05 9.99639E-05 9.99639E-05 0.193647 0.501282 0.017249
9.99549E-05 0.052437 0.16356 9.99549E-05 9.99549E-05 9.99549E-05 0.0692942 0.714209 9.99549E-05
0.596641 0.0758412 9.9973E-05 0.158754 0.121153 9.9973E-05 0.00972824 0.0375824 9.9973E-05
0.661298 0.0873027 0.0394658 0.206045 9.9964E-05 0.00548816 9.9964E-05 9.9964E-05 9.9964E-05
0.700584 0.20423 9.99461E-05 9.99461E-05 9.99461E-05 9.99461E-05 9.99461E-05 0.0945871 9.99461E-05
0.158836 0.162763 0.421259 9.99549E-05 9.99549E-05 9.99549E-05 9.99549E-05 0.256642 9.99549E-05
0.0631898 0.386488 9.9964E-05 0.0332423 9.9964E-05 0.0163431 9.9964E-05 0.500337 9.9964E-05
0.145043 0.567711 0.0255372 9.9964E-05 9.9964E-05 9.9964E-05 9.9964E-05 0.201897 0.0594123
9.9964E-05 0.114998 9.9964E-05 0.429737 9.9964E-05 9.9964E-05 0.123332 0.24476 0.0867732
9.997E-05 0.126692 0.0603688 0.188031 9.997E-05 9.997E-05 0.222961 0.282328 0.119319
9.9955E-05 0.131714 9.9955E-05 9.9955E-05 0.192993 9.9955E-05 0.390661 0.284133 9.9955E-05
9.99549E-05 0.437491 9.99549E-05 9.99549E-05 0.123219 9.99549E-05 0.144285 0.294505 9.99549E-05
9.9955E-05 0.41774 0.108249 9.9955E-05 9.9955E-05 9.9955E-05 0.113052 0.36046 9.9955E-05
0.82024 9.99549E-05 0.127267 9.99549E-05 9.99549E-05 9.99549E-05 9.99549E-05 0.0115739 0.0404193
0.788996 9.99459E-05 9.99459E-05 9.99459E-05 0.0680872 9.99459E-05 0.142317 9.99459E-05 9.99459E-05
0.220322 0.263772 9.9964E-05 0.0409472 0.0744428 9.9964E-05 9.9964E-05 0.400116 9.9964E-05
0.446087 0.0600245 9.9973E-05 9.9973E-05 0.0816388 0.224206 0.173511 0.0142339 9.9973E-05
0.543362 0.191618 9.9964E-05 9.9964E-05 0.0266485 0.0466162 9.9964E-05 0.191356 9.9964E-05
0.440498 9.9964E-05 0.15027 9.9964E-05 9.9964E-05 0.047423 0.167803 0.193606 9.9964E-05
0.28382 0.177983 0.0702406 9.9955E-05 9.9955E-05 9.9955E-05 9.9955E-05 0.467457 9.9955E-05
9.9937E-05 9.9937E-05 0.956735 0.0425655 9.9937E-05 9.9937E-05 9.9937E-05 9.9937E-05 9.9937E-05
9.9973E-05 0.224282 0.565153 0.0803305 9.9973E-05 0.0871177 0.00797989 0.034837 9.9973E-05
9.9964E-05 0.300541 0.407972 9.9964E-05 9.9964E-05 0.134912 0.13308 0.0230953 9.9964E-05
0.0630844 0.153498 0.389269 0.276322 9.9973E-05 0.115741 9.9973E-05 9.9973E-05 0.00178501
9.9946E-05 0.155892 0.802866 9.9946E-05 9.9946E-05 9.9946E-05 9.9946E-05 0.0406425 9.9946E-05
0.0223954 0.133816 0.674293 9.9964E-05 9.9964E-05 9.9964E-05 0.0194996 0.149596 9.9964E-05
9.9946E-05 9.9946E-05 9.9946E-05 9.9946E-05 0.0493934 9.9946E-05 0.117312 0.832695 9.9946E-05
9.99549E-05 9.99549E-05 9.99549E-05 0.00830305 0.103894 9.99549E-05 0.464672 0.422631 9.99549E-05
9.99369E-05 9.99369E-05 9.99369E-05 9.99369E-05 9.99369E-05 9.99369E-05 0.715641 0.28366 9.99369E-05
9.9955E-05 9.9955E-05 0.117177 0.0834585 9.9955E-05 9.9955E-05 0.605599 0.193266 9.9955E-05
9.99549E-05 0.00896185 9.99549E-05 9.99549E-05 9.99549E-05 9.99549E-05 0.451611 0.51735 0.0215771
0.130933 9.9964E-05 0.159547 0.268607 9.9964E-05 9.9964E-05 9.9964E-05 0.344322 0.096191
0.0282264 9.9964E-05 9.9964E-05 0.13211 9.9964E-05 0.0228467 0.0583524 0.758064 9.9964E-05
0.10818 9.9964E-05 0.309557 0.125236 0.00514761 9.9964E-05 9.9964E-05 0.451479 9.9964E-05
0.171003 9.99639E-05 0.16454 0.187935 9.99639E-05 9.99639E-05 9.99639E-05 0.454947 0.021176
0.0204047 0.256688 0.200366 9.99639E-05 9.99639E-05 0.00845144 9.99639E-05 0.51369 9.99639E-05
0.261708 0.0127236 0.0716351 0.00234587 0.183643 0.178997 9.9982E-05 9.9982E-05 0.288747
0.210777 9.9946E-05 9.9946E-05 9.9946E-05 9.9946E-05 0.292494 9.9946E-05 9.9946E-05 0.496128
0.0535769 9.9955E-05 9.9955E-05 0.0488415 9.9955E-05 0.871669 9.9955E-05 9.9955E-05 0.0254126
9.9964E-05 9.9964E-05 0.0867608 9.9964E-05 0.315067 0.346916 9.9964E-05 0.0986518 0.152205
9.9955E-05 0.00814436 9.9955E-05 9.9955E-05 0.291692 0.561577 9.9955E-05 9.9955E-05 0.138087
9.9964E-05 9.9964E-05 9.9964E-05 0.0198729 0.175858 0.647455 0.0490223 0.107392 9.9964E-05
9.99459E-05 9.99459E-05 9.99459E-05 9.99459E-05 0.756585 9.99459E-05 0.233895 9.99459E-05 0.00892017
9.9955E-05 0.0558642 9.9955E-05 9.9955E-05 0.841072 0.0184444 9.9955E-05 0.0841192 9.9955E-05
9.9964E-05 0.0586795 9.9964E-05 9.9964E-05 0.388122 0.0743454 0.0123426 9.9964E-05 0.466111
0.0553589 9.99461E-05 9.99461E-05 9.99461E-05 9.99461E-05 0.174559 9.99461E-05 9.99461E-05 0.769483
0.0769959 0.00758698 0.112449 9.9973E-05 0.252463 0.191262 9.9973E-05 9.9973E-05 0.358943
0.19223 9.99461E-05 9.99461E-05 9.99461E-05 9.99461E-05 0.551909 9.99461E-05 9.99461E-05 0.255261
0.172449 9.9964E-05 0.00165785 9.9964E-05 0.55414 0.0883197 9.9964E-05 9.9964E-05 0.183033
0.082165 9.9955E-05 9.9955E-05 9.9955E-05 0.460429 0.382299 9.9955E-05 9.9955E-05 0.0746065
0.136238 0.0228936 9.9964E-05 9.9964E-05 0.729284 0.0194943 9.9964E-05 9.9964E-05 0.0916906
0.11578 0.0398175 9.9964E-05 9.9964E-05 0.295653 0.453628 9.9964E-05 9.9964E-05 0.0947209
0.0255509 0.0242914 9.9964E-05 9.9964E-05 0.851202 0.00766945 9.9964E-05 9.9964E-05 0.0908864
9.9955E-05 9.9955E-05 9.9955E-05 9.9955E-05 0.250234 0.593922 9.9955E-05 0.144381 0.0109629
0.0392861 0.00572819 9.9973E-05 9.9973E-05 0.0861157 0.643262 9.9973E-05 0.156378 0.0689297
9.9964E-05 9.9964E-05 0.0153326 9.9964E-05 0.240624 0.648552 0.0102928 0.0847985 9.9964E-05
9.9946E-05 0.111788 9.9946E-05 9.9946E-05 0.455887 0.431726 9.9946E-05 9.9946E-05 9.9946E-05
9.9937E-05 0.0339737 9.9937E-05 9.9937E-05 9.9937E-05 0.965327 9.9937E-05 9.9937E-05 9.9937E-05
0.00935819 9.9964E-05 0.0121117 9.9964E-05 0.114989 0.573007 9.9964E-05 9.9964E-05 0.290135
9.9955E-05 9.9955E-05 9.9955E-05 9.9955E-05 0.713287 0.0995404 9.9955E-05 0.0910265 0.095646
9.9955E-05 9.9955E-05 0.0489752 9.9955E-05 0.00638583 0.768382 0.175757 9.9955E-05 9.9955E-05
9.99641E-05 0.482254 0.0105209 0.374963 9.99641E-05 0.00972914 9.99641E-05 0.122133 9.99641E-05
9.9955E-05 9.9955E-05 0.100162 0.832845 9.9955E-05 0.0313336 9.9955E-05 0.0351601 9.9955E-05
9.9955E-05 9.9955E-05 0.0765471 0.804239 0.0333259 0.0853884 9.9955E-05 9.9955E-05 9.9955E-05
9.9964E-05 0.585092 9.9964E-05 0.295174 9.9964E-05 0.025976 0.058118 0.03524 9.9964E-05
9.99639E-05 0.334214 9.99639E-05 0.339183 9.99639E-05 9.99639E-05 0.200125 0.0614379 0.0646403
9.993E-05 9.993E-05 9.993E-05 9.993E-05 9.993E-05 9.993E-05 0.999201 9.993E-05 9.993E-05
9.9964E-05 0.318771 0.239821 0.0980652 0.0712683 9.9964E-05 0.271675 9.9964E-05 9.9964E-05
0.097381 0.277069 0.164454 0.0693547 9.9973E-05 9.9973E-05 0.354774 9.9973E-05 0.0366674
9.9955E-05 0.686325 0.0612964 0.0787486 9.9955E-05 9.9955E-05 0.17313 9.9955E-05 9.9955E-05
9.99459E-05 0.38641 9.99459E-05 0.249071 9.99459E-05 9.99459E-05 0.36392 9.99459E-05 9.99459E-05
9.99551E-05 0.874008 0.00777966 9.99551E-05 0.0864661 9.99551E-05 0.0312461 9.99551E-05 9.99551E-05
9.99461E-05 0.791443 0.189043 9.99461E-05 9.99461E-05 0.0189143 9.99461E-05 9.99461E-05 9.99461E-05
0.130417 0.757057 9.99639E-05 9.99639E-05 9.99639E-05 9.99639E-05 0.0900744 0.0124455 0.00960579
0.0484955 0.742285 9.9946E-05 9.9946E-05 9.9946E-05 9.9946E-05 0.20862 9.9946E-05 9.9946E-05
9.99639E-05 0.441466 0.0481455 9.99639E-05 9.99639E-05 9.99639E-05 0.458461 0.0173198 0.0342084
0.0288899 0.597462 0.138903 9.9973E-05 9.9973E-05 9.9973E-05 0.162184 0.0209223 0.0513387
9.9955E-05 0.829907 0.0842984 9.9955E-05 9.9955E-05 0.00975961 0.075535 9.9955E-05 9.9955E-05
0.0246216 0.884633 0.00633316 9.9964E-05 0.073589 9.9964E-05 0.0104238 9.9964E-05 9.9964E-05
0.0152962 0.573555 0.294899 0.0768607 0.0278933 9.9973E-05 9.9973E-05 9.9973E-05 0.0111956
9.9973E-05 0.16469 0.0483366 0.473553 9.9973E-05 9.9973E-05 0.153438 0.132167 0.0275158
9.9955E-05 0.172891 0.122165 0.649071 9.9955E-05 9.9955E-05 9.9955E-05 0.0553729 9.9955E-05
0.113413 0.0617531 9.9964E-05 0.757704 9.9964E-05 9.9964E-05 0.0141766 0.0525535 9.9964E-05
9.9955E-05 0.126387 0.175518 0.687666 9.9955E-05 9.9955E-05 9.9955E-05 0.00992928 9.9955E-05
9.99459E-05 0.427103 9.99459E-05 0.337982 9.99459E-05 9.99459E-05 0.234315 9.99459E-05 9.99459E-05
9.9946E-05 0.523005 9.9946E-05 0.352715 9.9946E-05 9.9946E-05 9.9946E-05 0.12368 9.9946E-05
0.0529274 0.288101 9.9955E-05 0.447659 9.9955E-05 9.9955E-05 9.9955E-05 0.210813 9.9955E-05
9.9955E-05 0.470102 9.9955E-05 0.442056 9.9955E-05 0.00237693 9.9955E-05 0.0849652 9.9955E-05
9.9973E-05 0.580891 9.9973E-05 0.352873 9.9973E-05 0.0195802 0.0405718 0.00561157 0.000172831
9.9946E-05 0.643704 9.9946E-05 0.354651 9.9946E-05 9.9946E-05 9.9946E-05 0.00104492 9.9946E-05
0.0131807 0.537227 0.00353901 0.405299 9.9964E-05 0.0403543 9.9964E-05 9.9964E-05 9.9964E-05
9.9937E-05 0.474031 9.9937E-05 0.52527 9.9937E-05 9.9937E-05 9.9937E-05 9.9937E-05 9.9937E-05
9.99639E-05 0.229924 0.229837 0.391274 9.99639E-05 9.99639E-05 0.0895487 0.0590168 9.99639E-05
9.9955E-05 0.265862 9.9955E-05 0.555507 0.020823 9.9955E-05 9.9955E-05 0.157308 9.9955E-05
0.135576 0.403761 9.9964E-05 0.307706 9.9964E-05 9.9964E-05 0.114963 0.0375946 9.9964E-05
9.9964E-05 0.454499 0.0139007 0.433849 9.9964E-05 9.9964E-05 0.0740519 0.0232994 9.9964E-05
9.9955E-05 0.416968 0.118712 0.446465 9.9955E-05 9.9955E-05 0.0173554 9.9955E-05 9.9955E-05
9.9946E-05 0.39065 9.9946E-05 0.583324 9.9946E-05 9.9946E-05 9.9946E-05 0.0254258 9.9946E-05
9.99549E-05 0.542821 0.00399588 0.278837 9.99549E-05 9.99549E-05 0.173847 9.99549E-05 9.99549E-05
0.308058 9.9937E-05 9.9937E-05 0.691242 9.9937E-05 9.9937E-05 9.9937E-05 9.9937E-05 9.9937E-05
0.136459 0.116194 9.9955E-05 0.62395 9.9955E-05 9.9955E-05 0.122897 9.9955E-05 9.9955E-05
0.023266 0.229446 9.9955E-05 0.691617 0.0551706 9.9955E-05 9.9955E-05 9.9955E-05 9.9955E-05
9.9946E-05 0.601153 0.0141348 0.384112 9.9946E-05 9.9946E-05 9.9946E-05 9.9946E-05 9.9946E-05
9.9964E-05 0.535431 9.9964E-05 0.336268 0.0624406 0.0176931 9.9964E-05 0.047767 9.9964E-05
0.136013 0.499736 9.9955E-05 0.363422 9.9955E-05 0.000329378 9.9955E-05 9.9955E-05 9.9955E-05
9.9955E-05 0.482379 9.9955E-05 0.502676 0.00306681 9.9955E-05 9.9955E-05 0.0113788 9.9955E-05
0.167461 0.397401 9.9964E-05 0.228159 9.9964E-05 0.1118 9.9964E-05 9.9964E-05 0.0947792
9.9964E-05 0.369152 9.9964E-05 0.264984 0.0715826 0.272383 9.9964E-05 9.9964E-05 0.0214981
9.9955E-05 0.332714 9.9955E-05 0.598467 9.9955E-05 9.9955E-05 0.0498046 0.0185152 9.9955E-05
0.000644317 9.9955E-05 0.144847 0.79287 9.9955E-05 9.9955E-05 0.0611393 9.9955E-05 9.9955E-05
0.0749916 0.216679 0.0848551 0.550269 0.0728051 9.9964E-05 9.9964E-05 9.9964E-05 9.9964E-05
0.0840747 0.0569173 0.169985 0.688003 9.9964E-05 9.9964E-05 9.9964E-05 9.9964E-05 0.000620555
0.00308739 9.9955E-05 0.158692 0.758841 9.9955E-05 9.9955E-05 0.0788802 9.9955E-05 9.9955E-05
9.9955E-05 0.408648 9.9955E-05 0.563622 9.9955E-05 0.0255503 9.9955E-05 0.00167977 9.9955E-05
9.9946E-05 0.056794 0.267134 0.675472 9.9946E-05 9.9946E-05 9.9946E-05 9.9946E-05 9.9946E-05
9.99459E-05 0.345481 0.0961595 0.55776 9.99459E-05 9.99459E-05 9.99459E-05 9.99459E-05 9.99459E-05
0.0805044 0.242621 0.0157758 0.458476 9.997E-05 9.997E-05 0.154738 0.0475847 9.997E-05
9.99461E-05 0.0943353 9.99461E-05 0.848856 0.0562094 9.99461E-05 9.99461E-05 9.99461E-05 9.99461E-05
9.9955E-05 9.9955E-05 9.9955E-05 0.158067 0.823431 0.00660729 0.0113944 9.9955E-05 9.9955E-05
9.9964E-05 0.0217909 0.0217783 9.9964E-05 0.388347 0.366982 9.9964E-05 9.9964E-05 0.200702
9.9964E-05 9.9964E-05 9.9964E-05 9.9964E-05 0.329704 0.191592 0.105889 0.0640955 0.308319
9.99639E-05 0.00049377 9.99639E-05 0.032317 9.99639E-05 0.625189 0.175066 9.99639E-05 0.166534
9.99549E-05 0.061978 9.99549E-05 9.99549E-05 9.99549E-05 0.673663 0.159296 9.99549E-05 0.104563
9.9955E-05 9.9955E-05 9.9955E-05 9.9955E-05 0.0749717 0.770889 0.0324505 9.9955E-05 0.121189
9.9964E-05 9.9964E-05 0.0170772 0.0735464 0.424966 0.256601 9.9964E-05 9.9964E-05 0.227409
9.9964E-05 0.0342406 9.9964E-05 9.9964E-05 0.650194 0.0708078 0.0338068 9.9964E-05 0.210551
9.99372E-05 9.99372E-05 9.99372E-05 9.99372E-05 0.763903 9.99372E-05 0.235398 9.99372E-05 9.99372E-05
9.99549E-05 9.99549E-05 9.99549E-05 0.0802817 0.205472 0.60123 9.99549E-05 9.99549E-05 0.112517
0.0367455 9.99462E-05 9.99462E-05 9.99462E-05 9.99462E-05 0.954009 9.99462E-05 0.00864561 9.99462E-05
0.0304543 9.99461E-05 0.0490821 9.99461E-05 9.99461E-05 0.919864 9.99461E-05 9.99461E-05 9.99461E-05
9.99551E-05 0.0332099 9.99551E-05 9.99551E-05 9.99551E-05 0.881074 9.99551E-05 0.0114636 0.0737527
