9.9991E-05 0.368092 0.631808
9.999E-05 0.52855 0.47135
0.0111036 0.337269 0.651628
0.0549704 0.257275 0.687755
0.0595449 9.9991E-05 0.940355
9.999E-05 0.217411 0.782489
0.52371 0.47619 9.9991E-05
0.58376 0.302346 0.113894
0.728693 0.271207 9.9991E-05
0.68596 0.31394 9.9991E-05
0.605916 0.393984 9.9991E-05
0.576043 0.423857 9.9991E-05
0.89322 0.10668 9.9991E-05
0.852159 0.147741 9.9991E-05
0.636968 0.362932 9.9991E-05
0.603421 0.396479 9.9991E-05
0.0294979 0.367874 0.602628
0.0549966 0.655682 0.289322
0.143581 0.512996 0.343423
0.168522 0.290552 0.540926
0.0398564 0.511373 0.448771
0.0694551 0.588744 0.341801
0.0899214 0.470542 0.439537
0.0859024 0.234378 0.679719
0.134825 0.30054 0.564635
0.0399618 0.315133 0.644905
0.218377 0.117025 0.664597
0.201895 0.08063 0.717475
0.0696242 0.273815 0.65656
0.0848159 0.356513 0.558671
9.9991E-05 0.761989 0.237911
0.106942 0.356449 0.536609
9.9991E-05 0.412204 0.587696
0.0744144 0.498589 0.426997
9.9991E-05 0.799764 0.200136
0.0407997 0.437829 0.521371
0.318567 0.483392 0.198041
0.158088 0.401617 0.440295
0.056607 0.559499 0.383894
0.0995392 0.465459 0.435002
9.9991E-05 0.405388 0.594512
0.105997 0.198077 0.695927
0.171604 0.240984 0.587411
0.181853 0.122721 0.695426
9.9991E-05 0.313749 0.686151
0.00836056 0.449552 0.542088
0.0861097 0.8635 0.0503899
9.9991E-05 0.810159 0.189741
9.9991E-05 0.869831 0.130069
9.9991E-05 0.642294 0.357606
0.0494627 0.722342 0.228195
0.0817395 0.502503 0.415758
0.104 0.59177 0.30423
0.0618133 0.491748 0.446439
0.0326066 0.522622 0.444772
0.156387 0.242358 0.601255
0.57979 0.254737 0.165473
0.730955 0.180819 0.0882255
0.936024 9.9991E-05 0.063876
0.724734 0.268042 0.00722402
0.900671 0.0992295 9.9991E-05
0.794912 0.127113 0.0779747
0.256936 0.742964 9.9991E-05
0.504721 0.495179 9.9991E-05
0.691265 0.280127 0.0286075
0.774573 0.225327 9.9991E-05
0.62708 0.37282 9.9991E-05
0.957373 0.0425267 9.9991E-05
0.571826 0.428074 9.9991E-05
0.817411 0.182489 9.9991E-05
0.507538 0.489855 0.00260763
0.841395 0.158505 9.9991E-05
0.602739 0.397161 9.9991E-05
0.893558 0.0390846 0.0673569
0.858042 0.118819 0.0231386
0.880828 0.119072 9.9991E-05
0.849058 0.13335 0.0175921
0.9998 9.999E-05 9.999E-05
0.903058 0.0968419 9.9991E-05
0.556394 0.443506 9.9991E-05
0.833042 0.118962 0.0479955
0.0232342 9.9991E-05 0.976666
0.0216032 0.158212 0.820185
0.0950265 0.0185429 0.886431
0.118926 9.9991E-05 0.880974
0.016177 0.193483 0.79034
9.9991E-05 0.629296 0.370604
0.0538471 0.272626 0.673527
0.00477646 0.368285 0.626939
0.0692855 0.0742652 0.856449
9.9991E-05 0.195841 0.80406
0.170837 9.9991E-05 0.829064
0.111957 0.0690646 0.818979
0.0607247 0.0870173 0.852258
0.0879542 0.146395 0.765651
0.00765033 0.45561 0.53674
0.0306595 0.257575 0.711766
0.149197 9.9991E-05 0.850703
0.150153 0.0151447 0.834702
0.0694034 0.121854 0.808743
9.9991E-05 0.25881 0.74109
9.9991E-05 0.0279044 0.971996
9.9991E-05 0.0827743 0.917126
9.9991E-05 0.14399 0.85591
0.0797728 0.078935 0.841292
0.0332909 9.9991E-05 0.966609
0.0172248 0.0967833 0.885992
0.0754034 9.9991E-05 0.924497
0.0966963 9.9991E-05 0.903204
0.0151277 9.9991E-05 0.984772
0.0735735 9.9991E-05 0.926327
9.999E-05 9.999E-05 0.9998
9.9991E-05 0.169211 0.830689
0.0685999 0.06311 0.86829
9.9991E-05 0.125404 0.874496
0.0215802 0.0986933 0.879727
0.0433626 9.9991E-05 0.956537
0.00377314 9.9991E-05 0.996127
0.00501516 0.0376995 0.957285
9.9991E-05 0.19575 0.80415
9.9991E-05 0.153528 0.846372
0.0207694 0.0760036 0.903227
9.999E-05 9.999E-05 0.9998
0.145982 9.9991E-05 0.853918
0.0619947 9.9991E-05 0.937905
0.0590971 9.9991E-05 0.940803
0.308228 9.9991E-05 0.691672
0.394467 9.9991E-05 0.605433
9.9991E-05 0.0321283 0.967772
9.9991E-05 0.152415 0.847485
9.9991E-05 0.179701 0.820199
0.031593 0.0457728 0.922634
9.9991E-05 0.282594 0.717306
0.0151971 9.9991E-05 0.984703
9.9991E-05 0.151394 0.848506
0.0158023 9.9991E-05 0.984098
9.9991E-05 0.149651 0.850249
0.0135034 0.0345741 0.951922
0.500443 0.470639 0.0289179
0.765097 0.234803 9.9991E-05
0.665435 0.334465 9.9991E-05
0.801111 0.0827966 0.116093
0.881865 9.9991E-05 0.118035
0.997531 9.9991E-05 0.00236924
0.767517 0.199727 0.0327555
0.64383 0.35607 9.9991E-05
0.249763 0.750137 9.9991E-05
0.879638 9.9991E-05 0.120262
0.9998 9.999E-05 9.999E-05
0.9998 9.999E-05 9.999E-05
0.98335 9.9991E-05 0.0165501
