0.756295 0.0114309 0.232274
0.464559 9.9991E-05 0.535341
0.720369 0.0320241 0.247607
0.771381 0.13221 0.0964095
0.910223 0.0896772 9.9991E-05
0.893567 0.106333 9.9991E-05
9.999E-05 0.406361 0.593539
0.126989 0.517843 0.355167
9.9991E-05 0.625663 0.374237
9.9991E-05 0.605521 0.394379
9.9991E-05 0.513577 0.486323
0.00550147 0.522045 0.472453
9.9991E-05 0.770009 0.229891
9.9991E-05 0.832771 0.167129
9.9991E-05 0.56691 0.43299
9.9991E-05 0.49347 0.50643
0.734947 0.138079 0.126974
0.383098 0.0948108 0.522092
0.575419 0.229513 0.195068
0.711354 0.282 0.00664569
0.616832 0.138538 0.244629
0.525027 0.26061 0.214362
0.57549 0.129088 0.295421
0.768125 0.205559 0.026316
0.717884 0.282016 9.9991E-05
0.854515 0.137342 0.00814305
0.69769 0.30221 9.9991E-05
0.766679 0.233221 9.9991E-05
0.699343 0.0340955 0.266562
0.596017 0.0797109 0.324272
0.39475 0.0252607 0.57999
0.645926 0.0966543 0.25742
0.738971 0.0195679 0.241462
0.653918 0.234976 0.111106
0.394365 0.0972818 0.508353
0.658239 0.189361 0.1524
0.365022 0.372566 0.262412
0.604478 0.288968 0.106554
0.572024 0.16813 0.259846
0.673787 0.212939 0.113274
0.69548 9.9991E-05 0.30442
0.794575 0.158911 0.0465142
0.688797 0.247989 0.0632143
0.698405 0.176292 0.125303
0.801994 0.0562635 0.141743
0.70583 0.146538 0.147632
0.293658 0.155573 0.550769
0.295183 9.9991E-05 0.704717
0.194415 9.9991E-05 0.805485
0.46115 9.9991E-05 0.53875
0.387178 0.107726 0.505097
0.511574 0.179217 0.309208
0.540112 0.195818 0.26407
0.632671 0.150471 0.216858
0.584631 0.126058 0.289311
0.738237 0.261663 9.9991E-05
0.172384 0.593682 0.233935
0.0911855 0.744425 0.164389
0.0530452 0.946855 9.9991E-05
9.9991E-05 0.782443 0.217457
9.9991E-05 0.840659 0.159241
0.0795755 0.760893 0.159532
9.9991E-05 0.175854 0.824046
9.9991E-05 0.456135 0.543765
9.9991E-05 0.618186 0.381714
9.9991E-05 0.739258 0.260642
0.0343545 0.664524 0.301122
0.00563608 0.969993 0.024371
9.9991E-05 0.534482 0.465418
0.0250969 0.778255 0.196649
0.0296643 0.520028 0.450308
0.0156886 0.797886 0.186426
9.9991E-05 0.495475 0.504425
0.0750267 0.83425 0.0907234
0.0886448 0.884966 0.0263888
0.0349991 0.856245 0.108756
0.0121366 0.80425 0.183613
0.00219158 0.997708 9.9991E-05
9.9991E-05 0.889703 0.110197
9.9991E-05 0.522331 0.477569
0.0379429 0.827077 0.13498
0.944677 0.0552227 9.9991E-05
0.778927 9.9991E-05 0.220973
0.822316 0.0301445 0.147539
0.872244 0.0957732 0.0319826
0.788369 9.9991E-05 0.211531
0.254311 9.9991E-05 0.745589
0.660053 0.0210739 0.318874
0.684948 0.0236473 0.291404
0.863216 0.0717194 0.0650645
0.767718 9.9991E-05 0.232182
0.848084 0.151816 9.9991E-05
0.846512 0.153388 9.9991E-05
0.907739 0.0921608 9.9991E-05
0.828757 0.132206 0.0390376
0.602178 9.9991E-05 0.397722
0.814398 0.0663203 0.119282
0.855576 0.144324 9.9991E-05
0.869288 0.130612 9.9991E-05
0.84167 0.0859754 0.0723545
0.785819 9.9991E-05 0.214081
0.928197 9.9991E-05 0.0717033
0.925775 9.9991E-05 0.0741252
0.865365 9.9991E-05 0.134535
0.811211 0.0175858 0.171203
0.96454 0.0353599 9.9991E-05
0.939644 0.0403978 0.0199578
0.978716 0.0211836 9.9991E-05
0.93917 0.0607301 9.9991E-05
0.983464 0.0164362 9.9991E-05
0.93452 0.0653801 9.9991E-05
0.9998 9.999E-05 9.999E-05
0.894805 9.9991E-05 0.105095
0.861492 0.0435674 0.0949409
0.853173 9.9991E-05 0.146727
0.930983 0.0362817 0.0327349
0.970948 9.9991E-05 0.0289523
0.994996 0.00490375 9.9991E-05
0.945423 9.9991E-05 0.0544766
0.748059 9.9991E-05 0.251841
0.791642 9.9991E-05 0.208258
0.866013 9.9991E-05 0.133887
0.999758 0.000141608 9.9991E-05
0.896172 0.103728 9.9991E-05
0.92739 0.0725099 9.9991E-05
0.949903 0.0277076 0.0223893
0.681365 0.318535 9.9991E-05
0.601701 0.398199 9.9991E-05
0.891106 9.9991E-05 0.108795
0.767648 9.9991E-05 0.232252
0.778671 9.9991E-05 0.221229
0.865401 9.9991E-05 0.134499
0.694729 9.9991E-05 0.305171
0.984218 9.9991E-05 0.0156816
0.823631 9.9991E-05 0.176269
0.975887 0.00422101 0.0198917
0.845467 9.9991E-05 0.154433
0.843706 9.9991E-05 0.156194
0.000278424 0.384823 0.614899
9.9991E-05 0.684163 0.315737
9.9991E-05 0.59032 0.40958
0.166956 0.733317 0.0997269
0.148662 0.851238 9.9991E-05
0.0624834 0.925938 0.0115791
9.9991E-05 0.671755 0.328145
9.9991E-05 0.531423 0.468477
9.9991E-05 0.0787006 0.921199
0.0706089 0.857642 0.0717496
9.999E-05 0.9998 9.999E-05
9.999E-05 0.9998 9.999E-05
0.0542503 0.94565 9.9991E-05
