0.213219 0.786681 9.9991E-05
0.521082 0.478818 9.9991E-05
0.193297 0.733129 0.0735738
0.110507 0.769661 0.119832
9.9991E-05 0.908121 0.091779
0.0159187 0.901222 0.0828595
0.559268 9.9991E-05 0.440632
0.323418 0.143201 0.533381
0.348032 9.9991E-05 0.651868
0.40049 9.9991E-05 0.59941
0.496179 9.9991E-05 0.503721
0.495554 0.0139932 0.490453
0.252613 9.9991E-05 0.747287
0.198855 0.0153322 0.785813
0.433846 9.9991E-05 0.566054
0.500849 9.9991E-05 0.499051
0.174496 0.682944 0.14256
0.467186 0.392817 0.139997
0.232018 0.514617 0.253365
0.00868313 0.726451 0.264866
0.298795 0.569801 0.131404
0.286028 0.527973 0.185999
0.307359 0.585784 0.106858
0.0689984 0.757539 0.173462
0.00727981 0.741996 0.250724
0.0860803 0.795914 0.118005
9.9991E-05 0.72128 0.27862
9.9991E-05 0.779059 0.220841
0.223353 0.718115 0.0585317
0.319776 0.597388 0.0828354
0.586341 0.359453 0.0542061
0.247928 0.617906 0.134166
0.25139 0.725086 0.0235241
0.162014 0.611507 0.226479
0.518677 0.376751 0.104572
0.190543 0.648006 0.161451
0.288392 0.320577 0.39103
0.144747 0.582172 0.273081
0.271106 0.543273 0.185621
0.113798 0.646708 0.239494
0.303893 0.696007 9.9991E-05
0.0584706 0.804533 0.136997
0.0826646 0.686049 0.231286
0.0865448 0.716113 0.197342
0.168885 0.781148 0.0499679
0.143256 0.711332 0.145412
0.520554 0.279015 0.200431
0.688658 0.287899 0.023443
0.802915 0.196985 9.9991E-05
0.522822 0.477078 9.9991E-05
0.513621 0.390935 0.0954447
0.292118 0.563951 0.143931
0.248503 0.522772 0.228725
0.174454 0.65569 0.169856
0.229917 0.626854 0.143229
9.9991E-05 0.736351 0.263549
0.264255 0.179648 0.556097
0.181127 0.122938 0.695934
9.9991E-05 0.0574275 0.942473
0.281475 0.0185465 0.699978
0.155066 9.9991E-05 0.844834
0.189485 0.0639067 0.746609
0.80669 9.9991E-05 0.19321
0.551208 0.016648 0.432144
0.41045 9.9991E-05 0.58945
0.253207 9.9991E-05 0.746693
0.314982 0.037281 0.647737
0.0487719 0.0249933 0.926235
0.455984 9.9991E-05 0.543916
0.282662 9.9991E-05 0.717238
0.443214 0.0769054 0.479881
0.228695 9.9991E-05 0.771205
0.491269 9.9991E-05 0.508631
0.0968927 0.0763079 0.826799
0.000492911 0.157833 0.841674
0.127771 0.0654912 0.806737
0.223371 0.0173013 0.759327
9.9991E-05 0.0176203 0.98228
0.140257 9.9991E-05 0.859643
0.499165 9.9991E-05 0.500735
0.163077 0.0358562 0.801066
9.9991E-05 0.936621 0.0632793
0.238368 0.761532 9.9991E-05
0.147275 0.808519 0.0442051
0.00814598 0.887654 0.1042
0.214282 0.781799 0.00391895
0.741977 0.257923 9.9991E-05
0.32537 0.66937 0.00525976
0.332794 0.659064 0.00814245
0.084369 0.836383 0.0792481
0.242054 0.757846 9.9991E-05
9.9991E-05 0.842226 0.157674
9.9991E-05 0.848319 0.151581
0.00590848 0.889265 0.104826
0.0500993 0.825713 0.124188
0.381626 0.594987 0.0233877
0.149353 0.788617 0.0620299
9.9991E-05 0.86146 0.13844
9.9991E-05 0.867633 0.132267
0.0621235 0.853794 0.0840828
0.233488 0.766412 9.9991E-05
0.046767 0.953133 9.9991E-05
0.112764 0.887136 9.9991E-05
0.14838 0.85152 9.9991E-05
0.163193 0.810312 0.0264944
9.9991E-05 0.97631 0.0235903
9.9991E-05 0.949006 0.0508937
9.9991E-05 0.920843 0.0790569
9.9991E-05 0.91487 0.0850299
9.9991E-05 0.990095 0.0098048
9.9991E-05 0.958206 0.0416937
9.999E-05 0.9998 9.999E-05
0.120549 0.879351 9.9991E-05
0.082895 0.872455 0.0446501
0.116306 0.883594 9.9991E-05
0.0683784 0.925464 0.00615773
0.0181709 0.957559 0.0242704
9.9991E-05 0.971055 0.0288449
0.0522514 0.944663 0.00308527
0.258087 0.741813 9.9991E-05
0.213415 0.786485 9.9991E-05
0.135019 0.864881 9.9991E-05
9.999E-05 0.9998 9.999E-05
9.9991E-05 0.903982 0.0959176
9.9991E-05 0.932355 0.0675445
9.9991E-05 0.993656 0.00624428
9.9991E-05 0.707915 0.291985
9.9991E-05 0.603332 0.396568
0.100122 0.899778 9.9991E-05
0.222564 0.777336 9.9991E-05
0.21234 0.78756 9.9991E-05
0.147355 0.852545 9.9991E-05
0.301822 0.698078 9.9991E-05
0.00304967 0.979117 0.0178329
0.193536 0.806364 9.9991E-05
0.0323472 0.967553 9.9991E-05
0.142039 0.857861 9.9991E-05
0.145017 0.854884 9.9991E-05
0.627439 9.9991E-05 0.372461
0.315021 9.9991E-05 0.684879
0.406855 9.9991E-05 0.593045
0.10722 0.149222 0.743557
0.0562299 0.134248 0.809522
0.0391621 9.9991E-05 0.960738
0.35391 0.000188423 0.645902
0.485444 9.9991E-05 0.514456
0.883303 9.9991E-05 0.116597
0.140607 0.053498 0.805895
9.999E-05 9.999E-05 0.9998
9.9991E-05 0.00565554 0.994244
9.9991E-05 0.0482583 0.951642
