9.99549E-05 0.239383 9.99549E-05 9.99549E-05 0.0438514 0.0275742 0.0815371 0.607155 9.99549E-05 9.99549E-05
9.997E-05 0.0287322 9.997E-05 0.238643 0.150105 0.0102478 0.300741 0.240284 0.0309468 9.997E-05
0.0561696 0.328621 9.9955E-05 0.12832 9.9955E-05 0.179457 9.9955E-05 0.306934 9.9955E-05 9.9955E-05
0.116856 9.9964E-05 9.9964E-05 9.9964E-05 0.041113 0.547566 0.146537 0.112694 9.9964E-05 0.0348334
0.075969 0.608948 9.9946E-05 9.9946E-05 9.9946E-05 0.154465 9.9946E-05 0.160018 9.9946E-05 9.9946E-05
0.0787542 0.133705 9.9946E-05 9.9946E-05 9.9946E-05 0.431265 9.9946E-05 0.355676 9.9946E-05 9.9946E-05
9.9937E-05 9.9937E-05 9.9937E-05 0.175606 0.053993 9.9937E-05 9.9937E-05 9.9937E-05 0.769701 9.9937E-05
0.1244 0.105043 9.9955E-05 0.00769058 9.9955E-05 9.9955E-05 0.0688113 9.9955E-05 0.693555 9.9955E-05
9.9946E-05 9.9946E-05 9.9946E-05 9.9946E-05 0.0357182 0.0704268 9.9946E-05 9.9946E-05 0.750005 0.14325
9.9937E-05 9.9937E-05 9.9937E-05 9.9937E-05 9.9937E-05 9.9937E-05 9.9937E-05 0.0861306 0.906583 0.00658664
9.99549E-05 9.99549E-05 9.99549E-05 0.191602 9.99549E-05 0.0163871 0.00509931 0.0456733 0.740739 9.99549E-05
0.0208449 0.0396905 9.99549E-05 0.487828 9.99549E-05 9.99549E-05 9.99549E-05 9.99549E-05 0.402484 0.0486531
9.9946E-05 0.0141055 0.270708 0.102165 9.9946E-05 9.9946E-05 9.9946E-05 9.9946E-05 0.612422 9.9946E-05
0.0581524 9.9937E-05 0.218483 9.9937E-05 9.9937E-05 9.9937E-05 9.9937E-05 9.9937E-05 0.722665 9.9937E-05
9.995E-05 9.995E-05 9.995E-05 0.0894523 0.0395946 0.00366609 9.995E-05 0.034114 0.832673 9.995E-05
9.99371E-05 9.99371E-05 9.99371E-05 0.209352 9.99371E-05 9.99371E-05 0.0198524 9.99371E-05 0.770096 9.99371E-05
0.581869 0.313012 9.9946E-05 0.0786823 9.9946E-05 9.9946E-05 0.0258364 9.9946E-05 9.9946E-05 9.9946E-05
0.606831 0.0110485 9.9946E-05 0.0767053 0.304816 9.9946E-05 9.9946E-05 9.9946E-05 9.9946E-05 9.9946E-05
0.414548 9.9964E-05 0.0383333 0.0410534 0.0818199 0.0971334 9.9964E-05 0.326712 9.9964E-05 9.9964E-05
0.657942 0.126256 0.0190942 9.9946E-05 9.9946E-05 0.196108 9.9946E-05 9.9946E-05 9.9946E-05 9.9946E-05
0.443056 0.210256 9.99549E-05 9.99549E-05 0.27518 0.031452 9.99549E-05 9.99549E-05 0.0395559 9.99549E-05
0.753929 9.9937E-05 9.9937E-05 9.9937E-05 0.180519 0.0648525 9.9937E-05 9.9937E-05 9.9937E-05 9.9937E-05
9.9955E-05 0.201752 9.9955E-05 0.178449 9.9955E-05 9.9955E-05 0.021171 0.596014 0.00211417 9.9955E-05
0.0181523 0.307473 0.0104999 9.9955E-05 9.9955E-05 9.9955E-05 0.0865474 0.576828 9.9955E-05 9.9955E-05
0.163271 0.121886 0.00781894 9.99461E-05 9.99461E-05 9.99461E-05 9.99461E-05 0.706424 9.99461E-05 9.99461E-05
0.406067 0.0202549 9.9955E-05 9.9955E-05 9.9955E-05 0.229856 0.121711 0.221612 9.9955E-05 9.9955E-05
0.569922 0.378163 0.0512146 9.9937E-05 9.9937E-05 9.9937E-05 9.9937E-05 9.9937E-05 9.9937E-05 9.9937E-05
0.321618 0.345811 0.0376127 9.9964E-05 9.9964E-05 0.14567 9.9964E-05 0.126375 0.0225127 9.9964E-05
0.179023 0.355893 9.9955E-05 9.9955E-05 0.148402 9.9955E-05 0.189915 9.9955E-05 0.126267 9.9955E-05
0.192213 0.271622 0.00102318 9.9964E-05 0.353293 9.9964E-05 0.0540047 9.9964E-05 0.127445 9.9964E-05
0.151457 9.9946E-05 9.9946E-05 0.386215 0.169307 0.292422 9.9946E-05 9.9946E-05 9.9946E-05 9.9946E-05
0.251215 0.237589 9.99459E-05 0.20607 9.99459E-05 0.304526 9.99459E-05 9.99459E-05 9.99459E-05 9.99459E-05
0.390336 0.108705 9.9964E-05 0.0286409 0.0263126 0.443834 0.00177143 9.9964E-05 9.9964E-05 9.9964E-05
0.0253504 9.9946E-05 0.000261099 9.9946E-05 9.9946E-05 9.9946E-05 9.9946E-05 0.94176 0.0320289 9.9946E-05
9.99279E-05 9.99279E-05 9.99279E-05 0.210674 9.99279E-05 9.99279E-05 9.99279E-05 0.788527 9.99279E-05 9.99279E-05
0.457034 0.205711 9.9955E-05 0.0863441 9.9955E-05 0.0637938 9.9955E-05 0.186617 9.9955E-05 9.9955E-05
9.9955E-05 9.9955E-05 0.209996 0.286315 0.00310568 0.100203 9.9955E-05 0.39988 9.9955E-05 9.9955E-05
0.191556 0.114935 0.120202 9.9946E-05 9.9946E-05 9.9946E-05 9.9946E-05 0.572707 9.9946E-05 9.9946E-05
0.114389 9.9946E-05 0.0850648 9.9946E-05 0.233252 9.9946E-05 9.9946E-05 0.566694 9.9946E-05 9.9946E-05
0.542569 0.0059709 9.9955E-05 9.9955E-05 9.9955E-05 0.169631 9.9955E-05 0.265183 0.0161465 9.9955E-05
0.107401 9.99371E-05 9.99371E-05 9.99371E-05 9.99371E-05 0.375319 0.51658 9.99371E-05 9.99371E-05 9.99371E-05
0.190616 0.0697878 0.113318 9.9955E-05 9.9955E-05 0.39142 0.23436 9.9955E-05 9.9955E-05 9.9955E-05
0.0133746 9.9955E-05 0.163852 9.9955E-05 0.154465 0.501484 9.9955E-05 0.166324 9.9955E-05 9.9955E-05
9.9955E-05 9.9955E-05 0.104957 9.9955E-05 9.9955E-05 0.230251 0.552919 0.0438424 9.9955E-05 0.0675318
0.269517 9.99461E-05 9.99461E-05 9.99461E-05 9.99461E-05 0.502402 0.202023 9.99461E-05 0.0254589 9.99461E-05
0.296797 9.9946E-05 9.9946E-05 9.9946E-05 0.0111638 0.552585 9.9946E-05 0.138854 9.9946E-05 9.9946E-05
0.643142 9.9946E-05 9.9946E-05 0.0309199 0.27483 9.9946E-05 9.9946E-05 9.9946E-05 9.9946E-05 0.0505088
0.251646 9.99459E-05 9.99459E-05 0.13724 0.559594 9.99459E-05 0.0509203 9.99459E-05 9.99459E-05 9.99459E-05
0.0626335 9.9937E-05 9.9937E-05 0.141275 0.795392 9.9937E-05 9.9937E-05 9.9937E-05 9.9937E-05 9.9937E-05
0.018897 9.9946E-05 9.9946E-05 9.9946E-05 0.789898 9.9946E-05 0.0390587 0.151547 9.9946E-05 9.9946E-05
0.38793 9.99459E-05 9.99459E-05 9.99459E-05 0.553353 9.99459E-05 9.99459E-05 9.99459E-05 0.025772 0.0323456
0.508172 9.9937E-05 9.9937E-05 9.9937E-05 9.9937E-05 9.9937E-05 0.37847 9.9937E-05 0.112658 9.9937E-05
0.619147 9.9946E-05 9.9946E-05 9.9946E-05 0.217102 9.9946E-05 9.9946E-05 0.106948 9.9946E-05 0.0562036
0.524681 9.9946E-05 0.00834634 9.9946E-05 9.9946E-05 9.9946E-05 0.331335 0.135037 9.9946E-05 9.9946E-05
0.57811 9.99369E-05 9.99369E-05 9.99369E-05 9.99369E-05 9.99369E-05 0.337123 0.0840677 9.99369E-05 9.99369E-05
0.674383 0.120971 0.0225798 9.9955E-05 9.9955E-05 0.168575 9.9955E-05 0.0129908 9.9955E-05 9.9955E-05
9.9955E-05 9.9955E-05 9.9955E-05 0.0162418 9.9955E-05 9.9955E-05 0.0298628 0.29488 0.363776 0.294739
9.9955E-05 0.0032314 0.176427 9.9955E-05 9.9955E-05 9.9955E-05 9.9955E-05 0.20663 0.485234 0.127978
9.9946E-05 0.0407579 0.478354 9.9946E-05 9.9946E-05 9.9946E-05 9.9946E-05 0.0110885 9.9946E-05 0.4692
0.0757262 9.9955E-05 9.9955E-05 0.011914 9.9955E-05 9.9955E-05 0.120899 9.9955E-05 0.0737693 0.717192
9.9946E-05 9.9946E-05 0.0493392 0.143862 9.9946E-05 9.9946E-05 9.9946E-05 9.9946E-05 0.0967558 0.709443
0.0990138 9.9946E-05 9.9946E-05 0.0162635 9.9946E-05 9.9946E-05 0.0280151 9.9946E-05 9.9946E-05 0.856108
9.99459E-05 9.99459E-05 9.99459E-05 0.761008 0.158755 9.99459E-05 9.99459E-05 9.99459E-05 0.0462443 0.033393
0.0582487 0.00863822 0.181195 0.751318 9.99459E-05 9.99459E-05 9.99459E-05 9.99459E-05 9.99459E-05 9.99459E-05
9.99459E-05 9.99459E-05 9.99459E-05 0.282457 9.99459E-05 0.0655411 9.99459E-05 9.99459E-05 0.42944 0.221963
9.9937E-05 9.9937E-05 9.9937E-05 9.9937E-05 9.9937E-05 9.9937E-05 9.9937E-05 0.08578 0.608071 0.30545
0.0881284 9.996E-05 0.205938 0.182754 9.996E-05 0.0645966 9.996E-05 0.06748 0.390704 9.996E-05
9.99371E-05 9.99371E-05 0.605036 9.99371E-05 9.99371E-05 9.99371E-05 9.99371E-05 0.132708 0.261557 9.99371E-05
9.9946E-05 9.9946E-05 0.186433 0.518114 9.9946E-05 9.9946E-05 9.9946E-05 0.110811 0.184043 9.9946E-05
0.0112604 9.9964E-05 0.274603 0.314508 9.9964E-05 9.9964E-05 9.9964E-05 0.0372648 0.211651 0.150313
0.00844124 9.9964E-05 0.0946939 0.640135 9.9964E-05 9.9964E-05 9.9964E-05 0.109207 0.127343 0.0197793
9.996E-05 0.0347217 0.32757 0.205027 9.996E-05 9.996E-05 9.996E-05 0.0776437 0.163352 0.191286
9.99549E-05 0.0337726 0.00711295 0.643359 9.99549E-05 9.99549E-05 9.99549E-05 9.99549E-05 0.122582 0.192673
0.121198 0.00835449 0.391227 0.161014 9.99639E-05 9.99639E-05 9.99639E-05 9.99639E-05 0.0109435 0.306863
0.159099 9.9946E-05 0.701979 0.126193 9.9946E-05 9.9946E-05 9.9946E-05 9.9946E-05 0.0121297 9.9946E-05
0.0323843 0.0292402 0.199567 0.0916114 0.00288042 9.9964E-05 9.9964E-05 9.9964E-05 9.9964E-05 0.643916
9.99459E-05 9.99459E-05 0.295991 0.28308 9.99459E-05 0.0786729 9.99459E-05 9.99459E-05 9.99459E-05 0.341656
9.9928E-05 9.9928E-05 0.438951 9.9928E-05 9.9928E-05 9.9928E-05 9.9928E-05 9.9928E-05 9.9928E-05 0.560249
9.9946E-05 9.9946E-05 0.188194 9.9946E-05 9.9946E-05 9.9946E-05 9.9946E-05 0.0221234 0.23292 0.556163
0.0333005 9.9955E-05 9.9955E-05 0.466758 0.00328597 9.9955E-05 9.9955E-05 9.9955E-05 0.122645 0.37351
9.995E-05 9.995E-05 0.00236143 9.995E-05 0.0709168 0.0324294 9.995E-05 0.0184394 9.995E-05 0.875353
0.152246 0.741686 0.0158888 9.99551E-05 9.99551E-05 0.0372919 0.0523876 9.99551E-05 9.99551E-05 9.99551E-05
0.0361018 9.9946E-05 0.0643488 9.9946E-05 9.9946E-05 9.9946E-05 0.880679 9.9946E-05 9.9946E-05 0.0182704
9.9937E-05 0.163519 0.0994172 9.9937E-05 9.9937E-05 9.9937E-05 0.736365 9.9937E-05 9.9937E-05 9.9937E-05
9.995E-05 0.739289 0.0557483 9.995E-05 0.118176 0.0824033 9.995E-05 0.00388409 9.995E-05 9.995E-05
9.99369E-05 0.566511 9.99369E-05 9.99369E-05 0.385244 9.99369E-05 9.99369E-05 9.99369E-05 0.0475452 9.99369E-05
9.99371E-05 9.99371E-05 9.99371E-05 0.0830075 0.865946 9.99371E-05 0.0503469 9.99371E-05 9.99371E-05 9.99371E-05
9.995E-05 9.995E-05 9.995E-05 0.0379368 0.185331 0.584096 0.165797 9.995E-05 0.0263392 9.995E-05
9.9955E-05 9.9955E-05 9.9955E-05 9.9955E-05 0.165829 0.462064 0.231751 0.0723604 0.0674954 9.9955E-05
9.9946E-05 0.355157 9.9946E-05 0.0238159 0.085043 0.535385 9.9946E-05 9.9946E-05 9.9946E-05 9.9946E-05
9.995E-05 0.276197 9.995E-05 0.0331106 0.248413 0.23414 0.20764 9.995E-05 9.995E-05 9.995E-05
9.9937E-05 0.210517 0.0467845 9.9937E-05 9.9937E-05 0.741999 9.9937E-05 9.9937E-05 9.9937E-05 9.9937E-05
0.0060289 0.0419038 0.0484075 9.9955E-05 9.9955E-05 0.875893 9.9955E-05 0.0272674 9.9955E-05 9.9955E-05
9.99459E-05 0.304603 9.99459E-05 9.99459E-05 9.99459E-05 0.464079 9.99459E-05 0.206564 0.024154 9.99459E-05
9.996E-05 0.169168 9.996E-05 0.0135417 0.0317989 0.669627 9.996E-05 0.091174 9.996E-05 0.0242909
9.99459E-05 9.99459E-05 9.99459E-05 9.99459E-05 0.331499 0.625492 9.99459E-05 9.99459E-05 0.016021 0.0263891
0.0272039 0.0687184 9.99639E-05 9.99639E-05 0.114793 0.675216 9.99639E-05 0.0589477 9.99639E-05 0.0547219
9.9946E-05 0.295067 0.0353609 9.9946E-05 9.9946E-05 0.667494 9.9946E-05 9.9946E-05 0.00147912 9.9946E-05
9.9955E-05 0.323695 0.0472049 0.0121306 9.9955E-05 0.574702 9.9955E-05 0.0417676 9.9955E-05 9.9955E-05
9.99549E-05 0.217887 9.99549E-05 9.99549E-05 9.99549E-05 0.490127 0.180052 0.0879874 0.0234462 9.99549E-05
9.99549E-05 0.346956 9.99549E-05 9.99549E-05 0.313465 9.99549E-05 0.207242 0.119666 0.0121722 9.99549E-05
9.9955E-05 0.477081 9.9955E-05 9.9955E-05 0.0513667 0.0661605 0.355392 0.0495008 9.9955E-05 9.9955E-05
9.9946E-05 0.417834 9.9946E-05 9.9946E-05 0.125983 9.9946E-05 0.386336 0.0692469 9.9946E-05 9.9946E-05
0.00491458 0.454486 9.9946E-05 9.9946E-05 0.0143047 9.9946E-05 0.525695 9.9946E-05 9.9946E-05 9.9946E-05
9.99369E-05 0.703426 9.99369E-05 9.99369E-05 0.290822 9.99369E-05 9.99369E-05 9.99369E-05 9.99369E-05 0.0050531
0.0450912 0.84983 9.9946E-05 9.9946E-05 0.037121 9.9946E-05 9.9946E-05 0.0673579 9.9946E-05 9.9946E-05
0.0781997 0.644978 9.9946E-05 9.9946E-05 0.0853956 9.9946E-05 9.9946E-05 0.190827 9.9946E-05 9.9946E-05
9.9946E-05 0.874594 0.0171981 9.9946E-05 0.0718006 9.9946E-05 9.9946E-05 9.9946E-05 0.0358078 9.9946E-05
9.9946E-05 0.839615 9.9946E-05 9.9946E-05 0.0667404 9.9946E-05 9.9946E-05 0.0609652 9.9946E-05 0.0320796
9.9946E-05 0.745749 9.9946E-05 9.9946E-05 9.9946E-05 0.187954 0.0383851 0.0273116 9.9946E-05 9.9946E-05
0.0269576 0.805263 0.0116184 9.9964E-05 9.9964E-05 0.0660692 0.0176155 0.0720767 9.9964E-05 9.9964E-05
9.99371E-05 0.874855 9.99371E-05 9.99371E-05 9.99371E-05 9.99371E-05 0.0680926 0.0563526 9.99371E-05 9.99371E-05
9.99549E-05 0.330314 9.99549E-05 9.99549E-05 0.150337 0.194847 0.223962 0.10004 9.99549E-05 9.99549E-05
0.106634 0.48992 9.995E-05 9.995E-05 9.995E-05 0.0319751 0.318004 9.995E-05 9.995E-05 0.0529683
9.9964E-05 0.502029 9.9964E-05 0.0143725 0.0619778 0.202992 0.10346 0.114768 9.9964E-05 9.9964E-05
0.00105855 0.673788 9.9973E-05 0.0107209 0.0924662 0.123314 0.0685971 0.0297557 9.9973E-05 9.9973E-05
9.99461E-05 0.636705 9.99461E-05 9.99461E-05 0.117942 0.0883806 0.156373 9.99461E-05 9.99461E-05 9.99461E-05
0.0052256 0.815995 0.000582835 9.9964E-05 0.0278394 9.9964E-05 0.124946 0.0250106 9.9964E-05 9.9964E-05
9.99459E-05 0.641696 9.99459E-05 9.99459E-05 0.117074 0.183804 0.0568261 9.99459E-05 9.99459E-05 9.99459E-05
9.994E-05 0.226904 9.994E-05 0.0509921 9.994E-05 9.994E-05 0.569615 0.151888 9.994E-05 9.994E-05
9.9946E-05 0.247121 9.9946E-05 0.0943731 9.9946E-05 0.0392595 0.618647 9.9946E-05 9.9946E-05 9.9946E-05
9.99461E-05 0.51936 9.99461E-05 0.079791 9.99461E-05 9.99461E-05 0.394459 0.00579074 9.99461E-05 9.99461E-05
9.9937E-05 0.787006 9.9937E-05 9.9937E-05 9.9937E-05 0.120998 0.0912965 9.9937E-05 9.9937E-05 9.9937E-05
9.9964E-05 0.708155 0.040486 0.0405717 9.9964E-05 0.095501 0.0504976 0.0643892 9.9964E-05 9.9964E-05
9.995E-05 0.695188 9.995E-05 9.995E-05 9.995E-05 0.056239 0.0409423 0.18889 9.995E-05 0.0182405
0.00240745 0.862281 9.995E-05 0.0485998 9.995E-05 0.0120731 0.0741388 9.995E-05 9.995E-05 9.995E-05
9.9946E-05 0.606481 9.9946E-05 9.9946E-05 9.9946E-05 9.9946E-05 9.9946E-05 0.136089 0.0293837 0.227447
9.9946E-05 0.593244 0.0606854 0.0575936 9.9946E-05 9.9946E-05 9.9946E-05 9.9946E-05 9.9946E-05 0.287878
9.9946E-05 0.742347 9.9946E-05 0.0114799 0.113554 9.9946E-05 0.13202 9.9946E-05 9.9946E-05 9.9946E-05
9.99369E-05 0.259354 9.99369E-05 9.99369E-05 0.108313 9.99369E-05 0.631634 9.99369E-05 9.99369E-05 9.99369E-05
9.9955E-05 0.402965 9.9955E-05 0.0599659 9.9955E-05 0.0295104 0.415056 0.0920038 9.9955E-05 9.9955E-05
9.9946E-05 0.372851 9.9946E-05 9.9946E-05 0.0398888 9.9946E-05 0.458074 0.128586 9.9946E-05 9.9946E-05
9.9937E-05 0.0575874 9.9937E-05 9.9937E-05 0.101961 9.9937E-05 0.839752 9.9937E-05 9.9937E-05 9.9937E-05
9.99369E-05 0.808268 9.99369E-05 9.99369E-05 0.175584 9.99369E-05 0.0154489 9.99369E-05 9.99369E-05 9.99369E-05
9.9955E-05 0.296937 9.9955E-05 9.9955E-05 0.0690441 0.0566783 0.558699 0.0181422 9.9955E-05 9.9955E-05
9.9946E-05 0.568126 9.9946E-05 9.9946E-05 9.9946E-05 0.134754 0.278087 9.9946E-05 0.0184336 9.9946E-05
0.00710195 0.428887 9.99639E-05 9.99639E-05 0.121379 0.0737484 0.301779 0.0667051 9.99639E-05 9.99639E-05
9.9946E-05 0.557385 9.9946E-05 0.0418306 0.0272438 9.9946E-05 0.372941 9.9946E-05 9.9946E-05 9.9946E-05
9.9946E-05 9.9946E-05 9.9946E-05 0.659543 0.000411779 9.9946E-05 0.0947544 9.9946E-05 9.9946E-05 0.244691
9.9955E-05 9.9955E-05 9.9955E-05 0.202838 0.00846118 9.9955E-05 0.0286434 9.9955E-05 0.0841733 0.675384
9.9955E-05 9.9955E-05 9.9955E-05 0.224444 0.0849606 0.0139014 9.9955E-05 9.9955E-05 0.136649 0.539545
9.9946E-05 9.9946E-05 9.9946E-05 9.9946E-05 0.0313747 0.106032 0.0321202 9.9946E-05 9.9946E-05 0.829873
9.996E-05 0.0748417 0.254698 9.996E-05 0.015224 0.0260444 9.996E-05 9.996E-05 0.0340021 0.59479
9.9928E-05 9.9928E-05 0.115642 9.9928E-05 9.9928E-05 9.9928E-05 9.9928E-05 9.9928E-05 9.9928E-05 0.883559
9.99549E-05 9.99549E-05 0.304094 0.415232 9.99549E-05 9.99549E-05 0.0375193 9.99549E-05 0.207609 0.0350455
9.9955E-05 0.00713062 0.108516 0.556906 9.9955E-05 9.9955E-05 9.9955E-05 9.9955E-05 0.211595 0.115351
9.99372E-05 9.99372E-05 9.99372E-05 0.93637 0.0485881 9.99372E-05 0.0143426 9.99372E-05 9.99372E-05 9.99372E-05
9.996E-05 0.0720322 0.495497 0.104185 0.00507728 9.996E-05 9.996E-05 9.996E-05 0.143132 0.179677
9.99281E-05 9.99281E-05 0.996083 9.99281E-05 9.99281E-05 9.99281E-05 9.99281E-05 0.00311759 9.99281E-05 9.99281E-05
9.9946E-05 9.9946E-05 0.664705 9.9946E-05 9.9946E-05 9.9946E-05 0.00199008 0.0256733 9.9946E-05 0.307032
9.9946E-05 0.0114091 0.945576 9.9946E-05 0.0392756 9.9946E-05 9.9946E-05 9.9946E-05 0.00313972 9.9946E-05
