0.0441598 0.237482 9.9973E-05 0.147596 0.388306 9.9973E-05 9.9973E-05 0.182157
0.0725077 0.339842 9.9973E-05 9.9973E-05 0.283735 0.191102 0.112513 9.9973E-05
9.9982E-05 0.0451017 9.9982E-05 0.0971845 0.364356 0.130864 0.0157284 0.346565
0.0571961 0.125059 9.9973E-05 9.9973E-05 0.698344 9.9973E-05 0.0446863 0.0744147
9.9964E-05 9.9964E-05 0.0173197 0.0657287 0.248436 9.9964E-05 9.9964E-05 0.668116
9.9964E-05 0.0455764 9.9964E-05 0.0659458 0.664969 9.9964E-05 9.9964E-05 0.223108
0.644602 9.9955E-05 9.9955E-05 9.9955E-05 9.9955E-05 0.221236 0.133662 9.9955E-05
0.620983 0.0365186 9.9982E-05 0.0670679 9.9982E-05 0.0986596 0.0749211 0.10165
0.853882 9.9964E-05 9.9964E-05 9.9964E-05 9.9964E-05 0.0441861 0.0868323 0.0147001
0.906781 9.9955E-05 9.9955E-05 9.9955E-05 0.00389052 9.9955E-05 0.0888282 9.9955E-05
0.716647 0.047428 9.9973E-05 9.9973E-05 0.017055 0.205319 0.0132516 9.9973E-05
0.42188 9.99549E-05 9.99549E-05 9.99549E-05 9.99549E-05 0.523075 9.99549E-05 0.0545448
0.701352 9.9964E-05 0.206082 9.9964E-05 9.9964E-05 0.0863954 9.9964E-05 0.00577085
0.942694 9.9955E-05 0.00343785 0.0533684 9.9955E-05 9.9955E-05 9.9955E-05 9.9955E-05
0.816049 0.0106664 9.9973E-05 9.9973E-05 0.00184064 0.0776675 0.0934766 9.9973E-05
0.734173 0.02853 9.9964E-05 9.9964E-05 9.9964E-05 0.175856 0.0610416 9.9964E-05
9.9973E-05 0.00513557 9.9973E-05 0.603694 9.9973E-05 0.0611863 0.0459296 0.283754
9.9973E-05 0.00149959 0.0818988 0.366238 0.0131327 9.9973E-05 0.536931 9.9973E-05
9.9964E-05 9.9964E-05 9.9964E-05 0.602411 0.225783 0.133677 0.037729 9.9964E-05
9.9973E-05 9.9973E-05 0.0268229 0.598101 0.141064 9.9973E-05 0.00916287 0.224549
0.0364422 9.99729E-05 9.99729E-05 0.36147 0.0490368 9.99729E-05 0.357856 0.194894
9.99549E-05 9.99549E-05 9.99549E-05 0.548473 0.17784 9.99549E-05 0.273187 9.99549E-05
9.9973E-05 0.185436 9.9973E-05 0.378503 0.0916641 0.250592 9.9973E-05 0.0935057
9.9973E-05 0.251236 9.9973E-05 0.433107 0.128611 0.0425924 9.9973E-05 0.144153
0.00171327 0.0863472 9.9964E-05 0.658314 0.253226 9.9964E-05 9.9964E-05 9.9964E-05
9.9955E-05 0.153652 9.9955E-05 0.400982 0.444867 9.9955E-05 9.9955E-05 9.9955E-05
9.9955E-05 9.9955E-05 0.0476226 0.610464 9.9955E-05 9.9955E-05 9.9955E-05 0.341414
0.0525543 9.9964E-05 9.9964E-05 0.409589 0.0983008 9.9964E-05 9.9964E-05 0.439156
0.0772529 0.159928 9.9973E-05 0.161364 9.9973E-05 9.9973E-05 0.256396 0.34476
0.121521 0.0391546 9.9982E-05 0.184808 0.0721096 9.9982E-05 0.371219 0.210987
9.9955E-05 9.9955E-05 9.9955E-05 9.9955E-05 0.417005 0.311909 0.270586 9.9955E-05
9.9982E-05 9.9982E-05 0.00484353 0.0691425 0.310804 0.178027 0.106892 0.330091
9.996E-05 9.996E-05 9.996E-05 0.160835 0.509796 9.996E-05 0.177026 0.151944
0.0668872 0.154331 9.9964E-05 0.441529 0.336853 9.9964E-05 9.9964E-05 9.9964E-05
9.9964E-05 0.0373893 9.9964E-05 0.369298 0.20807 0.384843 9.9964E-05 9.9964E-05
9.9973E-05 9.9973E-05 9.9973E-05 0.579414 0.0237098 0.137044 0.001744 0.257789
9.9964E-05 9.9964E-05 0.193735 0.192607 0.345609 0.267649 9.9964E-05 9.9964E-05
9.9973E-05 9.9973E-05 0.0137361 0.618176 0.0621857 0.141289 9.9973E-05 0.164313
0.095466 0.117696 0.00281224 0.392663 0.297237 0.00789829 0.086127 9.9991E-05
9.9973E-05 9.9973E-05 0.023579 0.599971 0.228824 9.9973E-05 0.0703653 0.0769605
9.9955E-05 0.462965 9.9955E-05 9.9955E-05 0.506753 9.9955E-05 0.0297817 9.9955E-05
9.998E-05 0.218707 0.129552 0.146461 0.277502 9.998E-05 0.0076627 0.219915
9.996E-05 9.996E-05 0.159167 9.996E-05 0.606843 9.996E-05 0.102874 0.130716
0.0338805 0.541108 0.144517 0.0525064 0.227689 9.9973E-05 9.9973E-05 9.9973E-05
0.0426058 0.248481 9.9964E-05 0.0264874 0.682026 9.9964E-05 9.9964E-05 9.9964E-05
9.9964E-05 9.9964E-05 0.0274846 0.100996 0.826756 9.9964E-05 0.0443642 9.9964E-05
9.9955E-05 9.9955E-05 0.0743727 0.477302 9.9955E-05 9.9955E-05 0.447825 9.9955E-05
9.9973E-05 0.0577549 0.0071476 0.121635 9.9973E-05 0.137392 0.67577 9.9973E-05
9.9955E-05 9.9955E-05 9.9955E-05 0.0580445 9.9955E-05 0.0803709 0.861085 9.9955E-05
9.9964E-05 0.144872 9.9964E-05 0.125495 0.0183253 9.9964E-05 0.710909 9.9964E-05
0.0328559 9.99549E-05 9.99549E-05 0.307366 9.99549E-05 9.99549E-05 0.659278 9.99549E-05
0.0916924 0.311969 9.9964E-05 0.503712 9.9964E-05 9.9964E-05 0.0922271 9.9964E-05
9.9964E-05 9.9964E-05 0.0384982 0.648029 9.9964E-05 9.9964E-05 0.311636 0.00143721
9.996E-05 0.310887 9.996E-05 0.652931 0.0111437 0.0246383 9.996E-05 9.996E-05
0.0292131 0.36651 9.99549E-05 0.603777 9.99549E-05 9.99549E-05 9.99549E-05 9.99549E-05
9.9964E-05 9.9964E-05 0.0522006 0.513883 0.346731 9.9964E-05 9.9964E-05 0.0867854
0.341916 0.0881452 0.231131 0.080149 0.104173 0.154286 9.9982E-05 9.9982E-05
0.581529 9.9964E-05 0.235407 9.9964E-05 0.0747699 9.9964E-05 9.9964E-05 0.107895
9.9955E-05 0.0695136 0.914284 9.9955E-05 9.9955E-05 9.9955E-05 9.9955E-05 0.0157025
0.200599 0.132502 0.492434 0.0122536 9.9973E-05 0.161911 9.9973E-05 9.9973E-05
0.165515 9.99549E-05 0.578392 9.99549E-05 9.99549E-05 0.255593 9.99549E-05 9.99549E-05
9.9973E-05 0.0164094 0.69269 0.0176021 9.9973E-05 0.199547 0.0734524 9.9973E-05
9.99459E-05 9.99459E-05 9.99459E-05 9.99459E-05 9.99459E-05 0.865036 0.134364 9.99459E-05
0.0161449 9.9973E-05 0.125208 0.0448773 0.0325723 0.780898 9.9973E-05 9.9973E-05
0.569471 9.9964E-05 0.0587316 9.9964E-05 9.9964E-05 0.334127 9.9964E-05 0.0372706
0.788099 9.9964E-05 0.14619 9.9964E-05 0.0077605 0.0575505 9.9964E-05 9.9964E-05
0.495204 9.998E-05 0.133657 0.0764305 0.0332111 0.237886 9.998E-05 0.0234115
0.584921 9.99551E-05 0.347534 0.0670459 9.99551E-05 9.99551E-05 9.99551E-05 9.99551E-05
0.27049 9.9973E-05 0.147816 0.0116197 0.0988987 0.470875 9.9973E-05 9.9973E-05
0.335909 9.9964E-05 0.321821 0.107377 9.9964E-05 0.234493 9.9964E-05 9.9964E-05
0.152109 9.9964E-05 0.0693506 0.0600205 9.9964E-05 0.71812 9.9964E-05 9.9964E-05
0.257624 9.9973E-05 0.409317 0.0566244 9.9973E-05 0.258189 9.9973E-05 0.0179462
0.0993238 9.9964E-05 0.107435 9.9964E-05 9.9964E-05 0.777523 9.9964E-05 0.0153182
0.0722977 9.9982E-05 0.642024 0.101286 9.9982E-05 0.126046 0.0513987 0.0067483
0.237237 9.9964E-05 0.565332 0.142656 0.0543758 9.9964E-05 9.9964E-05 9.9964E-05
9.9964E-05 9.9964E-05 0.786459 0.0158412 9.9964E-05 0.0629299 0.134371 9.9964E-05
0.0101041 9.9964E-05 0.599652 9.9964E-05 0.0469759 0.342868 9.9964E-05 9.9964E-05
9.99461E-05 9.99461E-05 0.975936 9.99461E-05 9.99461E-05 9.99461E-05 9.99461E-05 0.0234646
0.348298 0.0305161 0.55983 9.9964E-05 9.9964E-05 0.0609557 9.9964E-05 9.9964E-05
0.136506 9.9973E-05 0.210557 0.0139708 9.9973E-05 0.581969 0.0566966 9.9973E-05
0.000536992 9.9973E-05 0.774538 9.9973E-05 0.042593 0.000619106 0.181413 9.9973E-05
9.9982E-05 0.0109777 0.0315449 0.109531 0.0094882 9.9982E-05 0.0328699 0.805389
9.9946E-05 0.897198 0.102203 9.9946E-05 9.9946E-05 9.9946E-05 9.9946E-05 9.9946E-05
9.9955E-05 0.833108 0.110121 9.9955E-05 9.9955E-05 9.9955E-05 9.9955E-05 0.0562712
0.0606639 9.9982E-05 0.00291021 0.0123084 0.0211134 9.9982E-05 0.123248 0.779556
0.036382 0.0132703 9.9964E-05 9.9964E-05 9.9964E-05 9.9964E-05 0.355301 0.594647
9.99551E-05 0.155828 9.99551E-05 9.99551E-05 9.99551E-05 0.0833202 0.760352 9.99551E-05
0.0104599 0.0879169 9.9982E-05 9.9982E-05 0.325814 0.16046 0.162495 0.252655
0.0759468 0.203491 9.9973E-05 9.9973E-05 0.442835 9.9973E-05 0.168368 0.109059
9.9955E-05 9.9955E-05 9.9955E-05 9.9955E-05 0.346522 9.9955E-05 0.105664 0.547314
9.997E-05 0.150536 9.997E-05 9.997E-05 0.0503463 0.0561516 0.246557 0.496109
9.9964E-05 9.9964E-05 0.0869412 9.9964E-05 0.423258 0.0116394 9.9964E-05 0.477762
9.9955E-05 9.9955E-05 0.0463921 9.9955E-05 0.707343 9.9955E-05 9.9955E-05 0.245765
0.0432465 9.99549E-05 9.99549E-05 9.99549E-05 0.470987 9.99549E-05 9.99549E-05 0.485266
9.9973E-05 9.9973E-05 0.0476142 9.9973E-05 0.453478 0.0300627 0.0622976 0.406248
0.0115834 9.99729E-05 9.99729E-05 9.99729E-05 0.455094 0.00918948 0.448084 0.0757498
9.99549E-05 9.99549E-05 9.99549E-05 9.99549E-05 0.552195 9.99549E-05 0.175799 0.271506
0.0494751 9.99639E-05 0.0541223 9.99639E-05 0.399023 9.99639E-05 9.99639E-05 0.496979
9.9964E-05 9.9964E-05 0.0531797 0.00180146 0.464695 9.9964E-05 9.9964E-05 0.479924
0.0472986 0.159839 9.997E-05 9.997E-05 0.425728 0.00284157 9.997E-05 0.363993
9.9973E-05 0.265298 9.9973E-05 0.0522194 0.00916485 9.9973E-05 0.296722 0.376296
9.9964E-05 0.415361 9.9964E-05 9.9964E-05 0.124536 9.9964E-05 0.0369557 0.422747
9.996E-05 0.430838 9.996E-05 0.0986166 9.996E-05 9.996E-05 0.0755848 0.394561
9.9964E-05 0.566504 9.9964E-05 0.0532588 9.9964E-05 9.9964E-05 0.02509 0.354747
9.9946E-05 9.9946E-05 9.9946E-05 9.9946E-05 9.9946E-05 9.9946E-05 0.244673 0.754728
9.9955E-05 9.9955E-05 9.9955E-05 0.112954 9.9955E-05 9.9955E-05 0.0304409 0.856106
9.9955E-05 9.9955E-05 9.9955E-05 0.226403 9.9955E-05 9.9955E-05 0.113545 0.659552
9.9955E-05 9.9955E-05 9.9955E-05 0.0413484 9.9955E-05 9.9955E-05 0.0868534 0.871298
0.0424311 9.9991E-05 0.00938073 0.00669129 0.0136218 0.00458582 0.0528852 0.870304
9.9955E-05 0.0474629 9.9955E-05 9.9955E-05 0.162028 9.9955E-05 9.9955E-05 0.790009
9.9973E-05 0.0743032 0.0238482 0.0422591 0.00899274 9.9973E-05 9.9973E-05 0.850297
9.9955E-05 0.144861 9.9955E-05 9.9955E-05 0.0351543 9.9955E-05 9.9955E-05 0.819485
9.99639E-05 0.246088 9.99639E-05 9.99639E-05 0.30215 9.99639E-05 0.0918422 0.35952
9.997E-05 0.284973 0.0516033 0.0225555 9.997E-05 9.997E-05 0.114003 0.526565
9.9982E-05 0.159888 9.9982E-05 0.0371523 0.143818 0.0106315 0.0849293 0.563381
9.9982E-05 0.000601952 9.9982E-05 0.0550408 0.0146876 0.0213476 0.105219 0.802903
9.99641E-05 0.0753899 9.99641E-05 9.99641E-05 0.00345503 9.99641E-05 0.118733 0.802022
9.9955E-05 0.115212 9.9955E-05 0.0653223 9.9955E-05 9.9955E-05 9.9955E-05 0.818965
9.9964E-05 0.0369202 9.9964E-05 9.9964E-05 0.0385677 9.9964E-05 0.15908 0.765033
9.9955E-05 0.65094 9.9955E-05 9.9955E-05 9.9955E-05 0.079442 9.9955E-05 0.269118
9.9964E-05 0.608983 9.9964E-05 9.9964E-05 0.00407726 0.0657249 9.9964E-05 0.320815
9.9955E-05 0.307824 9.9955E-05 9.9955E-05 9.9955E-05 0.106722 9.9955E-05 0.584954
9.9955E-05 0.111438 9.9955E-05 9.9955E-05 0.0881121 9.9955E-05 9.9955E-05 0.79995
0.0927338 0.0256959 9.998E-05 0.0452783 0.0504345 0.0127439 9.998E-05 0.772914
9.997E-05 0.112486 0.0297268 9.997E-05 0.0880827 0.0329842 9.997E-05 0.73642
9.996E-05 0.0816427 9.996E-05 0.0513665 9.996E-05 0.0215482 9.996E-05 0.845043
0.198305 9.9964E-05 0.0273222 0.168516 9.9964E-05 9.9964E-05 9.9964E-05 0.605457
9.9964E-05 0.0255693 0.28066 9.9964E-05 9.9964E-05 0.107283 9.9964E-05 0.586088
9.9955E-05 0.158256 9.9955E-05 9.9955E-05 9.9955E-05 9.9955E-05 0.122813 0.718431
9.99549E-05 0.625176 9.99549E-05 9.99549E-05 9.99549E-05 9.99549E-05 0.124293 0.250032
9.9964E-05 0.423149 9.9964E-05 9.9964E-05 0.0385036 0.12966 9.9964E-05 0.408288
9.9964E-05 0.490831 9.9964E-05 9.9964E-05 0.0630185 0.0357353 9.9964E-05 0.410015
9.9964E-05 0.833214 9.9964E-05 0.0256127 9.9964E-05 9.9964E-05 0.1085 0.0322735
9.9955E-05 0.096877 9.9955E-05 9.9955E-05 9.9955E-05 9.9955E-05 0.111999 0.790624
9.9964E-05 0.582114 9.9964E-05 9.9964E-05 0.0232386 9.9964E-05 0.0730369 0.32121
0.0202631 0.346642 9.9964E-05 9.9964E-05 0.0715599 9.9964E-05 9.9964E-05 0.561135
9.9964E-05 0.357499 9.9964E-05 9.9964E-05 0.172544 9.9964E-05 0.0949126 0.374645
9.9964E-05 0.38931 9.9964E-05 9.9964E-05 9.9964E-05 0.0390489 0.0655212 0.50572
9.996E-05 0.0788547 0.191233 9.996E-05 9.996E-05 0.689654 0.0398581 9.996E-05
0.151055 0.0518934 0.461398 9.9964E-05 9.9964E-05 0.335254 9.9964E-05 9.9964E-05
0.24126 9.9964E-05 0.312263 9.9964E-05 9.9964E-05 0.33701 0.109068 9.9964E-05
0.114675 0.0773538 0.662002 9.99729E-05 0.00780842 9.99729E-05 0.137861 9.99729E-05
0.151118 9.997E-05 0.642209 9.997E-05 9.997E-05 0.0994295 0.0246096 0.0823341
0.0569499 0.00965573 0.816104 9.9973E-05 9.9973E-05 0.102063 9.9973E-05 0.0149273
0.335488 0.0366418 0.25853 9.9964E-05 9.9964E-05 0.36894 9.9964E-05 9.9964E-05
0.174062 9.9955E-05 0.175171 9.9955E-05 9.9955E-05 0.650267 9.9955E-05 9.9955E-05
9.99551E-05 0.00618783 9.99551E-05 9.99551E-05 9.99551E-05 0.93151 0.0618027 9.99551E-05
0.200182 9.9964E-05 0.578036 9.9964E-05 9.9964E-05 0.126208 9.9964E-05 0.0951734
0.0858425 9.99551E-05 0.834933 0.0787245 9.99551E-05 9.99551E-05 9.99551E-05 9.99551E-05
9.99461E-05 9.99461E-05 0.915827 0.0835734 9.99461E-05 9.99461E-05 9.99461E-05 9.99461E-05
0.100087 9.99641E-05 0.857082 9.99641E-05 0.00973068 9.99641E-05 9.99641E-05 0.0327004
