0.542955 0.0709642 9.9991E-05 0.00420751 0.381773
0.120108 0.332065 9.9991E-05 0.15342 0.394308
0.395265 0.0626723 0.0028405 0.116205 0.423018
0.46588 0.00227507 0.0265543 0.121922 0.383368
0.300893 9.9982E-05 0.0353434 9.9982E-05 0.663563
0.583143 9.9982E-05 9.9982E-05 0.0441874 0.37247
9.9973E-05 0.97741 9.9973E-05 0.0222901 9.9973E-05
0.0733465 0.599279 0.193348 0.0409693 0.0930571
9.9982E-05 0.752421 0.24612 9.9982E-05 0.00125909
0.0596482 0.741065 0.199087 9.9982E-05 9.9982E-05
9.9973E-05 0.904278 0.0954222 9.9973E-05 9.9973E-05
0.00455669 0.870327 0.0865969 9.9991E-05 0.0384197
9.9973E-05 0.541004 0.458696 9.9973E-05 9.9973E-05
9.9973E-05 0.551878 0.447822 9.9973E-05 9.9973E-05
9.9982E-05 0.762164 0.232961 0.00467487 9.9982E-05
9.99731E-05 0.863378 0.136322 9.99731E-05 9.99731E-05
0.525848 9.9991E-05 0.0368549 0.143254 0.293943
0.283702 9.9982E-05 0.100972 0.615126 9.9982E-05
0.707374 0.00619916 0.0998841 0.186443 9.9991E-05
0.697024 9.9991E-05 0.0927166 0.108371 0.101788
0.336597 9.9991E-05 0.0892072 0.378781 0.195315
0.620087 9.9982E-05 0.0481729 0.331541 9.9982E-05
0.52389 0.298771 9.9982E-05 9.9982E-05 0.177139
0.683903 0.0537759 0.000917107 9.9991E-05 0.261304
0.867017 0.0668176 0.00526474 9.9991E-05 0.0608008
0.863269 9.9982E-05 9.9982E-05 0.0286322 0.107899
0.544569 9.9982E-05 0.146136 9.9982E-05 0.309095
0.549971 9.9982E-05 0.122235 9.9982E-05 0.327594
0.0921925 0.0631673 0.0221903 0.27145 0.551
0.106891 0.0173086 0.110353 0.432319 0.333128
0.334908 0.147772 9.9982E-05 0.51712 9.9982E-05
0.259361 0.163418 0.0119792 0.216951 0.348291
0.502006 9.9982E-05 9.9982E-05 0.246779 0.251015
0.867025 0.132675 9.9973E-05 9.9973E-05 9.9973E-05
0.667824 0.328076 9.9982E-05 0.00389986 9.9982E-05
0.589187 0.0934459 0.040219 0.107096 0.170052
0.504165 0.206597 0.187247 0.10189 9.9991E-05
0.741036 0.0985389 0.0747595 9.9991E-05 0.0855656
0.674592 0.0993655 0.0467412 0.179201 9.9991E-05
0.787915 0.0275613 0.059258 0.125166 9.9991E-05
0.47982 9.9982E-05 9.9982E-05 0.222017 0.297963
0.339553 9.9991E-05 0.110565 0.135794 0.413988
0.443275 9.9991E-05 0.152414 0.152469 0.251743
0.330695 0.118549 0.0472039 9.9991E-05 0.503452
0.638258 0.0208227 9.9991E-05 0.0390068 0.301812
0.727748 9.9991E-05 0.0106655 0.20042 0.0610664
0.299779 9.9982E-05 0.138906 0.561115 9.9982E-05
0.0836669 9.9991E-05 0.0432269 0.83982 0.0331866
9.9973E-05 0.000932874 9.9973E-05 0.998767 9.9973E-05
0.0605006 9.9982E-05 9.9982E-05 0.766327 0.172973
0.196181 9.9982E-05 0.109315 0.694304 9.9982E-05
0.502317 0.167776 0.00314346 0.202777 0.123986
0.505083 9.9982E-05 0.125931 0.368786 9.9982E-05
0.793865 0.0146005 0.0041777 0.164319 0.0230378
0.698868 0.076957 9.9991E-05 0.183911 0.040164
0.751558 9.9991E-05 0.0888162 0.0616802 0.0978461
0.21082 0.487587 0.285839 9.9991E-05 0.0156537
0.122387 0.357684 0.486047 9.9991E-05 0.0337816
0.0314591 0.0479408 0.865578 9.9991E-05 0.0549222
0.0340958 0.441189 0.480585 0.0440307 9.9991E-05
9.9982E-05 0.410766 0.58775 9.9982E-05 0.00128415
9.9991E-05 0.207867 0.640244 0.149239 0.00255019
9.9973E-05 0.788272 9.9973E-05 0.211428 9.9973E-05
0.151024 0.770736 0.07804 9.9982E-05 9.9982E-05
9.9982E-05 0.712401 0.259524 9.9982E-05 0.027875
9.9973E-05 0.593524 0.406176 9.9973E-05 9.9973E-05
0.167687 0.477066 0.346014 0.00913297 9.9991E-05
0.0934374 0.240568 0.665795 9.99821E-05 9.99821E-05
0.114779 0.654609 0.230412 9.9982E-05 9.9982E-05
0.0243974 0.561927 0.413476 9.9982E-05 9.9982E-05
0.105531 0.731183 0.126854 9.9991E-05 0.0363321
0.102263 0.36252 0.535017 9.9982E-05 9.9982E-05
0.0349334 0.850914 0.0754021 9.9991E-05 0.0386507
9.9991E-05 0.178293 0.714646 0.079876 0.0270853
0.127943 0.124307 0.74755 9.9982E-05 9.9982E-05
9.9973E-05 9.9973E-05 0.811209 0.188491 9.9973E-05
9.9991E-05 0.319784 0.599878 0.0473603 0.032878
9.9973E-05 9.9973E-05 0.970543 9.9973E-05 0.0291567
9.9973E-05 0.332922 0.666778 9.9973E-05 9.9973E-05
9.9982E-05 0.688168 0.216899 0.0947322 9.9982E-05
9.9982E-05 0.107311 0.724187 0.168302 9.9982E-05
0.0552372 9.9982E-05 0.0991788 9.9982E-05 0.845384
9.9982E-05 0.136607 9.9982E-05 0.0934157 0.769777
9.99731E-05 0.159933 9.99731E-05 9.99731E-05 0.839767
9.9982E-05 9.9982E-05 0.113754 0.097942 0.788104
9.9982E-05 9.9982E-05 0.0476418 0.277522 0.674636
9.9982E-05 0.0178689 9.9982E-05 0.823526 0.158405
0.0697513 0.197488 9.9991E-05 0.147918 0.584743
0.108057 0.159089 9.9991E-05 0.230307 0.502446
0.063604 9.9991E-05 0.0801797 0.131457 0.724659
9.9973E-05 9.9973E-05 9.9973E-05 0.284216 0.715484
0.131741 9.9982E-05 0.152817 9.9982E-05 0.715242
0.362106 9.9982E-05 0.0941703 9.9982E-05 0.543523
0.303036 9.9982E-05 0.0752425 9.9982E-05 0.621522
0.274912 9.9991E-05 0.0633338 0.0794295 0.582225
0.0741302 0.0181923 0.0435359 0.491376 0.372766
0.337371 9.9991E-05 0.0324026 0.162 0.468126
0.179351 9.9982E-05 0.122625 9.9982E-05 0.697824
0.319926 9.9982E-05 0.0847931 9.9982E-05 0.595081
0.370563 0.0664017 9.9982E-05 9.9982E-05 0.562836
0.0404758 9.9982E-05 9.9982E-05 0.304958 0.654366
0.0518524 9.9982E-05 9.9982E-05 0.0693327 0.878615
0.0607316 0.0241223 9.9991E-05 0.0880472 0.826999
0.0215921 0.00150473 9.9991E-05 0.120415 0.856389
9.9982E-05 9.9982E-05 0.0430027 0.225917 0.73088
0.108241 9.9982E-05 0.0564436 9.9982E-05 0.835116
0.204221 9.9991E-05 0.0625934 0.0738574 0.659228
9.9982E-05 9.9982E-05 0.0584458 0.00725943 0.934095
9.9973E-05 9.9973E-05 0.105006 9.9973E-05 0.894695
0.0858892 0.0284952 0.00766372 9.9991E-05 0.877852
0.110615 9.9982E-05 0.040353 9.9982E-05 0.848832
0.0524696 9.9982E-05 0.0148177 9.9982E-05 0.932513
0.202246 9.9982E-05 9.9982E-05 0.152284 0.64527
0.0125198 9.9991E-05 0.0691074 0.143146 0.775126
0.120584 0.0607505 9.9991E-05 0.061558 0.757008
0.042551 9.9991E-05 0.0667025 0.0234007 0.867246
9.9982E-05 9.9982E-05 0.0301957 0.0810324 0.888572
0.0203447 9.9982E-05 0.0452103 9.9982E-05 0.934245
9.9982E-05 9.9982E-05 0.0135055 0.105359 0.880936
0.015336 0.170967 9.9982E-05 9.9982E-05 0.813497
9.9982E-05 0.0802254 9.9982E-05 0.0949221 0.824652
9.9973E-05 0.10953 9.9973E-05 9.9973E-05 0.89017
0.0103786 9.9982E-05 0.0439215 9.9982E-05 0.9455
0.0885872 0.0099291 0.0903962 9.9991E-05 0.810988
0.0467303 0.00721053 0.0581954 9.9991E-05 0.887764
9.9991E-05 0.026195 0.0300371 0.00437344 0.939294
0.0699122 0.064924 0.224862 9.9991E-05 0.640202
9.9982E-05 0.105053 0.315404 9.9982E-05 0.579344
9.9973E-05 9.9973E-05 9.9973E-05 0.143098 0.856602
9.9982E-05 0.0661749 9.9982E-05 0.108282 0.825344
9.9973E-05 0.20967 9.9973E-05 9.9973E-05 0.79003
0.0269565 0.101055 9.9982E-05 9.9982E-05 0.871789
9.9982E-05 0.0527964 9.9982E-05 0.258947 0.688057
9.9982E-05 9.9982E-05 0.0278376 0.0732885 0.898674
0.0285522 0.0369832 9.9991E-05 0.123293 0.811071
0.0290736 0.0219637 0.02193 9.9991E-05 0.926933
0.108409 9.9982E-05 9.9982E-05 0.193301 0.69809
9.9982E-05 0.0822137 9.9982E-05 0.0906231 0.826963
9.9991E-05 0.743734 0.0838958 0.0811449 0.0911251
9.9982E-05 0.492312 0.43705 9.9982E-05 0.070438
9.9982E-05 0.547572 0.310086 0.142142 9.9982E-05
9.9991E-05 0.183094 0.628526 0.113042 0.0752391
9.9991E-05 0.182922 0.686849 0.0396527 0.0904762
9.9973E-05 0.196667 0.803033 9.9973E-05 9.9973E-05
0.0317047 0.595043 0.373052 9.9982E-05 9.9982E-05
9.9982E-05 0.781186 0.206265 9.9982E-05 0.012349
9.99731E-05 0.827254 9.99731E-05 0.172446 9.99731E-05
9.9982E-05 0.258078 0.654748 9.9982E-05 0.0869741
0.0283675 9.99731E-05 0.971333 9.99731E-05 9.99731E-05
0.0482053 9.9973E-05 0.951495 9.9973E-05 9.9973E-05
0.0631737 9.9982E-05 0.894988 9.9982E-05 0.041638
