9.9982E-05 0.483765 0.037322 0.172007 0.306707 9.9982E-05
9.999E-05 0.0573669 0.226547 0.394198 0.12111 0.200678
9.999E-05 0.282378 0.16673 0.104803 0.41359 0.0324002
0.020457 0.358688 0.181775 0.0815091 0.357471 9.9991E-05
9.9973E-05 0.208824 9.9973E-05 0.00989625 0.78098 9.9973E-05
9.9982E-05 0.466917 0.0554588 0.0271647 0.45026 9.9982E-05
9.9973E-05 9.9973E-05 0.0637023 0.043381 9.9973E-05 0.892617
0.178348 0.0436532 0.0174788 0.121999 0.047429 0.591093
0.180541 9.9982E-05 9.9982E-05 0.032174 0.023879 0.763206
0.109266 0.0379794 9.9973E-05 9.9973E-05 9.9973E-05 0.852455
0.0249871 9.9973E-05 9.9973E-05 0.063004 9.9973E-05 0.911709
9.9982E-05 0.0199186 9.9982E-05 0.0199457 0.0687144 0.891221
0.317729 9.9973E-05 9.9973E-05 9.9973E-05 0.0118863 0.670085
0.345147 0.0535624 9.9973E-05 9.9973E-05 9.9973E-05 0.60099
0.159673 9.9982E-05 0.0381038 0.0328658 9.9982E-05 0.769158
0.0635919 9.99731E-05 9.99731E-05 0.0691328 9.99731E-05 0.866975
0.00323729 0.436571 0.186901 0.0256498 0.347541 9.9991E-05
0.103101 0.202942 0.621749 0.0420352 0.030073 9.9991E-05
0.0522996 0.668448 0.18589 9.9982E-05 0.093162 9.9982E-05
0.0631668 0.480216 0.140779 9.9982E-05 0.315639 9.9982E-05
0.0288585 0.256686 0.438344 9.9982E-05 0.275911 9.9982E-05
0.0454195 0.528041 0.388088 9.9982E-05 0.0382523 9.9982E-05
9.9982E-05 0.478343 9.9982E-05 0.241539 0.0707846 0.209134
0.00960321 0.614574 9.9982E-05 0.238252 0.13737 9.9982E-05
9.99641E-05 0.880785 9.99641E-05 9.99641E-05 0.118815 9.99641E-05
9.9982E-05 0.731579 0.00699636 0.11348 0.147745 9.9982E-05
0.107953 0.472972 9.9973E-05 9.9973E-05 0.418775 9.9973E-05
0.0742707 0.449302 9.9973E-05 9.9973E-05 0.476127 9.9973E-05
0.0317229 0.0219388 0.318973 0.257206 0.337213 0.0329462
0.0718829 0.101385 0.433434 0.109848 0.283349 9.9991E-05
9.9982E-05 0.191982 0.622374 9.9982E-05 0.103918 0.0815272
0.0310294 0.0911065 0.309212 9.9991E-05 0.496365 0.0721863
9.9973E-05 0.33796 0.297762 9.9973E-05 0.363978 9.9973E-05
9.9973E-05 0.853097 9.9973E-05 0.0777889 9.9973E-05 0.0688147
9.9982E-05 0.645682 0.0525933 0.105572 9.9982E-05 0.195952
9.9982E-05 0.543192 0.129004 9.9982E-05 0.260988 0.0666166
0.241287 0.445916 0.194409 9.9991E-05 0.0400156 0.0782717
0.0478245 0.675842 9.9991E-05 0.00784229 0.157275 0.111116
0.0547212 0.599827 0.219457 0.106025 9.9991E-05 0.0198693
0.0515119 0.659395 0.123565 9.9991E-05 0.160775 0.00465288
9.9973E-05 0.439624 0.105768 0.454308 9.9973E-05 9.9973E-05
0.0724253 0.320386 0.110438 0.13241 0.364241 9.9991E-05
0.107777 0.30978 0.193348 9.9982E-05 0.388895 9.9982E-05
0.142175 0.249975 9.9982E-05 0.470459 0.137192 9.9982E-05
9.9982E-05 0.531728 0.0335057 0.132656 0.30191 9.9982E-05
0.00155612 0.571557 0.231679 9.9982E-05 0.195008 9.9982E-05
0.118506 0.219817 0.661377 9.9973E-05 9.9973E-05 9.9973E-05
0.0602805 9.9982E-05 0.753173 0.172151 9.9982E-05 0.0141949
9.9964E-05 9.9964E-05 0.922774 0.0768259 9.9964E-05 9.9964E-05
9.9973E-05 0.0568362 0.688349 0.254515 9.9973E-05 9.9973E-05
0.0822576 0.145059 0.772383 9.9973E-05 9.9973E-05 9.9973E-05
0.0929796 0.410312 0.184762 0.311746 9.9982E-05 9.9982E-05
0.123194 0.45282 0.423686 9.9973E-05 9.9973E-05 9.9973E-05
0.0459945 0.653497 0.0565206 0.243788 9.9982E-05 9.9982E-05
0.00125826 0.672152 0.0313551 0.295035 9.9982E-05 9.9982E-05
0.0957465 0.613034 0.0311738 9.9982E-05 0.259846 9.9982E-05
0.248361 0.21183 9.9982E-05 0.148608 9.9982E-05 0.391001
0.408775 0.066401 9.9991E-05 0.0858323 0.0565122 0.38238
0.92615 9.9964E-05 9.9964E-05 0.0734497 9.9964E-05 9.9964E-05
0.521625 9.9982E-05 0.039557 0.155349 9.9982E-05 0.283269
0.587225 9.9973E-05 9.9973E-05 0.0568231 9.9973E-05 0.355652
0.677333 9.9982E-05 0.167652 0.0512296 9.9982E-05 0.103586
9.9973E-05 9.9973E-05 0.255069 0.0557431 9.9973E-05 0.688888
9.9982E-05 0.101637 0.0474921 9.9982E-05 0.0556488 0.795022
0.0920748 9.9973E-05 9.9973E-05 9.9973E-05 0.071617 0.836008
0.313545 0.00251373 9.9973E-05 9.9973E-05 9.9973E-05 0.683642
0.232615 0.134056 9.9982E-05 9.9982E-05 0.0414131 0.591716
0.636503 0.0713069 9.99731E-05 9.99731E-05 9.99731E-05 0.29189
0.112064 0.148289 9.9973E-05 9.9973E-05 9.9973E-05 0.739347
0.41617 0.071118 9.9973E-05 9.9973E-05 9.9973E-05 0.512412
0.00588687 0.0778351 9.9982E-05 9.9982E-05 0.104563 0.811515
0.423003 0.077158 9.9982E-05 9.9982E-05 0.0623807 0.437258
9.9973E-05 9.9973E-05 9.9973E-05 0.0455614 0.0629647 0.891174
0.648097 9.9982E-05 0.0885831 9.9982E-05 0.0600386 0.203082
0.686222 0.181281 9.9973E-05 9.9973E-05 9.9973E-05 0.132197
0.696557 9.9973E-05 0.177427 9.9973E-05 9.9973E-05 0.125715
0.523655 9.9982E-05 0.0158674 9.9982E-05 0.0901813 0.370096
0.954198 9.9964E-05 9.9964E-05 9.9964E-05 0.0454017 9.9964E-05
0.628411 9.9973E-05 9.9973E-05 0.0305876 9.9973E-05 0.340701
0.153785 9.9973E-05 0.142261 9.9973E-05 9.9973E-05 0.703654
0.746868 9.9982E-05 0.208871 9.9982E-05 0.00917654 0.0348844
0.035361 0.0140553 0.0410518 0.109672 0.79976 9.9991E-05
0.124709 9.9964E-05 9.9964E-05 0.874891 9.9964E-05 9.9964E-05
0.112096 9.9973E-05 9.9973E-05 0.797564 0.0900394 9.9973E-05
0.0322438 9.9982E-05 0.106736 0.0777431 0.783077 9.9982E-05
9.9973E-05 9.9973E-05 0.308837 0.152032 0.538831 9.9973E-05
9.99641E-05 9.99641E-05 0.71669 0.28291 9.99641E-05 9.99641E-05
9.9991E-05 0.000508169 0.254426 0.169889 0.446126 0.12895
9.9991E-05 0.0628497 0.215077 0.239676 0.363263 0.119034
9.9973E-05 9.9973E-05 0.181488 9.9973E-05 0.800723 0.0174896
9.9973E-05 9.9973E-05 0.245823 0.280271 0.473606 9.9973E-05
0.102122 9.9982E-05 0.0301253 9.9982E-05 0.845209 0.0223432
0.0126555 0.255059 0.04856 9.9982E-05 0.683526 9.9982E-05
9.9973E-05 0.203761 0.0769613 9.9973E-05 0.718978 9.9973E-05
9.9973E-05 0.127252 0.187245 9.9973E-05 0.685203 9.9973E-05
9.9973E-05 9.9973E-05 0.583029 9.9973E-05 0.389495 0.0271766
9.9973E-05 0.193205 0.270585 9.9973E-05 0.53591 9.9973E-05
0.0405047 0.10379 9.9982E-05 9.9982E-05 0.805897 0.0496089
0.0297507 0.192215 0.0167753 9.9982E-05 0.761059 9.9982E-05
9.9982E-05 0.246748 9.9982E-05 0.12983 0.575644 0.0475774
9.9982E-05 0.0405744 0.212912 0.396138 0.350176 9.9982E-05
9.9982E-05 0.0184636 0.0223453 0.46328 0.495711 9.9982E-05
9.9982E-05 0.0732673 0.0282394 0.544762 0.353531 9.9982E-05
9.9973E-05 0.0232457 9.9973E-05 0.587709 0.388745 9.9973E-05
9.9982E-05 9.9982E-05 0.225716 0.0993462 0.661076 0.0136616
9.9982E-05 0.0668818 0.031406 0.0606794 0.840833 9.9982E-05
9.9982E-05 0.144978 0.0851095 0.152858 0.616854 9.9982E-05
0.00601917 9.9982E-05 0.056694 0.138399 0.798687 9.9982E-05
9.9973E-05 9.9973E-05 0.124718 0.0183432 0.856638 9.9973E-05
9.9973E-05 9.9973E-05 9.9973E-05 0.143934 0.837312 0.018454
0.0262647 0.0173417 9.9982E-05 0.18516 0.771034 9.9982E-05
9.9964E-05 9.9964E-05 9.9964E-05 0.232511 0.767089 9.9964E-05
9.9982E-05 0.116079 0.141704 0.300303 0.441715 9.9982E-05
0.0702089 9.9982E-05 0.0817288 0.367138 0.480725 9.9982E-05
9.9982E-05 0.0490687 0.12299 0.245901 0.58184 9.9982E-05
9.99731E-05 9.99731E-05 0.108743 0.0910468 0.79991 9.99731E-05
9.9973E-05 9.9973E-05 0.0699408 0.196085 0.733675 9.9973E-05
0.0118707 9.9973E-05 9.9973E-05 0.261317 0.726513 9.9973E-05
9.9973E-05 9.9973E-05 0.135198 0.154501 0.710001 9.9973E-05
9.9973E-05 9.9973E-05 9.9973E-05 0.738301 0.201906 0.0594927
9.9973E-05 9.9973E-05 0.012559 0.680371 0.306771 9.9973E-05
0.0101144 9.9982E-05 0.0402297 0.496487 0.452969 9.9982E-05
9.9964E-05 9.9964E-05 9.9964E-05 0.180028 0.819572 9.9964E-05
0.0400913 0.0236889 9.9991E-05 0.146419 0.741994 0.0477071
0.0380833 9.9973E-05 9.9973E-05 0.258985 0.702632 9.9973E-05
9.9973E-05 9.9973E-05 0.012203 0.166628 0.820869 9.9973E-05
0.146837 0.098015 9.9991E-05 0.107779 0.561669 0.0856
0.264811 9.9982E-05 9.9982E-05 0.117393 0.530082 0.0875141
9.9973E-05 9.9973E-05 0.0878834 0.284876 0.626941 9.9973E-05
9.9973E-05 9.9973E-05 0.0844899 0.702076 0.213134 9.9973E-05
9.9973E-05 9.9973E-05 9.9973E-05 0.474132 0.432676 0.0928923
9.9973E-05 0.0360662 9.9973E-05 0.614652 0.348982 9.9973E-05
9.9973E-05 0.0154146 0.0728583 0.911427 9.9973E-05 9.9973E-05
9.9973E-05 9.9973E-05 0.0616958 0.238297 0.699707 9.9973E-05
9.9973E-05 0.0302486 9.9973E-05 0.64085 0.328602 9.9973E-05
9.9964E-05 9.9964E-05 9.9964E-05 0.402625 0.596975 9.9964E-05
9.9982E-05 0.0364283 0.137698 0.404843 0.42083 9.9982E-05
9.9973E-05 9.9973E-05 0.0459887 0.53583 0.417881 9.9973E-05
0.100423 9.9982E-05 0.131522 0.176518 9.9982E-05 0.591337
0.400134 9.9982E-05 0.0194375 0.0420469 9.9982E-05 0.538181
0.221104 0.0152393 0.153494 9.9982E-05 9.9982E-05 0.609962
0.617147 9.9982E-05 0.145652 0.0812012 9.9982E-05 0.155799
0.690934 9.9991E-05 0.0177042 0.0454795 0.0624766 0.183305
0.777445 9.9982E-05 0.0400906 0.00552676 9.9982E-05 0.176738
0.299307 9.9982E-05 9.9982E-05 0.053833 0.000345097 0.646315
0.0685556 9.9973E-05 9.9973E-05 9.9973E-05 0.0641363 0.867008
9.99731E-05 9.99731E-05 0.162723 0.160594 9.99731E-05 0.676383
0.621394 9.99762E-05 9.99762E-05 9.99762E-05 0.0854585 0.292847
0.956157 0.0434427 9.99641E-05 9.99641E-05 9.99641E-05 9.99641E-05
0.934973 0.0646275 9.9964E-05 9.9964E-05 9.9964E-05 9.9964E-05
0.926619 0.0137269 9.9973E-05 9.9973E-05 0.0593545 9.9973E-05
