0.00540458 0.720706 0.273889
9.9991E-05 0.427386 0.572514
0.0390359 0.718899 0.242065
0.0691469 0.742401 0.188452
0.0754021 0.924498 9.9991E-05
0.0590949 0.885685 0.0552202
0.462945 9.9991E-05 0.536955
0.518394 0.125729 0.355877
0.676455 9.9991E-05 0.323445
0.611832 9.9991E-05 0.388068
0.524557 9.9991E-05 0.475343
0.50721 0.00562755 0.487163
0.784284 9.9991E-05 0.215616
0.82145 9.9991E-05 0.17845
0.548574 9.9991E-05 0.451326
0.510145 9.9991E-05 0.489755
0.139228 0.694306 0.166466
0.101506 0.384158 0.514336
0.184387 0.543247 0.272366
0.247091 0.677519 0.0753907
0.0877288 0.568273 0.343998
0.15743 0.483756 0.358814
0.114061 0.558465 0.327474
0.161338 0.753061 0.0856001
0.174959 0.679131 0.14591
0.0779953 0.78882 0.133184
0.279598 0.720302 9.9991E-05
0.22386 0.77604 9.9991E-05
0.0206773 0.726201 0.253122
0.0860378 0.614143 0.299819
9.9991E-05 0.327374 0.672526
0.0883022 0.598072 0.313626
9.9991E-05 0.695134 0.304766
0.188792 0.588135 0.223073
0.0367186 0.34858 0.614702
0.147489 0.626626 0.225884
0.370268 0.306868 0.322863
0.229758 0.560208 0.210034
0.144921 0.523216 0.331863
0.172967 0.618756 0.208277
9.9991E-05 0.688552 0.311348
0.113551 0.795472 0.0909772
0.208318 0.655106 0.136576
0.203583 0.713934 0.082483
0.033517 0.785282 0.181201
0.0968531 0.687093 0.216054
0.132273 0.228539 0.639187
9.9991E-05 0.290861 0.709039
9.9991E-05 0.18965 0.81025
9.9991E-05 0.44515 0.55475
0.06609 0.352563 0.581347
0.141711 0.514497 0.343792
0.182175 0.474244 0.343581
0.123125 0.611942 0.264933
0.108507 0.568978 0.322515
0.250991 0.720122 0.0288861
0.598642 0.118081 0.283276
0.770752 0.090551 0.138697
0.960797 0.0391027 9.9991E-05
0.75054 9.9991E-05 0.24936
0.838519 0.00128261 0.160198
0.768905 0.0590106 0.172085
0.164376 9.9991E-05 0.835524
0.445896 9.9991E-05 0.554004
0.626907 9.9991E-05 0.372993
0.737758 9.9991E-05 0.262142
0.687402 0.0123559 0.300242
0.96899 0.0262009 0.00480918
0.530363 9.9991E-05 0.469537
0.760898 9.9991E-05 0.239002
0.46395 0.090421 0.445629
0.802105 0.0626563 0.135239
0.515763 9.9991E-05 0.484137
0.862898 0.0601657 0.0769363
0.87943 0.0916804 0.0288893
0.861594 0.0400405 0.0983651
0.791169 0.0326035 0.176227
0.993442 0.00645799 9.9991E-05
0.876884 9.9991E-05 0.123016
0.512191 9.9991E-05 0.487709
0.815885 0.0614676 0.122647
0.0794615 0.920439 9.9991E-05
0.0134381 0.816214 0.170348
0.0245771 0.834245 0.141178
0.103687 0.884538 0.0117748
0.0180574 0.801165 0.180777
9.9991E-05 0.26003 0.73987
0.0484065 0.68228 0.269313
0.00914223 0.669897 0.320961
0.036073 0.88298 0.0809475
9.9991E-05 0.773321 0.226579
0.187049 0.812851 9.9991E-05
0.152321 0.847579 9.9991E-05
0.0997418 0.900158 9.9991E-05
0.0961117 0.829706 0.0741823
0.00645623 0.577778 0.415766
0.0547946 0.762191 0.183014
0.134569 0.865331 9.9991E-05
0.154406 0.845494 9.9991E-05
0.0377156 0.881355 0.0809293
9.9991E-05 0.791785 0.208115
9.9991E-05 0.975129 0.0247707
9.9991E-05 0.957987 0.0419126
9.9991E-05 0.855665 0.144235
0.032043 0.817834 0.150123
0.027265 0.972635 9.9991E-05
0.0412127 0.946651 0.0121363
0.070094 0.929806 9.9991E-05
0.0592465 0.940654 9.9991E-05
0.0274629 0.972437 9.9991E-05
0.0403921 0.959508 9.9991E-05
9.999E-05 0.9998 9.999E-05
9.9991E-05 0.875045 0.124855
0.0692601 0.861759 0.0689811
9.9991E-05 0.888174 0.111726
0.0350704 0.932904 0.0320255
0.00975913 0.981786 0.00845468
0.0148872 0.985013 9.9991E-05
9.9991E-05 0.949949 0.0499513
9.9991E-05 0.770919 0.228981
9.9991E-05 0.798066 0.201834
9.9991E-05 0.914956 0.0849438
9.999E-05 0.9998 9.999E-05
0.104826 0.895074 9.9991E-05
0.0666646 0.933235 9.9991E-05
0.0376951 0.962205 9.9991E-05
0.319047 0.680853 9.9991E-05
0.411961 0.587939 9.9991E-05
9.9991E-05 0.914658 0.0852424
9.9991E-05 0.791267 0.208633
9.9991E-05 0.816491 0.183409
9.9991E-05 0.87317 0.12673
9.9991E-05 0.745615 0.254285
0.0106975 0.989202 9.9991E-05
9.9991E-05 0.828574 0.171326
9.9991E-05 0.988925 0.0109749
9.9991E-05 0.855237 0.144663
9.9991E-05 0.855597 0.144303
0.413755 0.00212942 0.584116
0.672715 9.9991E-05 0.327185
0.601178 9.9991E-05 0.398722
0.740675 0.117093 0.142232
0.875587 0.124313 9.9991E-05
0.992147 0.00175343 0.00609919
0.657388 0.018836 0.323776
0.521542 9.9991E-05 0.478358
0.100362 9.9991E-05 0.899538
0.864048 0.0933284 0.042624
0.9998 9.999E-05 9.999E-05
0.987122 0.0127776 9.9991E-05
0.973506 0.0263945 9.9991E-05
