0.22646 9.9973E-05 0.409641 0.109822 9.9973E-05 0.0216585 9.9973E-05 0.232118
0.149624 9.9973E-05 0.0911757 0.0428053 9.9973E-05 0.357717 9.9973E-05 0.358378
0.21055 0.0368463 0.248264 0.345809 9.9982E-05 0.0699137 9.9982E-05 0.0884168
0.593991 0.0503537 0.0989226 0.0657609 0.0727206 9.9982E-05 9.9982E-05 0.118051
0.170809 9.9955E-05 0.201014 0.627677 9.9955E-05 9.9955E-05 9.9955E-05 9.9955E-05
0.488013 0.0241094 0.29791 0.0899317 9.9973E-05 9.9973E-05 9.9973E-05 0.0997351
9.9955E-05 0.0747578 9.9955E-05 9.9955E-05 0.581633 0.343109 9.9955E-05 9.9955E-05
9.9982E-05 0.070858 0.00298364 0.165582 0.582991 0.157113 0.0202729 9.9982E-05
0.0229633 0.0167071 9.9964E-05 9.9964E-05 0.797408 0.162522 9.9964E-05 9.9964E-05
9.9973E-05 0.087289 0.00484333 9.9973E-05 0.823823 0.0733872 9.9973E-05 0.0103572
0.00437975 9.99639E-05 9.99639E-05 9.99639E-05 0.67469 0.299043 9.99639E-05 0.0214874
9.99729E-05 9.99729E-05 0.0216536 0.0223953 0.371371 0.524844 0.0594357 9.99729E-05
9.9955E-05 9.9955E-05 9.9955E-05 9.9955E-05 0.620598 0.159362 0.21954 9.9955E-05
9.99461E-05 0.0151813 9.99461E-05 9.99461E-05 0.984219 9.99461E-05 9.99461E-05 9.99461E-05
0.0089103 0.0689314 9.9964E-05 9.9964E-05 0.734136 0.187622 9.9964E-05 9.9964E-05
9.99551E-05 0.0107492 9.99551E-05 9.99551E-05 0.615767 0.372984 9.99551E-05 9.99551E-05
9.9955E-05 0.214086 0.444194 0.34122 9.9955E-05 9.9955E-05 9.9955E-05 9.9955E-05
0.062438 0.690457 0.0825437 0.0903512 9.9973E-05 9.9973E-05 0.0739099 9.9973E-05
0.170257 0.234201 0.51485 0.000566755 9.9982E-05 0.0271358 0.05279 9.9982E-05
0.188869 0.190423 0.374749 0.141677 9.9973E-05 9.9973E-05 0.103983 9.9973E-05
0.156762 0.529176 0.106039 0.176335 0.0300176 9.9982E-05 0.0014709 9.9982E-05
0.246224 0.473956 0.261438 9.9964E-05 9.9964E-05 9.9964E-05 0.0179829 9.9964E-05
9.9964E-05 9.9964E-05 0.568224 0.123999 9.9964E-05 0.185143 9.9964E-05 0.122234
9.9964E-05 9.9964E-05 0.629278 0.236389 9.9964E-05 0.00115769 9.9964E-05 0.132776
9.99551E-05 9.99551E-05 0.861535 0.127362 0.0106027 9.99551E-05 9.99551E-05 9.99551E-05
0.275491 0.0440543 0.50449 9.9964E-05 9.9964E-05 9.9964E-05 9.9964E-05 0.175565
9.9955E-05 9.9955E-05 0.489955 0.396188 9.9955E-05 9.9955E-05 0.113358 9.9955E-05
0.104372 9.9964E-05 0.420033 0.399741 9.9964E-05 9.9964E-05 0.0754552 9.9964E-05
0.010021 0.335428 9.9973E-05 0.33426 0.0876737 9.9973E-05 9.9973E-05 0.232318
0.0908511 0.376921 9.9973E-05 0.203132 0.148563 9.9973E-05 9.9973E-05 0.180232
0.391651 0.264787 9.9955E-05 9.9955E-05 9.9955E-05 0.343062 9.9955E-05 9.9955E-05
0.380935 0.178619 9.9973E-05 0.285018 9.9973E-05 0.135947 0.0191817 9.9973E-05
0.520176 0.217139 0.103186 0.128128 9.9973E-05 0.0310709 9.9973E-05 9.9973E-05
0.0369178 9.9964E-05 0.815823 9.9964E-05 0.0371592 9.9964E-05 9.9964E-05 0.109701
9.99549E-05 9.99549E-05 0.671513 9.99549E-05 9.99549E-05 0.319924 9.99549E-05 0.00806254
0.0835961 0.148169 0.498271 0.209618 9.9973E-05 0.0600455 9.9973E-05 9.9973E-05
0.198344 0.00383234 0.382893 9.9973E-05 9.9973E-05 0.219519 0.195113 9.9973E-05
0.0133341 9.9973E-05 0.671035 0.181217 9.9973E-05 0.0859217 0.0481923 9.9973E-05
0.101023 0.123817 0.519487 9.9991E-05 0.0606423 0.016714 0.0136056 0.164612
0.152627 0.155256 0.576562 0.0747683 9.9973E-05 9.9973E-05 0.0404868 9.9973E-05
0.379123 9.9955E-05 0.10248 9.9955E-05 9.9955E-05 9.9955E-05 9.9955E-05 0.517897
0.433527 9.9973E-05 0.132959 0.0478071 9.9973E-05 9.9973E-05 0.131693 0.253715
0.683898 0.0902491 0.0953616 9.9973E-05 9.9973E-05 9.9973E-05 0.111717 0.0184748
0.207465 9.9964E-05 0.0660873 9.9964E-05 9.9964E-05 9.9964E-05 0.191845 0.534203
0.568869 9.9964E-05 0.173449 9.9964E-05 0.0183731 9.9964E-05 9.9964E-05 0.238909
0.594603 0.104826 0.300071 9.9955E-05 9.9955E-05 9.9955E-05 9.9955E-05 9.9955E-05
9.9955E-05 0.722093 0.195787 9.9955E-05 9.9955E-05 9.9955E-05 0.08162 9.9955E-05
9.9955E-05 0.692298 9.9955E-05 9.9955E-05 9.9955E-05 0.160082 9.9955E-05 0.14712
9.9955E-05 0.775738 9.9955E-05 9.9955E-05 9.9955E-05 0.105432 9.9955E-05 0.11833
9.9946E-05 0.626955 9.9946E-05 9.9946E-05 9.9946E-05 9.9946E-05 9.9946E-05 0.372445
0.0945174 0.790127 0.0734083 9.9964E-05 0.0415479 9.9964E-05 9.9964E-05 9.9964E-05
9.9964E-05 0.24329 0.343642 9.9964E-05 0.110834 9.9964E-05 9.9964E-05 0.301834
9.9964E-05 0.550123 0.284423 0.103995 9.9964E-05 9.9964E-05 0.061059 9.9964E-05
0.0133003 0.140521 0.57613 9.9973E-05 9.9973E-05 9.9973E-05 0.00765968 0.262089
9.99729E-05 0.143983 0.520524 9.99729E-05 0.0278165 9.99729E-05 0.0249165 0.28246
0.275732 0.10246 0.473443 0.079198 9.9973E-05 9.9973E-05 0.0688677 9.9973E-05
9.9973E-05 9.9973E-05 0.182214 9.9973E-05 0.39725 0.161743 0.167955 0.0905386
9.9973E-05 9.9973E-05 0.0857189 0.0357292 0.664809 9.9973E-05 0.201723 0.0117198
9.9964E-05 9.9964E-05 0.0347452 9.9964E-05 0.0537426 9.9964E-05 0.862409 0.0487037
9.9973E-05 0.0769588 9.9973E-05 9.9973E-05 0.144588 0.152852 0.531887 0.0934138
9.9955E-05 9.9955E-05 9.9955E-05 9.9955E-05 0.1023 0.245626 0.651574 9.9955E-05
9.9964E-05 0.10772 9.9964E-05 9.9964E-05 9.9964E-05 0.144884 0.697949 0.0490467
9.9955E-05 0.0829645 9.9955E-05 9.9955E-05 0.00795109 0.908585 9.9955E-05 9.9955E-05
0.00270864 9.99639E-05 0.0940976 9.99639E-05 9.99639E-05 0.662285 0.240509 9.99639E-05
0.0453293 9.99639E-05 9.99639E-05 9.99639E-05 0.52402 0.336381 0.0938697 9.99639E-05
9.9964E-05 0.0453168 9.9964E-05 9.9964E-05 0.82292 0.0447464 0.0866169 9.9964E-05
9.9973E-05 9.9973E-05 0.1414 0.0186456 0.411359 0.218451 0.209845 9.9973E-05
9.99551E-05 9.99551E-05 0.0665393 9.99551E-05 0.618485 9.99551E-05 0.314476 9.99551E-05
9.9964E-05 9.9964E-05 0.0889936 9.9964E-05 0.224888 0.472362 0.213357 9.9964E-05
9.9964E-05 9.9964E-05 0.0890013 9.9964E-05 0.341256 0.26171 0.307633 9.9964E-05
9.9973E-05 9.9973E-05 0.14795 0.0186419 0.177162 0.538429 0.117517 9.9973E-05
9.9964E-05 9.9964E-05 0.11671 9.9964E-05 0.335923 0.145922 0.401045 9.9964E-05
9.9973E-05 9.9973E-05 0.00358619 0.0420087 0.0971606 0.642033 0.214911 9.9973E-05
0.0146827 0.0843848 9.9982E-05 0.00767419 0.0502131 0.151289 0.691557 9.9982E-05
9.9964E-05 0.0576361 0.153559 9.9964E-05 0.20174 9.9964E-05 0.586665 9.9964E-05
0.0141551 0.0862952 9.9964E-05 9.9964E-05 9.9964E-05 0.128778 0.770372 9.9964E-05
0.0542878 9.9955E-05 9.9955E-05 9.9955E-05 9.9955E-05 0.317499 0.627713 9.9955E-05
9.99461E-05 9.99461E-05 9.99461E-05 0.0446587 9.99461E-05 9.99461E-05 0.954742 9.99461E-05
9.9964E-05 9.9964E-05 9.9964E-05 9.9964E-05 0.318764 0.0853594 0.574316 0.0211611
9.99639E-05 0.0999094 9.99639E-05 9.99639E-05 0.0678392 0.516043 0.315809 9.99639E-05
0.0804951 0.0688789 9.9973E-05 9.9973E-05 0.105548 0.103655 0.641123 9.9973E-05
9.99641E-05 0.0591062 0.0885868 0.801281 9.99641E-05 9.99641E-05 0.0506258 9.99641E-05
9.9955E-05 9.9955E-05 9.9955E-05 0.11209 9.9955E-05 9.9955E-05 0.0984498 0.788961
9.9955E-05 9.9955E-05 9.9955E-05 0.20616 9.9955E-05 9.9955E-05 0.106843 0.686497
0.114201 0.0760235 9.9964E-05 0.744212 0.0651642 9.9964E-05 9.9964E-05 9.9964E-05
0.0307435 0.250601 9.9973E-05 0.452395 0.0534955 9.9973E-05 9.9973E-05 0.212465
9.99551E-05 0.2784 9.99551E-05 9.99551E-05 9.99551E-05 0.346327 9.99551E-05 0.374773
0.531643 9.99641E-05 9.99641E-05 0.0767033 9.99641E-05 0.177152 9.99641E-05 0.214102
0.438707 0.0404277 9.9973E-05 9.9973E-05 0.0707642 0.0484097 9.9973E-05 0.401392
0.513328 0.0293965 9.9973E-05 0.414681 9.9973E-05 0.0387542 9.9973E-05 0.00354046
0.212208 0.00307775 9.9973E-05 0.350573 9.9973E-05 0.132066 9.9973E-05 0.301776
0.664224 9.9955E-05 9.9955E-05 0.272137 9.9955E-05 9.9955E-05 0.0631388 9.9955E-05
0.834837 9.9955E-05 0.0583711 0.106292 9.9955E-05 9.9955E-05 9.9955E-05 9.9955E-05
0.536315 9.99639E-05 0.0598308 0.363314 0.0401411 9.99639E-05 9.99639E-05 9.99639E-05
0.623012 9.9982E-05 0.021255 0.261915 9.9982E-05 0.0441893 0.0369184 0.0125104
0.661518 0.255637 9.99549E-05 9.99549E-05 9.99549E-05 0.0823453 9.99549E-05 9.99549E-05
0.731452 0.0740905 0.0509337 0.10943 0.0096669 0.00161248 9.9991E-05 0.0227142
0.5933 9.9964E-05 9.9964E-05 0.368597 0.0115758 9.9964E-05 0.0261273 9.9964E-05
0.531662 9.9964E-05 0.0503584 0.382731 9.9964E-05 9.9964E-05 0.034849 9.9964E-05
0.414722 9.9973E-05 0.116003 0.268811 0.0335363 9.9973E-05 9.9973E-05 0.166628
0.0449609 0.20332 9.9973E-05 0.310374 0.0223847 9.9973E-05 9.9973E-05 0.418661
0.0799693 0.0713363 9.9964E-05 0.509689 9.9964E-05 9.9964E-05 9.9964E-05 0.338606
9.996E-05 0.0801435 0.0137211 0.451301 9.996E-05 9.996E-05 9.996E-05 0.454435
9.9955E-05 0.00951276 9.9955E-05 0.464893 9.9955E-05 9.9955E-05 9.9955E-05 0.525095
9.9964E-05 0.144893 9.9964E-05 0.783287 9.9964E-05 0.0564247 9.9964E-05 0.0149961
9.9955E-05 0.0761943 0.0990042 0.824302 9.9955E-05 9.9955E-05 9.9955E-05 9.9955E-05
9.9964E-05 0.137756 0.172194 0.681684 9.9964E-05 9.9964E-05 9.9964E-05 0.00796626
9.99461E-05 0.106569 9.99461E-05 0.892832 9.99461E-05 9.99461E-05 9.99461E-05 9.99461E-05
0.0288857 0.0469487 9.9973E-05 0.874333 0.0311421 0.0183902 9.9973E-05 9.9973E-05
0.205184 9.9964E-05 0.00224008 0.784014 0.0081617 9.9964E-05 9.9964E-05 9.9964E-05
0.0441446 9.9955E-05 0.126715 0.82864 9.9955E-05 9.9955E-05 9.9955E-05 9.9955E-05
0.00823117 9.9964E-05 0.0428154 0.921264 9.9964E-05 9.9964E-05 9.9964E-05 0.0272901
0.246179 0.0807927 0.0155047 0.333058 9.9973E-05 9.9973E-05 9.9973E-05 0.324166
9.9964E-05 0.0933558 9.9964E-05 0.556429 9.9964E-05 9.9964E-05 0.0603639 0.289451
0.171609 0.0484858 0.0478038 0.563796 9.9982E-05 0.0491932 9.9982E-05 0.118912
0.110511 0.0412631 0.0953983 0.674138 9.9982E-05 0.0253271 9.9982E-05 0.0531621
0.11803 0.0507531 9.99641E-05 0.625649 9.99641E-05 9.99641E-05 9.99641E-05 0.205168
9.9964E-05 9.9964E-05 0.0357096 0.859058 9.9964E-05 0.0334028 9.9964E-05 0.0714302
0.139056 9.9964E-05 9.9964E-05 0.693547 9.9964E-05 0.0363114 9.9964E-05 0.130687
9.9964E-05 9.9964E-05 0.0870632 0.337792 9.9964E-05 0.0789662 9.9964E-05 0.495778
0.0454072 9.9964E-05 9.9964E-05 0.375325 9.9964E-05 0.11297 9.9964E-05 0.465899
9.9964E-05 9.9964E-05 0.014175 0.620259 9.9964E-05 0.0701071 9.9964E-05 0.295059
0.122214 9.9955E-05 9.9955E-05 0.817759 9.9955E-05 9.9955E-05 9.9955E-05 0.0595274
0.179745 9.9964E-05 9.9964E-05 0.726783 0.0697298 0.0233418 9.9964E-05 9.9964E-05
0.0303173 9.9982E-05 0.0901971 0.758814 9.9982E-05 0.0248668 0.000793757 0.0948112
0.00229316 0.0626571 9.9973E-05 0.874058 9.9973E-05 0.0233957 9.9973E-05 0.0372964
9.9964E-05 9.9964E-05 0.19886 0.565054 0.198803 9.9964E-05 0.0368823 9.9964E-05
9.9964E-05 9.9964E-05 9.9964E-05 0.630081 0.0511433 0.0816527 0.236723 9.9964E-05
9.9955E-05 0.096373 9.9955E-05 0.731148 9.9955E-05 9.9955E-05 9.9955E-05 0.171979
9.99549E-05 0.0436138 9.99549E-05 0.279059 9.99549E-05 9.99549E-05 9.99549E-05 0.676827
9.9964E-05 9.9964E-05 0.0181287 0.468146 9.9964E-05 0.115835 9.9964E-05 0.397491
0.0471601 9.9973E-05 0.00829998 0.324556 9.9973E-05 9.9973E-05 0.00142325 0.61826
9.9955E-05 0.0488177 9.9955E-05 0.0692287 9.9955E-05 9.9955E-05 9.9955E-05 0.881454
0.0203428 0.0768325 9.9973E-05 0.722121 0.00515977 9.9973E-05 9.9973E-05 0.175244
0.0263073 9.9964E-05 9.9964E-05 0.358697 0.00913724 9.9964E-05 9.9964E-05 0.605459
0.104615 9.9964E-05 9.9964E-05 0.56839 0.0139237 9.9964E-05 9.9964E-05 0.312671
0.197181 0.107984 9.9964E-05 0.361582 9.9964E-05 9.9964E-05 9.9964E-05 0.332853
9.9955E-05 9.9955E-05 9.9955E-05 0.494399 9.9955E-05 0.0728623 9.9955E-05 0.432239
9.9955E-05 9.9955E-05 9.9955E-05 9.9955E-05 9.9955E-05 0.700432 0.23278 0.0662886
9.9955E-05 9.9955E-05 9.9955E-05 9.9955E-05 0.0324989 0.433466 0.533535 9.9955E-05
9.9964E-05 0.100132 9.9964E-05 9.9964E-05 0.120525 0.417389 0.361554 9.9964E-05
9.99729E-05 0.0105782 9.99729E-05 9.99729E-05 0.0359239 0.0900258 0.700255 0.162917
9.9973E-05 0.0170017 9.9973E-05 0.107886 0.0696293 0.133919 0.671265 9.9973E-05
9.9955E-05 9.9955E-05 9.9955E-05 9.9955E-05 0.0893346 0.108436 0.801729 9.9955E-05
9.9973E-05 9.9973E-05 0.0104739 9.9973E-05 0.242325 0.378299 0.360514 0.00808867
9.9955E-05 9.9955E-05 9.9955E-05 9.9955E-05 0.140734 0.598496 0.26027 9.9955E-05
9.994E-05 9.994E-05 9.994E-05 9.994E-05 9.994E-05 0.9993 9.994E-05 9.994E-05
9.9964E-05 9.9964E-05 9.9964E-05 0.118164 0.107071 0.103368 0.670998 9.9964E-05
9.99551E-05 9.99551E-05 0.0243021 9.99551E-05 0.208508 9.99551E-05 0.76669 9.99551E-05
9.99461E-05 9.99461E-05 0.0694471 9.99461E-05 9.99461E-05 9.99461E-05 0.929953 9.99461E-05
0.0542692 9.99551E-05 9.99551E-05 9.99551E-05 0.148161 9.99551E-05 0.79707 9.99551E-05
