0.152362 9.9991E-05 0.351115 0.496423
0.527772 9.9991E-05 0.364737 0.107391
0.15991 9.9991E-05 0.44412 0.39587
0.130584 0.0278824 0.3629 0.478634
9.999E-05 0.0694992 0.682541 0.247859
9.9982E-05 9.9982E-05 0.381635 0.618165
0.546555 0.453245 9.9982E-05 9.9982E-05
0.325932 0.555011 0.115818 0.00323906
0.369178 0.630622 9.9982E-05 9.9982E-05
0.410802 0.588998 9.9982E-05 9.9982E-05
0.477694 0.522106 9.9982E-05 9.9982E-05
0.481732 0.518068 9.99819E-05 9.99819E-05
0.22486 0.77494 9.9982E-05 9.9982E-05
0.219664 0.780136 9.9982E-05 9.9982E-05
0.427332 0.572468 9.9982E-05 9.9982E-05
0.514388 0.485412 9.9982E-05 9.9982E-05
0.124069 0.0265972 0.260697 0.588637
0.379902 0.0488024 0.0253576 0.545938
0.140864 0.089757 9.9991E-05 0.769279
0.00171891 0.0646489 0.0994059 0.834226
0.238396 0.0387955 0.157778 0.565031
0.185282 0.0119013 9.9991E-05 0.802717
0.2695 0.0368392 0.163404 0.530257
9.9991E-05 0.0982523 0.322407 0.579241
9.9991E-05 0.0848231 0.074606 0.840471
9.9982E-05 9.9982E-05 0.168884 0.830916
9.9991E-05 0.142501 0.241779 0.61562
9.9991E-05 0.121124 0.356716 0.52206
0.249557 0.0307752 0.515809 0.203859
0.313882 0.0506857 0.336756 0.298676
0.529738 9.9991E-05 0.010654 0.459508
0.217111 0.0712028 0.371382 0.340305
0.175557 9.9991E-05 0.307077 0.517266
0.113303 0.0306075 9.9991E-05 0.855989
0.374702 9.9982E-05 9.9982E-05 0.625098
0.126358 0.0461195 0.140716 0.686807
0.196197 0.292845 9.9991E-05 0.510858
0.0789124 0.116161 0.0648527 0.740074
0.237202 0.0308142 0.0172995 0.714684
0.0707727 0.0556765 0.0177881 0.855763
0.200464 9.9991E-05 0.335612 0.463824
0.0342958 0.0584242 0.497637 0.409643
0.0372848 0.172964 0.28744 0.502311
0.0938928 0.145221 0.53777 0.223116
0.103712 9.9991E-05 0.392971 0.503217
0.0997012 9.9991E-05 0.130522 0.769677
0.375332 0.0691643 9.9991E-05 0.555404
0.642357 9.9991E-05 0.0772484 0.280295
0.770398 9.9991E-05 0.0380492 0.191452
0.517715 9.9991E-05 0.254979 0.227206
0.455448 0.00329644 9.9991E-05 0.541155
0.281297 0.0385656 0.150351 0.529787
0.191801 0.0594111 9.9991E-05 0.748688
0.122326 0.0107001 0.087482 0.779492
0.2327 0.00740652 0.0427696 0.717124
9.9991E-05 0.0753458 0.0883349 0.836219
0.22536 0.562233 0.0561946 0.156213
0.0903586 0.767897 0.0565011 0.0852434
9.9982E-05 0.926195 0.0736053 9.9982E-05
0.205449 0.731428 9.9991E-05 0.063023
0.177797 0.822003 9.9982E-05 9.9982E-05
0.17746 0.74526 9.9991E-05 0.0771799
0.781543 0.218257 9.9982E-05 9.9982E-05
0.464551 0.445631 9.9991E-05 0.0897184
0.377271 0.622529 9.9982E-05 9.9982E-05
0.250108 0.749692 9.9982E-05 9.9982E-05
0.290667 0.617743 9.9991E-05 0.0914902
0.0375852 0.877252 9.9991E-05 0.085063
0.433035 0.559616 9.9991E-05 0.00724841
0.266806 0.725597 9.9991E-05 0.00749695
0.432391 0.464537 0.0180191 0.0850533
0.153551 0.769465 9.9991E-05 0.0768841
0.463532 0.536268 9.9982E-05 9.9982E-05
0.102914 0.836813 9.9991E-05 0.060173
9.9982E-05 0.794566 9.9982E-05 0.205234
0.12709 0.82403 9.9991E-05 0.0487799
0.1957 0.794006 0.0101937 9.9991E-05
9.9982E-05 0.989884 0.00991605 9.9982E-05
0.118649 0.881151 9.9982E-05 9.9982E-05
0.4461 0.5537 9.9982E-05 9.9982E-05
0.0934105 0.820113 0.0124096 0.0740668
9.9991E-05 0.0578765 0.784403 0.157621
0.218649 9.9982E-05 0.781151 9.9982E-05
0.116828 0.0639158 0.819156 9.9991E-05
9.9991E-05 0.114735 0.8311 0.0540648
0.197146 0.0186559 0.760451 0.0237474
0.701265 9.9982E-05 0.298535 9.9982E-05
0.266818 0.0143059 0.624046 0.0948302
0.335177 0.0032155 0.572608 0.089
0.0673769 0.065607 0.765116 0.1019
0.257061 9.9982E-05 0.742739 9.9982E-05
9.9991E-05 0.189132 0.781518 0.0292492
9.9991E-05 0.0498995 0.545632 0.404369
9.9991E-05 0.0633869 0.598459 0.338054
0.0299835 0.0968217 0.562891 0.310304
0.377452 9.9991E-05 0.385817 0.236631
0.0959676 0.0328414 0.474821 0.39637
9.9991E-05 0.126554 0.722289 0.151056
9.9991E-05 0.0903948 0.607823 0.301682
0.0522813 0.040621 0.667926 0.239172
0.233563 9.9991E-05 0.624629 0.141708
0.0447944 9.9991E-05 0.878007 0.0770981
0.111941 9.9991E-05 0.835235 0.0527236
0.122076 9.9982E-05 0.877724 9.9982E-05
0.136526 0.0379267 0.825448 9.9991E-05
9.9991E-05 0.0356402 0.804203 0.160057
9.9991E-05 0.037527 0.665734 0.296639
9.9982E-05 0.0888199 0.91098 9.9982E-05
9.9991E-05 0.0913144 0.858151 0.0504343
9.9991E-05 0.0606639 0.869535 0.0697009
9.9991E-05 0.0647845 0.838406 0.0967098
9.9982E-05 9.9982E-05 0.956174 0.0436262
0.126821 9.9991E-05 0.652637 0.220442
0.0944621 0.065789 0.779807 0.0599422
0.141911 9.9991E-05 0.756376 0.101613
0.0423418 0.00659272 0.81735 0.133715
0.0317408 0.0237714 0.944388 9.9991E-05
9.9991E-05 0.0400081 0.911548 0.0483442
0.060701 0.0338885 0.90487 0.000540439
0.270634 9.9982E-05 0.729166 9.9982E-05
0.227385 9.9982E-05 0.772415 9.9982E-05
0.119731 9.9982E-05 0.880069 9.9982E-05
9.9991E-05 0.0165681 0.951123 0.0322088
9.9991E-05 0.110095 0.779385 0.110421
9.9991E-05 0.114844 0.86475 0.0203058
0.00679718 0.0685779 0.917049 0.00757585
9.9991E-05 0.291284 0.640796 0.0678207
0.00182011 0.366686 0.631394 9.9991E-05
0.112473 9.9982E-05 0.887327 9.9982E-05
0.22667 9.9982E-05 0.77313 9.9982E-05
0.229653 9.9982E-05 0.770147 9.9982E-05
0.190477 9.9982E-05 0.809323 9.9982E-05
0.364062 9.9982E-05 0.635738 9.9982E-05
0.0267619 0.027736 0.945402 9.9991E-05
0.182652 9.9982E-05 0.817148 9.9982E-05
0.0534362 0.034453 0.887844 0.0242672
0.150153 9.9991E-05 0.730878 0.11887
0.17423 9.9982E-05 0.82557 9.9982E-05
0.577788 0.384441 0.0376709 9.9991E-05
0.311236 0.688564 9.9982E-05 9.9982E-05
0.40798 0.59182 9.9982E-05 9.9982E-05
0.139531 0.775497 0.0848719 9.9991E-05
0.0551735 0.828066 0.116661 9.9991E-05
0.02848 0.953602 0.017818 9.9991E-05
0.32079 0.677563 0.00154652 9.9991E-05
0.445875 0.553925 9.9982E-05 9.9982E-05
0.861747 0.138054 9.9982E-05 9.9982E-05
0.0870619 0.823093 0.0897455 9.9991E-05
9.99821E-05 0.950052 9.99821E-05 0.0497483
9.9982E-05 0.962394 9.9982E-05 0.0374056
9.9991E-05 0.948053 0.00783464 0.044012
