9.99639E-05 0.229236 0.0659632 9.99639E-05 0.352584 0.0133301 0.283553 0.0549345 9.99639E-05 9.99639E-05
9.998E-05 0.0739915 0.302612 9.998E-05 0.0788653 0.265045 0.125402 0.0443812 0.0180951 0.0914071
9.9973E-05 0.205428 0.0199095 9.9973E-05 0.140762 0.0246882 0.348684 9.9973E-05 0.124422 0.135806
9.9955E-05 9.9955E-05 0.0350379 9.9955E-05 0.555539 9.9955E-05 0.136453 9.9955E-05 0.197261 0.0752095
9.9946E-05 0.155208 9.9946E-05 9.9946E-05 9.9946E-05 9.9946E-05 0.690487 9.9946E-05 0.124647 0.0290586
9.9955E-05 0.184661 9.9955E-05 9.9955E-05 0.323176 9.9955E-05 0.187531 9.9955E-05 0.260133 0.0439988
9.9946E-05 9.9946E-05 0.811306 0.158008 0.00873089 9.9946E-05 9.9946E-05 0.0213553 9.9946E-05 9.9946E-05
9.9973E-05 0.0184446 0.401129 0.346648 9.9973E-05 0.0599782 0.0311517 0.126527 9.9973E-05 0.0158214
0.0141973 9.99459E-05 0.536615 0.401954 9.99459E-05 9.99459E-05 9.99459E-05 0.0466345 9.99459E-05 9.99459E-05
0.025755 9.9946E-05 0.506372 0.389622 9.9946E-05 9.9946E-05 9.9946E-05 0.077651 9.9946E-05 9.9946E-05
9.99369E-05 9.99369E-05 0.69038 0.295138 0.0137818 9.99369E-05 9.99369E-05 9.99369E-05 9.99369E-05 9.99369E-05
0.103833 0.0846367 0.666686 0.12163 9.99549E-05 9.99549E-05 0.0227146 9.99549E-05 9.99549E-05 9.99549E-05
9.9937E-05 9.9937E-05 0.394481 0.599893 9.9937E-05 9.9937E-05 9.9937E-05 9.9937E-05 0.00492707 9.9937E-05
9.994E-05 9.994E-05 0.292973 0.668875 9.994E-05 0.0161415 9.994E-05 9.994E-05 9.994E-05 0.0214108
9.99369E-05 9.99369E-05 0.558396 0.397491 9.99369E-05 9.99369E-05 9.99369E-05 0.0434132 9.99369E-05 9.99369E-05
9.99371E-05 9.99371E-05 0.60251 0.308118 9.99371E-05 0.0886727 9.99371E-05 9.99371E-05 9.99371E-05 9.99371E-05
9.99459E-05 0.305882 9.99459E-05 9.99459E-05 9.99459E-05 0.0305515 0.415138 9.99459E-05 9.99459E-05 0.247829
0.0275975 9.9964E-05 9.9964E-05 0.0374629 0.103191 0.0303885 0.129796 9.9964E-05 9.9964E-05 0.671164
9.99549E-05 0.509517 9.99549E-05 0.0456956 9.99549E-05 0.00628313 9.99549E-05 9.99549E-05 0.189898 0.248107
0.0397522 0.180226 9.99729E-05 0.0814415 0.302644 9.99729E-05 0.156534 9.99729E-05 0.0535156 0.185587
9.99639E-05 9.99639E-05 9.99639E-05 0.059043 0.194664 9.99639E-05 0.194209 0.118864 0.0103513 0.422469
0.0690338 0.114448 9.9955E-05 0.00278352 0.444188 9.9955E-05 9.9955E-05 9.9955E-05 9.9955E-05 0.369047
9.9946E-05 0.611882 0.124162 9.9946E-05 9.9946E-05 0.0101351 9.9946E-05 0.253221 9.9946E-05 9.9946E-05
9.9946E-05 0.594531 9.9946E-05 9.9946E-05 0.0833975 0.0702172 0.251255 9.9946E-05 9.9946E-05 9.9946E-05
9.99551E-05 0.732421 9.99551E-05 0.0179537 0.053024 9.99551E-05 0.0775541 9.99551E-05 0.118548 9.99551E-05
9.9937E-05 0.183869 9.9937E-05 9.9937E-05 0.786213 9.9937E-05 0.0292185 9.9937E-05 9.9937E-05 9.9937E-05
0.124796 0.40883 9.9946E-05 9.9946E-05 9.9946E-05 9.9946E-05 0.419396 9.9946E-05 9.9946E-05 0.0463781
0.003813 0.280432 9.9973E-05 0.11449 0.107416 9.9973E-05 0.333126 0.0778028 0.0826201 9.9973E-05
9.997E-05 9.997E-05 0.0184487 0.0524757 0.0284123 0.081301 0.166715 0.483803 9.997E-05 0.168545
9.996E-05 9.996E-05 0.0395233 0.077398 0.104556 9.996E-05 0.0159234 0.561539 9.996E-05 0.20066
9.9946E-05 9.9946E-05 0.221328 9.9946E-05 0.0352613 9.9946E-05 9.9946E-05 9.9946E-05 0.237087 0.505724
9.99459E-05 9.99459E-05 0.0730555 9.99459E-05 9.99459E-05 9.99459E-05 0.326919 9.99459E-05 0.250627 0.348799
9.99549E-05 0.00070651 9.99549E-05 9.99549E-05 0.18246 9.99549E-05 0.282536 9.99549E-05 0.223614 0.310184
9.9937E-05 0.720988 9.9937E-05 9.9937E-05 0.277074 9.9937E-05 0.00123896 9.9937E-05 9.9937E-05 9.9937E-05
9.9946E-05 0.721601 0.224337 9.9946E-05 0.0466222 0.00684017 9.9946E-05 9.9946E-05 9.9946E-05 9.9946E-05
0.0174146 0.442121 0.0230214 9.998E-05 0.00709225 9.998E-05 0.0882956 0.167229 0.144158 0.110469
0.159205 0.394984 0.127338 0.0138732 9.9964E-05 9.9964E-05 9.9964E-05 9.9964E-05 0.196638 0.107562
0.0560579 0.726496 9.9946E-05 9.9946E-05 9.9946E-05 9.9946E-05 0.0994118 9.9946E-05 0.117434 9.9946E-05
9.9955E-05 0.455462 9.9955E-05 0.0721815 0.135707 9.9955E-05 9.9955E-05 0.248205 9.9955E-05 0.0879452
0.0763683 0.541032 9.99549E-05 9.99549E-05 9.99549E-05 9.99549E-05 9.99549E-05 0.207895 0.106149 0.0680558
9.9928E-05 9.9928E-05 9.9928E-05 9.9928E-05 0.661627 0.337574 9.9928E-05 9.9928E-05 9.9928E-05 9.9928E-05
0.0348794 9.9964E-05 9.9964E-05 0.0564062 0.533644 0.127384 0.0928442 9.9964E-05 0.154442 9.9964E-05
9.9946E-05 9.9946E-05 9.9946E-05 0.112619 0.458043 9.9946E-05 9.9946E-05 9.9946E-05 0.336419 0.0923191
0.102372 0.030668 9.99639E-05 0.0419226 0.203057 0.478094 9.99639E-05 9.99639E-05 0.143487 9.99639E-05
9.99281E-05 9.99281E-05 0.00791852 9.99281E-05 0.991282 9.99281E-05 9.99281E-05 9.99281E-05 9.99281E-05 9.99281E-05
9.9955E-05 0.0139018 0.0586676 9.9955E-05 0.818862 9.9955E-05 9.9955E-05 9.9955E-05 0.0871803 0.020889
0.092747 0.162432 9.9937E-05 9.9937E-05 9.9937E-05 9.9937E-05 9.9937E-05 9.9937E-05 9.9937E-05 0.744121
0.0218047 9.99459E-05 0.02455 9.99459E-05 9.99459E-05 0.24472 9.99459E-05 9.99459E-05 9.99459E-05 0.708326
9.9946E-05 9.9946E-05 0.0602943 9.9946E-05 9.9946E-05 0.137468 9.9946E-05 0.0447679 9.9946E-05 0.75687
9.9946E-05 9.9946E-05 0.000755064 9.9946E-05 9.9946E-05 0.00538033 9.9946E-05 0.664709 9.9946E-05 0.328556
9.9964E-05 0.0107548 0.0104657 0.0685736 0.170598 9.9964E-05 9.9964E-05 0.0969974 9.9964E-05 0.642211
9.9964E-05 0.35057 9.9964E-05 0.0663687 0.0885463 0.227309 9.9964E-05 0.0336344 9.9964E-05 0.233172
9.9955E-05 0.259407 9.9955E-05 0.0825384 0.00902629 9.9955E-05 9.9955E-05 0.204803 9.9955E-05 0.443725
9.9955E-05 0.344373 9.9955E-05 0.0655081 0.197936 0.258817 9.9955E-05 9.9955E-05 9.9955E-05 0.132866
0.0282779 0.426895 9.99549E-05 9.99549E-05 0.0970006 0.285157 9.99549E-05 9.99549E-05 9.99549E-05 0.16217
9.99549E-05 0.191589 9.99549E-05 0.128611 0.364668 9.99549E-05 0.180675 9.99549E-05 9.99549E-05 0.133957
0.270309 0.211497 0.278632 0.146457 9.9955E-05 9.9955E-05 9.9955E-05 0.0926055 9.9955E-05 9.9955E-05
0.105262 0.0774157 0.211254 0.517762 9.9955E-05 9.9955E-05 9.9955E-05 0.0878059 9.9955E-05 9.9955E-05
0.716759 0.0663475 9.9946E-05 0.204493 9.9946E-05 0.0118009 9.9946E-05 9.9946E-05 9.9946E-05 9.9946E-05
0.662516 0.0495316 0.166339 9.9964E-05 0.0037362 0.0618419 9.9964E-05 9.9964E-05 9.9964E-05 0.0556354
0.723748 9.9937E-05 0.237078 0.0384746 9.9937E-05 9.9937E-05 9.9937E-05 9.9937E-05 9.9937E-05 9.9937E-05
0.812391 0.00432213 0.0572468 9.9973E-05 0.0109692 0.00267024 9.9973E-05 0.0417245 9.9973E-05 0.0703759
9.9928E-05 9.9928E-05 0.898062 9.9928E-05 9.9928E-05 9.9928E-05 9.9928E-05 9.9928E-05 9.9928E-05 0.101138
0.151419 0.0378953 0.600208 0.0475992 9.997E-05 9.997E-05 0.0768235 9.997E-05 0.0324809 0.0532739
0.0621461 9.99459E-05 0.586769 0.26073 9.99459E-05 9.99459E-05 9.99459E-05 9.99459E-05 0.0897552 9.99459E-05
0.15162 9.99459E-05 0.428959 0.413643 9.99459E-05 9.99459E-05 9.99459E-05 0.00517774 9.99459E-05 9.99459E-05
9.9946E-05 0.0245549 0.426598 0.45537 0.092878 9.9946E-05 9.9946E-05 9.9946E-05 9.9946E-05 9.9946E-05
9.99371E-05 0.108921 0.110535 0.779845 9.99371E-05 9.99371E-05 9.99371E-05 9.99371E-05 9.99371E-05 9.99371E-05
0.0936327 0.0941143 0.611551 0.200102 9.9946E-05 9.9946E-05 9.9946E-05 9.9946E-05 9.9946E-05 9.9946E-05
0.25716 0.146379 0.341204 0.254658 9.9946E-05 9.9946E-05 9.9946E-05 9.9946E-05 9.9946E-05 9.9946E-05
0.0356741 0.166479 0.640357 0.108277 9.9955E-05 9.9955E-05 9.9955E-05 9.9955E-05 0.0487134 9.9955E-05
0.327337 0.124236 0.270891 0.276936 9.9946E-05 9.9946E-05 9.9946E-05 9.9946E-05 9.9946E-05 9.9946E-05
0.185519 0.0249817 0.684308 0.0220491 9.9955E-05 9.9955E-05 0.0826421 9.9955E-05 9.9955E-05 9.9955E-05
0.66828 9.9964E-05 0.0678572 0.139782 9.9964E-05 9.9964E-05 0.0552852 9.9964E-05 0.0159073 0.0524893
0.028193 9.9955E-05 0.0357944 0.751791 9.9955E-05 9.9955E-05 0.0341403 9.9955E-05 9.9955E-05 0.149581
0.791244 0.0333747 0.0558314 0.0580367 0.00368288 9.9982E-05 9.9982E-05 0.0104615 0.0135579 0.0336107
0.536446 9.9946E-05 0.225803 0.102802 9.9946E-05 9.9946E-05 9.9946E-05 9.9946E-05 0.134349 9.9946E-05
0.734081 9.9928E-05 9.9928E-05 0.265119 9.9928E-05 9.9928E-05 9.9928E-05 9.9928E-05 9.9928E-05 9.9928E-05
0.641893 0.0127395 0.16334 0.181428 9.9946E-05 9.9946E-05 9.9946E-05 9.9946E-05 9.9946E-05 9.9946E-05
0.307803 0.0434279 0.648069 9.9937E-05 9.9937E-05 9.9937E-05 9.9937E-05 9.9937E-05 9.9937E-05 9.9937E-05
0.781328 9.99461E-05 9.99461E-05 0.00824544 0.151005 9.99461E-05 9.99461E-05 0.0588219 9.99461E-05 9.99461E-05
0.0458547 9.99641E-05 9.99641E-05 0.000189007 0.185575 0.00302779 0.72941 0.0355429 9.99641E-05 9.99641E-05
0.0451459 9.9955E-05 9.9955E-05 9.9955E-05 0.0808835 0.83952 9.9955E-05 0.022468 9.9955E-05 0.0114829
0.0755704 9.9946E-05 9.9946E-05 0.0118113 9.9946E-05 0.830764 0.0812547 9.9946E-05 9.9946E-05 9.9946E-05
9.995E-05 9.995E-05 9.995E-05 0.0694623 9.995E-05 9.995E-05 0.613975 0.173617 0.076582 0.0658638
0.0347107 9.99369E-05 9.99369E-05 9.99369E-05 9.99369E-05 9.99369E-05 0.086377 0.878213 9.99369E-05 9.99369E-05
9.99461E-05 9.99461E-05 0.30483 9.99461E-05 9.99461E-05 0.177381 9.99461E-05 0.311563 9.99461E-05 0.205626
9.99641E-05 9.99641E-05 0.114477 9.99641E-05 0.00052521 0.189684 9.99641E-05 0.154027 0.527082 0.0138052
9.9964E-05 0.0201413 0.129142 9.9964E-05 0.0333533 0.148957 9.9964E-05 0.255856 0.41215 9.9964E-05
9.9964E-05 9.9964E-05 9.9964E-05 9.9964E-05 0.106594 0.061168 0.270864 0.0390852 0.456484 0.0654045
9.99549E-05 9.99549E-05 9.99549E-05 9.99549E-05 9.99549E-05 0.250732 0.0922464 0.26485 0.34424 0.0474318
9.9937E-05 9.9937E-05 9.9937E-05 0.000154157 9.9937E-05 0.028948 9.9937E-05 9.9937E-05 0.970198 9.9937E-05
9.9946E-05 0.0298902 9.9946E-05 0.0139975 0.0438743 9.9946E-05 9.9946E-05 9.9946E-05 0.911638 9.9946E-05
9.99639E-05 0.0950118 9.99639E-05 0.00584764 0.0666414 9.99639E-05 0.297791 0.153875 0.380434 9.99639E-05
9.9964E-05 0.0487627 0.00820357 9.9964E-05 9.9964E-05 0.0451533 9.9964E-05 0.0566578 0.792376 0.0484464
9.99459E-05 9.99459E-05 0.0902882 9.99459E-05 9.99459E-05 9.99459E-05 9.99459E-05 0.169515 0.501172 0.238425
9.9964E-05 0.0496952 0.00634501 9.9964E-05 0.0738226 9.9964E-05 9.9964E-05 0.289968 0.537546 0.0422229
9.99549E-05 9.99549E-05 9.99549E-05 0.0132193 0.0369568 9.99549E-05 0.0467408 0.136123 0.76646 9.99549E-05
9.9937E-05 0.119784 9.9937E-05 9.9937E-05 9.9937E-05 9.9937E-05 0.186666 9.9937E-05 0.692851 9.9937E-05
9.9964E-05 0.0651902 0.000324973 9.9964E-05 0.194347 0.182313 0.08241 9.9964E-05 0.475015 9.9964E-05
9.99459E-05 0.0215573 9.99459E-05 9.99459E-05 9.99459E-05 0.125727 9.99459E-05 0.8197 0.0324159 9.99459E-05
9.994E-05 9.994E-05 9.994E-05 9.994E-05 0.127029 0.236757 0.390715 0.244899 9.994E-05 9.994E-05
9.9946E-05 0.093913 9.9946E-05 9.9946E-05 9.9946E-05 0.355161 0.162868 0.387459 9.9946E-05 9.9946E-05
9.9955E-05 9.9955E-05 9.9955E-05 9.9955E-05 0.0181346 0.49276 0.232099 0.214916 0.041591 9.9955E-05
9.9946E-05 9.9946E-05 0.0589897 9.9946E-05 9.9946E-05 9.9946E-05 0.636445 0.211524 9.9946E-05 0.0924411
9.9946E-05 0.0145064 9.9946E-05 9.9946E-05 0.0288037 9.9946E-05 0.591194 0.364896 9.9946E-05 9.9946E-05
9.9937E-05 0.16945 9.9937E-05 9.9937E-05 9.9937E-05 9.9937E-05 0.436394 0.393456 9.9937E-05 9.9937E-05
9.9946E-05 9.9946E-05 9.9946E-05 0.0112795 9.9946E-05 9.9946E-05 0.668627 0.299929 0.0195644 9.9946E-05
0.013754 9.996E-05 9.996E-05 0.0303047 9.996E-05 9.996E-05 0.718004 0.125763 0.0745035 0.0372715
9.9955E-05 9.9955E-05 9.9955E-05 9.9955E-05 0.0476105 0.00625843 0.828649 9.9955E-05 0.0841819 0.0328004
9.9937E-05 0.0264584 9.9937E-05 9.9937E-05 0.0966299 9.9937E-05 0.876212 9.9937E-05 9.9937E-05 9.9937E-05
9.9946E-05 9.9946E-05 9.9946E-05 9.9946E-05 0.0212509 0.0792796 0.845573 0.0532972 9.9946E-05 9.9946E-05
9.99549E-05 9.99549E-05 9.99549E-05 9.99549E-05 0.37015 0.017785 0.340936 0.237558 9.99549E-05 0.033071
0.0525342 9.9964E-05 9.9964E-05 9.9964E-05 9.9964E-05 0.314116 0.336839 0.125659 0.101943 0.0685087
9.9973E-05 0.0457644 0.04287 9.9973E-05 0.0313165 0.0326495 0.687077 0.0976393 9.9973E-05 0.0623837
9.99641E-05 0.0267548 9.99641E-05 9.99641E-05 9.99641E-05 0.0138205 0.627559 0.21504 0.112155 0.00427083
9.9955E-05 9.9955E-05 9.9955E-05 9.9955E-05 0.113282 0.0483061 0.363515 0.408347 0.0660504 9.9955E-05
9.9955E-05 0.0467556 9.9955E-05 9.9955E-05 9.9955E-05 0.061609 0.589735 0.273449 0.0279513 9.9955E-05
9.99459E-05 9.99459E-05 9.99459E-05 9.99459E-05 9.99459E-05 0.0423128 0.522246 0.280461 0.15438 9.99459E-05
9.9946E-05 0.126894 0.0408379 9.9946E-05 9.9946E-05 0.594225 0.237444 9.9946E-05 9.9946E-05 9.9946E-05
9.9946E-05 9.9946E-05 9.9946E-05 9.9946E-05 9.9946E-05 0.663789 0.292223 9.9946E-05 0.0362782 0.00710987
9.9964E-05 0.0103923 0.0224538 9.9964E-05 9.9964E-05 0.362075 0.568332 9.9964E-05 0.00201003 0.034337
9.9946E-05 9.9946E-05 9.9946E-05 9.9946E-05 0.109064 0.144522 0.729895 9.9946E-05 0.0159189 9.9946E-05
9.9964E-05 0.0395151 9.9964E-05 0.0743901 9.9964E-05 9.9964E-05 0.734372 0.0311574 0.0421126 0.0780528
0.00815796 0.0857804 9.9955E-05 9.9955E-05 9.9955E-05 0.0729866 0.717636 9.9955E-05 0.114939 9.9955E-05
9.9946E-05 9.9946E-05 0.0549833 9.9946E-05 9.9946E-05 0.032502 0.816496 0.0954187 9.9946E-05 9.9946E-05
0.229954 0.16368 9.9937E-05 9.9937E-05 9.9937E-05 9.9937E-05 0.605667 9.9937E-05 9.9937E-05 9.9937E-05
0.322701 9.9946E-05 0.048334 9.9946E-05 9.9946E-05 9.9946E-05 0.588759 0.0396055 9.9946E-05 9.9946E-05
9.9964E-05 9.9964E-05 0.0269417 9.9964E-05 9.9964E-05 0.183117 0.52324 0.208159 0.0220889 0.0360527
9.99549E-05 9.99549E-05 9.99549E-05 9.99549E-05 9.99549E-05 0.575071 0.149993 0.252089 0.0115052 0.010842
9.9964E-05 9.9964E-05 0.0706564 9.9964E-05 0.0503808 0.375342 0.324832 0.0885284 0.0898606 9.9964E-05
9.9964E-05 0.0475787 9.9964E-05 9.9964E-05 0.0366038 0.443463 0.180499 0.242322 0.0491329 9.9964E-05
9.9937E-05 9.9937E-05 9.9937E-05 9.9937E-05 0.0414579 0.618088 9.9937E-05 0.339755 9.9937E-05 9.9937E-05
9.99369E-05 9.99369E-05 9.99369E-05 9.99369E-05 9.99369E-05 0.00672642 0.522804 0.46977 9.99369E-05 9.99369E-05
9.9955E-05 9.9955E-05 9.9955E-05 9.9955E-05 0.021371 0.418545 0.00464617 0.489335 0.0656029 9.9955E-05
9.99459E-05 9.99459E-05 9.99459E-05 9.99459E-05 0.144132 0.186442 0.539987 0.128839 9.99459E-05 9.99459E-05
9.995E-05 9.995E-05 9.995E-05 9.995E-05 0.0793343 0.174849 0.548397 0.0425758 9.995E-05 0.154345
9.9946E-05 9.9946E-05 0.0549422 9.9946E-05 9.9946E-05 0.350952 0.349895 0.243611 9.9946E-05 9.9946E-05
0.188789 0.00297457 0.634211 9.9955E-05 9.9955E-05 0.152015 9.9955E-05 9.9955E-05 9.9955E-05 0.0215111
0.646556 9.9937E-05 0.325921 9.9937E-05 9.9937E-05 9.9937E-05 9.9937E-05 9.9937E-05 0.026824 9.9937E-05
0.436806 9.9946E-05 0.501169 9.9946E-05 0.0412419 9.9946E-05 9.9946E-05 0.0201834 9.9946E-05 9.9946E-05
0.781805 0.000764502 0.0751876 9.9955E-05 0.0788481 9.9955E-05 9.9955E-05 0.0628947 9.9955E-05 9.9955E-05
0.722705 9.9955E-05 0.0313614 0.0994682 9.9955E-05 9.9955E-05 0.0381396 9.9955E-05 0.107826 9.9955E-05
0.957289 9.99371E-05 0.0150272 0.0269847 9.99371E-05 9.99371E-05 9.99371E-05 9.99371E-05 9.99371E-05 9.99371E-05
0.242655 9.99459E-05 0.431508 0.253071 9.99459E-05 0.0721668 9.99459E-05 9.99459E-05 9.99459E-05 9.99459E-05
0.16352 9.9946E-05 0.68011 0.148444 9.9946E-05 9.9946E-05 9.9946E-05 9.9946E-05 0.00732614 9.9946E-05
9.99283E-05 9.99283E-05 0.946216 9.99283E-05 9.99283E-05 0.0529843 9.99283E-05 9.99283E-05 9.99283E-05 9.99283E-05
0.591043 9.9964E-05 0.107189 0.22346 9.9964E-05 0.00471967 0.0667521 9.9964E-05 9.9964E-05 0.00643643
0.132842 9.99281E-05 9.99281E-05 0.866358 9.99281E-05 9.99281E-05 9.99281E-05 9.99281E-05 9.99281E-05 9.99281E-05
0.650906 9.99281E-05 9.99281E-05 0.348294 9.99281E-05 9.99281E-05 9.99281E-05 9.99281E-05 9.99281E-05 9.99281E-05
0.323162 9.9937E-05 9.9937E-05 0.628946 9.9937E-05 9.9937E-05 9.9937E-05 9.9937E-05 0.0471921 9.9937E-05
