9.9973E-05 9.9973E-05 0.129811 0.503586 0.366303 9.9973E-05
9.999E-05 0.0430162 0.466132 0.114721 0.331937 0.0440945
0.00203055 9.9991E-05 0.198189 0.332532 0.412442 0.0547064
0.0199576 9.9991E-05 0.128208 0.420602 0.381444 0.0496895
0.0492237 9.9973E-05 9.9973E-05 0.290937 0.659539 9.9973E-05
9.9973E-05 9.9973E-05 9.9973E-05 0.530497 0.37467 0.0945336
9.9973E-05 0.728402 0.159574 9.9973E-05 9.9973E-05 0.111724
9.9973E-05 0.756603 9.9973E-05 9.9973E-05 0.149595 0.093502
9.9982E-05 0.91855 0.0433357 9.9982E-05 0.0335475 0.00436675
9.9973E-05 0.911593 9.9973E-05 0.00826051 9.9973E-05 0.0798467
9.9982E-05 0.776441 0.204432 9.9982E-05 0.016152 0.00277456
0.0665044 0.622763 0.276046 0.00515669 0.0294296 9.9991E-05
0.156248 0.837846 9.9973E-05 9.9973E-05 0.00560611 9.9973E-05
0.0661133 0.91979 9.9973E-05 0.0137966 9.9973E-05 9.9973E-05
9.9973E-05 0.814366 0.0421854 9.9973E-05 9.9973E-05 0.143148
9.9973E-05 0.789994 0.150529 9.9973E-05 9.9973E-05 0.0591771
9.999E-05 0.0174734 0.0321574 0.521279 0.266204 0.162786
0.0551185 9.9982E-05 9.9982E-05 0.156844 0.0461504 0.741687
0.056771 9.9982E-05 0.0531459 0.660569 9.9982E-05 0.229314
0.0886642 9.9982E-05 9.9982E-05 0.605977 0.109045 0.196114
0.0183757 0.011508 9.9991E-05 0.282158 0.166961 0.520897
0.0329297 9.9973E-05 9.9973E-05 0.522198 9.9973E-05 0.444572
9.9982E-05 0.0502827 0.283316 0.560702 0.105499 9.9982E-05
9.9973E-05 9.9973E-05 0.118338 0.706782 0.17458 9.9973E-05
9.99731E-05 0.0705602 9.99731E-05 0.870794 0.0583454 9.99731E-05
9.9973E-05 9.9973E-05 9.9973E-05 0.811943 0.126287 0.0614697
0.134044 0.0232694 9.9991E-05 0.568851 0.269489 0.00424619
9.9973E-05 0.143029 9.9973E-05 0.487912 0.368759 9.9973E-05
9.9982E-05 0.108678 9.9982E-05 0.0361143 0.550511 0.304497
9.9982E-05 0.131579 9.9982E-05 0.110187 0.381839 0.376195
9.9973E-05 9.9973E-05 0.356652 0.218866 9.9973E-05 0.424182
0.059126 0.0153471 0.0672946 0.18129 0.37364 0.303302
9.9973E-05 9.9973E-05 9.9973E-05 0.356702 0.284757 0.35824
9.9973E-05 0.0204728 0.0896984 0.889529 9.9973E-05 9.9973E-05
9.99639E-05 9.99639E-05 0.425281 0.574319 9.99639E-05 9.99639E-05
0.0435857 0.0365923 0.0871603 0.569097 0.18528 0.0782843
0.267692 9.9982E-05 0.251407 0.455225 9.9982E-05 0.0254757
0.0972819 9.9982E-05 0.114812 0.725646 0.0620604 9.9982E-05
0.00502347 9.9982E-05 0.181268 0.677244 9.9982E-05 0.136265
0.021158 0.0149081 9.9991E-05 0.6916 0.0671163 0.205117
9.9973E-05 9.9973E-05 0.300855 0.446158 0.252687 9.9973E-05
0.0958825 9.9982E-05 0.0888078 0.366343 0.448767 9.9982E-05
0.118617 9.9991E-05 0.0211712 0.440923 0.225375 0.193813
0.0720547 0.0108884 0.17139 0.313095 0.432472 9.9991E-05
9.9982E-05 0.0149227 9.9982E-05 0.566166 0.32822 0.0904919
9.9982E-05 9.9982E-05 0.0549975 0.725735 0.0604194 0.158648
0.0684334 9.9973E-05 9.9973E-05 0.196282 9.9973E-05 0.734985
0.00509413 9.9991E-05 0.161914 0.00957445 0.0515517 0.771766
9.9964E-05 9.9964E-05 0.228953 9.9964E-05 9.9964E-05 0.770647
9.9973E-05 9.9973E-05 0.0867417 9.9973E-05 0.26405 0.648908
0.0157637 0.0123824 9.9982E-05 0.154188 9.9982E-05 0.817466
9.9991E-05 0.110996 0.162529 0.442843 0.0936309 0.189902
0.0553493 9.9973E-05 9.9973E-05 0.464184 9.9973E-05 0.480167
9.9982E-05 9.9982E-05 0.130442 0.657658 0.0718788 0.139821
9.9991E-05 0.0298533 0.161707 0.638976 0.0445482 0.124815
0.051684 9.9982E-05 9.9982E-05 0.766788 0.106245 0.0750836
0.139884 0.508491 0.120277 0.231148 9.9982E-05 9.9982E-05
0.251986 0.574376 9.9982E-05 0.135621 0.0378168 9.9982E-05
0.930185 9.9991E-05 0.00015765 0.0192736 0.0469987 0.00328538
0.483228 0.320505 0.0902159 0.0221019 9.9991E-05 0.0838491
0.621974 0.239665 0.138061 9.9973E-05 9.9973E-05 9.9973E-05
0.747664 9.9973E-05 0.0846903 9.9973E-05 9.9973E-05 0.167346
9.99729E-05 0.314318 0.638261 9.99729E-05 9.99729E-05 0.0471207
0.260717 0.24535 0.448729 0.0450041 9.9982E-05 9.9982E-05
0.0920278 0.730298 0.165571 9.9982E-05 0.0119036 9.9982E-05
0.0841359 0.90466 9.9973E-05 9.9973E-05 9.9973E-05 0.0109037
0.19849 0.571027 0.0872155 0.143068 9.9982E-05 9.9982E-05
0.414532 0.489692 9.99731E-05 0.0954769 9.99731E-05 9.99731E-05
0.246025 0.276093 0.429887 0.047795 9.9982E-05 9.9982E-05
0.384346 0.410418 0.157382 0.0476541 9.9982E-05 9.9982E-05
0.179149 0.300086 0.426091 0.0944747 9.9982E-05 9.9982E-05
0.411877 0.43233 0.0342462 0.121347 9.9982E-05 9.9982E-05
0.138375 0.464932 0.396393 9.99729E-05 9.99729E-05 9.99729E-05
0.716651 0.129586 0.0408874 9.9991E-05 0.027784 0.0849921
0.558537 0.262334 9.9973E-05 0.178829 9.9973E-05 9.9973E-05
0.690272 0.118883 0.0471264 0.0533004 9.9991E-05 0.0903187
0.714665 0.110242 0.174794 9.9973E-05 9.9973E-05 9.9973E-05
0.998382 9.9964E-05 9.9964E-05 9.9964E-05 0.00121787 9.9964E-05
0.567684 0.415286 0.0167308 9.9973E-05 9.9973E-05 9.9973E-05
0.241058 0.396724 0.268721 9.9982E-05 9.9982E-05 0.0932969
0.782019 0.0421451 0.0169322 9.9982E-05 9.9982E-05 0.158704
0.056092 9.9982E-05 9.9982E-05 0.0960723 0.815341 0.0322945
9.9973E-05 9.9973E-05 0.291325 0.0409393 0.667436 9.9973E-05
0.0254741 9.9973E-05 0.26267 9.9973E-05 0.711556 9.9973E-05
0.0196263 0.0671869 9.9991E-05 0.0202955 0.798888 0.0939033
9.9973E-05 0.0267572 9.9973E-05 9.9973E-05 0.621184 0.351759
9.9973E-05 9.9973E-05 0.456032 9.9973E-05 0.13113 0.412538
0.0365906 0.00319827 0.228835 0.0615546 0.563063 0.106758
9.9991E-05 0.032916 0.192493 0.147979 0.509185 0.117326
0.0728106 9.9982E-05 9.9982E-05 0.0203803 0.749612 0.156997
9.9973E-05 9.9973E-05 0.278239 9.9973E-05 0.673675 0.0477861
0.169183 9.9973E-05 9.9973E-05 0.0688502 0.761667 9.9973E-05
0.0856574 9.9973E-05 9.9973E-05 0.395359 0.518683 9.9973E-05
9.9982E-05 0.0488591 9.9982E-05 0.292222 0.595551 0.0631677
0.108384 9.9991E-05 0.030677 0.224402 0.558999 0.0774385
0.0345671 9.9982E-05 0.075066 9.9982E-05 0.370262 0.519905
9.9973E-05 9.9973E-05 9.9973E-05 0.326443 0.464854 0.208403
0.134411 9.9973E-05 9.9973E-05 0.153581 0.711707 9.9973E-05
0.0931061 9.9973E-05 9.9973E-05 0.328414 0.57818 9.9973E-05
9.9982E-05 0.0663849 0.0545737 0.304528 0.574314 9.9982E-05
9.9991E-05 0.0267745 0.0404719 0.0146416 0.693219 0.224793
9.9973E-05 9.9973E-05 9.9973E-05 0.0155134 0.894775 0.089412
9.9982E-05 9.9982E-05 0.103736 0.0397894 0.820218 0.0360568
9.9973E-05 9.9973E-05 0.165786 0.0193745 0.814539 9.9973E-05
0.0354545 0.0133603 9.9982E-05 9.9982E-05 0.747152 0.203833
0.00800329 0.00171952 9.9991E-05 0.0858906 0.850666 0.0536207
9.9982E-05 0.0185147 9.9982E-05 0.188197 0.683258 0.109831
9.9973E-05 0.0465514 9.9973E-05 9.9973E-05 0.890302 0.0628464
0.0836707 9.9973E-05 9.9973E-05 9.9973E-05 0.849393 0.0666367
0.0346528 0.0329095 9.9982E-05 0.0244279 0.90781 9.9982E-05
0.0286725 9.9973E-05 9.9973E-05 0.144813 0.826215 9.9973E-05
9.9964E-05 9.9964E-05 9.9964E-05 0.0481466 0.951453 9.9964E-05
9.9973E-05 9.9973E-05 9.9973E-05 0.135054 0.705738 0.158908
0.0709288 9.9973E-05 9.9973E-05 9.9973E-05 0.769594 0.159177
9.9982E-05 9.9982E-05 0.146225 0.0831559 0.740049 0.0303699
0.0469575 9.9982E-05 9.9982E-05 0.00847159 0.84281 0.101561
9.9973E-05 0.0241486 9.9973E-05 9.9973E-05 0.893481 0.0820706
0.0468665 9.9982E-05 0.00602946 9.9982E-05 0.926471 0.0204326
0.0162259 0.0307315 0.0194338 9.9991E-05 0.849644 0.0838651
9.9964E-05 9.9964E-05 0.306112 9.9964E-05 0.693488 9.9964E-05
9.9964E-05 9.9964E-05 0.287856 9.9964E-05 0.711744 9.9964E-05
0.00253123 9.9982E-05 0.191984 0.0120631 0.793221 9.9982E-05
0.00554962 9.9973E-05 9.9973E-05 0.0561855 0.937965 9.9973E-05
0.0816008 0.0177198 9.9982E-05 0.109967 0.790512 9.9982E-05
0.0797925 9.9982E-05 0.0432811 0.0266169 0.85011 9.9982E-05
0.0707959 9.9982E-05 0.000949333 9.9982E-05 0.870835 0.0572197
0.0890555 0.203775 9.9982E-05 0.156717 0.550253 9.9982E-05
0.337054 0.0635722 9.9973E-05 9.9973E-05 0.599074 9.9973E-05
9.9973E-05 9.9973E-05 0.0487584 9.9973E-05 0.865556 0.0853854
9.9973E-05 9.9973E-05 0.230008 9.9973E-05 0.73742 0.0322722
9.9973E-05 0.0460181 0.19889 9.9973E-05 0.754792 9.9973E-05
9.9973E-05 9.9973E-05 0.18883 0.002568 0.808302 9.9973E-05
9.9964E-05 9.9964E-05 0.338559 9.9964E-05 0.661041 9.9964E-05
0.011956 0.00890343 9.9982E-05 9.9982E-05 0.888364 0.0905768
9.9973E-05 9.9973E-05 0.175741 0.0318664 0.792092 9.9973E-05
9.9973E-05 0.0458488 9.9973E-05 0.0219962 0.931855 9.9973E-05
9.9982E-05 9.9982E-05 0.108769 0.0980053 0.702065 0.0909608
9.9964E-05 9.9964E-05 0.214625 9.9964E-05 0.784975 9.9964E-05
0.271857 0.083649 0.626828 9.9982E-05 0.0174664 9.9982E-05
0.511427 0.251706 0.21725 9.9982E-05 9.9982E-05 0.0194176
0.254883 0.414272 0.256533 0.00372874 9.9991E-05 0.0704841
0.664056 0.120179 0.0527123 9.9991E-05 0.138573 0.02438
0.748153 0.00425664 0.102509 9.9982E-05 0.144881 9.9982E-05
0.749626 0.194153 9.9982E-05 9.9982E-05 0.0429807 0.013041
0.381012 0.309433 0.272339 0.0370158 9.9982E-05 9.9982E-05
0.242952 0.383723 0.373025 9.99729E-05 9.99729E-05 9.99729E-05
9.9964E-05 0.108094 0.891507 9.9964E-05 9.9964E-05 9.9964E-05
0.689533 0.204452 0.0338668 9.9982E-05 0.0719487 9.9982E-05
0.822696 0.114596 9.99731E-05 0.0624085 9.99731E-05 9.99731E-05
0.947539 9.99641E-05 9.99641E-05 0.0520613 9.99641E-05 9.99641E-05
0.852276 0.0772726 9.9982E-05 0.0689772 0.00127425 9.9982E-05
