9.99459E-05 9.99459E-05 0.0705296 9.99459E-05 9.99459E-05 9.99459E-05 9.99459E-05 0.266958 0.40508 0.256833
0.129625 0.155848 0.293735 9.9964E-05 9.9964E-05 9.9964E-05 9.9964E-05 0.136795 0.257527 0.0260707
9.9955E-05 9.9955E-05 0.167164 9.9955E-05 0.251712 9.9955E-05 0.0701494 0.205775 0.3047 9.9955E-05
0.0605801 9.9973E-05 0.0800617 0.0169308 0.341008 0.00584771 0.0324819 9.9973E-05 9.9973E-05 0.46279
9.9946E-05 9.9946E-05 9.9946E-05 9.9946E-05 0.391755 9.9946E-05 0.0143876 0.465814 0.127444 9.9946E-05
0.0507074 9.9964E-05 9.9964E-05 9.9964E-05 0.425504 9.9964E-05 0.149859 0.0153605 0.146552 0.211618
9.9946E-05 0.326159 0.0400105 9.9946E-05 9.9946E-05 0.614556 9.9946E-05 9.9946E-05 9.9946E-05 0.0186749
0.0804056 0.116099 9.9955E-05 9.9955E-05 9.9955E-05 0.568197 0.167827 0.0669721 9.9955E-05 9.9955E-05
9.9946E-05 0.0758266 0.0704408 9.9946E-05 0.0397768 0.813356 9.9946E-05 9.9946E-05 9.9946E-05 9.9946E-05
9.9955E-05 0.0957336 0.0353239 9.9955E-05 9.9955E-05 0.815206 0.0343891 9.9955E-05 9.9955E-05 0.0188478
0.0634425 0.276205 0.011435 9.99459E-05 9.99459E-05 0.648318 9.99459E-05 9.99459E-05 9.99459E-05 9.99459E-05
9.99549E-05 0.597915 9.99549E-05 9.99549E-05 9.99549E-05 0.331933 0.00697218 0.0382612 0.0244184 9.99549E-05
9.9946E-05 0.169495 9.9946E-05 0.159623 9.9946E-05 0.660589 9.9946E-05 0.00969308 9.9946E-05 9.9946E-05
9.99371E-05 9.99371E-05 9.99371E-05 0.0101245 9.99371E-05 0.934264 0.0549123 9.99371E-05 9.99371E-05 9.99371E-05
0.00438673 0.172735 0.0593348 9.9964E-05 0.0172811 0.736174 0.00968884 9.9964E-05 9.9964E-05 9.9964E-05
0.062857 0.391591 9.99371E-05 9.99371E-05 9.99371E-05 0.544852 9.99371E-05 9.99371E-05 9.99371E-05 9.99371E-05
0.109827 9.9955E-05 9.9955E-05 9.9955E-05 0.142418 9.9955E-05 0.585622 0.141793 0.01984 9.9955E-05
0.0294159 0.0345393 0.343048 0.0198515 9.9955E-05 9.9955E-05 0.572646 9.9955E-05 9.9955E-05 9.9955E-05
0.000684511 0.0358782 0.00444683 0.00297697 0.164209 9.9982E-05 0.456527 9.9982E-05 0.32413 0.0109474
9.9955E-05 9.9955E-05 9.9955E-05 0.0138256 0.261503 9.9955E-05 0.574564 0.0234754 9.9955E-05 0.126132
9.99549E-05 9.99549E-05 0.212511 9.99549E-05 9.99549E-05 0.022618 0.480162 0.173475 9.99549E-05 0.110734
9.9946E-05 9.9946E-05 0.102755 9.9946E-05 0.000932962 9.9946E-05 0.610838 9.9946E-05 9.9946E-05 0.284874
0.11112 0.132967 9.9964E-05 9.9964E-05 0.0483856 9.9964E-05 0.00580431 0.0724479 0.628876 9.9964E-05
9.9937E-05 9.9937E-05 9.9937E-05 9.9937E-05 9.9937E-05 9.9937E-05 9.9937E-05 0.249346 0.658068 0.0918869
9.9955E-05 9.9955E-05 9.9955E-05 9.9955E-05 0.0789593 9.9955E-05 0.0657017 0.103861 0.677675 0.0733028
0.0224876 9.9946E-05 9.9946E-05 9.9946E-05 9.9946E-05 9.9946E-05 0.238846 0.045093 9.9946E-05 0.692974
9.9946E-05 9.9946E-05 9.9946E-05 0.0236707 9.9946E-05 9.9946E-05 0.527791 0.32957 0.118369 9.9946E-05
9.9973E-05 9.9973E-05 9.9973E-05 0.0381884 0.200721 0.00757779 0.2329 0.336263 0.159931 0.0241195
0.158744 9.9964E-05 0.176031 9.9964E-05 9.9964E-05 0.0985988 0.163209 0.361067 9.9964E-05 0.0419496
9.9955E-05 9.9955E-05 0.334489 9.9955E-05 9.9955E-05 0.105328 0.201078 0.254844 9.9955E-05 0.103762
9.9946E-05 0.190969 0.338242 9.9946E-05 0.246916 9.9946E-05 0.223273 9.9946E-05 9.9946E-05 9.9946E-05
9.99549E-05 0.09887 0.101841 9.99549E-05 0.391694 9.99549E-05 0.294435 0.112659 9.99549E-05 9.99549E-05
9.9964E-05 0.0191181 0.0616701 9.9964E-05 0.421851 9.9964E-05 0.370957 0.0861091 9.9964E-05 0.0398941
9.99369E-05 9.99369E-05 9.99369E-05 9.99369E-05 9.99369E-05 0.023647 9.99369E-05 9.99369E-05 0.773726 0.201927
9.99369E-05 0.0977423 0.116641 9.99369E-05 9.99369E-05 9.99369E-05 9.99369E-05 9.99369E-05 0.784918 9.99369E-05
9.996E-05 0.100966 9.996E-05 9.996E-05 0.00960206 9.996E-05 0.340771 0.27428 0.249315 0.0246654
9.99459E-05 9.99459E-05 0.207771 0.296417 0.0250266 9.99459E-05 9.99459E-05 9.99459E-05 0.470186 9.99459E-05
9.9964E-05 0.0337154 9.9964E-05 0.0429559 0.134792 9.9964E-05 0.229786 0.0153032 0.543048 9.9964E-05
9.9955E-05 9.9955E-05 0.165213 0.0579357 9.9955E-05 9.9955E-05 0.16122 9.9955E-05 0.479893 0.135238
9.9937E-05 9.9937E-05 9.9937E-05 9.9937E-05 0.214133 9.9937E-05 0.542975 9.9937E-05 0.242193 9.9937E-05
0.286416 9.9937E-05 0.0269979 9.9937E-05 9.9937E-05 9.9937E-05 9.9937E-05 9.9937E-05 9.9937E-05 0.685887
0.0166634 9.9964E-05 0.0435801 0.106897 0.0357022 9.9964E-05 9.9964E-05 0.212466 9.9964E-05 0.584291
9.995E-05 9.995E-05 0.088517 0.127146 0.277182 9.995E-05 9.995E-05 0.0105758 9.995E-05 0.496079
0.470802 9.9955E-05 9.9955E-05 0.117612 0.243576 9.9955E-05 9.9955E-05 9.9955E-05 0.0173757 0.150135
9.9928E-05 9.9928E-05 9.9928E-05 9.9928E-05 9.9928E-05 0.0133806 9.9928E-05 9.9928E-05 9.9928E-05 0.98582
9.9964E-05 9.9964E-05 0.0587 0.0433125 0.0319703 9.9964E-05 0.00879423 9.9964E-05 0.0168519 0.839971
9.9937E-05 0.0655709 0.213491 9.9937E-05 9.9937E-05 9.9937E-05 0.720239 9.9937E-05 9.9937E-05 9.9937E-05
0.0163377 0.125944 0.553304 9.99459E-05 9.99459E-05 9.99459E-05 0.303814 9.99459E-05 9.99459E-05 9.99459E-05
9.9928E-05 9.9928E-05 0.775723 9.9928E-05 9.9928E-05 9.9928E-05 0.223477 9.9928E-05 9.9928E-05 9.9928E-05
0.0511713 9.9955E-05 0.684112 9.9955E-05 9.9955E-05 9.9955E-05 0.182962 0.0417291 9.9955E-05 0.0395261
9.99369E-05 9.99369E-05 0.492367 9.99369E-05 9.99369E-05 0.0049501 0.501983 9.99369E-05 9.99369E-05 9.99369E-05
0.305507 9.9955E-05 9.9955E-05 9.9955E-05 9.9955E-05 0.0958626 0.448092 9.9955E-05 0.0632293 0.0868096
0.0361811 9.9955E-05 0.131613 0.0486818 9.9955E-05 9.9955E-05 0.746351 9.9955E-05 0.0366726 9.9955E-05
0.249306 9.9946E-05 9.9946E-05 9.9946E-05 9.9946E-05 9.9946E-05 0.490821 9.9946E-05 0.067984 0.191289
0.296251 9.99549E-05 9.99549E-05 9.99549E-05 9.99549E-05 0.0208805 0.553706 9.99549E-05 0.0997682 0.0288946
9.9955E-05 9.9955E-05 9.9955E-05 0.0133401 0.112881 9.9955E-05 0.603565 0.0700388 9.9955E-05 0.199675
0.0461396 0.0838367 0.0236005 0.179983 9.9964E-05 0.353822 9.9964E-05 9.9964E-05 0.312218 9.9964E-05
9.9955E-05 9.9955E-05 9.9955E-05 0.234292 9.9955E-05 0.550839 9.9955E-05 0.0481543 0.161026 0.00519001
0.0722329 9.9946E-05 9.9946E-05 0.866877 0.0232534 9.9946E-05 9.9946E-05 9.9946E-05 0.037037 9.9946E-05
0.0821138 0.273515 9.9955E-05 0.45073 9.9955E-05 0.104085 0.0890569 9.9955E-05 9.9955E-05 9.9955E-05
0.0348454 0.282924 9.9946E-05 0.581811 9.9946E-05 0.0998205 9.9946E-05 9.9946E-05 9.9946E-05 9.9946E-05
9.99459E-05 0.232704 0.0162509 0.582775 9.99459E-05 9.99459E-05 0.16767 9.99459E-05 9.99459E-05 9.99459E-05
9.99279E-05 0.858426 0.140775 9.99279E-05 9.99279E-05 9.99279E-05 9.99279E-05 9.99279E-05 9.99279E-05 9.99279E-05
9.99459E-05 0.82954 9.99459E-05 0.0487115 0.0667021 9.99459E-05 0.0544466 9.99459E-05 9.99459E-05 9.99459E-05
9.9946E-05 0.391289 9.9946E-05 0.0604334 0.0645736 0.483105 9.9946E-05 9.9946E-05 9.9946E-05 9.9946E-05
9.9946E-05 0.0628079 9.9946E-05 0.118655 9.9946E-05 0.789203 9.9946E-05 9.9946E-05 0.0287353 9.9946E-05
9.9955E-05 0.172323 9.9955E-05 0.153671 9.9955E-05 0.478741 9.9955E-05 9.9955E-05 0.0998115 0.0949541
9.99371E-05 9.99371E-05 9.99371E-05 0.435654 9.99371E-05 0.404147 9.99371E-05 9.99371E-05 0.159499 9.99371E-05
9.99461E-05 0.472113 9.99461E-05 0.158076 9.99461E-05 0.206575 9.99461E-05 9.99461E-05 0.162637 9.99461E-05
9.9955E-05 0.340569 9.9955E-05 0.303334 9.9955E-05 0.202911 0.0515995 9.9955E-05 0.101088 9.9955E-05
9.9964E-05 0.627569 9.9964E-05 0.0674216 0.0016878 0.0911774 9.9964E-05 0.0382496 0.173495 9.9964E-05
9.9955E-05 0.198528 9.9955E-05 0.417677 9.9955E-05 0.223539 9.9955E-05 0.0687064 0.0910503 9.9955E-05
9.995E-05 0.766411 9.995E-05 0.0875716 9.995E-05 0.0656287 9.995E-05 0.0363811 0.0435075 9.995E-05
9.9946E-05 0.173173 9.9946E-05 0.644504 9.9946E-05 9.9946E-05 0.122014 0.0597095 9.9946E-05 9.9946E-05
9.995E-05 9.995E-05 9.995E-05 0.609254 9.995E-05 0.195722 0.0611531 9.995E-05 0.0491831 0.0841877
9.995E-05 0.139199 0.0481413 0.717779 9.995E-05 9.995E-05 0.0688121 9.995E-05 9.995E-05 0.0255686
9.9937E-05 0.408721 9.9937E-05 0.514674 0.0759052 9.9937E-05 9.9937E-05 9.9937E-05 9.9937E-05 9.9937E-05
9.9937E-05 9.9937E-05 0.0196754 0.969569 0.0100559 9.9937E-05 9.9937E-05 9.9937E-05 9.9937E-05 9.9937E-05
0.052987 0.0783481 9.9955E-05 0.565884 9.9955E-05 0.294385 9.9955E-05 9.9955E-05 0.00789567 9.9955E-05
9.9946E-05 0.711596 9.9946E-05 0.149977 9.9946E-05 0.0701036 0.0677241 9.9946E-05 9.9946E-05 9.9946E-05
9.9946E-05 0.0848464 0.0901721 0.695848 9.9946E-05 9.9946E-05 9.9946E-05 9.9946E-05 9.9946E-05 0.128534
9.99462E-05 9.99462E-05 9.99462E-05 0.00837127 9.99462E-05 9.99462E-05 0.0538301 0.815996 9.99462E-05 0.121203
0.879271 9.9937E-05 9.9937E-05 0.076319 9.9937E-05 9.9937E-05 0.0437108 9.9937E-05 9.9937E-05 9.9937E-05
0.802174 9.99475E-05 9.99475E-05 0.101032 0.0305751 9.99475E-05 9.99475E-05 0.0656194 9.99475E-05 9.99475E-05
9.9955E-05 9.9955E-05 0.0894858 9.9955E-05 0.211291 0.0783284 0.020627 0.599768 9.9955E-05 9.9955E-05
9.995E-05 9.995E-05 0.269008 9.995E-05 9.995E-05 0.0644013 0.0640713 0.576758 9.995E-05 0.0252622
0.00604026 9.99281E-05 0.99316 9.99281E-05 9.99281E-05 9.99281E-05 9.99281E-05 9.99281E-05 9.99281E-05 9.99281E-05
0.121939 0.0247952 0.28573 9.99641E-05 0.458733 0.00654656 9.99641E-05 9.99641E-05 9.99641E-05 0.101856
0.195531 9.9955E-05 0.264853 9.9955E-05 0.416863 0.0322814 9.9955E-05 9.9955E-05 0.0899714 9.9955E-05
0.000980572 9.9955E-05 0.110357 9.9955E-05 0.582985 9.9955E-05 9.9955E-05 0.254059 9.9955E-05 0.0511184
0.201595 9.99459E-05 0.27089 9.99459E-05 0.31877 9.99459E-05 9.99459E-05 0.208146 9.99459E-05 9.99459E-05
0.0382181 9.9946E-05 9.9946E-05 0.0243754 0.934004 9.9946E-05 9.9946E-05 0.00280267 9.9946E-05 9.9946E-05
9.99281E-05 9.99281E-05 9.99281E-05 9.99281E-05 0.923483 9.99281E-05 9.99281E-05 9.99281E-05 9.99281E-05 0.0757173
9.996E-05 9.996E-05 9.996E-05 9.996E-05 0.590436 0.0417625 0.00510039 0.209236 0.0891873 0.0638776
0.0577339 9.9955E-05 0.0768367 9.9955E-05 0.836876 9.9955E-05 0.0268231 9.9955E-05 0.00123068 9.9955E-05
9.99459E-05 9.99459E-05 0.454123 9.99459E-05 0.501444 0.0346802 9.99459E-05 9.99459E-05 9.99459E-05 0.00915319
9.9955E-05 9.9955E-05 0.156322 9.9955E-05 0.688941 9.9955E-05 0.102098 9.9955E-05 0.0299367 0.0222016
9.9946E-05 9.9946E-05 9.9946E-05 9.9946E-05 0.732602 0.0627914 9.9946E-05 0.170798 9.9946E-05 0.0332083
9.9946E-05 9.9946E-05 9.9946E-05 9.9946E-05 0.792075 9.9946E-05 0.0242893 0.0994084 0.0836278 9.9946E-05
0.115466 0.0198303 9.9964E-05 9.9964E-05 0.521668 0.0329637 9.9964E-05 0.0947592 9.9964E-05 0.214913
0.230782 9.99639E-05 0.200923 9.99639E-05 9.99639E-05 0.0073979 0.092557 0.373851 9.99639E-05 0.0940884
0.285614 9.9946E-05 0.00687844 9.9946E-05 9.9946E-05 9.9946E-05 9.9946E-05 0.525555 9.9946E-05 0.181352
0.485523 9.9955E-05 0.0521719 9.9955E-05 9.9955E-05 9.9955E-05 0.050334 0.343879 0.067592 9.9955E-05
0.462734 9.9946E-05 9.9946E-05 9.9946E-05 9.9946E-05 9.9946E-05 0.0278753 0.439404 9.9946E-05 0.0693873
9.99369E-05 9.99369E-05 0.254226 0.00855196 9.99369E-05 9.99369E-05 9.99369E-05 0.736522 9.99369E-05 9.99369E-05
9.9946E-05 9.9946E-05 9.9946E-05 9.9946E-05 9.9946E-05 9.9946E-05 0.0341181 0.841014 0.00876759 0.115501
0.00973956 9.9955E-05 0.00139042 9.9955E-05 9.9955E-05 9.9955E-05 0.220519 0.698063 0.0697884 9.9955E-05
9.99371E-05 9.99371E-05 9.99371E-05 9.99371E-05 9.99371E-05 0.0431117 0.033014 0.923175 9.99371E-05 9.99371E-05
9.9964E-05 9.9964E-05 0.0860395 0.00987545 0.0721271 0.0137237 9.9964E-05 0.778585 0.0392492 9.9964E-05
0.0556394 9.9946E-05 9.9946E-05 9.9946E-05 0.296903 9.9946E-05 0.018358 0.6285 9.9946E-05 9.9946E-05
9.9946E-05 9.9946E-05 9.9946E-05 0.0103811 9.9946E-05 9.9946E-05 9.9946E-05 0.807976 0.112236 0.0688071
0.0930497 9.9955E-05 9.9955E-05 9.9955E-05 0.105048 9.9955E-05 9.9955E-05 0.748999 0.0506865 0.00171684
0.0848451 9.99549E-05 0.0855893 9.99549E-05 9.99549E-05 9.99549E-05 0.0345627 0.405603 9.99549E-05 0.3889
0.331066 9.995E-05 9.995E-05 0.00387969 0.12246 9.995E-05 0.185 0.357094 9.995E-05 9.995E-05
0.0856705 9.996E-05 0.119448 9.996E-05 0.161156 9.996E-05 0.0375555 0.500565 0.095205 9.996E-05
9.99461E-05 9.99461E-05 0.0981784 9.99461E-05 0.123818 9.99461E-05 9.99461E-05 0.708195 0.0692092 9.99461E-05
0.0131137 9.99461E-05 0.0954659 9.99461E-05 9.99461E-05 9.99461E-05 9.99461E-05 0.788851 9.99461E-05 0.10197
0.134145 9.9946E-05 9.9946E-05 9.9946E-05 9.9946E-05 9.9946E-05 0.0286407 0.795926 0.0406891 9.9946E-05
0.0119401 9.99459E-05 0.166677 9.99459E-05 0.106531 9.99459E-05 9.99459E-05 0.714252 9.99459E-05 9.99459E-05
0.646289 9.9937E-05 9.9937E-05 9.9937E-05 9.9937E-05 9.9937E-05 9.9937E-05 0.130329 0.222682 9.9937E-05
0.606784 9.9955E-05 0.044909 9.9955E-05 0.221182 9.9955E-05 9.9955E-05 0.0931503 0.0334749 9.9955E-05
0.456181 0.0161972 9.9955E-05 9.9955E-05 0.193007 9.9955E-05 0.0355356 0.29858 9.9955E-05 9.9955E-05
0.063619 9.9946E-05 9.9946E-05 9.9946E-05 0.0821354 9.9946E-05 9.9946E-05 0.767937 9.9946E-05 0.0857092
0.0591629 0.043613 9.998E-05 0.00483549 0.199629 0.0153006 0.0406234 0.629617 0.00701959 9.998E-05
0.141265 9.9955E-05 9.9955E-05 0.0146109 0.151734 9.9955E-05 9.9955E-05 0.574489 0.117401 9.9955E-05
0.128068 0.0248644 9.995E-05 9.995E-05 0.0971147 9.995E-05 0.00891631 0.740537 9.995E-05 9.995E-05
9.9946E-05 9.9946E-05 9.9946E-05 0.118492 9.9946E-05 0.100342 9.9946E-05 0.569958 0.210609 9.9946E-05
9.9937E-05 0.121893 9.9937E-05 0.266481 9.9937E-05 9.9937E-05 9.9937E-05 0.610926 9.9937E-05 9.9937E-05
0.14488 9.99459E-05 0.136188 9.99459E-05 0.0634176 9.99459E-05 9.99459E-05 0.654915 9.99459E-05 9.99459E-05
0.609897 9.99459E-05 0.089541 9.99459E-05 0.0866935 9.99459E-05 9.99459E-05 0.213268 9.99459E-05 9.99459E-05
0.275393 0.0151942 0.0836539 9.9964E-05 9.9964E-05 9.9964E-05 9.9964E-05 0.483702 0.134641 0.00701586
0.489944 9.9964E-05 0.0189086 9.9964E-05 0.0165068 9.9964E-05 9.9964E-05 0.301449 0.0941142 0.0786777
0.718009 9.9955E-05 0.0687614 9.9955E-05 9.9955E-05 9.9955E-05 0.0276499 0.0835347 9.9955E-05 0.101545
9.9946E-05 9.9946E-05 0.0947692 9.9946E-05 9.9946E-05 0.0233982 9.9946E-05 0.859274 9.9946E-05 0.0219592
0.536077 9.9946E-05 9.9946E-05 9.9946E-05 9.9946E-05 0.0085902 9.9946E-05 0.313341 9.9946E-05 0.141392
0.164489 9.9937E-05 9.9937E-05 9.9937E-05 9.9937E-05 9.9937E-05 9.9937E-05 0.643253 9.9937E-05 0.191559
0.247859 9.996E-05 0.142842 9.996E-05 0.0937917 9.996E-05 0.0304125 0.421557 9.996E-05 0.0631374
0.348495 0.0109774 0.076137 9.9946E-05 9.9946E-05 9.9946E-05 9.9946E-05 0.563791 9.9946E-05 9.9946E-05
0.105962 0.786522 9.9937E-05 0.106817 9.9937E-05 9.9937E-05 9.9937E-05 9.9937E-05 9.9937E-05 9.9937E-05
0.0515061 0.389465 0.0440837 0.430671 9.9955E-05 0.0837746 9.9955E-05 9.9955E-05 9.9955E-05 9.9955E-05
9.9964E-05 0.525249 0.0360168 0.261634 9.9964E-05 0.100448 0.0291551 9.9964E-05 9.9964E-05 0.0470968
0.0940554 0.0898033 0.104154 0.683451 9.99549E-05 0.0280361 9.99549E-05 9.99549E-05 9.99549E-05 9.99549E-05
0.0122947 9.997E-05 0.122683 0.709778 0.0314939 0.0947001 9.997E-05 0.0227688 0.00598161 9.997E-05
0.00799928 0.0690908 0.0453066 0.801633 9.9964E-05 0.0689652 9.9964E-05 0.0066058 9.9964E-05 9.9964E-05
0.0572362 0.471675 9.9955E-05 0.263594 0.0422311 0.164765 9.9955E-05 9.9955E-05 9.9955E-05 9.9955E-05
9.9946E-05 0.693613 0.0154009 0.168871 9.9946E-05 0.121515 9.9946E-05 9.9946E-05 9.9946E-05 9.9946E-05
0.0621072 0.793408 0.143785 9.99372E-05 9.99372E-05 9.99372E-05 9.99372E-05 9.99372E-05 9.99372E-05 9.99372E-05
9.9946E-05 0.151261 9.9946E-05 0.614623 9.9946E-05 0.141881 9.9946E-05 0.0916349 9.9946E-05 9.9946E-05
9.99372E-05 9.99372E-05 9.99372E-05 0.86264 9.99372E-05 0.0870117 0.0496489 9.99372E-05 9.99372E-05 9.99372E-05
9.99371E-05 9.99371E-05 9.99371E-05 0.937308 9.99371E-05 9.99371E-05 9.99371E-05 9.99371E-05 0.0553466 0.00664595
9.99461E-05 9.99461E-05 9.99461E-05 0.798264 9.99461E-05 0.163015 0.0157386 0.022383 9.99461E-05 9.99461E-05
