9.9973E-05 0.273276 9.9973E-05 0.386649 0.193227 0.128762 9.9973E-05 0.0177873
0.311913 0.378891 9.9982E-05 9.9982E-05 0.210569 0.0577914 0.0365341 0.00410077
0.146238 0.0299372 9.9973E-05 0.197322 0.32112 0.305082 9.9973E-05 9.9973E-05
9.9973E-05 0.138021 9.9973E-05 0.136159 0.643204 0.0173702 9.9973E-05 0.0649464
9.9964E-05 9.9964E-05 0.00149501 0.177231 0.151334 0.669541 9.9964E-05 9.9964E-05
9.9973E-05 0.0555393 9.9973E-05 0.270748 0.515484 0.1567 0.00122796 9.9973E-05
0.196422 0.0178128 9.9964E-05 9.9964E-05 9.9964E-05 9.9964E-05 0.113871 0.671494
0.0674221 9.9982E-05 0.00146326 0.01969 9.9982E-05 0.190975 0.103271 0.616978
0.0486781 0.0400592 9.9964E-05 9.9964E-05 0.0281132 9.9964E-05 9.9964E-05 0.88275
0.000258675 9.9955E-05 9.9955E-05 9.9955E-05 9.9955E-05 9.9955E-05 0.0901862 0.909055
0.19401 0.034969 9.99549E-05 9.99549E-05 9.99549E-05 9.99549E-05 9.99549E-05 0.770521
0.492915 9.99729E-05 0.0463553 0.0358077 9.99729E-05 0.0388534 9.99729E-05 0.385769
0.080576 9.9964E-05 0.175259 9.9964E-05 9.9964E-05 0.0511653 9.9964E-05 0.692599
9.99551E-05 9.99551E-05 0.0504275 9.99551E-05 9.99551E-05 9.99551E-05 0.0242663 0.924806
0.165079 9.9964E-05 9.9964E-05 9.9964E-05 0.0209848 9.9964E-05 0.0229124 0.790624
0.339115 9.99551E-05 9.99551E-05 9.99551E-05 9.99551E-05 9.99551E-05 0.00797461 0.652411
0.0310131 9.9964E-05 9.9964E-05 0.46902 9.9964E-05 0.327189 0.172379 9.9964E-05
9.9982E-05 0.030486 0.067504 0.11437 0.0111832 0.0935504 0.682707 9.9982E-05
9.9964E-05 9.9964E-05 0.0124581 0.604704 0.152435 9.9964E-05 0.230003 9.9964E-05
9.997E-05 9.997E-05 0.0581005 0.45958 0.152344 0.14554 0.184135 9.997E-05
9.9973E-05 9.9973E-05 0.00504015 0.169288 0.106705 0.243124 0.475543 9.9973E-05
9.9964E-05 9.9964E-05 0.0373441 0.345825 0.158328 9.9964E-05 0.458103 9.9964E-05
0.206881 0.120758 9.9964E-05 0.536864 9.9964E-05 0.135097 9.9964E-05 9.9964E-05
9.9955E-05 0.173585 9.9955E-05 0.59159 9.9955E-05 0.234325 9.9955E-05 9.9955E-05
9.99641E-05 9.99641E-05 9.99641E-05 0.842315 0.0463252 0.108334 9.99641E-05 0.00262663
9.9964E-05 0.154905 9.9964E-05 0.511923 0.305777 0.0269945 9.9964E-05 9.9964E-05
9.9955E-05 9.9955E-05 0.105989 0.524386 9.9955E-05 0.369126 9.9955E-05 9.9955E-05
9.9973E-05 9.9973E-05 0.0111661 0.439724 0.0705158 0.424805 9.9973E-05 0.0534894
9.998E-05 0.265826 9.998E-05 0.00250023 0.051617 0.359613 0.242747 0.0774967
9.997E-05 0.0779363 9.997E-05 9.997E-05 0.0956561 0.312938 0.403325 0.109845
0.362855 9.9955E-05 9.9955E-05 9.9955E-05 0.336406 9.9955E-05 0.300239 9.9955E-05
0.139034 9.9973E-05 9.9973E-05 0.0712503 0.329567 0.28491 0.174939 9.9973E-05
9.99639E-05 9.99639E-05 9.99639E-05 0.136965 0.493255 0.134141 0.235239 9.99639E-05
9.9964E-05 0.145752 9.9964E-05 0.813365 0.0219354 9.9964E-05 9.9964E-05 0.018547
0.315511 0.0516677 9.9955E-05 0.632321 9.9955E-05 9.9955E-05 9.9955E-05 9.9955E-05
0.0581802 9.9982E-05 0.0116861 0.423668 0.112313 0.264743 0.12921 9.9982E-05
0.251516 9.9964E-05 0.1992 0.333183 0.215701 9.9964E-05 9.9964E-05 9.9964E-05
0.0858776 9.9982E-05 0.0257127 0.697182 0.0356509 0.129513 0.0258641 9.9982E-05
9.9973E-05 0.146765 9.9973E-05 0.529876 0.101359 9.9973E-05 0.154763 0.0669364
9.9973E-05 9.9973E-05 0.0303832 0.616709 0.168268 0.0536468 0.130693 9.9973E-05
9.9955E-05 0.503692 9.9955E-05 0.116658 0.37915 9.9955E-05 9.9955E-05 9.9955E-05
9.9973E-05 0.190835 0.0876246 0.115499 0.514831 0.0909099 9.9973E-05 9.9973E-05
9.9973E-05 9.9973E-05 0.11424 0.096569 0.658986 0.0266907 0.103214 9.9973E-05
9.9964E-05 0.524013 0.16192 0.150029 0.163638 9.9964E-05 9.9964E-05 9.9964E-05
9.9964E-05 0.201058 9.9964E-05 0.184792 0.57636 9.9964E-05 9.9964E-05 0.0373905
9.9955E-05 9.9955E-05 9.9955E-05 0.280106 0.630698 9.9955E-05 0.0886968 9.9955E-05
9.9955E-05 9.9955E-05 0.0765818 0.182705 9.9955E-05 9.9955E-05 0.740213 9.9955E-05
0.117441 0.172139 9.9955E-05 9.9955E-05 9.9955E-05 9.9955E-05 0.70992 9.9955E-05
0.0360292 0.132995 9.9955E-05 9.9955E-05 9.9955E-05 9.9955E-05 0.830477 9.9955E-05
9.9955E-05 0.347011 9.9955E-05 9.9955E-05 0.0236645 9.9955E-05 0.628824 9.9955E-05
9.9973E-05 9.9973E-05 0.00256918 0.0988318 0.10334 9.9973E-05 0.785995 0.00896438
9.9964E-05 0.329976 9.9964E-05 0.385342 9.9964E-05 9.9964E-05 0.178698 0.105585
9.996E-05 9.996E-05 0.0564603 0.327485 9.996E-05 0.0938002 0.521854 9.996E-05
9.9955E-05 0.234732 9.9955E-05 0.595845 9.9955E-05 9.9955E-05 0.168923 9.9955E-05
9.99639E-05 0.304749 9.99639E-05 0.545243 9.99639E-05 9.99639E-05 0.112208 0.0373995
9.997E-05 9.997E-05 0.0603633 0.454006 0.297592 0.115955 0.0717833 9.997E-05
9.9973E-05 0.131804 0.0664183 0.174476 9.9973E-05 0.0196705 9.9973E-05 0.607331
9.9964E-05 9.9964E-05 0.133373 0.0595994 9.9964E-05 0.109822 9.9964E-05 0.696806
9.997E-05 0.0355368 0.871453 0.0509891 9.997E-05 0.0225845 9.997E-05 0.0191365
0.0928645 0.123824 0.429554 9.9973E-05 9.9973E-05 9.9973E-05 0.0798568 0.273601
0.211163 0.0203385 0.621704 9.996E-05 9.996E-05 9.996E-05 9.996E-05 0.146395
0.110434 0.0392541 0.720392 9.9964E-05 9.9964E-05 9.9964E-05 0.12952 9.9964E-05
0.828351 9.99549E-05 9.99549E-05 9.99549E-05 9.99549E-05 9.99549E-05 0.075765 0.0953839
0.736924 9.99549E-05 0.186355 0.0762215 9.99549E-05 9.99549E-05 9.99549E-05 9.99549E-05
0.303354 9.9964E-05 0.0341397 9.9964E-05 0.0347292 9.9964E-05 9.9964E-05 0.627378
9.9955E-05 9.9955E-05 0.00866089 9.9955E-05 9.9955E-05 9.9955E-05 0.0334649 0.957374
0.158977 9.997E-05 0.158634 0.137807 9.997E-05 0.0302203 9.997E-05 0.514061
9.99551E-05 9.99551E-05 0.406572 0.0984379 9.99551E-05 9.99551E-05 9.99551E-05 0.49449
0.523395 9.9964E-05 0.148163 0.100225 9.9964E-05 9.9964E-05 9.9964E-05 0.227817
0.245318 9.9964E-05 0.315254 0.129991 9.9964E-05 9.9964E-05 9.9964E-05 0.309037
0.654671 9.9973E-05 0.161671 0.117671 9.9973E-05 0.016213 9.9973E-05 0.0494737
0.170269 9.997E-05 0.354534 0.0822763 9.997E-05 0.00989966 9.997E-05 0.382721
0.678112 9.9964E-05 0.161302 0.00404304 9.9964E-05 9.9964E-05 9.9964E-05 0.156143
0.12809 9.997E-05 0.732963 9.997E-05 9.997E-05 0.0404276 0.0743333 0.0238865
9.9973E-05 9.9973E-05 0.664418 0.158231 9.9973E-05 0.0142354 0.0329627 0.129852
0.152932 9.99549E-05 0.788186 9.99549E-05 9.99549E-05 9.99549E-05 0.0583826 9.99549E-05
0.348452 9.9955E-05 0.613692 9.9955E-05 0.0373561 9.9955E-05 9.9955E-05 9.9955E-05
9.99461E-05 9.99461E-05 0.952125 9.99461E-05 0.0472753 9.99461E-05 9.99461E-05 9.99461E-05
0.049843 0.0371648 0.574697 0.00493639 9.9982E-05 9.9982E-05 0.000968151 0.332191
0.496664 9.9973E-05 0.209018 0.0269556 9.9973E-05 9.9973E-05 0.0804653 0.186597
0.0403889 9.997E-05 0.675002 9.997E-05 0.0951478 9.997E-05 0.0888102 0.100351
9.99731E-05 9.99731E-05 0.0302658 0.0983287 0.0828755 0.781176 0.00705405 9.99731E-05
9.9955E-05 0.832415 0.138515 9.9955E-05 9.9955E-05 0.0285701 9.9955E-05 9.9955E-05
9.9955E-05 0.71288 0.1144 9.9955E-05 9.9955E-05 0.17222 9.9955E-05 9.9955E-05
9.996E-05 9.996E-05 9.996E-05 9.996E-05 0.0795933 0.744067 0.104858 0.0710819
9.9964E-05 0.084794 9.9964E-05 9.9964E-05 9.9964E-05 0.590551 0.273638 0.0506164
0.275982 0.348929 9.99641E-05 9.99641E-05 0.0109716 9.99641E-05 0.363717 9.99641E-05
0.206044 0.100916 9.99641E-05 9.99641E-05 0.631154 0.0614866 9.99641E-05 9.99641E-05
0.038905 0.353226 9.9964E-05 9.9964E-05 0.523129 9.9964E-05 9.9964E-05 0.08434
0.0222998 9.9964E-05 9.9964E-05 9.9964E-05 0.540587 0.392309 0.0444045 9.9964E-05
0.114762 0.317271 9.997E-05 9.997E-05 0.231544 0.314817 0.0213066 9.997E-05
9.9955E-05 9.9955E-05 0.0432837 9.9955E-05 0.656231 0.299985 9.9955E-05 9.9955E-05
9.9964E-05 9.9964E-05 0.0234788 0.0500644 0.893661 0.0323964 9.9964E-05 9.9964E-05
9.99639E-05 9.99639E-05 9.99639E-05 0.0651134 0.51979 0.363129 9.99639E-05 0.0515679
0.0501737 0.0174071 0.000146791 0.0224154 0.631667 0.27799 9.9982E-05 9.9982E-05
0.0836691 9.99549E-05 9.99549E-05 9.99549E-05 0.628001 9.99549E-05 0.28783 9.99549E-05
9.998E-05 0.0308027 9.998E-05 0.0207711 0.78429 0.0902011 0.0431097 0.0306251
9.9964E-05 9.9964E-05 0.0150149 9.9964E-05 0.571377 0.375154 9.9964E-05 0.0380545
0.0264686 9.997E-05 0.0255913 0.025201 0.545541 0.376898 9.997E-05 9.997E-05
9.997E-05 0.162126 9.997E-05 0.12845 0.486791 0.209388 9.997E-05 0.0129452
9.9973E-05 0.344829 9.9973E-05 9.9973E-05 0.0881289 0.347562 0.214734 0.00444547
9.9964E-05 0.394021 9.9964E-05 9.9964E-05 0.0946963 0.474902 0.0359812 9.9964E-05
9.9964E-05 0.453521 9.9964E-05 0.0534855 9.9964E-05 0.432051 0.0605427 9.9964E-05
9.9955E-05 0.543553 9.9955E-05 9.9955E-05 9.9955E-05 0.453401 9.9955E-05 0.00254572
0.0535368 9.9964E-05 9.9964E-05 9.9964E-05 0.012173 0.78019 0.1537 9.9964E-05
9.9955E-05 9.9955E-05 9.9955E-05 0.0922294 9.9955E-05 0.870021 0.0372495 9.9955E-05
9.9955E-05 9.9955E-05 9.9955E-05 0.22183 9.9955E-05 0.683192 0.0944777 9.9955E-05
9.99461E-05 9.99461E-05 9.99461E-05 9.99461E-05 9.99461E-05 0.922486 0.0769142 9.99461E-05
0.041963 9.9973E-05 0.0116138 0.016798 9.9973E-05 0.921967 0.00735828 9.9973E-05
0.0383136 0.00271142 9.9973E-05 0.00423597 0.13466 0.819779 9.9973E-05 9.9973E-05
9.9964E-05 0.0176179 9.9964E-05 0.0828098 0.0656087 0.833564 9.9964E-05 9.9964E-05
9.9955E-05 0.068304 9.9955E-05 0.036773 9.9955E-05 0.894423 9.9955E-05 9.9955E-05
9.99639E-05 0.307354 9.99639E-05 9.99639E-05 0.315427 0.27573 0.101089 9.99639E-05
9.9964E-05 0.278026 0.0648447 9.9964E-05 9.9964E-05 0.520304 0.136425 9.9964E-05
0.0331648 0.163222 9.9982E-05 0.0370782 0.196264 0.546098 0.0239738 9.9982E-05
0.0231051 0.0347957 9.997E-05 9.997E-05 0.147579 0.733784 0.0604361 9.997E-05
9.99641E-05 0.107896 9.99641E-05 9.99641E-05 0.0775827 0.74245 0.0716712 9.99641E-05
9.9955E-05 0.0890378 9.9955E-05 0.062581 9.9955E-05 0.847881 9.9955E-05 9.9955E-05
9.9964E-05 0.125788 9.9964E-05 9.9964E-05 0.155877 0.679696 0.038238 9.9964E-05
0.0127794 0.700578 9.996E-05 0.0665772 9.996E-05 0.219666 9.996E-05 9.996E-05
0.115191 0.559989 9.9955E-05 9.9955E-05 9.9955E-05 0.32432 9.9955E-05 9.9955E-05
0.080186 0.304702 9.9964E-05 0.0204592 9.9964E-05 0.594253 9.9964E-05 9.9964E-05
9.9955E-05 0.0528214 9.9955E-05 9.9955E-05 0.116705 0.829974 9.9955E-05 9.9955E-05
0.051432 9.9973E-05 9.9973E-05 0.0121118 0.116745 0.780564 9.9973E-05 0.0388469
9.9973E-05 0.12028 0.0351032 0.0637404 0.102454 0.678122 9.9973E-05 9.9973E-05
0.0254439 0.0778157 9.9964E-05 9.9964E-05 0.0520648 0.844276 9.9964E-05 9.9964E-05
9.9964E-05 9.9964E-05 0.0764737 0.137984 9.9964E-05 0.628722 9.9964E-05 0.15642
0.0260768 9.9964E-05 0.29018 9.9964E-05 9.9964E-05 0.640649 9.9964E-05 0.0426944
9.9955E-05 0.179217 9.9955E-05 9.9955E-05 9.9955E-05 0.734436 0.0858469 9.9955E-05
9.9955E-05 0.635063 9.9955E-05 9.9955E-05 9.9955E-05 0.315488 0.0489494 9.9955E-05
0.0664308 0.404622 9.9964E-05 9.9964E-05 0.0233063 0.505241 9.9964E-05 9.9964E-05
9.9973E-05 0.578096 0.0125177 9.9973E-05 0.0768185 0.322099 9.9973E-05 0.0101683
9.9955E-05 0.892571 9.9955E-05 9.9955E-05 9.9955E-05 0.0757591 0.0311698 9.9955E-05
9.9955E-05 0.123594 9.9955E-05 9.9955E-05 9.9955E-05 0.801353 0.0745535 9.9955E-05
9.9973E-05 0.598557 9.9973E-05 9.9973E-05 0.0543021 0.323424 0.00924468 0.0141718
9.9964E-05 0.267944 0.00368548 9.9964E-05 0.13068 0.59729 9.9964E-05 9.9964E-05
9.99639E-05 0.399848 9.99639E-05 9.99639E-05 0.189242 0.344328 0.0661828 9.99639E-05
0.0485975 0.423306 9.9955E-05 9.9955E-05 9.9955E-05 0.527597 9.9955E-05 9.9955E-05
0.674365 0.118213 0.192971 9.996E-05 9.996E-05 9.996E-05 0.0140512 9.996E-05
0.314034 9.996E-05 0.405254 9.996E-05 9.996E-05 9.996E-05 0.0496504 0.230662
0.237738 0.0194828 0.2209 9.998E-05 0.0325595 9.998E-05 0.0987015 0.390419
0.0389507 0.0946607 0.619389 9.9973E-05 0.0694164 9.9973E-05 9.9973E-05 0.177284
0.0264823 0.035699 0.680844 9.997E-05 0.0949612 9.997E-05 9.997E-05 0.161714
0.0606022 9.9973E-05 0.823991 9.9973E-05 0.0035455 9.9973E-05 0.0183019 0.0932592
0.353449 0.0398431 0.389459 9.9964E-05 9.9964E-05 9.9964E-05 9.9964E-05 0.216849
0.607192 9.9964E-05 0.210044 9.9964E-05 9.9964E-05 0.00450942 9.9964E-05 0.177855
0.981231 0.0181691 9.99462E-05 9.99462E-05 9.99462E-05 9.99462E-05 9.99462E-05 9.99462E-05
0.0927701 9.9964E-05 0.693597 9.9964E-05 9.9964E-05 0.0860385 9.9964E-05 0.127195
9.99551E-05 9.99551E-05 0.899085 0.0613605 9.99551E-05 9.99551E-05 9.99551E-05 0.0390548
9.99461E-05 9.99461E-05 0.939327 0.0600732 9.99461E-05 9.99461E-05 9.99461E-05 9.99461E-05
9.99641E-05 9.99641E-05 0.857526 9.99641E-05 0.0249422 0.0173591 9.99641E-05 0.099773
