0.253076 0.735627 0.0112968
0.536811 0.463089 9.9991E-05
0.194058 0.726586 0.0793558
0.166628 0.739014 0.0943576
9.9991E-05 0.907488 0.0924125
0.0302076 0.867962 0.10183
0.56435 9.9991E-05 0.43555
0.300802 0.156841 0.542356
0.347032 9.9991E-05 0.652868
0.393876 9.9991E-05 0.606024
0.475063 9.9991E-05 0.524837
0.478957 9.9991E-05 0.520943
0.222738 9.9991E-05 0.777162
0.211036 9.9991E-05 0.788864
0.415537 9.9991E-05 0.584363
0.506053 9.9991E-05 0.493847
0.177985 0.697751 0.124264
0.47883 0.408966 0.112204
0.274152 0.494959 0.23089
0.0563295 0.708724 0.234946
0.319108 0.563678 0.117213
0.326773 0.521179 0.152049
0.320425 0.571281 0.108294
0.0699711 0.753646 0.176383
0.106829 0.701296 0.191875
0.141742 0.765926 0.0923315
9.9991E-05 0.737572 0.262328
9.9991E-05 0.770145 0.229755
0.242246 0.706039 0.0517142
0.334448 0.598508 0.0670436
0.621034 0.35064 0.0283265
0.280774 0.616087 0.103139
0.251021 0.738613 0.0103656
0.221022 0.576602 0.202376
0.597401 0.335853 0.0667466
0.192493 0.658206 0.1493
0.310259 0.299565 0.390176
0.19504 0.552214 0.252745
0.342665 0.490939 0.166396
0.151588 0.646518 0.201895
0.312146 0.687754 9.9991E-05
0.103418 0.746142 0.15044
0.106246 0.660344 0.233411
0.059626 0.729836 0.210538
0.157825 0.7888 0.0533748
0.229631 0.690722 0.0796465
0.589427 0.258326 0.152246
0.710788 0.289112 9.9991E-05
0.815646 0.184254 9.9991E-05
0.586127 0.413773 9.9991E-05
0.570297 0.346568 0.0831352
0.319124 0.558049 0.122826
0.335002 0.471577 0.193421
0.269904 0.582254 0.147842
0.304586 0.550507 0.144906
0.0131792 0.732836 0.253985
0.238333 0.14859 0.613078
0.130697 0.139453 0.729849
9.9991E-05 0.0587594 0.941141
0.240884 0.00830794 0.750808
0.169666 9.9991E-05 0.830234
0.185267 0.0882845 0.726449
0.822607 9.9991E-05 0.177293
0.496573 0.0215441 0.481883
0.359441 9.9991E-05 0.640459
0.26101 9.9991E-05 0.73889
0.274539 0.10939 0.616071
0.0148104 9.9991E-05 0.98509
0.458073 9.9991E-05 0.541827
0.241658 9.9991E-05 0.758242
0.497955 0.0201414 0.481904
0.130562 0.0731379 0.7963
0.486571 9.9991E-05 0.513329
0.0703487 0.0771886 0.852463
0.00515846 0.110949 0.883893
0.111018 0.0197356 0.869246
0.141532 0.0380967 0.820372
9.9991E-05 0.0229529 0.976947
0.115496 9.9991E-05 0.884404
0.486301 9.9991E-05 0.513599
0.0931349 0.0782207 0.828644
9.9991E-05 0.945762 0.0541383
0.223626 0.776274 9.9991E-05
0.130645 0.8281 0.0412548
0.0120155 0.877037 0.110948
0.144643 0.824513 0.0308444
0.740261 0.259639 9.9991E-05
0.30201 0.672684 0.0253057
0.312377 0.675434 0.0121892
0.102358 0.866933 0.0307087
0.235113 0.764787 9.9991E-05
9.9991E-05 0.841148 0.158752
9.9991E-05 0.867629 0.132271
9.9991E-05 0.897436 0.102464
0.0820501 0.824014 0.0939364
0.412799 0.580808 0.00639346
0.159369 0.787006 0.0536241
9.9991E-05 0.832894 0.167006
9.9991E-05 0.84625 0.15365
0.0726837 0.867896 0.0594201
0.190988 0.808912 9.9991E-05
0.0547357 0.945164 9.9991E-05
0.0936264 0.906274 9.9991E-05
0.127884 0.872016 9.9991E-05
0.134664 0.834915 0.0304207
9.9991E-05 0.960211 0.0396893
0.00683986 0.925114 0.0680465
9.9991E-05 0.957374 0.042526
0.0338774 0.926592 0.0395305
9.9991E-05 0.992384 0.00751593
9.9991E-05 0.936547 0.0633528
9.999E-05 0.9998 9.999E-05
0.114566 0.885334 9.9991E-05
0.0731037 0.869846 0.0570505
0.1018 0.8981 9.9991E-05
0.0311119 0.939178 0.0297099
0.0117954 0.988105 9.9991E-05
9.9991E-05 0.99307 0.00683026
0.0537594 0.946141 9.9991E-05
0.233376 0.766524 9.9991E-05
0.209687 0.790213 9.9991E-05
0.103301 0.896599 9.9991E-05
9.9991E-05 0.986143 0.0137569
9.9991E-05 0.892079 0.107821
9.9991E-05 0.942857 0.057043
9.9991E-05 0.963602 0.0362984
9.9991E-05 0.685648 0.314252
9.9991E-05 0.639318 0.360582
0.0721006 0.927799 9.9991E-05
0.229231 0.770669 9.9991E-05
0.184511 0.815389 9.9991E-05
0.131994 0.867906 9.9991E-05
0.306236 0.693664 9.9991E-05
9.9991E-05 0.995375 0.00452462
0.148587 0.851313 9.9991E-05
0.00307861 0.989 0.00792119
0.167512 0.832388 9.9991E-05
0.127658 0.872242 9.9991E-05
0.597769 0.000931956 0.401299
0.304811 9.9991E-05 0.695089
0.411131 9.9991E-05 0.588769
0.171418 0.0973894 0.731193
0.0346878 0.160355 0.804957
0.0396139 9.9991E-05 0.960286
0.296093 9.9991E-05 0.703807
0.4783 9.9991E-05 0.5216
0.891029 9.9991E-05 0.108871
0.0701074 0.104326 0.825567
9.999E-05 9.999E-05 0.9998
9.999E-05 9.999E-05 0.9998
9.9991E-05 0.0495032 0.950397
