0.23518 0.454706 0.0365672 0.0101863 0.263261 9.9991E-05
0.40088 0.0632534 0.279753 0.164614 0.0914 9.9991E-05
0.0829489 0.297919 0.0565433 0.119697 0.442792 9.9991E-05
0.118254 0.306087 9.9991E-05 0.176436 0.349493 0.049631
9.9964E-05 0.234458 9.9964E-05 9.9964E-05 0.765143 9.9964E-05
0.0638618 0.460125 9.9991E-05 0.0780609 0.38404 0.013812
0.0598296 9.9982E-05 0.908765 0.0163995 9.9982E-05 0.0148058
0.102756 0.030038 0.626796 9.9991E-05 0.0914615 0.148849
0.0540842 9.9982E-05 0.692952 0.00124645 9.9982E-05 0.251517
9.9973E-05 0.0865571 0.732356 9.9973E-05 9.9973E-05 0.180787
0.0205082 0.00686453 0.858967 9.9991E-05 0.00665181 0.106909
9.9964E-05 9.9964E-05 0.916011 9.9964E-05 0.0835896 9.9964E-05
9.9964E-05 9.9964E-05 0.561682 9.9964E-05 9.9964E-05 0.437919
9.99731E-05 0.0283484 0.53351 9.99731E-05 9.99731E-05 0.437842
0.0460714 9.9982E-05 0.756409 0.0186752 9.9982E-05 0.178644
0.0340847 9.99731E-05 0.875438 9.99731E-05 9.99731E-05 0.0901777
9.9982E-05 0.515028 0.0627259 0.102908 0.319138 9.9982E-05
9.9973E-05 0.261609 9.9973E-05 0.657583 9.9973E-05 0.0805085
9.9982E-05 0.721538 9.9982E-05 0.197851 0.0137167 0.0666946
9.9982E-05 0.56123 9.9982E-05 0.12773 0.217908 0.0929315
9.9982E-05 0.225685 9.9982E-05 0.481416 0.271627 0.0210722
9.9973E-05 0.531485 9.9973E-05 0.430659 9.9973E-05 0.0375561
0.224951 0.471701 0.201863 9.9982E-05 0.101284 9.9982E-05
0.222634 0.568607 9.9982E-05 9.9982E-05 0.199185 0.00937402
9.99641E-05 0.841022 9.99641E-05 9.99641E-05 0.158578 9.99641E-05
0.165715 0.718056 9.9973E-05 9.9973E-05 0.115929 9.9973E-05
9.9973E-05 0.523292 9.9973E-05 9.9973E-05 0.377198 0.0992101
9.9973E-05 0.472232 9.9973E-05 9.9973E-05 0.477841 0.0496271
0.285877 0.0548213 0.043802 0.26586 0.310871 0.0387686
0.103984 0.050491 9.9991E-05 0.48864 0.287242 0.0695435
9.9982E-05 0.123211 0.108097 0.687804 0.0806887 9.9982E-05
9.999E-05 0.134267 0.106607 0.331212 0.425894 0.00192014
9.9973E-05 0.32919 9.9973E-05 0.31933 0.351179 9.9973E-05
0.120567 0.824308 0.0548244 9.9973E-05 9.9973E-05 9.9973E-05
0.124687 0.640216 0.234797 9.9973E-05 9.9973E-05 9.9973E-05
9.9982E-05 0.520512 0.0891375 0.115639 0.274512 9.9982E-05
9.9991E-05 0.44797 0.176382 0.123656 0.0665034 0.185388
9.9973E-05 0.618715 0.16466 9.9973E-05 0.216325 9.9973E-05
0.154917 0.586339 0.0255248 0.171593 9.9991E-05 0.0615256
9.9982E-05 0.732888 9.9982E-05 0.145717 0.106257 0.0149368
0.535375 0.38024 9.9973E-05 0.0840847 9.9973E-05 9.9973E-05
0.141163 0.329653 9.9991E-05 0.063347 0.372262 0.0934751
9.9982E-05 0.2721 9.9982E-05 0.224741 0.382774 0.120184
0.497715 0.17344 9.9982E-05 9.9982E-05 0.165816 0.162829
0.174136 0.503715 9.9982E-05 0.0807579 0.241191 9.9982E-05
0.0103321 0.580827 9.9991E-05 0.201152 0.201934 0.00565503
9.9973E-05 0.329343 9.9973E-05 0.563724 9.9973E-05 0.106633
0.133576 0.0175892 0.0704108 0.778224 9.9982E-05 9.9982E-05
0.0804066 9.9964E-05 9.9964E-05 0.919194 9.9964E-05 9.9964E-05
0.313827 0.0128131 9.9973E-05 0.67306 9.9973E-05 9.9973E-05
9.9973E-05 0.206781 9.9973E-05 0.755941 9.9973E-05 0.036978
0.363695 0.364743 0.0385186 0.145805 9.9991E-05 0.0871384
0.00935823 0.470898 9.9982E-05 0.400226 9.9982E-05 0.119318
0.327998 0.595207 9.9982E-05 0.0348326 9.9982E-05 0.0417617
0.257417 0.638928 0.0594841 0.0411954 9.9991E-05 0.00287529
9.9982E-05 0.659148 9.9982E-05 0.0473408 0.228892 0.0644192
0.112963 0.219402 0.402517 9.9982E-05 9.9982E-05 0.264918
0.074426 0.076532 0.347221 9.9982E-05 9.9982E-05 0.501621
0.0969576 9.9964E-05 9.9964E-05 9.9964E-05 9.9964E-05 0.902643
0.150343 0.0306633 0.324752 0.0127851 9.9991E-05 0.481356
0.0165432 9.9973E-05 0.372288 9.9973E-05 9.9973E-05 0.610869
0.021619 9.9982E-05 0.147894 0.169764 9.9982E-05 0.660523
0.0614683 9.9973E-05 0.744405 0.193826 9.9973E-05 9.9973E-05
9.9982E-05 0.113727 0.79327 9.9982E-05 0.067495 0.0253072
9.9973E-05 9.9973E-05 0.749064 9.9973E-05 0.0416365 0.209
9.9973E-05 0.0138246 0.568027 9.9973E-05 9.9973E-05 0.417848
9.9982E-05 0.121916 0.558115 9.9982E-05 0.0319958 0.287774
9.99731E-05 0.0993006 0.153971 9.99731E-05 9.99731E-05 0.746429
0.0344925 0.0781884 0.679523 9.9982E-05 9.9982E-05 0.207596
9.9973E-05 0.0378393 0.527491 9.9973E-05 9.9973E-05 0.43437
9.9982E-05 0.103233 0.797619 9.9982E-05 0.0964015 0.00254734
9.9982E-05 0.0545765 0.390083 9.9982E-05 0.0505534 0.504587
9.9982E-05 0.00743148 0.91983 9.9982E-05 0.058401 0.0141371
9.9982E-05 9.9982E-05 0.24053 0.0450464 0.0557314 0.658492
9.9982E-05 0.193558 0.08293 0.0365928 9.9982E-05 0.68672
0.0043552 9.9982E-05 0.134697 0.129196 9.9982E-05 0.731552
9.9982E-05 9.9982E-05 0.337437 0.0442409 0.109415 0.508707
9.9964E-05 9.9964E-05 9.9964E-05 9.9964E-05 0.0341267 0.965473
0.000911197 9.9973E-05 0.342205 9.9973E-05 9.9973E-05 0.656584
9.9973E-05 9.9973E-05 0.738285 0.10018 9.9973E-05 0.161235
9.9973E-05 9.9973E-05 0.043661 0.209443 9.9973E-05 0.746596
0.060744 0.0999639 9.9991E-05 0.0122854 0.817591 0.00931608
0.847277 9.9973E-05 9.9973E-05 9.9973E-05 0.0749083 0.0775143
0.689549 9.9973E-05 9.9973E-05 9.9973E-05 0.210206 0.0999452
9.9973E-05 9.9973E-05 9.9973E-05 0.145422 0.816776 0.037502
0.0764622 9.9973E-05 9.9973E-05 0.348249 0.574989 9.9973E-05
0.291806 9.99641E-05 9.99641E-05 0.707794 9.99641E-05 9.99641E-05
0.207827 9.9991E-05 0.0437887 0.296554 0.396295 0.0554357
0.329099 0.0648821 0.106474 0.214459 0.284986 9.9991E-05
9.9973E-05 9.9973E-05 0.0126942 0.211484 0.775522 9.9973E-05
0.231894 9.9973E-05 9.9973E-05 0.251525 0.516281 9.9973E-05
9.9991E-05 0.022734 0.0231212 0.0209617 0.843898 0.0891852
9.9982E-05 0.355522 9.9982E-05 0.00548018 0.582783 0.0560145
9.9982E-05 0.223528 9.9982E-05 0.0589092 0.695582 0.0217805
0.00828263 0.152408 0.0301382 0.16141 0.647661 9.9991E-05
9.9964E-05 9.9964E-05 9.9964E-05 0.605646 0.393954 9.9964E-05
9.9973E-05 0.227499 9.9973E-05 0.272863 0.499338 9.9973E-05
9.9991E-05 0.0936643 0.0218737 0.0173094 0.80993 0.0571223
9.9973E-05 0.19286 9.9973E-05 9.9973E-05 0.774231 0.0326092
0.154011 0.201683 0.0416928 9.9982E-05 0.602413 9.9982E-05
0.348066 0.0598764 9.9982E-05 0.259273 0.332585 9.9982E-05
0.443359 0.0142762 9.9982E-05 0.0387778 0.503387 9.9982E-05
0.532857 0.0162415 9.9991E-05 0.0552156 0.380141 0.0154446
0.576311 0.0157459 9.9973E-05 9.9973E-05 0.407643 9.9973E-05
9.9973E-05 9.9973E-05 0.00024814 0.262441 0.737011 9.9973E-05
9.9973E-05 0.0912795 9.9973E-05 0.0410109 0.86741 9.9973E-05
0.0910201 0.193956 9.9982E-05 0.101094 0.61373 9.9982E-05
9.9973E-05 9.9973E-05 0.00465062 0.102608 0.892441 9.9973E-05
9.9982E-05 9.9982E-05 0.00818811 0.0813008 0.879692 0.0306195
0.0511051 0.0543353 0.0166265 9.9982E-05 0.877733 9.9982E-05
0.0777978 0.105008 9.9982E-05 9.9982E-05 0.813617 0.00337731
0.108846 9.9964E-05 9.9964E-05 9.9964E-05 0.890754 9.9964E-05
0.250463 0.159518 9.9982E-05 0.191773 0.398046 9.9982E-05
0.316058 9.9982E-05 9.9982E-05 0.0659792 0.568547 0.0492159
0.164493 0.0998175 9.9982E-05 0.127964 0.607525 9.9982E-05
0.0830593 0.00688753 9.9982E-05 0.143679 0.766174 9.9982E-05
0.21409 9.9973E-05 9.9973E-05 0.0958298 0.689781 9.9973E-05
0.18904 0.00654789 9.9973E-05 9.9973E-05 0.804112 9.9973E-05
0.0756747 9.9973E-05 9.9973E-05 0.151055 0.77297 9.9973E-05
0.696687 0.045444 0.0151384 9.9982E-05 0.24253 9.9982E-05
0.650464 9.9964E-05 9.9964E-05 9.9964E-05 0.349137 9.9964E-05
0.424597 9.9973E-05 0.0410187 9.9973E-05 0.534084 9.9973E-05
0.098661 0.00277306 9.9973E-05 9.9973E-05 0.898266 9.9973E-05
0.0378847 0.0568215 0.0614246 0.0154525 0.808716 0.0197003
0.166574 0.0403143 0.0103733 9.9991E-05 0.767019 0.0156188
0.111798 9.9982E-05 0.0178822 0.011443 0.858677 9.9982E-05
0.0394952 0.125349 0.0759026 9.9991E-05 0.589231 0.169922
0.0430885 9.9982E-05 0.150748 9.9982E-05 0.575436 0.230528
0.1846 9.9973E-05 9.9973E-05 0.103149 0.711951 9.9973E-05
0.662905 9.9973E-05 9.9973E-05 0.0440489 0.292746 9.9973E-05
0.447572 9.9973E-05 0.0623254 9.9973E-05 0.489803 9.9973E-05
0.621221 9.99668E-05 9.99668E-05 9.99668E-05 0.378379 9.99668E-05
0.930859 9.9964E-05 9.9964E-05 0.068741 9.9964E-05 9.9964E-05
0.134182 9.9973E-05 9.9973E-05 0.069272 0.796247 9.9973E-05
0.638331 9.9973E-05 9.9973E-05 0.0122938 0.349076 9.9973E-05
0.306275 9.9964E-05 9.9964E-05 9.9964E-05 0.693325 9.9964E-05
0.371407 0.0733661 9.9982E-05 0.121258 0.433769 9.9982E-05
0.446956 9.9973E-05 9.9973E-05 0.0135414 0.539203 9.9973E-05
0.185835 9.9982E-05 0.692267 0.0590032 9.9982E-05 0.0626946
0.0460127 9.9991E-05 0.492918 0.0190092 0.0136905 0.428269
0.0323681 9.9982E-05 0.499343 0.139032 9.9982E-05 0.329056
0.0956662 9.9982E-05 0.116266 0.140139 9.9982E-05 0.647729
9.9982E-05 9.9982E-05 0.126162 0.042203 0.130276 0.701159
9.9973E-05 9.9973E-05 0.126678 0.0540238 9.9973E-05 0.818998
0.100788 9.9982E-05 0.580235 9.9982E-05 0.00844892 0.310328
9.9973E-05 9.9973E-05 0.82712 9.9973E-05 0.0647206 0.10786
0.140876 9.99731E-05 0.790422 0.0684022 9.99731E-05 9.99731E-05
9.9973E-05 9.9973E-05 0.279232 9.9973E-05 0.0849946 0.635474
9.99641E-05 0.0655767 9.99641E-05 9.99641E-05 9.99641E-05 0.934023
9.9964E-05 0.0421248 9.9964E-05 9.9964E-05 9.9964E-05 0.957475
9.9982E-05 0.0201055 9.9982E-05 0.0031516 0.0610613 0.915482
