0.0626861 0.235804 0.500769 0.000844274 9.9982E-05 0.089202 9.9982E-05 0.110495
0.3358 0.0357175 0.246269 9.9982E-05 0.124799 0.100297 9.9982E-05 0.156917
0.15354 0.253688 0.374954 9.9964E-05 9.9964E-05 0.217419 9.9964E-05 9.9964E-05
0.0615958 9.9982E-05 0.0978697 0.100072 9.9982E-05 0.574514 0.0150837 0.150665
9.9964E-05 0.5162 0.18203 9.9964E-05 9.9964E-05 0.297902 0.00346762 9.9964E-05
9.9973E-05 0.00848083 0.192697 0.148898 9.9973E-05 0.5957 9.9973E-05 0.0539247
0.0280395 9.9964E-05 9.9964E-05 0.0592646 0.890275 9.9964E-05 9.9964E-05 0.0220208
9.9964E-05 0.144691 9.9964E-05 0.231861 0.62099 9.9964E-05 0.00205852 9.9964E-05
9.9964E-05 9.9964E-05 9.9964E-05 9.9964E-05 0.743418 0.0520263 0.192351 0.0118054
9.9955E-05 9.9955E-05 9.9955E-05 0.0951999 0.812444 9.9955E-05 0.0918568 9.9955E-05
9.9955E-05 9.9955E-05 9.9955E-05 9.9955E-05 0.909341 0.00748176 9.9955E-05 0.082677
9.9955E-05 0.0448492 0.067675 9.9955E-05 0.886976 9.9955E-05 9.9955E-05 9.9955E-05
9.99461E-05 9.99461E-05 9.99461E-05 9.99461E-05 0.689726 9.99461E-05 0.309675 9.99461E-05
9.99551E-05 9.99551E-05 9.99551E-05 0.120501 0.552827 9.99551E-05 0.326172 9.99551E-05
0.0513042 9.9973E-05 0.000199491 0.0644157 0.762375 9.9973E-05 0.121406 9.9973E-05
9.99551E-05 9.99551E-05 9.99551E-05 0.0270512 0.887354 9.99551E-05 9.99551E-05 0.0850947
0.00807155 0.312692 0.111593 0.480552 9.9982E-05 0.0583592 9.9982E-05 0.0285325
0.303209 0.0135497 9.9973E-05 0.620908 0.0356689 9.9973E-05 9.9973E-05 0.0263644
0.0506335 9.9991E-05 0.319188 0.392917 0.0153995 0.190158 0.0151337 0.0164698
9.9955E-05 0.0674213 9.9955E-05 0.664856 9.9955E-05 0.267223 9.9955E-05 9.9955E-05
0.251595 0.190556 9.99639E-05 0.549975 9.99639E-05 0.00747336 9.99639E-05 9.99639E-05
0.124668 9.99549E-05 9.99549E-05 0.758356 9.99549E-05 0.116476 9.99549E-05 9.99549E-05
0.0618048 0.207117 0.637565 9.9964E-05 0.0931128 9.9964E-05 9.9964E-05 9.9964E-05
9.9955E-05 0.301621 0.662207 9.9955E-05 9.9955E-05 9.9955E-05 9.9955E-05 0.0356724
9.9973E-05 0.120444 0.729554 0.0788472 9.9973E-05 0.0547849 0.0160696 9.9973E-05
9.9964E-05 9.9964E-05 0.118222 0.455853 9.9964E-05 0.240955 9.9964E-05 0.18457
9.9964E-05 0.365527 0.132234 0.476418 9.9964E-05 9.9964E-05 0.0254213 9.9964E-05
9.9973E-05 0.379789 0.192715 0.245944 9.9973E-05 0.113685 0.0675675 9.9973E-05
0.173263 0.391804 9.9973E-05 0.256819 0.0451318 9.9973E-05 9.9973E-05 0.132682
0.284987 0.378888 9.9964E-05 0.272538 0.0631864 9.9964E-05 9.9964E-05 9.9964E-05
0.398901 9.9964E-05 9.9964E-05 0.187524 0.163128 0.250047 9.9964E-05 9.9964E-05
0.135389 0.152234 9.9973E-05 0.242416 0.118072 0.35159 9.9973E-05 9.9973E-05
0.105001 0.146159 9.9964E-05 0.341726 9.9964E-05 0.406714 9.9964E-05 9.9964E-05
9.9964E-05 9.9964E-05 0.805985 0.10114 9.9964E-05 0.0347997 9.9964E-05 0.0576756
0.149032 9.99459E-05 0.850369 9.99459E-05 9.99459E-05 9.99459E-05 9.99459E-05 9.99459E-05
0.0049752 0.25242 0.275374 0.402948 0.00736239 0.0567204 9.9982E-05 9.9982E-05
0.193297 9.9964E-05 0.52177 9.9964E-05 9.9964E-05 0.0163133 0.268219 9.9964E-05
9.9973E-05 0.0720909 0.579298 0.188597 9.9973E-05 0.0898095 0.069905 9.9973E-05
0.155422 9.9982E-05 0.468048 0.241912 9.9982E-05 0.0642314 0.0324605 0.037727
9.9964E-05 0.0448805 0.290038 0.51864 9.9964E-05 0.146041 9.9964E-05 9.9964E-05
0.0379549 9.9973E-05 0.0325379 0.157678 9.9973E-05 0.235852 9.9973E-05 0.535677
0.0253306 0.122734 9.9982E-05 0.206179 9.9982E-05 0.378486 0.0361819 0.230889
0.141149 0.0155927 0.0481202 0.165087 9.9982E-05 0.5321 0.0977512 9.9982E-05
9.9964E-05 9.9964E-05 0.0391628 9.9964E-05 9.9964E-05 0.24881 0.146897 0.56473
9.9964E-05 9.9964E-05 0.00261599 0.338241 9.9964E-05 0.420377 9.9964E-05 0.238366
0.080517 9.9964E-05 0.190095 0.252482 9.9964E-05 0.476506 9.9964E-05 9.9964E-05
0.302214 9.9955E-05 9.9955E-05 0.682366 9.9955E-05 9.9955E-05 0.01492 9.9955E-05
0.52247 9.99639E-05 9.99639E-05 0.327237 0.0635814 9.99639E-05 9.99639E-05 0.0863109
0.834328 9.9946E-05 9.9946E-05 0.165073 9.9946E-05 9.9946E-05 9.9946E-05 9.9946E-05
0.61828 9.9964E-05 0.0350922 0.183062 9.9964E-05 9.9964E-05 9.9964E-05 0.163166
0.459684 9.99459E-05 9.99459E-05 0.539717 9.99459E-05 9.99459E-05 9.99459E-05 9.99459E-05
9.9964E-05 9.9964E-05 0.0763948 0.452584 0.057003 9.9964E-05 9.9964E-05 0.413619
0.172827 0.107955 0.0439849 0.639408 9.9973E-05 9.9973E-05 0.0355244 9.9973E-05
9.9955E-05 9.9955E-05 0.031049 0.580323 9.9955E-05 9.9955E-05 9.9955E-05 0.388128
9.99639E-05 9.99639E-05 0.0785807 0.536832 0.00367213 9.99639E-05 9.99639E-05 0.380515
9.9955E-05 0.0850209 9.9955E-05 0.660567 9.9955E-05 0.253912 9.9955E-05 9.9955E-05
9.9964E-05 9.9964E-05 0.320903 9.9964E-05 0.394566 9.9964E-05 0.262236 0.0218954
9.9973E-05 0.0358933 0.158499 9.9973E-05 0.360371 9.9973E-05 0.431257 0.0136794
9.9964E-05 0.00757804 0.0524781 9.9964E-05 9.9964E-05 9.9964E-05 0.897271 0.0422732
9.9964E-05 9.9964E-05 9.9964E-05 0.0841696 0.378034 9.9964E-05 0.447718 0.0896788
9.9964E-05 9.9964E-05 9.9964E-05 9.9964E-05 0.373029 0.0139589 0.560372 0.0522399
0.0590226 9.9964E-05 9.9964E-05 0.127346 0.252889 9.9964E-05 0.560343 9.9964E-05
0.327533 9.99549E-05 0.011204 9.99549E-05 0.660763 9.99549E-05 9.99549E-05 9.99549E-05
9.9964E-05 9.9964E-05 0.0427417 0.022166 0.765053 0.169639 9.9964E-05 9.9964E-05
9.9964E-05 9.9964E-05 0.00722565 9.9964E-05 0.832843 0.100776 0.0587552 9.9964E-05
9.9955E-05 9.9955E-05 0.0535792 9.9955E-05 0.643122 9.9955E-05 0.302799 9.9955E-05
9.9973E-05 9.9973E-05 0.160819 0.059765 0.517566 0.00885039 0.2527 9.9973E-05
9.99551E-05 9.99551E-05 0.190915 9.99551E-05 0.154796 9.99551E-05 0.653789 9.99551E-05
0.0404368 9.9964E-05 0.199645 9.9964E-05 0.53509 9.9964E-05 0.224428 9.9964E-05
9.9955E-05 9.9955E-05 0.11826 9.9955E-05 0.555238 9.9955E-05 0.326003 9.9955E-05
9.9973E-05 0.00574235 0.199727 9.9973E-05 0.726539 0.0646691 0.00302283 9.9973E-05
9.9955E-05 9.9955E-05 0.138238 9.9955E-05 0.403296 9.9955E-05 0.457966 9.9955E-05
9.9955E-05 0.0870679 0.0729523 9.9955E-05 0.83948 9.9955E-05 9.9955E-05 9.9955E-05
9.9964E-05 0.0384662 9.9964E-05 0.151891 0.227034 9.9964E-05 0.582209 9.9964E-05
9.9964E-05 9.9964E-05 0.0269243 0.141016 0.212091 9.9964E-05 0.619569 9.9964E-05
0.0605323 9.9973E-05 9.9973E-05 0.103838 0.168319 0.00422086 0.66279 9.9973E-05
9.9955E-05 9.9955E-05 9.9955E-05 9.9955E-05 0.37326 0.124481 0.501758 9.9955E-05
0.00726845 9.9955E-05 9.9955E-05 9.9955E-05 9.9955E-05 0.0321469 0.960085 9.9955E-05
9.9964E-05 9.9964E-05 0.0275551 9.9964E-05 0.304737 9.9964E-05 0.634764 0.0325439
0.0481479 9.9973E-05 0.00217155 0.104956 0.780749 9.9973E-05 0.0636758 9.9973E-05
0.165674 9.9964E-05 9.9964E-05 9.9964E-05 0.0455103 0.0342583 0.754157 9.9964E-05
9.99731E-05 0.827446 0.00692722 0.116309 9.99731E-05 0.0428713 0.00614666 9.99731E-05
9.9964E-05 0.0496357 9.9964E-05 0.0640685 9.9964E-05 9.9964E-05 0.0635606 0.822335
9.9955E-05 0.130139 9.9955E-05 9.9955E-05 9.9955E-05 9.9955E-05 0.0906393 0.778722
0.0879813 0.671348 0.0554473 9.9973E-05 9.9973E-05 0.157154 0.0277701 9.9973E-05
0.26703 0.676798 9.9955E-05 0.0556724 9.9955E-05 9.9955E-05 9.9955E-05 9.9955E-05
0.9993 9.994E-05 9.994E-05 9.994E-05 9.994E-05 9.994E-05 9.994E-05 9.994E-05
0.274285 9.99641E-05 9.99641E-05 9.99641E-05 0.0782509 0.548845 9.99641E-05 0.0982189
0.291863 9.9982E-05 0.105658 9.9982E-05 0.0189195 0.42765 0.0137798 0.14193
0.129131 0.286443 9.9955E-05 9.9955E-05 9.9955E-05 0.583927 9.9955E-05 9.9955E-05
0.319113 0.20673 9.99639E-05 9.99639E-05 9.99639E-05 0.294511 9.99639E-05 0.179246
9.9964E-05 0.0981857 9.9964E-05 9.9964E-05 0.061829 0.826467 0.0131186 9.9964E-05
9.9955E-05 9.9955E-05 9.9955E-05 0.0246191 9.9955E-05 0.967919 0.00696215 9.9955E-05
9.99549E-05 0.306164 0.111227 9.99549E-05 9.99549E-05 0.582109 9.99549E-05 9.99549E-05
0.0981242 0.109959 0.0601667 0.0160365 9.998E-05 0.713235 0.0022785 9.998E-05
0.401742 9.99549E-05 9.99549E-05 9.99549E-05 0.0614833 0.536275 9.99549E-05 9.99549E-05
0.113228 0.0319003 0.0482528 0.0524207 0.00998885 0.74401 9.9982E-05 9.9982E-05
9.9955E-05 0.195007 9.9955E-05 9.9955E-05 0.0369131 0.76758 9.9955E-05 9.9955E-05
9.9973E-05 0.203948 0.0522239 0.0202719 9.9973E-05 0.709789 0.0134672 9.9973E-05
9.9982E-05 0.11628 0.0525787 0.0177756 0.0173622 0.572884 9.9982E-05 0.22292
0.221393 0.448512 9.9964E-05 0.0766116 9.9964E-05 9.9964E-05 9.9964E-05 0.253084
9.9964E-05 0.490993 9.9964E-05 0.0553129 9.9964E-05 0.0605432 9.9964E-05 0.392751
0.0328977 0.433771 0.0447627 0.0269232 9.9973E-05 9.9973E-05 9.9973E-05 0.461345
9.9946E-05 0.396027 9.9946E-05 9.9946E-05 9.9946E-05 9.9946E-05 9.9946E-05 0.603373
0.281046 0.680247 9.9964E-05 9.9964E-05 9.9964E-05 0.0227967 0.0155105 9.9964E-05
9.9964E-05 0.879684 0.0502296 0.0416102 9.9964E-05 0.0280768 9.9964E-05 9.9964E-05
0.0366982 0.729516 0.109396 0.123989 9.9964E-05 9.9964E-05 9.9964E-05 9.9964E-05
0.00585932 0.922137 9.9973E-05 0.0610699 0.00313718 9.9973E-05 9.9973E-05 0.00749699
0.036698 0.815141 0.0419078 9.9973E-05 9.9973E-05 0.0934269 0.0125264 9.9973E-05
9.9964E-05 0.68165 0.0168278 9.9964E-05 9.9964E-05 0.264649 9.9964E-05 0.036474
9.9964E-05 0.824258 0.0936133 9.9964E-05 9.9964E-05 0.0580253 9.9964E-05 0.0237032
9.9964E-05 0.761668 0.00938599 9.9964E-05 9.9964E-05 0.13395 9.9964E-05 0.0945958
0.13551 0.333028 0.0510132 0.0301192 9.9982E-05 0.244102 9.9982E-05 0.206028
9.9973E-05 0.386446 9.9973E-05 0.161332 9.9973E-05 0.107117 0.00475582 0.340049
0.0773198 0.506342 0.13964 9.9973E-05 9.9973E-05 0.182209 9.9973E-05 0.0941904
0.13424 0.674873 0.0532961 9.9973E-05 9.9973E-05 0.107118 9.9973E-05 0.0301726
0.11716 0.767746 9.99641E-05 9.99641E-05 9.99641E-05 0.0425208 9.99641E-05 0.0721737
9.99551E-05 0.853368 0.09424 9.99551E-05 9.99551E-05 9.99551E-05 9.99551E-05 0.0518921
0.135947 0.664318 9.99639E-05 9.99639E-05 9.99639E-05 0.174533 9.99639E-05 0.024803
9.9955E-05 0.172668 0.175431 9.9955E-05 9.9955E-05 9.9955E-05 9.9955E-05 0.651402
0.067268 0.116625 9.9964E-05 9.9964E-05 9.9964E-05 0.167136 9.9964E-05 0.648571
0.00408604 0.460119 0.00763099 9.9982E-05 9.9982E-05 0.0865542 0.00725405 0.434155
9.9955E-05 0.667099 9.9955E-05 9.9955E-05 9.9955E-05 0.223464 9.9955E-05 0.108938
9.9991E-05 0.616014 0.0339625 0.00365665 0.000223731 0.18961 0.0780031 0.0784307
9.9964E-05 0.584877 0.169454 9.9964E-05 9.9964E-05 0.161123 9.9964E-05 0.084145
9.9964E-05 0.778828 9.9964E-05 9.9964E-05 0.0437721 0.0928771 9.9964E-05 0.0841224
9.9964E-05 0.616549 0.198377 9.9964E-05 0.08892 9.9964E-05 0.0957538 9.9964E-05
9.9955E-05 0.605757 9.9955E-05 9.9955E-05 0.147082 9.9955E-05 0.246661 9.9955E-05
0.166641 0.71914 9.9955E-05 9.9955E-05 9.9955E-05 9.9955E-05 9.9955E-05 0.113719
0.116914 0.290708 9.99549E-05 9.99549E-05 9.99549E-05 9.99549E-05 9.99549E-05 0.591879
0.0760712 0.361313 0.0949045 9.9982E-05 0.0228399 0.0816928 9.9982E-05 0.362979
0.00439759 0.316652 0.109834 9.9973E-05 9.9973E-05 0.0185762 9.9973E-05 0.55024
0.133138 0.0466892 9.9964E-05 0.0236383 9.9964E-05 9.9964E-05 9.9964E-05 0.796134
0.0712842 0.854384 9.9955E-05 9.9955E-05 9.9955E-05 9.9955E-05 9.9955E-05 0.0738321
0.0132483 0.173724 9.9964E-05 9.9964E-05 9.9964E-05 0.111684 9.9964E-05 0.700944
9.9964E-05 0.505662 9.9964E-05 0.0197914 9.9964E-05 0.163038 9.9964E-05 0.311109
0.152368 0.426686 0.0110583 0.00773134 9.9982E-05 0.0921443 9.9982E-05 0.309812
0.0798017 0.529039 9.9955E-05 9.9955E-05 9.9955E-05 9.9955E-05 9.9955E-05 0.390659
0.120896 9.9964E-05 9.9964E-05 9.9964E-05 0.631844 9.9964E-05 0.0845785 0.162282
0.0212161 0.0455038 0.0273716 9.9973E-05 0.519396 9.9973E-05 0.386212 9.9973E-05
0.101048 9.9973E-05 9.9973E-05 0.0309445 0.572176 9.9973E-05 0.261715 0.0338168
0.153767 9.99639E-05 9.99639E-05 9.99639E-05 0.0308531 9.99639E-05 0.740573 0.0744073
0.141183 9.9982E-05 0.012267 9.9982E-05 0.071418 0.0419493 0.726948 0.00603431
9.9955E-05 0.0183934 9.9955E-05 9.9955E-05 0.209131 9.9955E-05 0.771976 9.9955E-05
9.9964E-05 9.9964E-05 9.9964E-05 9.9964E-05 0.623548 0.025037 0.248156 0.10286
0.021545 9.997E-05 0.0269352 9.997E-05 0.817358 0.053604 0.0802577 9.997E-05
0.354792 9.99461E-05 9.99461E-05 9.99461E-05 0.644608 9.99461E-05 9.99461E-05 9.99461E-05
9.9955E-05 0.110446 9.9955E-05 9.9955E-05 0.294576 9.9955E-05 0.594478 9.9955E-05
9.99462E-05 9.99462E-05 9.99462E-05 0.0835165 9.99462E-05 9.99462E-05 0.915884 9.99462E-05
9.9955E-05 9.9955E-05 0.0343595 9.9955E-05 9.9955E-05 9.9955E-05 0.941463 0.023678
9.9964E-05 0.0401437 9.9964E-05 0.0568513 0.0280238 9.9964E-05 0.874581 9.9964E-05
