0.489096 0.365116 0.145687 9.9991E-05
0.109562 0.385513 0.504825 9.9991E-05
0.37646 0.445298 0.177408 0.000833844
0.444871 0.387782 0.146524 0.0208228
0.255757 0.691951 9.9991E-05 0.0521918
0.601116 0.398684 9.9982E-05 9.9982E-05
9.9982E-05 9.9982E-05 0.539593 0.460207
0.0153859 0.127931 0.314053 0.54263
9.9982E-05 9.9982E-05 0.33004 0.66976
9.9982E-05 9.9982E-05 0.354722 0.645078
9.9982E-05 9.9982E-05 0.449671 0.550129
9.99819E-05 9.99819E-05 0.487912 0.511888
9.9982E-05 9.9982E-05 0.25898 0.74082
0.00763368 9.9991E-05 0.18771 0.804556
9.9982E-05 9.9982E-05 0.398479 0.601321
9.9982E-05 9.9982E-05 0.455927 0.543873
0.593089 0.309197 0.0739563 0.0237578
0.512483 0.0642365 0.393972 0.0293085
0.793364 9.9991E-05 0.118818 0.0877178
0.746757 0.154028 0.00369179 0.0955236
0.503414 0.226619 0.216751 0.0532162
0.819682 9.9982E-05 0.180118 9.9982E-05
0.526849 0.15911 0.275545 0.0384957
0.599278 0.339888 9.9991E-05 0.0607343
0.871879 0.0825673 9.9991E-05 0.0454536
0.795101 0.173482 0.0313173 9.9991E-05
0.578599 0.279739 9.9991E-05 0.141562
0.512013 0.36595 9.9991E-05 0.121937
0.181512 0.541677 0.247416 0.0293948
0.271291 0.344672 0.304986 0.0790503
0.398225 9.9982E-05 0.601575 9.9982E-05
0.349546 0.346083 0.235109 0.069263
0.55397 0.290448 0.155482 9.9991E-05
0.855759 0.0032809 0.103121 0.0378395
0.585601 9.9982E-05 0.414199 9.9982E-05
0.637097 0.183753 0.13334 0.0458101
0.517587 9.9991E-05 0.190304 0.292008
0.688996 0.108394 0.0791744 0.123436
0.726938 9.9991E-05 0.261272 0.0116898
0.834672 0.0511097 0.0647412 0.0494772
0.402423 0.342034 0.255444 9.9991E-05
0.333954 0.488653 0.0623944 0.114998
0.436519 0.356442 0.0490577 0.157981
0.218876 0.528868 0.0685359 0.183721
0.527452 0.33896 0.133488 9.9991E-05
0.779626 0.112564 0.10771 9.9991E-05
0.548492 9.9991E-05 0.38309 0.0683181
0.279805 0.102528 0.611768 0.00589822
0.18965 0.0787472 0.731503 9.9991E-05
0.225235 0.257576 0.517089 9.9991E-05
0.537357 9.9991E-05 0.450507 0.0120361
0.528728 0.155783 0.2661 0.0493895
0.713792 0.0236743 0.196965 0.0655686
0.766685 0.0654108 0.167804 9.9991E-05
0.742591 0.0408952 0.216414 9.9991E-05
0.76692 0.12829 9.9991E-05 0.10469
0.13179 0.050861 0.247566 0.569783
0.0798459 0.0580366 0.143283 0.718834
0.00269238 0.0589719 9.9991E-05 0.938236
0.05526 9.9991E-05 0.206169 0.738471
9.9982E-05 9.9982E-05 0.156085 0.843715
0.0830724 0.0104063 0.174336 0.732186
9.9982E-05 9.9982E-05 0.768829 0.230971
0.0453272 9.9991E-05 0.48067 0.473903
9.9982E-05 9.9982E-05 0.376831 0.622969
9.9982E-05 9.9982E-05 0.23212 0.76768
0.119892 9.9991E-05 0.231933 0.648075
0.0797578 9.99821E-05 9.99821E-05 0.920042
0.0384642 9.9991E-05 0.424814 0.536622
9.9982E-05 9.9982E-05 0.248999 0.750801
0.0631107 0.00596737 0.427878 0.503044
0.0196414 0.0510107 0.120065 0.809283
9.9982E-05 9.9982E-05 0.497208 0.502592
0.0476082 0.0429122 0.0474593 0.86202
0.17621 9.9982E-05 9.9982E-05 0.82359
0.0765472 9.9991E-05 0.0778573 0.845496
9.9991E-05 0.019866 0.200526 0.779508
9.9982E-05 0.0155751 9.9982E-05 0.984225
9.9982E-05 9.9982E-05 0.114736 0.885064
9.9982E-05 9.9982E-05 0.442271 0.557529
0.056248 0.0157421 0.112779 0.815231
0.156312 0.784881 9.9991E-05 0.0587065
0.0824907 0.716954 0.188598 0.0119569
9.9991E-05 0.78526 0.156058 0.0585822
0.0522059 0.826659 0.00508962 0.116046
0.0852049 0.731784 0.16364 0.0193716
9.9982E-05 0.255548 0.744252 9.9982E-05
0.103886 0.578638 0.276153 0.0413228
0.150666 0.497173 0.329366 0.0227948
0.109943 0.769065 0.0762507 0.0447411
9.9982E-05 0.744703 0.255097 9.9982E-05
0.107857 0.730815 9.9991E-05 0.161228
0.448472 0.487878 9.9991E-05 0.0635495
0.349117 0.621791 9.9991E-05 0.0289925
0.302378 0.588039 0.0378487 0.0717335
0.225541 0.414453 0.342789 0.0172168
0.358532 0.514843 0.100588 0.0260367
0.153679 0.691137 9.9991E-05 0.155084
0.292191 0.618587 9.9991E-05 0.0891215
0.247493 0.665764 0.0483249 0.038418
0.14803 0.647899 0.203971 9.9991E-05
0.0770261 0.851014 0.0718604 9.9991E-05
0.0872607 0.803935 0.108705 9.9991E-05
9.9982E-05 0.828608 0.171192 9.9982E-05
9.9991E-05 0.83416 0.113764 0.051976
0.160759 0.817527 9.9991E-05 0.0216134
0.292467 0.697119 9.9991E-05 0.0103135
9.9982E-05 0.929722 9.9982E-05 0.0700776
0.0406135 0.891542 9.9991E-05 0.0677443
0.058202 0.882496 9.9991E-05 0.0592019
0.0885389 0.868273 9.9991E-05 0.043088
0.0201295 0.97967 9.9982E-05 9.9982E-05
0.227256 0.656431 0.116214 9.9991E-05
0.051948 0.819228 0.0580107 0.0708138
0.148634 0.733541 0.117725 9.9991E-05
0.0720065 0.856749 0.0453362 0.0259078
0.00858165 0.923281 0.0431715 0.0249657
9.9982E-05 0.954369 9.9982E-05 0.0454307
0.0622349 0.855856 0.0635225 0.0183871
9.9982E-05 0.733788 0.266012 9.9982E-05
9.9982E-05 0.750878 0.248922 9.9982E-05
9.9991E-05 0.865573 0.126866 0.00746166
9.9982E-05 0.968781 9.9982E-05 0.0310191
0.112918 0.787787 9.9991E-05 0.0991954
0.0283889 0.874735 9.9991E-05 0.0967764
9.9982E-05 0.940497 9.9982E-05 0.0593031
0.0805477 0.606247 9.9991E-05 0.313105
9.9982E-05 0.625565 9.9982E-05 0.374235
9.9982E-05 0.909269 0.0905315 9.9982E-05
9.9982E-05 0.770454 0.229346 9.9982E-05
9.9982E-05 0.781343 0.218457 9.9982E-05
9.9991E-05 0.830012 0.16967 0.000217343
9.9982E-05 0.658784 0.341016 9.9982E-05
9.9982E-05 0.938607 9.9982E-05 0.0611926
9.9982E-05 0.803879 0.195921 9.9982E-05
0.0903391 0.879669 0.0179962 0.0119957
0.101255 0.753479 0.145166 9.9991E-05
9.9982E-05 0.835638 0.164162 9.9982E-05
9.9991E-05 0.00354741 0.576577 0.419776
9.9982E-05 9.9982E-05 0.252273 0.747527
9.9982E-05 9.9982E-05 0.357044 0.642756
0.0212503 0.058006 0.145495 0.775249
9.9991E-05 0.173873 0.0127623 0.813265
9.9991E-05 0.0284528 0.0291139 0.942333
9.9991E-05 0.0108886 0.302651 0.686361
9.9982E-05 9.9982E-05 0.4568 0.543
9.9982E-05 9.9982E-05 0.889027 0.110773
9.9991E-05 0.0903403 0.07004 0.83952
0.0510848 9.99821E-05 9.99821E-05 0.948715
0.0334208 9.9982E-05 9.9982E-05 0.966379
0.0521717 9.9982E-05 9.9982E-05 0.947628
