0.226743 0.773157 9.9991E-05
0.513892 0.486008 9.9991E-05
0.199898 0.745608 0.054494
0.146893 0.734513 0.118594
9.9991E-05 0.903621 0.0962785
0.0309546 0.871764 0.097281
0.542976 9.9991E-05 0.456924
0.316014 0.140759 0.543226
0.367451 9.9991E-05 0.632449
0.39078 9.9991E-05 0.60912
0.464778 9.9991E-05 0.535122
0.475969 0.0226085 0.501422
0.227417 9.9991E-05 0.772483
0.213171 9.9991E-05 0.786729
0.412528 9.9991E-05 0.587372
0.506997 9.9991E-05 0.492903
0.127702 0.695634 0.176664
0.431098 0.432305 0.136597
0.221899 0.541479 0.236622
0.00460684 0.721518 0.273875
0.279827 0.594702 0.125472
0.252875 0.55225 0.194876
0.251884 0.55712 0.190997
0.0310453 0.758346 0.210609
0.00313373 0.750421 0.246445
0.0744082 0.799257 0.126335
9.9991E-05 0.724852 0.275048
9.9991E-05 0.760017 0.239883
0.305207 0.666599 0.0281939
0.341088 0.549352 0.10956
0.602379 0.337836 0.059785
0.207908 0.649286 0.142806
0.229416 0.740011 0.0305739
0.172094 0.592181 0.235724
0.527189 0.353923 0.118888
0.165998 0.645431 0.188572
0.237718 0.342523 0.419759
0.0976092 0.634406 0.267985
0.288675 0.524052 0.187273
0.099903 0.653105 0.246992
0.298242 0.701658 9.9991E-05
0.0809273 0.744112 0.17496
0.0918232 0.684063 0.224114
0.0529951 0.736857 0.210148
0.134235 0.805503 0.0602626
0.174677 0.693527 0.131795
0.535505 0.243143 0.221352
0.644771 0.294124 0.0611048
0.782901 0.216999 9.9991E-05
0.555451 0.444449 9.9991E-05
0.549951 0.359862 0.0901864
0.324298 0.520551 0.155152
0.282276 0.512886 0.204838
0.248558 0.609303 0.142139
0.277032 0.562707 0.160261
9.9991E-05 0.728438 0.271462
0.27726 0.143896 0.578844
0.146569 0.11112 0.742311
9.9991E-05 0.0546912 0.945209
0.225857 9.9991E-05 0.774043
0.173732 9.9991E-05 0.826168
0.167455 0.0838093 0.748736
0.829409 9.9991E-05 0.170491
0.4797 0.0447199 0.47558
0.374827 9.9991E-05 0.625073
0.272099 9.9991E-05 0.727801
0.306002 0.0291274 0.664871
0.0317996 9.9991E-05 0.9681
0.446837 9.9991E-05 0.553063
0.238361 9.9991E-05 0.761539
0.53309 0.0187167 0.448193
0.184448 0.0640301 0.751522
0.488586 9.9991E-05 0.511314
0.0595295 0.0794718 0.860999
9.9991E-05 0.0954745 0.904426
0.14112 0.0261897 0.83269
0.180552 0.0429122 0.776536
9.999E-05 9.999E-05 0.9998
0.11179 9.9991E-05 0.88811
0.457788 9.9991E-05 0.542112
0.131817 0.05933 0.808853
9.9991E-05 0.916596 0.0833043
0.206053 0.793847 9.9991E-05
0.123579 0.834323 0.0420984
9.9991E-05 0.895601 0.104299
0.166339 0.815853 0.0178074
0.739199 0.260701 9.9991E-05
0.316183 0.644168 0.0396491
0.280404 0.698421 0.0211747
0.134635 0.844796 0.0205687
0.243083 0.756817 9.9991E-05
9.9991E-05 0.835028 0.164872
9.9991E-05 0.858312 0.141588
9.9991E-05 0.901962 0.0979375
0.0437374 0.868321 0.0879412
0.405054 0.568971 0.0259749
0.153175 0.800999 0.0458265
9.9991E-05 0.837834 0.162066
9.9991E-05 0.838361 0.161539
0.077332 0.85902 0.0636478
0.23411 0.76579 9.9991E-05
0.0604402 0.93946 9.9991E-05
0.11308 0.88682 9.9991E-05
0.155243 0.844657 9.9991E-05
0.131235 0.850563 0.0182012
9.9991E-05 0.974873 0.0250272
0.018347 0.924039 0.0576145
9.9991E-05 0.932497 0.0674034
9.9991E-05 0.927274 0.0726261
9.9991E-05 0.982912 0.0169882
9.9991E-05 0.963482 0.0364178
9.999E-05 0.9998 9.999E-05
0.109115 0.890785 9.9991E-05
0.0592038 0.920018 0.0207779
0.126158 0.873742 9.9991E-05
0.0464737 0.910357 0.0431698
0.0641282 0.933418 0.00245339
0.0234606 0.976439 9.9991E-05
0.0566463 0.943254 9.9991E-05
0.265412 0.734488 9.9991E-05
0.21417 0.78573 9.9991E-05
0.133863 0.866037 9.9991E-05
9.999E-05 0.9998 9.999E-05
9.9991E-05 0.899733 0.100167
9.9991E-05 0.950807 0.0490928
0.0164516 0.943207 0.0403417
9.9991E-05 0.666353 0.333547
9.9991E-05 0.618536 0.381364
0.0941847 0.905715 9.9991E-05
0.262802 0.737098 9.9991E-05
0.186709 0.813191 9.9991E-05
0.168644 0.831256 9.9991E-05
0.317239 0.682661 9.9991E-05
0.024148 0.975752 9.9991E-05
0.169784 0.830116 9.9991E-05
0.0192828 0.980617 9.9991E-05
0.146111 0.853789 9.9991E-05
0.186571 0.813329 9.9991E-05
0.629443 9.9991E-05 0.370457
0.344248 9.9991E-05 0.655652
0.417254 9.9991E-05 0.582646
0.0869766 0.108892 0.804131
0.0613223 0.0861089 0.852569
0.0348746 9.9991E-05 0.965025
0.273828 0.0116834 0.714488
0.469301 9.9991E-05 0.530599
0.885087 9.9991E-05 0.114813
0.0895467 0.0804093 0.830044
9.999E-05 9.999E-05 0.9998
9.9991E-05 0.0110454 0.988855
9.9991E-05 0.0338318 0.966068
