0.0527454 9.9973E-05 0.209979 0.408957 0.200821 9.9973E-05 9.9973E-05 0.127198
0.330308 9.9973E-05 0.343482 0.0705372 9.9973E-05 9.9973E-05 0.0392808 0.216092
0.0896196 9.9982E-05 0.153071 0.274495 0.2298 9.9982E-05 0.00241272 0.250401
9.9973E-05 0.0261453 0.189816 0.146128 9.9973E-05 9.9973E-05 0.00676079 0.63085
0.0169121 9.9964E-05 9.9964E-05 0.172847 0.602046 9.9964E-05 9.9964E-05 0.207795
9.9964E-05 9.9964E-05 0.0637552 0.3024 0.116921 9.9964E-05 9.9964E-05 0.516524
0.302366 0.596271 0.0096584 9.9964E-05 9.9964E-05 9.9964E-05 0.0913046 9.9964E-05
0.130951 0.609468 0.0238993 9.9973E-05 0.148119 9.9973E-05 0.0872635 9.9973E-05
0.139553 0.806555 0.0364699 9.9964E-05 9.9964E-05 9.9964E-05 9.9964E-05 0.0170217
0.133445 0.802634 9.9955E-05 9.9955E-05 9.9955E-05 9.9955E-05 0.0634209 9.9955E-05
0.297241 0.648394 0.0538659 9.99549E-05 9.99549E-05 9.99549E-05 9.99549E-05 9.99549E-05
0.624569 0.305547 9.9973E-05 0.00285162 0.0339722 0.0327601 9.9973E-05 9.9973E-05
0.139283 0.698756 9.9964E-05 9.9964E-05 0.0254848 0.136077 9.9964E-05 9.9964E-05
9.99461E-05 0.995204 9.99461E-05 9.99461E-05 9.99461E-05 9.99461E-05 9.99461E-05 0.00419583
0.256488 0.693464 9.9955E-05 9.9955E-05 9.9955E-05 9.9955E-05 0.0495487 9.9955E-05
0.364287 0.625249 0.00996453 9.99551E-05 9.99551E-05 9.99551E-05 9.99551E-05 9.99551E-05
9.9955E-05 9.9955E-05 9.9955E-05 0.451278 0.355476 9.9955E-05 0.192745 9.9955E-05
9.9973E-05 9.9973E-05 9.9973E-05 0.157953 0.111288 0.0626291 0.651546 0.0162839
0.00888318 9.9982E-05 9.9982E-05 0.630268 0.00340695 0.0454286 0.199544 0.11227
9.9973E-05 9.9973E-05 9.9973E-05 0.387496 0.170723 0.0724609 0.176887 0.192133
9.9973E-05 0.0213426 9.9973E-05 0.131464 0.216252 9.9973E-05 0.507182 0.123459
9.99639E-05 9.99639E-05 9.99639E-05 0.403111 9.99639E-05 0.0279807 0.413002 0.155506
0.232203 9.9964E-05 0.144743 0.511482 0.111173 9.9964E-05 9.9964E-05 9.9964E-05
0.0263604 9.9964E-05 0.100997 0.634601 0.237642 9.9964E-05 9.9964E-05 9.9964E-05
9.99461E-05 9.99461E-05 9.99461E-05 0.822264 0.177136 9.99461E-05 9.99461E-05 9.99461E-05
9.9964E-05 9.9964E-05 0.151736 0.541227 0.00251166 9.9964E-05 9.9964E-05 0.304126
9.9955E-05 9.9955E-05 9.9955E-05 0.493359 0.397204 0.108937 9.9955E-05 9.9955E-05
9.9973E-05 0.0258407 9.9973E-05 0.432409 0.411707 0.0653535 9.9973E-05 0.064389
9.9964E-05 0.121993 0.253032 9.9964E-05 0.368109 9.9964E-05 0.256466 9.9964E-05
9.9982E-05 0.106997 0.11734 0.0285278 0.234805 9.9982E-05 0.397948 0.114182
0.307096 9.9955E-05 9.9955E-05 9.9955E-05 9.9955E-05 9.9955E-05 0.320282 0.372122
0.122053 9.9973E-05 9.9973E-05 0.0366624 0.266766 9.9973E-05 0.219554 0.354666
9.9964E-05 9.9964E-05 9.9964E-05 0.18979 0.0589692 9.9964E-05 0.217632 0.533209
9.9964E-05 0.0278315 0.104877 0.835503 9.9964E-05 9.9964E-05 9.9964E-05 0.0313882
0.289115 9.9955E-05 0.102506 0.60788 9.9955E-05 9.9955E-05 9.9955E-05 9.9955E-05
0.0709934 9.9973E-05 9.9973E-05 0.482232 0.233925 9.9973E-05 0.127598 0.0849522
0.266875 9.9964E-05 9.9964E-05 0.357834 9.9964E-05 0.190897 9.9964E-05 0.183994
0.0901393 9.9973E-05 9.9973E-05 0.665827 0.148398 0.0595146 9.9973E-05 0.0358217
0.0212147 0.0555507 0.152431 0.541305 9.9982E-05 9.9982E-05 0.132323 0.096976
9.9973E-05 9.9973E-05 9.9973E-05 0.581971 0.0889851 0.0498499 0.146058 0.132836
9.9955E-05 9.9955E-05 0.536837 0.130537 9.9955E-05 9.9955E-05 9.9955E-05 0.332126
9.9973E-05 9.9973E-05 0.222551 0.191807 0.141391 0.0712729 9.9973E-05 0.372679
9.9973E-05 9.9973E-05 9.9973E-05 0.0969802 0.0637363 0.0802857 0.0792077 0.67949
9.9973E-05 0.0430523 0.486661 0.118025 9.9973E-05 0.147402 9.9973E-05 0.204559
9.9964E-05 0.0203254 0.182678 0.255134 9.9964E-05 9.9964E-05 9.9964E-05 0.541463
9.9955E-05 9.9955E-05 9.9955E-05 0.329391 9.9955E-05 9.9955E-05 0.0700539 0.600056
9.9955E-05 9.9955E-05 9.9955E-05 0.259879 9.9955E-05 0.0645227 0.675099 9.9955E-05
0.138914 9.9964E-05 0.18656 9.9964E-05 9.9964E-05 9.9964E-05 0.663828 0.0102978
0.0572355 9.9955E-05 0.134613 9.9955E-05 9.9955E-05 9.9955E-05 0.807652 9.9955E-05
9.9946E-05 9.9946E-05 0.395387 9.9946E-05 9.9946E-05 9.9946E-05 0.604013 9.9946E-05
9.99639E-05 9.99639E-05 9.99639E-05 0.111867 9.99639E-05 0.0378507 0.768371 0.081511
9.9973E-05 0.0556853 0.360121 0.366892 9.9973E-05 0.0479153 0.169087 9.9973E-05
9.9964E-05 9.9964E-05 9.9964E-05 0.390419 0.0537223 0.0633144 0.492144 9.9964E-05
9.9964E-05 9.9964E-05 0.267678 0.606944 9.9964E-05 0.00782701 0.117152 9.9964E-05
9.99639E-05 0.0645082 0.231795 0.550501 9.99639E-05 9.99639E-05 0.152795 9.99639E-05
9.997E-05 9.997E-05 9.997E-05 0.531668 0.103889 0.0739923 0.0237889 0.266362
0.176928 0.333502 0.127581 0.211088 9.9973E-05 0.150601 9.9973E-05 9.9973E-05
9.9964E-05 0.603874 9.9964E-05 0.069423 0.112514 0.213789 9.9964E-05 9.9964E-05
9.9955E-05 9.9955E-05 0.0999127 9.9955E-05 0.00261284 0.896975 9.9955E-05 9.9955E-05
0.179885 0.155164 0.111635 9.9973E-05 9.9973E-05 0.502127 0.0508884 9.9973E-05
0.278464 0.109118 0.0236895 9.9964E-05 9.9964E-05 0.588329 9.9964E-05 9.9964E-05
0.16473 9.99639E-05 0.009946 9.99639E-05 9.99639E-05 0.649699 0.175225 9.99639E-05
0.902884 9.9946E-05 9.9946E-05 9.9946E-05 9.9946E-05 9.9946E-05 0.0965163 9.9946E-05
0.770372 9.9964E-05 9.9964E-05 0.0515276 9.9964E-05 0.145218 9.9964E-05 0.0324821
0.456071 0.399883 9.99639E-05 9.99639E-05 9.99639E-05 0.109338 9.99639E-05 0.0343092
0.136333 0.7154 9.9964E-05 9.9964E-05 9.9964E-05 0.129238 0.0186293 9.9964E-05
0.293146 0.371236 9.9973E-05 0.153426 0.00133939 0.180553 9.9973E-05 9.9973E-05
9.99551E-05 0.500583 9.99551E-05 0.0867462 9.99551E-05 0.412171 9.99551E-05 9.99551E-05
0.564945 0.165019 9.9964E-05 0.0795684 9.9964E-05 0.190068 9.9964E-05 9.9964E-05
0.287934 0.248837 9.9964E-05 0.0950419 9.9964E-05 0.367787 9.9964E-05 9.9964E-05
0.645316 0.0941637 9.9964E-05 0.153754 9.9964E-05 0.106367 9.9964E-05 9.9964E-05
0.278038 0.183232 9.9964E-05 0.128735 9.9964E-05 0.409596 9.9964E-05 9.9964E-05
0.753746 0.0523837 9.9964E-05 9.9964E-05 0.032049 0.161421 9.9964E-05 9.9964E-05
0.151547 0.0870296 9.9973E-05 9.9973E-05 0.0697164 0.627397 0.0640099 9.9973E-05
0.0623202 0.147264 9.9964E-05 0.184382 9.9964E-05 0.605633 9.9964E-05 9.9964E-05
0.172531 9.9955E-05 9.9955E-05 9.9955E-05 9.9955E-05 0.735669 0.0913 9.9955E-05
0.332769 9.9955E-05 9.9955E-05 9.9955E-05 9.9955E-05 0.588248 9.9955E-05 0.0784833
9.9946E-05 9.9946E-05 9.9946E-05 9.9946E-05 9.9946E-05 0.960495 9.9946E-05 0.0389051
0.101284 0.326494 0.014531 9.9973E-05 9.9973E-05 0.541832 0.0155593 9.9973E-05
0.615642 0.0735452 9.99639E-05 9.99639E-05 9.99639E-05 0.21535 0.095063 9.99639E-05
0.0785839 9.9964E-05 9.9964E-05 9.9964E-05 9.9964E-05 0.728945 0.124934 0.0671376
9.99641E-05 9.99641E-05 9.99641E-05 0.0792853 0.88347 0.0155997 0.0212447 9.99641E-05
9.9955E-05 9.9955E-05 0.736976 9.9955E-05 0.16636 0.0961645 9.9955E-05 9.9955E-05
9.9955E-05 9.9955E-05 0.606959 9.9955E-05 0.290515 0.102026 9.9955E-05 9.9955E-05
9.9964E-05 0.0554815 9.9964E-05 9.9964E-05 0.758042 9.9964E-05 0.0879833 0.0980934
9.9973E-05 0.0329885 0.100308 9.9973E-05 0.544699 9.9973E-05 0.297493 0.024212
0.149998 9.99551E-05 0.457566 9.99551E-05 9.99551E-05 9.99551E-05 0.391936 9.99551E-05
0.13688 9.9973E-05 0.235178 9.9973E-05 0.00904859 9.9973E-05 0.025681 0.592912
9.9964E-05 0.0572271 0.344812 9.9964E-05 9.9964E-05 9.9964E-05 0.0844841 0.513076
9.9955E-05 9.9955E-05 9.9955E-05 9.9955E-05 0.376485 9.9955E-05 0.048173 0.574842
0.0382055 9.9973E-05 0.362405 9.9973E-05 0.296072 9.9973E-05 0.0765754 0.226442
9.9955E-05 9.9955E-05 9.9955E-05 9.9955E-05 0.239094 0.0463883 9.9955E-05 0.714018
9.9964E-05 9.9964E-05 9.9964E-05 0.0476751 0.0733354 0.0100324 9.9964E-05 0.868557
9.99639E-05 0.0125093 9.99639E-05 0.0779043 0.383314 9.99639E-05 9.99639E-05 0.525872
0.0250607 9.9973E-05 0.0138928 0.0209369 0.23658 9.9973E-05 9.9973E-05 0.703229
0.0605933 9.99549E-05 9.99549E-05 9.99549E-05 9.99549E-05 9.99549E-05 0.269764 0.669143
0.0175375 0.0257593 0.0157374 0.0138624 0.13403 9.9991E-05 0.0806779 0.712296
9.9964E-05 0.000710939 9.9964E-05 9.9964E-05 0.299241 0.00625644 9.9964E-05 0.693392
9.9955E-05 9.9955E-05 9.9955E-05 9.9955E-05 0.260863 0.0699021 9.9955E-05 0.668735
9.99729E-05 0.0270547 0.198162 0.0882218 0.24163 9.99729E-05 9.99729E-05 0.444632
9.9973E-05 0.0209863 0.335593 9.9973E-05 0.367225 9.9973E-05 0.217654 0.0582419
9.9964E-05 9.9964E-05 0.32684 9.9964E-05 0.573262 9.9964E-05 0.0570227 0.0424751
9.9964E-05 9.9964E-05 0.456829 0.0268672 0.472319 9.9964E-05 0.0435848 9.9964E-05
9.9964E-05 0.0152719 0.511882 9.9964E-05 0.472204 9.9964E-05 0.000242067 9.9964E-05
0.0244781 9.9964E-05 0.0118967 9.9964E-05 0.781415 9.9964E-05 0.18181 9.9964E-05
9.9955E-05 9.9955E-05 9.9955E-05 0.058293 0.878142 9.9955E-05 0.0630653 9.9955E-05
9.9955E-05 9.9955E-05 9.9955E-05 0.155108 0.718629 9.9955E-05 0.125763 9.9955E-05
9.9955E-05 0.00752466 9.9955E-05 9.9955E-05 0.901651 9.9955E-05 0.0903247 9.9955E-05
0.00763833 9.9964E-05 9.9964E-05 9.9964E-05 0.905009 0.0292617 0.0576911 9.9964E-05
9.9964E-05 9.9964E-05 0.0378158 0.0106841 0.807752 9.9964E-05 9.9964E-05 0.143349
9.9955E-05 9.9955E-05 9.9955E-05 0.114429 0.84218 9.9955E-05 9.9955E-05 0.0428917
9.9955E-05 9.9955E-05 0.0934949 0.0159392 0.890066 9.9955E-05 9.9955E-05 9.9955E-05
9.99729E-05 9.99729E-05 0.3196 0.0545163 0.288686 9.99729E-05 0.0644513 0.272447
9.9973E-05 9.9973E-05 0.226172 9.9973E-05 0.49201 0.0501439 0.117079 0.114295
0.00143581 9.9982E-05 0.197724 0.0546519 0.587523 9.9982E-05 0.00295033 0.155514
0.0150162 9.99731E-05 0.0470953 9.99731E-05 0.699296 9.99731E-05 0.0536238 0.184668
9.99641E-05 9.99641E-05 0.135312 9.99641E-05 0.686684 9.99641E-05 0.102247 0.0753575
9.9955E-05 9.9955E-05 0.101822 9.9955E-05 0.887513 9.9955E-05 0.0101655 9.9955E-05
9.99639E-05 9.99639E-05 0.148633 9.99639E-05 0.649414 9.99639E-05 0.0838479 0.117705
0.0454006 9.9964E-05 0.635317 0.0194705 0.299412 9.9964E-05 9.9964E-05 9.9964E-05
0.0577724 9.9964E-05 0.529589 9.9964E-05 0.363129 9.9964E-05 9.9964E-05 0.0491096
0.0715104 9.9955E-05 0.325183 9.9955E-05 0.602807 9.9955E-05 9.9955E-05 9.9955E-05
9.9955E-05 9.9955E-05 0.0326051 9.9955E-05 0.83774 9.9955E-05 9.9955E-05 0.129155
0.0145226 0.0451668 0.01987 0.0123306 0.708181 0.0284558 9.9991E-05 0.171373
0.00433683 9.9982E-05 0.110345 0.0694257 0.732515 0.0161254 9.9982E-05 0.0670529
0.0338235 9.9964E-05 0.0826437 9.9964E-05 0.836893 9.9964E-05 9.9964E-05 0.0462402
9.9964E-05 0.107005 9.9964E-05 0.130697 0.657096 0.104802 9.9964E-05 9.9964E-05
0.123391 9.9955E-05 9.9955E-05 9.9955E-05 0.622932 0.253177 9.9955E-05 9.9955E-05
9.9955E-05 9.9955E-05 0.116285 9.9955E-05 0.751916 9.9955E-05 0.1313 9.9955E-05
9.99549E-05 9.99549E-05 0.634713 9.99549E-05 0.331455 9.99549E-05 0.0333326 9.99549E-05
0.0767358 9.9964E-05 0.400983 9.9964E-05 0.464379 9.9964E-05 9.9964E-05 0.0575026
0.00226743 0.00696449 0.572312 9.9982E-05 0.408425 0.00494483 9.9982E-05 0.00488654
9.9964E-05 9.9964E-05 0.873765 0.0388359 0.056973 9.9964E-05 0.0300264 9.9964E-05
9.9955E-05 9.9955E-05 0.0843723 9.9955E-05 0.787961 9.9955E-05 0.127167 9.9955E-05
9.9964E-05 9.9964E-05 0.581437 9.9964E-05 0.33899 9.9964E-05 0.0326236 0.046549
9.9964E-05 0.00774144 0.258462 9.9964E-05 0.640009 9.9964E-05 9.9964E-05 0.0933871
9.9973E-05 9.9973E-05 0.333396 0.014175 0.442954 9.9973E-05 0.0570188 0.152156
0.0740505 9.9955E-05 0.407487 9.9955E-05 0.517962 9.9955E-05 9.9955E-05 9.9955E-05
0.690871 9.9964E-05 0.130667 9.9964E-05 9.9964E-05 0.157599 0.0204627 9.9964E-05
0.404255 0.113855 0.016422 9.9973E-05 9.9973E-05 0.433855 0.0313132 9.9973E-05
0.461666 0.154775 9.99639E-05 9.99639E-05 9.99639E-05 0.278157 0.105002 9.99639E-05
0.11177 0.0438523 0.134137 9.99729E-05 9.99729E-05 0.701443 0.00849732 9.99729E-05
0.140513 0.024086 0.0401496 9.9982E-05 0.0601406 0.692624 9.9982E-05 0.0422871
0.112092 0.0961426 0.00269963 9.9964E-05 9.9964E-05 0.788666 9.9964E-05 9.9964E-05
0.415997 0.272007 0.025588 9.9964E-05 9.9964E-05 0.286008 9.9964E-05 9.9964E-05
0.643776 0.200242 9.9955E-05 9.9955E-05 9.9955E-05 0.155482 9.9955E-05 9.9955E-05
0.922534 9.99462E-05 0.0768661 9.99462E-05 9.99462E-05 9.99462E-05 9.99462E-05 9.99462E-05
0.158834 0.104771 9.9964E-05 9.9964E-05 0.116498 0.619496 9.9964E-05 9.9964E-05
9.99551E-05 0.155143 9.99551E-05 0.0646983 9.99551E-05 0.779659 9.99551E-05 9.99551E-05
9.99461E-05 9.99461E-05 9.99461E-05 0.0428676 9.99461E-05 0.956533 9.99461E-05 9.99461E-05
9.99551E-05 0.193944 9.99551E-05 9.99551E-05 9.99551E-05 0.726041 9.99551E-05 0.0795152
