0.170692 0.375231 9.9991E-05 0.453978
0.517488 0.300242 9.9991E-05 0.182169
0.155404 0.461258 9.9991E-05 0.383238
0.118062 0.411338 0.0122546 0.458346
9.999E-05 0.685628 0.0584345 0.255838
9.9982E-05 0.426223 9.9982E-05 0.573577
0.513406 9.9982E-05 0.486394 9.9982E-05
0.324807 0.119646 0.555446 9.9991E-05
0.359561 9.9982E-05 0.640239 9.9982E-05
0.330351 9.9991E-05 0.649375 0.0201739
0.457364 9.9982E-05 0.542436 9.9982E-05
0.460375 0.00521009 0.534315 9.9991E-05
0.230856 9.9982E-05 0.768944 9.9982E-05
0.18 9.9982E-05 0.8198 9.9982E-05
0.423241 9.9982E-05 0.576559 9.9982E-05
0.473715 9.9982E-05 0.526085 9.9982E-05
0.100818 0.287052 0.0327575 0.579372
0.394352 0.0201597 0.0500494 0.535439
0.141526 9.9991E-05 0.0536184 0.804755
9.9991E-05 0.130772 0.137587 0.731541
0.22311 0.255278 0.0256701 0.495942
0.164198 9.9991E-05 0.0171265 0.818576
0.284955 0.189745 0.0240962 0.501203
9.9991E-05 0.360032 0.107429 0.532439
9.9991E-05 0.115122 0.074619 0.810159
0.0369753 0.170435 9.9991E-05 0.792489
9.9991E-05 0.302339 0.156431 0.54113
9.9991E-05 0.36908 0.132459 0.498361
0.239795 0.575659 0.0347116 0.149834
0.321117 0.386077 0.0297878 0.263018
0.511272 0.0161259 9.9991E-05 0.472502
0.21126 0.399457 0.0729903 0.316293
0.170016 0.32066 9.9991E-05 0.509224
0.102587 9.9991E-05 0.0141397 0.883174
0.40522 9.9982E-05 9.9982E-05 0.59458
0.123623 0.213772 0.0520916 0.610514
0.146773 9.9991E-05 0.301499 0.551628
0.0779697 0.104027 0.142657 0.675345
0.250375 9.9991E-05 0.0152821 0.734243
0.0580666 0.0547835 0.0609711 0.826179
0.291898 0.280837 9.9991E-05 0.427165
0.0474727 0.451755 0.0489902 0.451782
0.0731179 0.31729 0.120198 0.489393
0.0971888 0.513725 0.160696 0.22839
0.118337 0.254693 9.9991E-05 0.62687
0.10787 0.112748 9.9991E-05 0.779281
0.397783 9.9991E-05 0.0814683 0.520648
0.648025 0.0951138 9.9991E-05 0.256761
0.782428 0.0725107 9.9991E-05 0.144962
0.516246 0.284965 9.9991E-05 0.198688
0.461687 9.9991E-05 0.00074251 0.53747
0.27348 0.203774 0.0601817 0.462564
0.209025 0.035228 0.0669099 0.688837
0.156425 0.103973 9.9991E-05 0.739502
0.264631 0.0415947 0.0192639 0.674511
9.9991E-05 0.111642 0.081026 0.807232
0.28281 0.0337885 0.495492 0.187909
0.0894639 0.118019 0.731529 0.060988
9.9991E-05 0.0972971 0.885702 0.016901
0.239991 9.9991E-05 0.722819 0.0370897
0.168391 9.9982E-05 0.831409 9.9982E-05
0.180939 0.0470292 0.712992 0.0590405
0.77877 9.9982E-05 0.22103 9.9982E-05
0.497793 9.9991E-05 0.447299 0.0548076
0.360036 9.9982E-05 0.639764 9.9982E-05
0.221662 9.9982E-05 0.778138 9.9982E-05
0.223782 9.9991E-05 0.641084 0.135034
9.99821E-05 9.99821E-05 0.919198 0.0806021
0.422979 9.9991E-05 0.559397 0.0175233
0.222958 9.9991E-05 0.761919 0.0150232
0.454995 0.000856544 0.45413 0.0900191
0.137483 0.0302509 0.754031 0.0782342
0.452392 9.9982E-05 0.547408 9.9982E-05
0.0538247 0.0626681 0.83684 0.0466674
9.9982E-05 9.9982E-05 0.834062 0.165738
0.0951367 9.9991E-05 0.83999 0.0647731
0.15373 0.0449067 0.801264 9.9991E-05
9.9982E-05 0.0265373 0.973263 9.9982E-05
0.127468 9.9982E-05 0.872332 9.9982E-05
0.44466 9.9982E-05 0.55514 9.9982E-05
0.074919 0.0213477 0.793247 0.110487
9.9991E-05 0.841529 0.0742139 0.0841575
0.253966 0.704037 0.00358884 0.0384079
0.151068 0.791536 0.0572958 9.9991E-05
9.9991E-05 0.819441 0.105773 0.0746851
0.196568 0.746281 0.0181085 0.0390425
0.735645 0.264155 9.9982E-05 9.9982E-05
0.299942 0.539841 0.0443745 0.115842
0.306087 0.5354 9.9991E-05 0.158413
0.0945023 0.773656 0.0586069 0.0732348
0.255898 0.743902 9.9982E-05 9.9982E-05
9.9991E-05 0.709228 0.177903 0.11277
9.9991E-05 0.52878 0.0667107 0.404409
9.9991E-05 0.63299 0.0107508 0.356159
0.045462 0.627706 0.0661238 0.260708
0.385425 0.420857 9.99959E-05 0.193618
0.104529 0.51227 0.0364693 0.346732
9.9991E-05 0.677729 0.110332 0.21184
9.9991E-05 0.61397 0.106412 0.279518
0.0432128 0.609609 0.0464606 0.300717
0.248723 0.667582 9.9991E-05 0.0835946
0.0654707 0.858252 9.9991E-05 0.0761776
0.136113 0.851602 9.9991E-05 0.0121851
0.18776 0.81204 9.9982E-05 9.9982E-05
0.134971 0.818394 0.0465358 9.9991E-05
9.9991E-05 0.787858 0.0244815 0.187561
9.9982E-05 0.735004 9.9982E-05 0.264796
9.9982E-05 0.923564 0.0762364 9.9982E-05
0.0127157 0.852252 0.0826706 0.0523615
9.9991E-05 0.936653 0.0409407 0.0223067
9.9991E-05 0.820655 0.030694 0.148551
9.9991E-05 0.983187 0.00234709 0.0143664
0.107918 0.657704 9.9991E-05 0.234278
0.0771691 0.788772 0.062307 0.071752
0.115155 0.763161 9.9991E-05 0.121584
0.0603155 0.85448 0.0352678 0.0499362
0.0289742 0.918253 0.052673 9.9991E-05
9.9991E-05 0.927326 0.0130451 0.0595293
0.0683351 0.910211 0.00234723 0.0191066
0.250688 0.749112 9.9982E-05 9.9982E-05
0.237141 0.762659 9.9982E-05 9.9982E-05
0.144064 0.848284 0.00755198 9.9991E-05
9.9991E-05 0.945495 0.0207664 0.0336388
9.9991E-05 0.795686 0.13504 0.069174
9.9991E-05 0.875265 0.0911831 0.0334516
0.000244075 0.934137 0.065519 9.9991E-05
9.9991E-05 0.653395 0.307535 0.0389703
9.9982E-05 0.603398 0.396402 9.9982E-05
0.116934 0.882866 9.9982E-05 9.9982E-05
0.246244 0.753556 9.9982E-05 9.9982E-05
0.23892 0.76088 9.9982E-05 9.9982E-05
0.17746 0.82234 9.9982E-05 9.9982E-05
0.338929 0.660871 9.9982E-05 9.9982E-05
0.0143008 0.938721 0.0468782 9.9991E-05
0.207971 0.790234 9.9991E-05 0.00169448
0.0442855 0.927753 0.0278616 9.9991E-05
0.145752 0.782387 9.9991E-05 0.0717616
0.198737 0.801063 9.9982E-05 9.9982E-05
0.574133 0.013668 0.412099 9.9991E-05
0.286336 9.9982E-05 0.713464 9.9982E-05
0.391971 9.9982E-05 0.607829 9.9982E-05
0.135228 0.0955376 0.744707 0.0245272
0.0339637 0.154873 0.811063 9.9991E-05
0.0133992 0.0258973 0.960603 9.9991E-05
0.274329 9.9982E-05 0.725471 9.9982E-05
0.468931 9.9982E-05 0.530869 9.9982E-05
0.866527 9.9982E-05 0.133273 9.9982E-05
0.056697 0.111497 0.831706 9.9991E-05
9.9982E-05 9.9982E-05 0.903897 0.0959034
9.9982E-05 9.9982E-05 0.943295 0.0565049
9.9991E-05 0.0164967 0.899288 0.0841155
