9.9982E-05 0.480037 0.257936 0.0404156 9.9982E-05 0.221411
9.999E-05 0.0964076 0.0922559 0.289272 0.110706 0.411259
9.999E-05 0.295073 0.423357 0.0513914 0.106391 0.123687
0.0264853 0.344048 0.36441 9.9991E-05 0.152678 0.112279
9.9964E-05 0.229618 0.769982 9.9964E-05 9.9964E-05 9.9964E-05
9.9973E-05 0.485645 0.399984 9.9973E-05 0.114071 9.9973E-05
9.9964E-05 9.9964E-05 9.9964E-05 0.911824 0.0877765 9.9964E-05
0.204947 0.0124356 0.116333 0.570446 0.0296623 0.0661753
0.238352 9.9973E-05 9.9973E-05 0.717772 9.9973E-05 0.0435768
0.221016 0.0245171 9.9982E-05 0.737627 0.0166401 9.9982E-05
0.0563623 9.9973E-05 9.9973E-05 0.874737 9.9973E-05 0.068601
0.0471753 0.0214421 0.0608649 0.870318 9.9982E-05 9.9982E-05
0.420022 9.9964E-05 9.9964E-05 0.579578 9.9964E-05 9.9964E-05
0.445494 0.0288289 9.9973E-05 0.525377 9.9973E-05 9.9973E-05
0.16703 9.9973E-05 9.9973E-05 0.752334 0.0803353 9.9973E-05
0.0268508 9.99731E-05 9.99731E-05 0.926135 9.99731E-05 0.0467139
9.9982E-05 0.44446 0.314672 0.00131035 0.239358 9.9982E-05
0.0852399 0.173644 0.0413913 9.9991E-05 0.660028 0.0395967
0.0628666 0.707817 9.9973E-05 9.9973E-05 0.229017 9.9973E-05
0.0409321 0.540953 0.247317 9.9982E-05 0.170598 9.9982E-05
9.9973E-05 0.178404 0.276149 9.9973E-05 0.545147 9.9973E-05
0.0212455 0.52169 9.9973E-05 9.9973E-05 0.456764 9.9973E-05
9.9982E-05 0.564471 0.00252738 0.178155 9.9982E-05 0.254647
0.032199 0.621365 0.109825 9.9982E-05 9.9982E-05 0.236412
0.00940095 0.87521 0.0863418 9.9982E-05 9.9982E-05 0.0288469
9.9982E-05 0.737167 0.141399 9.9982E-05 0.0448043 0.0764298
0.141335 0.483506 0.374859 9.9973E-05 9.9973E-05 9.9973E-05
0.068155 0.483607 0.447938 9.9973E-05 9.9973E-05 9.9973E-05
0.0242059 0.0209193 0.35014 0.0542539 0.267892 0.28259
0.0725039 0.0573227 0.333038 0.0583401 0.444623 0.034172
9.9982E-05 0.145237 0.0588876 0.147801 0.647875 9.9982E-05
9.9982E-05 0.100415 0.468691 0.104202 0.326491 9.9982E-05
9.9973E-05 0.291184 0.347116 9.9973E-05 0.3614 9.9973E-05
9.9973E-05 0.860296 9.9973E-05 0.0557942 9.9973E-05 0.0836103
9.9973E-05 0.662764 9.9973E-05 0.220608 9.9973E-05 0.116328
9.9982E-05 0.53496 0.255582 0.0339385 0.17532 9.9982E-05
0.212567 0.405498 0.0819967 0.146064 0.153774 9.9991E-05
0.0551395 0.677651 0.161298 0.105711 9.9982E-05 9.9982E-05
0.0279796 0.644485 9.9991E-05 0.051325 0.187667 0.088444
0.052775 0.657488 0.132892 9.9982E-05 0.156645 9.9982E-05
9.9973E-05 0.352699 9.9973E-05 9.9973E-05 0.099418 0.547583
0.0750569 0.286893 0.403135 9.9991E-05 0.102759 0.132056
0.132908 0.310445 0.352239 9.9982E-05 0.204209 9.9982E-05
0.165152 0.262209 0.0648395 9.9982E-05 9.9982E-05 0.5076
9.9982E-05 0.491045 0.323022 9.9982E-05 0.0694918 0.116241
9.9973E-05 0.578777 0.197071 9.9973E-05 0.223852 9.9973E-05
0.0885871 0.21363 9.9973E-05 9.9973E-05 0.697483 9.9973E-05
0.0134391 9.9982E-05 9.9982E-05 0.0221576 0.77283 0.191373
9.9964E-05 9.9964E-05 9.9964E-05 9.9964E-05 0.909824 0.0897757
9.9964E-05 9.9964E-05 9.9964E-05 9.9964E-05 0.639829 0.359771
0.0329065 0.156469 9.9973E-05 9.9973E-05 0.810325 9.9973E-05
0.0976348 0.330382 9.9991E-05 0.06925 0.202372 0.300261
0.116992 0.378941 9.9973E-05 9.9973E-05 0.503767 9.9973E-05
0.0317671 0.638494 9.9982E-05 9.9982E-05 0.124723 0.204816
0.0340551 0.573746 9.9982E-05 9.9982E-05 0.125307 0.266691
0.067465 0.602249 0.213403 9.9982E-05 0.116683 9.9982E-05
0.334298 0.174861 9.9982E-05 0.337716 9.9982E-05 0.152926
0.554702 0.120785 0.00383238 0.26054 9.9991E-05 0.0600408
0.86632 9.9982E-05 0.020818 0.0590893 9.9982E-05 0.0535724
0.512523 9.9982E-05 9.9982E-05 0.322022 0.0479549 0.1173
0.612472 9.9973E-05 9.9973E-05 0.342633 9.9973E-05 0.0445948
0.684604 0.00789449 9.9991E-05 0.0963185 0.191122 0.0199603
9.9973E-05 9.9973E-05 9.9973E-05 0.748047 0.217454 0.0341991
0.0356017 0.0737513 0.0777793 0.792517 0.0202506 9.9991E-05
0.165813 9.9973E-05 0.0635903 0.770296 9.9973E-05 9.9973E-05
0.419941 9.9964E-05 9.9964E-05 0.579659 9.9964E-05 9.9964E-05
0.31485 0.180561 0.0263458 0.476345 0.00179898 9.9991E-05
0.65894 0.0831688 9.99731E-05 0.257591 9.99731E-05 9.99731E-05
0.153183 0.137192 9.9973E-05 0.709325 9.9973E-05 9.9973E-05
0.4198 0.0633615 9.9973E-05 0.516539 9.9973E-05 9.9973E-05
0.0160204 0.126978 0.0517311 0.80507 9.9982E-05 9.9982E-05
0.478589 0.0566053 0.0465912 0.418015 9.9982E-05 9.9982E-05
0.0738391 9.9973E-05 0.0771109 0.84875 9.9973E-05 9.9973E-05
0.700704 9.9982E-05 0.0700789 0.153687 0.0753304 9.9982E-05
0.743384 0.135923 9.9982E-05 0.0759462 0.0445471 9.9982E-05
0.743472 9.9973E-05 9.9973E-05 0.07312 0.183108 9.9973E-05
0.591925 9.9982E-05 0.0751574 0.331991 0.000726012 9.9982E-05
0.990919 9.9964E-05 0.00868146 9.9964E-05 9.9964E-05 9.9964E-05
0.705585 9.9973E-05 9.9973E-05 0.257372 9.9973E-05 0.0367433
0.152978 9.9973E-05 9.9973E-05 0.728475 0.118247 9.9973E-05
0.742216 9.9982E-05 0.0144994 0.0300993 0.212985 9.9982E-05
0.026531 0.0404711 0.875437 9.9991E-05 0.00739088 0.0500699
0.0912359 9.9973E-05 0.02329 9.9973E-05 9.9973E-05 0.885174
0.126619 9.9973E-05 0.137004 9.9973E-05 9.9973E-05 0.736078
0.0258893 9.9982E-05 0.79959 9.9982E-05 0.170371 0.0039499
9.9973E-05 9.9973E-05 0.574674 9.9973E-05 0.279036 0.14599
9.99641E-05 9.99641E-05 9.99641E-05 9.99641E-05 0.643454 0.356147
0.00224161 0.00727365 0.449324 0.131094 0.21849 0.191576
9.9991E-05 0.0863357 0.321314 0.122617 0.143092 0.326542
9.9973E-05 9.9973E-05 0.810322 0.00923229 0.180145 9.9973E-05
9.9973E-05 9.9973E-05 0.481907 9.9973E-05 0.198239 0.319554
0.124153 0.0221062 0.836469 9.9982E-05 0.0170717 9.9982E-05
0.0635769 0.317528 0.587613 9.9982E-05 0.0310828 9.9982E-05
0.0179698 0.2402 0.688767 0.00214054 0.0508228 9.9991E-05
0.0205518 0.206841 0.631418 9.9982E-05 0.140989 9.9982E-05
9.9973E-05 9.9973E-05 0.412981 0.0111142 0.575605 9.9973E-05
9.9982E-05 0.245948 0.502081 9.9982E-05 0.238834 0.0129372
0.0988606 0.129426 0.771413 9.9973E-05 9.9973E-05 9.9973E-05
0.0536836 0.163975 0.768499 9.9982E-05 0.0136428 9.9982E-05
9.9982E-05 0.23843 0.597408 0.0504646 9.9982E-05 0.113497
9.9982E-05 0.0144017 0.397543 9.9982E-05 0.202269 0.385586
9.9982E-05 0.00350184 0.524746 9.9982E-05 0.0671518 0.4044
9.9982E-05 0.0275828 0.357319 9.9982E-05 0.0364083 0.57849
0.0064673 9.9982E-05 0.420146 9.9982E-05 0.00354862 0.569638
9.9982E-05 9.9982E-05 0.752155 0.016001 0.200607 0.0310369
9.9973E-05 0.0448647 0.870196 9.9973E-05 0.0846397 9.9973E-05
9.9982E-05 0.151302 0.599118 9.9982E-05 0.115401 0.133979
9.9973E-05 9.9973E-05 0.862254 9.9973E-05 0.0916503 0.0457961
9.9973E-05 9.9973E-05 0.901378 0.0225074 0.0758145 9.9973E-05
0.0075303 9.9982E-05 0.864518 0.00906701 9.9982E-05 0.118685
9.9973E-05 0.119365 0.830736 9.9973E-05 9.9973E-05 0.0495993
9.9964E-05 9.9964E-05 0.873552 9.9964E-05 9.9964E-05 0.126048
9.9982E-05 0.108897 0.49546 9.9982E-05 0.188729 0.206714
0.0652751 9.9982E-05 0.499774 9.9982E-05 0.0929143 0.341836
9.9982E-05 0.0886368 0.597878 9.9982E-05 0.111207 0.202079
9.9982E-05 0.00715468 0.810354 9.9982E-05 0.112406 0.069885
9.9973E-05 9.9973E-05 0.779031 9.9973E-05 0.0618692 0.1588
9.9973E-05 0.0303567 0.757337 9.9973E-05 9.9973E-05 0.212007
9.9973E-05 9.9973E-05 0.726937 9.9973E-05 0.120832 0.151931
9.9982E-05 0.0840666 0.138135 0.0291173 9.9982E-05 0.748482
9.9973E-05 9.9973E-05 0.290355 0.0120259 9.9973E-05 0.69732
0.0319661 9.9973E-05 0.508095 9.9973E-05 9.9973E-05 0.459639
9.9964E-05 9.9964E-05 0.906634 9.9964E-05 9.9964E-05 0.0929657
0.0447655 0.0412229 0.810609 0.0356727 9.9991E-05 0.0676295
0.00617897 0.0644729 0.787157 9.9982E-05 9.9982E-05 0.141991
9.9973E-05 9.9973E-05 0.825969 9.9973E-05 0.0540892 0.119642
0.17202 0.107358 0.557771 0.0614738 9.9991E-05 0.101277
0.233306 9.9973E-05 0.64617 0.120224 9.9973E-05 9.9973E-05
9.9973E-05 9.9973E-05 0.672307 9.9973E-05 0.109815 0.217578
9.9973E-05 9.9973E-05 0.252429 9.9973E-05 0.0442591 0.703012
9.9973E-05 9.9973E-05 0.447578 0.077394 9.9973E-05 0.474728
0.00655684 0.013508 0.386498 9.9982E-05 9.9982E-05 0.593238
9.9982E-05 0.00812016 0.012754 9.9982E-05 0.0667228 0.912203
9.9973E-05 9.9973E-05 0.775407 9.9973E-05 0.0640003 0.160292
9.9982E-05 0.0169371 0.328712 0.0301203 9.9982E-05 0.62403
0.012147 0.0119526 0.664988 9.9982E-05 9.9982E-05 0.310712
9.9982E-05 0.0212907 0.479413 9.9982E-05 0.148244 0.350852
9.9982E-05 9.9982E-05 0.497414 0.0332172 0.00800233 0.461167
0.100412 9.9982E-05 9.9982E-05 0.679098 0.0552538 0.165036
0.426566 9.9973E-05 9.9973E-05 0.509746 9.9973E-05 0.0633885
0.338573 9.9982E-05 9.9982E-05 0.473499 0.167215 0.0205136
0.673843 9.9982E-05 9.9982E-05 0.0820489 0.106181 0.137727
0.757802 9.9991E-05 0.0629537 0.0640651 0.0646692 0.0504102
0.835643 9.9973E-05 9.9973E-05 0.129082 0.0349753 9.9973E-05
0.399539 9.9973E-05 9.9973E-05 0.536261 9.9973E-05 0.0639002
0.0944321 9.9973E-05 0.0481443 0.857124 9.9973E-05 9.9973E-05
9.99731E-05 9.99731E-05 9.99731E-05 0.781143 0.0210303 0.197527
0.648884 9.9973E-05 0.0744824 0.276333 9.9973E-05 9.9973E-05
0.968362 0.0312382 9.99641E-05 9.99641E-05 9.99641E-05 9.99641E-05
0.945163 0.0544367 9.9964E-05 9.9964E-05 9.9964E-05 9.9964E-05
0.90989 0.0227529 0.0670569 9.9973E-05 9.9973E-05 9.9973E-05
