0.377756 0.479443 0.142701 9.9991E-05
0.365166 0.115321 0.519414 9.9991E-05
0.436821 0.410334 0.152746 9.9991E-05
0.344699 0.520025 0.125574 0.00970231
0.665173 0.273938 9.9991E-05 0.0607889
0.418781 0.581019 9.9982E-05 9.9982E-05
9.9982E-05 9.9982E-05 0.522082 0.477718
0.109797 0.0436224 0.313473 0.533107
9.9982E-05 9.9982E-05 0.3394 0.6604
9.9982E-05 9.9982E-05 0.363634 0.636166
9.9982E-05 9.9982E-05 0.454887 0.544913
9.99819E-05 9.99819E-05 0.451897 0.547903
9.9982E-05 9.9982E-05 0.254958 0.744842
9.9991E-05 0.00668005 0.15139 0.84183
9.9982E-05 9.9982E-05 0.416644 0.583156
9.9982E-05 9.9982E-05 0.485583 0.514217
0.298186 0.61147 0.0669183 0.0234254
0.0835961 0.500361 0.358522 0.0575207
9.9991E-05 0.783519 0.137558 0.0788233
0.163502 0.753552 9.9991E-05 0.0828463
0.207871 0.521567 0.207641 0.0629209
9.9991E-05 0.848071 0.140677 0.0111525
0.218267 0.480508 0.261456 0.0397692
0.371111 0.530946 9.9991E-05 0.0978431
0.16037 0.756183 9.9991E-05 0.0833467
0.173728 0.826072 9.9982E-05 9.9982E-05
0.2401 0.622569 9.9991E-05 0.13723
0.373072 0.515284 9.9991E-05 0.111544
0.576406 0.186871 0.203859 0.0328638
0.37039 0.270781 0.28753 0.0712987
9.9982E-05 0.459579 0.540221 9.9982E-05
0.320679 0.390155 0.235985 0.0531814
0.280643 0.591003 0.128254 9.9991E-05
9.9991E-05 0.857212 0.0982384 0.0444495
9.9982E-05 0.601936 0.397864 9.9982E-05
0.161041 0.656899 0.137877 0.0441827
9.9991E-05 0.523341 0.214129 0.26243
0.115249 0.682751 0.0754617 0.126538
9.9991E-05 0.730293 0.241617 0.02799
0.0347172 0.870904 0.0609443 0.0334344
0.348512 0.401319 0.250069 9.9991E-05
0.524167 0.36729 0.0217554 0.0867879
0.315968 0.454869 0.0629855 0.166177
0.52607 0.205415 0.0990988 0.169415
0.307626 0.592835 0.0994392 9.9991E-05
0.11832 0.76707 0.11451 9.9991E-05
9.9991E-05 0.574231 0.344901 0.0807688
0.117598 0.286772 0.595529 9.9991E-05
0.0531091 0.210027 0.736764 9.9991E-05
0.25887 0.234457 0.506573 9.9991E-05
9.9982E-05 0.573495 0.426305 9.9982E-05
0.151181 0.524747 0.279346 0.0447252
0.0180696 0.739689 0.179618 0.062624
0.0719543 0.769325 0.15862 9.9991E-05
0.0262265 0.748444 0.225229 9.9991E-05
0.11239 0.820387 9.9991E-05 0.0671225
0.0445188 0.136512 0.22801 0.590959
0.0643713 0.0715889 0.100988 0.763052
0.0748771 0.00476623 9.9991E-05 0.920257
9.9991E-05 0.0616583 0.214995 0.723246
9.9982E-05 9.9982E-05 0.147201 0.852599
0.0218802 0.0725088 0.146848 0.758763
9.9982E-05 9.9982E-05 0.76858 0.23122
9.9991E-05 0.07826 0.454528 0.467112
0.000707714 9.9991E-05 0.377372 0.62182
9.9982E-05 9.9982E-05 0.230625 0.769175
9.9991E-05 0.0980202 0.248627 0.653253
9.99821E-05 0.0778889 9.99821E-05 0.921911
9.9991E-05 0.0636015 0.394387 0.541911
9.9982E-05 9.9982E-05 0.225707 0.774093
0.01707 0.0305499 0.459467 0.492913
0.00469996 0.0813817 0.139373 0.774546
9.9982E-05 9.9982E-05 0.448288 0.551512
0.0572863 0.034406 0.0644388 0.843869
9.9982E-05 0.199655 9.9982E-05 0.800145
9.9991E-05 0.0551013 0.105057 0.839741
0.0272408 9.9991E-05 0.144589 0.828071
0.0130085 9.9982E-05 9.9982E-05 0.986792
9.9982E-05 9.9982E-05 0.0970936 0.902706
9.9982E-05 9.9982E-05 0.454104 0.545696
0.00840004 0.0732293 0.0794032 0.838967
0.852763 0.086566 9.9991E-05 0.0605709
0.704255 0.0471956 0.248449 9.9991E-05
0.789356 9.9991E-05 0.185386 0.0251584
0.845775 0.0321903 9.9991E-05 0.121935
0.717157 0.081742 0.201001 9.9991E-05
0.248966 9.9982E-05 0.750834 9.9982E-05
0.605304 0.0239926 0.322953 0.0477507
0.550606 0.136208 0.275975 0.0372105
0.758534 0.0912865 0.092089 0.0580904
0.715719 9.9982E-05 0.284081 9.9982E-05
0.752733 0.0842386 9.9991E-05 0.162929
0.495584 0.422176 9.9991E-05 0.0821405
0.616238 0.346005 9.9991E-05 0.0376565
0.581229 0.30257 0.051484 0.0647169
0.408591 0.232128 0.359181 9.9991E-05
0.476055 0.386039 0.137806 9.9991E-05
0.701799 0.168588 9.9991E-05 0.129513
0.605062 0.267695 9.9991E-05 0.127144
0.65288 0.241226 0.0549892 0.0509044
0.625381 0.149395 0.225124 9.9991E-05
0.878127 0.0616452 0.0601275 9.9991E-05
0.854497 0.0296402 0.115762 9.9991E-05
0.818654 9.9982E-05 0.181146 9.9982E-05
0.787544 9.9991E-05 0.177274 0.035082
0.829522 0.142043 9.9991E-05 0.0283344
0.691689 0.301687 9.9991E-05 0.00652487
0.92757 9.9982E-05 9.9982E-05 0.0722303
0.841012 0.0617126 9.9991E-05 0.0971749
0.887456 0.0941438 9.9991E-05 0.0182997
0.863285 0.093301 9.9991E-05 0.0433139
0.988967 0.000511728 9.9991E-05 0.0104212
0.64054 0.255975 0.103385 9.9991E-05
0.777628 0.0794301 0.0797653 0.0631765
0.78279 0.106012 0.111098 9.9991E-05
0.825438 0.0833015 0.0471098 0.0441508
0.942853 9.9991E-05 0.0422492 0.0147977
0.917528 0.0251444 9.9991E-05 0.0572278
0.911142 0.00552272 0.0778487 0.00548629
0.712015 9.9982E-05 0.287785 9.9982E-05
0.757347 9.9982E-05 0.242453 9.9982E-05
0.841083 9.9982E-05 0.158717 9.9982E-05
0.967412 0.0209617 9.9991E-05 0.0115262
0.79125 0.0674722 9.9991E-05 0.141178
0.904015 0.0278514 9.9991E-05 0.068034
0.941712 9.9982E-05 9.9982E-05 0.058088
0.624192 0.0528767 9.9991E-05 0.322832
0.610279 9.9982E-05 9.9982E-05 0.389521
0.886696 9.9982E-05 0.113104 9.9982E-05
0.760755 9.9982E-05 0.239045 9.9982E-05
0.757544 9.9982E-05 0.242256 9.9982E-05
0.806602 9.9982E-05 0.193198 9.9982E-05
0.681052 9.9982E-05 0.318748 9.9982E-05
0.955636 9.9991E-05 0.00539384 0.0388704
0.805331 9.9982E-05 0.194469 9.9982E-05
0.922709 0.021714 0.0317608 0.0238161
0.700417 0.1572 0.142283 9.9991E-05
0.827104 9.9982E-05 0.172696 9.9982E-05
0.0240546 9.9991E-05 0.57862 0.397226
9.9982E-05 9.9982E-05 0.297464 0.702336
9.9991E-05 0.00234946 0.37555 0.622001
0.0857219 0.0501131 0.123701 0.740464
0.151821 9.9991E-05 0.0227558 0.825324
0.0436704 9.9991E-05 0.0181851 0.938045
0.0128189 9.9991E-05 0.280782 0.706299
9.9982E-05 9.9982E-05 0.443326 0.556474
9.9982E-05 9.9982E-05 0.87128 0.12852
0.117766 9.9991E-05 0.0914978 0.790636
9.99821E-05 0.0562131 9.99821E-05 0.943587
9.9982E-05 0.0498714 9.9982E-05 0.949929
9.9982E-05 0.0558474 9.9982E-05 0.943953
