0.490641 9.99549E-05 0.0557374 9.99549E-05 9.99549E-05 0.200176 9.99549E-05 9.99549E-05 0.0547669 0.198179
0.191782 0.204247 0.202407 9.9964E-05 9.9964E-05 0.0109078 9.9964E-05 9.9964E-05 0.23556 0.154696
0.268525 0.0560598 0.144798 9.9955E-05 9.9955E-05 0.316101 9.9955E-05 9.9955E-05 9.9955E-05 0.214016
9.9964E-05 9.9964E-05 0.0214956 0.0574487 0.02489 9.9964E-05 0.160274 9.9964E-05 0.117502 0.61799
0.189155 9.9955E-05 9.9955E-05 0.00572731 9.9955E-05 0.573535 0.0326471 9.9955E-05 9.9955E-05 0.198436
0.231317 9.9964E-05 9.9964E-05 0.0178925 9.9964E-05 0.11002 0.0816216 9.9964E-05 0.00887053 0.549879
9.9955E-05 0.312626 0.0861356 9.9955E-05 0.556986 9.9955E-05 9.9955E-05 9.9955E-05 0.014941 0.0288116
9.9955E-05 0.183185 9.9955E-05 9.9955E-05 0.525865 0.0883779 9.9955E-05 0.153792 0.0482801 9.9955E-05
9.99459E-05 0.0719191 0.0847557 9.99459E-05 0.779655 9.99459E-05 0.0630704 9.99459E-05 9.99459E-05 9.99459E-05
9.9955E-05 0.094088 0.0540797 9.9955E-05 0.792849 9.9955E-05 9.9955E-05 9.9955E-05 0.00514872 0.0533348
9.99459E-05 0.307937 0.0315916 9.99459E-05 0.608475 9.99459E-05 9.99459E-05 9.99459E-05 0.0513964 9.99459E-05
0.0429724 0.610316 9.99459E-05 9.99459E-05 0.286726 0.0593861 9.99459E-05 9.99459E-05 9.99459E-05 9.99459E-05
9.9946E-05 0.141396 9.9946E-05 0.0983362 0.718153 0.0415148 9.9946E-05 9.9946E-05 9.9946E-05 9.9946E-05
9.99281E-05 9.99281E-05 9.99281E-05 9.99281E-05 0.923464 9.99281E-05 9.99281E-05 0.0757362 9.99281E-05 9.99281E-05
0.0108437 0.218993 0.136395 0.0933326 0.525821 9.9964E-05 9.9964E-05 9.9964E-05 9.9964E-05 0.0142142
9.99371E-05 0.417386 9.99371E-05 9.99371E-05 0.486166 9.99371E-05 9.99371E-05 9.99371E-05 0.0957481 9.99371E-05
0.0028925 0.0202848 9.9964E-05 9.9964E-05 9.9964E-05 0.200577 0.113305 0.616884 0.0456568 9.9964E-05
9.9955E-05 0.0587436 0.279779 0.0264483 9.9955E-05 9.9955E-05 9.9955E-05 0.419617 9.9955E-05 0.214912
0.198017 0.0540032 9.9946E-05 9.9946E-05 9.9946E-05 9.9946E-05 0.17594 0.57144 9.9946E-05 9.9946E-05
9.9946E-05 9.9946E-05 9.9946E-05 9.9946E-05 9.9946E-05 0.0788809 0.218512 0.676079 9.9946E-05 0.0259284
9.99549E-05 9.99549E-05 0.266861 9.99549E-05 0.0205629 0.140113 9.99549E-05 0.437527 9.99549E-05 0.134437
9.9946E-05 9.9946E-05 0.0759013 9.9946E-05 0.0397288 9.9946E-05 9.9946E-05 0.607232 9.9946E-05 0.276538
0.669448 0.156556 0.0276395 9.9946E-05 9.9946E-05 0.145757 9.9946E-05 9.9946E-05 9.9946E-05 9.9946E-05
0.687269 9.9946E-05 9.9946E-05 0.0231101 9.9946E-05 0.238219 9.9946E-05 9.9946E-05 0.0508024 9.9946E-05
0.663234 9.99461E-05 9.99461E-05 9.99461E-05 9.99461E-05 0.0505335 0.0802965 0.205336 9.99461E-05 9.99461E-05
0.180194 9.9946E-05 9.9946E-05 9.9946E-05 9.9946E-05 9.9946E-05 9.9946E-05 0.215805 0.129194 0.474207
0.0780828 9.9946E-05 9.9946E-05 0.0338765 9.9946E-05 0.303313 9.9946E-05 0.584128 9.9946E-05 9.9946E-05
0.210707 9.9964E-05 9.9964E-05 9.9964E-05 0.0496441 0.317592 0.105401 0.259143 9.9964E-05 0.0571127
9.996E-05 9.996E-05 0.150385 9.996E-05 0.0826499 0.341502 9.996E-05 0.0927058 0.202779 0.129578
9.996E-05 9.996E-05 0.335327 9.996E-05 0.140131 0.221831 9.996E-05 0.108653 0.0531659 0.140492
9.99369E-05 0.28649 0.103036 9.99369E-05 9.99369E-05 9.99369E-05 9.99369E-05 9.99369E-05 9.99369E-05 0.609774
9.99549E-05 0.202054 9.99549E-05 9.99549E-05 9.99549E-05 0.222842 0.00235868 0.0229954 9.99549E-05 0.54925
9.99459E-05 0.0754841 9.99459E-05 9.99459E-05 9.99459E-05 0.100068 9.99459E-05 0.0756239 9.99459E-05 0.748225
0.863542 9.9946E-05 9.9946E-05 9.9946E-05 0.0271663 9.9946E-05 9.9946E-05 0.00865292 9.9946E-05 0.100039
0.752772 0.183681 0.0628472 9.99369E-05 9.99369E-05 9.99369E-05 9.99369E-05 9.99369E-05 9.99369E-05 9.99369E-05
0.21169 0.0334403 9.9964E-05 9.9964E-05 9.9964E-05 0.145901 0.148333 0.403534 9.9964E-05 0.056701
0.403964 0.186394 0.0690664 0.222824 9.9964E-05 9.9964E-05 0.0264592 9.9964E-05 9.9964E-05 0.0908928
0.542229 9.9946E-05 9.9946E-05 0.0749857 9.9946E-05 9.9946E-05 0.148583 0.233602 9.9946E-05 9.9946E-05
0.555149 9.9955E-05 0.233292 0.0545524 9.9955E-05 9.9955E-05 9.9955E-05 0.0952422 9.9955E-05 0.0612647
0.237728 9.9955E-05 9.9955E-05 9.9955E-05 0.00874679 9.9955E-05 0.16065 0.548873 9.9955E-05 0.0435025
0.031208 9.99461E-05 9.99461E-05 9.99461E-05 9.99461E-05 9.99461E-05 0.089791 9.99461E-05 0.46485 0.413552
9.9964E-05 9.9964E-05 9.9964E-05 0.105059 9.9964E-05 0.0190693 0.336451 0.126543 0.187186 0.225292
0.120491 9.9964E-05 0.118985 0.146867 9.9964E-05 0.026648 0.230535 9.9964E-05 9.9964E-05 0.356075
0.0556885 9.9955E-05 9.9955E-05 0.139239 0.0114604 9.9955E-05 0.277662 9.9955E-05 0.51545 9.9955E-05
9.99371E-05 9.99371E-05 9.99371E-05 9.99371E-05 0.0419707 9.99371E-05 9.99371E-05 9.99371E-05 0.17987 0.77746
0.137738 9.9937E-05 9.9937E-05 0.0426395 9.9937E-05 9.9937E-05 9.9937E-05 9.9937E-05 9.9937E-05 0.818923
9.9937E-05 0.117372 0.229453 9.9937E-05 9.9937E-05 9.9937E-05 9.9937E-05 0.652476 9.9937E-05 9.9937E-05
9.99459E-05 0.161763 0.503332 9.99459E-05 9.99459E-05 9.99459E-05 9.99459E-05 0.257591 0.0767144 9.99459E-05
9.9937E-05 0.0390794 0.810399 9.9937E-05 9.9937E-05 9.9937E-05 9.9937E-05 0.149822 9.9937E-05 9.9937E-05
0.0364928 9.9946E-05 0.748614 9.9946E-05 9.9946E-05 9.9946E-05 9.9946E-05 0.144029 0.0702646 9.9946E-05
9.99459E-05 9.99459E-05 0.523017 9.99459E-05 0.0273762 9.99459E-05 9.99459E-05 0.377737 9.99459E-05 0.0712694
9.9946E-05 9.9946E-05 0.0186233 9.9946E-05 0.0818137 9.9946E-05 9.9946E-05 0.508235 0.390728 9.9946E-05
9.9946E-05 9.9946E-05 0.229042 0.0113857 9.9946E-05 0.0133274 9.9946E-05 0.745645 9.9946E-05 9.9946E-05
0.00578991 9.9937E-05 9.9937E-05 9.9937E-05 9.9937E-05 9.9937E-05 9.9937E-05 0.678863 0.314648 9.9937E-05
0.0404358 9.99369E-05 9.99369E-05 9.99369E-05 9.99369E-05 9.99369E-05 9.99369E-05 0.569217 0.389648 9.99369E-05
9.99549E-05 9.99549E-05 9.99549E-05 0.00808432 9.99549E-05 0.073366 0.0548478 0.591147 9.99549E-05 0.272055
0.217663 0.0891666 0.0194208 0.194895 0.375159 9.9964E-05 9.9964E-05 9.9964E-05 0.103296 9.9964E-05
0.150472 9.9946E-05 9.9946E-05 0.197479 0.601348 0.0501005 9.9946E-05 9.9946E-05 9.9946E-05 9.9946E-05
0.0737655 9.9946E-05 9.9946E-05 0.909085 9.9946E-05 9.9946E-05 9.9946E-05 9.9946E-05 0.00946133 0.00708843
9.9955E-05 0.215361 9.9955E-05 0.514678 0.0913132 9.9955E-05 9.9955E-05 0.058024 0.120124 9.9955E-05
9.99459E-05 0.300566 9.99459E-05 0.611834 0.0487487 9.99459E-05 0.0382508 9.99459E-05 9.99459E-05 9.99459E-05
9.9964E-05 0.21793 0.0322635 0.625863 9.9964E-05 9.9964E-05 9.9964E-05 0.0485254 0.0324976 0.0425213
9.99369E-05 0.799941 0.189824 9.99369E-05 9.99369E-05 9.99369E-05 9.99369E-05 9.99369E-05 9.99369E-05 0.00953531
9.99459E-05 0.791701 9.99459E-05 0.0630905 9.99459E-05 9.99459E-05 9.99459E-05 0.0460549 9.99459E-05 0.0985543
0.019206 0.317006 9.99549E-05 0.0216394 0.542186 9.99549E-05 0.0994632 9.99549E-05 9.99549E-05 9.99549E-05
0.0631703 0.017448 0.0183698 0.0292346 0.871278 9.9955E-05 9.9955E-05 9.9955E-05 9.9955E-05 9.9955E-05
0.0719275 0.240305 9.9973E-05 0.0460309 0.507366 9.9973E-05 0.0605692 0.0710678 9.9973E-05 0.0024334
0.153345 9.99371E-05 9.99371E-05 0.313933 0.532023 9.99371E-05 9.99371E-05 9.99371E-05 9.99371E-05 9.99371E-05
0.108022 0.473422 9.9955E-05 0.148302 0.264376 9.9955E-05 9.9955E-05 9.9955E-05 9.9955E-05 0.00537764
0.114637 0.35441 9.9955E-05 0.294382 0.23426 9.9955E-05 9.9955E-05 0.00181122 9.9955E-05 9.9955E-05
0.160558 0.621317 9.9964E-05 0.0466138 0.143238 0.0112 0.0166733 9.9964E-05 9.9964E-05 9.9964E-05
0.114767 0.238721 9.9955E-05 0.284468 0.304034 0.0575102 9.9955E-05 9.9955E-05 9.9955E-05 9.9955E-05
9.9946E-05 0.748889 9.9946E-05 0.0140652 0.16009 0.0763558 9.9946E-05 9.9946E-05 9.9946E-05 9.9946E-05
9.9955E-05 0.227369 9.9955E-05 0.633905 0.0211366 0.0333573 9.9955E-05 0.0837319 9.9955E-05 9.9955E-05
9.9946E-05 9.9946E-05 9.9946E-05 0.544821 0.216593 9.9946E-05 9.9946E-05 0.159821 9.9946E-05 0.0781651
9.9946E-05 0.142061 0.074834 0.750517 9.9946E-05 9.9946E-05 9.9946E-05 0.0319878 9.9946E-05 9.9946E-05
9.9946E-05 0.349542 9.9946E-05 0.520725 0.0280115 9.9946E-05 0.101122 9.9946E-05 9.9946E-05 9.9946E-05
9.9946E-05 0.0102077 0.00159711 0.942789 9.9946E-05 9.9946E-05 0.0448063 9.9946E-05 9.9946E-05 9.9946E-05
0.0321373 0.105501 9.9955E-05 0.528795 0.312564 9.9955E-05 9.9955E-05 9.9955E-05 0.0205024 9.9955E-05
9.9955E-05 0.632984 0.0138384 0.159038 0.122379 9.9955E-05 9.9955E-05 0.0712614 9.9955E-05 9.9955E-05
9.9955E-05 0.0231152 0.100508 0.719705 0.0609541 9.9955E-05 9.9955E-05 9.9955E-05 9.9955E-05 0.0952177
9.99462E-05 9.99462E-05 9.99462E-05 0.0464891 9.99462E-05 0.774434 9.99462E-05 0.0914529 9.99462E-05 0.0870248
9.9937E-05 9.9937E-05 9.9937E-05 0.0708298 9.9937E-05 9.9937E-05 9.9937E-05 9.9937E-05 0.83476 0.0937106
9.9946E-05 9.9946E-05 9.9946E-05 0.102319 9.9946E-05 0.0756493 0.0216912 9.9946E-05 0.799741 9.9946E-05
0.0114081 9.9955E-05 0.142357 9.9955E-05 0.063492 0.680977 0.101267 9.9955E-05 9.9955E-05 9.9955E-05
9.99459E-05 9.99459E-05 0.333427 9.99459E-05 0.0705421 0.594795 9.99459E-05 0.00063629 9.99459E-05 9.99459E-05
9.99281E-05 9.99281E-05 0.962253 9.99281E-05 9.99281E-05 9.99281E-05 9.99281E-05 9.99281E-05 0.0369478 9.99281E-05
9.99461E-05 9.99461E-05 0.220279 9.99461E-05 0.0343995 9.99461E-05 0.575496 9.99461E-05 0.169226 9.99461E-05
0.0574614 9.9964E-05 0.255878 9.9964E-05 0.0197549 9.9964E-05 0.441679 9.9964E-05 0.178962 0.0458643
9.9964E-05 0.00712616 0.0964606 9.9964E-05 9.9964E-05 0.205323 0.523429 9.9964E-05 0.0385121 0.128749
9.99459E-05 9.99459E-05 0.246656 9.99459E-05 9.99459E-05 0.100581 0.457259 9.99459E-05 0.194904 9.99459E-05
9.99281E-05 9.99281E-05 9.99281E-05 9.99281E-05 0.00598274 9.99281E-05 0.993218 9.99281E-05 9.99281E-05 9.99281E-05
9.9937E-05 9.9937E-05 9.9937E-05 9.9937E-05 9.9937E-05 9.9937E-05 0.842995 0.0394301 9.9937E-05 0.116876
0.0945239 9.99639E-05 0.00342718 9.99639E-05 0.0365335 0.243318 0.385472 9.99639E-05 9.99639E-05 0.236326
0.0960208 0.000703529 0.0643832 9.9982E-05 9.9982E-05 0.0223277 0.740629 0.0123725 0.0135236 0.04984
9.99369E-05 9.99369E-05 0.411573 9.99369E-05 9.99369E-05 9.99369E-05 0.348917 9.99369E-05 9.99369E-05 0.23881
0.0483587 9.9955E-05 0.109857 9.9955E-05 9.9955E-05 0.0171422 0.537326 9.9955E-05 9.9955E-05 0.286817
9.9937E-05 9.9937E-05 9.9937E-05 9.9937E-05 0.0142683 0.138626 0.846406 9.9937E-05 9.9937E-05 9.9937E-05
0.0702247 9.9937E-05 9.9937E-05 9.9937E-05 9.9937E-05 0.14416 0.784916 9.9937E-05 9.9937E-05 9.9937E-05
0.0614063 9.9964E-05 9.9964E-05 9.9964E-05 0.0199682 0.0939722 0.484047 9.9964E-05 0.229405 0.110801
9.9964E-05 9.9964E-05 0.23157 9.9964E-05 0.00450821 0.378623 0.0274879 0.105718 0.251693 9.9964E-05
9.99369E-05 9.99369E-05 9.99369E-05 9.99369E-05 9.99369E-05 0.343209 9.99369E-05 9.99369E-05 0.385516 0.270576
0.0238418 9.9955E-05 0.0117748 9.9955E-05 9.9955E-05 0.382495 9.9955E-05 0.0727674 0.508622 9.9955E-05
9.9955E-05 0.0113511 9.9955E-05 9.9955E-05 9.9955E-05 0.399902 0.0118766 0.0484768 0.527894 9.9955E-05
9.9946E-05 9.9946E-05 0.274146 0.00827969 9.9946E-05 0.681789 0.0351848 9.9946E-05 9.9946E-05 9.9946E-05
0.055536 9.995E-05 9.995E-05 9.995E-05 9.995E-05 0.853303 9.995E-05 0.0750837 9.995E-05 0.0154779
0.0561757 9.9946E-05 0.0352967 9.9946E-05 9.9946E-05 0.709003 9.9946E-05 0.198925 9.9946E-05 9.9946E-05
9.9946E-05 9.9946E-05 0.0069889 9.9946E-05 0.0202137 0.926722 9.9946E-05 0.0454753 9.9946E-05 9.9946E-05
0.0187565 9.9964E-05 0.0684619 0.0494081 9.9964E-05 0.778001 0.00887264 9.9964E-05 9.9964E-05 0.0761003
9.9946E-05 9.9946E-05 9.9946E-05 9.9946E-05 9.9946E-05 0.731724 0.0997742 9.9946E-05 0.0343264 0.133576
0.1093 9.9946E-05 9.9946E-05 9.9946E-05 9.9946E-05 0.728006 9.9946E-05 9.9946E-05 0.0305861 0.131508
0.054727 9.9946E-05 9.9946E-05 9.9946E-05 9.9946E-05 0.841812 0.0193853 9.9946E-05 0.0834765 9.9946E-05
9.99459E-05 9.99459E-05 0.0455618 9.99459E-05 9.99459E-05 0.33213 9.99459E-05 9.99459E-05 0.174827 0.446881
9.9946E-05 9.9946E-05 9.9946E-05 9.9946E-05 9.9946E-05 0.345158 0.221805 0.15276 0.279677 9.9946E-05
0.0704918 9.9955E-05 0.0934576 9.9955E-05 9.9955E-05 0.511729 9.9955E-05 9.9955E-05 0.0840954 0.239726
0.000616803 0.00738145 0.117936 9.99641E-05 9.99641E-05 0.598162 0.200952 0.0745518 9.99641E-05 9.99641E-05
9.99551E-05 9.99551E-05 0.101797 9.99551E-05 9.99551E-05 0.722503 0.0301388 9.99551E-05 0.069303 0.0757587
0.0994122 9.9946E-05 9.9946E-05 9.9946E-05 9.9946E-05 0.799324 0.0234744 9.9946E-05 0.0771901 9.9946E-05
9.99459E-05 9.99459E-05 0.160538 9.99459E-05 9.99459E-05 0.561345 0.222196 9.99459E-05 0.0553212 9.99459E-05
0.213796 9.9937E-05 9.9937E-05 9.9937E-05 9.9937E-05 0.177277 9.9937E-05 9.9937E-05 0.608228 9.9937E-05
0.0389636 0.056001 9.9955E-05 9.9955E-05 9.9955E-05 0.303126 0.0176954 9.9955E-05 0.583714 9.9955E-05
0.018144 0.00310751 9.9964E-05 0.0147138 9.9964E-05 0.44416 0.0733712 9.9964E-05 0.446103 9.9964E-05
9.99461E-05 9.99461E-05 9.99461E-05 9.99461E-05 9.99461E-05 0.809872 0.0129456 9.99461E-05 0.0240195 0.152564
0.03689 0.0361947 9.9991E-05 0.00085848 0.0238688 0.638635 0.0793263 0.0172238 0.054889 0.112014
0.18161 9.9946E-05 9.9946E-05 9.9946E-05 9.9946E-05 0.554417 0.163584 9.9946E-05 0.0997894 9.9946E-05
9.9964E-05 0.0332576 9.9964E-05 9.9964E-05 9.9964E-05 0.719545 0.062641 0.014875 0.14058 0.0287014
0.187806 9.9946E-05 9.9946E-05 0.0802026 0.130126 0.601265 9.9946E-05 9.9946E-05 9.9946E-05 9.9946E-05
9.9955E-05 0.11794 9.9955E-05 0.235494 9.9955E-05 0.497381 0.0917396 9.9955E-05 0.0569455 9.9955E-05
9.9946E-05 0.0177627 0.130061 9.9946E-05 9.9946E-05 0.718121 9.9946E-05 9.9946E-05 0.133456 9.9946E-05
9.99459E-05 9.99459E-05 0.0887396 9.99459E-05 9.99459E-05 0.187483 0.0693566 9.99459E-05 0.653821 9.99459E-05
0.123231 0.0337788 0.0473777 9.9964E-05 9.9964E-05 0.433751 0.0233256 9.9964E-05 0.338135 9.9964E-05
0.148372 9.9946E-05 9.9946E-05 9.9946E-05 0.00313875 0.360897 9.9946E-05 9.9946E-05 0.486992 9.9946E-05
0.00635847 9.9946E-05 0.105925 9.9946E-05 9.9946E-05 0.0893964 9.9946E-05 9.9946E-05 0.79772 9.9946E-05
9.9937E-05 9.9937E-05 0.134502 9.9937E-05 9.9937E-05 0.831895 9.9937E-05 9.9937E-05 0.0329035 9.9937E-05
0.0254687 9.9955E-05 0.012508 9.9955E-05 9.9955E-05 0.275816 0.0911952 9.9955E-05 0.594512 9.9955E-05
9.9946E-05 9.9946E-05 9.9946E-05 9.9946E-05 0.0110003 0.616074 9.9946E-05 9.9946E-05 0.221026 0.1513
9.99459E-05 9.99459E-05 0.0863539 9.99459E-05 9.99459E-05 0.351312 9.99459E-05 9.99459E-05 0.265668 0.296066
9.994E-05 0.0986422 0.00543549 9.994E-05 9.994E-05 0.518909 9.994E-05 9.994E-05 0.376413 9.994E-05
9.9946E-05 0.765403 0.0178446 0.113502 9.9946E-05 9.9946E-05 9.9946E-05 9.9946E-05 0.102651 9.9946E-05
9.9955E-05 0.474433 9.9955E-05 0.359225 0.141178 0.0125236 9.9955E-05 9.9955E-05 0.0121404 9.9955E-05
9.9964E-05 0.405821 0.135177 0.283221 0.144969 9.9964E-05 9.9964E-05 0.0272069 0.00320476 9.9964E-05
9.99549E-05 9.99549E-05 0.169553 0.694206 0.0840706 9.99549E-05 9.99549E-05 9.99549E-05 0.0509333 0.000737484
9.9964E-05 0.0287317 0.106746 0.750509 0.0175818 0.0437187 9.9964E-05 9.9964E-05 0.0523129 9.9964E-05
9.9955E-05 0.0910758 0.0304153 0.839148 0.0321832 9.9955E-05 9.9955E-05 9.9955E-05 0.00667813 9.9955E-05
9.9946E-05 0.437693 9.9946E-05 0.339931 0.165058 9.9946E-05 9.9946E-05 9.9946E-05 0.0567183 9.9946E-05
9.9946E-05 0.616783 9.9946E-05 0.134757 0.18969 9.9946E-05 0.0581712 9.9946E-05 9.9946E-05 9.9946E-05
9.99372E-05 0.882482 0.0787866 9.99372E-05 9.99372E-05 9.99372E-05 9.99372E-05 9.99372E-05 0.0380316 9.99372E-05
9.99549E-05 0.187803 0.0154798 0.660744 0.0448193 0.0906542 9.99549E-05 9.99549E-05 9.99549E-05 9.99549E-05
9.99371E-05 9.99371E-05 9.99371E-05 0.756326 0.195453 9.99371E-05 9.99371E-05 0.0475212 9.99371E-05 9.99371E-05
0.0289262 9.99371E-05 9.99371E-05 0.946192 9.99371E-05 9.99371E-05 9.99371E-05 0.0241824 9.99371E-05 9.99371E-05
9.99461E-05 9.99461E-05 9.99461E-05 0.781356 0.177352 0.00895706 0.0317348 9.99461E-05 9.99461E-05 9.99461E-05
