9.9973E-05 0.337704 0.110881 0.551115 9.9973E-05 9.9973E-05
9.9982E-05 0.297464 0.427885 0.226361 9.9982E-05 0.0480907
0.00148449 0.402821 0.135373 0.288895 0.171326 9.9991E-05
0.0474811 0.390074 0.111136 0.388702 0.0625073 9.9991E-05
0.0533175 0.635224 9.9973E-05 0.311159 9.9973E-05 9.9973E-05
0.00927155 0.398846 9.9982E-05 0.465593 0.126089 9.9982E-05
9.997E-05 9.997E-05 0.150462 9.997E-05 0.09323 0.756008
9.9973E-05 0.129004 9.9973E-05 9.9973E-05 0.190491 0.680206
9.9973E-05 0.0456176 0.0372583 9.9973E-05 9.9973E-05 0.916824
9.9973E-05 9.9973E-05 9.9973E-05 0.0465736 0.0916939 0.861433
9.9973E-05 9.9973E-05 0.198489 0.0394548 9.9973E-05 0.761756
9.9991E-05 0.0562575 0.147673 0.018601 0.00499519 0.772373
0.0959068 0.0106152 9.9982E-05 0.00225303 9.9982E-05 0.891025
0.0159718 9.9982E-05 9.9982E-05 0.000687684 0.0521004 0.93104
9.9973E-05 9.9973E-05 0.0868472 9.9973E-05 0.0931457 0.819707
9.9973E-05 0.00764832 0.187876 9.9973E-05 9.9973E-05 0.804176
0.0355859 0.345955 9.9982E-05 0.285478 0.332781 9.9982E-05
0.0321659 0.118715 0.0580567 9.9982E-05 0.790863 9.9982E-05
0.0199366 0.0437922 9.9991E-05 0.501311 0.375918 0.0589421
0.0870173 0.205417 9.9982E-05 0.342593 0.364773 9.9982E-05
9.9973E-05 0.277538 9.9973E-05 0.019559 0.702603 9.9973E-05
0.00408975 0.018328 9.9982E-05 0.228849 0.748534 9.9982E-05
9.9982E-05 0.150779 0.189179 0.548753 9.9982E-05 0.111089
9.9973E-05 0.260994 9.9973E-05 0.708571 9.9973E-05 0.0301355
9.9973E-05 0.0662608 9.9973E-05 0.917029 9.9973E-05 0.0164098
9.9973E-05 0.229499 9.9973E-05 0.643644 0.126557 9.9973E-05
0.137975 0.358714 9.9982E-05 0.322591 0.180521 9.9982E-05
0.101845 0.448926 9.9991E-05 0.363874 0.0619035 0.0233511
9.9982E-05 0.570384 0.0533379 9.9982E-05 0.332685 0.0433924
9.9982E-05 0.413405 0.0758906 9.9982E-05 0.433552 0.0769524
0.0259337 0.0326728 0.372599 0.0951447 0.47355 9.9991E-05
9.9991E-05 0.416016 0.0637297 0.0555397 0.395714 0.068901
9.9982E-05 0.339564 0.0164213 0.243478 0.400336 9.9982E-05
9.9973E-05 9.9973E-05 0.0178672 0.94945 9.9973E-05 0.0323828
9.99639E-05 9.99639E-05 0.31652 0.68308 9.99639E-05 9.99639E-05
0.012497 0.239048 9.9991E-05 0.418323 0.293039 0.0369923
0.335869 9.9982E-05 0.188891 0.415973 0.0590678 9.9982E-05
0.109318 0.138509 9.9991E-05 0.56574 0.16352 0.0228128
0.074864 0.0503518 0.152826 0.580729 0.141128 9.9991E-05
0.00255782 0.136167 9.9982E-05 0.575628 0.285447 9.9982E-05
9.9973E-05 0.292299 0.252767 0.454634 9.9973E-05 9.9973E-05
0.125337 0.49758 0.0513363 0.325546 9.9982E-05 9.9982E-05
0.127359 0.357824 9.998E-05 0.319543 0.195074 9.998E-05
0.106475 0.410057 0.0909431 0.392325 9.9982E-05 9.9982E-05
9.99731E-05 0.428221 9.99731E-05 0.451587 0.119892 9.99731E-05
9.9982E-05 0.194088 0.0382202 0.568088 0.199404 9.9982E-05
0.0615529 9.9982E-05 0.0406451 0.0377749 0.859827 9.9982E-05
9.9973E-05 0.0314834 0.324543 9.9973E-05 0.643673 9.9973E-05
9.9964E-05 9.9964E-05 0.50753 9.9964E-05 0.49207 9.9964E-05
9.9973E-05 0.249322 0.309385 9.9973E-05 0.440994 9.9973E-05
9.9982E-05 0.0669397 0.0854606 9.9982E-05 0.844598 0.00280129
9.999E-05 0.195814 0.102561 0.313446 0.310016 0.0780624
0.0180125 0.0731117 9.9982E-05 0.199072 0.709604 9.9982E-05
0.0290325 0.110262 0.0879138 0.515032 0.25766 9.999E-05
9.9991E-05 0.107934 0.0240155 0.479006 0.383766 0.00517769
0.0703198 0.17699 9.9982E-05 0.46267 0.289819 9.9982E-05
0.103292 9.998E-05 0.0825772 0.311861 9.998E-05 0.50207
0.211454 0.0709517 9.9982E-05 0.164043 9.9982E-05 0.553352
0.925788 0.0323012 9.9973E-05 0.0416111 9.9973E-05 9.9973E-05
0.531093 9.999E-05 0.100202 0.0506137 0.0955089 0.222482
0.651643 9.9973E-05 0.128076 9.9973E-05 9.9973E-05 0.21998
0.728559 9.997E-05 0.0968494 9.997E-05 0.174292 9.997E-05
9.99729E-05 9.99729E-05 0.560044 9.99729E-05 0.0175204 0.422136
0.16734 9.9991E-05 0.262355 0.0361526 0.111357 0.422695
0.0300596 0.0354517 0.0909529 9.9982E-05 9.9982E-05 0.843336
0.0606269 9.9982E-05 9.9982E-05 0.0498899 0.0160367 0.873247
0.129025 0.0133481 0.0117415 0.112511 0.0658257 0.667548
0.389088 9.99731E-05 9.99731E-05 0.111498 9.99731E-05 0.499114
0.21568 9.998E-05 0.31371 0.0680285 9.998E-05 0.402382
0.204126 9.998E-05 0.0211929 0.0735964 9.998E-05 0.700885
0.111957 9.9982E-05 0.31197 0.130507 9.9982E-05 0.445366
0.249642 0.0285508 9.9982E-05 0.125553 9.9982E-05 0.596054
0.0445179 0.0227205 0.25761 0.0101631 9.9991E-05 0.664888
0.601149 0.011806 9.9982E-05 9.9982E-05 0.152869 0.233975
0.549785 9.9982E-05 9.9982E-05 0.07993 0.129842 0.240244
0.755232 9.9982E-05 0.0545236 9.9982E-05 0.127336 0.0627086
0.561405 0.0448786 0.125668 9.9991E-05 0.0243316 0.243618
0.96347 0.0361303 9.9964E-05 9.9964E-05 9.9964E-05 9.9964E-05
0.532243 9.9973E-05 0.0285526 9.9973E-05 9.9973E-05 0.438905
0.116588 9.9982E-05 0.203676 9.9982E-05 0.144403 0.535132
0.748339 9.9982E-05 0.0832552 0.0777369 0.0904692 9.9982E-05
0.0539183 0.817233 9.998E-05 0.0249038 0.103745 9.998E-05
0.00764461 0.631508 0.291198 0.06945 9.9982E-05 9.9982E-05
0.0357018 0.708946 0.255053 9.9973E-05 9.9973E-05 9.9973E-05
0.00873953 0.802644 9.9982E-05 9.9982E-05 0.0964647 0.091952
9.9982E-05 0.686414 0.0461455 9.9982E-05 0.206402 0.0608385
9.997E-05 0.214887 0.749722 9.997E-05 0.0350915 9.997E-05
0.0819673 0.460576 0.315643 0.139194 0.00251913 9.9991E-05
0.0336802 0.455564 0.273466 0.189853 0.0397198 0.00771678
0.0482812 0.747255 0.0768591 9.9982E-05 0.127405 9.9982E-05
9.9964E-05 0.698338 0.301262 9.9964E-05 9.9964E-05 9.9964E-05
0.125001 0.716781 9.9982E-05 0.143668 9.9982E-05 0.01435
0.102825 0.506795 9.9973E-05 0.39008 9.9973E-05 9.9973E-05
0.0169528 0.60057 9.9982E-05 0.317264 0.0650126 9.9982E-05
0.0657171 0.560316 0.0581886 0.244313 0.0713659 9.999E-05
0.0172337 0.399706 0.202377 9.9982E-05 0.380484 9.9982E-05
0.0255714 0.465876 0.0382751 0.287776 0.182402 9.9991E-05
0.123486 0.67349 9.997E-05 0.202724 9.997E-05 9.997E-05
0.0912291 0.649472 9.9973E-05 0.258999 9.9973E-05 9.9973E-05
9.998E-05 0.605759 0.0125235 0.333364 9.998E-05 0.0481536
9.9982E-05 0.679098 0.154615 0.0195909 0.146496 9.9982E-05
9.9982E-05 0.847583 0.0361907 0.0695021 0.0465244 9.9982E-05
9.9982E-05 0.78768 0.0922151 0.0844233 0.0354813 9.9982E-05
9.9973E-05 0.77039 0.161925 0.0673857 9.9973E-05 9.9973E-05
9.9982E-05 0.768074 0.0805137 9.9982E-05 0.0971649 0.0540473
0.010171 0.820955 9.9982E-05 0.0919228 0.0767517 9.9982E-05
9.9973E-05 0.71489 9.9973E-05 0.130711 0.154098 9.9973E-05
9.9973E-05 0.874991 9.9973E-05 9.9973E-05 0.0757594 0.0489493
0.0376497 0.860267 9.999E-05 0.0334893 0.0608417 0.00765232
0.021123 0.882726 9.9991E-05 0.0410205 0.0472567 0.00777411
0.0439385 0.852136 9.9973E-05 0.103626 9.9973E-05 9.9973E-05
9.9964E-05 0.940594 9.9964E-05 0.0590065 9.9964E-05 9.9964E-05
9.9982E-05 0.697393 0.108961 0.141482 0.0519642 9.9982E-05
0.0563401 0.758957 9.997E-05 9.997E-05 0.184402 9.997E-05
9.9982E-05 0.736648 0.0878087 0.114564 0.060779 9.9982E-05
9.9991E-05 0.785509 0.00189099 0.0651932 0.135013 0.0122932
9.99731E-05 0.924689 9.99731E-05 9.99731E-05 0.0570975 0.0179134
0.0280751 0.90776 0.0480395 0.00119862 0.0148269 9.9991E-05
9.9982E-05 0.888193 0.0531663 9.9982E-05 0.0220885 0.0363526
9.9973E-05 0.593383 0.295699 0.110618 9.9973E-05 9.9973E-05
9.9973E-05 0.653682 0.288408 0.0576103 9.9973E-05 9.9973E-05
0.0215097 0.782035 0.171961 0.0242946 9.9982E-05 9.9982E-05
0.0391472 0.944464 9.9973E-05 0.0160888 9.9973E-05 9.9973E-05
0.115634 0.793296 0.00176185 0.0795999 9.9991E-05 0.00960811
0.0491762 0.814175 0.00540832 0.13104 9.9982E-05 9.9982E-05
9.9973E-05 0.912992 9.9973E-05 9.9973E-05 0.0588012 0.0279066
0.0906648 0.532788 9.9982E-05 0.175909 9.9982E-05 0.200438
0.32608 0.611516 9.9973E-05 9.9973E-05 9.9973E-05 0.0621037
9.9973E-05 0.837018 0.103016 9.9973E-05 0.0596658 9.9973E-05
9.9973E-05 0.743699 0.253951 0.00204967 9.9973E-05 9.9973E-05
9.9982E-05 0.723457 0.204387 0.0532892 9.9982E-05 0.0186667
9.9973E-05 0.724748 0.17899 0.0959624 9.9973E-05 9.9973E-05
9.9973E-05 0.581822 0.326896 0.090982 9.9973E-05 9.9973E-05
9.9973E-05 0.905834 9.9973E-05 9.9973E-05 0.0640723 0.0297933
9.9973E-05 0.707822 0.197134 0.0947442 9.9973E-05 9.9973E-05
9.9982E-05 0.875882 0.0309838 0.0558512 9.9982E-05 0.0370834
9.9982E-05 0.718155 0.15084 0.0747688 0.0560362 9.9982E-05
9.9964E-05 0.791001 0.208599 9.9964E-05 9.9964E-05 9.9964E-05
0.362664 9.99729E-05 0.51625 9.99729E-05 9.99729E-05 0.120786
0.430928 9.9982E-05 0.159645 0.01717 9.9982E-05 0.392057
0.37243 9.998E-05 0.256112 9.998E-05 0.0276427 0.343615
0.710981 0.0872465 0.119191 0.00746002 0.00354436 0.0715773
0.815308 0.0773568 0.0926344 9.9982E-05 9.9982E-05 0.014501
0.845006 9.9973E-05 0.0437868 9.9973E-05 9.9973E-05 0.110907
0.259251 0.0234808 0.135707 0.0198425 9.9991E-05 0.561619
0.225844 9.99729E-05 0.295535 9.99729E-05 9.99729E-05 0.478321
9.9964E-05 9.9964E-05 0.712644 9.9964E-05 9.9964E-05 0.286956
0.711408 0.114169 0.0283775 9.9982E-05 9.9982E-05 0.145845
0.934114 9.99641E-05 9.99641E-05 0.0654857 9.99641E-05 9.99641E-05
0.927564 9.99641E-05 9.99641E-05 0.072036 9.99641E-05 9.99641E-05
0.903258 0.00868822 9.9991E-05 0.012284 0.0323836 0.0432864
