9.99549E-05 0.278444 9.99549E-05 9.99549E-05 0.163975 0.0911635 0.0208974 9.99549E-05 0.445021 9.99549E-05
9.9973E-05 0.193919 9.9973E-05 0.0674705 0.116253 0.034542 0.375418 9.9973E-05 0.151942 0.0601567
9.9955E-05 9.9955E-05 9.9955E-05 9.9955E-05 0.315722 0.208171 0.17741 0.018006 0.280191 9.9955E-05
0.036791 0.227356 9.9964E-05 9.9964E-05 9.9964E-05 0.640148 0.00431921 9.9964E-05 0.0878078 0.00317851
9.9937E-05 9.9937E-05 9.9937E-05 9.9937E-05 0.675882 0.147471 9.9937E-05 9.9937E-05 0.175947 9.9937E-05
9.9955E-05 9.9955E-05 9.9955E-05 0.037735 0.179447 0.508056 9.9955E-05 0.0632616 0.211 9.9955E-05
9.9955E-05 0.00201858 0.0380287 9.9955E-05 9.9955E-05 9.9955E-05 0.128561 0.0383583 9.9955E-05 0.792533
9.9946E-05 9.9946E-05 9.9946E-05 0.0270986 0.1603 9.9946E-05 9.9946E-05 0.0606618 9.9946E-05 0.75134
0.0481788 0.00165799 9.9946E-05 9.9946E-05 9.9946E-05 0.0505767 9.9946E-05 9.9946E-05 9.9946E-05 0.898987
9.9946E-05 9.9946E-05 0.214164 9.9946E-05 9.9946E-05 9.9946E-05 9.9946E-05 0.0109244 0.0531453 0.721166
9.99369E-05 9.99369E-05 9.99369E-05 9.99369E-05 9.99369E-05 0.0552382 0.11678 9.99369E-05 9.99369E-05 0.827283
9.99549E-05 9.99549E-05 0.298529 9.99549E-05 0.0444023 9.99549E-05 0.239609 9.99549E-05 0.0249216 0.392039
0.109492 9.9946E-05 0.377703 9.9946E-05 0.0121612 9.9946E-05 9.9946E-05 9.9946E-05 9.9946E-05 0.500044
0.076849 9.99371E-05 0.237557 9.99371E-05 9.99371E-05 9.99371E-05 9.99371E-05 9.99371E-05 9.99371E-05 0.684895
0.0526841 9.9946E-05 9.9946E-05 9.9946E-05 9.9946E-05 0.034623 0.0257097 9.9946E-05 9.9946E-05 0.886384
9.99371E-05 9.99371E-05 9.99371E-05 0.0249424 9.99371E-05 9.99371E-05 0.0609608 9.99371E-05 9.99371E-05 0.913397
9.99459E-05 9.99459E-05 9.99459E-05 0.12372 0.328006 9.99459E-05 9.99459E-05 0.263352 0.284323 9.99459E-05
0.00696941 9.9964E-05 9.9964E-05 0.112898 0.0778336 0.0336149 0.0788913 0.689393 9.9964E-05 9.9964E-05
9.9955E-05 9.9955E-05 0.0470242 9.9955E-05 0.0173366 0.132105 9.9955E-05 0.312212 0.490822 9.9955E-05
0.0797881 9.9955E-05 9.9955E-05 9.9955E-05 0.206955 0.220847 9.9955E-05 0.274072 0.217838 9.9955E-05
9.9955E-05 0.0038731 9.9955E-05 9.9955E-05 0.279246 0.0744118 9.9955E-05 0.633162 9.9955E-05 0.00880669
9.99369E-05 9.99369E-05 9.99369E-05 9.99369E-05 9.99369E-05 0.21083 9.99369E-05 0.623262 0.165208 9.99369E-05
9.9955E-05 0.0991151 9.9955E-05 9.9955E-05 0.12696 9.9955E-05 0.13872 9.9955E-05 0.612861 0.0218439
9.9946E-05 9.9946E-05 9.9946E-05 0.0208421 0.326665 9.9946E-05 0.000306371 9.9946E-05 0.651587 9.9946E-05
9.99281E-05 9.99281E-05 9.99281E-05 9.99281E-05 0.144225 9.99281E-05 9.99281E-05 9.99281E-05 0.854975 9.99281E-05
9.9955E-05 0.15831 9.9955E-05 0.0177457 9.9955E-05 0.292839 9.9955E-05 0.0972946 0.433311 9.9955E-05
0.105429 9.9946E-05 9.9946E-05 9.9946E-05 0.355577 9.9946E-05 9.9946E-05 0.129613 0.408781 9.9946E-05
0.0449054 9.9964E-05 9.9964E-05 9.9964E-05 0.378944 0.101778 9.9964E-05 0.000648329 0.435104 0.0382198
9.9946E-05 0.378772 9.9946E-05 9.9946E-05 0.292495 9.9946E-05 9.9946E-05 0.233703 9.9946E-05 0.0944307
9.9955E-05 0.52062 0.101098 9.9955E-05 0.0369699 0.0261586 9.9955E-05 0.314654 9.9955E-05 9.9955E-05
9.99369E-05 9.99369E-05 9.99369E-05 9.99369E-05 9.99369E-05 0.296865 0.361289 0.341146 9.99369E-05 9.99369E-05
9.99549E-05 9.99549E-05 9.99549E-05 9.99549E-05 0.345703 0.206362 0.111873 0.310627 9.99549E-05 0.0249352
9.99549E-05 0.046585 9.99549E-05 9.99549E-05 0.159731 0.413392 9.99549E-05 0.3594 0.0203928 9.99549E-05
9.9937E-05 0.0646572 9.9937E-05 9.9937E-05 9.9937E-05 0.0266643 9.9937E-05 9.9937E-05 0.907979 9.9937E-05
9.99279E-05 9.99279E-05 9.99279E-05 9.99279E-05 9.99279E-05 9.99279E-05 0.315063 9.99279E-05 0.684137 9.99279E-05
0.0085486 0.069004 0.0133313 9.9973E-05 0.240112 0.0419518 9.9973E-05 0.251623 0.375129 9.9973E-05
0.247888 9.9955E-05 9.9955E-05 9.9955E-05 9.9955E-05 0.101759 0.253586 0.034852 0.361414 9.9955E-05
0.0809574 9.9955E-05 9.9955E-05 9.9955E-05 0.195752 0.01697 0.0616844 9.9955E-05 0.644136 9.9955E-05
0.0507969 0.304175 0.0343376 9.9964E-05 9.9964E-05 0.0309075 9.9964E-05 0.121083 0.4583 9.9964E-05
0.0277311 9.9955E-05 9.9955E-05 9.9955E-05 0.0789673 0.166653 9.9955E-05 0.236424 0.489724 9.9955E-05
9.99461E-05 0.441684 9.99461E-05 0.059309 9.99461E-05 0.445706 9.99461E-05 9.99461E-05 0.0527012 9.99461E-05
0.085114 0.291012 9.9964E-05 0.0341336 0.0687041 0.438699 9.9964E-05 9.9964E-05 0.0819371 9.9964E-05
0.0632002 0.0330126 0.0603663 9.9973E-05 0.0969243 0.578373 0.0401176 0.127706 9.9973E-05 9.9973E-05
0.0937431 0.0558964 9.9964E-05 0.471239 9.9964E-05 0.184555 9.9964E-05 9.9964E-05 0.178554 0.0156134
9.9964E-05 0.131686 9.9964E-05 0.0384169 9.9964E-05 0.627763 9.9964E-05 0.0503938 0.120714 0.0306254
9.9946E-05 0.00840106 9.9946E-05 9.9946E-05 9.9946E-05 0.687105 9.9946E-05 0.134312 0.169583 9.9946E-05
9.9946E-05 9.9946E-05 0.0371256 0.0282367 9.9946E-05 9.9946E-05 9.9946E-05 0.91417 0.0198682 9.9946E-05
9.99459E-05 0.0290137 9.99459E-05 0.0903056 9.99459E-05 9.99459E-05 0.270765 0.609316 9.99459E-05 9.99459E-05
9.9937E-05 0.148029 9.9937E-05 9.9937E-05 9.9937E-05 9.9937E-05 0.352178 0.499093 9.9937E-05 9.9937E-05
9.9937E-05 0.579262 9.9937E-05 9.9937E-05 9.9937E-05 9.9937E-05 0.106559 0.313479 9.9937E-05 9.9937E-05
9.9946E-05 9.9946E-05 9.9946E-05 9.9946E-05 0.0323775 0.124178 0.0946856 0.748159 9.9946E-05 9.9946E-05
9.9955E-05 0.216837 9.9955E-05 0.163828 9.9955E-05 9.9955E-05 9.9955E-05 0.197447 0.344186 0.0772021
0.0862752 0.184354 9.9946E-05 9.9946E-05 9.9946E-05 9.9946E-05 9.9946E-05 0.572469 0.156302 9.9946E-05
9.9946E-05 0.0283223 9.9946E-05 0.301336 9.9946E-05 9.9946E-05 9.9946E-05 0.262521 0.407222 9.9946E-05
9.99459E-05 0.0781175 9.99459E-05 0.244878 9.99459E-05 9.99459E-05 9.99459E-05 0.273508 0.402897 9.99459E-05
0.0527206 9.99549E-05 9.99549E-05 9.99549E-05 0.114565 0.254144 9.99549E-05 0.261624 0.316446 9.99549E-05
0.0338236 0.181924 0.560382 9.9964E-05 9.9964E-05 9.9964E-05 0.0098377 9.9964E-05 0.119026 0.0946072
0.00565681 0.100936 0.686277 0.0121748 9.9955E-05 9.9955E-05 9.9955E-05 9.9955E-05 9.9955E-05 0.194456
0.822324 9.9937E-05 9.9937E-05 9.9937E-05 9.9937E-05 9.9937E-05 9.9937E-05 9.9937E-05 0.0554316 0.121545
0.483477 0.0502562 9.9964E-05 0.0397761 9.9964E-05 9.9964E-05 9.9964E-05 0.0340166 0.0361029 0.355972
0.634239 9.99549E-05 0.0665336 0.00306288 9.99549E-05 9.99549E-05 0.103738 9.99549E-05 9.99549E-05 0.191926
0.730364 9.99549E-05 9.99549E-05 0.0203337 9.99549E-05 9.99549E-05 0.0660356 0.168566 9.99549E-05 0.0142012
9.99458E-05 9.99458E-05 0.183659 9.99458E-05 9.99458E-05 9.99458E-05 0.670316 0.00843204 9.99458E-05 0.136993
0.174998 9.99639E-05 0.315307 9.99639E-05 0.00114801 9.99639E-05 0.474952 0.0165648 0.0166294 9.99639E-05
9.99459E-05 9.99459E-05 0.546687 9.99459E-05 9.99459E-05 0.019021 0.187232 9.99459E-05 9.99459E-05 0.246461
9.9928E-05 9.9928E-05 0.727102 9.9928E-05 9.9928E-05 9.9928E-05 9.9928E-05 9.9928E-05 9.9928E-05 0.272098
9.9964E-05 9.9964E-05 0.792999 0.0138922 0.000399222 0.0127715 0.118621 0.0609172 9.9964E-05 9.9964E-05
0.139742 9.99373E-05 0.841638 9.99373E-05 9.99373E-05 9.99373E-05 9.99373E-05 9.99373E-05 0.0179199 9.99373E-05
0.0649578 9.99549E-05 0.497842 9.99549E-05 9.99549E-05 9.99549E-05 0.352386 9.99549E-05 0.0337374 0.0505771
0.0641082 9.9955E-05 0.675545 0.0624577 9.9955E-05 9.9955E-05 0.0483411 9.9955E-05 9.9955E-05 0.149048
0.0184031 9.9946E-05 0.479075 9.9946E-05 9.9946E-05 9.9946E-05 0.432602 9.9946E-05 0.06932 9.9946E-05
9.9946E-05 0.0668963 0.886187 9.9946E-05 0.0335341 9.9946E-05 9.9946E-05 0.0127833 9.9946E-05 9.9946E-05
0.00627878 9.99549E-05 0.569615 9.99549E-05 0.0146507 9.99549E-05 0.408066 9.99549E-05 9.99549E-05 0.000889972
0.542155 9.9973E-05 0.23869 0.021935 0.00206474 9.9973E-05 0.0331435 0.109166 9.9973E-05 0.0525459
0.28336 9.9946E-05 0.55256 9.9946E-05 9.9946E-05 0.0270682 9.9946E-05 0.136412 9.9946E-05 9.9946E-05
0.613521 9.9955E-05 0.260253 9.9955E-05 9.9955E-05 0.00144291 0.0458058 0.0784772 9.9955E-05 9.9955E-05
0.361371 9.99459E-05 0.438251 9.99459E-05 9.99459E-05 0.0656091 0.134169 9.99459E-05 9.99459E-05 9.99459E-05
0.990552 9.99281E-05 9.99281E-05 9.99281E-05 9.99281E-05 0.00864831 9.99281E-05 9.99281E-05 9.99281E-05 9.99281E-05
0.51493 9.9946E-05 0.180201 9.9946E-05 9.9946E-05 9.9946E-05 9.9946E-05 9.9946E-05 0.0213743 0.282895
0.142028 9.99549E-05 0.280792 9.99549E-05 9.99549E-05 9.99549E-05 0.238483 0.119116 9.99549E-05 0.219082
0.770812 0.0995721 9.9964E-05 9.9964E-05 9.9964E-05 0.0398267 0.0036475 0.0487904 9.9964E-05 0.0369511
0.00884209 9.99551E-05 9.99551E-05 0.0563199 0.787055 0.0188998 9.99551E-05 0.128383 9.99551E-05 9.99551E-05
9.9928E-05 9.9928E-05 9.9928E-05 0.993825 9.9928E-05 9.9928E-05 9.9928E-05 0.00537558 9.9928E-05 9.9928E-05
0.00797937 9.9937E-05 9.9937E-05 0.989235 0.00208623 9.9937E-05 9.9937E-05 9.9937E-05 9.9937E-05 9.9937E-05
9.9964E-05 9.9964E-05 9.9964E-05 0.0327418 0.773516 0.0631218 0.0105113 0.0814791 9.9964E-05 0.0382304
9.9946E-05 0.501703 9.9946E-05 9.9946E-05 0.351005 9.9946E-05 9.9946E-05 0.115388 9.9946E-05 0.0313042
9.99282E-05 0.290131 9.99282E-05 9.99282E-05 9.99282E-05 9.99282E-05 0.70907 9.99282E-05 9.99282E-05 9.99282E-05
9.99641E-05 0.154333 9.99641E-05 0.0486885 0.0577464 0.52239 0.200158 9.99641E-05 9.99641E-05 0.0162842
9.9946E-05 0.343488 9.9946E-05 9.9946E-05 9.9946E-05 0.455865 0.154995 9.9946E-05 9.9946E-05 0.0450516
9.9946E-05 0.0472809 9.9946E-05 9.9946E-05 0.398879 0.461288 0.0919529 9.9946E-05 9.9946E-05 9.9946E-05
9.99459E-05 0.210327 9.99459E-05 9.99459E-05 0.4334 0.0934012 0.262272 9.99459E-05 9.99459E-05 9.99459E-05
0.0672437 9.9937E-05 9.9937E-05 9.9937E-05 0.380779 0.551278 9.9937E-05 9.9937E-05 9.9937E-05 9.9937E-05
9.9946E-05 9.9946E-05 0.00423959 9.9946E-05 0.157707 0.823818 9.9946E-05 9.9946E-05 0.0136356 9.9946E-05
9.99459E-05 9.99459E-05 9.99459E-05 9.99459E-05 0.43826 0.44768 9.99459E-05 9.99459E-05 0.0527033 0.0607571
0.0498517 9.9964E-05 9.9964E-05 0.0118206 0.313398 0.521768 0.0842894 9.9964E-05 0.0184727 9.9964E-05
9.99639E-05 0.082753 9.99639E-05 9.99639E-05 0.0250961 0.549906 0.156369 0.185134 9.99639E-05 0.000341847
9.9964E-05 0.0860863 9.9964E-05 9.9964E-05 0.153244 0.647356 0.0241182 0.0263709 9.9964E-05 0.0624243
0.00871317 0.00135723 0.0471329 9.9955E-05 0.384307 0.55799 9.9955E-05 9.9955E-05 9.9955E-05 9.9955E-05
0.0409462 9.9946E-05 9.9946E-05 9.9946E-05 0.387402 0.509379 9.9946E-05 9.9946E-05 0.0616729 9.9946E-05
9.99639E-05 0.146489 0.0349703 0.0707285 0.231963 0.463951 9.99639E-05 9.99639E-05 0.051498 9.99639E-05
0.0425042 0.738642 9.99459E-05 9.99459E-05 0.140829 9.99459E-05 9.99459E-05 0.0774251 9.99459E-05 9.99459E-05
9.9955E-05 0.353546 9.9955E-05 0.172053 0.423786 0.00358577 9.9955E-05 0.0465297 9.9955E-05 9.9955E-05
9.9955E-05 0.446685 9.9955E-05 0.20113 0.274868 9.9955E-05 9.9955E-05 0.00689498 0.0699229 9.9955E-05
9.9937E-05 0.502053 9.9937E-05 0.207425 0.289822 9.9937E-05 9.9937E-05 9.9937E-05 9.9937E-05 9.9937E-05
0.0142148 9.9946E-05 9.9946E-05 9.9946E-05 0.794403 9.9946E-05 0.159799 0.0309838 9.9946E-05 9.9946E-05
9.9946E-05 0.0810093 9.9946E-05 9.9946E-05 0.788737 9.9946E-05 9.9946E-05 0.0899794 0.0396746 9.9946E-05
9.9946E-05 0.184917 9.9946E-05 9.9946E-05 0.584537 9.9946E-05 9.9946E-05 0.116174 0.113772 9.9946E-05
9.9946E-05 0.0996049 0.0152053 9.9946E-05 0.822598 9.9946E-05 9.9946E-05 0.0619919 9.9946E-05 9.9946E-05
0.0277589 0.0069637 9.9973E-05 9.9973E-05 0.79843 0.0468169 0.0527411 0.0454395 0.0215504 9.9973E-05
9.9946E-05 9.9946E-05 9.9946E-05 0.0452218 0.791338 0.158432 9.9946E-05 9.9946E-05 9.9946E-05 0.00440877
9.996E-05 0.00513915 0.00668223 0.072657 0.804266 0.0447154 9.996E-05 9.996E-05 0.0661409 9.996E-05
9.99551E-05 0.0298142 9.99551E-05 0.0498367 0.892442 0.00515286 9.99551E-05 9.99551E-05 0.0222539 9.99551E-05
9.99459E-05 0.448251 9.99459E-05 9.99459E-05 0.259628 0.275937 9.99459E-05 0.0155832 9.99459E-05 9.99459E-05
0.0269504 0.100982 9.9955E-05 0.296671 0.404157 9.9955E-05 9.9955E-05 0.170739 9.9955E-05 9.9955E-05
9.9973E-05 0.0418654 9.9973E-05 0.0126045 0.67167 0.127861 0.106044 0.000225621 0.0394295 9.9973E-05
9.99641E-05 0.0287068 9.99641E-05 0.0277118 0.821079 9.99641E-05 0.0261358 0.0883011 0.00766535 9.99641E-05
9.99551E-05 0.429439 0.0105668 9.99551E-05 0.501171 0.0531049 9.99551E-05 0.00521827 9.99551E-05 9.99551E-05
9.9955E-05 0.0779977 9.9955E-05 0.0946806 0.764888 9.9955E-05 9.9955E-05 0.0156558 0.0462784 9.9955E-05
9.99459E-05 0.149903 9.99459E-05 9.99459E-05 0.712837 0.0878959 0.048764 9.99459E-05 9.99459E-05 9.99459E-05
9.9946E-05 9.9946E-05 9.9946E-05 0.374967 0.356856 9.9946E-05 0.164096 9.9946E-05 0.103481 9.9946E-05
9.99369E-05 9.99369E-05 9.99369E-05 0.372021 0.432924 9.99369E-05 0.194356 9.99369E-05 9.99369E-05 9.99369E-05
9.9946E-05 9.9946E-05 9.9946E-05 0.375441 0.520031 9.9946E-05 0.0993168 9.9946E-05 0.00461187 9.9946E-05
9.9937E-05 9.9937E-05 9.9937E-05 0.125756 0.762909 0.110636 9.9937E-05 9.9937E-05 9.9937E-05 9.9937E-05
9.9955E-05 0.134298 0.104434 0.0260673 0.651837 0.0828642 9.9955E-05 9.9955E-05 9.9955E-05 9.9955E-05
0.00672503 9.99638E-05 9.99638E-05 9.99638E-05 0.806186 0.0115578 0.0654531 9.99638E-05 0.109578 9.99638E-05
9.9955E-05 0.0477037 9.9955E-05 0.063617 0.814222 9.9955E-05 0.0432691 0.0306881 9.9955E-05 9.9955E-05
0.0459084 9.9946E-05 9.9946E-05 9.9946E-05 0.572074 9.9946E-05 9.9946E-05 9.9946E-05 0.194219 0.187199
0.271757 0.0566156 9.9946E-05 9.9946E-05 0.566661 9.9946E-05 9.9946E-05 9.9946E-05 9.9946E-05 0.104366
9.9955E-05 0.147271 9.9955E-05 0.0835061 0.702498 9.9955E-05 0.0507978 0.0154277 9.9955E-05 9.9955E-05
9.99459E-05 0.500752 9.99459E-05 0.3322 0.148626 9.99459E-05 0.0178226 9.99459E-05 9.99459E-05 9.99459E-05
9.9955E-05 0.286471 9.9955E-05 0.0572166 0.48595 9.9955E-05 0.10245 9.9955E-05 0.0674126 9.9955E-05
9.9955E-05 0.493695 9.9955E-05 0.0746202 0.29317 9.9955E-05 0.0425994 9.9955E-05 0.0954154 9.9955E-05
9.9937E-05 0.882529 9.9937E-05 0.103777 9.9937E-05 9.9937E-05 0.012994 9.9937E-05 9.9937E-05 9.9937E-05
9.99279E-05 0.410138 9.99279E-05 9.99279E-05 0.589063 9.99279E-05 9.99279E-05 9.99279E-05 9.99279E-05 9.99279E-05
9.9964E-05 0.69975 0.00332668 0.0766296 0.171736 0.0420884 9.9964E-05 9.9964E-05 0.0060698 9.9964E-05
9.9955E-05 0.231996 9.9955E-05 0.106168 0.600874 0.0578577 9.9955E-05 9.9955E-05 9.9955E-05 0.00260365
9.9964E-05 0.271202 9.9964E-05 0.103593 0.396217 0.13578 0.0708322 0.0219754 9.9964E-05 9.9964E-05
9.9946E-05 0.382276 9.9946E-05 0.132738 0.414441 9.9946E-05 0.0699463 9.9946E-05 9.9946E-05 9.9946E-05
0.356167 9.99459E-05 9.99459E-05 0.00469251 9.99459E-05 9.99459E-05 0.586478 9.99459E-05 9.99459E-05 0.052063
0.442379 9.99549E-05 0.201049 9.99549E-05 0.023937 9.99549E-05 0.238969 9.99549E-05 9.99549E-05 0.0931657
0.265999 0.0440082 0.205519 9.99639E-05 9.99639E-05 9.99639E-05 0.190165 0.112024 9.99639E-05 0.181885
0.729395 0.100722 9.99549E-05 9.99549E-05 9.99549E-05 0.000198219 0.0970373 9.99549E-05 9.99549E-05 0.0721476
0.737058 9.9955E-05 9.9955E-05 0.0258488 0.100275 9.9955E-05 0.0609435 9.9955E-05 9.9955E-05 0.0753743
0.835539 9.9946E-05 9.9946E-05 9.9946E-05 9.9946E-05 9.9946E-05 0.037932 0.010938 9.9946E-05 0.114991
0.36265 9.9964E-05 0.0515283 0.0718604 9.9964E-05 9.9964E-05 0.138982 9.9964E-05 0.0315161 0.343063
0.261085 9.99459E-05 0.0997256 9.99459E-05 9.99459E-05 9.99459E-05 0.366306 9.99459E-05 9.99459E-05 0.272285
9.99281E-05 9.99281E-05 9.99281E-05 9.99281E-05 9.99281E-05 9.99281E-05 0.814963 9.99281E-05 9.99281E-05 0.184238
0.613138 9.9946E-05 9.9946E-05 9.9946E-05 0.0774353 9.9946E-05 0.0113777 9.9946E-05 9.9946E-05 0.297449
0.8247 9.99372E-05 0.14052 9.99372E-05 9.99372E-05 9.99372E-05 9.99372E-05 9.99372E-05 0.0340804 9.99372E-05
0.949702 9.99281E-05 9.99281E-05 9.99281E-05 9.99281E-05 9.99281E-05 9.99281E-05 9.99281E-05 0.0494991 9.99281E-05
0.816857 9.99551E-05 9.99551E-05 9.99551E-05 0.0106987 0.0312601 9.99551E-05 0.0088439 9.99551E-05 0.131841
