0.195758 0.0255641 0.778677
0.552792 9.9991E-05 0.447108
0.196037 0.0754726 0.728491
0.150057 0.0984467 0.751497
9.9991E-05 0.0891486 0.910751
0.0349703 0.0918428 0.873187
0.533959 0.465941 9.9991E-05
0.315115 0.551468 0.133417
0.374087 0.625813 9.9991E-05
0.355993 0.643907 9.9991E-05
0.475948 0.523952 9.9991E-05
0.495845 0.504055 9.9991E-05
0.24537 0.75453 9.9991E-05
0.198667 0.801233 9.9991E-05
0.43924 0.56066 9.9991E-05
0.476419 0.523481 9.9991E-05
0.135569 0.154596 0.709835
0.426655 0.136973 0.436371
0.13768 0.279722 0.582598
9.9991E-05 0.28793 0.71197
0.264183 0.137749 0.598068
0.204311 0.220328 0.575361
0.303676 0.129499 0.566826
9.9991E-05 0.229412 0.770488
9.9991E-05 0.281496 0.718404
0.0574952 0.119394 0.823111
9.9991E-05 0.258984 0.740916
9.9991E-05 0.233653 0.766247
0.244586 0.0488588 0.706555
0.350379 0.0667117 0.582909
0.5858 0.0432805 0.370919
0.260347 0.104383 0.63527
0.237413 0.0107832 0.751803
0.103829 0.235346 0.660825
0.480822 0.116293 0.402885
0.165319 0.162735 0.671946
0.202983 0.446072 0.350945
0.0914905 0.300084 0.608426
0.280485 0.174982 0.544533
0.0610558 0.260046 0.678899
0.314105 9.9991E-05 0.685795
0.0472246 0.14557 0.807205
0.0672155 0.221231 0.711553
0.0749064 0.188931 0.736163
0.164084 0.0669522 0.768963
0.153071 0.129864 0.717064
0.491175 0.229964 0.27886
0.712695 0.00942708 0.277878
0.829971 9.9991E-05 0.169929
0.539888 9.9991E-05 0.460012
0.480175 0.131607 0.388218
0.290489 0.158358 0.551153
0.264714 0.211178 0.524107
0.183857 0.175735 0.640407
0.257132 0.157256 0.585612
9.9991E-05 0.269029 0.730871
0.255701 0.586182 0.158118
0.0882788 0.732686 0.179035
9.9991E-05 0.898742 0.101158
0.274003 0.719583 0.00641337
0.184583 0.815317 9.9991E-05
0.20536 0.720247 0.0743928
0.812964 0.186936 9.9991E-05
0.532186 0.467714 9.9991E-05
0.385285 0.614615 9.9991E-05
0.264048 0.735852 9.9991E-05
0.278595 0.682363 0.0390422
9.9991E-05 0.978605 0.0212949
0.442285 0.557615 9.9991E-05
0.223278 0.776622 9.9991E-05
0.5148 0.466552 0.0186479
0.181331 0.764967 0.0537016
0.494105 0.505795 9.9991E-05
0.0821949 0.845396 0.0724086
0.00364638 0.913608 0.0827452
0.141158 0.830698 0.0281442
0.161126 0.793649 0.0452248
9.999E-05 0.9998 9.999E-05
0.1305 0.8694 9.9991E-05
0.493064 0.506836 9.9991E-05
0.106224 0.803516 0.0902601
9.9991E-05 0.0688931 0.931007
0.246795 9.9991E-05 0.753105
0.168103 0.0233715 0.808526
9.9991E-05 0.103047 0.896853
0.20068 9.9991E-05 0.79922
0.719306 9.9991E-05 0.280594
0.312363 0.0386097 0.649027
0.318346 0.0246146 0.65704
0.0664617 0.0356967 0.897842
0.243164 9.9991E-05 0.756736
9.9991E-05 0.190087 0.809813
9.9991E-05 0.135577 0.864323
9.9991E-05 0.0935603 0.90634
0.0617952 0.112824 0.825381
0.403028 0.0172695 0.579702
0.152554 0.0882482 0.759198
9.9991E-05 0.162963 0.836937
9.9991E-05 0.157785 0.842115
0.0518708 0.0865895 0.86154
0.234447 9.9991E-05 0.765453
0.0527868 9.9991E-05 0.947113
0.0829231 9.9991E-05 0.916977
0.167275 9.9991E-05 0.832625
0.141933 0.0256816 0.832386
9.9991E-05 0.015736 0.984164
9.9991E-05 0.0478072 0.952093
0.0136014 0.039175 0.947224
0.0249982 0.0535467 0.921455
9.9991E-05 0.00776505 0.992135
9.9991E-05 0.0430351 0.956865
9.999E-05 9.999E-05 0.9998
0.11269 9.9991E-05 0.88721
0.0786857 0.0779082 0.843406
0.0984065 9.9991E-05 0.901493
0.0898049 0.0151997 0.894995
0.0659814 0.0120581 0.92196
9.999E-05 9.999E-05 0.9998
0.074832 9.9991E-05 0.925068
0.242102 9.9991E-05 0.757798
0.232297 9.9991E-05 0.767603
0.113428 9.9991E-05 0.886472
9.999E-05 9.999E-05 0.9998
9.9991E-05 0.117236 0.882664
9.9991E-05 0.0490829 0.950817
0.00629186 0.0273894 0.966319
9.9991E-05 0.311179 0.688721
9.9991E-05 0.366054 0.633846
0.121798 9.9991E-05 0.878102
0.221067 9.9991E-05 0.778833
0.229445 9.9991E-05 0.770455
0.159736 9.9991E-05 0.840164
0.291066 9.9991E-05 0.708834
0.00949609 0.0121283 0.978376
0.177617 9.9991E-05 0.822283
0.0117002 9.9991E-05 0.9882
0.147274 9.9991E-05 0.852626
0.181493 9.9991E-05 0.818407
0.635869 0.364031 9.9991E-05
0.328387 0.671513 9.9991E-05
0.405498 0.594402 9.9991E-05
0.167374 0.727452 0.105174
0.0514678 0.813627 0.134905
0.0492359 0.931703 0.0190611
0.312663 0.687237 9.9991E-05
0.493132 0.506768 9.9991E-05
0.898324 0.101576 9.9991E-05
0.0607531 0.827416 0.111831
9.9991E-05 0.997407 0.00249295
9.999E-05 0.9998 9.999E-05
9.9991E-05 0.938725 0.0611751
