0.0205674 0.367144 0.528833 9.9991E-05 0.0833554
9.9982E-05 0.345759 0.210108 9.9982E-05 0.443933
0.11272 0.499863 0.296353 9.9991E-05 0.0909644
0.233687 0.380363 0.327576 0.0384402 0.0199344
9.9982E-05 0.691524 0.257301 0.0509755 9.9982E-05
0.182193 0.386184 0.431423 9.9982E-05 9.9982E-05
9.9973E-05 9.9973E-05 9.9973E-05 0.320197 0.679503
0.0917206 0.102082 9.9991E-05 0.408663 0.397434
9.9973E-05 9.9973E-05 9.9973E-05 0.511384 0.488316
0.0267516 9.9991E-05 0.0492244 0.458896 0.465028
9.9982E-05 9.9982E-05 0.00161806 0.367719 0.630463
9.9982E-05 9.9982E-05 0.108917 0.319294 0.571588
9.9973E-05 9.9973E-05 9.9973E-05 0.653282 0.346418
0.00307904 9.9991E-05 0.0150323 0.710079 0.27171
0.047915 9.9982E-05 9.9982E-05 0.419874 0.532011
9.9973E-05 9.9973E-05 9.9973E-05 0.365621 0.634079
0.349594 0.327241 0.26353 0.0595348 9.9991E-05
0.824527 0.100492 9.9991E-05 0.0143118 0.0605695
0.397986 0.015191 0.493109 0.0936141 9.9991E-05
0.419401 0.203884 0.264568 0.112047 9.9991E-05
0.713879 0.261655 0.00664123 0.0177252 9.9991E-05
0.714391 0.000715231 0.23848 0.046314 9.9991E-05
9.9982E-05 0.189523 0.583549 9.9982E-05 0.226728
9.9982E-05 0.254538 0.72532 0.019942 9.9982E-05
9.9982E-05 0.103661 0.854405 0.0417333 9.9982E-05
0.198087 0.255497 0.546216 9.9982E-05 9.9982E-05
0.229529 0.291092 0.316927 0.162352 9.9991E-05
0.00224392 0.449414 0.383226 0.165016 9.9991E-05
0.299688 0.600665 9.9982E-05 9.9982E-05 0.0994467
0.401302 0.404948 9.9991E-05 0.0580379 0.135612
0.496837 0.123016 0.0353877 9.9991E-05 0.344659
0.42798 0.406146 0.0282692 0.0710036 0.0666007
0.480366 0.346965 0.17247 9.9982E-05 9.9982E-05
9.9982E-05 0.00155949 0.965239 9.9982E-05 0.0330018
9.9973E-05 9.9973E-05 0.700502 9.9973E-05 0.299198
0.306191 0.251428 0.36622 0.0726069 0.00355403
0.142833 0.0166738 0.431424 0.269355 0.139714
0.18812 0.0919451 0.590264 0.129571 9.9991E-05
0.237203 0.0708347 0.567492 0.0447353 0.079735
0.335189 0.0905467 0.528901 0.0452633 9.9991E-05
0.0661215 0.350348 0.488528 9.9991E-05 0.094903
0.108198 0.518038 0.266031 0.107633 9.9991E-05
0.232165 0.300632 0.312775 0.154329 9.9991E-05
9.9991E-05 0.475335 0.369574 0.10646 0.0485317
0.186718 0.354462 0.45862 9.9982E-05 9.9982E-05
0.306219 0.221832 0.471749 9.9982E-05 9.9982E-05
0.888197 9.9991E-05 0.0160379 0.0477006 0.0479643
0.614855 0.117426 9.9982E-05 9.9982E-05 0.267519
0.582137 0.0325328 9.9982E-05 9.9982E-05 0.38513
0.507233 0.303159 9.9982E-05 9.9982E-05 0.189409
0.83642 0.0231097 9.9982E-05 9.9982E-05 0.14027
0.353765 0.169542 0.369719 0.0291375 0.0778366
0.708875 0.0675739 0.149019 0.0744317 9.9991E-05
0.314575 0.139355 0.532074 0.0138952 9.9991E-05
0.339068 0.121252 0.501847 0.0298228 0.00800972
0.340693 0.150068 0.369582 0.139557 9.9991E-05
9.9982E-05 9.9982E-05 0.299143 0.423034 0.277624
9.9991E-05 0.0143288 0.146946 0.631687 0.206939
9.9991E-05 0.0827961 0.00997536 0.892572 0.0145565
0.071707 9.9982E-05 9.9982E-05 0.624402 0.303691
9.9982E-05 0.0106289 9.9982E-05 0.69703 0.292141
0.190524 9.9982E-05 9.9982E-05 0.651538 0.157738
0.0282258 9.9982E-05 9.9982E-05 0.0657938 0.90578
0.0596885 9.9991E-05 0.0582718 0.331948 0.549991
9.9982E-05 9.9982E-05 0.0269832 0.469422 0.503395
9.9973E-05 9.9973E-05 9.9973E-05 0.640423 0.359277
9.9982E-05 9.9982E-05 0.146612 0.525183 0.328004
9.99821E-05 9.99821E-05 0.207805 0.77945 0.0125448
9.9982E-05 9.9982E-05 0.144342 0.347138 0.50832
9.9982E-05 9.9982E-05 0.0581531 0.637583 0.304064
9.9982E-05 9.9982E-05 0.118198 0.296127 0.585476
9.9982E-05 9.9982E-05 0.106766 0.647376 0.245658
9.9982E-05 9.9982E-05 0.0251088 0.338131 0.63656
0.0969965 0.0182089 9.9991E-05 0.748955 0.13574
0.113612 9.9991E-05 0.0379873 0.818496 0.0298048
0.103782 9.9982E-05 9.9982E-05 0.790173 0.105845
9.9991E-05 0.033548 0.00634928 0.710548 0.249454
9.9973E-05 0.0648218 9.9973E-05 0.934878 9.9973E-05
9.9973E-05 9.9973E-05 9.9973E-05 0.740083 0.259617
0.0503772 9.9982E-05 9.9982E-05 0.394694 0.554729
0.151511 0.0249223 9.9991E-05 0.709776 0.113691
0.0673256 0.800784 0.046048 0.0857419 9.9991E-05
9.9982E-05 0.690345 0.0787731 9.9982E-05 0.230681
9.9982E-05 0.784358 9.9982E-05 0.0191208 0.196322
0.0915909 0.790309 9.9982E-05 0.1179 9.9982E-05
0.231258 0.696267 9.9991E-05 0.00331664 0.0690579
0.0408638 0.319101 9.99821E-05 9.99821E-05 0.639835
0.0423433 0.558505 0.117298 0.0217914 0.260062
0.0394031 0.546742 0.169853 9.9991E-05 0.243902
0.141957 0.787375 9.9991E-05 0.0667955 0.00377298
9.9982E-05 0.775427 0.024476 9.9982E-05 0.199897
9.9982E-05 0.661843 0.149599 0.188358 9.9982E-05
9.9982E-05 0.528017 0.356921 0.114862 9.9982E-05
0.0507573 0.639106 0.240075 0.0699617 9.9991E-05
0.0852975 0.590213 0.22055 0.082576 0.021364
0.418912 0.406443 9.9982E-05 9.9982E-05 0.174445
0.199407 0.489399 0.247624 0.0257225 0.0378475
9.9982E-05 0.664513 0.195618 0.13967 9.9982E-05
0.0055978 0.594951 0.276205 0.123146 9.9991E-05
9.9991E-05 0.635959 0.309808 0.0136168 0.0405167
0.217768 0.669839 0.0333728 9.9991E-05 0.0789202
0.104972 0.835865 0.0589627 9.9982E-05 9.9982E-05
0.0711869 0.846219 0.0470608 9.9991E-05 0.0354331
9.9982E-05 0.84408 0.064448 9.9982E-05 0.0912717
0.066857 0.788074 9.9991E-05 0.0266402 0.118329
0.105944 0.811156 0.0393125 0.0434866 9.9991E-05
0.205533 0.691161 0.0766821 0.0265244 9.9991E-05
0.0995301 0.832107 9.9982E-05 0.0681627 9.9982E-05
0.0280619 0.844442 0.0128298 0.114566 9.9991E-05
9.9982E-05 0.881248 0.0615033 0.0570483 9.9982E-05
9.9982E-05 0.796622 0.151933 0.051245 9.9982E-05
9.9982E-05 0.939293 0.02183 0.0386773 9.9982E-05
0.148568 0.729664 0.121568 9.9982E-05 9.9982E-05
0.157939 0.756264 9.9982E-05 0.0855974 9.9982E-05
0.0615796 0.791322 0.0938698 9.9991E-05 0.0531281
0.0850686 0.812845 0.0438345 0.0581519 9.9991E-05
0.058418 0.899939 9.9982E-05 0.0414429 9.9982E-05
9.9982E-05 0.897822 0.036431 0.0655468 9.9982E-05
0.0186604 0.921226 9.9991E-05 0.0170764 0.0429368
9.9982E-05 0.649612 0.163576 9.9982E-05 0.186612
9.9982E-05 0.709263 0.0920946 9.9982E-05 0.198442
9.9982E-05 0.798349 0.0657053 9.9982E-05 0.135746
9.9982E-05 0.945433 0.00397332 0.0503936 9.9982E-05
9.9982E-05 0.799467 0.0689254 0.131407 9.9982E-05
9.9982E-05 0.79327 0.136844 0.069686 9.9982E-05
0.033458 0.911857 9.9991E-05 0.0487463 0.0058388
9.9982E-05 0.570918 0.173324 0.255559 9.9982E-05
9.9982E-05 0.565795 9.9982E-05 0.384324 0.0496814
0.0606345 0.883668 9.9982E-05 9.9982E-05 0.0554974
9.9973E-05 0.802063 9.9973E-05 9.9973E-05 0.197637
9.9982E-05 0.692868 0.141572 9.9982E-05 0.16536
9.9982E-05 0.760521 0.109374 9.9982E-05 0.129904
9.9982E-05 0.702947 0.0745491 9.9982E-05 0.222304
0.0447746 0.896624 9.9982E-05 0.0584014 9.9982E-05
9.9982E-05 0.774489 0.113786 9.9982E-05 0.111525
9.9991E-05 0.89522 0.0749042 0.0225847 0.0071916
0.0921998 0.73621 0.095718 9.9991E-05 0.0757726
9.9973E-05 0.835046 9.9973E-05 9.9973E-05 0.164654
9.9982E-05 0.0577908 9.9982E-05 0.267318 0.674692
9.9973E-05 9.9973E-05 9.9973E-05 0.565694 0.434006
0.00212257 9.9982E-05 9.9982E-05 0.481255 0.516423
9.9982E-05 0.100838 9.9982E-05 0.627177 0.271785
9.9982E-05 0.14209 9.9982E-05 0.736089 0.121622
9.9982E-05 0.00484183 9.9982E-05 0.875007 0.119951
9.9982E-05 9.9982E-05 0.0452678 0.545081 0.409451
9.9973E-05 9.9973E-05 9.9973E-05 0.373311 0.626389
9.997E-05 9.997E-05 9.997E-05 9.997E-05 0.9996
9.9982E-05 0.0881537 9.9982E-05 0.754979 0.156667
9.99731E-05 9.99731E-05 0.0379007 0.961799 9.99731E-05
0.0022177 9.9982E-05 0.0591364 0.938446 9.9982E-05
0.00652632 0.0453178 9.9982E-05 0.947956 9.9982E-05
