9.9973E-05 9.9973E-05 0.468125 0.294146 0.136778 0.100651 9.9973E-05
9.9982E-05 0.168305 0.000324095 0.387484 9.9982E-05 0.210438 0.23325
9.999E-05 0.0637995 0.256044 0.160328 0.182679 0.327476 0.00957303
0.0403285 0.0321081 0.220877 0.171985 9.9982E-05 0.534501 9.9982E-05
9.9964E-05 9.9964E-05 0.177958 9.9964E-05 0.593252 0.228389 9.9964E-05
9.9982E-05 0.0261667 0.336028 0.118509 0.0373483 0.481748 9.9982E-05
9.9964E-05 0.0671078 9.9964E-05 0.0364808 9.9964E-05 9.9964E-05 0.896012
0.0759389 9.9973E-05 0.0515485 9.9973E-05 0.217583 9.9973E-05 0.65463
0.154385 9.9973E-05 9.9973E-05 0.000525947 9.9973E-05 0.0485444 0.796245
0.135345 9.9973E-05 0.0670363 9.9973E-05 0.0188816 9.9973E-05 0.778437
0.0232718 9.9973E-05 9.9973E-05 0.0824666 9.9973E-05 0.021291 0.872671
9.9955E-05 9.9955E-05 9.9955E-05 9.9955E-05 0.0809491 9.9955E-05 0.918551
0.370998 9.9964E-05 9.9964E-05 9.9964E-05 0.0111291 9.9964E-05 0.617473
0.369527 9.9964E-05 0.032028 9.9964E-05 9.9964E-05 9.9964E-05 0.598045
0.127866 0.0404548 9.9973E-05 0.0254104 9.9973E-05 9.9973E-05 0.805969
0.0426538 9.99641E-05 9.99641E-05 0.0795874 9.99641E-05 9.99641E-05 0.877359
9.9964E-05 0.153747 0.484537 9.9964E-05 0.361316 9.9964E-05 9.9964E-05
0.0734667 0.602992 0.231863 0.0106775 0.080801 9.9982E-05 9.9982E-05
0.0629658 0.176315 0.641053 9.9973E-05 9.9973E-05 0.119367 9.9973E-05
0.0862334 0.111943 0.529761 9.9982E-05 0.161299 0.110564 9.9982E-05
0.0114735 0.421596 0.262948 9.9982E-05 0.286169 0.0176136 9.9982E-05
0.020091 0.366925 0.549723 9.9973E-05 9.9973E-05 0.0629611 9.9973E-05
9.9973E-05 9.9973E-05 0.494158 0.206294 0.0968687 9.9973E-05 0.202378
0.00429692 9.9973E-05 0.636782 0.209328 0.149293 9.9973E-05 9.9973E-05
9.99731E-05 9.99731E-05 0.822658 0.00440784 0.0965404 0.0760936 9.99731E-05
9.9973E-05 9.9973E-05 0.655791 0.179829 0.0206581 0.143422 9.9973E-05
0.0696468 9.9964E-05 0.543137 9.9964E-05 0.386816 9.9964E-05 9.9964E-05
0.0355157 9.9973E-05 0.50251 9.9973E-05 0.32817 0.133504 9.9973E-05
0.00177983 0.233999 0.103967 0.159141 0.476057 9.9991E-05 0.024956
0.0228836 0.437074 0.135117 0.0185223 0.334424 9.9991E-05 0.0518782
9.9973E-05 0.481152 0.0053157 9.9973E-05 9.9973E-05 0.365172 0.14806
9.998E-05 0.166403 0.124896 9.998E-05 0.213432 0.364215 0.130854
9.9973E-05 0.185854 0.266046 9.9973E-05 0.129241 0.418558 9.9973E-05
9.996E-05 9.996E-05 0.786215 0.16982 9.996E-05 9.996E-05 0.0435658
9.9964E-05 9.9964E-05 0.599603 0.187283 9.9964E-05 9.9964E-05 0.212715
9.9982E-05 0.0951161 0.538443 9.9982E-05 0.247611 0.0390689 0.0795616
0.161927 0.0800306 0.401202 9.9982E-05 9.9982E-05 0.157744 0.198896
0.0292862 9.9982E-05 0.679134 9.9982E-05 0.0975765 0.107553 0.0862509
0.0236037 0.218588 0.545695 0.152185 9.9991E-05 0.0270514 0.0327771
0.0438844 0.104629 0.70106 9.9982E-05 0.0605966 0.0896298 9.9982E-05
9.9964E-05 9.9964E-05 0.184466 0.51259 9.9964E-05 0.302544 9.9964E-05
0.0829983 9.9982E-05 0.213755 0.21712 0.119927 0.366 9.9982E-05
0.105748 0.140672 0.168963 9.9973E-05 9.9973E-05 0.584317 9.9973E-05
0.125214 9.9973E-05 0.160841 0.493076 9.9973E-05 0.220569 9.9973E-05
9.9964E-05 9.9964E-05 0.403104 0.206332 9.9964E-05 0.390164 9.9964E-05
9.9973E-05 0.108801 0.438607 0.0375929 9.9973E-05 0.414699 9.9973E-05
0.092845 0.567042 0.339713 9.9964E-05 9.9964E-05 9.9964E-05 9.9964E-05
0.0267694 0.826719 0.00801811 0.0983803 9.9991E-05 0.0212586 0.0187547
9.9955E-05 0.94263 9.9955E-05 0.05687 9.9955E-05 9.9955E-05 9.9955E-05
9.9964E-05 0.653287 0.0463294 0.299984 9.9964E-05 9.9964E-05 9.9964E-05
0.0274622 0.720656 0.251482 9.99639E-05 9.99639E-05 9.99639E-05 9.99639E-05
0.0872077 0.138487 0.366549 0.373203 9.9982E-05 9.9982E-05 0.0343522
0.0912334 0.38144 0.446576 9.997E-05 0.0804509 9.997E-05 9.997E-05
0.0401104 0.0737683 0.612445 0.273377 9.9973E-05 9.9973E-05 9.9973E-05
0.0224692 0.0707668 0.571139 0.335325 9.9973E-05 9.9973E-05 9.9973E-05
0.0449118 0.00567543 0.631351 9.9982E-05 0.159653 0.158208 9.9982E-05
0.2467 9.9973E-05 0.18036 0.124004 9.9973E-05 9.9973E-05 0.448636
0.370417 9.9973E-05 0.0909475 9.9973E-05 0.108483 9.9973E-05 0.429853
0.887254 9.9982E-05 0.026489 0.052623 0.0265868 9.9982E-05 0.00684762
0.521367 0.0199028 0.0486512 0.132052 9.9982E-05 9.9982E-05 0.277826
0.537804 9.9973E-05 9.9973E-05 0.0319559 9.9973E-05 0.00325071 0.426689
0.589638 0.104754 0.0534522 0.0608158 9.9982E-05 9.9982E-05 0.19114
9.99639E-05 0.272357 9.99639E-05 0.0655508 9.99639E-05 9.99639E-05 0.661692
9.9973E-05 0.00923326 0.0547328 9.9973E-05 9.9973E-05 0.149221 0.786513
0.111988 9.9964E-05 9.9964E-05 9.9964E-05 9.9964E-05 0.0960073 0.791605
0.319501 9.9964E-05 0.0157359 9.9964E-05 9.9964E-05 9.9964E-05 0.664363
0.263383 9.9973E-05 0.178315 9.9973E-05 0.0209225 9.9973E-05 0.53708
0.628631 9.99641E-05 0.0951575 9.99641E-05 9.99641E-05 9.99641E-05 0.275812
0.174579 9.9973E-05 0.0885241 0.115868 9.9973E-05 9.9973E-05 0.620729
0.336461 9.9964E-05 0.0891304 9.9964E-05 9.9964E-05 9.9964E-05 0.574009
9.9982E-05 9.9982E-05 0.0962031 0.00434603 0.00406411 0.118051 0.777136
0.394232 9.9973E-05 0.139166 9.9973E-05 0.00135398 9.9973E-05 0.464948
9.9955E-05 9.9955E-05 9.9955E-05 9.9955E-05 0.0963466 9.9955E-05 0.903154
0.6565 0.104069 9.9982E-05 9.9982E-05 0.0480563 0.00087333 0.190301
0.656453 0.0361254 0.191308 9.9973E-05 9.9973E-05 9.9973E-05 0.115813
0.768078 0.149982 9.9964E-05 9.9964E-05 9.9964E-05 9.9964E-05 0.0815401
0.553831 0.0192419 9.9973E-05 9.9973E-05 9.9973E-05 0.126489 0.300139
0.920389 9.9955E-05 9.9955E-05 9.9955E-05 9.9955E-05 0.0791114 9.9955E-05
0.623472 9.9964E-05 9.9964E-05 0.0346188 9.9964E-05 9.9964E-05 0.341509
0.138226 0.132539 9.9964E-05 9.9964E-05 9.9964E-05 9.9964E-05 0.728836
0.722631 0.162333 9.9973E-05 9.9973E-05 9.9973E-05 0.0189222 0.0958143
0.0119409 0.0296739 0.111916 0.0571752 0.71529 0.0739035 9.9991E-05
0.0555509 9.9964E-05 9.9964E-05 0.823342 0.120707 9.9964E-05 9.9964E-05
0.0740525 9.9964E-05 9.9964E-05 0.665394 0.260153 9.9964E-05 9.9964E-05
0.0168119 0.116555 9.9973E-05 9.9973E-05 0.665622 0.200712 9.9973E-05
9.9955E-05 0.320641 9.9955E-05 9.9955E-05 0.678859 9.9955E-05 9.9955E-05
9.99551E-05 0.663337 9.99551E-05 0.336163 9.99551E-05 9.99551E-05 9.99551E-05
9.99731E-05 0.121473 9.99731E-05 0.223747 9.99731E-05 0.593928 0.0605512
9.9973E-05 0.0991808 9.9973E-05 0.331897 9.9973E-05 0.492479 0.0761437
9.9964E-05 0.100942 9.9964E-05 9.9964E-05 0.263354 0.635304 9.9964E-05
9.9973E-05 0.173467 9.9973E-05 0.215734 0.30851 0.301989 9.9973E-05
0.0283251 9.9964E-05 9.9964E-05 9.9964E-05 0.0967128 0.874562 9.9964E-05
9.9955E-05 9.9955E-05 0.108639 9.9955E-05 9.9955E-05 0.890862 9.9955E-05
9.9964E-05 9.9964E-05 0.133666 9.9964E-05 0.274313 0.59162 9.9964E-05
0.00804102 9.9991E-05 0.0799989 0.0952383 0.0421107 0.734106 0.0404046
9.99549E-05 0.383276 9.99549E-05 9.99549E-05 9.99549E-05 0.616225 9.99549E-05
9.9982E-05 0.175284 0.0683171 0.00577237 0.059164 0.691262 9.9982E-05
0.0321103 9.9964E-05 9.9964E-05 9.9964E-05 0.235351 0.732139 9.9964E-05
0.0172579 9.9973E-05 0.0551033 9.9973E-05 0.186193 0.741146 9.9973E-05
9.9982E-05 9.9982E-05 0.124412 0.142351 0.206714 0.520554 0.005769
9.9973E-05 0.210606 0.0292949 0.262007 0.497792 9.9973E-05 9.9973E-05
9.9973E-05 0.021952 9.9973E-05 0.34203 0.576389 0.0593287 9.9973E-05
9.9973E-05 0.0438646 0.0192669 0.455995 0.480574 9.9973E-05 9.9973E-05
9.9982E-05 0.00838862 0.0140272 0.502548 0.459991 0.0148453 9.9982E-05
9.9982E-05 0.216546 9.9982E-05 0.000247289 0.767698 0.010228 0.00508048
9.9955E-05 9.9955E-05 0.111489 9.9955E-05 0.888011 9.9955E-05 9.9955E-05
9.9964E-05 0.0606138 0.186296 9.9964E-05 0.75269 9.9964E-05 9.9964E-05
9.9964E-05 0.0607995 9.9964E-05 9.9964E-05 0.938658 9.9964E-05 0.000142856
0.0152555 0.0563484 9.9973E-05 9.9973E-05 0.888646 0.0394497 9.9973E-05
9.9964E-05 9.9964E-05 9.9964E-05 0.0444369 0.741269 0.213894 9.9964E-05
9.9973E-05 9.9973E-05 0.0862235 0.0335246 0.769041 0.110911 9.9973E-05
9.9964E-05 9.9964E-05 9.9964E-05 0.0829716 0.811932 0.104696 9.9964E-05
9.998E-05 0.139721 0.047557 0.202408 0.441676 0.168439 9.998E-05
0.0486591 0.045169 9.9982E-05 0.294107 0.495918 0.115946 9.9982E-05
9.9982E-05 0.0868822 0.057912 0.194806 0.478071 0.182129 9.9982E-05
9.9982E-05 0.0261568 0.0244976 0.0984106 0.635864 0.214871 9.9982E-05
9.9973E-05 0.065673 9.9973E-05 0.0609987 0.822526 0.0505023 9.9973E-05
9.9964E-05 9.9964E-05 0.0288256 0.16637 0.804404 9.9964E-05 9.9964E-05
9.9973E-05 0.0667307 9.9973E-05 0.135533 0.632153 0.165283 9.9973E-05
9.9964E-05 9.9964E-05 9.9964E-05 0.732036 0.255377 9.9964E-05 0.0121872
9.9964E-05 9.9964E-05 9.9964E-05 0.635083 0.232109 0.132408 9.9964E-05
0.00951002 9.9973E-05 9.9973E-05 0.368406 0.534313 0.0874705 9.9973E-05
9.9964E-05 9.9964E-05 9.9964E-05 0.0513335 0.75794 0.190326 9.9964E-05
0.0334458 0.0144099 0.0538569 0.00513561 0.731506 0.141743 0.0199026
0.00515312 9.998E-05 0.0676821 0.128974 0.636828 0.161162 9.998E-05
9.9973E-05 0.0309419 9.9973E-05 0.0288412 0.870986 0.0689314 9.9973E-05
0.110386 9.9973E-05 0.144384 9.9973E-05 0.635705 9.9973E-05 0.109225
0.238313 9.9964E-05 9.9964E-05 9.9964E-05 0.662893 9.9964E-05 0.0983937
9.9964E-05 0.106414 9.9964E-05 0.178448 0.714738 9.9964E-05 9.9964E-05
9.99639E-05 0.0568943 9.99639E-05 0.562588 0.380117 9.99639E-05 9.99639E-05
9.9973E-05 9.9973E-05 9.9973E-05 0.457692 0.413536 0.0971738 0.0312978
9.9964E-05 9.9964E-05 9.9964E-05 0.583376 0.346438 0.0697866 9.9964E-05
9.9973E-05 0.0446107 0.0336811 0.807011 0.114397 9.9973E-05 9.9973E-05
9.9964E-05 0.0895697 9.9964E-05 0.0595683 0.850462 9.9964E-05 9.9964E-05
9.9973E-05 9.9973E-05 0.00385855 0.498655 0.406603 0.0905834 9.9973E-05
9.9973E-05 9.9973E-05 0.00441732 0.289252 0.589429 0.116602 9.9973E-05
9.9982E-05 0.1019 0.0244009 0.329977 0.436344 0.107178 9.9982E-05
9.9964E-05 0.0114166 9.9964E-05 0.351992 0.636191 9.9964E-05 9.9964E-05
0.0762055 0.0862558 9.9973E-05 0.190689 9.9973E-05 9.9973E-05 0.64655
0.410453 0.0370541 9.9973E-05 0.0682223 9.9973E-05 9.9973E-05 0.483971
0.350285 0.182249 9.9973E-05 0.000187762 9.9973E-05 9.9973E-05 0.466978
0.670467 0.0893967 9.99729E-05 0.132874 9.99729E-05 9.99729E-05 0.106962
0.697577 0.022718 9.9991E-05 0.0330342 0.0688011 0.0399718 0.137798
0.784828 0.00458671 9.997E-05 9.997E-05 0.012738 9.997E-05 0.197547
0.29951 9.9973E-05 9.9973E-05 0.0762475 9.9973E-05 0.0320936 0.591849
0.0907249 9.9973E-05 9.9973E-05 9.9973E-05 0.021913 0.0308597 0.856203
9.99641E-05 0.145831 9.99641E-05 0.157994 9.99641E-05 9.99641E-05 0.695775
0.634192 0.0343011 9.9973E-05 9.9973E-05 0.108713 9.9973E-05 0.222494
0.935758 9.99551E-05 0.0637418 9.99551E-05 9.99551E-05 9.99551E-05 9.99551E-05
0.952133 9.99551E-05 0.0473669 9.99551E-05 9.99551E-05 9.99551E-05 9.99551E-05
0.922708 0.00627304 0.0459452 9.9973E-05 0.0247737 9.9973E-05 9.9973E-05
