0.0697633 0.0848384 0.218506 0.347188 9.9991E-05 0.279604
0.449311 0.0761134 9.9982E-05 0.278928 9.9982E-05 0.195448
0.121704 0.125498 0.217566 0.184524 9.9991E-05 0.350608
0.0971172 9.9982E-05 0.13987 0.111867 9.9982E-05 0.650946
9.9982E-05 0.486832 0.125743 9.9982E-05 0.0104603 0.376765
9.9973E-05 9.9973E-05 0.246022 0.14229 9.9973E-05 0.611388
0.557475 9.9964E-05 9.9964E-05 9.9964E-05 0.442125 9.9964E-05
0.310194 0.181719 0.0429939 9.9982E-05 0.464894 9.9982E-05
0.351956 9.99639E-05 9.99639E-05 9.99639E-05 0.647644 9.99639E-05
0.382078 9.9964E-05 9.9964E-05 9.9964E-05 0.617522 9.9964E-05
0.442274 9.99729E-05 9.99729E-05 0.029167 0.528259 9.99729E-05
0.480636 0.0197262 9.99729E-05 9.99729E-05 0.499338 9.99729E-05
0.24482 9.9964E-05 9.9964E-05 9.9964E-05 0.754781 9.9964E-05
0.198742 9.9973E-05 0.00112116 9.9973E-05 0.799836 9.9973E-05
0.441714 9.99639E-05 9.99639E-05 9.99639E-05 0.557886 9.99639E-05
0.489414 9.9964E-05 9.9964E-05 9.9964E-05 0.510186 9.9964E-05
0.0672892 0.356514 0.575897 9.9973E-05 9.9973E-05 9.9973E-05
0.375791 0.136833 0.487077 9.9973E-05 9.9973E-05 9.9973E-05
0.0783841 9.9991E-05 0.614603 0.139903 0.0605331 0.106476
9.9982E-05 0.180526 0.622867 9.9982E-05 0.054563 0.141844
0.193845 0.302779 0.503076 9.9973E-05 9.9973E-05 9.9973E-05
0.146487 0.0472173 0.74394 9.9982E-05 9.9982E-05 0.0621551
0.186545 0.134822 0.379568 0.219766 0.012031 0.0672681
9.999E-05 0.080232 0.350921 0.393918 0.0745959 0.100233
9.9982E-05 9.9982E-05 0.549646 0.286947 0.0378425 0.125364
9.9973E-05 9.9973E-05 0.5606 0.255363 9.9973E-05 0.183737
9.9973E-05 0.333636 0.618843 9.9973E-05 0.0472208 9.9973E-05
9.9982E-05 0.374769 0.398782 9.9982E-05 0.0854134 0.140835
0.210167 0.555926 0.199812 0.0338944 9.9982E-05 9.9982E-05
0.248823 0.47021 0.280667 9.99731E-05 9.99731E-05 9.99731E-05
0.5318 9.9973E-05 0.160361 9.9973E-05 9.9973E-05 0.307539
0.290536 0.173811 0.193277 9.9982E-05 9.9982E-05 0.342177
0.184016 0.100714 0.276046 9.9982E-05 9.9982E-05 0.439023
9.9982E-05 9.9982E-05 0.508738 0.379478 0.0825287 0.0290556
0.316714 9.9973E-05 0.464995 0.217991 9.9973E-05 9.9973E-05
0.0997356 0.267246 0.580893 9.9991E-05 0.00310572 0.0489197
0.200037 9.9982E-05 0.314161 9.9982E-05 0.256596 0.229006
0.0312732 9.9991E-05 0.563372 0.185523 0.0898199 0.129912
0.0997094 9.9991E-05 0.535741 0.304809 0.0288602 0.0307807
0.0304224 0.0932404 0.730013 0.0110426 9.9991E-05 0.135181
0.0397013 9.9982E-05 0.118503 0.582518 9.9982E-05 0.259078
9.9991E-05 0.145511 0.21454 0.239564 0.0382334 0.362052
0.0229004 0.00816224 0.187351 0.0676917 0.12941 0.584484
9.9973E-05 9.9973E-05 9.9973E-05 0.574989 0.178414 0.246296
0.00197387 9.9982E-05 0.301319 0.268094 9.9982E-05 0.428414
0.0608104 9.9982E-05 0.387833 0.0768292 9.9982E-05 0.474328
0.34446 9.9964E-05 0.65514 9.9964E-05 9.9964E-05 9.9964E-05
0.583264 0.186598 0.229838 9.9973E-05 9.9973E-05 9.9973E-05
0.731835 0.0759615 0.191904 9.9973E-05 9.9973E-05 9.9973E-05
0.444194 0.152144 0.217091 0.186371 9.9982E-05 9.9982E-05
0.416668 0.0626643 0.520368 9.9973E-05 9.9973E-05 9.9973E-05
0.0690298 9.9982E-05 0.401781 0.449855 0.0791346 9.9982E-05
0.189866 0.150769 0.657838 9.9982E-05 0.00132743 9.9982E-05
9.9973E-05 9.9973E-05 0.511971 0.449672 0.0380563 9.9973E-05
9.9973E-05 9.9973E-05 0.529027 0.455205 0.0154679 9.9973E-05
9.9982E-05 0.0976146 0.660526 9.9982E-05 0.0106201 0.231039
0.165857 9.9982E-05 0.0637694 0.180735 0.589439 9.9982E-05
0.118652 0.0706327 0.00404719 0.0561953 0.750373 9.9991E-05
9.9991E-05 0.0367643 0.0121647 0.0149692 0.91725 0.0187519
0.181979 9.9982E-05 0.0350569 0.0632706 0.719493 9.9982E-05
0.156735 9.9973E-05 9.9973E-05 9.9973E-05 0.815245 0.0277203
0.171713 0.0167696 0.0944312 9.9982E-05 0.716886 9.9982E-05
0.805154 9.99639E-05 9.99639E-05 9.99639E-05 0.194446 9.99639E-05
0.493915 9.9982E-05 0.00046297 9.9982E-05 0.419478 0.0859439
0.410284 9.99729E-05 9.99729E-05 9.99729E-05 0.55632 0.0330967
0.251197 9.9964E-05 9.9964E-05 9.9964E-05 0.748403 9.9964E-05
0.246353 0.0158093 0.11921 9.9982E-05 0.618428 9.9982E-05
9.99641E-05 9.99641E-05 9.99641E-05 0.0809502 0.91865 9.99641E-05
0.44511 9.9973E-05 9.9973E-05 9.9973E-05 0.535577 0.0190129
0.21026 9.9982E-05 0.0308485 0.00731489 0.751377 9.9982E-05
0.442903 9.9982E-05 9.9982E-05 0.0377047 0.451471 0.0677214
0.144126 0.0718156 0.0522972 9.9982E-05 0.731561 9.9982E-05
0.515722 9.99639E-05 9.99639E-05 9.99639E-05 0.483878 9.99639E-05
0.0689971 0.069063 0.0704668 9.9982E-05 0.791273 9.9982E-05
0.00466324 0.00758546 0.18997 9.9982E-05 0.797581 9.9982E-05
0.105506 9.9982E-05 0.110131 9.9982E-05 0.7603 0.0238625
0.167265 9.9973E-05 9.9973E-05 9.9973E-05 0.761871 0.0705643
9.9964E-05 9.9964E-05 9.9964E-05 9.9964E-05 0.918168 0.0814319
0.110688 9.9982E-05 0.00445274 0.0434513 0.841208 9.9982E-05
0.477941 9.99729E-05 0.015646 9.99729E-05 0.506113 9.99729E-05
0.115455 0.00156661 9.9982E-05 9.9982E-05 0.788442 0.0943363
9.9991E-05 0.784702 0.106059 0.0234619 0.025156 0.0605207
9.9973E-05 0.177287 9.9973E-05 0.76826 0.0541524 9.9973E-05
9.9973E-05 0.24905 9.9973E-05 0.681193 0.0694572 9.9973E-05
0.011555 0.751794 0.0935881 9.9991E-05 0.0553847 0.0875777
0.156044 0.769821 0.0738348 9.9973E-05 9.9973E-05 9.9973E-05
0.717221 0.215884 9.99731E-05 0.0665948 9.99731E-05 9.99731E-05
0.255188 9.99731E-05 9.99731E-05 0.0733344 9.99731E-05 0.671178
0.23423 9.9973E-05 9.9973E-05 0.231917 9.9973E-05 0.533553
0.106747 0.299418 9.9973E-05 9.9973E-05 9.9973E-05 0.593535
0.179118 0.381962 9.9982E-05 0.175062 9.9982E-05 0.263658
9.9973E-05 0.153685 9.9973E-05 9.9973E-05 0.0721282 0.773887
9.9964E-05 9.9964E-05 0.0381468 9.9964E-05 9.9964E-05 0.961453
0.000430661 0.226557 0.0609423 9.9991E-05 0.0162218 0.695748
0.0678149 0.124744 0.0625626 0.0146312 0.014911 0.715336
0.359608 9.9964E-05 9.9964E-05 9.9964E-05 9.9964E-05 0.639992
0.124663 0.0287569 0.088661 9.9982E-05 9.9982E-05 0.757719
9.9973E-05 0.204981 9.9973E-05 9.9973E-05 0.0667412 0.727978
9.9982E-05 0.16934 0.0198413 9.9982E-05 0.0300416 0.780577
9.9991E-05 0.110735 0.00598723 0.2327 0.0176868 0.632792
0.110002 0.556309 0.089862 0.243628 9.9982E-05 9.9982E-05
9.9982E-05 0.543365 0.00166758 0.350487 9.9982E-05 0.10428
9.9973E-05 0.492543 0.0344204 0.472736 9.9973E-05 9.9973E-05
0.000379794 0.51539 9.9973E-05 0.48393 9.9973E-05 9.9973E-05
0.148147 0.816866 9.9982E-05 9.9982E-05 0.0102761 0.0245108
9.9973E-05 0.868368 0.127017 9.9973E-05 9.9973E-05 0.00431562
9.9964E-05 0.75525 0.244351 9.9964E-05 9.9964E-05 9.9964E-05
9.9973E-05 0.947166 0.0352478 9.9973E-05 0.0172864 9.9973E-05
9.9973E-05 0.813437 9.9973E-05 9.9973E-05 0.0546038 0.131659
9.9973E-05 0.673111 9.9973E-05 0.000184588 9.9973E-05 0.326404
9.9982E-05 0.736886 0.0565975 0.0460103 9.9982E-05 0.160307
9.9973E-05 0.860443 9.9973E-05 0.0220211 9.9973E-05 0.117236
0.0560529 0.357189 0.0656795 0.216294 9.9991E-05 0.304685
9.9991E-05 0.532209 0.0672251 0.224499 0.0445968 0.131371
0.118891 0.546967 0.0418848 0.0527269 9.9991E-05 0.23943
0.0621378 0.745431 0.00679242 0.0369812 9.9991E-05 0.148558
0.0148024 0.82812 9.9982E-05 0.075434 9.9982E-05 0.0814437
9.9973E-05 0.864252 0.0436333 0.0918151 9.9973E-05 9.9973E-05
0.0600509 0.774376 9.9973E-05 9.9973E-05 9.9973E-05 0.165273
0.0331288 0.31758 9.9973E-05 0.648991 9.9973E-05 9.9973E-05
0.00710953 0.159727 9.9982E-05 0.652535 9.9982E-05 0.180429
0.0178147 0.580809 9.9982E-05 0.341705 9.9982E-05 0.0594721
9.9973E-05 0.628799 9.9973E-05 0.0450393 9.9973E-05 0.325861
9.9982E-05 0.66193 0.0298947 9.9982E-05 0.064432 0.243543
9.9982E-05 0.589996 9.9982E-05 0.140264 0.0237307 0.245809
0.0308889 0.861128 0.00686582 9.9991E-05 0.0255374 0.0754794
9.9982E-05 0.586187 0.0282347 0.0927714 0.292607 9.9982E-05
9.9973E-05 0.585298 9.9973E-05 9.9973E-05 0.339444 0.0749587
0.109156 0.885255 9.9982E-05 0.00348952 9.9982E-05 0.00189997
0.0655021 0.400233 9.9973E-05 0.533965 9.9973E-05 9.9973E-05
0.0611698 0.380887 9.9982E-05 0.429894 9.9982E-05 0.12785
9.9973E-05 0.390101 9.9973E-05 0.583423 9.9973E-05 0.0261764
0.0663569 0.163794 9.9973E-05 0.769549 9.9973E-05 9.9973E-05
9.9973E-05 0.957647 9.9973E-05 0.0382911 0.00376204 9.9973E-05
0.00479474 0.400269 9.9982E-05 0.533658 9.9982E-05 0.0610785
9.9973E-05 0.60543 9.9973E-05 0.277766 9.9973E-05 0.116504
0.0662373 0.444278 9.9982E-05 0.29775 9.9982E-05 0.191534
0.0603944 0.644217 9.9973E-05 0.295089 9.9973E-05 9.9973E-05
0.569152 9.9973E-05 9.9973E-05 0.05256 0.377988 9.9973E-05
0.319255 9.99639E-05 9.99639E-05 9.99639E-05 0.680345 9.99639E-05
0.38037 9.9973E-05 0.0292118 9.9973E-05 0.590118 9.9973E-05
0.104605 0.0307651 0.03517 0.0246723 0.720482 0.0843063
0.0728777 0.0814681 9.9982E-05 9.9982E-05 0.812243 0.0332109
0.0387147 0.026846 9.9973E-05 9.9973E-05 0.934139 9.9973E-05
0.284251 9.9982E-05 9.9982E-05 0.0570556 0.656496 0.0019972
0.492964 9.99639E-05 9.99639E-05 9.99639E-05 0.506636 9.99639E-05
0.888964 9.99641E-05 9.99641E-05 9.99641E-05 0.110636 9.99641E-05
0.0917822 0.120724 9.9973E-05 9.9973E-05 0.787194 9.9973E-05
9.99641E-05 9.99641E-05 0.0648605 9.99641E-05 0.93474 9.99641E-05
9.99641E-05 9.99641E-05 0.0507644 9.99641E-05 0.948836 9.99641E-05
9.9982E-05 0.0282276 0.0316927 9.9982E-05 0.906528 0.033352
