0.258412 0.0307862 0.00298061 9.99639E-05 0.432518 9.99639E-05 9.99639E-05 0.274903 9.99639E-05
9.9973E-05 0.32621 0.159393 0.0341848 0.266077 0.101358 9.9973E-05 0.112477 9.9973E-05
0.037407 0.143375 9.9973E-05 0.23807 0.272582 9.9973E-05 0.0713605 0.236906 9.9973E-05
0.515467 0.066547 0.0409723 0.320932 9.9973E-05 9.9973E-05 0.0350849 9.9973E-05 0.0206964
9.9964E-05 9.9964E-05 0.00553135 0.384873 0.129647 9.9964E-05 0.0458935 0.433655 9.9964E-05
0.288501 9.9973E-05 0.057004 0.415982 0.0946766 9.9973E-05 0.136578 0.00695872 9.9973E-05
0.110191 9.9937E-05 9.9937E-05 9.9937E-05 9.9937E-05 0.88911 9.9937E-05 9.9937E-05 9.9937E-05
9.9964E-05 9.9964E-05 0.0294681 9.9964E-05 9.9964E-05 0.657715 0.189261 0.116449 0.00670685
0.0474181 9.9964E-05 0.028503 0.0292729 9.9964E-05 0.799161 9.9964E-05 9.9964E-05 0.0952453
0.0733202 9.9955E-05 9.9955E-05 9.9955E-05 9.9955E-05 0.853048 0.0415402 9.9955E-05 0.031592
0.0822744 9.9946E-05 0.0226078 9.9946E-05 9.9946E-05 0.894518 9.9946E-05 9.9946E-05 9.9946E-05
9.9955E-05 9.9955E-05 0.0228857 9.9955E-05 0.113715 0.836527 9.9955E-05 0.0263734 9.9955E-05
0.0285076 9.9955E-05 9.9955E-05 9.9955E-05 9.9955E-05 0.685581 9.9955E-05 0.0159868 0.269425
9.9946E-05 9.9946E-05 9.9946E-05 9.9946E-05 9.9946E-05 0.645735 0.0764685 9.9946E-05 0.277197
0.0484976 9.99668E-05 0.0020986 9.99668E-05 9.99668E-05 0.828034 9.99668E-05 0.0464808 0.074489
9.99461E-05 9.99461E-05 0.0871149 9.99461E-05 9.99461E-05 0.893321 0.0189645 9.99461E-05 9.99461E-05
9.996E-05 9.996E-05 0.0991392 0.129984 0.153082 9.996E-05 0.437069 0.180326 9.996E-05
0.0482107 0.199856 0.0895738 9.9964E-05 9.9964E-05 0.0166683 0.645292 9.9964E-05 9.9964E-05
0.0103191 9.9955E-05 9.9955E-05 0.242152 0.33639 9.9955E-05 0.410639 9.9955E-05 9.9955E-05
0.126628 9.9964E-05 9.9964E-05 0.25052 0.0124966 9.9964E-05 0.558041 0.0519141 9.9964E-05
0.160692 0.161693 9.99549E-05 9.99549E-05 9.99549E-05 9.99549E-05 0.491303 0.185813 9.99549E-05
0.351782 0.0171433 9.99459E-05 9.99459E-05 9.99459E-05 9.99459E-05 0.630475 9.99459E-05 9.99459E-05
9.9964E-05 0.0674271 0.0381931 9.9964E-05 0.700765 0.058279 9.9964E-05 0.134936 9.9964E-05
0.0601554 9.9955E-05 0.0468165 9.9955E-05 0.676026 9.9955E-05 9.9955E-05 0.216502 9.9955E-05
0.118959 9.99551E-05 9.99551E-05 0.172592 0.68866 9.99551E-05 0.0192891 9.99551E-05 9.99551E-05
0.692307 9.9964E-05 0.0192019 9.9964E-05 0.0827609 9.9964E-05 0.159657 0.0456735 9.9964E-05
9.9964E-05 9.9964E-05 9.9964E-05 0.0244331 0.210891 9.9964E-05 0.361051 0.355634 0.0475913
0.102719 9.9973E-05 9.9973E-05 0.180633 0.220087 9.9973E-05 0.158759 0.29408 0.0434216
0.0409244 0.145729 0.0653957 9.9973E-05 9.9973E-05 0.0214713 0.221843 0.504337 9.9973E-05
0.120016 0.249143 9.9964E-05 9.9964E-05 9.9964E-05 0.0986515 0.191282 0.340508 9.9964E-05
9.9955E-05 0.396122 9.9955E-05 0.18279 9.9955E-05 0.0390339 0.381554 9.9955E-05 9.9955E-05
9.99639E-05 0.0931688 9.99639E-05 0.347616 9.99639E-05 0.0274238 0.38224 0.149152 9.99639E-05
0.0619051 0.0324526 9.9964E-05 0.353581 9.9964E-05 9.9964E-05 0.430752 0.120909 9.9964E-05
0.231403 9.99369E-05 9.99369E-05 9.99369E-05 0.767897 9.99369E-05 9.99369E-05 9.99369E-05 9.99369E-05
9.99369E-05 0.197844 9.99369E-05 9.99369E-05 0.801457 9.99369E-05 9.99369E-05 9.99369E-05 9.99369E-05
0.054126 0.00339377 9.9973E-05 0.0375651 0.287293 9.9973E-05 0.360628 0.256694 9.9973E-05
9.9964E-05 0.19408 9.9964E-05 0.0564946 0.424855 9.9964E-05 0.0705438 9.9964E-05 0.253627
9.996E-05 9.996E-05 9.996E-05 0.133791 0.631208 9.996E-05 0.186653 0.0260956 0.0218534
0.203381 0.139328 0.0145667 9.9973E-05 0.405208 9.9973E-05 0.177461 9.9973E-05 0.0597551
0.00296309 9.9964E-05 9.9964E-05 0.120575 0.36548 9.9964E-05 0.464828 0.0457544 9.9964E-05
0.686173 0.0305718 0.282655 9.9946E-05 9.9946E-05 9.9946E-05 9.9946E-05 9.9946E-05 9.9946E-05
0.527493 0.0414018 0.0793161 0.113502 9.9973E-05 9.9973E-05 9.9973E-05 0.144678 0.0933085
0.51708 0.0972308 9.9964E-05 0.257168 9.9964E-05 9.9964E-05 9.9964E-05 0.00253948 0.125581
0.22079 9.9964E-05 0.472605 0.170932 0.0196319 9.9964E-05 9.9964E-05 9.9964E-05 0.11564
0.990391 9.9937E-05 9.9937E-05 9.9937E-05 9.9937E-05 9.9937E-05 9.9937E-05 0.00890928 9.9937E-05
0.857299 0.0367099 9.9964E-05 0.0161726 9.9964E-05 9.9964E-05 0.0571276 9.9964E-05 0.0322912
9.9946E-05 0.186082 9.9946E-05 9.9946E-05 9.9946E-05 0.00213763 0.81118 9.9946E-05 9.9946E-05
9.99459E-05 0.457704 0.0848182 9.99459E-05 9.99459E-05 9.99459E-05 0.456878 9.99459E-05 9.99459E-05
9.99369E-05 0.723302 9.99369E-05 9.99369E-05 9.99369E-05 9.99369E-05 0.275998 9.99369E-05 9.99369E-05
0.0748354 0.579031 0.102574 9.9964E-05 9.9964E-05 9.9964E-05 0.208081 0.035079 9.9964E-05
0.0507767 0.416563 9.99459E-05 9.99459E-05 9.99459E-05 9.99459E-05 0.532061 9.99459E-05 9.99459E-05
0.0644872 9.9964E-05 0.344494 9.9964E-05 0.107792 0.0588278 0.424 9.9964E-05 9.9964E-05
9.9973E-05 0.0743281 0.0835377 9.9973E-05 0.0502992 9.9973E-05 0.709929 0.0750519 0.00655404
0.129028 9.9955E-05 0.285672 9.9955E-05 0.128385 9.9955E-05 0.456416 9.9955E-05 9.9955E-05
0.0138229 9.99549E-05 0.300611 9.99549E-05 0.178804 9.99549E-05 0.506262 9.99549E-05 9.99549E-05
0.211938 9.9973E-05 9.9973E-05 0.164919 0.0421733 9.9973E-05 0.47747 0.0763876 0.0268111
9.9964E-05 0.0334284 0.00393881 9.9964E-05 0.339569 0.353547 9.9964E-05 9.9964E-05 0.269117
0.0823012 9.9964E-05 9.9964E-05 9.9964E-05 0.110946 0.361846 9.9964E-05 0.0277643 0.416743
9.9946E-05 9.9946E-05 0.0368017 9.9946E-05 0.0380955 9.9946E-05 9.9946E-05 9.9946E-05 0.924503
9.9955E-05 9.9955E-05 0.123534 9.9955E-05 9.9955E-05 0.321224 0.0897234 9.9955E-05 0.465019
9.9946E-05 9.9946E-05 0.0840947 9.9946E-05 9.9946E-05 0.345581 9.9946E-05 9.9946E-05 0.569724
9.9964E-05 0.066796 0.0391767 9.9964E-05 9.9964E-05 0.150274 0.137951 9.9964E-05 0.605402
9.99459E-05 0.327695 9.99459E-05 9.99459E-05 0.0680563 0.603649 9.99459E-05 9.99459E-05 9.99459E-05
9.995E-05 9.995E-05 9.995E-05 0.154104 0.0477501 0.705022 0.0926238 9.995E-05 9.995E-05
9.9955E-05 9.9955E-05 9.9955E-05 0.106925 0.00901811 0.844415 9.9955E-05 9.9955E-05 0.039142
0.0431644 9.9955E-05 9.9955E-05 9.9955E-05 0.0041114 0.713044 9.9955E-05 9.9955E-05 0.23918
0.122617 9.9964E-05 9.9964E-05 9.9964E-05 0.106965 0.529867 0.0606181 9.9964E-05 0.179533
9.99462E-05 9.99462E-05 9.99462E-05 9.99462E-05 0.159602 0.246675 9.99462E-05 9.99462E-05 0.593123
9.9955E-05 0.0738439 9.9955E-05 9.9955E-05 0.196047 0.579289 9.9955E-05 9.9955E-05 0.15032
9.9946E-05 9.9946E-05 9.9946E-05 9.9946E-05 0.163219 0.550747 9.9946E-05 9.9946E-05 0.285434
9.9955E-05 0.0938809 9.9955E-05 0.0670555 0.208808 0.629756 9.9955E-05 9.9955E-05 9.9955E-05
9.9955E-05 9.9955E-05 9.9955E-05 9.9955E-05 0.203657 0.445409 9.9955E-05 0.0040803 0.346353
9.9946E-05 9.9946E-05 9.9946E-05 9.9946E-05 0.139667 0.827318 9.9946E-05 0.0324148 9.9946E-05
9.9964E-05 9.9964E-05 9.9964E-05 0.0213727 9.9964E-05 0.229255 0.126685 0.0172841 0.605003
0.10071 9.9964E-05 9.9964E-05 9.9964E-05 0.000478062 0.156143 0.0994058 9.9964E-05 0.642863
0.0487279 0.0950363 9.9982E-05 9.9982E-05 0.0429825 0.0213041 0.0136109 0.00689168 0.771247
9.9955E-05 0.00297935 9.9955E-05 0.155154 9.9955E-05 0.374466 9.9955E-05 9.9955E-05 0.466901
9.9937E-05 9.9937E-05 9.9937E-05 0.0395582 9.9937E-05 9.9937E-05 9.9937E-05 9.9937E-05 0.959742
9.9946E-05 9.9946E-05 0.0482439 9.9946E-05 9.9946E-05 0.298449 9.9946E-05 9.9946E-05 0.652707
9.9964E-05 0.0516588 9.9964E-05 9.9964E-05 0.032506 0.750933 0.110012 9.9964E-05 0.0544902
0.133875 0.0802669 9.9955E-05 9.9955E-05 9.9955E-05 0.069963 9.9955E-05 9.9955E-05 0.715395
0.131445 9.99641E-05 9.99641E-05 9.99641E-05 0.026245 9.99641E-05 0.0443243 0.794109 0.00347617
0.0382979 9.995E-05 0.843428 9.995E-05 9.995E-05 9.995E-05 0.0524039 9.995E-05 0.0653703
9.9946E-05 9.9946E-05 0.877305 9.9946E-05 9.9946E-05 9.9946E-05 9.9946E-05 0.000360534 0.121735
9.9964E-05 0.0526594 9.9964E-05 0.205879 9.9964E-05 0.060638 0.0014154 0.679008 9.9964E-05
0.0582686 0.24781 9.9955E-05 9.9955E-05 9.9955E-05 0.00944452 9.9955E-05 0.683977 9.9955E-05
9.9937E-05 0.997477 9.9937E-05 9.9937E-05 9.9937E-05 9.9937E-05 9.9937E-05 0.00182359 9.9937E-05
0.0862409 0.305367 0.102452 0.445523 9.9973E-05 0.0310706 9.9973E-05 0.0290469 9.9973E-05
0.0656534 0.301416 0.11175 0.393884 0.112797 0.0142001 9.9973E-05 9.9973E-05 9.9973E-05
0.0370334 0.111472 0.0201702 0.6064 9.9964E-05 9.9964E-05 9.9964E-05 0.224525 9.9964E-05
9.99549E-05 0.309716 0.188133 0.379536 9.99549E-05 9.99549E-05 9.99549E-05 0.122116 9.99549E-05
9.996E-05 9.996E-05 0.0495153 0.916458 9.996E-05 0.0170959 9.996E-05 0.0041716 0.0123597
0.0722745 9.9946E-05 9.9946E-05 0.9065 9.9946E-05 9.9946E-05 0.0206257 9.9946E-05 9.9946E-05
0.0695774 9.9964E-05 9.9964E-05 0.571554 0.1005 9.9964E-05 0.0169951 0.240973 9.9964E-05
9.9964E-05 0.0603699 0.0799464 0.798006 0.00344047 9.9964E-05 0.0578372 9.9964E-05 9.9964E-05
0.0821017 0.403286 9.99639E-05 0.479885 9.99639E-05 0.0206133 0.0137141 9.99639E-05 9.99639E-05
0.15287 0.158119 9.997E-05 0.594165 0.0616918 9.997E-05 0.0100143 0.0228394 9.997E-05
0.0558925 9.9955E-05 9.9955E-05 0.723236 9.9955E-05 0.0221272 9.9955E-05 0.198245 9.9955E-05
9.9973E-05 9.9973E-05 9.9973E-05 0.827789 0.0637687 0.000320654 0.0124343 0.0802338 0.015154
0.210197 9.996E-05 0.199609 0.47732 9.996E-05 0.0340898 9.996E-05 0.0783843 9.996E-05
0.0597077 0.198882 0.162487 9.9973E-05 0.00665668 9.9973E-05 0.0638695 0.508097 9.9973E-05
0.176555 9.9946E-05 0.271924 9.9946E-05 9.9946E-05 9.9946E-05 9.9946E-05 0.55092 9.9946E-05
9.9955E-05 0.0203603 0.386805 9.9955E-05 0.110687 9.9955E-05 9.9955E-05 0.481648 9.9955E-05
0.0481911 9.9964E-05 0.547192 0.0618902 9.9964E-05 9.9964E-05 0.00943157 0.332895 9.9964E-05
9.99639E-05 0.22114 9.99639E-05 0.0686892 9.99639E-05 0.0283685 9.99639E-05 0.668234 0.0131682
0.0857953 9.9955E-05 9.9955E-05 9.9955E-05 0.0394839 9.9955E-05 0.0216051 0.852616 9.9955E-05
9.9946E-05 9.9946E-05 9.9946E-05 9.9946E-05 0.125602 9.9946E-05 0.10905 0.764748 9.9946E-05
9.99371E-05 9.99371E-05 9.99371E-05 9.99371E-05 9.99371E-05 0.0270532 9.99371E-05 0.972247 9.99371E-05
9.996E-05 0.0490772 9.996E-05 0.0859697 0.0521881 9.996E-05 9.996E-05 0.793387 0.0189785
9.99459E-05 9.99459E-05 0.048672 0.309302 9.99459E-05 9.99459E-05 9.99459E-05 0.641427 9.99459E-05
0.0436556 9.9964E-05 0.031433 0.13524 0.061958 9.9964E-05 9.9964E-05 0.727314 9.9964E-05
9.9955E-05 9.9955E-05 0.0960027 0.109455 0.031728 9.9955E-05 9.9955E-05 0.762314 9.9955E-05
0.357035 0.10311 0.054236 9.99549E-05 9.99549E-05 9.99549E-05 9.99549E-05 0.485119 9.99549E-05
9.9955E-05 9.9955E-05 0.316105 0.166941 9.9955E-05 9.9955E-05 0.193445 0.323009 9.9955E-05
9.9964E-05 0.0897794 0.0696419 0.166177 0.117743 9.9964E-05 9.9964E-05 0.556259 9.9964E-05
9.99641E-05 0.0536838 0.0799505 0.18368 0.0520357 9.99641E-05 9.99641E-05 0.63025 9.99641E-05
0.142222 0.0781038 9.99461E-05 9.99461E-05 9.99461E-05 9.99461E-05 9.99461E-05 0.779074 9.99461E-05
9.9955E-05 9.9955E-05 0.0903907 0.0330093 0.0899674 9.9955E-05 9.9955E-05 0.786133 9.9955E-05
0.034867 0.112257 0.0114863 0.161145 9.99639E-05 9.99639E-05 9.99639E-05 0.679845 9.99639E-05
9.9955E-05 0.0133948 0.686789 9.9955E-05 0.186225 9.9955E-05 9.9955E-05 0.113091 9.9955E-05
9.9946E-05 0.0202286 0.739684 0.239487 9.9946E-05 9.9946E-05 9.9946E-05 9.9946E-05 9.9946E-05
9.9955E-05 9.9955E-05 0.470993 0.227046 9.9955E-05 9.9955E-05 0.0542742 0.247187 9.9955E-05
0.0454123 9.9955E-05 0.133438 0.163785 9.9955E-05 9.9955E-05 9.9955E-05 0.656866 9.9955E-05
9.9973E-05 9.9973E-05 0.0522808 0.286603 0.00227976 0.0531092 0.041601 0.563826 9.9973E-05
9.9955E-05 9.9955E-05 0.0961906 0.159933 0.163012 9.9955E-05 9.9955E-05 0.580364 9.9955E-05
9.996E-05 9.996E-05 0.121642 0.132848 9.996E-05 0.00985781 0.0119325 0.72332 9.996E-05
9.9955E-05 9.9955E-05 9.9955E-05 9.9955E-05 0.24514 0.0245528 9.9955E-05 0.562909 0.166898
9.9964E-05 9.9964E-05 0.027834 0.0809375 9.9964E-05 0.0558336 9.9964E-05 0.549607 0.285388
9.996E-05 0.124306 0.164143 0.038508 9.996E-05 9.996E-05 0.0364108 0.636232 9.996E-05
0.0166719 0.110813 0.58301 9.9964E-05 9.9964E-05 9.9964E-05 0.0141072 0.274997 9.9964E-05
0.0245354 0.0599114 0.38694 0.069263 0.0947121 0.00883159 9.998E-05 0.355607 9.998E-05
0.115646 9.9955E-05 0.46135 9.9955E-05 0.0722901 9.9955E-05 9.9955E-05 0.350214 9.9955E-05
0.0591781 0.126803 0.653335 9.9955E-05 9.9955E-05 9.9955E-05 9.9955E-05 0.160184 9.9955E-05
0.024932 0.0910198 0.0412577 9.9955E-05 9.9955E-05 9.9955E-05 9.9955E-05 0.842291 9.9955E-05
0.148397 9.9955E-05 0.544592 0.0363722 9.9955E-05 9.9955E-05 9.9955E-05 0.27014 9.9955E-05
0.118715 9.9964E-05 0.262284 0.106096 9.9964E-05 0.00110191 9.9964E-05 0.511404 9.9964E-05
0.0546748 0.130294 0.262182 0.1111 9.9973E-05 9.9973E-05 0.0417093 0.39974 9.9973E-05
9.9946E-05 0.114431 0.363394 9.9946E-05 9.9946E-05 9.9946E-05 9.9946E-05 0.521576 9.9946E-05
9.9955E-05 0.195936 0.171032 9.9955E-05 9.9955E-05 0.455502 9.9955E-05 9.9955E-05 0.17703
9.9955E-05 9.9955E-05 9.9955E-05 0.0405953 0.0262261 0.54389 9.9955E-05 9.9955E-05 0.388789
0.0670647 0.111987 9.9964E-05 9.9964E-05 9.9964E-05 0.549597 0.0256517 9.9964E-05 0.2453
9.99549E-05 0.15565 0.039665 9.99549E-05 9.99549E-05 0.0840765 9.99549E-05 9.99549E-05 0.720109
9.9973E-05 0.0968777 0.0456307 0.0300133 9.9973E-05 0.0372094 9.9973E-05 0.0285938 0.761375
9.9955E-05 0.0311468 9.9955E-05 9.9955E-05 9.9955E-05 0.104161 9.9955E-05 0.00618185 0.85801
9.9955E-05 9.9955E-05 0.0811072 0.0137759 9.9955E-05 0.576793 9.9955E-05 9.9955E-05 0.327824
9.9964E-05 0.0775651 9.9964E-05 0.054118 0.0554228 0.737475 9.9964E-05 9.9964E-05 0.0750196
9.99372E-05 0.459951 9.99372E-05 9.99372E-05 9.99372E-05 0.53935 9.99372E-05 9.99372E-05 9.99372E-05
9.9964E-05 0.0184419 9.9964E-05 0.037686 9.9964E-05 0.23424 9.9964E-05 0.0624874 0.646744
9.99372E-05 9.99372E-05 9.99372E-05 9.99372E-05 9.99372E-05 9.99372E-05 0.0590127 9.99372E-05 0.940288
0.00863893 9.9955E-05 9.9955E-05 9.9955E-05 0.0251746 9.9955E-05 0.00294666 9.9955E-05 0.96274
9.99551E-05 9.99551E-05 9.99551E-05 0.0965893 9.99551E-05 0.0121921 0.00758593 9.99551E-05 0.883133
