9.9991E-05 0.517625 0.0211295 0.373997 0.0871483
9.999E-05 0.0610865 0.20227 0.406215 0.330328
9.999E-05 0.411511 0.0999013 0.417388 0.0710995
0.0455917 0.436283 0.160838 0.357187 9.9991E-05
0.0458713 0.309491 9.9982E-05 0.644437 9.9982E-05
0.0123733 0.579342 0.00663687 0.401548 9.9991E-05
0.0508197 9.9982E-05 0.0435081 9.9982E-05 0.905472
0.196628 0.0441092 0.017693 0.147834 0.593736
0.312501 9.9991E-05 0.00595918 0.00326661 0.678173
0.220806 0.00642471 9.9982E-05 9.9982E-05 0.772569
0.11557 9.9982E-05 9.9982E-05 0.0120496 0.872181
0.058649 0.0454871 9.9991E-05 0.0064935 0.88927
0.455257 9.9973E-05 9.9973E-05 9.9973E-05 0.544443
0.50317 9.9973E-05 9.9973E-05 9.9973E-05 0.49653
0.206367 0.00634243 0.0394155 9.9991E-05 0.747775
0.0858061 9.9982E-05 9.9982E-05 0.0170141 0.89698
0.0162959 0.566802 0.177441 0.239361 9.9991E-05
0.100235 0.26111 0.638456 9.9982E-05 9.9982E-05
0.0829659 0.699525 0.217309 9.9982E-05 9.9982E-05
0.0960113 0.704327 0.116126 0.0834358 9.9991E-05
0.0822539 0.392837 0.443521 0.0812879 9.9991E-05
0.0722659 0.562783 0.364751 9.9982E-05 9.9982E-05
9.9982E-05 0.541326 9.9982E-05 0.189112 0.269362
9.9982E-05 0.701214 9.9982E-05 0.232081 0.0665057
9.9982E-05 0.925713 9.9982E-05 0.0234835 0.0506039
9.9982E-05 0.818045 0.0550788 0.126676 9.9982E-05
0.187881 0.563771 9.9982E-05 0.248147 9.9982E-05
0.104037 0.562765 9.9982E-05 0.332998 9.9982E-05
0.0347009 0.0807107 0.280586 0.538541 0.0654616
0.115491 0.134069 0.413266 0.328423 0.00875033
9.9982E-05 0.2313 0.61762 9.9982E-05 0.150881
0.0616129 0.238411 0.263727 0.343099 0.0931499
9.9982E-05 0.454119 0.285312 0.260369 9.9982E-05
9.9973E-05 0.858115 9.9973E-05 9.9973E-05 0.141585
9.9982E-05 0.651771 0.0226057 9.9982E-05 0.325424
0.0161419 0.653241 0.0963669 0.120515 0.113735
0.173732 0.496396 0.113419 9.9991E-05 0.216353
0.0189105 0.766442 9.9991E-05 0.0569108 0.157637
9.9982E-05 0.719294 0.141082 9.9982E-05 0.139423
0.0515844 0.805152 0.143063 9.9982E-05 9.9982E-05
9.9982E-05 0.456366 0.253592 0.289841 9.9982E-05
0.0827477 0.395892 0.120929 0.400332 9.9991E-05
0.165738 0.40873 0.156444 0.268987 9.9991E-05
0.0697834 0.289289 9.9991E-05 0.535486 0.105342
9.9991E-05 0.648927 0.0827697 0.266312 0.00189072
0.0012471 0.760982 0.176011 0.0616606 9.9991E-05
0.154651 0.252013 0.593136 9.9982E-05 9.9982E-05
0.0692814 0.0643791 0.821737 0.0445027 9.9991E-05
9.997E-05 9.997E-05 0.9996 9.997E-05 9.997E-05
9.9982E-05 0.0602136 0.730479 0.209107 9.9982E-05
0.0783185 0.218833 0.702649 9.9982E-05 9.9982E-05
9.9991E-05 0.489444 0.179782 0.165343 0.165331
0.131645 0.467504 0.400652 9.9982E-05 9.9982E-05
9.9991E-05 0.702398 0.182652 0.0484124 0.0664375
9.9991E-05 0.653302 0.201295 0.0503389 0.0949648
0.0992723 0.787372 0.0306486 0.0826073 9.9991E-05
0.239695 0.245712 9.9982E-05 9.9982E-05 0.514393
0.484953 0.138695 9.9982E-05 9.9982E-05 0.376152
0.902938 0.00621792 9.9991E-05 0.0582485 0.0324957
0.582269 0.00835446 0.0471691 9.9991E-05 0.362108
0.596991 9.9973E-05 9.9973E-05 9.9973E-05 0.402709
0.654237 9.9991E-05 0.119402 0.0226513 0.20361
9.9973E-05 9.9973E-05 0.213246 9.9973E-05 0.786454
0.0734384 0.149646 0.00995823 0.00363687 0.76332
0.223905 0.0119644 9.9991E-05 0.00782008 0.756211
0.437539 9.9973E-05 9.9973E-05 9.9973E-05 0.562161
0.2908 0.185921 9.9982E-05 9.9982E-05 0.523079
0.694727 0.0487573 9.99821E-05 9.99821E-05 0.256316
0.193925 0.119377 9.9982E-05 9.9982E-05 0.686498
0.360855 0.0232342 9.9982E-05 9.9982E-05 0.615711
0.0205815 0.181066 9.9982E-05 9.9982E-05 0.798152
0.514748 0.0713925 9.9982E-05 9.9982E-05 0.41366
0.0473923 0.0648045 9.9982E-05 9.9982E-05 0.887603
0.706008 9.9991E-05 0.0816738 0.0292692 0.182949
0.695801 0.174646 0.00444908 9.9991E-05 0.125004
0.790067 9.9982E-05 0.146101 9.9982E-05 0.0636317
0.600597 9.9991E-05 0.0311779 0.0332115 0.334914
0.986233 9.9973E-05 9.9973E-05 0.0134671 9.9973E-05
0.676417 9.9973E-05 9.9973E-05 9.9973E-05 0.323283
0.173449 9.9982E-05 0.0679268 9.9982E-05 0.758425
0.781592 9.9991E-05 0.137045 0.0172071 0.0640561
0.0862037 0.12393 0.000578052 0.789188 9.9991E-05
9.9982E-05 9.9982E-05 0.0538667 0.767963 0.17797
9.9982E-05 9.9982E-05 0.00420129 0.829509 0.16609
0.113864 0.0500266 0.0581788 0.777831 9.9991E-05
0.0532607 9.9982E-05 0.268448 0.678091 9.9982E-05
9.99821E-05 9.99821E-05 0.765294 0.188131 0.0463748
9.9991E-05 0.0572928 0.210509 0.547231 0.184868
9.9991E-05 0.148415 0.255462 0.462722 0.133302
0.0784859 0.0577779 0.13869 0.724946 9.9991E-05
9.9973E-05 9.9973E-05 0.270019 0.729681 9.9973E-05
0.177454 0.129124 9.9982E-05 0.693222 9.9982E-05
0.0930136 0.481552 9.9982E-05 0.425235 9.9982E-05
0.0704649 0.349854 9.9982E-05 0.579481 9.9982E-05
0.0961114 0.265723 0.0458586 0.592207 9.9991E-05
0.074046 0.0633387 0.483138 0.379377 9.9991E-05
0.0582866 0.342397 0.170239 0.428977 9.9991E-05
0.118289 0.242184 9.9982E-05 0.639327 9.9982E-05
0.103217 0.306947 9.9982E-05 0.589637 9.9982E-05
9.9982E-05 0.322718 9.9982E-05 0.61404 0.0630426
9.9982E-05 0.064968 0.251457 0.683375 9.9982E-05
9.9982E-05 0.0423057 0.0753879 0.882107 9.9982E-05
9.9982E-05 0.0169983 0.124635 0.858167 9.9982E-05
9.9982E-05 9.9982E-05 0.116611 0.873141 0.0100479
0.0294002 9.9991E-05 0.162932 0.76607 0.0414974
0.0264118 0.148301 9.9982E-05 0.825087 9.9982E-05
0.0458072 0.208777 0.0431182 0.702198 9.9991E-05
0.0856994 9.9982E-05 0.0175637 0.896537 9.9982E-05
0.104662 0.0139377 0.00345304 0.877847 9.9991E-05
0.0179137 0.0972826 9.9982E-05 0.884604 9.9982E-05
0.0367783 0.182734 9.9982E-05 0.780288 9.9982E-05
0.0341381 0.0106727 9.9982E-05 0.954989 9.9982E-05
9.9982E-05 0.202275 0.188152 0.609373 9.9982E-05
0.0681175 0.0492726 0.127556 0.754954 9.9991E-05
9.9991E-05 0.137243 0.0699995 0.762657 0.030001
0.0389278 0.0737926 0.0630376 0.824142 9.9991E-05
0.0419125 9.9982E-05 0.0759469 0.881941 9.9982E-05
0.063629 0.0280918 9.9982E-05 0.908079 9.9982E-05
0.0313472 0.0154922 0.0683228 0.881462 0.00337593
9.99731E-05 9.99731E-05 9.99731E-05 0.837541 0.16216
9.9982E-05 9.9982E-05 0.118249 0.82865 0.0529013
9.9973E-05 9.9973E-05 9.9973E-05 0.873238 0.126462
0.0286017 0.0420856 9.9982E-05 0.929113 9.9982E-05
0.115002 0.10019 9.9982E-05 0.784608 9.9982E-05
0.0593492 0.0874163 9.9982E-05 0.853035 9.9982E-05
0.0472472 9.9982E-05 9.9982E-05 0.944902 0.00765116
0.222873 0.134079 9.9991E-05 0.554922 0.0880265
0.324802 0.000425155 9.9991E-05 0.587746 0.0869264
9.9973E-05 9.9973E-05 0.118084 0.881616 9.9973E-05
9.9982E-05 9.9982E-05 0.17596 0.778741 0.0450989
9.9973E-05 9.9973E-05 9.9973E-05 0.834976 0.164724
9.9982E-05 0.0145263 9.9982E-05 0.915454 0.06982
9.9982E-05 9.9982E-05 0.245039 0.737592 0.0171691
0.0445285 9.9982E-05 0.0461204 0.909151 9.9982E-05
9.9991E-05 0.029958 0.10966 0.852747 0.00753499
9.9982E-05 0.0340174 9.9982E-05 0.950462 0.0153205
9.9982E-05 0.086664 0.159317 0.753819 9.9982E-05
9.9982E-05 9.9982E-05 0.0609061 0.855148 0.0837461
0.0443808 9.9991E-05 0.0465554 0.118524 0.79044
0.413772 9.9991E-05 0.0088825 0.0154988 0.561747
0.321352 9.9982E-05 0.143239 9.9982E-05 0.535209
0.621926 9.9991E-05 0.0783607 0.0962929 0.203321
0.696336 9.9991E-05 0.00860831 0.0967021 0.198254
0.828017 9.9982E-05 0.0101392 9.9982E-05 0.161644
0.306395 9.9982E-05 9.9982E-05 0.0468031 0.646602
0.166909 9.9982E-05 9.9982E-05 0.0372563 0.795635
9.99731E-05 9.99731E-05 0.203327 9.99731E-05 0.796373
0.679395 9.9991E-05 0.0254314 0.0599737 0.2351
0.940924 0.0587756 9.99731E-05 9.99731E-05 9.99731E-05
0.957505 0.0421952 9.9973E-05 9.9973E-05 9.9973E-05
0.95507 9.9982E-05 0.0227162 0.0220134 9.9982E-05
