9.9982E-05 0.116906 0.000941417 9.9982E-05 0.0581079 0.302596 0.521248
9.998E-05 0.287057 0.172186 9.998E-05 0.247636 0.0562949 0.236626
9.9964E-05 9.9964E-05 9.9964E-05 9.9964E-05 0.232801 0.394247 0.372552
0.029921 9.9973E-05 9.9973E-05 9.9973E-05 0.212778 0.379051 0.377951
9.9973E-05 0.0494487 9.9973E-05 0.019814 9.9973E-05 0.726391 0.204047
9.9973E-05 9.9973E-05 9.9973E-05 0.0805985 0.0626393 0.423561 0.432901
9.9964E-05 0.0413827 0.891186 0.0670318 9.9964E-05 9.9964E-05 9.9964E-05
0.0629735 0.110882 0.56227 0.231928 9.9982E-05 0.0317471 9.9982E-05
0.229038 0.0654977 0.670725 9.998E-05 0.0283136 0.00622624 9.998E-05
0.152158 9.9964E-05 0.743478 0.103964 9.9964E-05 9.9964E-05 9.9964E-05
0.048505 0.0708035 0.827759 9.9973E-05 9.9973E-05 9.9973E-05 0.0526321
9.9964E-05 9.9964E-05 0.871515 9.9964E-05 9.9964E-05 0.0929885 0.0350969
0.385516 9.9973E-05 0.570276 9.9973E-05 9.9973E-05 0.0188308 0.0250772
0.314179 9.99641E-05 0.547642 0.137778 9.99641E-05 9.99641E-05 9.99641E-05
0.0884794 9.9973E-05 0.792325 0.115595 0.00330048 9.9973E-05 9.9973E-05
9.99641E-05 0.0909627 0.898882 0.00975554 9.99641E-05 9.99641E-05 9.99641E-05
9.9973E-05 0.0844148 9.9973E-05 0.476855 9.9973E-05 0.326061 0.112369
0.0099498 0.0529974 9.9973E-05 0.64401 0.292743 9.9973E-05 9.9973E-05
0.0529289 9.9982E-05 9.9982E-05 0.359736 0.0450425 0.0839884 0.458104
0.0235355 9.997E-05 9.997E-05 0.565419 9.997E-05 0.308403 0.102343
9.99639E-05 9.99639E-05 9.99639E-05 0.55021 0.207095 0.242295 9.99639E-05
9.9973E-05 9.9973E-05 9.9973E-05 0.8025 0.0523846 0.0764443 0.0683711
9.998E-05 0.192926 0.156461 0.0884633 9.998E-05 0.0883607 0.473589
0.0282827 0.151216 9.9973E-05 9.9973E-05 9.9973E-05 0.157155 0.663046
0.0237244 9.9973E-05 9.9973E-05 0.0702789 9.9973E-05 0.158255 0.747441
9.9973E-05 0.0798187 9.9973E-05 0.299817 9.9973E-05 0.135849 0.484216
0.0432711 9.9973E-05 9.9973E-05 0.458908 9.9973E-05 0.394638 0.102883
0.0373759 9.9973E-05 9.9973E-05 0.2478 9.9973E-05 0.496584 0.217939
9.998E-05 0.40166 0.00137502 0.328478 0.076735 0.191552 9.998E-05
0.0542862 0.192377 9.9982E-05 0.364805 0.205869 0.182463 9.9982E-05
9.9982E-05 9.9982E-05 0.0938725 0.266461 0.488632 0.0327392 0.118095
9.9973E-05 9.9973E-05 0.11893 0.296121 0.149876 0.434772 9.9973E-05
9.9973E-05 9.9973E-05 9.9973E-05 0.335684 0.112482 0.416984 0.13455
0.0112148 0.00846615 0.0303952 0.0288519 9.9991E-05 0.0178581 0.903114
9.996E-05 9.996E-05 0.148142 9.996E-05 0.155391 9.996E-05 0.696068
9.9982E-05 9.9982E-05 0.0162731 0.398659 0.0378804 0.255975 0.291012
0.301875 9.99639E-05 9.99639E-05 9.99639E-05 0.262605 9.99639E-05 0.435119
0.0558604 9.9982E-05 0.0608896 0.249609 9.9982E-05 0.160675 0.472765
0.0762785 0.0352722 9.9982E-05 0.175147 0.196467 9.9982E-05 0.516636
9.9964E-05 9.9964E-05 9.9964E-05 0.515263 9.9964E-05 0.157453 0.326884
9.9964E-05 0.348865 9.9964E-05 9.9964E-05 0.172293 9.9964E-05 0.478442
0.0872109 0.128883 9.9991E-05 0.0421796 0.115898 0.333136 0.292592
0.144173 9.9973E-05 9.9973E-05 9.9973E-05 0.21706 0.330712 0.307755
0.117802 0.438209 9.9973E-05 9.9973E-05 9.9973E-05 0.149231 0.294459
9.9982E-05 0.133657 9.9982E-05 0.165863 0.0271475 0.309027 0.364106
0.053488 9.9982E-05 9.9982E-05 0.00518103 0.204765 0.177471 0.558895
9.9955E-05 9.9955E-05 9.9955E-05 0.819954 0.179547 9.9955E-05 9.9955E-05
9.9973E-05 0.0807873 0.0292229 0.357694 0.531996 9.9973E-05 9.9973E-05
9.9955E-05 9.9955E-05 9.9955E-05 0.279931 0.719569 9.9955E-05 9.9955E-05
9.9964E-05 0.158418 9.9964E-05 0.287047 0.554135 9.9964E-05 9.9964E-05
9.99549E-05 9.99549E-05 9.99549E-05 0.59983 0.39967 9.99549E-05 9.99549E-05
9.997E-05 0.337042 0.0321165 0.4643 9.997E-05 9.997E-05 0.166241
0.0258259 0.111032 9.9982E-05 0.78482 0.036168 9.9982E-05 0.0419539
9.9964E-05 0.28349 9.9964E-05 0.381215 9.9964E-05 9.9964E-05 0.334896
9.99639E-05 0.266632 9.99639E-05 0.433259 9.99639E-05 9.99639E-05 0.299709
0.0456588 9.9973E-05 9.9973E-05 0.426929 9.9973E-05 0.250959 0.276153
0.26007 0.0882794 0.426088 9.998E-05 0.0166265 9.998E-05 0.208736
0.424536 0.0223315 0.370089 9.998E-05 9.998E-05 0.00454885 0.178295
0.9057 0.0521979 9.996E-05 9.996E-05 9.996E-05 9.996E-05 0.0417022
0.455756 0.125332 0.343967 0.0746459 9.9973E-05 9.9973E-05 9.9973E-05
0.561478 0.00900051 0.402006 0.00732865 9.9982E-05 0.0199864 9.9982E-05
0.604898 0.00975849 0.178113 0.122644 0.0843863 9.9982E-05 9.9982E-05
9.99549E-05 9.99549E-05 0.66971 9.99549E-05 0.32979 9.99549E-05 9.99549E-05
9.9973E-05 9.9973E-05 0.79802 9.9973E-05 0.0100116 0.0635368 0.128132
0.121713 9.9964E-05 0.795374 9.9964E-05 9.9964E-05 0.0825133 9.9964E-05
0.325998 9.9964E-05 0.657175 9.9964E-05 9.9964E-05 9.9964E-05 0.0164268
0.255927 9.9982E-05 0.523018 0.0114505 9.9982E-05 0.0112515 0.198154
0.619339 9.99641E-05 0.208711 9.99641E-05 9.99641E-05 9.99641E-05 0.17155
0.129527 9.997E-05 0.651231 9.997E-05 0.0260386 9.997E-05 0.192904
0.32039 0.0116109 0.526638 0.0512081 9.9982E-05 9.9982E-05 0.0899537
9.9964E-05 9.9964E-05 0.749414 9.9964E-05 9.9964E-05 0.0704957 0.179691
0.382226 9.997E-05 0.459095 9.997E-05 9.997E-05 0.0238119 0.134567
9.9964E-05 9.9964E-05 0.88279 9.9964E-05 9.9964E-05 0.0586937 0.0581165
0.58113 9.9964E-05 0.292697 0.125773 9.9964E-05 9.9964E-05 9.9964E-05
0.659725 9.997E-05 0.140198 0.0975677 9.997E-05 9.997E-05 0.10221
0.67575 9.9973E-05 0.204826 0.00393078 0.115193 9.9973E-05 9.9973E-05
0.513093 9.9973E-05 0.369157 9.9973E-05 0.0513612 0.0660889 9.9973E-05
0.945808 9.9964E-05 9.9964E-05 9.9964E-05 0.0171068 0.0366849 9.9964E-05
0.633972 0.0294222 0.310464 9.9973E-05 9.9973E-05 9.9973E-05 0.0258418
0.0995563 9.9964E-05 0.75345 0.146594 9.9964E-05 9.9964E-05 9.9964E-05
0.804744 9.9964E-05 0.00706518 9.9964E-05 0.187791 9.9964E-05 9.9964E-05
9.99641E-05 0.125642 9.99641E-05 0.184452 9.99641E-05 0.689506 9.99641E-05
0.0682074 0.881543 9.996E-05 0.0498501 9.996E-05 9.996E-05 9.996E-05
0.110075 0.818936 9.9964E-05 9.9964E-05 9.9964E-05 0.0705892 9.9964E-05
0.0157927 0.0672843 0.013451 0.0727777 0.0744594 0.756135 9.9991E-05
9.9973E-05 0.142103 9.9973E-05 0.180579 0.195936 0.481082 9.9973E-05
9.9955E-05 0.0853804 9.9955E-05 9.9955E-05 0.91412 9.9955E-05 9.9955E-05
0.039108 0.0202143 9.998E-05 9.998E-05 0.439552 0.386161 0.114765
9.998E-05 0.13403 0.0106072 9.998E-05 0.337714 0.33238 0.185069
9.9964E-05 9.9964E-05 9.9964E-05 9.9964E-05 0.233418 0.747595 0.0185863
9.99639E-05 0.179607 9.99639E-05 9.99639E-05 0.390464 0.429528 9.99639E-05
0.0712858 9.9973E-05 9.9973E-05 9.9973E-05 0.140702 0.775034 0.0126776
0.0193868 9.9973E-05 9.9973E-05 9.9973E-05 0.0659924 0.655292 0.259029
9.9973E-05 9.9973E-05 9.9973E-05 0.0344926 0.0758281 0.703289 0.18609
9.99639E-05 9.99639E-05 9.99639E-05 9.99639E-05 0.201881 0.635155 0.162564
0.0423199 9.997E-05 9.997E-05 0.00495215 0.547999 0.40443 9.997E-05
9.997E-05 9.997E-05 9.997E-05 0.0532041 0.24745 0.515264 0.183782
0.055869 9.9973E-05 9.9973E-05 9.9973E-05 0.082271 0.768325 0.0932355
0.0453072 9.997E-05 9.997E-05 9.997E-05 0.0903677 0.682631 0.181394
9.9982E-05 0.154224 0.0277655 9.9982E-05 0.0181791 0.554909 0.244722
9.997E-05 0.372754 9.997E-05 0.189115 0.16352 0.274311 9.997E-05
9.9964E-05 0.510893 9.9964E-05 0.0648763 9.9964E-05 0.423831 9.9964E-05
9.9973E-05 0.604524 9.9973E-05 0.0960066 9.9973E-05 0.295668 0.00350189
9.9973E-05 0.623817 9.9973E-05 0.0256635 9.9973E-05 0.345187 0.00503221
9.9973E-05 0.0301944 0.0328815 9.9973E-05 0.260459 0.676165 9.9973E-05
9.996E-05 0.0943869 9.996E-05 0.126573 9.996E-05 0.77864 9.996E-05
9.9964E-05 0.172642 9.9964E-05 0.250452 9.9964E-05 0.576506 9.9964E-05
9.9964E-05 0.178249 9.9964E-05 0.0942402 9.9964E-05 0.727111 9.9964E-05
0.0198467 0.097736 9.998E-05 0.0389955 0.0562863 0.786935 9.998E-05
9.9955E-05 0.154442 9.9955E-05 9.9955E-05 9.9955E-05 0.845058 9.9955E-05
9.9973E-05 0.178289 9.9973E-05 0.00343128 9.9973E-05 0.742788 0.0751921
9.9955E-05 0.267769 9.9955E-05 9.9955E-05 9.9955E-05 0.731731 9.9955E-05
9.998E-05 0.242812 9.998E-05 0.0820065 0.115666 0.473378 0.0859379
9.9964E-05 0.350308 9.9964E-05 0.223684 9.9964E-05 0.425608 9.9964E-05
9.9982E-05 0.202901 9.9982E-05 0.00373186 0.138323 0.544266 0.110578
9.9982E-05 0.155867 9.9982E-05 0.0360669 0.0855713 0.693534 0.0287602
9.997E-05 0.219869 9.997E-05 0.0458556 0.0778436 0.656132 9.997E-05
9.9964E-05 0.311762 9.9964E-05 0.0627585 9.9964E-05 0.62508 9.9964E-05
9.99639E-05 0.120227 9.99639E-05 9.99639E-05 0.156674 0.722699 9.99639E-05
9.9973E-05 0.660085 9.9973E-05 9.9973E-05 0.0119251 0.146789 0.180901
9.9973E-05 0.506188 9.9973E-05 9.9973E-05 0.133542 0.328977 0.0309922
0.00418 0.453757 0.00211089 9.9982E-05 0.0335816 0.506171 9.9982E-05
9.9955E-05 0.213491 9.9955E-05 9.9955E-05 9.9955E-05 0.78601 9.9955E-05
0.0308181 0.133427 0.0670867 9.9991E-05 0.00573518 0.743132 0.0197012
0.00443619 0.18459 9.9973E-05 9.9973E-05 9.9973E-05 0.701858 0.108816
9.9964E-05 0.198248 9.9964E-05 0.04548 9.9964E-05 0.755872 9.9964E-05
0.161093 0.109359 0.0664162 9.998E-05 9.998E-05 0.554265 0.108667
0.217538 0.116701 0.135649 9.9973E-05 9.9973E-05 0.529813 9.9973E-05
9.9964E-05 0.332972 9.9964E-05 9.9964E-05 0.0760831 0.590545 9.9964E-05
9.9964E-05 0.678323 9.9964E-05 9.9964E-05 0.0741494 0.247128 9.9964E-05
9.998E-05 0.480236 0.049289 9.998E-05 0.0244077 0.400704 0.0451639
9.9973E-05 0.578715 9.9973E-05 9.9973E-05 0.0135746 0.313802 0.093608
9.997E-05 0.88781 9.997E-05 0.039038 0.0154609 9.997E-05 0.057391
9.9964E-05 0.298772 9.9964E-05 0.0235735 9.9964E-05 0.677255 9.9964E-05
9.9964E-05 0.671448 9.9964E-05 9.9964E-05 9.9964E-05 0.230715 0.0974371
9.9964E-05 0.37367 9.9964E-05 0.00990837 9.9964E-05 0.616022 9.9964E-05
9.998E-05 0.382031 9.998E-05 0.05158 0.145287 0.391192 0.0297105
9.9973E-05 0.575445 9.9973E-05 0.013243 0.00957489 0.401437 9.9973E-05
0.0790762 0.137686 0.622124 9.997E-05 0.160814 9.997E-05 9.997E-05
0.379599 0.0605937 0.510481 9.9991E-05 0.0184364 0.0188485 0.011942
0.254698 0.0120188 0.595952 9.9973E-05 0.137031 9.9973E-05 9.9973E-05
0.716044 0.0230299 0.0147697 9.99729E-05 0.245856 9.99729E-05 9.99729E-05
0.709131 0.0331726 0.0662506 9.998E-05 0.137813 0.053432 9.998E-05
0.784106 9.9964E-05 0.184055 9.9964E-05 0.0314395 9.9964E-05 9.9964E-05
0.288202 0.0559574 0.598755 9.9973E-05 9.9973E-05 9.9973E-05 0.0567856
0.138075 9.9982E-05 0.751191 9.9982E-05 0.0846973 0.0085347 0.0173019
9.99551E-05 9.99551E-05 0.603434 9.99551E-05 0.396066 9.99551E-05 9.99551E-05
0.614183 0.0212367 0.281714 0.0391262 0.0101784 0.0334616 9.9991E-05
0.937358 9.99641E-05 9.99641E-05 0.0414688 9.99641E-05 9.99641E-05 0.0207736
0.963471 9.9964E-05 9.9964E-05 0.0311289 9.9964E-05 9.9964E-05 0.00500057
0.89212 9.99641E-05 9.99641E-05 0.0807159 9.99641E-05 0.0267639 9.99641E-05
