0.00256614 0.0897134 9.9991E-05 0.392854 0.509915 0.00485208
9.9982E-05 0.459355 9.9982E-05 0.360487 0.105635 0.0743235
9.9982E-05 0.198561 9.9982E-05 0.386556 0.377251 0.0374325
9.9991E-05 0.0525316 0.0440468 0.358018 0.452918 0.0923864
9.9973E-05 9.9973E-05 0.101687 0.643808 0.254205 9.9973E-05
9.9982E-05 9.9982E-05 0.0303767 0.376587 0.482548 0.110288
0.675253 0.2236 9.9973E-05 9.9973E-05 9.9973E-05 0.100847
0.738981 0.00930841 9.9982E-05 0.156073 9.9982E-05 0.0954376
0.830858 0.130709 0.0233147 0.0149188 9.9982E-05 9.9982E-05
0.878975 0.0690415 9.9982E-05 9.9982E-05 0.0114128 0.0403709
0.73027 0.26933 9.99639E-05 9.99639E-05 9.99639E-05 9.99639E-05
0.420836 0.458889 0.118212 0.00186324 9.9982E-05 9.9982E-05
0.697501 0.063434 0.236887 0.00197797 9.9982E-05 9.9982E-05
0.973994 9.9964E-05 0.0256062 9.9964E-05 9.9964E-05 9.9964E-05
0.746775 0.153923 9.9973E-05 9.9973E-05 9.9973E-05 0.0990014
0.701719 0.290675 9.9973E-05 9.9973E-05 9.9973E-05 0.0073057
9.999E-05 0.00697441 0.0466006 0.287818 0.476885 0.181622
0.0194637 9.9991E-05 0.0856975 0.0272301 0.181292 0.686216
0.00750346 0.00161374 0.0633308 9.9991E-05 0.729253 0.198199
9.9982E-05 9.9982E-05 0.0932387 0.128297 0.601906 0.176358
0.00700012 9.9991E-05 0.0507856 0.17119 0.283904 0.48702
9.9973E-05 9.9973E-05 0.0486411 9.9973E-05 0.473167 0.477892
0.0222257 0.308306 9.9982E-05 0.151177 0.518091 9.9982E-05
9.9973E-05 0.093309 9.9973E-05 0.190015 0.716376 9.9973E-05
0.0889601 9.99731E-05 9.99731E-05 0.0525979 0.858142 9.99731E-05
9.9973E-05 9.9973E-05 9.9973E-05 0.152036 0.727428 0.120236
0.0226226 9.9991E-05 0.1432 0.260749 0.570418 0.00291074
0.0749814 9.9982E-05 0.05554 0.331824 0.537455 9.9982E-05
0.126816 9.9973E-05 9.9973E-05 0.565757 9.9973E-05 0.307127
0.165908 9.9982E-05 9.9982E-05 0.399932 0.0802529 0.353708
9.9973E-05 0.404489 9.9973E-05 9.9973E-05 0.247645 0.347565
9.999E-05 0.120335 0.0794103 0.33604 0.229685 0.23443
9.9973E-05 9.9973E-05 9.9973E-05 0.273035 0.402739 0.323926
0.0353873 0.0372807 9.9973E-05 9.9973E-05 0.927032 9.9973E-05
9.9964E-05 0.394035 9.9964E-05 9.9964E-05 0.605565 9.9964E-05
0.00588406 0.106126 0.0281943 0.186382 0.589409 0.0840043
9.9973E-05 0.284742 0.233335 9.9973E-05 0.481623 9.9973E-05
9.9991E-05 0.115124 0.105022 0.0504298 0.719782 0.00954245
0.00355043 0.0992053 9.9991E-05 0.0107866 0.699936 0.186422
0.0396803 9.9991E-05 0.0205733 0.00581816 0.763629 0.1702
9.9982E-05 0.128951 9.9982E-05 0.329234 0.456045 0.0855701
9.99836E-05 0.0436356 0.0942163 0.475035 0.386913 9.99836E-05
9.9991E-05 0.0171078 0.151351 0.254491 0.437005 0.139946
0.0737005 0.0708341 0.0660168 0.480023 0.309326 9.9991E-05
0.0347337 9.9982E-05 9.9982E-05 0.35658 0.541361 0.0671254
9.9991E-05 0.0398098 0.000968576 0.128363 0.663714 0.167045
9.9973E-05 9.9973E-05 0.10718 9.9973E-05 0.197224 0.695297
9.9982E-05 0.132244 0.0164031 0.0641728 9.9982E-05 0.78698
9.9964E-05 0.160843 9.9964E-05 9.9964E-05 9.9964E-05 0.838758
9.9964E-05 9.9964E-05 9.9964E-05 0.26388 9.9964E-05 0.73572
0.0680142 9.9982E-05 0.00763582 9.9982E-05 0.142299 0.781851
0.143445 0.0346699 9.9991E-05 0.182641 0.389333 0.249812
9.9973E-05 9.9973E-05 0.069237 9.9973E-05 0.404969 0.525494
9.9982E-05 0.0338787 9.9982E-05 0.0180635 0.747872 0.199986
0.0986881 9.9982E-05 9.9982E-05 0.0828767 0.59912 0.219115
9.9982E-05 9.9982E-05 0.0973696 0.151932 0.705138 0.0453608
0.493605 0.126893 0.105203 0.0267859 0.247414 9.9991E-05
0.720845 9.9973E-05 0.175439 9.9973E-05 0.103416 9.9973E-05
0.0714276 9.9982E-05 0.841777 0.0574596 0.0291354 9.9982E-05
0.419495 0.117153 0.359036 9.9991E-05 0.0421067 0.0621091
0.198009 0.196168 0.605523 9.9973E-05 9.9973E-05 9.9973E-05
9.9982E-05 0.155085 0.691841 9.9982E-05 0.0237865 0.129088
0.162804 0.777167 9.99729E-05 9.99729E-05 9.99729E-05 0.0597293
0.0715082 0.616665 0.24025 9.9982E-05 0.0713776 9.9982E-05
0.547359 0.306629 0.13115 9.9982E-05 0.014662 9.9982E-05
0.838701 0.0244375 0.119011 9.9982E-05 9.9982E-05 0.01765
0.500548 0.1521 0.1771 9.9982E-05 0.170052 9.9982E-05
0.52439 9.99731E-05 0.413113 9.99731E-05 0.0621971 9.99731E-05
0.303216 0.480377 0.187487 9.9982E-05 0.0287199 9.9982E-05
0.490091 0.140833 0.310101 9.9982E-05 0.0587751 9.9982E-05
0.128803 0.56199 0.259838 9.9982E-05 0.049169 9.9982E-05
0.384647 0.113475 0.402904 9.9982E-05 0.0987738 9.9982E-05
0.212677 0.588139 0.198883 9.99729E-05 9.99729E-05 9.99729E-05
0.157461 0.0898477 0.666863 0.00174898 9.9991E-05 0.0839795
0.182041 9.9982E-05 0.638381 9.9982E-05 0.154536 0.024842
9.9973E-05 0.0832894 0.753719 9.9973E-05 9.9973E-05 0.162691
0.0926112 0.273556 0.629315 9.9982E-05 0.00431817 9.9982E-05
9.9964E-05 9.9964E-05 0.988084 0.0115165 9.9964E-05 9.9964E-05
0.462589 0.0421603 0.475193 9.9982E-05 0.0198576 9.9982E-05
0.286167 0.424592 0.251876 9.9982E-05 9.9982E-05 0.0371646
0.0238403 0.0689013 0.752355 0.0184158 9.9991E-05 0.136388
9.99731E-05 9.99731E-05 0.087197 0.822664 0.089839 9.99731E-05
0.0137323 0.237823 9.9982E-05 0.708119 9.9982E-05 0.0401256
9.9973E-05 0.20866 0.0122416 0.778798 9.9973E-05 9.9973E-05
0.0317725 9.9991E-05 0.077827 0.777281 0.000592607 0.112427
0.0649511 9.9973E-05 9.9973E-05 0.667896 9.9973E-05 0.266853
9.99731E-05 0.462502 9.99731E-05 0.209317 9.99731E-05 0.327881
9.9991E-05 0.27471 0.0241249 0.577544 0.0813792 0.0421413
9.9982E-05 0.243378 9.9982E-05 0.50195 0.139775 0.114696
9.9982E-05 9.9982E-05 0.0650405 0.744845 0.0202342 0.169681
9.9973E-05 0.212697 9.9973E-05 0.709039 9.9973E-05 0.077964
9.9973E-05 9.9973E-05 0.192769 0.736733 0.0701979 9.9973E-05
9.9973E-05 9.9973E-05 0.112758 0.486329 0.400613 9.9973E-05
9.9982E-05 9.9982E-05 0.0564041 0.596722 0.301956 0.0447185
9.9991E-05 0.044242 0.0761006 0.550273 0.27687 0.0524141
9.9991E-05 0.0604741 0.0501181 0.397891 0.0275928 0.463824
9.9991E-05 0.0539929 0.0382281 0.443113 0.297241 0.167326
9.9973E-05 9.9973E-05 0.126514 0.661092 0.212094 9.9973E-05
9.9973E-05 9.9973E-05 0.116964 0.563933 0.318804 9.9973E-05
0.0714124 0.000578002 9.9982E-05 0.594014 0.333796 9.9982E-05
0.0530109 9.9982E-05 9.9982E-05 0.637465 0.00555199 0.303772
9.9973E-05 9.9973E-05 9.9973E-05 0.858033 0.0289872 0.11268
9.9982E-05 0.00696861 9.9982E-05 0.822716 0.0477375 0.122378
0.0197115 0.0680022 9.9991E-05 0.874483 0.00613556 0.031568
9.9982E-05 0.0374978 0.0716574 0.751959 9.9982E-05 0.138685
0.0135111 9.9991E-05 0.0146947 0.825853 0.0986774 0.0471633
0.0277275 9.9982E-05 9.9982E-05 0.68019 0.152075 0.139807
0.0466551 9.9982E-05 0.0456694 0.858861 9.9982E-05 0.0486144
9.9973E-05 9.9973E-05 0.111728 0.862508 9.9973E-05 0.0254646
9.9973E-05 9.9973E-05 0.0481633 0.855772 0.0957647 9.9973E-05
9.9973E-05 9.9973E-05 0.0447104 0.773325 0.181665 9.9973E-05
9.9973E-05 9.9973E-05 0.0148363 0.965175 0.0196886 9.9973E-05
9.9973E-05 9.9973E-05 9.9973E-05 0.65362 0.206089 0.139991
9.9982E-05 9.9982E-05 0.0677064 0.745343 0.00784297 0.178908
9.9982E-05 0.0749223 9.9982E-05 0.732655 0.142067 0.0501556
9.9991E-05 0.0299826 0.0568643 0.817198 0.0632948 0.0325605
0.0301826 9.9973E-05 9.9973E-05 0.894005 9.9973E-05 0.0755127
9.9973E-05 9.9973E-05 0.0436436 0.886663 0.0693938 9.9973E-05
0.00955222 9.9982E-05 0.00116392 0.904852 9.9982E-05 0.0842317
9.9973E-05 0.251217 9.9973E-05 0.744102 0.00438104 9.9973E-05
9.9964E-05 0.245126 9.9964E-05 0.754474 9.9964E-05 9.9964E-05
9.99641E-05 0.159205 9.99641E-05 0.840395 9.99641E-05 9.99641E-05
9.9973E-05 9.9973E-05 0.0180422 0.921804 0.0598535 9.9973E-05
0.0676016 0.0180149 0.0479811 0.776765 0.089537 9.9991E-05
9.9973E-05 9.9973E-05 0.0585883 0.824359 0.116753 9.9973E-05
0.0140982 0.00739224 0.056421 0.897131 9.9991E-05 0.0248578
0.259183 9.9982E-05 0.053424 0.558807 0.128387 9.9982E-05
0.0812314 0.00241628 0.308092 0.60806 9.9982E-05 9.9982E-05
9.9973E-05 0.0233284 9.9973E-05 0.848101 9.9973E-05 0.128271
9.9973E-05 0.152642 9.9973E-05 0.805588 9.9973E-05 0.0414704
9.9973E-05 0.187558 9.9973E-05 0.797674 0.0144677 9.9973E-05
0.0458714 0.0866334 9.9982E-05 0.852212 0.0150835 9.9982E-05
9.9973E-05 0.187273 9.9973E-05 0.701237 9.9973E-05 0.111191
9.9973E-05 9.9973E-05 0.0508387 0.841758 9.9973E-05 0.107103
9.9973E-05 0.115814 9.9973E-05 0.871525 9.9973E-05 0.0123618
0.0418722 9.9973E-05 9.9973E-05 0.902084 0.0557437 9.9973E-05
9.9982E-05 0.0629626 9.9982E-05 0.740481 0.062146 0.13421
9.9964E-05 0.162085 9.9964E-05 0.837515 9.9964E-05 9.9964E-05
9.9973E-05 0.71824 0.275578 0.00588298 9.9973E-05 9.9973E-05
0.224024 0.317125 0.45855 9.9973E-05 9.9973E-05 9.9973E-05
0.297102 0.364539 0.29039 9.9982E-05 9.9982E-05 0.0477686
0.0843473 0.134463 0.647657 0.0305391 9.9991E-05 0.102894
0.0821614 0.0742445 0.712348 0.131046 9.9982E-05 9.9982E-05
0.160245 0.0530495 0.749976 9.9982E-05 9.9982E-05 0.0365296
0.369573 0.313235 0.312158 0.0048331 9.9982E-05 9.9982E-05
0.129851 0.558318 0.311531 9.9973E-05 9.9973E-05 9.9973E-05
9.996E-05 0.9995 9.996E-05 9.996E-05 9.996E-05 9.996E-05
0.16422 0.073506 0.657274 0.1048 9.9982E-05 9.9982E-05
0.116541 9.99731E-05 0.847421 9.99731E-05 0.0357374 9.99731E-05
9.99641E-05 9.99641E-05 0.914198 9.99641E-05 0.0854017 9.99641E-05
0.116709 9.9973E-05 0.866046 0.0169454 9.9973E-05 9.9973E-05
