0.24132 0.0830332 0.259467 0.41608 9.9991E-05
0.261128 0.455581 0.242746 0.0404446 9.9991E-05
0.0636786 0.175444 0.428352 0.332426 9.9991E-05
0.149331 0.0561963 0.289607 0.489487 0.0153783
0.0185123 9.9991E-05 0.73841 0.203655 0.0393226
0.13923 9.9982E-05 0.339079 0.521491 9.9982E-05
9.9973E-05 0.634079 9.9973E-05 9.9973E-05 0.365621
0.087189 0.359406 0.0725846 9.9991E-05 0.48072
9.9973E-05 0.442667 9.9973E-05 9.9973E-05 0.557033
9.9982E-05 0.430402 9.9982E-05 0.0100297 0.559368
9.9973E-05 0.541514 9.9973E-05 9.9973E-05 0.458186
9.99819E-05 0.54296 0.0187873 9.99819E-05 0.438053
9.9982E-05 0.320328 0.00133867 9.9982E-05 0.678133
0.018802 0.231692 9.9982E-05 9.9982E-05 0.749306
9.9973E-05 0.485292 9.9973E-05 9.9973E-05 0.514408
9.9973E-05 0.58227 9.9973E-05 9.9973E-05 0.41743
0.0803326 0.0694656 0.286459 0.541831 0.0219118
0.0055901 0.367581 0.101248 0.525481 9.9991E-05
0.0955238 0.0761304 0.0221347 0.692602 0.113609
9.9982E-05 9.9982E-05 0.227829 0.689019 0.0829517
9.9982E-05 0.222069 0.297983 0.479749 9.9982E-05
9.9982E-05 0.139117 0.029932 0.830751 9.9982E-05
0.172922 0.250765 0.155382 0.42083 9.9991E-05
0.280902 9.9991E-05 0.174905 0.44399 0.100103
0.142849 9.9991E-05 0.121023 0.64473 0.0912986
0.180916 9.9982E-05 0.0402347 0.77865 9.9982E-05
9.9982E-05 9.9982E-05 0.338347 0.529519 0.131934
9.9982E-05 9.9982E-05 0.434587 0.444255 0.120959
0.239127 0.17447 0.427748 0.148321 0.0103337
0.113403 0.27929 0.325098 0.279755 0.00245251
9.9982E-05 0.498006 0.090605 0.411189 9.9982E-05
9.9982E-05 0.252115 0.477425 0.27026 9.9982E-05
9.9982E-05 0.130072 0.389133 0.480595 9.9982E-05
0.181306 9.9982E-05 9.9982E-05 0.742759 0.0757355
0.0573107 0.38457 9.9982E-05 0.557919 9.9982E-05
9.9991E-05 0.11312 0.224694 0.611907 0.0501789
9.9991E-05 0.222267 0.043776 0.502398 0.231459
9.9991E-05 0.0992314 0.173668 0.608447 0.118554
0.130027 0.118183 9.9991E-05 0.689575 0.0621155
0.0158496 0.0465693 0.0978583 0.762392 0.0773307
0.612255 0.000711121 9.9982E-05 0.386834 9.9982E-05
0.183955 9.9991E-05 0.397465 0.340982 0.0774976
9.9991E-05 0.0488151 0.410799 0.419814 0.120472
0.502531 9.9991E-05 0.136679 0.155442 0.205248
0.155297 0.0369457 0.277737 0.529921 9.9991E-05
0.0396437 0.110399 0.144266 0.705592 9.9991E-05
9.9982E-05 0.362482 9.9982E-05 0.611991 0.0253271
0.179186 0.513 0.0258225 0.281891 9.9991E-05
0.185929 0.624874 9.9982E-05 0.188998 9.9982E-05
0.352953 0.357257 0.0462132 0.243477 9.9991E-05
9.9982E-05 0.435911 0.0621836 0.501705 9.9982E-05
0.421099 0.0475634 9.9991E-05 0.396221 0.135016
0.0805838 0.151888 9.9991E-05 0.687872 0.0795567
0.340473 9.9982E-05 9.9982E-05 0.608593 0.0507344
0.363342 9.9982E-05 9.9982E-05 0.600836 0.0356219
9.9982E-05 9.9982E-05 0.179285 0.74032 0.0801945
0.161641 0.203498 9.9991E-05 0.0776261 0.557135
0.104749 0.148831 9.9982E-05 9.9982E-05 0.74622
0.0112356 9.9982E-05 0.0460854 9.9982E-05 0.942479
0.115687 0.179949 9.9991E-05 0.00874468 0.695519
0.0293486 0.16775 9.9982E-05 9.9982E-05 0.802702
9.9991E-05 0.19033 0.0324163 0.046383 0.730771
9.99729E-05 0.898889 9.99729E-05 9.99729E-05 0.100811
9.9982E-05 0.564781 9.9982E-05 0.0618604 0.373159
9.9982E-05 0.460656 0.0308928 9.9982E-05 0.508252
9.9973E-05 0.313255 9.9973E-05 9.9973E-05 0.686445
9.9982E-05 0.34529 9.9982E-05 0.0657755 0.588734
9.99821E-05 0.057934 9.99821E-05 0.0290959 0.91277
9.9982E-05 0.469619 9.9982E-05 0.00316333 0.527017
0.0072546 0.284308 9.9991E-05 0.00114498 0.707192
9.9991E-05 0.542682 0.0501404 0.0187901 0.388287
9.9991E-05 0.203632 0.0841577 0.0340572 0.678053
9.9982E-05 0.589766 0.000403656 9.9982E-05 0.40963
9.9982E-05 0.145756 0.0817867 9.9982E-05 0.772258
9.9982E-05 0.0701607 9.9982E-05 0.184043 0.745596
9.9991E-05 0.147894 0.0158037 0.0646008 0.771602
9.9982E-05 0.204009 0.0543739 9.9982E-05 0.741417
9.9973E-05 9.9973E-05 0.0527244 9.9973E-05 0.946976
9.9973E-05 0.128699 9.9973E-05 9.9973E-05 0.871001
9.99729E-05 0.548927 9.99729E-05 9.99729E-05 0.450774
9.9991E-05 0.144414 0.0464441 0.0343914 0.77465
0.135077 9.9991E-05 0.784682 0.0332314 0.0469095
0.865062 9.9982E-05 0.0671917 9.9982E-05 0.0675466
0.767981 9.9982E-05 0.127871 9.9982E-05 0.103949
0.000516067 0.0765699 0.880823 9.9991E-05 0.0419909
0.106694 0.206617 0.670452 0.0161364 9.9991E-05
0.275879 0.686095 0.0378262 9.99821E-05 9.99821E-05
0.091464 0.298496 0.550566 0.0593747 9.9991E-05
0.179688 0.278157 0.406096 0.13596 9.9991E-05
9.9982E-05 0.108681 0.840693 0.0504259 9.9982E-05
0.250325 0.200285 0.549191 9.9982E-05 9.9982E-05
9.9982E-05 0.01312 0.866449 9.9982E-05 0.120231
9.9982E-05 9.9982E-05 0.63674 0.323213 0.0398464
9.9973E-05 9.9973E-05 0.708137 0.291563 9.9973E-05
9.9982E-05 0.0856668 0.708121 0.206012 9.9982E-05
9.9982E-05 0.369743 0.481526 0.148532 9.9982E-05
9.9982E-05 0.131858 0.541243 0.3267 9.9982E-05
9.9991E-05 0.0163079 0.803235 0.104496 0.0758609
9.9982E-05 9.9982E-05 0.758726 0.165507 0.0755665
0.174833 0.00121412 0.606847 0.201068 0.016038
0.446098 0.0663627 0.329571 0.157868 9.9991E-05
0.442355 9.9982E-05 0.506328 0.0511166 9.9982E-05
0.583663 9.9982E-05 0.33793 0.0782065 9.9982E-05
0.635536 9.9982E-05 0.355856 9.9982E-05 0.00840805
0.00696984 0.189185 0.803646 9.9982E-05 9.9982E-05
0.00552308 9.9982E-05 0.891591 0.102686 9.9982E-05
0.200599 9.9982E-05 0.578042 0.221159 9.9982E-05
0.0157978 0.0553532 0.928649 9.9982E-05 9.9982E-05
0.022437 0.0275178 0.878971 0.02326 0.0478145
0.149436 9.9982E-05 0.815837 0.0345268 9.9982E-05
0.0734854 9.9991E-05 0.883923 0.0227342 0.019757
0.1573 9.9973E-05 0.8424 9.9973E-05 9.9973E-05
0.363585 9.9982E-05 0.394219 0.241996 9.9982E-05
0.388215 9.9991E-05 0.489961 0.0502849 0.071439
0.214962 0.0656474 0.624496 0.0947952 9.9991E-05
0.0235997 0.0554583 0.905908 0.0149337 9.9991E-05
0.183876 9.99731E-05 0.815824 9.99731E-05 9.99731E-05
0.233244 9.9991E-05 0.73192 0.0250082 0.0097276
0.133216 0.0617357 0.804848 9.9982E-05 9.9982E-05
0.721531 0.0602371 0.218032 9.9982E-05 9.9982E-05
0.571879 0.0487794 0.379142 9.9982E-05 9.9982E-05
0.478094 0.0213206 0.500385 9.9982E-05 9.9982E-05
0.15536 9.9973E-05 0.84434 9.9973E-05 9.9973E-05
0.103396 9.9991E-05 0.747448 0.0620498 0.0870057
0.163319 9.9991E-05 0.796548 0.00586046 0.0341727
0.124319 0.0290139 0.846467 9.9982E-05 9.9982E-05
0.111965 9.9982E-05 0.599602 9.9982E-05 0.288234
0.043605 0.00332354 0.622135 9.9991E-05 0.330836
0.280502 0.0373617 0.681937 9.9982E-05 9.9982E-05
0.691335 0.0402613 0.268204 9.9982E-05 9.9982E-05
0.39829 0.112854 0.488657 9.9982E-05 9.9982E-05
0.595969 9.9982E-05 0.383304 9.9982E-05 0.0205274
0.9626 0.000532761 9.9982E-05 0.0366672 9.9982E-05
0.216706 9.9982E-05 0.775132 9.9982E-05 0.00796214
0.742063 9.9973E-05 0.257637 9.9973E-05 9.9973E-05
0.32128 9.9982E-05 0.664445 0.0140752 9.9982E-05
0.437774 0.0110286 0.431763 0.119334 9.9991E-05
0.460104 0.0481792 0.491517 9.9982E-05 9.9982E-05
0.097753 0.566965 9.9982E-05 9.9982E-05 0.335082
9.9973E-05 0.359089 9.9973E-05 9.9973E-05 0.640611
9.9973E-05 0.447606 9.9973E-05 9.9973E-05 0.552095
0.0853701 0.142248 0.00922655 0.0532562 0.709899
9.9982E-05 0.105744 0.103035 9.9982E-05 0.791021
9.9982E-05 0.0806499 0.0118367 9.9982E-05 0.907313
0.00920636 0.35439 0.0173565 9.9991E-05 0.618947
9.99729E-05 0.543821 9.99729E-05 9.99729E-05 0.455879
9.99731E-05 0.96695 9.99731E-05 9.99731E-05 0.0327504
9.9982E-05 0.13245 0.105848 9.9982E-05 0.761502
9.99731E-05 9.99731E-05 9.99731E-05 0.0267243 0.972976
9.9973E-05 9.9973E-05 9.9973E-05 0.0552683 0.944432
9.9982E-05 9.9982E-05 0.0348687 0.00517627 0.959755
