9.9982E-05 9.9982E-05 0.225007 0.502461 0.269468 0.00286434
0.177276 9.9991E-05 0.0899647 0.134432 0.325201 0.273026
0.106855 9.9982E-05 0.327778 0.310009 0.255158 9.9982E-05
0.180599 9.9973E-05 0.541666 0.277435 9.9973E-05 9.9973E-05
9.9982E-05 0.0332226 0.510327 0.193196 0.263054 9.9982E-05
0.0477756 9.9982E-05 0.510204 0.399911 0.0419091 9.9982E-05
0.0590407 9.9964E-05 9.9964E-05 9.9964E-05 9.9964E-05 0.940559
9.9982E-05 0.163175 9.9982E-05 0.00786835 0.214383 0.614374
9.9982E-05 0.177494 0.0240944 9.9982E-05 0.0156531 0.782559
9.9973E-05 0.181784 9.9973E-05 0.0795814 9.9973E-05 0.738334
9.9973E-05 0.0243348 0.0396969 9.9973E-05 9.9973E-05 0.935668
9.9982E-05 9.9982E-05 0.0515282 0.0129327 0.0358306 0.899508
9.9964E-05 0.399678 9.9964E-05 9.9964E-05 9.9964E-05 0.599923
9.9973E-05 0.395679 9.9973E-05 0.0157131 9.9973E-05 0.588308
0.0442873 0.1854 9.9982E-05 9.9982E-05 0.0276845 0.742428
9.99731E-05 0.0154612 9.99731E-05 9.99731E-05 0.0496183 0.934621
0.0888959 0.0303471 0.165713 0.498038 0.216907 9.9991E-05
0.62313 0.0993147 9.9982E-05 0.254674 0.0226819 9.9982E-05
0.200396 0.0718435 0.0835117 0.644049 9.9982E-05 9.9982E-05
0.133839 0.112233 0.304107 0.449621 9.9982E-05 9.9982E-05
0.424994 0.0489255 0.275307 0.250573 9.9982E-05 9.9982E-05
0.342077 0.0715384 0.0798846 0.5063 9.9982E-05 9.9982E-05
9.9982E-05 9.9982E-05 0.0339185 0.557148 0.200266 0.208467
9.9982E-05 0.0105228 0.0343537 0.661646 0.293278 9.9982E-05
9.9982E-05 0.00141685 0.0751979 0.87377 0.0494149 9.9982E-05
9.9973E-05 9.9973E-05 0.200496 0.699383 0.0998211 9.9973E-05
9.9982E-05 0.156884 0.148369 0.518736 0.17581 9.9982E-05
9.9982E-05 0.0803063 0.398812 0.42837 0.0923117 9.9982E-05
0.217898 0.0618006 0.0373285 0.10725 0.551396 0.0243263
0.369012 0.0727802 0.0465253 0.103498 0.341322 0.0668627
0.5671 9.9982E-05 0.265475 0.0430457 9.9982E-05 0.124179
0.247171 9.9982E-05 0.550004 0.096276 9.9982E-05 0.10635
0.264288 9.9973E-05 0.537383 0.198029 9.9973E-05 9.9973E-05
9.9982E-05 9.9982E-05 0.00604187 0.915173 0.00302386 0.0755616
0.0698359 9.9973E-05 9.9973E-05 0.710817 9.9973E-05 0.219047
0.1128 9.9991E-05 0.196129 0.525604 0.0916971 0.0736698
0.170986 0.247856 0.129675 0.344043 9.9991E-05 0.107339
9.9991E-05 0.0694138 0.180372 0.709936 0.0045998 0.0355789
0.222147 0.0757187 9.9991E-05 0.636669 0.0394934 0.0258716
0.107087 0.0654098 0.163124 0.664178 9.9982E-05 9.9982E-05
0.163552 9.9982E-05 0.145299 0.395589 0.29536 9.9982E-05
0.0537221 0.0912112 0.304725 0.259784 0.290457 9.9991E-05
0.169 0.116008 0.505111 0.209681 9.9982E-05 9.9982E-05
9.9991E-05 0.0795818 0.200205 0.233951 0.408739 0.077424
0.0458064 9.9982E-05 0.366481 0.437299 0.150214 9.9982E-05
0.121685 0.00724155 0.365382 0.505492 9.9982E-05 9.9982E-05
0.615963 0.13634 9.9973E-05 0.247398 9.9973E-05 9.9973E-05
0.785092 0.00185461 0.0520832 0.00731065 0.0645513 0.0891078
0.9995 9.996E-05 9.996E-05 9.996E-05 9.996E-05 9.996E-05
0.667293 9.9973E-05 9.9973E-05 0.0684527 0.263955 9.9973E-05
0.682282 0.0923871 0.0428404 0.18229 9.9982E-05 9.9982E-05
0.143041 0.0055658 9.9991E-05 0.503184 0.210841 0.137268
0.365917 0.140361 9.9973E-05 0.493423 9.9973E-05 9.9973E-05
0.106529 0.0231101 9.9982E-05 0.718888 0.151273 9.9982E-05
0.131201 9.9982E-05 9.9982E-05 0.686018 0.152584 0.0299968
9.9982E-05 0.116904 0.258421 0.577362 0.0471127 9.9982E-05
9.9982E-05 0.267209 9.9982E-05 0.223044 0.0686172 0.44093
9.9982E-05 0.473589 9.9982E-05 0.113139 0.101716 0.311356
9.9982E-05 0.906832 9.9982E-05 0.0206371 0.0589064 0.0134247
0.0856067 0.508967 9.9991E-05 0.0326204 0.00936724 0.363339
9.9973E-05 0.527822 0.0236669 9.9973E-05 9.9973E-05 0.448211
0.186196 0.590252 9.9982E-05 9.9982E-05 0.0219413 0.201411
0.257896 9.99639E-05 9.99639E-05 9.99639E-05 9.99639E-05 0.741704
0.0371103 0.0452602 0.134174 0.0443018 9.9991E-05 0.739053
9.9973E-05 0.140892 0.095902 9.9973E-05 9.9973E-05 0.762906
9.9964E-05 0.350301 9.9964E-05 9.9964E-05 9.9964E-05 0.649299
9.9982E-05 0.220822 0.00487906 0.159222 9.9982E-05 0.614877
9.99731E-05 0.635877 9.99731E-05 0.107728 9.99731E-05 0.256095
9.9973E-05 0.12289 9.9973E-05 0.160177 9.9973E-05 0.716634
9.9973E-05 0.331926 9.9973E-05 0.0617574 9.9973E-05 0.606017
9.9973E-05 9.9973E-05 0.086317 0.107418 9.9973E-05 0.805965
9.9982E-05 0.461552 0.0122946 0.0598641 9.9982E-05 0.466089
9.9973E-05 0.0410795 9.9973E-05 9.9973E-05 0.0579632 0.900657
0.0153143 0.620792 0.0622312 9.9991E-05 0.0381704 0.263392
9.9973E-05 0.709777 9.9973E-05 0.129677 9.9973E-05 0.160246
0.169852 0.738119 9.9973E-05 9.9973E-05 9.9973E-05 0.0917295
9.9973E-05 0.511042 0.126657 9.9973E-05 9.9973E-05 0.362001
9.9964E-05 0.939768 0.0598317 9.9964E-05 9.9964E-05 9.9964E-05
9.9973E-05 0.624864 9.9973E-05 0.0135712 9.9973E-05 0.361265
0.0815664 0.160178 9.9973E-05 9.9973E-05 9.9973E-05 0.757955
0.152836 0.731196 0.0144132 9.9982E-05 9.9982E-05 0.101355
9.9982E-05 0.0857672 0.294967 0.0563971 0.562669 9.9982E-05
9.9982E-05 0.0525431 9.9982E-05 0.0231442 0.867901 0.0562113
9.9982E-05 0.0627913 9.9982E-05 0.00347197 0.876516 0.0570206
0.0323452 0.0619598 0.46495 9.9982E-05 0.440545 9.9982E-05
0.239614 0.0417288 0.162918 9.9982E-05 0.55554 9.9982E-05
0.742717 9.99641E-05 9.99641E-05 9.99641E-05 0.256883 9.99641E-05
0.188601 9.9982E-05 0.485405 9.9982E-05 0.210105 0.115689
0.235997 9.9982E-05 0.476168 9.9982E-05 0.20401 0.0836245
0.143009 9.9973E-05 0.751035 9.9973E-05 0.105656 9.9973E-05
0.220095 9.9973E-05 0.314329 9.9973E-05 0.465275 9.9973E-05
9.99641E-05 0.0390321 0.960568 9.99641E-05 9.99641E-05 9.99641E-05
9.9964E-05 9.9964E-05 0.914878 0.0847223 9.9964E-05 9.9964E-05
0.00413181 9.9982E-05 0.787753 0.147259 0.0606558 9.9982E-05
0.127668 9.9991E-05 0.791798 0.0388176 0.0234979 0.0181189
0.425699 9.9973E-05 0.570992 9.9973E-05 9.9973E-05 0.0030082
0.154982 9.9973E-05 0.701411 0.143308 9.9973E-05 9.9973E-05
9.9973E-05 0.0430766 0.853432 9.9973E-05 0.103192 9.9973E-05
9.9982E-05 0.0150638 0.853993 0.09548 0.0352628 9.9982E-05
9.9982E-05 9.9982E-05 0.582966 0.145839 0.244549 0.0264467
0.234879 9.9982E-05 0.044792 0.0706741 0.649455 9.9982E-05
0.0215281 9.9982E-05 0.179764 0.0577272 0.740781 9.9982E-05
0.000801052 9.9973E-05 9.9973E-05 0.145438 0.853461 9.9973E-05
0.0314879 9.9982E-05 0.0555711 0.0547008 0.85804 9.9982E-05
0.146773 0.00211979 0.341128 9.9991E-05 0.469229 0.04065
9.9982E-05 0.00801888 0.313599 0.124062 0.55412 9.9982E-05
0.0491821 0.0446965 0.127827 0.221792 0.556402 9.9991E-05
9.9973E-05 0.0467888 0.305249 9.9973E-05 0.647663 9.9973E-05
9.9973E-05 0.0905953 0.37073 9.9973E-05 0.538374 9.9973E-05
9.9973E-05 9.9973E-05 0.468222 0.0118996 0.519578 9.9973E-05
9.9982E-05 0.0225594 0.368875 0.102852 0.505514 9.9982E-05
9.9982E-05 0.00343879 0.294862 0.0211837 0.680316 9.9982E-05
0.113401 9.9982E-05 0.239757 0.104174 0.542468 9.9982E-05
0.0912587 0.0644876 0.208125 9.9982E-05 0.635929 9.9982E-05
0.0725719 9.9982E-05 0.374686 0.0793528 0.473189 9.9982E-05
0.050994 0.0244244 0.385423 0.0160001 0.523058 9.9991E-05
0.0203765 0.0229077 0.260744 9.9982E-05 0.695771 9.9982E-05
9.9973E-05 9.9973E-05 0.21743 0.0232557 0.759014 9.9973E-05
0.0643853 9.99729E-05 0.381172 9.99729E-05 0.554143 9.99729E-05
9.9973E-05 9.9973E-05 9.9973E-05 0.132441 0.794175 0.0730845
0.0327552 9.9991E-05 0.0589936 0.0192777 0.824938 0.0639356
9.9973E-05 9.9973E-05 0.148244 9.9973E-05 0.819806 0.0316496
9.9964E-05 9.9964E-05 0.433706 9.9964E-05 0.565894 9.9964E-05
9.9982E-05 0.0580239 0.409797 0.0667116 0.465267 9.9982E-05
9.9982E-05 0.0472197 0.325719 0.0652711 0.56159 9.9982E-05
9.9973E-05 0.0430844 0.335648 9.9973E-05 0.620968 9.9973E-05
9.9991E-05 0.242222 0.125157 0.164321 0.456852 0.0113483
9.9982E-05 0.297392 0.244588 9.9982E-05 0.393885 0.0639359
0.0537211 9.9973E-05 0.238869 9.9973E-05 0.70711 9.9973E-05
0.112932 9.9973E-05 0.0152627 9.9973E-05 0.871505 9.9973E-05
9.9973E-05 9.9973E-05 0.157863 9.9973E-05 0.731174 0.110663
9.9982E-05 9.9982E-05 0.0210353 0.0977 0.837917 0.0431475
0.16675 9.9973E-05 9.9973E-05 0.0654375 0.767512 9.9973E-05
0.0392754 0.0300378 0.234698 9.9982E-05 0.695789 9.9982E-05
0.050314 9.9991E-05 0.0805084 0.0594512 0.800652 0.00897415
9.9973E-05 9.9973E-05 0.29021 0.0430289 0.666461 9.9973E-05
0.13484 9.9982E-05 0.164138 0.0956379 0.605184 9.9982E-05
0.0231478 9.9973E-05 9.9973E-05 9.9973E-05 0.905611 0.0709409
0.174701 0.0215676 9.9982E-05 9.9982E-05 0.0842324 0.719299
0.0402911 0.364178 0.0282063 9.9982E-05 9.9982E-05 0.567125
0.118085 0.270069 0.0354435 9.9982E-05 9.9982E-05 0.576202
0.0833252 0.614344 0.0312768 9.9991E-05 0.0998151 0.171139
9.9982E-05 0.625304 0.061408 9.9982E-05 0.0968994 0.216188
0.00512447 0.756354 9.9973E-05 9.9973E-05 9.9973E-05 0.238222
9.9982E-05 0.313742 0.037506 9.9982E-05 0.0186872 0.629865
0.0100933 0.120362 0.0474209 9.9982E-05 9.9982E-05 0.821924
0.212531 9.99641E-05 9.99641E-05 9.99641E-05 9.99641E-05 0.787069
9.9973E-05 0.621235 9.9973E-05 9.9973E-05 0.100481 0.277983
9.99641E-05 0.962488 9.99641E-05 0.0371124 9.99641E-05 9.99641E-05
9.9964E-05 0.955832 9.9964E-05 0.0437683 9.9964E-05 9.9964E-05
9.9973E-05 0.906735 0.0771564 9.9973E-05 9.9973E-05 0.0158085
