0.74161 9.9991E-05 0.25829
0.494856 9.9991E-05 0.505044
0.724675 0.0441483 0.231177
0.725856 0.115601 0.158542
0.902567 0.0973328 9.9991E-05
0.9026 0.0949019 0.0024978
9.999E-05 0.402303 0.597597
0.12782 0.522321 0.34986
9.9991E-05 0.603198 0.396702
9.9991E-05 0.598117 0.401783
9.9991E-05 0.48932 0.51058
9.9991E-05 0.49105 0.50885
9.9991E-05 0.780763 0.219137
0.0032498 0.79815 0.1986
9.9991E-05 0.53604 0.46386
9.9991E-05 0.495591 0.504309
0.748547 0.135474 0.115979
0.431509 0.132047 0.436445
0.52106 0.258674 0.220266
0.723105 0.27434 0.00255471
0.615018 0.115971 0.269012
0.52906 0.198217 0.272724
0.57833 0.0902631 0.331407
0.742385 0.14906 0.108555
0.719408 0.25876 0.0218322
0.793716 0.141999 0.0642854
0.712439 0.287461 9.9991E-05
0.757931 0.241969 9.9991E-05
0.706016 0.0574601 0.236524
0.564936 0.115271 0.319793
0.36167 0.00723118 0.631099
0.620886 0.0939332 0.285181
0.717905 0.0261702 0.255924
0.601079 0.195518 0.203403
0.350023 0.0681911 0.581786
0.665819 0.137311 0.19687
0.357234 0.376479 0.266287
0.577246 0.272332 0.150422
0.533233 0.162912 0.303855
0.66702 0.221114 0.111867
0.721509 9.9991E-05 0.278391
0.775136 0.135602 0.0892619
0.680656 0.203104 0.11624
0.708882 0.184028 0.10709
0.803312 0.072066 0.124622
0.704157 0.109587 0.186256
0.291438 0.198485 0.510076
0.358061 0.00289006 0.639049
0.224599 9.9991E-05 0.775301
0.497881 9.9991E-05 0.502019
0.419704 0.0596201 0.520675
0.521479 0.137892 0.340629
0.484003 0.201467 0.314529
0.612635 0.137308 0.250057
0.613235 0.098781 0.287984
0.730617 0.258297 0.0110862
0.0878148 0.559851 0.352334
0.129922 0.73329 0.136788
0.0832553 0.916645 9.9991E-05
9.9991E-05 0.704144 0.295756
9.9991E-05 0.82759 0.17231
0.0698051 0.734066 0.196129
9.9991E-05 0.139502 0.860398
9.9991E-05 0.407455 0.592445
9.9991E-05 0.571079 0.428821
9.9991E-05 0.707098 0.292802
0.0490062 0.624321 0.326672
9.9991E-05 0.944967 0.0549332
9.9991E-05 0.484932 0.514968
9.9991E-05 0.73096 0.26894
0.0323271 0.427892 0.539781
0.0404603 0.738136 0.221404
9.9991E-05 0.453585 0.546315
0.0698057 0.835355 0.0948397
0.0801668 0.896064 0.023769
0.0573509 0.832523 0.110127
9.9991E-05 0.754946 0.244954
9.999E-05 0.9998 9.999E-05
9.9991E-05 0.845061 0.154839
9.9991E-05 0.47823 0.52167
0.0884843 0.791351 0.120165
0.940657 0.059243 9.9991E-05
0.826309 9.9991E-05 0.173591
0.797284 0.0413923 0.161324
0.912763 0.0871371 9.9991E-05
0.823383 0.00209646 0.17452
0.294649 9.9991E-05 0.705251
0.662362 0.0347881 0.30285
0.690703 9.9991E-05 0.309197
0.886354 0.0635909 0.050055
0.754776 9.9991E-05 0.245124
0.834303 0.165597 9.9991E-05
0.825242 0.174658 9.9991E-05
0.852384 0.147516 9.9991E-05
0.857084 0.0959288 0.0469875
0.587946 0.0155826 0.396472
0.767697 0.0794867 0.152816
0.830049 0.169851 9.9991E-05
0.83133 0.16857 9.9991E-05
0.860781 0.0877565 0.0514625
0.801353 9.9991E-05 0.198547
0.975238 9.9991E-05 0.0246625
0.90777 9.9991E-05 0.0921302
0.882096 9.9991E-05 0.117804
0.833301 0.0287192 0.13798
0.973515 0.0263851 9.9991E-05
0.943602 0.0562985 9.9991E-05
0.941903 0.057997 9.9991E-05
0.938485 0.061415 9.9991E-05
0.96526 0.03464 9.9991E-05
0.961698 0.0382022 9.9991E-05
0.999011 0.000888812 9.9991E-05
0.878265 9.9991E-05 0.121635
0.863259 0.0393813 0.09736
0.865973 9.9991E-05 0.133927
0.934941 0.0194834 0.045576
0.962951 0.031882 0.00516687
0.9998 9.999E-05 9.999E-05
0.941372 9.9991E-05 0.0585284
0.72452 9.9991E-05 0.27538
0.791225 9.9991E-05 0.208675
0.897731 9.9991E-05 0.102169
0.9998 9.999E-05 9.999E-05
0.860161 0.139739 9.9991E-05
0.937925 0.0619745 9.9991E-05
0.965675 0.0306037 0.00372171
0.697779 0.302121 9.9991E-05
0.586812 0.413088 9.9991E-05
0.908933 9.9991E-05 0.0909671
0.793726 9.9991E-05 0.206174
0.815421 9.9991E-05 0.184479
0.875259 9.9991E-05 0.124641
0.68913 9.9991E-05 0.31077
0.9998 9.999E-05 9.999E-05
0.831344 9.9991E-05 0.168556
0.939327 9.9991E-05 0.0605731
0.872112 9.9991E-05 0.127788
0.82363 9.9991E-05 0.17627
0.0284547 0.336855 0.634691
9.9991E-05 0.667908 0.331992
9.9991E-05 0.538893 0.461007
0.0773143 0.734557 0.188129
0.0974261 0.832565 0.070009
9.9991E-05 0.927654 0.0722456
9.9991E-05 0.669888 0.330012
9.9991E-05 0.492138 0.507762
9.9991E-05 0.0853745 0.914526
0.0732118 0.843472 0.0833158
9.999E-05 0.9998 9.999E-05
0.00884815 0.991052 9.9991E-05
0.0271625 0.972738 9.9991E-05
