0.155464 0.00470754 0.0391966 0.2999 0.500633 9.9991E-05
0.0748481 0.192689 0.275799 0.37049 0.0860744 9.9991E-05
0.37287 0.0683146 0.0582529 0.198317 0.302145 9.9991E-05
0.590731 0.111146 9.9973E-05 9.9973E-05 0.297823 9.9973E-05
0.482712 9.9982E-05 9.9982E-05 0.299533 0.21001 0.00754444
0.569263 0.0248278 9.9973E-05 9.9973E-05 0.405609 9.9973E-05
9.9973E-05 0.0468595 0.877559 9.9973E-05 9.9973E-05 0.0752818
9.9991E-05 0.00320179 0.531346 0.164265 0.0710629 0.230024
9.9973E-05 9.9973E-05 0.700872 0.0147504 9.9973E-05 0.284078
9.9973E-05 9.9973E-05 0.671754 9.9973E-05 0.0659361 0.26201
9.9964E-05 9.9964E-05 0.857823 9.9964E-05 9.9964E-05 0.141777
9.9982E-05 9.9982E-05 0.790196 0.0212094 0.0580902 0.130304
9.9973E-05 9.9973E-05 0.494459 0.00975875 9.9973E-05 0.495482
9.9973E-05 9.9973E-05 0.426318 9.9973E-05 0.0679509 0.505431
9.9982E-05 0.0796515 0.666921 9.9982E-05 0.0094621 0.243765
9.99731E-05 9.99731E-05 0.837588 0.0214935 9.99731E-05 0.140618
0.114292 0.125465 9.9991E-05 0.235128 0.497873 0.0271423
9.9982E-05 0.621401 9.9982E-05 0.0268176 0.236322 0.115259
0.126917 0.175123 9.9982E-05 9.9982E-05 0.626804 0.0709561
0.321069 0.0753766 9.9982E-05 9.9982E-05 0.493534 0.109821
0.186914 0.433648 9.9991E-05 0.0611193 0.236741 0.0814774
0.0583683 0.364437 9.9982E-05 9.9982E-05 0.515149 0.0618458
9.9973E-05 9.9973E-05 0.22285 0.221444 0.555406 9.9973E-05
9.9982E-05 9.9982E-05 0.00237927 0.31187 0.682316 0.00323422
0.0915946 9.99731E-05 9.99731E-05 0.0544265 0.853679 9.99731E-05
0.100959 9.9973E-05 9.9973E-05 0.176813 0.721928 9.9973E-05
0.00457387 9.9982E-05 9.9982E-05 0.219494 0.602543 0.173188
0.278328 9.9982E-05 9.9982E-05 0.150282 0.506509 0.0646818
9.9982E-05 0.25728 9.9982E-05 0.577419 0.0631664 0.101934
0.025301 0.404353 9.9991E-05 0.307468 0.120737 0.142041
0.227461 0.443731 0.182432 9.9982E-05 0.146175 9.9982E-05
0.507411 0.228977 0.117738 0.0521257 0.0936486 9.9991E-05
0.442671 0.26322 9.9982E-05 0.000395707 0.293514 9.9982E-05
0.0249748 9.9973E-05 0.0743814 9.9973E-05 0.900344 9.9973E-05
9.9964E-05 9.9964E-05 0.313021 9.9964E-05 0.68658 9.9964E-05
0.0947002 0.0933422 0.0688587 0.161227 0.55813 0.0237422
0.168425 0.0999612 0.192172 9.9991E-05 0.354584 0.184757
0.189969 9.9991E-05 0.124655 0.0151563 0.651723 0.0183963
9.9991E-05 0.203428 0.0315892 0.0760289 0.643475 0.0453786
0.133531 0.118715 9.9982E-05 9.9982E-05 0.688412 0.0591421
0.291626 0.14966 9.9982E-05 0.197444 0.36107 9.9982E-05
0.305885 0.0973906 9.9991E-05 0.286661 0.241606 0.0683567
0.545834 0.1608 9.9982E-05 9.9982E-05 0.187656 0.10551
0.228483 9.9991E-05 0.119599 0.34501 0.253684 0.0531234
0.403488 0.0461804 9.9982E-05 0.0869881 0.463144 9.9982E-05
0.362305 0.139972 9.9973E-05 9.9973E-05 0.497423 9.9973E-05
9.9973E-05 0.593737 9.9973E-05 9.9973E-05 0.296942 0.109021
0.0161067 0.809443 0.0590181 0.0397933 0.0539433 0.021696
9.9964E-05 0.988011 9.9964E-05 0.0115889 9.9964E-05 9.9964E-05
9.9973E-05 0.720352 9.9973E-05 0.257084 0.0222645 9.9973E-05
0.0359845 0.693589 9.9982E-05 9.9982E-05 0.18113 0.0890957
9.9991E-05 0.152868 0.0978857 0.263831 0.445651 0.0396646
9.9982E-05 0.379103 9.9982E-05 0.00926504 0.49752 0.113912
9.9982E-05 0.14446 9.9982E-05 0.166683 0.662719 0.0259383
9.9982E-05 0.131443 9.9982E-05 0.138446 0.703766 0.0261446
0.232596 0.015319 9.9982E-05 9.9982E-05 0.652449 0.0994354
9.9982E-05 9.9982E-05 0.373313 0.0413977 0.268087 0.317002
9.9982E-05 9.9982E-05 0.310193 0.0888391 0.122025 0.478742
0.0846273 9.9982E-05 0.0186414 0.0186275 9.9982E-05 0.877904
9.9991E-05 0.0436982 0.303872 0.0393234 0.0671951 0.545812
0.0226142 9.9973E-05 0.362582 9.9973E-05 9.9973E-05 0.614504
9.9982E-05 0.133784 0.182153 0.0279425 9.9982E-05 0.655921
9.99639E-05 0.192861 0.806739 9.99639E-05 9.99639E-05 9.99639E-05
0.139928 9.9982E-05 0.788307 9.9982E-05 0.0117152 0.0598499
0.0445398 9.9973E-05 0.71301 9.9973E-05 9.9973E-05 0.24215
9.9973E-05 9.9973E-05 0.527699 9.9973E-05 0.00237619 0.469625
9.9973E-05 9.9973E-05 0.500527 9.9973E-05 0.155227 0.343946
9.99731E-05 9.99731E-05 0.232243 9.99731E-05 0.0785839 0.688873
9.9973E-05 9.9973E-05 0.701817 9.9973E-05 0.0943436 0.203539
9.9973E-05 9.9973E-05 0.509384 9.9973E-05 0.063374 0.426942
0.1119 9.9982E-05 0.709688 9.9982E-05 0.0883214 0.0898912
0.0439227 9.9982E-05 0.321102 9.9982E-05 0.108347 0.526428
0.0326901 9.9991E-05 0.851609 0.0107371 0.0197508 0.085113
0.0262749 0.091147 0.223223 9.9982E-05 9.9982E-05 0.659156
9.9982E-05 0.0208081 0.112781 9.9982E-05 0.179773 0.686438
9.9973E-05 0.121957 0.108755 9.9973E-05 9.9973E-05 0.768987
0.129766 9.9973E-05 0.318839 9.9973E-05 9.9973E-05 0.551094
0.0423889 9.9964E-05 9.9964E-05 9.9964E-05 9.9964E-05 0.957211
9.9973E-05 9.9973E-05 0.304043 9.9973E-05 0.0140756 0.681581
9.9982E-05 0.0903496 0.646273 9.9982E-05 0.0145857 0.248592
0.0475182 0.161898 0.0392809 9.9982E-05 9.9982E-05 0.751103
0.217412 9.9982E-05 9.9982E-05 0.621072 0.0945166 0.0668
9.9982E-05 0.0158734 0.095262 0.800602 0.0880632 9.9982E-05
9.9973E-05 9.9973E-05 0.122652 0.859412 9.9973E-05 0.0176356
0.415646 0.0431721 9.9982E-05 0.487139 9.9982E-05 0.0538434
0.142984 0.255354 9.9982E-05 0.564432 9.9982E-05 0.0370304
9.99731E-05 0.71188 0.0833637 0.204457 9.99731E-05 9.99731E-05
0.505566 0.221148 0.117577 0.155509 9.9982E-05 9.9982E-05
0.537776 0.170005 0.140334 0.151685 9.9982E-05 9.9982E-05
0.678952 0.131043 9.9973E-05 0.189706 9.9973E-05 9.9973E-05
0.326475 0.240176 9.9973E-05 0.43305 9.9973E-05 9.9973E-05
0.939625 9.9973E-05 9.9973E-05 0.0216795 9.9973E-05 0.0383956
0.89318 9.9964E-05 9.9964E-05 9.9964E-05 0.10642 9.9964E-05
0.676262 9.9982E-05 9.9982E-05 0.136112 0.174272 0.0131539
0.789624 0.0705452 0.0372335 0.0581943 0.0443026 9.9991E-05
0.558978 0.440622 9.99639E-05 9.99639E-05 9.99639E-05 9.99639E-05
0.681383 0.190558 9.9973E-05 9.9973E-05 0.12776 9.9973E-05
0.855864 9.9973E-05 9.9973E-05 0.116963 9.9973E-05 0.0268731
0.845022 9.9973E-05 9.9973E-05 0.0535172 0.101161 9.9973E-05
0.581221 9.9982E-05 0.0224695 0.228137 0.167973 9.9982E-05
0.016287 0.257861 9.9991E-05 0.644485 0.0691887 0.0120778
0.102477 0.0630326 9.9982E-05 0.774424 0.0598673 9.9982E-05
9.9982E-05 0.0528766 9.9982E-05 0.849198 0.09417 0.00355594
0.0448575 0.0447033 9.9982E-05 0.871347 0.0388918 9.9982E-05
0.271402 0.14097 9.9982E-05 0.569676 9.9982E-05 0.0177526
0.200313 9.9982E-05 9.9982E-05 0.639636 0.104716 0.0551348
0.0486652 0.0268438 9.9991E-05 0.642123 0.231562 0.0507059
0.230708 0.00418121 9.9982E-05 0.698698 9.9982E-05 0.0662126
0.299775 9.9973E-05 9.9973E-05 0.624666 9.9973E-05 0.0752596
0.413575 9.9982E-05 9.9982E-05 0.569764 0.0149402 0.00152079
0.310381 9.9982E-05 9.9982E-05 0.594068 0.0836267 0.0117239
0.256369 9.9973E-05 9.9973E-05 0.73776 0.00557098 9.9973E-05
0.283946 0.111596 9.9982E-05 0.462841 0.141418 9.9982E-05
0.215191 0.0868326 9.9991E-05 0.622628 0.0137055 0.061543
0.350738 0.0540575 0.000117709 0.491745 0.103241 9.9991E-05
0.333691 0.0447647 9.9982E-05 0.594594 9.9982E-05 0.0267501
0.142864 0.0461614 9.9982E-05 0.79654 9.9982E-05 0.0142346
0.136102 9.9982E-05 9.9982E-05 0.788467 0.0282996 0.0469308
0.331967 0.0407917 9.9973E-05 0.626941 9.9973E-05 9.9973E-05
9.9973E-05 9.9973E-05 0.119345 0.776138 0.104218 9.9973E-05
0.138367 0.0182936 0.0927845 0.750355 9.9982E-05 9.9982E-05
0.200488 9.9982E-05 0.0827729 0.708176 0.00836378 9.9982E-05
0.418766 9.9964E-05 9.9964E-05 0.580834 9.9964E-05 9.9964E-05
0.403142 9.9982E-05 9.9982E-05 0.497063 0.0421958 0.0573993
0.328262 9.9982E-05 9.9982E-05 0.585349 0.0298329 0.0563563
0.27584 9.9973E-05 9.9973E-05 0.703572 9.9973E-05 0.0202878
9.9973E-05 9.9973E-05 9.9973E-05 0.583574 0.1851 0.231026
0.16261 9.9991E-05 0.0502573 0.455814 0.0219955 0.309224
0.197135 0.048589 9.9973E-05 0.753976 9.9973E-05 9.9973E-05
9.9973E-05 0.10518 0.0323472 0.862173 9.9973E-05 9.9973E-05
0.149609 9.9982E-05 0.102237 0.7415 0.00645455 9.9982E-05
0.0494204 9.9982E-05 0.0818919 0.834416 0.034072 9.9982E-05
9.9973E-05 0.159052 9.9973E-05 0.74743 0.0932179 9.9973E-05
0.13126 0.0204066 9.9982E-05 0.811859 9.9982E-05 0.0362738
0.0829578 0.0474864 0.0319813 0.763961 0.0735139 9.9991E-05
0.253489 9.9982E-05 9.9982E-05 0.710667 0.0352905 0.000353289
0.237841 0.119628 9.9982E-05 0.572183 0.0701487 9.9982E-05
9.9964E-05 9.9964E-05 0.0787033 0.920897 9.9964E-05 9.9964E-05
9.9982E-05 0.0559052 0.769493 0.0915042 9.9982E-05 0.0828978
0.0425309 0.0302745 0.514997 9.9982E-05 9.9982E-05 0.411997
9.9973E-05 0.168608 0.489051 9.9973E-05 9.9973E-05 0.342041
0.0494812 0.1027 0.214776 0.030137 9.9991E-05 0.602805
0.123647 0.0315506 0.097969 0.0259731 9.9991E-05 0.72076
9.9982E-05 0.027684 0.141798 0.0144413 9.9982E-05 0.815877
0.0590754 9.9973E-05 0.574727 9.9973E-05 9.9973E-05 0.365897
0.0241724 9.9973E-05 0.792632 9.9973E-05 9.9973E-05 0.182895
9.99641E-05 0.0980488 0.901551 9.99641E-05 9.99641E-05 9.99641E-05
9.9973E-05 9.9973E-05 0.301381 0.0893357 9.9973E-05 0.608984
9.99641E-05 9.99641E-05 9.99641E-05 9.99641E-05 0.0693838 0.930216
9.9964E-05 9.9964E-05 9.9964E-05 9.9964E-05 0.0557095 0.943891
0.0862306 0.018336 9.9973E-05 9.9973E-05 9.9973E-05 0.895133
