9.9973E-05 0.397898 0.226077 9.9973E-05 0.198526 9.9973E-05 0.148536 0.0286633
9.999E-05 0.0273807 0.357261 0.0698257 0.0212912 0.0208298 0.173141 0.330171
9.9973E-05 0.21471 0.0514583 9.9973E-05 0.350068 9.9973E-05 0.225765 0.157699
0.00269172 0.187046 0.122313 0.0366386 9.9973E-05 9.9973E-05 0.651011 9.9973E-05
9.9955E-05 0.205521 9.9955E-05 9.9955E-05 0.613989 9.9955E-05 0.17999 9.9955E-05
9.9973E-05 0.330602 0.0823131 0.00296158 0.0542819 9.9973E-05 0.529542 9.9973E-05
9.9955E-05 9.9955E-05 9.9955E-05 0.0891938 9.9955E-05 0.655059 9.9955E-05 0.255248
9.9973E-05 9.9973E-05 0.0529969 0.116287 0.110538 0.602108 9.9973E-05 0.11777
9.9964E-05 9.9964E-05 0.0472129 9.9964E-05 9.9964E-05 0.797527 0.0347303 0.12013
9.9973E-05 0.0156048 0.0129469 0.0719176 9.9973E-05 0.834498 9.9973E-05 0.0647325
9.99549E-05 9.99549E-05 0.0340448 9.99549E-05 9.99549E-05 0.66739 9.99549E-05 0.298065
0.00993647 0.0205138 9.99729E-05 9.99729E-05 0.0313021 0.431564 9.99729E-05 0.506384
0.133936 9.9955E-05 9.9955E-05 9.9955E-05 9.9955E-05 0.789603 9.9955E-05 0.075961
9.9946E-05 9.9946E-05 9.9946E-05 0.002694 9.9946E-05 0.996706 9.9946E-05 9.9946E-05
9.9964E-05 9.9964E-05 0.016605 0.0924301 9.9964E-05 0.720031 9.9964E-05 0.170534
9.9964E-05 9.9964E-05 0.0223159 0.0422478 9.9964E-05 0.638681 9.9964E-05 0.296356
9.9955E-05 0.471687 9.9955E-05 0.188789 0.339024 9.9955E-05 9.9955E-05 9.9955E-05
0.0686204 0.181496 9.9964E-05 0.647527 0.101957 9.9964E-05 9.9964E-05 9.9964E-05
0.031289 0.649074 9.9973E-05 0.207169 9.9973E-05 9.9973E-05 0.111687 0.000480864
0.0631512 0.521688 9.9973E-05 0.161813 0.15565 9.9973E-05 0.0973972 9.9973E-05
9.99639E-05 0.262823 9.99639E-05 0.501311 0.221138 0.0143277 9.99639E-05 9.99639E-05
9.99549E-05 0.466858 9.99549E-05 0.431269 9.99549E-05 9.99549E-05 0.101373 9.99549E-05
9.9964E-05 0.517695 0.196579 9.9964E-05 0.0611447 9.9964E-05 9.9964E-05 0.224182
9.9964E-05 0.681759 0.126769 9.9964E-05 0.189693 9.9964E-05 9.9964E-05 0.0013796
9.99641E-05 0.864223 0.0781424 9.99641E-05 0.0433002 9.99641E-05 0.0139345 9.99641E-05
9.9964E-05 0.573019 0.232247 0.0157222 9.9964E-05 9.9964E-05 0.178611 9.9964E-05
0.0921946 0.542459 9.9964E-05 0.019287 0.345659 9.9964E-05 9.9964E-05 9.9964E-05
0.00807041 0.452271 9.9973E-05 9.9973E-05 0.372471 0.0609586 0.105928 9.9973E-05
9.9982E-05 0.0374197 0.186678 0.250749 0.447582 0.0608789 0.0164921 9.9982E-05
9.9973E-05 9.9973E-05 0.0819075 0.406591 0.309594 0.141601 0.0600069 9.9973E-05
9.9955E-05 9.9955E-05 9.9955E-05 0.345657 9.9955E-05 9.9955E-05 0.369985 0.283858
0.0370422 0.0875006 9.9982E-05 0.199153 0.249212 9.9982E-05 0.299162 0.12773
9.9964E-05 0.166156 9.9964E-05 0.22945 0.0922687 9.9964E-05 0.511725 9.9964E-05
9.9964E-05 0.817446 0.144348 9.9964E-05 9.9964E-05 0.0254963 9.9964E-05 0.0123096
9.99549E-05 0.614469 0.0587616 9.99549E-05 9.99549E-05 9.99549E-05 9.99549E-05 0.326269
9.9973E-05 0.479706 9.9973E-05 0.12689 0.235042 9.9973E-05 0.060566 0.0974972
0.149666 0.398727 9.9964E-05 9.9964E-05 9.9964E-05 9.9964E-05 0.11168 0.339527
0.0337733 0.670584 9.9973E-05 9.9973E-05 0.134211 9.9973E-05 0.0312013 0.129931
0.033907 0.521012 0.184364 0.154988 9.9982E-05 0.0560319 0.049497 9.9982E-05
9.9964E-05 0.655302 9.9964E-05 0.160653 0.033776 9.9964E-05 0.149869 9.9964E-05
9.9955E-05 0.159872 0.521307 9.9955E-05 9.9955E-05 9.9955E-05 0.318321 9.9955E-05
0.0966544 0.192678 0.198226 9.9973E-05 0.0617403 9.9973E-05 0.450401 9.9973E-05
0.0973928 0.208239 9.9982E-05 0.0783354 0.0674035 0.0133895 0.53504 9.9982E-05
0.150148 0.171087 0.537258 9.9964E-05 9.9964E-05 9.9964E-05 0.141108 9.9964E-05
9.9964E-05 0.273895 0.192271 9.9964E-05 9.9964E-05 0.0290734 0.504361 9.9964E-05
9.9955E-05 0.375425 9.9955E-05 0.0833391 9.9955E-05 9.9955E-05 0.540736 9.9955E-05
0.105185 0.23613 9.9955E-05 0.658185 9.9955E-05 9.9955E-05 9.9955E-05 9.9955E-05
9.9964E-05 9.9964E-05 0.115972 0.713856 9.9964E-05 9.9964E-05 0.0341451 0.135627
9.9955E-05 9.9955E-05 0.139948 0.801562 9.9955E-05 9.9955E-05 9.9955E-05 0.0579905
9.9955E-05 9.9955E-05 0.320566 0.669945 9.9955E-05 9.9955E-05 0.00898894 9.9955E-05
0.00731639 0.0978342 9.9982E-05 0.748324 0.00932538 0.0582827 0.0787169 9.9982E-05
0.00903226 0.368105 0.351144 0.176532 9.9973E-05 0.0948867 9.9973E-05 9.9973E-05
0.0624626 0.406427 9.9964E-05 0.514475 0.0162363 9.9964E-05 9.9964E-05 9.9964E-05
0.0339632 0.582404 0.269054 0.11418 9.9964E-05 9.9964E-05 9.9964E-05 9.9964E-05
9.99639E-05 0.533324 0.290815 0.130745 9.99639E-05 0.0447161 9.99639E-05 9.99639E-05
0.0794169 0.538773 9.9973E-05 0.0464444 0.139532 9.9973E-05 0.195534 9.9973E-05
0.271323 0.142159 0.0907802 9.9982E-05 9.9982E-05 0.290223 0.0576195 0.147695
0.23088 0.112218 0.0490177 9.9973E-05 0.0117573 0.595827 9.9973E-05 9.9973E-05
0.846963 0.0353213 0.0494429 9.9973E-05 9.9973E-05 0.0475649 0.0204076 9.9973E-05
0.518528 9.9973E-05 0.126606 0.0719981 9.9973E-05 0.186571 9.9973E-05 0.095997
0.663468 9.9964E-05 0.00812571 9.9964E-05 9.9964E-05 0.0916121 9.9964E-05 0.236394
0.674601 9.9964E-05 0.0180295 0.140405 9.9964E-05 9.9964E-05 9.9964E-05 0.166565
9.99549E-05 9.99549E-05 9.99549E-05 0.110356 9.99549E-05 0.00333824 9.99549E-05 0.885806
0.185223 0.112274 9.99639E-05 9.99639E-05 0.00910121 9.99639E-05 9.99639E-05 0.693001
0.125183 9.9964E-05 9.9964E-05 9.9964E-05 9.9964E-05 0.44364 0.0727149 0.358063
0.160767 9.9964E-05 9.9964E-05 0.0499075 9.9964E-05 0.705318 9.9964E-05 0.0836073
0.201242 0.1716 9.9973E-05 0.00653391 9.9973E-05 0.393278 9.9973E-05 0.227046
0.382216 0.0767952 9.99552E-05 9.99552E-05 9.99552E-05 0.540489 9.99552E-05 9.99552E-05
0.174819 0.0994073 9.9964E-05 9.9964E-05 9.9964E-05 0.189129 9.9964E-05 0.536245
0.328305 0.0660835 9.9964E-05 9.9964E-05 9.9964E-05 0.313765 9.9964E-05 0.291446
0.107121 0.0946391 9.9973E-05 9.9973E-05 0.0397692 0.0746616 9.9973E-05 0.683509
0.448153 0.104766 9.9964E-05 9.9964E-05 9.9964E-05 0.182522 9.9964E-05 0.264159
0.179305 9.99639E-05 9.99639E-05 9.99639E-05 0.0234439 0.0828935 9.99639E-05 0.713957
0.73526 9.9973E-05 9.9973E-05 0.0878012 0.0154311 9.9973E-05 0.00791244 0.153295
0.586615 0.206571 9.99551E-05 9.99551E-05 9.99551E-05 0.206314 9.99551E-05 9.99551E-05
0.760841 9.9964E-05 9.9964E-05 0.0921005 9.9964E-05 9.9964E-05 0.0226995 0.123959
0.615476 9.9955E-05 9.9955E-05 9.9955E-05 9.9955E-05 9.9955E-05 0.0800984 0.303926
0.956382 9.9955E-05 9.9955E-05 9.9955E-05 0.0200581 9.9955E-05 0.0230605 9.9955E-05
0.533573 9.9973E-05 0.0179356 0.013664 9.9973E-05 0.366617 9.9973E-05 0.0679103
0.280108 9.99639E-05 9.99639E-05 0.0935522 9.99639E-05 0.0860104 9.99639E-05 0.539929
0.693133 9.9973E-05 9.9973E-05 0.0615926 9.9973E-05 0.0392801 0.088376 0.117319
0.00641633 0.104189 0.0228375 0.0158915 0.850365 9.99731E-05 9.99731E-05 9.99731E-05
0.119523 9.9955E-05 0.842407 9.9955E-05 0.0375709 9.9955E-05 9.9955E-05 9.9955E-05
0.119637 9.9955E-05 0.724688 9.9955E-05 0.155174 9.9955E-05 9.9955E-05 9.9955E-05
0.0179838 9.9973E-05 9.9973E-05 0.0745368 0.783274 0.0591076 0.0647983 9.9973E-05
9.9973E-05 9.9973E-05 0.130157 0.281192 0.518323 0.0378731 0.0321547 9.9973E-05
9.99551E-05 9.99551E-05 0.350879 0.388388 9.99551E-05 9.99551E-05 9.99551E-05 0.260233
9.99731E-05 9.99731E-05 0.219629 0.00598713 0.032888 9.99731E-05 0.589768 0.151428
9.9973E-05 9.9973E-05 0.333681 0.0392774 9.9973E-05 0.00232065 0.504491 0.11993
9.9955E-05 9.9955E-05 9.9955E-05 0.0949215 0.284128 9.9955E-05 0.620451 9.9955E-05
9.9973E-05 9.9973E-05 0.21806 0.062695 0.338236 9.9973E-05 0.266268 0.114441
0.0515459 9.9955E-05 9.9955E-05 9.9955E-05 0.143193 9.9955E-05 0.804761 9.9955E-05
9.9946E-05 0.0825947 9.9946E-05 9.9946E-05 9.9946E-05 9.9946E-05 0.916806 9.9946E-05
9.99639E-05 0.097037 9.99639E-05 9.99639E-05 0.347305 0.0318436 0.523414 9.99639E-05
0.00913619 0.061013 9.9973E-05 9.9973E-05 0.211571 9.9973E-05 0.640449 0.0775307
9.99549E-05 9.99549E-05 9.99549E-05 0.284164 9.99549E-05 9.99549E-05 0.684056 0.0312806
9.9973E-05 0.0843007 9.9973E-05 0.111869 0.0263839 9.9973E-05 0.757811 0.0193353
0.0452186 9.9973E-05 0.0154079 9.9973E-05 0.246759 0.0128366 0.679478 9.9973E-05
0.0362891 0.10598 9.9964E-05 9.9964E-05 0.407234 9.9964E-05 0.450097 9.9964E-05
9.99729E-05 0.0674988 0.176709 9.99729E-05 0.196255 0.0426915 0.516546 9.99729E-05
9.9982E-05 0.0118118 0.346619 0.225761 0.406434 0.00238978 0.00678505 9.9982E-05
9.9964E-05 9.9964E-05 0.401356 0.0423573 0.522992 9.9964E-05 0.0328941 9.9964E-05
9.9964E-05 0.0129858 0.455778 0.0439878 0.486848 9.9964E-05 9.9964E-05 9.9964E-05
9.9973E-05 9.9973E-05 0.534328 0.0278867 0.385379 0.0192971 0.0328091 9.9973E-05
9.9964E-05 9.9964E-05 9.9964E-05 0.208626 0.738399 9.9964E-05 0.0137232 0.0388513
9.9955E-05 0.0540531 9.9955E-05 0.0559149 0.889532 9.9955E-05 9.9955E-05 9.9955E-05
9.9955E-05 0.206561 9.9955E-05 0.10989 0.683048 9.9955E-05 9.9955E-05 9.9955E-05
9.9955E-05 9.9955E-05 9.9955E-05 0.0676987 0.904658 0.0271431 9.9955E-05 9.9955E-05
0.00199051 0.0166278 9.9982E-05 0.045286 0.884591 9.9982E-05 0.019689 0.0316152
9.9955E-05 9.9955E-05 0.060995 9.9955E-05 0.746016 9.9955E-05 0.19249 9.9955E-05
0.00576234 0.100084 9.9964E-05 9.9964E-05 0.822692 9.9964E-05 0.0710614 9.9964E-05
9.9964E-05 0.0148434 0.0816824 9.9964E-05 0.882503 9.9964E-05 0.0205711 9.9964E-05
9.9973E-05 0.00777024 0.214007 0.126334 0.406551 9.9973E-05 0.245038 9.9973E-05
0.0746016 9.9973E-05 0.267096 0.132875 0.41455 9.9973E-05 0.110577 9.9973E-05
9.9982E-05 0.00611937 0.149747 0.0536313 0.551467 9.9982E-05 0.196601 0.0422342
9.9982E-05 0.0627398 0.0520174 0.0481066 0.688117 9.9982E-05 0.10559 0.0432301
9.99731E-05 9.99731E-05 0.11812 0.0593032 0.689743 0.000889396 0.131645 9.99731E-05
9.9964E-05 0.0280852 0.106027 9.9964E-05 0.855438 9.9964E-05 9.9964E-05 0.0100501
9.9964E-05 9.9964E-05 0.0970923 0.0619686 0.641233 9.9964E-05 0.199306 9.9964E-05
9.9964E-05 0.0698985 0.583774 9.9964E-05 0.297283 9.9964E-05 9.9964E-05 0.0486448
9.9964E-05 9.9964E-05 0.518695 9.9964E-05 0.355307 9.9964E-05 0.0371448 0.0884531
0.00066496 9.9973E-05 0.299363 9.9973E-05 0.608137 9.9973E-05 0.0157875 0.0757472
9.9955E-05 9.9955E-05 0.0486006 9.9955E-05 0.798305 9.9955E-05 0.152595 9.9955E-05
0.0558603 9.9982E-05 0.0195525 9.9982E-05 0.673789 0.0293762 0.177736 0.0434866
0.0109459 0.0803606 0.0982686 9.9982E-05 0.752196 9.9982E-05 0.041979 0.0160496
9.9955E-05 9.9955E-05 9.9955E-05 0.0327156 0.911637 9.9955E-05 9.9955E-05 0.0551473
0.0639614 0.152638 9.9964E-05 9.9964E-05 0.635582 0.147418 9.9964E-05 9.9964E-05
0.288584 9.9955E-05 9.9955E-05 9.9955E-05 0.624593 9.9955E-05 9.9955E-05 0.0863234
9.9955E-05 9.9955E-05 0.137861 0.144054 0.717585 9.9955E-05 9.9955E-05 9.9955E-05
9.99549E-05 9.99549E-05 0.586147 0.0462866 0.367066 9.99549E-05 9.99549E-05 9.99549E-05
9.9964E-05 9.9964E-05 0.435632 9.9964E-05 0.426908 9.9964E-05 0.0518147 0.085245
9.9964E-05 9.9964E-05 0.553588 9.9964E-05 0.392483 0.0274029 0.0261259 9.9964E-05
9.9955E-05 9.9955E-05 0.859546 0.0576919 0.0822619 9.9955E-05 9.9955E-05 9.9955E-05
9.9964E-05 9.9964E-05 0.149577 0.089714 0.757439 0.00287028 9.9964E-05 9.9964E-05
9.9964E-05 9.9964E-05 0.625172 9.9964E-05 0.220799 0.00238688 0.151242 9.9964E-05
9.9964E-05 9.9964E-05 0.253845 9.9964E-05 0.613569 0.0303643 0.101822 9.9964E-05
9.9973E-05 0.0061176 0.34486 0.0987577 0.424717 9.9973E-05 0.125248 9.9973E-05
9.9955E-05 9.9955E-05 0.33194 9.9955E-05 0.584018 9.9955E-05 9.9955E-05 0.083542
0.190491 9.9955E-05 0.0949038 9.9955E-05 9.9955E-05 9.9955E-05 9.9955E-05 0.714105
0.509863 9.9982E-05 0.00937997 0.0229741 0.00843947 0.0833116 9.9982E-05 0.365832
0.321526 9.9964E-05 9.9964E-05 0.125446 9.9964E-05 0.163235 9.9964E-05 0.389393
0.680585 9.9982E-05 0.0792238 0.045638 9.9982E-05 0.0632545 0.0161181 0.114981
0.745281 9.9973E-05 9.9973E-05 9.9973E-05 0.0455995 0.0222816 0.0666124 0.119925
0.855077 9.9964E-05 9.9964E-05 0.0355455 9.9964E-05 0.0404907 9.9964E-05 0.0684868
0.291162 9.9973E-05 0.0686007 9.9973E-05 9.9973E-05 0.342007 0.0039538 0.293977
0.225686 9.9955E-05 9.9955E-05 9.9955E-05 9.9955E-05 0.195187 9.9955E-05 0.578627
9.99462E-05 9.99462E-05 0.0436577 9.99462E-05 9.99462E-05 9.99462E-05 9.99462E-05 0.955743
0.623734 9.9973E-05 9.9973E-05 0.0260135 0.0743386 0.208394 9.9973E-05 0.0672195
0.830743 0.0634842 9.99551E-05 9.99551E-05 9.99551E-05 0.105273 9.99551E-05 9.99551E-05
0.901172 0.0735367 9.9955E-05 9.9955E-05 9.9955E-05 0.0247914 9.9955E-05 9.9955E-05
0.781773 0.0231443 9.9964E-05 9.9964E-05 9.9964E-05 0.177535 0.0171483 9.9964E-05
