9.99729E-05 9.99729E-05 9.99729E-05 0.333732 0.0307912 0.151114 0.00563799 0.188775 0.28965
0.305464 9.9982E-05 0.0101575 0.103691 0.152945 9.9982E-05 0.00875109 0.366802 0.0519896
0.0787917 9.9973E-05 9.9973E-05 0.194395 0.23559 0.21929 9.9973E-05 0.102233 0.169401
0.0245609 0.0269548 0.00821725 0.454368 0.331172 9.9982E-05 0.00828208 0.146245 9.9982E-05
9.9964E-05 0.000963537 9.9964E-05 0.0520507 0.221345 0.539355 9.9964E-05 9.9964E-05 0.185886
9.9955E-05 9.9955E-05 9.9955E-05 0.444511 0.362897 9.9955E-05 9.9955E-05 0.0654681 0.126625
0.193019 9.9946E-05 0.116295 9.9946E-05 9.9946E-05 9.9946E-05 0.690086 9.9946E-05 9.9946E-05
9.9955E-05 9.9955E-05 0.0707673 9.9955E-05 9.9955E-05 0.189702 0.717285 0.0217466 9.9955E-05
9.9946E-05 9.9946E-05 9.9946E-05 9.9946E-05 0.081434 9.9946E-05 0.899759 0.0182077 9.9946E-05
9.9946E-05 9.9946E-05 0.0369462 0.0464555 9.9946E-05 9.9946E-05 0.915999 9.9946E-05 9.9946E-05
0.231414 9.99459E-05 9.99459E-05 9.99459E-05 9.99459E-05 9.99459E-05 0.730289 0.0376969 9.99459E-05
0.419411 0.00897576 9.99639E-05 9.99639E-05 9.99639E-05 0.0515639 0.445442 9.99639E-05 0.0742076
0.0131491 0.18876 9.99551E-05 9.99551E-05 9.99551E-05 0.0297257 0.767865 9.99551E-05 9.99551E-05
9.99461E-05 0.115721 0.00969317 9.99461E-05 9.99461E-05 9.99461E-05 0.873986 9.99461E-05 9.99461E-05
0.0611098 9.9964E-05 0.0295424 9.9964E-05 0.0282935 9.9964E-05 0.827009 0.0536449 9.9964E-05
0.206428 9.99461E-05 9.99461E-05 9.99461E-05 9.99461E-05 9.99461E-05 0.762214 0.0307579 9.99461E-05
9.9955E-05 9.9955E-05 0.198281 9.9955E-05 0.0387911 0.412615 9.9955E-05 9.9955E-05 0.349813
0.0294908 0.018934 0.593059 0.262984 9.9973E-05 0.0736867 0.0215454 9.9973E-05 9.9973E-05
9.9964E-05 0.00799441 0.225188 0.0508203 0.197684 9.9964E-05 9.9964E-05 9.9964E-05 0.517913
9.9973E-05 0.0981867 0.141175 0.383238 0.0878857 0.101948 9.9973E-05 9.9973E-05 0.187267
9.99639E-05 9.99639E-05 0.436507 0.309536 9.99639E-05 0.242879 0.00439062 9.99639E-05 0.00628714
9.99549E-05 0.0295169 0.377156 0.483457 9.99549E-05 9.99549E-05 9.99549E-05 9.99549E-05 0.10937
0.126408 9.9955E-05 9.9955E-05 9.9955E-05 9.9955E-05 0.157488 9.9955E-05 0.104348 0.611256
9.9955E-05 9.9955E-05 9.9955E-05 0.0421373 9.9955E-05 0.319498 9.9955E-05 0.0268887 0.610977
9.99551E-05 9.99551E-05 9.99551E-05 0.122786 0.0240603 0.108073 9.99551E-05 9.99551E-05 0.74458
9.9955E-05 9.9955E-05 9.9955E-05 0.839005 9.9955E-05 0.00344387 9.9955E-05 0.0582799 0.0987713
9.9964E-05 0.106679 0.0659441 0.012794 9.9964E-05 0.395958 9.9964E-05 9.9964E-05 0.418225
9.9964E-05 0.0735309 9.9964E-05 0.121686 0.116781 0.350313 9.9964E-05 9.9964E-05 0.337288
9.9964E-05 9.9964E-05 0.200598 0.130548 9.9964E-05 0.329435 0.088467 0.250552 9.9964E-05
9.9964E-05 9.9964E-05 0.300937 0.224699 9.9964E-05 0.148711 0.137224 0.18803 9.9964E-05
0.366356 9.9955E-05 0.288584 0.142819 0.201741 9.9955E-05 9.9955E-05 9.9955E-05 9.9955E-05
0.135788 9.99639E-05 0.175767 0.155861 0.376566 0.155618 9.99639E-05 9.99639E-05 9.99639E-05
0.00454288 9.9964E-05 0.231789 0.279073 0.323594 0.160602 9.9964E-05 9.9964E-05 9.9964E-05
9.9955E-05 9.9955E-05 9.9955E-05 0.168422 9.9955E-05 9.9955E-05 0.017771 0.0396601 0.773647
0.270815 9.99459E-05 9.99459E-05 9.99459E-05 9.99459E-05 9.99459E-05 9.99459E-05 0.0150289 0.713557
0.0226215 0.00815746 0.132785 0.080028 0.0530867 0.251434 0.0298815 9.9991E-05 0.421906
0.234739 0.217348 9.9964E-05 0.0985158 0.145292 9.9964E-05 9.9964E-05 9.9964E-05 0.303705
9.9964E-05 0.029872 0.0390601 9.9964E-05 0.193599 0.025764 9.9964E-05 9.9964E-05 0.711305
9.9982E-05 0.0113898 0.114758 0.113963 0.0251765 9.9982E-05 0.0455084 0.149901 0.539104
9.9964E-05 0.002736 0.175128 9.9964E-05 0.162818 0.0332822 9.9964E-05 9.9964E-05 0.625637
9.9937E-05 9.9937E-05 9.9937E-05 0.530071 9.9937E-05 9.9937E-05 9.9937E-05 0.469229 9.9937E-05
0.00267923 0.0869887 9.9973E-05 0.47465 0.178221 0.109817 9.9973E-05 0.147345 9.9973E-05
9.9955E-05 0.121549 0.0676135 0.416494 0.393844 9.9955E-05 9.9955E-05 9.9955E-05 9.9955E-05
9.9964E-05 0.155459 9.9964E-05 0.0828926 0.193652 9.9964E-05 9.9964E-05 0.457129 0.110468
9.9946E-05 9.9946E-05 9.9946E-05 0.930266 9.9946E-05 0.0109983 9.9946E-05 0.0581356 9.9946E-05
0.0474014 9.9937E-05 9.9937E-05 0.951899 9.9937E-05 9.9937E-05 9.9937E-05 9.9937E-05 9.9937E-05
9.9946E-05 0.0644756 0.81925 9.9946E-05 9.9946E-05 9.9946E-05 9.9946E-05 9.9946E-05 0.115675
0.122824 9.9955E-05 0.676602 9.9955E-05 0.0362254 9.9955E-05 9.9955E-05 0.163849 9.9955E-05
0.0950504 9.9946E-05 0.742584 9.9946E-05 9.9946E-05 9.9946E-05 9.9946E-05 0.161766 9.9946E-05
9.9937E-05 9.9937E-05 0.543392 9.9937E-05 9.9937E-05 9.9937E-05 9.9937E-05 0.455908 9.9937E-05
9.9964E-05 9.9964E-05 0.777225 0.127291 0.0511793 0.0398242 0.0040801 9.9964E-05 9.9964E-05
9.9973E-05 9.9973E-05 0.238217 0.126625 9.9973E-05 0.0411627 0.0886272 0.183434 0.321634
9.9964E-05 0.074506 0.44589 0.0262778 9.9964E-05 0.143109 9.9964E-05 9.9964E-05 0.309818
9.9964E-05 0.0551727 0.146217 0.296255 9.9964E-05 9.9964E-05 9.9964E-05 0.166544 0.335412
9.99639E-05 9.99639E-05 0.141711 0.166182 9.99639E-05 9.99639E-05 0.00409978 0.259679 0.427929
9.99639E-05 0.0852271 0.0433809 0.556027 9.99639E-05 0.136217 9.99639E-05 9.99639E-05 0.178748
9.9955E-05 0.1047 9.9955E-05 9.9955E-05 9.9955E-05 9.9955E-05 0.530707 0.11724 0.246853
9.9964E-05 0.188976 9.9964E-05 0.094563 9.9964E-05 0.0494087 0.59412 9.9964E-05 0.0725324
9.9955E-05 0.90584 9.9955E-05 9.9955E-05 9.9955E-05 9.9955E-05 0.00236699 0.0454927 0.0458005
0.0418894 0.490242 0.101375 9.9964E-05 9.9964E-05 9.9964E-05 0.259364 0.10673 9.9964E-05
0.113155 0.599388 9.9955E-05 9.9955E-05 9.9955E-05 9.9955E-05 0.240105 0.0468523 9.9955E-05
0.0983332 0.667117 0.18418 9.99639E-05 9.99639E-05 9.99639E-05 0.0181726 0.0317976 9.99639E-05
0.77313 9.99459E-05 0.119864 9.99459E-05 9.99459E-05 9.99459E-05 0.106407 9.99459E-05 9.99459E-05
0.680841 0.22058 9.99549E-05 0.0362377 9.99549E-05 9.99549E-05 9.99549E-05 9.99549E-05 0.0618418
0.148215 9.99459E-05 9.99459E-05 9.99459E-05 0.144851 9.99459E-05 0.706334 9.99459E-05 9.99459E-05
9.9946E-05 0.0963115 0.017781 9.9946E-05 9.9946E-05 9.9946E-05 0.885308 9.9946E-05 9.9946E-05
0.145179 0.158622 9.9964E-05 0.0953327 9.9964E-05 9.9964E-05 0.498434 9.9964E-05 0.102031
9.99462E-05 0.533858 9.99462E-05 9.99462E-05 9.99462E-05 9.99462E-05 0.32421 9.99462E-05 0.141332
0.48575 0.239264 9.9955E-05 9.9955E-05 9.9955E-05 9.9955E-05 0.158961 9.9955E-05 0.115525
0.157971 0.324023 9.9955E-05 9.9955E-05 9.9955E-05 9.9955E-05 0.379752 9.9955E-05 0.137754
0.563269 0.0769587 9.9973E-05 9.9973E-05 0.0212507 0.00259043 0.182 9.9973E-05 0.153631
0.105272 0.399069 9.9964E-05 9.9964E-05 9.9964E-05 0.0336437 0.317681 9.9964E-05 0.143935
0.613092 0.163857 9.99549E-05 9.99549E-05 9.99549E-05 0.0244193 0.198132 9.99549E-05 9.99549E-05
0.0887254 0.682369 0.0971701 9.9964E-05 9.9964E-05 0.0574515 0.0738846 9.9964E-05 9.9964E-05
0.011199 0.649278 0.00973293 0.146442 9.9973E-05 9.9973E-05 0.173761 9.9973E-05 0.00928649
0.112601 0.750769 0.136031 9.9946E-05 9.9946E-05 9.9946E-05 9.9946E-05 9.9946E-05 9.9946E-05
0.249857 0.644734 9.9946E-05 9.9946E-05 0.104809 9.9946E-05 9.9946E-05 9.9946E-05 9.9946E-05
9.99461E-05 0.981357 9.99461E-05 0.0110589 0.0069844 9.99461E-05 9.99461E-05 9.99461E-05 9.99461E-05
0.00334736 0.554387 0.0111532 9.9973E-05 9.9973E-05 9.9973E-05 0.387959 0.0191878 0.0236658
0.382479 0.174836 0.131901 9.9964E-05 9.9964E-05 9.9964E-05 0.289345 9.9964E-05 0.0210392
0.0369512 0.672532 0.0612113 0.103521 9.9964E-05 9.9964E-05 0.125385 9.9964E-05 9.9964E-05
9.99551E-05 0.0125314 0.0193036 0.134644 9.99551E-05 0.833021 9.99551E-05 9.99551E-05 9.99551E-05
9.9955E-05 0.109348 9.9955E-05 0.0286306 9.9955E-05 0.116762 9.9955E-05 0.74476 9.9955E-05
9.9946E-05 0.102693 9.9946E-05 9.9946E-05 9.9946E-05 0.215173 9.9946E-05 0.681534 9.9946E-05
9.9955E-05 9.9955E-05 0.114793 9.9955E-05 0.252297 0.606535 0.0258747 9.9955E-05 9.9955E-05
9.9964E-05 9.9964E-05 0.228369 9.9964E-05 0.0377214 0.468698 0.0406811 0.22413 9.9964E-05
0.289506 9.99461E-05 0.237773 9.99461E-05 9.99461E-05 9.99461E-05 9.99461E-05 0.472121 9.99461E-05
0.121357 9.99551E-05 0.0627072 9.99551E-05 0.550911 9.99551E-05 9.99551E-05 0.264525 9.99551E-05
9.99551E-05 9.99551E-05 0.0789814 9.99551E-05 0.491843 9.99551E-05 0.0850287 0.343647 9.99551E-05
0.00465381 9.9973E-05 0.0296572 0.0533799 0.625564 0.189996 9.9973E-05 0.0964485 9.9973E-05
0.062267 9.9964E-05 0.0218271 9.9964E-05 0.41841 0.148798 9.9964E-05 0.348299 9.9964E-05
9.99461E-05 0.0088434 9.99461E-05 9.99461E-05 0.982739 0.00781818 9.99461E-05 9.99461E-05 9.99461E-05
9.9937E-05 9.9937E-05 9.9937E-05 0.125078 0.874222 9.9937E-05 9.9937E-05 9.9937E-05 9.9937E-05
9.99549E-05 9.99549E-05 9.99549E-05 0.104947 0.658196 0.164731 9.99549E-05 9.99549E-05 0.0716262
9.9955E-05 9.9955E-05 0.0428869 9.9955E-05 0.844257 9.9955E-05 9.9955E-05 0.030146 0.08221
0.0557402 9.9946E-05 0.317471 9.9946E-05 0.626189 9.9946E-05 9.9946E-05 9.9946E-05 9.9946E-05
9.9964E-05 9.9964E-05 0.144452 0.0667669 0.718406 9.9964E-05 9.9964E-05 0.0260997 0.0438763
9.9964E-05 0.0217586 9.9964E-05 9.9964E-05 0.771615 0.175627 0.0244112 9.9964E-05 0.00618819
9.9946E-05 9.9946E-05 9.9946E-05 9.9946E-05 0.757266 0.155905 9.9946E-05 9.9946E-05 0.0862291
9.9973E-05 9.9973E-05 9.9973E-05 0.0391931 0.525802 0.101436 0.0210476 0.227383 0.0848388
9.99639E-05 9.99639E-05 0.20221 9.99639E-05 0.0876469 0.261089 0.0174006 0.431254 9.99639E-05
9.9955E-05 9.9955E-05 0.0255853 0.142595 9.9955E-05 0.45811 9.9955E-05 0.37321 9.9955E-05
9.9955E-05 9.9955E-05 0.0176882 9.9955E-05 9.9955E-05 0.375225 9.9955E-05 0.503723 0.102864
9.9946E-05 9.9946E-05 0.00991916 9.9946E-05 9.9946E-05 0.401452 9.9946E-05 0.588029 9.9946E-05
0.041723 9.9964E-05 0.164247 9.9964E-05 0.0801606 0.653096 9.9964E-05 0.0603734 9.9964E-05
9.9955E-05 9.9955E-05 0.0557948 0.0721704 9.9955E-05 0.818644 9.9955E-05 9.9955E-05 0.0528908
9.9955E-05 9.9955E-05 0.134961 9.9955E-05 9.9955E-05 0.671007 9.9955E-05 0.0138596 0.179672
9.9946E-05 9.9946E-05 0.0773829 0.0133379 9.9946E-05 0.908679 9.9946E-05 9.9946E-05 9.9946E-05
0.0280351 0.0196974 0.0327248 9.9973E-05 0.078253 0.836868 9.9973E-05 9.9973E-05 0.00412218
9.9955E-05 9.9955E-05 9.9955E-05 0.0810049 0.215902 0.682632 9.9955E-05 0.0199613 9.9955E-05
9.9946E-05 9.9946E-05 9.9946E-05 0.127889 9.9946E-05 0.798886 9.9946E-05 9.9946E-05 0.0726259
9.9955E-05 9.9955E-05 9.9955E-05 9.9955E-05 0.105538 0.789732 9.9955E-05 0.100642 0.00358884
9.99639E-05 9.99639E-05 0.0151587 0.289485 0.0849014 0.268721 9.99639E-05 0.341335 9.99639E-05
9.9964E-05 0.0548445 0.0834654 9.9964E-05 0.152433 0.362915 9.9964E-05 0.345943 9.9964E-05
9.9973E-05 9.9973E-05 0.0450824 0.0313154 0.192217 0.472221 9.9973E-05 0.209409 0.0494556
0.0488511 9.99641E-05 0.0509827 9.99641E-05 0.171531 0.71002 9.99641E-05 9.99641E-05 0.0182148
9.99551E-05 9.99551E-05 0.0540393 0.0854632 9.99551E-05 0.686533 9.99551E-05 0.173465 9.99551E-05
9.9946E-05 9.9946E-05 9.9946E-05 9.9946E-05 9.9946E-05 0.77715 9.9946E-05 0.126194 0.0960568
0.0342956 9.99639E-05 0.0285769 9.99639E-05 0.221687 0.549591 9.99639E-05 0.16545 9.99639E-05
0.0183392 9.9955E-05 9.9955E-05 9.9955E-05 9.9955E-05 0.283869 9.9955E-05 0.537721 0.159571
0.091202 9.9955E-05 9.9955E-05 9.9955E-05 0.0863695 0.285705 9.9955E-05 0.536223 9.9955E-05
0.0449756 9.9964E-05 9.9964E-05 9.9964E-05 0.0722367 0.486656 9.9964E-05 0.367946 0.0277863
9.9955E-05 9.9955E-05 9.9955E-05 0.121215 0.0777635 0.759481 9.9955E-05 0.0410408 9.9955E-05
9.9982E-05 0.00672575 9.9982E-05 0.033302 0.214916 0.585055 0.0638363 0.0874465 0.00851846
9.9955E-05 9.9955E-05 9.9955E-05 9.9955E-05 0.135416 0.630497 9.9955E-05 0.0935738 0.140014
0.0124451 9.9964E-05 0.0427341 9.9964E-05 0.0910198 0.771417 9.9964E-05 0.0819837 9.9964E-05
9.9955E-05 0.00314031 9.9955E-05 9.9955E-05 9.9955E-05 0.611703 0.187736 9.9955E-05 0.19692
0.0924677 0.285722 9.9973E-05 9.9973E-05 0.0128522 0.578397 0.00483834 0.0254226 9.9973E-05
0.0257579 9.996E-05 0.0684517 9.996E-05 0.0203846 0.676247 9.996E-05 0.208759 9.996E-05
9.99549E-05 9.99549E-05 0.0129177 9.99549E-05 0.0804441 0.243092 9.99549E-05 0.663047 9.99549E-05
0.0756567 9.9973E-05 9.9973E-05 0.00111551 0.0670713 0.377657 9.9973E-05 0.45199 0.0262096
9.9955E-05 9.9955E-05 9.9955E-05 9.9955E-05 0.153287 0.208931 9.9955E-05 0.59012 0.047162
9.9955E-05 9.9955E-05 0.0334586 0.0848106 9.9955E-05 0.0523869 9.9955E-05 0.828844 9.9955E-05
9.9946E-05 9.9946E-05 0.0584815 9.9946E-05 9.9946E-05 0.761115 9.9946E-05 0.179804 9.9946E-05
9.9964E-05 9.9964E-05 9.9964E-05 0.0583408 0.0624778 0.232931 0.00128299 0.644568 9.9964E-05
9.99549E-05 9.99549E-05 9.99549E-05 0.178533 0.0149966 0.523094 9.99549E-05 0.282877 9.99549E-05
9.99639E-05 9.99639E-05 0.0235493 0.164124 0.0866586 0.3517 9.99639E-05 0.373568 9.99639E-05
0.0954523 9.9946E-05 9.9946E-05 9.9946E-05 9.9946E-05 0.537952 9.9946E-05 0.365996 9.9946E-05
0.696151 0.20764 0.00842429 9.9964E-05 9.9964E-05 9.9964E-05 9.9964E-05 0.0856439 0.00174143
0.256046 0.420842 0.0508106 9.9964E-05 9.9964E-05 9.9964E-05 0.247452 9.9964E-05 0.02445
0.152709 0.274996 0.172735 9.99639E-05 9.99639E-05 9.99639E-05 0.37181 0.0273501 9.99639E-05
9.99549E-05 0.685849 0.0738048 9.99549E-05 9.99549E-05 9.99549E-05 0.0891522 0.150694 9.99549E-05
0.059402 0.621665 9.9964E-05 9.9964E-05 0.0848995 0.0858907 0.147743 9.9964E-05 9.9964E-05
0.0543365 0.758931 9.9946E-05 9.9946E-05 9.9946E-05 9.9946E-05 0.186132 9.9946E-05 9.9946E-05
0.338639 0.354307 9.9964E-05 9.9964E-05 0.0081148 9.9964E-05 0.260708 0.0378313 9.9964E-05
0.52563 0.246038 9.99459E-05 9.99459E-05 9.99459E-05 9.99459E-05 0.227732 9.99459E-05 9.99459E-05
0.999201 9.993E-05 9.993E-05 9.993E-05 9.993E-05 9.993E-05 9.993E-05 9.993E-05 9.993E-05
0.112667 0.657611 9.9955E-05 9.9955E-05 9.9955E-05 0.10175 0.127472 9.9955E-05 9.9955E-05
9.99372E-05 0.951085 9.99372E-05 9.99372E-05 9.99372E-05 9.99372E-05 9.99372E-05 9.99372E-05 0.0482159
9.99371E-05 0.931172 9.99371E-05 9.99371E-05 9.99371E-05 9.99371E-05 9.99371E-05 9.99371E-05 0.068128
9.99551E-05 0.884821 9.99551E-05 9.99551E-05 0.0505956 0.014752 0.0493317 9.99551E-05 9.99551E-05
