0.298566 0.0658297 0.376883 9.9991E-05 0.202912 0.055709
0.242096 0.469308 0.180892 9.9982E-05 0.107504 9.9982E-05
0.225593 0.0695907 0.225313 9.9991E-05 0.363815 0.115589
9.9982E-05 0.0546066 0.0799841 9.9982E-05 0.679651 0.185558
0.474207 9.9982E-05 0.206838 0.0222033 0.296552 9.9982E-05
0.0486772 9.9982E-05 0.183731 9.9982E-05 0.573183 0.194209
9.9973E-05 0.608935 9.9973E-05 0.348189 9.9973E-05 0.0425758
0.156075 0.282268 9.9982E-05 0.472262 9.9982E-05 0.0891952
9.99729E-05 0.429405 9.99729E-05 0.560211 0.0100848 9.99729E-05
9.9973E-05 0.386475 9.9973E-05 0.581412 9.9973E-05 0.0318129
9.99639E-05 0.56305 9.99639E-05 0.43655 9.99639E-05 9.99639E-05
9.99729E-05 0.494147 0.0828265 0.422726 9.99729E-05 9.99729E-05
9.9964E-05 0.290565 9.9964E-05 0.709035 9.9964E-05 9.9964E-05
9.9973E-05 0.227473 9.9973E-05 0.707168 9.9973E-05 0.0650585
9.9964E-05 0.454045 9.9964E-05 0.545555 9.9964E-05 9.9964E-05
9.9964E-05 0.577736 9.9964E-05 0.421864 9.9964E-05 9.9964E-05
0.283347 9.9982E-05 0.318248 9.9982E-05 0.0543409 0.343864
0.0988678 0.108185 9.9991E-05 0.0144386 0.00283448 0.775574
9.9982E-05 9.9982E-05 0.476913 0.03319 0.154906 0.33479
0.00393781 9.9991E-05 0.151076 0.0958517 0.30441 0.444624
0.149646 9.9973E-05 9.9973E-05 9.9973E-05 0.123808 0.726246
9.9982E-05 9.9982E-05 0.062435 0.0304693 0.152648 0.754248
0.190515 0.203392 0.605793 9.9973E-05 9.9973E-05 9.9973E-05
0.235977 9.9964E-05 0.763624 9.9964E-05 9.9964E-05 9.9964E-05
0.0703249 9.9991E-05 0.834923 0.00563207 0.0501833 0.0388368
0.128236 9.9982E-05 0.34757 9.9982E-05 0.239771 0.284223
0.277676 9.9982E-05 0.413466 0.103232 9.9982E-05 0.205426
0.253616 9.9991E-05 0.295978 0.113552 0.285289 0.0514649
0.558151 0.0762213 9.9982E-05 0.0135921 9.9982E-05 0.351836
0.400408 0.122667 9.9982E-05 0.0594119 9.9982E-05 0.417313
9.9973E-05 0.381542 9.9973E-05 9.9973E-05 0.269561 0.348597
0.173162 0.111047 9.9991E-05 0.0266558 0.352151 0.336884
0.0856481 0.0323288 0.027379 9.9991E-05 0.464661 0.389883
9.9973E-05 9.9973E-05 0.857505 9.9973E-05 0.0598563 0.0823384
9.9964E-05 0.292809 0.706791 9.9964E-05 9.9964E-05 9.9964E-05
0.143928 9.9991E-05 0.335893 0.0607434 0.121663 0.337672
9.9991E-05 0.130294 0.396488 0.240412 0.146195 0.0865107
0.097907 9.9991E-05 0.655966 0.0966541 0.0616907 0.0876826
0.00481074 0.107328 0.489295 0.00687369 0.169187 0.222506
9.9982E-05 9.9982E-05 0.402371 0.0159727 0.238736 0.342721
0.07457 0.119393 0.199642 9.9991E-05 0.506681 0.0996139
0.221994 9.9991E-05 0.123654 0.00763389 0.489224 0.157394
9.9982E-05 9.9982E-05 0.0854155 0.0894837 0.610892 0.214009
0.241074 0.0281451 0.264836 0.116332 0.349513 9.9991E-05
0.0841388 9.9982E-05 0.165162 9.9982E-05 0.535887 0.214612
9.9973E-05 9.9973E-05 0.215352 9.9973E-05 0.498106 0.286241
9.9973E-05 0.0559028 9.9973E-05 0.0558155 9.9973E-05 0.887982
0.0930892 0.387206 9.9973E-05 9.9973E-05 9.9973E-05 0.519405
0.0617655 0.450938 9.9973E-05 9.9973E-05 9.9973E-05 0.486997
0.302054 0.287532 9.9973E-05 9.9973E-05 9.9973E-05 0.410115
9.9973E-05 0.177884 9.9973E-05 9.9973E-05 0.0668375 0.754979
0.227615 0.0863255 0.324993 0.0347785 9.9991E-05 0.326189
0.0825567 9.9982E-05 0.126647 0.0695825 9.9982E-05 0.721014
0.126386 9.9982E-05 0.490607 9.9982E-05 0.0129632 0.369843
0.164785 0.00443748 0.431469 0.00151261 9.9991E-05 0.397696
0.0218219 9.9991E-05 0.304262 0.0122167 0.311201 0.350397
0.0210923 0.259785 0.264106 0.454817 9.9982E-05 9.9982E-05
0.0289254 0.119148 0.154411 0.697316 9.9982E-05 9.9982E-05
0.0292508 9.9973E-05 9.9973E-05 0.942424 0.0280253 9.9973E-05
9.9973E-05 0.224713 9.9973E-05 0.657382 9.9973E-05 0.117605
9.9973E-05 0.205656 9.9973E-05 0.778309 0.015735 9.9973E-05
0.0122614 0.149948 9.9982E-05 0.661146 9.9982E-05 0.176444
9.99729E-05 0.848192 0.0155695 0.135939 9.99729E-05 9.99729E-05
9.9982E-05 0.487482 0.145891 0.352558 0.0138689 9.9982E-05
9.99729E-05 0.42839 9.99729E-05 0.527904 0.0434064 9.99729E-05
9.9964E-05 0.302601 9.9964E-05 0.696999 9.9964E-05 9.9964E-05
9.9973E-05 0.272326 0.183852 0.543522 9.9973E-05 9.9973E-05
9.99731E-05 0.0365616 0.16218 0.800959 9.99731E-05 9.99731E-05
9.9973E-05 0.467216 0.107433 0.425051 9.9973E-05 9.9973E-05
9.9973E-05 0.197902 0.160329 0.641469 9.9973E-05 9.9973E-05
9.9973E-05 0.468228 0.176665 0.354807 9.9973E-05 9.9973E-05
9.9973E-05 0.150599 0.16722 0.681882 9.9973E-05 9.9973E-05
9.99729E-05 0.507139 0.0943897 0.398171 9.99729E-05 9.99729E-05
9.99759E-05 0.070674 9.99759E-05 0.776258 9.99759E-05 0.152768
9.9982E-05 9.9982E-05 0.139555 0.76564 0.0251499 0.0694552
9.9973E-05 0.109771 9.9973E-05 0.819682 9.9973E-05 0.0702467
9.9973E-05 0.194772 9.9973E-05 0.722777 0.0821507 9.9973E-05
9.9964E-05 9.9964E-05 9.9964E-05 0.952256 0.0473444 9.9964E-05
9.9964E-05 0.164525 9.9964E-05 0.835076 9.9964E-05 9.9964E-05
9.99729E-05 0.498432 9.99729E-05 0.45575 9.99729E-05 0.0455173
9.9982E-05 0.0879566 9.9982E-05 0.726118 0.0768736 0.108852
0.699198 9.9991E-05 0.082686 0.0659164 0.128578 0.023522
0.716699 0.1531 0.121922 0.00807933 9.9982E-05 9.9982E-05
0.781389 0.129337 0.046007 0.0430679 9.9982E-05 9.9982E-05
0.623307 9.9982E-05 9.9982E-05 0.0804353 0.270987 0.0250717
0.665418 0.0727177 9.9982E-05 9.9982E-05 0.0711544 0.19051
0.287978 0.68816 9.99731E-05 9.99731E-05 9.99731E-05 0.0235622
0.128152 0.28918 9.99731E-05 9.99731E-05 0.582368 9.99731E-05
0.149976 0.262741 9.9973E-05 9.9973E-05 0.586983 9.9973E-05
0.266476 0.0470819 9.9973E-05 9.9973E-05 0.686142 9.9973E-05
0.406325 0.195669 9.9973E-05 9.9973E-05 0.397706 9.9973E-05
0.039519 9.9973E-05 9.9973E-05 0.0532483 0.906933 9.9973E-05
9.9973E-05 9.9973E-05 0.0319328 0.00640467 0.961363 9.9973E-05
0.234681 9.9982E-05 0.0127451 9.9982E-05 0.700189 0.0521845
0.113088 0.0529767 0.0494813 0.0315147 0.739158 0.0137805
9.9973E-05 0.24473 9.9973E-05 9.9973E-05 0.581197 0.173773
0.0566769 0.0584402 9.9982E-05 9.9982E-05 0.765349 0.119334
0.153438 9.9973E-05 9.9973E-05 0.0808939 0.765368 9.9973E-05
0.0967731 9.9982E-05 0.105658 0.0316498 0.765719 9.9982E-05
0.287246 0.00933322 0.150015 9.9982E-05 0.553206 9.9982E-05
0.647114 0.125142 9.9982E-05 9.9982E-05 0.067707 0.159837
0.852871 9.9982E-05 0.0391946 9.9982E-05 0.0240589 0.0836757
0.83369 0.0386981 0.0759842 9.9982E-05 9.9982E-05 0.0514276
0.802317 0.079048 0.06616 9.9982E-05 0.0522749 9.9982E-05
0.717697 0.11656 9.9991E-05 0.0308052 0.127875 0.00696304
0.781494 9.9991E-05 0.024697 0.0457731 0.0486993 0.0992363
0.671702 9.9982E-05 0.124175 0.00514217 9.9982E-05 0.198781
0.785912 9.9982E-05 9.9982E-05 0.0825735 0.051538 0.0797769
0.702961 9.9991E-05 0.00583699 0.0806482 0.185747 0.0247067
0.669228 9.9973E-05 9.9973E-05 0.0179828 0.312489 9.9973E-05
0.707568 9.9982E-05 0.103465 0.0466859 0.142081 9.9982E-05
0.853897 9.9973E-05 0.0861325 9.9973E-05 0.0596711 9.9973E-05
0.508148 0.0075185 0.0165362 9.9991E-05 0.29819 0.169507
0.641352 9.9982E-05 9.9982E-05 0.0108855 0.152238 0.195324
0.588247 0.0597943 0.0796158 9.9991E-05 0.227206 0.0450368
0.647084 9.9991E-05 0.10998 0.0346339 0.165738 0.0424632
0.73296 9.9982E-05 9.9982E-05 0.018482 0.166301 0.0820571
0.892102 9.9973E-05 0.0902922 0.0173063 9.9973E-05 9.9973E-05
0.672941 0.0282694 9.9973E-05 9.9973E-05 0.298489 9.9973E-05
0.570607 0.164637 0.264456 9.9973E-05 9.9973E-05 9.9973E-05
0.682156 0.179491 0.101077 9.9982E-05 0.0370759 9.9982E-05
0.747579 0.0820114 0.132904 9.9982E-05 0.0373054 9.9982E-05
0.705212 9.9964E-05 9.9964E-05 9.9964E-05 0.294388 9.9964E-05
0.571188 9.9982E-05 0.0414829 0.0990089 0.28812 9.9982E-05
0.617303 9.9982E-05 0.130246 0.0327871 0.219464 9.9982E-05
0.796551 9.9982E-05 9.9982E-05 0.0545461 0.136758 0.0119447
0.547434 9.9973E-05 0.168699 0.283567 9.9973E-05 9.9973E-05
0.614829 9.9973E-05 9.9973E-05 0.371635 0.0132363 9.9973E-05
0.867791 0.0549825 9.9982E-05 9.9982E-05 0.0490676 0.0279593
0.825342 0.168644 0.00571328 9.9973E-05 9.9973E-05 9.9973E-05
0.729857 0.14187 0.127973 9.9973E-05 9.9973E-05 9.9973E-05
0.697724 0.119107 0.1209 9.9982E-05 0.0620698 9.9982E-05
0.725189 0.211713 0.0627972 9.9973E-05 9.9973E-05 9.9973E-05
0.867442 9.9982E-05 9.9982E-05 0.0562036 0.0479665 0.0281878
0.739209 0.105666 0.123307 9.9982E-05 0.0316183 9.9982E-05
0.837133 9.9973E-05 0.0476725 9.9973E-05 0.114895 9.9973E-05
0.645316 0.0581078 0.0235375 9.9991E-05 0.193793 0.0791456
0.8655 0.1341 9.9964E-05 9.9964E-05 9.9964E-05 9.9964E-05
0.0566806 0.625942 0.0218274 0.29535 9.9982E-05 9.9982E-05
9.99639E-05 0.374727 9.99639E-05 0.624873 9.99639E-05 9.99639E-05
9.9973E-05 0.448618 9.9973E-05 0.548401 9.9973E-05 0.00268146
0.0788486 0.167177 9.9991E-05 0.695169 0.0492517 0.00945454
9.9973E-05 0.109077 9.9973E-05 0.770358 0.120265 9.9973E-05
9.9973E-05 0.0903697 9.9973E-05 0.895334 9.9973E-05 0.0139967
9.9973E-05 0.361911 0.0388726 0.598917 9.9973E-05 9.9973E-05
9.99639E-05 0.550378 9.99639E-05 0.449222 9.99639E-05 9.99639E-05
9.99641E-05 0.955412 9.99641E-05 0.0441877 9.99641E-05 9.99641E-05
0.0981217 0.137574 9.9973E-05 0.764004 9.9973E-05 9.9973E-05
9.99641E-05 9.99641E-05 0.02741 0.97219 9.99641E-05 9.99641E-05
9.9973E-05 9.9973E-05 0.026053 0.957813 0.0158337 9.9973E-05
9.99641E-05 9.99641E-05 9.99641E-05 0.950871 0.0487295 9.99641E-05
