0.293558 9.99549E-05 0.0410623 0.362464 9.99549E-05 0.302416 9.99549E-05 9.99549E-05 9.99549E-05
0.122851 9.99729E-05 0.346118 0.206216 0.0835726 0.110457 9.99729E-05 9.99729E-05 0.130485
0.21315 9.9973E-05 0.161649 0.243661 9.9973E-05 0.246678 0.0179304 0.116632 9.9973E-05
9.9964E-05 9.9964E-05 0.100544 9.9964E-05 9.9964E-05 0.562481 0.0348679 0.297163 0.00454366
0.544006 9.9964E-05 9.9964E-05 0.161207 9.9964E-05 0.0395161 0.0257209 0.22915 9.9964E-05
0.0786389 0.046818 9.9973E-05 0.128831 9.9973E-05 0.4965 9.9973E-05 0.229122 0.0197906
9.9955E-05 0.0177268 0.0337902 9.9955E-05 0.885985 0.0619984 9.9955E-05 9.9955E-05 9.9955E-05
0.0403643 0.166561 9.9964E-05 9.9964E-05 0.628506 9.9964E-05 0.055819 9.9964E-05 0.10835
9.9955E-05 9.9955E-05 9.9955E-05 9.9955E-05 0.832259 0.0280421 0.0953313 0.0438676 9.9955E-05
9.9955E-05 0.0201111 9.9955E-05 9.9955E-05 0.851157 0.0958912 0.0323408 9.9955E-05 9.9955E-05
9.9946E-05 9.9946E-05 9.9946E-05 9.9946E-05 0.874197 0.100108 9.9946E-05 9.9946E-05 0.0250957
0.0352996 9.9964E-05 9.9964E-05 0.0665593 0.832183 9.9964E-05 9.9964E-05 0.0413642 0.0241937
0.0464117 9.9964E-05 9.9964E-05 9.9964E-05 0.66243 0.00856276 0.268046 0.0141491 9.9964E-05
9.99461E-05 0.117951 9.99461E-05 9.99461E-05 0.675818 9.99461E-05 0.205631 9.99461E-05 9.99461E-05
9.9955E-05 9.9955E-05 0.0248346 9.9955E-05 0.872944 0.0686213 0.0331002 9.9955E-05 9.9955E-05
9.99371E-05 9.99371E-05 9.99371E-05 9.99371E-05 0.908748 9.99371E-05 9.99371E-05 9.99371E-05 0.0905524
0.159741 0.525427 9.99639E-05 0.0320447 9.99639E-05 9.99639E-05 9.99639E-05 0.167645 0.114743
0.0392499 0.562835 0.306139 9.9964E-05 9.9964E-05 0.0701755 0.0212002 9.9964E-05 9.9964E-05
9.9955E-05 0.455552 0.00320032 0.312909 9.9955E-05 9.9955E-05 9.9955E-05 0.227838 9.9955E-05
9.99459E-05 0.601567 9.99459E-05 9.99459E-05 9.99459E-05 0.0726073 9.99459E-05 0.325226 9.99459E-05
0.1932 0.469397 0.168271 9.99639E-05 0.0108458 0.157887 9.99639E-05 9.99639E-05 9.99639E-05
9.99549E-05 0.617677 0.0328543 9.99549E-05 0.0141764 0.334793 9.99549E-05 9.99549E-05 9.99549E-05
0.117509 0.0297748 0.0704544 0.660629 0.0648997 9.9973E-05 9.9973E-05 9.9973E-05 0.0564329
0.219826 9.9955E-05 9.9955E-05 0.713 9.9955E-05 0.0328787 9.9955E-05 9.9955E-05 0.0337956
0.0630069 0.10288 9.9964E-05 0.702284 9.9964E-05 0.00328215 9.9964E-05 0.128147 9.9964E-05
9.9955E-05 0.225113 9.9955E-05 0.0571524 9.9955E-05 0.637569 9.9955E-05 9.9955E-05 0.079666
0.29805 0.559602 9.9955E-05 0.107794 9.9955E-05 9.9955E-05 9.9955E-05 0.0340533 9.9955E-05
0.330906 0.246355 9.9973E-05 0.19769 9.9973E-05 0.0167961 0.0416209 0.166332 9.9973E-05
0.395268 0.182065 0.183765 9.9973E-05 0.0554137 0.0709804 9.9973E-05 9.9973E-05 0.112208
0.251352 0.180913 0.319675 9.9973E-05 0.0380011 0.144874 0.0648859 9.9973E-05 9.9973E-05
9.9964E-05 0.179579 0.459029 9.9964E-05 0.0673777 0.170572 9.9964E-05 0.123043 9.9964E-05
0.240291 0.262453 0.148515 9.9973E-05 0.0634967 0.0151653 9.9973E-05 0.26978 9.9973E-05
0.19061 0.228666 0.083123 9.9964E-05 9.9964E-05 0.294194 9.9964E-05 0.203007 9.9964E-05
9.99459E-05 0.0344256 9.99459E-05 0.754808 9.99459E-05 0.210167 9.99459E-05 9.99459E-05 9.99459E-05
9.99459E-05 9.99459E-05 0.168836 0.814051 0.0165134 9.99459E-05 9.99459E-05 9.99459E-05 9.99459E-05
0.200626 0.41993 0.0371576 0.237488 9.9973E-05 0.045644 9.9973E-05 0.0588546 9.9973E-05
9.9955E-05 9.9955E-05 0.202945 0.477065 9.9955E-05 9.9955E-05 0.279195 0.0402951 9.9955E-05
9.9955E-05 0.274 9.9955E-05 0.523276 9.9955E-05 9.9955E-05 0.0364869 0.165737 9.9955E-05
9.9973E-05 0.169898 0.162669 0.33633 9.9973E-05 0.246733 0.0662339 9.9973E-05 0.0178366
9.9946E-05 0.51414 9.9946E-05 0.283513 9.9946E-05 9.9946E-05 9.9946E-05 0.201748 9.9946E-05
9.9937E-05 9.9937E-05 9.9937E-05 9.9937E-05 9.9937E-05 0.611083 9.9937E-05 9.9937E-05 0.388217
0.11485 9.9973E-05 0.0259098 9.9973E-05 9.9973E-05 0.471347 0.107536 0.147056 0.133002
9.9955E-05 9.9955E-05 0.0524502 9.9955E-05 9.9955E-05 0.561745 0.157952 0.227353 9.9955E-05
9.9964E-05 9.9964E-05 9.9964E-05 0.0410059 9.9964E-05 0.0889688 0.135036 0.215195 0.519395
9.9937E-05 9.9937E-05 9.9937E-05 9.9937E-05 9.9937E-05 0.949972 9.9937E-05 9.9937E-05 0.0493283
9.9955E-05 9.9955E-05 0.0243556 0.0226952 9.9955E-05 0.943564 0.00888534 9.9955E-05 9.9955E-05
9.9937E-05 0.742389 0.256911 9.9937E-05 9.9937E-05 9.9937E-05 9.9937E-05 9.9937E-05 9.9937E-05
9.99549E-05 0.336733 0.560094 9.99549E-05 0.022902 9.99549E-05 9.99549E-05 9.99549E-05 0.0797715
9.99369E-05 0.260827 0.738474 9.99369E-05 9.99369E-05 9.99369E-05 9.99369E-05 9.99369E-05 9.99369E-05
0.0512215 0.266802 0.575469 9.99639E-05 9.99639E-05 0.021894 9.99639E-05 9.99639E-05 0.0842136
9.99549E-05 0.51134 0.420218 9.99549E-05 9.99549E-05 0.0564403 0.0115019 9.99549E-05 9.99549E-05
9.9964E-05 0.46325 9.9964E-05 0.0367306 0.0610074 0.0506543 9.9964E-05 9.9964E-05 0.387958
0.0666143 0.751098 0.142251 0.00421804 9.9973E-05 9.9973E-05 0.0139931 9.9973E-05 0.0215262
9.9955E-05 0.494753 9.9955E-05 0.0660303 9.9955E-05 0.0716119 9.9955E-05 9.9955E-05 0.367105
9.99459E-05 0.514588 9.99459E-05 0.142233 9.99459E-05 9.99459E-05 9.99459E-05 9.99459E-05 0.342579
0.079174 0.491213 9.9973E-05 0.00383253 9.9973E-05 0.303886 0.0206716 0.100924 9.9973E-05
9.9964E-05 9.9964E-05 9.9964E-05 0.253564 0.416617 0.0369537 0.254099 9.9964E-05 0.038367
0.0444797 9.9955E-05 9.9955E-05 0.191554 0.394927 9.9955E-05 0.368539 9.9955E-05 9.9955E-05
9.9955E-05 9.9955E-05 9.9955E-05 0.0375995 9.9955E-05 9.9955E-05 0.907334 0.0253817 0.0291847
9.9964E-05 0.0600962 9.9964E-05 9.9964E-05 0.373324 0.0102205 0.450991 9.9964E-05 0.104969
9.9946E-05 9.9946E-05 9.9946E-05 9.9946E-05 0.426006 9.9946E-05 0.515875 9.9946E-05 0.0575189
9.9964E-05 0.149072 0.059575 9.9964E-05 0.143036 9.9964E-05 0.62819 9.9964E-05 0.0197279
9.99459E-05 9.99459E-05 0.357876 0.0631939 0.57833 9.99459E-05 9.99459E-05 9.99459E-05 9.99459E-05
9.9955E-05 9.9955E-05 0.0266349 0.063691 0.75009 9.9955E-05 9.9955E-05 0.159084 9.9955E-05
9.9946E-05 9.9946E-05 9.9946E-05 9.9946E-05 0.802177 9.9946E-05 0.0585509 0.138673 9.9946E-05
9.9955E-05 9.9955E-05 9.9955E-05 0.0183731 0.742048 0.0148783 0.2242 9.9955E-05 9.9955E-05
9.996E-05 0.0581444 9.996E-05 0.101432 0.572073 0.0828202 0.185131 9.996E-05 9.996E-05
9.99462E-05 9.99462E-05 9.99462E-05 0.201083 0.192719 9.99462E-05 0.605599 9.99462E-05 9.99462E-05
9.9955E-05 9.9955E-05 0.0772816 0.191253 0.59054 9.9955E-05 0.140425 9.9955E-05 9.9955E-05
9.9955E-05 0.0424448 9.9955E-05 0.150446 0.550019 9.9955E-05 0.25659 9.9955E-05 9.9955E-05
9.9955E-05 9.9955E-05 0.0615172 0.257648 0.638101 9.9955E-05 9.9955E-05 0.0422346 9.9955E-05
0.00496252 9.9955E-05 9.9955E-05 0.176873 0.397623 9.9955E-05 0.420042 9.9955E-05 9.9955E-05
0.0147816 9.9955E-05 9.9955E-05 0.150561 0.83116 9.9955E-05 9.9955E-05 9.9955E-05 0.00299759
9.9955E-05 0.160868 9.9955E-05 9.9955E-05 0.331197 9.9955E-05 0.492809 0.0146272 9.9955E-05
9.9955E-05 0.134357 9.9955E-05 0.0718327 0.158158 9.9955E-05 0.635153 9.9955E-05 9.9955E-05
9.9955E-05 0.088149 0.10464 9.9955E-05 0.0808596 9.9955E-05 0.725852 9.9955E-05 9.9955E-05
9.9946E-05 9.9946E-05 9.9946E-05 9.9946E-05 0.356788 9.9946E-05 0.476645 0.165967 9.9946E-05
9.9937E-05 9.9937E-05 9.9937E-05 9.9937E-05 9.9937E-05 9.9937E-05 0.909706 0.0895946 9.9937E-05
9.9955E-05 9.9955E-05 9.9955E-05 0.0372646 0.369522 9.9955E-05 0.575249 9.9955E-05 0.0174648
9.9964E-05 0.103222 0.0618255 0.00266164 0.760777 9.9964E-05 0.0711142 9.9964E-05 9.9964E-05
9.9955E-05 9.9955E-05 0.109088 9.9955E-05 0.0304179 0.115361 0.744634 9.9955E-05 9.9955E-05
0.810467 0.0631736 9.99551E-05 9.99551E-05 9.99551E-05 0.100611 0.0252486 9.99551E-05 9.99551E-05
9.9955E-05 0.0832995 9.9955E-05 9.9955E-05 9.9955E-05 0.0155871 0.00227792 9.9955E-05 0.898336
0.0775111 9.9955E-05 9.9955E-05 9.9955E-05 9.9955E-05 9.9955E-05 0.0753382 0.00756984 0.839081
0.700387 0.0568752 0.0433097 0.0233734 0.0090036 9.9982E-05 0.0244036 0.142448 9.9982E-05
0.675633 0.132517 0.177014 9.9973E-05 0.00932956 0.00449762 0.000709223 9.9973E-05 9.9973E-05
0.0199688 9.99371E-05 0.979332 9.99371E-05 9.99371E-05 9.99371E-05 9.99371E-05 9.99371E-05 9.99371E-05
9.9964E-05 9.9964E-05 0.301859 9.9964E-05 9.9964E-05 0.0776706 0.0125917 0.489081 0.118397
9.9973E-05 9.9973E-05 0.304577 0.0199188 0.0177582 0.158454 9.9973E-05 0.367199 0.131794
0.238499 9.9964E-05 0.0826741 9.9964E-05 9.9964E-05 0.0868255 9.9964E-05 0.55604 0.0355619
0.116149 9.99549E-05 0.312077 9.99549E-05 9.99549E-05 9.99549E-05 9.99549E-05 0.400256 0.171018
9.99371E-05 9.99371E-05 9.99371E-05 9.99371E-05 9.99371E-05 9.99371E-05 9.99371E-05 0.990504 0.00879676
9.99371E-05 9.99371E-05 9.99371E-05 9.99371E-05 9.99371E-05 0.11333 9.99371E-05 0.88597 9.99371E-05
0.271165 9.99549E-05 9.99549E-05 0.0380994 9.99549E-05 0.189127 9.99549E-05 0.50111 9.99549E-05
0.00710136 0.0365014 0.0644022 9.9964E-05 9.9964E-05 9.9964E-05 9.9964E-05 0.827487 0.0641082
9.99459E-05 9.99459E-05 0.435384 9.99459E-05 9.99459E-05 0.166073 9.99459E-05 0.397942 9.99459E-05
0.00716612 0.0323939 0.142802 0.0624891 9.9973E-05 0.190894 9.9973E-05 0.563955 9.9973E-05
0.156467 9.9955E-05 9.9955E-05 9.9955E-05 0.0227653 0.0333343 9.9955E-05 0.786934 9.9955E-05
0.0927823 0.0173246 9.9955E-05 0.0843322 9.9955E-05 9.9955E-05 9.9955E-05 0.805061 9.9955E-05
0.112599 0.00499679 9.9982E-05 0.0287044 0.0179872 0.154556 9.9982E-05 0.482862 0.198094
0.456901 0.114631 0.212027 9.99639E-05 9.99639E-05 0.0479108 9.99639E-05 9.99639E-05 0.16813
0.590535 9.9955E-05 0.0475262 9.9955E-05 9.9955E-05 0.192139 9.9955E-05 9.9955E-05 0.169301
0.486759 0.0184768 0.0391838 0.0518533 9.9964E-05 9.9964E-05 9.9964E-05 9.9964E-05 0.403327
0.446101 0.0113679 9.9964E-05 9.9964E-05 9.9964E-05 0.0225227 9.9964E-05 0.0781725 0.441436
0.72327 9.9955E-05 0.223005 9.9955E-05 9.9955E-05 9.9955E-05 0.0151219 0.0381036 9.9955E-05
0.865845 0.0693863 9.9955E-05 0.0588308 9.9955E-05 0.00543853 9.9955E-05 9.9955E-05 9.9955E-05
0.698564 0.195388 9.9946E-05 0.105448 9.9946E-05 9.9946E-05 9.9946E-05 9.9946E-05 9.9946E-05
0.902946 0.0963543 9.99371E-05 9.99371E-05 9.99371E-05 9.99371E-05 9.99371E-05 9.99371E-05 9.99371E-05
0.777824 9.9964E-05 0.047871 0.0609526 9.9964E-05 9.9964E-05 0.0387617 0.0741906 9.9964E-05
0.737444 9.9964E-05 9.9964E-05 0.0266445 9.9964E-05 0.0263744 9.9964E-05 0.195676 0.0134612
0.734856 9.9955E-05 9.9955E-05 0.168938 9.9955E-05 0.0953954 9.9955E-05 0.000310986 9.9955E-05
0.848324 9.9955E-05 9.9955E-05 0.0777753 9.9955E-05 9.9955E-05 9.9955E-05 0.0186215 0.0547793
0.458055 9.99549E-05 0.105595 9.99549E-05 9.99549E-05 0.405686 9.99549E-05 9.99549E-05 0.0301643
0.313949 0.189806 9.9955E-05 9.9955E-05 9.9955E-05 9.9955E-05 9.9955E-05 0.151558 0.344187
0.61543 9.9973E-05 0.131803 0.117415 9.9973E-05 0.0513942 9.9973E-05 0.0505799 0.0330774
0.604725 0.0430545 0.0568118 0.0730309 9.9973E-05 9.9973E-05 9.9973E-05 0.161148 0.0609302
0.804978 9.99551E-05 0.0703041 9.99551E-05 9.99551E-05 0.107941 9.99551E-05 9.99551E-05 0.0162772
0.796899 9.9955E-05 9.9955E-05 0.0781134 9.9955E-05 9.9955E-05 9.9955E-05 0.00871188 0.115776
0.716972 9.99549E-05 0.120627 9.99549E-05 9.99549E-05 0.015781 9.99549E-05 0.14612 9.99549E-05
0.168009 9.9946E-05 9.9946E-05 0.234575 9.9946E-05 9.9946E-05 9.9946E-05 9.9946E-05 0.596817
0.221674 9.9964E-05 0.0702509 0.0166959 9.9964E-05 9.9964E-05 9.9964E-05 0.110889 0.580091
0.414839 9.99577E-05 9.99577E-05 0.0115597 9.99577E-05 9.99577E-05 9.99577E-05 0.177147 0.395955
0.742652 9.9955E-05 9.9955E-05 9.9955E-05 9.9955E-05 0.100913 9.9955E-05 0.0962711 0.0596645
0.624118 0.053765 9.9973E-05 0.0348335 0.0573475 9.9973E-05 9.9973E-05 0.208126 0.0215097
0.612329 9.9955E-05 9.9955E-05 0.202595 9.9955E-05 9.9955E-05 9.9955E-05 0.161768 0.0228075
0.750609 0.0359373 9.9964E-05 9.9964E-05 0.0369906 9.9964E-05 9.9964E-05 0.111594 0.0644693
0.56612 9.9955E-05 9.9955E-05 0.191158 0.0714221 9.9955E-05 0.1708 9.9955E-05 9.9955E-05
0.577116 9.9964E-05 9.9964E-05 9.9964E-05 0.131535 9.9964E-05 0.259654 0.0273876 0.00390638
0.709747 9.9955E-05 0.0840705 9.9955E-05 9.9955E-05 9.9955E-05 9.9955E-05 0.0495419 0.156141
0.313353 9.99549E-05 0.112126 0.0193966 9.99549E-05 9.99549E-05 9.99549E-05 9.99549E-05 0.554624
0.474163 9.9973E-05 0.0141836 0.166843 0.0134982 9.9973E-05 9.9973E-05 0.0253417 0.30567
0.415132 9.9964E-05 0.0158949 0.0798361 9.9964E-05 0.0732079 9.9964E-05 9.9964E-05 0.415529
0.135673 9.9955E-05 0.124864 9.9955E-05 9.9955E-05 0.0836645 9.9955E-05 9.9955E-05 0.655299
0.862172 9.9964E-05 0.0713447 9.9964E-05 9.9964E-05 0.0141635 0.0145383 9.9964E-05 0.0373819
0.352007 9.9964E-05 9.9964E-05 9.9964E-05 0.00256302 0.112918 9.9964E-05 0.0209431 0.511169
0.63221 9.9955E-05 9.9955E-05 9.9955E-05 9.9955E-05 0.155788 9.9955E-05 0.0272499 0.184252
0.494937 9.9973E-05 0.155676 0.000719507 9.9973E-05 0.143203 9.9973E-05 0.00476754 0.200397
0.549991 9.9955E-05 0.0691998 9.9955E-05 0.0183313 9.9955E-05 9.9955E-05 9.9955E-05 0.361978
9.9955E-05 9.9955E-05 0.253181 9.9955E-05 0.503711 9.9955E-05 0.114696 9.9955E-05 0.127912
0.0287143 9.9964E-05 9.9964E-05 0.0702983 0.553783 9.9964E-05 0.331374 9.9964E-05 0.0154299
9.9973E-05 0.00325853 0.12366 9.9973E-05 0.632175 0.0279324 0.209582 9.9973E-05 0.00309158
9.99639E-05 9.99639E-05 0.13291 9.99639E-05 0.107708 0.0374921 0.66985 9.99639E-05 0.0516399
0.00321158 9.9973E-05 0.096517 0.0281264 0.14567 9.9973E-05 0.673545 0.0526293 9.9973E-05
0.0222421 9.9955E-05 0.0158443 9.9955E-05 0.201408 9.9955E-05 0.760006 9.9955E-05 9.9955E-05
9.9955E-05 9.9955E-05 9.9955E-05 9.9955E-05 0.61174 0.00795548 0.272127 9.9955E-05 0.107678
9.9964E-05 9.9964E-05 0.0746544 0.0486562 0.74346 9.9964E-05 0.0898309 0.0429989 9.9964E-05
9.99461E-05 9.99461E-05 0.440822 9.99461E-05 0.54337 9.99461E-05 9.99461E-05 9.99461E-05 0.0152086
0.102811 9.99459E-05 9.99459E-05 9.99459E-05 0.318614 9.99459E-05 0.577976 9.99459E-05 9.99459E-05
9.99372E-05 0.101397 9.99372E-05 9.99372E-05 9.99372E-05 9.99372E-05 0.897904 9.99372E-05 9.99372E-05
9.99371E-05 9.99371E-05 9.99371E-05 0.0543118 9.99371E-05 9.99371E-05 0.944989 9.99371E-05 9.99371E-05
0.0174315 0.0353808 9.99641E-05 9.99641E-05 0.0225671 9.99641E-05 0.85022 0.0740011 9.99641E-05
