0.158506 0.451869 9.9991E-05 0.389526
0.563855 0.119458 9.9991E-05 0.316588
0.174219 0.392928 0.00884436 0.424008
0.144003 0.522703 0.0108433 0.322451
9.999E-05 0.303293 0.0267311 0.669876
9.9982E-05 0.624525 9.9982E-05 0.375275
0.520839 9.9982E-05 0.478961 9.9982E-05
0.30952 9.9991E-05 0.543981 0.146399
0.341856 9.9982E-05 0.657944 9.9982E-05
0.352087 9.9982E-05 0.647713 9.9982E-05
0.444746 9.9982E-05 0.555055 9.9982E-05
0.467026 9.9982E-05 0.532774 9.9982E-05
0.216592 9.9982E-05 0.783208 9.9982E-05
0.170034 0.0380961 0.791769 9.9991E-05
0.403552 9.9982E-05 0.596248 9.9982E-05
0.426757 9.9982E-05 0.573043 9.9982E-05
0.0969021 0.546389 0.047992 0.308717
0.414576 0.51651 0.0465901 0.0223232
0.162923 0.752792 0.084185 9.9991E-05
9.9991E-05 0.779259 0.113206 0.107434
0.223644 0.493396 0.0345574 0.248403
0.165384 0.82804 0.00647634 9.9991E-05
0.279542 0.505984 0.0362883 0.178186
0.00629905 0.567843 0.0753984 0.35046
0.00823957 0.785373 0.0722683 0.134119
0.0266119 0.822993 9.9991E-05 0.150295
9.9991E-05 0.590107 0.139606 0.270186
9.9991E-05 0.485347 0.142666 0.371887
0.241726 0.139502 0.0574723 0.5613
0.315082 0.239825 0.0714508 0.373642
0.57194 0.42786 9.9982E-05 9.9982E-05
0.209052 0.345144 0.0546203 0.391184
0.172925 0.547507 9.9991E-05 0.279468
0.0994871 0.82851 0.0592937 0.0127088
0.408977 0.590823 9.9982E-05 9.9982E-05
0.129078 0.596354 0.0725213 0.202046
0.217976 0.46652 0.315404 9.9991E-05
0.111222 0.64481 0.140002 0.103966
0.276382 0.686491 0.0370271 9.9991E-05
0.0707991 0.870069 0.0328158 0.0263159
0.25866 0.463605 9.9991E-05 0.277635
0.0569684 0.42767 0.0699869 0.445375
0.090261 0.473092 0.149307 0.28734
0.0709921 0.198201 0.190847 0.53996
0.133693 0.56923 9.9991E-05 0.296977
0.115206 0.743814 9.9991E-05 0.14088
0.363616 0.556911 0.0793729 9.9991E-05
0.649238 0.273064 9.9991E-05 0.0775976
0.789497 0.125179 9.9991E-05 0.0852246
0.532918 0.231931 9.9991E-05 0.235051
0.456934 0.53338 0.00958584 9.9991E-05
0.239539 0.550237 0.0463726 0.163851
0.206462 0.73965 0.053788 9.9991E-05
0.202623 0.665964 0.0306719 0.100742
0.196053 0.667815 0.0162396 0.119892
9.9991E-05 0.870883 0.0563289 0.0726882
0.281025 0.138609 0.577645 0.00272024
0.15354 0.0962683 0.727835 0.0223565
9.9991E-05 0.0656823 0.907118 0.0271001
0.204216 0.0807363 0.714948 9.9991E-05
0.163344 9.9991E-05 0.835494 0.00106216
0.158977 0.0977348 0.735218 0.00807026
0.78623 9.9982E-05 0.21357 9.9982E-05
0.451307 0.0738979 0.474695 9.9991E-05
0.351861 9.9982E-05 0.647939 9.9982E-05
0.233197 9.9982E-05 0.766603 9.9982E-05
0.263576 0.116155 0.620169 9.9991E-05
9.99821E-05 0.108485 0.891315 9.99821E-05
0.449449 9.9982E-05 0.550351 9.9982E-05
0.251022 9.9982E-05 0.748778 9.9982E-05
0.462873 0.0464644 0.484498 0.0061647
0.164872 0.079567 0.755461 9.9991E-05
0.480244 9.9982E-05 0.519556 9.9982E-05
0.0956504 0.00502097 0.825632 0.0736968
9.9982E-05 0.196548 0.803252 9.9982E-05
0.0497081 0.144982 0.80521 9.9991E-05
0.155454 9.9991E-05 0.800995 0.0434507
9.998E-05 9.998E-05 0.9997 9.998E-05
0.1346 9.9982E-05 0.8652 9.9982E-05
0.440824 9.9982E-05 0.558976 9.9982E-05
0.0843701 0.0968033 0.818727 9.9991E-05
9.9991E-05 0.130066 0.0832336 0.7866
0.210487 9.9991E-05 0.015704 0.773709
0.142417 9.9991E-05 0.0598132 0.79767
9.9991E-05 0.0465853 0.118873 0.834442
0.180238 0.0596442 0.0250082 0.73511
0.771837 9.99821E-05 9.99821E-05 0.227963
0.291109 0.108261 0.0516111 0.549019
0.329029 0.185564 9.9991E-05 0.485306
0.101882 0.109238 0.0675367 0.721344
0.272434 0.01627 9.9991E-05 0.711196
9.9991E-05 0.171194 0.126455 0.702251
9.9991E-05 0.492418 0.0842638 0.423218
9.9991E-05 0.3763 0.048492 0.575108
0.050463 0.308226 0.0828526 0.558459
0.3611 0.267255 0.00369043 0.367954
0.115612 0.372725 0.0464373 0.465226
9.9991E-05 0.221997 0.132337 0.645566
9.9991E-05 0.238319 0.105701 0.65588
0.0297512 0.290024 0.0628993 0.617326
0.256228 0.143558 9.9991E-05 0.600115
0.0719281 0.0671675 9.9991E-05 0.860804
0.116253 0.0636936 9.9991E-05 0.819953
0.145596 9.9982E-05 9.9982E-05 0.854204
0.164307 9.9991E-05 0.0416597 0.793933
9.9991E-05 0.128384 0.0302456 0.84127
9.9991E-05 0.276357 0.00457942 0.718964
9.9982E-05 9.9982E-05 0.0878872 0.911913
9.9991E-05 0.0750942 0.105918 0.818888
9.9991E-05 0.020539 0.0658343 0.913527
9.9991E-05 0.114672 0.0636722 0.821555
9.9991E-05 0.0093125 0.0115875 0.979
0.108495 0.255477 9.9991E-05 0.635927
0.0981204 0.112947 0.0345563 0.754376
0.142792 0.0856671 9.9991E-05 0.771441
0.0501412 0.0876367 0.0669393 0.795283
0.044171 0.0309865 0.0283373 0.896505
9.9991E-05 0.0809038 0.0171466 0.90185
0.0643839 9.9991E-05 0.0260995 0.909417
0.285165 9.9982E-05 9.9982E-05 0.714635
0.24994 9.9982E-05 9.9982E-05 0.74986
0.113151 9.9982E-05 9.9982E-05 0.886649
9.9991E-05 0.00581046 0.0102735 0.983816
9.9991E-05 0.0919974 0.127608 0.780294
9.9991E-05 0.0303582 0.0796817 0.88986
0.0210369 0.00168083 0.0662404 0.911042
9.9991E-05 0.0516016 0.318875 0.629423
9.9982E-05 9.9982E-05 0.390232 0.609568
0.111675 9.9982E-05 9.9982E-05 0.888125
0.262973 9.9982E-05 9.9982E-05 0.736827
0.265314 9.9982E-05 9.9982E-05 0.734486
0.153921 9.9982E-05 9.9982E-05 0.845879
0.338424 9.9982E-05 9.9982E-05 0.661376
9.9982E-05 9.9982E-05 0.0402107 0.959589
0.189459 9.9982E-05 9.9982E-05 0.810341
0.0419488 0.0280183 0.0283882 0.901645
0.159436 0.124113 9.9991E-05 0.716351
0.163002 9.9982E-05 9.9982E-05 0.836798
0.621984 9.9991E-05 0.369971 0.00794554
0.300084 9.9991E-05 0.699227 0.000589232
0.413709 9.9982E-05 0.586091 9.9982E-05
0.160171 9.9991E-05 0.747108 0.0926211
0.04364 9.9991E-05 0.846054 0.110206
9.9982E-05 9.9982E-05 0.977242 0.0225577
0.261654 9.9991E-05 0.723213 0.0150327
0.458874 9.9982E-05 0.540926 9.9982E-05
0.841184 9.9982E-05 0.158616 9.9982E-05
0.0625169 9.9991E-05 0.866387 0.0709961
9.99821E-05 0.0335563 0.966244 9.99821E-05
9.9982E-05 0.0769544 0.922846 9.9982E-05
9.9982E-05 0.0481886 0.951611 9.9982E-05
