9.9982E-05 9.9982E-05 0.288275 0.00236896 0.095446 0.527595 0.0861155
9.998E-05 0.0721315 0.281214 9.998E-05 0.0557441 0.185483 0.405227
9.9982E-05 9.9982E-05 0.200612 0.0446416 0.321819 0.292553 0.140175
0.00958188 9.9991E-05 0.0635396 0.0736944 0.538523 0.212565 0.101997
0.0136575 9.9973E-05 0.502277 9.9973E-05 0.278213 0.205553 9.9973E-05
9.997E-05 9.997E-05 0.0906962 0.0881981 0.504658 0.316148 9.997E-05
9.9964E-05 0.786787 9.9964E-05 0.109537 9.9964E-05 9.9964E-05 0.103276
9.9964E-05 0.726915 0.168681 0.104004 9.9964E-05 9.9964E-05 9.9964E-05
9.9964E-05 0.904603 9.9964E-05 9.9964E-05 0.0733543 9.9964E-05 0.0216426
9.9964E-05 0.906503 9.9964E-05 0.0625139 9.9964E-05 0.0305836 9.9964E-05
9.9964E-05 0.82853 9.9964E-05 9.9964E-05 0.00541378 9.9964E-05 0.165656
9.9973E-05 0.788291 0.00495542 9.9973E-05 9.9973E-05 0.0775085 0.128946
0.150398 0.83049 9.99641E-05 9.99641E-05 9.99641E-05 0.0187125 9.99641E-05
0.114083 0.852972 9.99641E-05 0.0325452 9.99641E-05 9.99641E-05 9.99641E-05
9.9973E-05 0.839957 9.9973E-05 0.0657801 0.0349571 9.9973E-05 0.0590062
9.9973E-05 0.856022 0.00652761 0.00499707 9.9973E-05 9.9973E-05 0.132153
0.000697446 9.9982E-05 0.281271 0.28397 0.0925129 0.341349 9.9982E-05
0.0226472 0.0529049 0.104919 0.752767 0.0404982 9.9991E-05 0.0261635
0.0929655 9.9973E-05 9.9973E-05 0.276455 0.101894 0.528386 9.9973E-05
0.0667882 9.9982E-05 0.0378487 0.368505 0.25286 0.273798 9.9982E-05
9.9973E-05 9.9973E-05 0.227315 0.615747 0.14515 0.0114884 9.9973E-05
9.9964E-05 9.9964E-05 9.9964E-05 0.65294 0.167234 0.179426 9.9964E-05
9.9982E-05 0.0600343 0.137314 9.9982E-05 0.0215088 0.633523 0.14742
9.9955E-05 9.9955E-05 0.274333 9.9955E-05 9.9955E-05 0.725168 9.9955E-05
9.9964E-05 9.9964E-05 0.0956084 9.9964E-05 0.0360079 0.867984 9.9964E-05
9.997E-05 9.997E-05 0.133054 0.121486 0.234199 0.510961 9.997E-05
0.131331 9.9973E-05 0.357211 0.142715 9.9973E-05 0.368443 9.9973E-05
0.069814 0.0293327 0.297542 0.014653 0.207842 0.380717 9.9991E-05
9.9973E-05 0.106396 0.573543 0.298668 9.9973E-05 9.9973E-05 0.0210935
9.9973E-05 0.179498 0.303517 0.415033 0.101653 9.9973E-05 9.9973E-05
9.996E-05 9.996E-05 9.996E-05 0.334733 0.316777 9.996E-05 0.34809
9.998E-05 0.0691638 0.135465 0.304463 0.450059 9.998E-05 0.04065
9.9973E-05 9.9973E-05 0.0614168 0.336705 0.537585 0.0639935 9.9973E-05
9.9964E-05 0.0455081 0.00616618 9.9964E-05 9.9964E-05 0.947926 9.9964E-05
9.99549E-05 9.99549E-05 9.99549E-05 9.99549E-05 9.99549E-05 0.711119 0.288381
0.0331305 0.000181462 0.198597 0.227725 0.122442 0.417824 9.9991E-05
0.302913 9.9982E-05 9.9982E-05 0.0199392 0.102599 0.391397 0.182952
0.0932869 9.99895E-05 0.106692 0.0944133 0.0896514 0.615756 9.99895E-05
0.0172536 9.9991E-05 0.0283735 0.184934 0.062845 0.598883 0.107611
0.0164462 9.9973E-05 9.9973E-05 0.273577 0.241787 0.46789 9.9973E-05
9.9973E-05 9.9973E-05 0.0736195 9.9973E-05 0.396118 0.275483 0.25448
0.0654302 9.9991E-05 0.269712 0.0716099 0.425683 0.147874 0.0195914
0.0978775 9.9973E-05 9.9973E-05 0.155166 0.600232 0.146425 9.9973E-05
0.0915176 9.9982E-05 0.296579 9.9982E-05 0.217864 0.304395 0.0894438
9.99731E-05 9.99731E-05 0.0814012 0.139854 0.525045 0.2534 9.99731E-05
9.9964E-05 9.9964E-05 9.9964E-05 0.241893 0.499176 0.258531 9.9964E-05
0.0710011 9.9973E-05 9.9973E-05 0.890327 9.9973E-05 0.0305352 0.00783693
0.00265416 9.9982E-05 0.0901855 0.534041 0.0520373 9.9982E-05 0.320882
9.9964E-05 9.9964E-05 0.0313376 0.553311 9.9964E-05 9.9964E-05 0.414951
9.9964E-05 9.9964E-05 0.2871 0.410278 9.9964E-05 9.9964E-05 0.302222
9.996E-05 9.996E-05 9.996E-05 0.760579 0.131343 9.996E-05 0.107678
9.9973E-05 0.0762222 0.266958 0.315459 9.9973E-05 0.34106 9.9973E-05
0.0675826 9.9973E-05 0.068281 0.676807 9.9973E-05 0.187029 9.9973E-05
9.9964E-05 9.9964E-05 0.172043 0.274579 9.9964E-05 0.552978 9.9964E-05
9.9964E-05 9.9964E-05 0.136189 0.369099 9.9964E-05 0.494312 9.9964E-05
0.0645676 9.998E-05 0.077683 0.2885 0.243582 0.325467 9.998E-05
0.268556 0.338345 9.9973E-05 9.9973E-05 9.9973E-05 0.297145 0.0956539
0.34377 0.459007 0.0267901 9.9973E-05 9.9973E-05 0.170134 9.9973E-05
0.896172 0.0270471 0.0499144 9.9991E-05 0.00112342 0.0173521 0.00829056
0.454818 0.306731 9.9973E-05 0.13838 9.9973E-05 9.9973E-05 0.0997721
0.619641 0.286482 9.9964E-05 9.9964E-05 9.9964E-05 9.9964E-05 0.0934768
0.702024 9.99639E-05 9.99639E-05 0.195832 9.99639E-05 9.99639E-05 0.101744
9.99639E-05 0.422042 9.99639E-05 0.0337133 9.99639E-05 9.99639E-05 0.543845
0.237574 0.306429 9.9991E-05 0.0104135 0.0248963 0.0617924 0.358795
0.0802116 0.71282 9.9973E-05 9.9973E-05 0.0870695 9.9973E-05 0.119599
0.186783 0.779421 9.9964E-05 9.9964E-05 9.9964E-05 0.0333958 9.9964E-05
0.136671 0.61942 9.9982E-05 0.00625473 0.019114 0.21834 9.9982E-05
0.540612 0.312871 9.99641E-05 9.99641E-05 9.99641E-05 0.146118 9.99641E-05
0.313831 0.288348 9.997E-05 9.997E-05 9.997E-05 0.0856395 0.311882
0.238043 0.62715 9.9964E-05 9.9964E-05 9.9964E-05 0.134407 9.9964E-05
0.166124 0.365348 9.997E-05 9.997E-05 9.997E-05 0.170301 0.297928
0.391804 0.465785 0.0338509 9.9973E-05 9.9973E-05 0.10826 9.9973E-05
0.180129 0.492961 9.99729E-05 9.99729E-05 9.99729E-05 0.0296744 0.296936
0.638069 0.208676 0.0565836 0.0963715 9.9973E-05 9.9973E-05 9.9973E-05
0.692066 0.131665 9.9973E-05 0.0790577 9.9973E-05 0.0969114 9.9973E-05
0.764975 9.9973E-05 9.9973E-05 0.119338 0.0213039 9.9973E-05 0.094084
0.638458 0.144814 9.9973E-05 9.9973E-05 0.0831714 9.9973E-05 0.133257
0.972686 9.9964E-05 9.9964E-05 9.9964E-05 0.0195531 9.9964E-05 0.00736141
0.642899 0.290573 9.9973E-05 9.9973E-05 9.9973E-05 0.0282143 0.0380145
0.25375 0.413894 9.997E-05 0.102778 9.997E-05 9.997E-05 0.229279
0.721808 9.9973E-05 9.9973E-05 0.135143 0.0813576 9.9973E-05 0.0613916
0.0743122 9.997E-05 0.75418 0.0379122 0.133295 9.997E-05 9.997E-05
0.0185923 9.9973E-05 0.702169 9.9973E-05 9.9973E-05 0.0604958 0.218443
0.0750612 9.9973E-05 0.715952 9.9973E-05 9.9973E-05 0.0192889 0.189398
0.0465087 0.00538678 0.701009 0.0894259 0.15747 9.9982E-05 9.9982E-05
9.998E-05 0.0532219 0.627218 0.21008 0.0917075 9.998E-05 0.0175722
9.9964E-05 9.9964E-05 0.188077 0.108946 9.9964E-05 9.9964E-05 0.702577
9.9973E-05 0.0243914 0.190064 9.9973E-05 0.517058 9.9973E-05 0.268186
9.9973E-05 9.9973E-05 0.119045 9.9973E-05 0.539128 0.0597425 0.281785
9.9964E-05 9.9964E-05 0.261151 9.9964E-05 0.676147 9.9964E-05 0.0623025
9.99639E-05 9.99639E-05 0.427434 9.99639E-05 0.280907 9.99639E-05 0.291259
0.0489459 9.996E-05 0.125372 9.996E-05 0.825282 9.996E-05 9.996E-05
0.022173 9.9964E-05 9.9964E-05 9.9964E-05 0.934878 0.0425488 9.9964E-05
9.9982E-05 0.0137401 0.256736 0.00240907 0.601274 0.125641 9.9982E-05
0.0192669 9.9991E-05 0.100838 0.0104387 0.754024 0.0666143 0.0487184
9.99639E-05 9.99639E-05 9.99639E-05 0.178541 0.631511 9.99639E-05 0.189548
9.9982E-05 9.9982E-05 0.0523487 0.0997917 0.766809 0.0729049 0.00794609
0.00332418 0.0511067 0.223862 9.9973E-05 0.721408 9.9973E-05 9.9973E-05
0.0399777 9.997E-05 0.181425 9.997E-05 0.712446 0.065851 9.997E-05
9.997E-05 0.0296308 0.315519 9.997E-05 0.487145 0.167405 9.997E-05
9.9964E-05 9.9964E-05 0.699144 0.213843 9.9964E-05 9.9964E-05 0.086613
9.9973E-05 9.9973E-05 0.839192 0.0922381 0.0308212 0.0374485 9.9973E-05
9.9973E-05 9.9973E-05 0.813341 0.027534 9.9973E-05 0.0914439 0.0673816
9.9964E-05 9.9964E-05 0.830926 9.9964E-05 9.9964E-05 0.030143 0.138531
9.9982E-05 0.0290195 0.629955 0.0697657 0.189409 9.9982E-05 0.0816507
9.9964E-05 9.9964E-05 0.839055 0.0805418 9.9964E-05 0.0800029 9.9964E-05
9.9964E-05 9.9964E-05 0.709781 0.141 9.9964E-05 0.148819 9.9964E-05
9.9973E-05 0.0626437 0.857227 0.0323636 0.0474659 9.9973E-05 9.9973E-05
0.0481425 9.998E-05 0.783907 0.0440314 0.117195 0.00652426 9.998E-05
0.0165548 9.9973E-05 0.759275 9.9973E-05 0.22029 0.00358002 9.9973E-05
0.0339378 9.997E-05 0.767411 9.997E-05 0.120069 0.0782816 9.997E-05
0.0187923 9.9973E-05 0.94192 9.9973E-05 0.00117171 0.0378163 9.9973E-05
9.9982E-05 9.9982E-05 0.551228 0.138157 0.204796 0.0504863 0.055133
0.062943 9.9973E-05 0.69118 0.171062 0.0745153 9.9973E-05 9.9973E-05
9.9982E-05 9.9982E-05 0.640335 0.0681768 0.132268 0.11913 0.03989
9.99731E-05 9.99731E-05 0.671063 0.0649936 0.237724 0.0259194 9.99731E-05
9.9973E-05 0.0171039 0.787279 0.0510977 0.144219 9.9973E-05 9.9973E-05
0.0165653 9.9982E-05 0.88901 0.00984062 0.00994586 0.0744383 9.9982E-05
9.9964E-05 9.9964E-05 0.677952 9.9964E-05 0.28576 9.9964E-05 0.0358887
9.996E-05 9.996E-05 0.569131 9.996E-05 9.996E-05 0.200634 0.229836
9.9964E-05 9.9964E-05 0.696734 9.9964E-05 9.9964E-05 0.0280588 0.274807
0.00541412 9.9973E-05 0.816436 9.9973E-05 9.9973E-05 0.0425394 0.13531
9.9955E-05 9.9955E-05 0.78306 9.9955E-05 0.216441 9.9955E-05 9.9955E-05
0.1165 9.9973E-05 0.660882 9.9973E-05 0.197414 0.0249043 9.9973E-05
0.0388257 9.997E-05 0.729967 9.997E-05 0.125901 0.105007 9.997E-05
0.0278507 0.0081347 0.832426 0.046001 0.0853875 9.9982E-05 9.9982E-05
0.150149 0.0851212 0.604969 9.9973E-05 9.9973E-05 0.159461 9.9973E-05
0.362782 0.0355346 0.535087 9.997E-05 0.066297 9.997E-05 9.997E-05
9.9973E-05 9.9973E-05 0.844685 0.0464598 0.0367182 9.9973E-05 0.0718367
9.9964E-05 9.9964E-05 0.784679 9.9964E-05 9.9964E-05 0.00341361 0.211507
9.9973E-05 0.00613278 0.685305 9.9973E-05 9.9973E-05 0.120687 0.187575
9.9973E-05 9.9973E-05 0.705797 9.9973E-05 0.0102643 0.142309 0.141329
9.9964E-05 9.9964E-05 0.662991 9.9964E-05 9.9964E-05 0.0794395 0.25717
0.0126567 9.9964E-05 0.955754 0.0311899 9.9964E-05 9.9964E-05 9.9964E-05
9.9964E-05 9.9964E-05 0.730285 9.9964E-05 9.9964E-05 0.0962774 0.173038
9.9982E-05 0.0232582 0.776548 9.9982E-05 0.170477 0.0155989 0.0139177
9.998E-05 9.998E-05 0.647134 0.0658252 0.118631 0.0171475 0.151063
9.9964E-05 0.0011064 0.829636 9.9964E-05 9.9964E-05 9.9964E-05 0.168858
0.353363 0.0892398 0.00180362 9.99729E-05 9.99729E-05 9.99729E-05 0.555294
0.424483 0.39809 9.9973E-05 9.9973E-05 0.032686 9.9973E-05 0.144441
0.286896 0.41808 9.9973E-05 0.0772596 9.9973E-05 9.9973E-05 0.217464
0.69365 0.0602779 0.0234742 0.039271 9.9991E-05 0.0132903 0.169937
0.741761 0.0684565 0.0617279 9.9982E-05 0.0448916 9.9982E-05 0.0829633
0.828458 0.121898 0.0278292 9.9973E-05 9.9973E-05 9.9973E-05 0.0215154
0.375762 0.445973 0.00315858 9.9991E-05 0.00287237 0.0270502 0.145083
0.253248 0.457436 9.99639E-05 9.99639E-05 9.99639E-05 9.99639E-05 0.288916
0.0599 0.228551 9.9964E-05 9.9964E-05 9.9964E-05 9.9964E-05 0.711149
0.626641 0.286704 0.0862552 9.9964E-05 9.9964E-05 9.9964E-05 9.9964E-05
0.964711 9.99552E-05 9.99552E-05 9.99552E-05 9.99552E-05 0.0347888 9.99552E-05
0.959655 9.99551E-05 9.99551E-05 9.99551E-05 9.99551E-05 0.0398455 9.99551E-05
0.839619 0.082527 0.00330651 9.9973E-05 0.0742472 9.9973E-05 9.9973E-05
