9.99549E-05 0.0160135 9.99549E-05 9.99549E-05 0.0768457 0.331897 9.99549E-05 0.567947 9.99549E-05 0.00679688
0.10521 0.0612481 9.9973E-05 9.9973E-05 0.241697 0.0505198 9.9973E-05 0.246379 0.132137 0.162509
9.9964E-05 0.117523 9.9964E-05 0.0571395 0.125573 0.354379 9.9964E-05 0.302748 0.0422381 9.9964E-05
9.9964E-05 0.571617 0.0392593 0.0853489 0.0838472 9.9964E-05 9.9964E-05 0.103077 9.9964E-05 0.11645
9.9955E-05 0.170624 9.9955E-05 0.0100261 9.9955E-05 0.618856 0.0126591 0.187335 9.9955E-05 9.9955E-05
9.9955E-05 0.390372 9.9955E-05 0.014003 0.0835869 0.125148 9.9955E-05 0.386391 9.9955E-05 9.9955E-05
0.695521 9.9946E-05 0.177189 9.9946E-05 0.0377406 9.9946E-05 9.9946E-05 9.9946E-05 0.0889498 9.9946E-05
0.723224 9.9937E-05 9.9937E-05 0.156099 9.9937E-05 0.119977 9.9937E-05 9.9937E-05 9.9937E-05 9.9937E-05
0.628717 0.0344646 0.336119 9.9937E-05 9.9937E-05 9.9937E-05 9.9937E-05 9.9937E-05 9.9937E-05 9.9937E-05
0.494437 9.9946E-05 0.430192 0.0322649 9.9946E-05 9.9946E-05 9.9946E-05 0.0425071 9.9946E-05 9.9946E-05
0.689457 0.00953601 0.105274 9.99549E-05 9.99549E-05 9.99549E-05 9.99549E-05 0.0283404 0.166893 9.99549E-05
0.283507 9.99459E-05 0.255352 9.99459E-05 9.99459E-05 0.0401323 9.99459E-05 9.99459E-05 0.420409 9.99459E-05
0.47124 9.9946E-05 0.0730519 9.9946E-05 9.9946E-05 9.9946E-05 0.325562 9.9946E-05 0.129547 9.9946E-05
0.784291 9.9937E-05 0.00262558 9.9937E-05 9.9937E-05 9.9937E-05 0.212384 9.9937E-05 9.9937E-05 9.9937E-05
0.711708 9.9955E-05 0.15508 9.9955E-05 9.9955E-05 9.9955E-05 0.018093 0.0856737 0.0289452 9.9955E-05
0.883874 9.99281E-05 9.99281E-05 9.99281E-05 9.99281E-05 9.99281E-05 9.99281E-05 9.99281E-05 0.115326 9.99281E-05
9.9955E-05 9.9955E-05 9.9955E-05 0.497712 9.9955E-05 0.326691 9.9955E-05 0.0839222 0.0642548 0.0269209
0.0270895 9.9964E-05 9.9964E-05 0.566452 0.345687 0.0217421 0.00269269 9.9964E-05 0.0359363 9.9964E-05
9.9964E-05 0.107489 9.9964E-05 0.482304 0.0517457 9.9964E-05 0.0273573 0.301892 0.0288118 9.9964E-05
9.9937E-05 0.164688 9.9937E-05 0.702091 9.9937E-05 0.132522 9.9937E-05 9.9937E-05 9.9937E-05 9.9937E-05
0.00454295 0.059113 9.99549E-05 0.512539 0.261689 0.161616 9.99549E-05 9.99549E-05 9.99549E-05 9.99549E-05
0.00373873 0.0852652 9.9946E-05 0.788318 0.122079 9.9946E-05 9.9946E-05 9.9946E-05 9.9946E-05 9.9946E-05
0.020461 9.9964E-05 0.0232391 9.9964E-05 0.060239 0.172315 9.9964E-05 0.671449 0.0518964 9.9964E-05
9.9946E-05 9.9946E-05 9.9946E-05 9.9946E-05 9.9946E-05 0.21366 0.0302377 0.675152 9.9946E-05 0.0803508
9.99461E-05 9.99461E-05 9.99461E-05 0.0679683 9.99461E-05 0.112041 0.0177329 0.801658 9.99461E-05 9.99461E-05
9.9946E-05 0.215155 9.9946E-05 0.378993 9.9946E-05 9.9946E-05 9.9946E-05 0.25259 9.9946E-05 0.152663
9.9946E-05 9.9946E-05 9.9946E-05 0.546464 9.9946E-05 0.301669 0.0257732 0.125495 9.9946E-05 9.9946E-05
0.0189355 0.157251 9.9964E-05 0.269252 9.9964E-05 0.334835 0.0467855 0.172541 9.9964E-05 9.9964E-05
0.140625 9.9955E-05 9.9955E-05 0.171513 0.16159 0.355681 9.9955E-05 9.9955E-05 9.9955E-05 0.170091
0.139492 0.0192516 0.0117263 0.202477 0.325864 0.278465 9.9973E-05 9.9973E-05 9.9973E-05 0.0224242
9.9946E-05 0.21177 9.9946E-05 0.202489 0.251139 9.9946E-05 9.9946E-05 9.9946E-05 0.334002 9.9946E-05
9.99549E-05 0.260214 9.99549E-05 0.272178 0.0471204 0.236397 9.99549E-05 9.99549E-05 0.18359 9.99549E-05
9.9946E-05 0.426437 9.9946E-05 0.366498 0.0923123 0.114153 9.9946E-05 9.9946E-05 9.9946E-05 9.9946E-05
0.0346529 0.00995487 9.9946E-05 0.143577 9.9946E-05 9.9946E-05 9.9946E-05 0.811215 9.9946E-05 9.9946E-05
9.99369E-05 9.99369E-05 9.99369E-05 9.99369E-05 0.0519766 9.99369E-05 9.99369E-05 0.699197 0.248127 9.99369E-05
9.9955E-05 0.0861722 9.9955E-05 0.451021 9.9955E-05 0.241879 9.9955E-05 0.12944 0.0909883 9.9955E-05
9.99639E-05 0.0681173 9.99639E-05 0.00950602 0.103455 9.99639E-05 0.257629 0.398085 0.162808 9.99639E-05
9.9964E-05 0.0693642 9.9964E-05 0.219559 9.9964E-05 0.0505764 0.0684356 0.569927 0.0217377 9.9964E-05
9.9964E-05 0.0217439 9.9964E-05 0.204045 0.245484 9.9964E-05 0.034293 0.493017 9.9964E-05 0.00101725
9.9955E-05 0.246843 0.0023406 0.450871 0.0160605 9.9955E-05 9.9955E-05 0.283385 9.9955E-05 9.9955E-05
9.99461E-05 0.409299 9.99461E-05 0.0176763 9.99461E-05 9.99461E-05 9.99461E-05 0.0742873 9.99461E-05 0.498137
9.9955E-05 0.472494 9.9955E-05 0.136742 9.9955E-05 0.0589063 0.0734361 9.9955E-05 9.9955E-05 0.257922
9.9955E-05 0.532819 9.9955E-05 0.0543607 0.193618 9.9955E-05 0.123106 0.0955963 9.9955E-05 9.9955E-05
9.9946E-05 0.261384 9.9946E-05 9.9946E-05 9.9946E-05 9.9946E-05 0.150834 0.0333985 9.9946E-05 0.553784
0.0390871 0.512225 9.99551E-05 0.197903 9.99551E-05 9.99551E-05 9.99551E-05 0.0224904 9.99551E-05 0.227795
9.9946E-05 0.455541 9.9946E-05 0.142304 0.133955 9.9946E-05 9.9946E-05 0.267601 9.9946E-05 9.9946E-05
9.9937E-05 9.9937E-05 9.9937E-05 0.657879 0.296583 9.9937E-05 9.9937E-05 9.9937E-05 0.0448388 9.9937E-05
9.99459E-05 9.99459E-05 9.99459E-05 0.287844 0.541859 9.99459E-05 9.99459E-05 9.99459E-05 0.124627 0.0450699
9.9937E-05 9.9937E-05 9.9937E-05 0.108641 0.804237 9.9937E-05 9.9937E-05 9.9937E-05 0.0864217 9.9937E-05
9.9946E-05 9.9946E-05 9.9946E-05 0.129058 0.732337 9.9946E-05 9.9946E-05 0.00935121 9.9946E-05 0.128654
0.00121579 9.99459E-05 9.99459E-05 0.409498 0.546218 9.99459E-05 0.0424684 9.99459E-05 9.99459E-05 9.99459E-05
0.121823 9.9946E-05 9.9946E-05 0.447407 9.9946E-05 9.9946E-05 9.9946E-05 0.0286971 9.9946E-05 0.401473
9.9964E-05 9.9964E-05 0.0350334 0.698782 0.199744 0.037234 0.00523605 0.023571 9.9964E-05 9.9964E-05
9.9928E-05 9.9928E-05 9.9928E-05 0.636197 9.9928E-05 9.9928E-05 9.9928E-05 9.9928E-05 9.9928E-05 0.363003
9.99279E-05 9.99279E-05 9.99279E-05 0.637628 9.99279E-05 9.99279E-05 9.99279E-05 9.99279E-05 9.99279E-05 0.361573
9.9937E-05 0.320002 9.9937E-05 0.615755 9.9937E-05 0.0635434 9.9937E-05 9.9937E-05 9.9937E-05 9.9937E-05
9.9937E-05 9.9937E-05 0.712701 9.9937E-05 9.9937E-05 9.9937E-05 9.9937E-05 0.177315 9.9937E-05 0.109285
0.13523 9.99551E-05 0.664976 9.99551E-05 9.99551E-05 0.00905494 0.0800577 0.110181 9.99551E-05 9.99551E-05
9.9946E-05 9.9946E-05 9.9946E-05 9.9946E-05 0.0113683 9.9946E-05 0.863996 0.0547446 9.9946E-05 0.069291
0.0253944 9.9955E-05 0.487495 0.0396218 9.9955E-05 9.9955E-05 0.293344 9.9955E-05 9.9955E-05 0.153645
0.0530465 0.0108886 0.404791 9.9964E-05 9.9964E-05 9.9964E-05 0.41477 9.9964E-05 0.103096 0.0130085
9.99639E-05 9.99639E-05 0.349401 0.122651 0.0346964 9.99639E-05 0.410084 9.99639E-05 0.0711748 0.0115931
9.99369E-05 9.99369E-05 0.135054 9.99369E-05 0.181721 9.99369E-05 9.99369E-05 9.99369E-05 0.682526 9.99369E-05
9.99369E-05 9.99369E-05 9.99369E-05 0.076432 9.99369E-05 9.99369E-05 0.15439 9.99369E-05 0.768478 9.99369E-05
0.0302091 0.0661692 0.69408 9.9955E-05 9.9955E-05 0.0116885 9.9955E-05 9.9955E-05 0.197353 9.9955E-05
0.0751522 9.99281E-05 0.924048 9.99281E-05 9.99281E-05 9.99281E-05 9.99281E-05 9.99281E-05 9.99281E-05 9.99281E-05
9.9955E-05 0.0380157 0.65606 0.152996 9.9955E-05 0.00171331 9.9955E-05 9.9955E-05 0.150715 9.9955E-05
0.190612 9.99461E-05 0.071541 9.99461E-05 9.99461E-05 9.99461E-05 0.573588 0.16366 9.99461E-05 9.99461E-05
0.0329741 9.9955E-05 0.217215 9.9955E-05 9.9955E-05 9.9955E-05 0.168675 0.139075 0.441561 9.9955E-05
0.0822829 9.9964E-05 0.331305 0.0585843 9.9964E-05 9.9964E-05 0.255572 0.0357201 0.236136 9.9964E-05
0.083279 9.9955E-05 0.0296413 9.9955E-05 9.9955E-05 9.9955E-05 0.140189 0.148946 0.597445 9.9955E-05
9.9964E-05 9.9964E-05 0.582232 0.0213883 9.9964E-05 0.0577603 0.244865 0.017933 0.0754211 9.9964E-05
9.99369E-05 9.99369E-05 0.34155 9.99369E-05 9.99369E-05 0.0548202 9.99369E-05 9.99369E-05 0.60293 9.99369E-05
0.0397336 9.9955E-05 0.0669569 0.173714 9.9955E-05 9.9955E-05 0.578428 9.9955E-05 0.140668 9.9955E-05
9.9955E-05 9.9955E-05 0.00632407 0.115139 9.9955E-05 9.9955E-05 0.733255 0.0554246 0.0893575 9.9955E-05
9.9955E-05 0.00856034 0.281742 0.0453842 0.103942 9.9955E-05 0.559872 9.9955E-05 9.9955E-05 9.9955E-05
9.9946E-05 0.0719861 0.220821 9.9946E-05 9.9946E-05 9.9946E-05 0.451708 9.9946E-05 0.254885 9.9946E-05
9.9937E-05 9.9937E-05 0.158519 9.9937E-05 9.9937E-05 0.0236291 0.817152 9.9937E-05 9.9937E-05 9.9937E-05
0.140959 9.9955E-05 0.436695 9.9955E-05 9.9955E-05 9.9955E-05 0.394704 0.0211388 9.9955E-05 0.00600284
9.9946E-05 9.9946E-05 0.596672 0.0464228 0.0124406 9.9946E-05 9.9946E-05 9.9946E-05 0.343865 9.9946E-05
9.9946E-05 0.00791176 0.343571 9.9946E-05 0.115999 9.9946E-05 0.531919 9.9946E-05 9.9946E-05 9.9946E-05
9.99641E-05 0.0701171 9.99641E-05 0.0446459 0.000939617 0.787085 0.0424553 0.0543571 9.99641E-05 9.99641E-05
9.9946E-05 9.9946E-05 9.9946E-05 0.0531455 9.9946E-05 0.0194214 0.0697249 9.9946E-05 9.9946E-05 0.857108
9.9937E-05 9.9937E-05 9.9937E-05 9.9937E-05 9.9937E-05 0.184294 0.0790457 9.9937E-05 9.9937E-05 0.735961
9.9964E-05 0.0592582 0.00612594 9.9964E-05 0.143719 0.716823 0.0680246 0.00564892 9.9964E-05 9.9964E-05
0.11419 0.0213921 9.99459E-05 9.99459E-05 0.315284 0.548535 9.99459E-05 9.99459E-05 9.99459E-05 9.99459E-05
9.99281E-05 9.99281E-05 9.99281E-05 9.99281E-05 0.994497 9.99281E-05 9.99281E-05 9.99281E-05 9.99281E-05 0.00470402
9.99461E-05 0.549564 9.99461E-05 9.99461E-05 0.154559 9.99461E-05 9.99461E-05 9.99461E-05 0.0902475 0.20503
0.0926792 0.415114 9.9955E-05 9.9955E-05 0.19911 9.9955E-05 9.9955E-05 0.0522246 9.9955E-05 0.240372
9.9946E-05 0.556418 9.9946E-05 9.9946E-05 0.0890645 0.317177 9.9946E-05 9.9946E-05 0.0367413 9.9946E-05
9.99549E-05 0.257694 9.99549E-05 9.99549E-05 0.271882 0.264009 9.99549E-05 9.99549E-05 0.0375891 0.168327
9.9946E-05 0.723097 9.9946E-05 9.9946E-05 9.9946E-05 0.225646 0.0230105 9.9946E-05 0.0276469 9.9946E-05
9.9946E-05 0.960695 9.9946E-05 0.0299716 9.9946E-05 9.9946E-05 0.00604276 0.00269076 9.9946E-05 9.9946E-05
0.0181236 0.477223 9.99639E-05 9.99639E-05 0.024804 0.32649 0.000295883 0.152664 9.99639E-05 9.99639E-05
9.996E-05 0.624949 0.0129182 9.996E-05 0.0771958 0.196688 9.996E-05 0.0560558 0.0317931 9.996E-05
0.040867 0.519373 0.00827976 9.99459E-05 0.43088 9.99459E-05 9.99459E-05 9.99459E-05 9.99459E-05 9.99459E-05
0.0394072 0.652878 0.0345594 0.01115 0.127886 0.0720384 9.9973E-05 0.0617813 9.9973E-05 9.9973E-05
9.9937E-05 0.739654 0.0405424 9.9937E-05 9.9937E-05 0.219104 9.9937E-05 9.9937E-05 9.9937E-05 9.9937E-05
9.9964E-05 0.575261 9.9964E-05 0.0271692 9.9964E-05 0.359959 0.00329474 0.00880178 0.0251141 9.9964E-05
0.00823654 0.547437 0.0493574 9.99639E-05 9.99639E-05 0.161238 9.99639E-05 0.0478246 9.99639E-05 0.185506
9.9955E-05 0.00665851 9.9955E-05 0.0913773 0.22846 0.390856 9.9955E-05 9.9955E-05 9.9955E-05 0.282148
9.9946E-05 9.9946E-05 9.9946E-05 9.9946E-05 0.0408404 0.575002 9.9946E-05 0.0446598 9.9946E-05 0.338898
9.9946E-05 9.9946E-05 9.9946E-05 9.9946E-05 0.045866 0.424095 9.9946E-05 0.0975895 9.9946E-05 0.43185
9.9946E-05 0.0386594 9.9946E-05 0.0277448 9.9946E-05 0.400578 9.9946E-05 9.9946E-05 9.9946E-05 0.532419
9.99369E-05 9.99369E-05 0.0589428 9.99369E-05 0.247009 0.693349 9.99369E-05 9.99369E-05 9.99369E-05 9.99369E-05
9.99371E-05 9.99371E-05 9.99371E-05 0.0844782 9.99371E-05 0.845237 9.99371E-05 0.0695855 9.99371E-05 9.99371E-05
9.9946E-05 9.9946E-05 9.9946E-05 0.0879016 0.0634134 0.64934 9.9946E-05 0.198746 9.9946E-05 9.9946E-05
0.032152 9.9946E-05 0.0378902 0.0447504 9.9946E-05 0.884608 9.9946E-05 9.9946E-05 9.9946E-05 9.9946E-05
9.9946E-05 9.9946E-05 9.9946E-05 9.9946E-05 0.0879101 0.835549 0.0403149 0.0356259 9.9946E-05 9.9946E-05
9.9955E-05 0.120613 9.9955E-05 9.9955E-05 9.9955E-05 0.781634 9.9955E-05 0.0366959 0.0183259 0.0422315
9.9955E-05 0.0487376 9.9955E-05 0.0361521 9.9955E-05 0.811662 9.9955E-05 0.0888358 9.9955E-05 0.0141124
9.99371E-05 9.99371E-05 9.99371E-05 9.99371E-05 9.99371E-05 0.89172 9.99371E-05 0.0385061 9.99371E-05 0.0690739
9.9964E-05 0.166595 9.9964E-05 0.00976983 0.12628 0.399915 9.9964E-05 0.0959759 9.9964E-05 0.201064
9.9946E-05 0.103201 9.9946E-05 0.166386 9.9946E-05 0.394296 9.9946E-05 9.9946E-05 9.9946E-05 0.335517
9.9955E-05 0.164088 9.9955E-05 9.9955E-05 0.100472 0.538066 9.9955E-05 0.122054 9.9955E-05 0.0748208
9.99461E-05 0.100105 9.99461E-05 9.99461E-05 0.0880988 0.732896 9.99461E-05 0.0783005 9.99461E-05 9.99461E-05
9.99461E-05 0.0392457 9.99461E-05 9.99461E-05 0.0545051 0.783771 9.99461E-05 9.99461E-05 9.99461E-05 0.121879
9.99371E-05 9.99371E-05 9.99371E-05 9.99371E-05 9.99371E-05 0.829385 9.99371E-05 0.0455391 9.99371E-05 0.124376
0.00966195 0.122163 9.99549E-05 9.99549E-05 0.120823 0.721926 9.99549E-05 9.99549E-05 9.99549E-05 0.0249262
9.9946E-05 9.9946E-05 9.9946E-05 9.9946E-05 9.9946E-05 0.213551 9.9946E-05 0.178473 0.018235 0.589141
9.9964E-05 0.0296199 9.9964E-05 9.9964E-05 0.0516597 0.273781 9.9964E-05 0.0176234 0.049343 0.577574
9.99371E-05 9.99371E-05 9.99371E-05 9.99371E-05 9.99371E-05 0.552381 9.99371E-05 9.99371E-05 0.1101 0.336819
9.9937E-05 0.102028 9.9937E-05 9.9937E-05 9.9937E-05 0.793205 9.9937E-05 9.9937E-05 9.9937E-05 0.104068
9.9973E-05 0.139601 0.0293697 0.0426917 9.9973E-05 0.666594 9.9973E-05 0.00135632 0.0631732 0.0569139
9.9946E-05 0.0497525 9.9946E-05 9.9946E-05 9.9946E-05 0.694302 9.9946E-05 0.181774 9.9946E-05 0.0735715
9.9955E-05 9.9955E-05 9.9955E-05 0.0163126 0.00721264 0.889895 9.9955E-05 9.9955E-05 0.0540014 0.0320785
0.0461219 9.9955E-05 0.17884 9.9955E-05 9.9955E-05 0.596642 0.0237711 0.154125 9.9955E-05 9.9955E-05
9.9946E-05 9.9946E-05 0.139289 9.9946E-05 9.9946E-05 0.622444 0.178638 9.9946E-05 0.0590297 9.9946E-05
9.9946E-05 9.9946E-05 9.9946E-05 9.9946E-05 0.10251 0.757934 9.9946E-05 9.9946E-05 0.0297423 0.109215
9.99369E-05 9.99369E-05 9.99369E-05 9.99369E-05 0.0918588 0.324365 9.99369E-05 9.99369E-05 9.99369E-05 0.583077
0.0161856 0.0132414 9.9964E-05 9.9964E-05 9.9964E-05 0.505867 9.9964E-05 0.103676 0.0343115 0.326319
0.00380608 9.9946E-05 9.9946E-05 9.9946E-05 9.9946E-05 0.383752 9.9946E-05 0.120594 9.9946E-05 0.491249
9.9937E-05 9.9937E-05 9.9937E-05 9.9937E-05 0.0778676 0.0829038 9.9937E-05 9.9937E-05 9.9937E-05 0.838529
0.037392 9.9955E-05 0.013861 9.9955E-05 0.116109 0.806944 9.9955E-05 9.9955E-05 9.9955E-05 0.0251945
9.9955E-05 0.0754224 9.9955E-05 9.9955E-05 0.0113834 0.31102 9.9955E-05 9.9955E-05 0.00758815 0.594086
9.9955E-05 0.116632 9.9955E-05 0.0051943 9.9955E-05 0.597693 9.9955E-05 0.000312577 9.9955E-05 0.279668
9.99549E-05 0.108156 9.99549E-05 0.036295 0.125903 0.472137 9.99549E-05 9.99549E-05 9.99549E-05 0.257008
9.9937E-05 9.9937E-05 9.9937E-05 9.9937E-05 9.9937E-05 0.551851 9.9937E-05 9.9937E-05 0.087106 0.360344
9.9946E-05 9.9946E-05 9.9946E-05 9.9946E-05 0.035078 9.9946E-05 0.151281 9.9946E-05 0.672237 0.140804
9.9955E-05 9.9955E-05 0.592809 9.9955E-05 9.9955E-05 0.000634057 0.176064 9.9955E-05 0.201936 0.0280574
9.9946E-05 9.9946E-05 0.788656 9.9946E-05 0.10946 9.9946E-05 9.9946E-05 9.9946E-05 0.073336 0.0279488
9.99549E-05 0.0684863 0.378725 9.99549E-05 0.0772186 9.99549E-05 0.433533 9.99549E-05 9.99549E-05 0.0415377
9.9964E-05 0.0253719 0.234903 9.9964E-05 0.0555782 0.0372198 0.604787 9.9964E-05 9.9964E-05 0.0417404
9.9955E-05 9.9955E-05 0.339012 9.9955E-05 0.0198332 9.9955E-05 0.611037 9.9955E-05 0.0253449 0.00427306
0.302572 9.9946E-05 9.9946E-05 9.9946E-05 9.9946E-05 9.9946E-05 0.336655 9.9946E-05 0.359502 0.00067137
0.156089 9.99459E-05 0.0934544 9.99459E-05 9.99459E-05 9.99459E-05 0.166225 9.99459E-05 0.583632 9.99459E-05
9.99372E-05 9.99372E-05 9.99372E-05 9.99372E-05 0.0315605 9.99372E-05 9.99372E-05 9.99372E-05 0.924456 0.0432837
0.22357 9.99459E-05 9.99459E-05 9.99459E-05 9.99459E-05 0.0721664 0.607621 9.99459E-05 0.0960431 9.99459E-05
9.99372E-05 9.99372E-05 9.99372E-05 0.0130187 9.99372E-05 9.99372E-05 0.93616 0.0501217 9.99372E-05 9.99372E-05
9.9928E-05 9.9928E-05 9.9928E-05 9.9928E-05 9.9928E-05 9.9928E-05 0.941483 0.0577177 9.9928E-05 9.9928E-05
0.127418 0.0438117 9.9937E-05 9.9937E-05 9.9937E-05 9.9937E-05 0.828071 9.9937E-05 9.9937E-05 9.9937E-05
