0.224913 0.0355488 0.739538
0.533874 9.9991E-05 0.466026
0.190725 0.0764681 0.732807
0.152341 0.0929407 0.754718
9.9991E-05 0.0860984 0.913802
9.999E-05 0.0928286 0.907071
0.57948 0.42042 9.9991E-05
0.320176 0.535826 0.143999
0.362513 0.637387 9.9991E-05
0.369336 0.630564 9.9991E-05
0.479017 0.520883 9.9991E-05
0.481705 0.518195 9.9991E-05
0.227886 0.772014 9.9991E-05
0.216774 0.783126 9.9991E-05
0.431723 0.568177 9.9991E-05
0.489293 0.510607 9.9991E-05
0.152132 0.141905 0.705963
0.428629 0.131547 0.439824
0.208623 0.249768 0.541608
0.0133351 0.289428 0.697237
0.287017 0.118534 0.594448
0.246462 0.214248 0.53929
0.282208 0.128584 0.589208
0.0360691 0.210737 0.753194
9.9991E-05 0.262602 0.737298
0.0494259 0.140143 0.810431
9.9991E-05 0.263689 0.736211
9.9991E-05 0.244831 0.755069
0.296903 0.00947974 0.693617
0.351564 0.111524 0.536913
0.573353 0.0593816 0.367265
0.245493 0.119826 0.634681
0.241269 0.0104216 0.74831
0.164338 0.210853 0.624809
0.508216 0.121086 0.370698
0.179202 0.176107 0.644691
0.209033 0.437572 0.353396
0.131458 0.255277 0.613265
0.321501 0.171087 0.507412
0.109684 0.222661 0.667656
0.285031 9.9991E-05 0.714869
0.0512604 0.152044 0.796696
0.0893027 0.215382 0.695316
0.109334 0.207318 0.683348
0.0925634 0.0771971 0.83024
0.115396 0.175051 0.709553
0.505119 0.212606 0.282275
0.688219 0.0118582 0.299923
0.782499 9.9991E-05 0.217401
0.585581 9.9991E-05 0.414319
0.529686 0.0893861 0.380928
0.293376 0.147074 0.55955
0.279723 0.198037 0.52224
0.248391 0.149347 0.602262
0.274365 0.138762 0.586874
9.9991E-05 0.256568 0.743332
0.259417 0.567447 0.173135
0.154146 0.748071 0.0977825
9.9991E-05 0.950482 0.0494181
0.263006 0.722311 0.0146839
0.160546 0.838843 0.000611284
0.183171 0.728529 0.0882996
0.833193 0.166707 9.9991E-05
0.513007 0.447021 0.0399717
0.383356 0.616544 9.9991E-05
0.243549 0.756351 9.9991E-05
0.289132 0.666731 0.0441372
0.0223547 0.950702 0.0269436
0.471242 0.528658 9.9991E-05
0.233339 0.766561 9.9991E-05
0.494289 0.447226 0.0584849
0.203475 0.782035 0.0144896
0.51403 0.48587 9.9991E-05
0.094753 0.822685 0.0825616
0.00441785 0.880015 0.115568
0.106431 0.862375 0.0311946
0.197901 0.798925 0.00317372
9.999E-05 0.9998 9.999E-05
0.15969 0.84021 9.9991E-05
0.467363 0.532537 9.9991E-05
0.13849 0.797173 0.0643375
9.9991E-05 0.076715 0.923185
0.216361 9.9991E-05 0.783539
0.141273 0.0328509 0.825876
0.0245732 0.0882331 0.887194
0.173985 9.9991E-05 0.825915
0.740928 9.9991E-05 0.258972
0.290698 0.0597838 0.649518
0.294419 0.0418387 0.663742
0.0975353 0.0324524 0.870012
0.249236 9.9991E-05 0.750664
9.9991E-05 0.171229 0.828671
9.9991E-05 0.167083 0.832817
9.9991E-05 0.103106 0.896794
0.0539818 0.125521 0.820498
0.403187 0.029989 0.566824
0.135563 0.0808963 0.783541
9.9991E-05 0.149973 0.849927
9.9991E-05 0.144628 0.855272
0.0695183 0.057477 0.873005
0.255015 9.9991E-05 0.744885
0.0529871 9.9991E-05 0.946913
0.0969978 9.9991E-05 0.902902
0.185651 9.9991E-05 0.814249
0.151762 0.0137475 0.834491
9.9991E-05 0.0399566 0.959943
0.0228268 0.0303866 0.946787
9.9991E-05 0.0246799 0.97522
9.9991E-05 0.0879021 0.911998
9.9991E-05 0.0349754 0.964925
9.9991E-05 0.0446469 0.955253
9.999E-05 9.999E-05 0.9998
0.125633 9.9991E-05 0.874267
0.0701916 0.0429307 0.886878
0.151961 9.9991E-05 0.847939
0.0382041 0.0199836 0.941812
0.0184228 0.0509477 0.930629
9.999E-05 9.999E-05 0.9998
0.0491021 9.9991E-05 0.950798
0.279056 9.9991E-05 0.720844
0.242643 9.9991E-05 0.757257
0.104095 9.9991E-05 0.895805
9.999E-05 9.999E-05 0.9998
9.9991E-05 0.0939691 0.905931
9.9991E-05 0.045868 0.954032
9.9991E-05 0.0337965 0.966104
9.9991E-05 0.34233 0.65757
9.9991E-05 0.367288 0.632612
0.121145 9.9991E-05 0.878755
0.248993 9.9991E-05 0.750907
0.234649 9.9991E-05 0.765251
0.13883 9.9991E-05 0.86107
0.284902 9.9991E-05 0.714998
9.9991E-05 0.0326417 0.967258
0.181573 9.9991E-05 0.818327
0.0263031 0.0144102 0.959287
0.150549 9.9991E-05 0.849351
0.167084 9.9991E-05 0.832816
0.580275 0.391277 0.028448
0.287522 0.712378 9.9991E-05
0.383807 0.604791 0.0114024
0.136971 0.752481 0.110548
0.0624959 0.789856 0.147649
0.041424 0.958476 9.9991E-05
0.315945 0.683955 9.9991E-05
0.446871 0.553029 9.9991E-05
0.885502 0.114398 9.9991E-05
0.0829335 0.840091 0.0769753
9.999E-05 0.9998 9.999E-05
9.999E-05 0.9998 9.999E-05
9.9991E-05 0.959376 0.0405238
