0.134852 9.9991E-05 0.297617 0.344255 0.223176
0.514418 9.9991E-05 0.163954 0.0723429 0.249185
0.139176 9.9991E-05 0.375287 0.293697 0.191739
0.106399 9.9991E-05 0.571337 0.280254 0.0419091
9.999E-05 0.0073034 0.517701 0.144958 0.329937
9.9982E-05 9.9982E-05 0.569959 0.361535 0.0683065
0.568415 0.431285 9.9973E-05 9.9973E-05 9.9973E-05
0.298832 0.520308 9.9991E-05 0.0408703 0.139891
0.385733 0.613967 9.9973E-05 9.9973E-05 9.9973E-05
0.363186 0.627112 9.9982E-05 0.0095024 9.9982E-05
0.503022 0.496678 9.99729E-05 9.99729E-05 9.99729E-05
0.487906 0.511794 9.99729E-05 9.99729E-05 9.99729E-05
0.235257 0.764443 9.9973E-05 9.9973E-05 9.9973E-05
0.172021 0.792697 9.9991E-05 0.0196616 0.0155198
0.426034 0.573666 9.9973E-05 9.9973E-05 9.9973E-05
0.509425 0.490275 9.9973E-05 9.9973E-05 9.9973E-05
0.0476859 0.02181 0.166379 0.563612 0.200513
0.327733 0.0425015 0.0379652 0.493152 0.0986484
0.0716984 0.0790954 0.166476 0.68263 9.9991E-05
9.9982E-05 0.0567007 0.240539 0.702561 9.9982E-05
0.230946 9.9991E-05 0.233264 0.489363 0.0463273
0.144837 9.9982E-05 0.166158 0.688805 9.9982E-05
0.185599 0.0554495 0.0199103 0.471542 0.267499
9.999E-05 0.0576561 0.147498 0.513965 0.28078
9.9991E-05 0.0403534 0.221051 0.710936 0.0275595
9.9982E-05 9.9982E-05 0.205021 0.700197 0.0945827
9.9991E-05 0.101502 0.117945 0.575078 0.205375
9.9991E-05 0.113246 0.343916 0.358973 0.183765
0.177927 0.0454567 0.0202888 0.233359 0.522969
0.211907 0.0609371 0.0545139 0.271729 0.400913
0.509133 9.9982E-05 0.276774 0.213893 9.9982E-05
0.24585 9.9991E-05 0.503146 0.192778 0.0581268
0.141212 9.9991E-05 0.459435 0.353856 0.0453969
0.0314119 0.0728044 0.113656 0.751142 0.0309856
0.393096 9.9982E-05 0.0227539 0.58395 9.9982E-05
0.0459137 0.0840793 0.140469 0.568504 0.161035
0.183951 0.293137 0.226394 0.296419 9.9991E-05
0.025883 0.127043 0.172513 0.602186 0.0723747
0.180701 0.0225504 0.0425437 0.665575 0.0886297
0.025319 0.0323596 0.211497 0.730725 9.9991E-05
0.23234 9.9991E-05 0.257152 0.305886 0.204522
0.0367602 0.0539641 0.440632 0.294447 0.174198
0.0817438 0.123889 0.560351 0.233917 9.9991E-05
9.9991E-05 0.185824 0.228021 0.173681 0.412375
0.0691279 9.9991E-05 0.443188 0.388013 0.0995707
0.0456798 9.9982E-05 0.441274 0.512846 9.9982E-05
0.326898 0.0788273 9.9982E-05 0.594074 9.9982E-05
0.624413 9.9991E-05 0.0759252 0.183992 0.11557
0.703942 9.9982E-05 9.9982E-05 0.168434 0.127425
0.477574 9.9982E-05 9.9982E-05 0.202591 0.319635
0.422442 9.9982E-05 0.102126 0.475232 9.9982E-05
0.113499 0.0435193 9.9991E-05 0.611 0.231882
0.136417 0.065301 9.9991E-05 0.750286 0.0478964
0.021821 0.0489735 0.00138095 0.736467 0.191358
0.102387 0.0351928 9.9991E-05 0.726374 0.135946
9.9982E-05 0.046933 0.282732 0.670135 9.9982E-05
0.23975 0.524877 9.9991E-05 0.16539 0.0698822
0.139083 0.732115 9.9991E-05 0.0901367 0.0385655
9.9973E-05 0.941362 0.0583381 9.9973E-05 9.9973E-05
0.216043 0.671376 9.9982E-05 0.112382 9.9982E-05
0.142955 0.825894 0.0309513 9.9982E-05 9.9982E-05
0.164805 0.722037 9.9991E-05 0.0804207 0.0326369
0.836356 0.163344 9.99729E-05 9.99729E-05 9.99729E-05
0.50719 0.442428 0.0501822 9.9982E-05 9.9982E-05
0.388229 0.574439 0.037132 9.9982E-05 9.9982E-05
0.238317 0.761383 9.9973E-05 9.9973E-05 9.9973E-05
0.245105 0.628968 0.0175804 0.108247 9.9991E-05
9.99731E-05 0.920166 9.99731E-05 0.0795338 9.99731E-05
0.442577 0.53215 9.9982E-05 0.0250728 9.9982E-05
0.240056 0.706044 9.9982E-05 0.0537 9.9982E-05
0.518176 0.45127 0.0173587 0.013095 9.9991E-05
0.189786 0.716792 0.0477688 0.0455524 9.9991E-05
0.518601 0.481099 9.9973E-05 9.9973E-05 9.9973E-05
0.103311 0.833624 9.9991E-05 0.00720018 0.0557644
9.9982E-05 0.831803 0.00496272 0.163034 9.9982E-05
0.122962 0.846106 0.0307322 9.9982E-05 9.9982E-05
0.176028 0.74785 0.0759212 9.9982E-05 9.9982E-05
9.9973E-05 0.933739 0.0659607 9.9973E-05 9.9973E-05
0.12582 0.87388 9.9973E-05 9.9973E-05 9.9973E-05
0.487175 0.512525 9.99729E-05 9.99729E-05 9.99729E-05
0.11089 0.740841 0.101579 0.0465901 9.9991E-05
9.9991E-05 0.0474286 0.262308 0.105576 0.584588
0.0698939 0.0308735 9.9991E-05 0.067108 0.832025
0.012527 0.116518 9.9982E-05 9.9982E-05 0.870755
9.9991E-05 0.0826775 0.387523 0.0101179 0.519582
0.139627 0.0267021 0.134597 0.089509 0.609565
0.703218 9.99731E-05 9.99731E-05 9.99731E-05 0.296482
0.297361 9.9982E-05 0.626639 9.9982E-05 0.0758004
0.278363 9.9991E-05 0.517466 0.00765801 0.196413
0.121848 9.9982E-05 0.723386 9.9982E-05 0.154566
0.20757 9.9982E-05 0.366334 9.9982E-05 0.425896
9.9982E-05 0.0415312 0.897197 9.9982E-05 0.061072
9.9982E-05 0.00880175 0.98115 0.0098482 9.9982E-05
9.9982E-05 9.9982E-05 0.754622 0.15103 0.0941486
0.0525239 9.9991E-05 0.859845 0.0794623 0.00806851
0.357373 9.9973E-05 0.642327 9.9973E-05 9.9973E-05
0.126348 9.9982E-05 0.763983 0.109469 9.9982E-05
9.9982E-05 0.0491523 0.872025 9.9982E-05 0.0786231
9.9991E-05 0.0393433 0.901539 0.0188753 0.0401419
0.0666755 9.9991E-05 0.626179 0.110441 0.196604
0.140624 9.9991E-05 0.0472862 0.124217 0.687772
0.0114043 9.9991E-05 0.107495 0.0644894 0.816512
9.9973E-05 9.9973E-05 9.9973E-05 0.134584 0.865116
0.0565988 9.9991E-05 0.0851441 0.0102412 0.847916
0.127972 0.00881519 0.340545 9.9991E-05 0.522568
9.9991E-05 0.000964471 0.22804 0.13249 0.638406
9.9991E-05 0.00998265 0.04549 0.276701 0.667726
9.9982E-05 0.0343489 0.262093 9.9982E-05 0.703358
9.9982E-05 0.0519897 0.356538 9.9982E-05 0.591273
9.9973E-05 9.9973E-05 0.448045 9.9973E-05 0.551655
9.9991E-05 0.0122275 0.3264 0.0658524 0.59542
9.9982E-05 9.9982E-05 0.280886 0.0222923 0.696622
0.0515811 9.9991E-05 0.197565 0.196532 0.554222
9.9991E-05 0.0680591 0.145069 0.0847333 0.702038
0.0985537 9.9991E-05 0.367436 0.0444023 0.489508
9.9991E-05 0.0182178 0.464395 0.00880855 0.508479
9.9982E-05 0.0338828 0.276668 9.9982E-05 0.689249
9.9991E-05 0.0188034 0.174317 0.0491294 0.75765
0.0511787 9.9982E-05 0.400689 9.9982E-05 0.547932
0.172174 9.9991E-05 0.00257227 0.0120178 0.813136
0.136907 9.9982E-05 0.187016 9.9982E-05 0.675877
0.0436229 0.0392142 0.168553 9.9991E-05 0.74851
9.9973E-05 9.9973E-05 0.415437 9.9973E-05 0.584263
9.9991E-05 0.0866524 0.343228 0.0387479 0.531271
9.99908E-05 0.0633086 0.332642 9.99908E-05 0.60385
9.9982E-05 0.0223476 0.293446 9.9982E-05 0.684006
9.9991E-05 0.31602 0.137208 0.0616517 0.48502
9.9982E-05 0.406344 0.172342 9.9982E-05 0.421114
0.0345404 9.9982E-05 0.235695 9.9982E-05 0.729565
0.131386 9.9973E-05 9.9973E-05 9.9973E-05 0.868314
0.164188 9.9982E-05 0.22825 9.9982E-05 0.607362
0.0504429 9.9982E-05 0.129471 9.9982E-05 0.819887
0.194404 9.9982E-05 9.9982E-05 0.0332466 0.77215
9.9982E-05 0.0139087 0.195243 9.9982E-05 0.790649
0.0559337 9.9991E-05 0.108296 0.000199385 0.835471
9.9982E-05 0.0199094 0.250366 9.9982E-05 0.729525
0.0575008 9.9991E-05 0.0958697 0.1454 0.701129
0.0710126 0.00471903 9.9982E-05 9.9982E-05 0.924068
0.57917 0.378573 9.9982E-05 9.9982E-05 0.0420566
0.345799 0.649198 0.00216472 9.9991E-05 0.0027385
0.42119 0.57851 9.99729E-05 9.99729E-05 9.99729E-05
0.127834 0.739318 0.07368 9.9991E-05 0.0590687
0.0203298 0.78585 0.1877 9.9991E-05 0.00602017
0.0538087 0.920391 0.0256001 9.9982E-05 9.9982E-05
0.293326 0.680627 0.00981727 9.9991E-05 0.0161302
0.481852 0.517849 9.99729E-05 9.99729E-05 9.99729E-05
0.856932 0.142768 9.99731E-05 9.99731E-05 9.99731E-05
0.107412 0.817182 0.0231366 9.9991E-05 0.0521699
9.99731E-05 0.975733 9.99731E-05 0.0239669 9.99731E-05
9.9973E-05 0.965758 9.9973E-05 0.0339416 9.9973E-05
9.99731E-05 0.933936 0.0657641 9.99731E-05 9.99731E-05
