9.99639E-05 0.599928 9.99639E-05 0.147082 0.0176362 0.0300888 9.99639E-05 0.204865 9.99639E-05
9.9973E-05 0.272198 9.9973E-05 0.0374506 9.9973E-05 0.041814 0.276236 0.162852 0.209149
9.9973E-05 0.338153 9.9973E-05 0.241987 0.043689 9.9973E-05 0.0315903 0.247503 0.0967773
9.9964E-05 0.305364 0.0287023 0.550623 9.9964E-05 0.0035974 0.111313 9.9964E-05 9.9964E-05
9.9964E-05 0.139868 0.00639939 0.324852 0.0645934 9.9964E-05 9.9964E-05 0.463887 9.9964E-05
9.9946E-05 0.425441 9.9946E-05 0.503142 0.0708174 9.9946E-05 9.9946E-05 9.9946E-05 9.9946E-05
9.9946E-05 9.9946E-05 9.9946E-05 9.9946E-05 9.9946E-05 0.726838 0.045603 9.9946E-05 0.226959
0.040668 9.9964E-05 9.9964E-05 9.9964E-05 0.153635 0.586003 9.9964E-05 0.0873112 0.131983
0.0145006 9.9964E-05 0.0579814 0.030393 9.9964E-05 0.805546 9.9964E-05 9.9964E-05 0.0911787
0.234045 0.0137548 9.99692E-05 9.99692E-05 0.0395229 0.701802 9.99692E-05 9.99692E-05 0.0104755
9.99549E-05 0.0336567 9.99549E-05 9.99549E-05 9.99549E-05 0.78397 0.00553889 9.99549E-05 0.176335
0.146869 9.9973E-05 0.0234417 9.9973E-05 0.000834831 0.254347 9.9973E-05 0.0665271 0.50768
0.458931 9.9946E-05 0.0207777 9.9946E-05 9.9946E-05 0.519691 9.9946E-05 9.9946E-05 9.9946E-05
0.115188 9.9955E-05 0.0596282 9.9955E-05 0.0341858 0.790499 9.9955E-05 9.9955E-05 9.9955E-05
9.9955E-05 9.9955E-05 0.0376726 0.0391672 9.9955E-05 0.858885 9.9955E-05 9.9955E-05 0.0637755
9.99371E-05 9.99371E-05 9.99371E-05 9.99371E-05 9.99371E-05 0.681825 9.99371E-05 9.99371E-05 0.317476
9.9955E-05 0.00576847 9.9955E-05 9.9955E-05 0.578298 9.9955E-05 9.9955E-05 0.379521 0.0359124
9.9955E-05 9.9955E-05 0.0108123 9.9955E-05 0.639217 9.9955E-05 0.320803 9.9955E-05 0.0286679
0.0988542 0.37543 9.9973E-05 0.0758101 0.436972 9.9973E-05 0.00947882 9.9973E-05 0.00315579
0.0180183 0.000595545 0.00949259 0.246214 0.672861 9.9973E-05 9.9973E-05 0.0525178 9.9973E-05
9.99639E-05 9.99639E-05 9.99639E-05 0.105235 0.603439 0.0106805 0.170742 0.109504 9.99639E-05
9.9964E-05 0.0360444 9.9964E-05 0.142782 0.727577 0.0245571 0.0686397 9.9964E-05 9.9964E-05
9.9955E-05 0.533217 9.9955E-05 9.9955E-05 0.094841 9.9955E-05 9.9955E-05 0.131145 0.240297
0.12256 0.655651 9.9946E-05 9.9946E-05 9.9946E-05 9.9946E-05 9.9946E-05 0.22119 9.9946E-05
9.9955E-05 0.669193 0.0453454 0.0959763 0.188985 9.9955E-05 9.9955E-05 9.9955E-05 9.9955E-05
9.9955E-05 0.465023 9.9955E-05 0.168026 0.338255 9.9955E-05 9.9955E-05 0.0281958 9.9955E-05
0.0881708 0.0132935 9.9955E-05 9.9955E-05 0.57301 9.9955E-05 9.9955E-05 0.325026 9.9955E-05
0.0921557 0.122615 9.9964E-05 0.235102 0.297974 9.9964E-05 9.9964E-05 0.251754 9.9964E-05
9.9955E-05 9.9955E-05 9.9955E-05 9.9955E-05 0.210872 0.142408 0.170283 0.475937 9.9955E-05
0.018469 9.9973E-05 9.9973E-05 0.0302391 0.312809 0.124697 0.25536 0.258125 9.9973E-05
9.9955E-05 9.9955E-05 9.9955E-05 0.258274 0.24431 9.9955E-05 0.229841 9.9955E-05 0.267075
9.9964E-05 9.9964E-05 9.9964E-05 0.399976 0.276939 9.9964E-05 0.0190649 0.121194 0.182426
9.9964E-05 9.9964E-05 9.9964E-05 0.483774 0.395418 9.9964E-05 0.0643756 0.0425782 0.0134545
0.0221652 0.901843 0.0175449 9.99639E-05 0.0156959 0.0423512 9.99639E-05 9.99639E-05 9.99639E-05
9.99459E-05 0.694821 9.99459E-05 9.99459E-05 9.99459E-05 9.99459E-05 0.00401324 9.99459E-05 0.300566
0.0166729 0.144083 9.9973E-05 0.120335 0.429369 9.9973E-05 9.9973E-05 0.190179 0.0990627
0.334818 0.283284 0.0324781 0.0760298 0.113251 9.9982E-05 0.0220571 9.9982E-05 0.137882
9.9973E-05 0.433793 0.0456707 0.0808043 0.300769 9.9973E-05 9.9973E-05 0.00699865 0.131664
0.135853 0.504382 9.9955E-05 9.9955E-05 0.171038 9.9955E-05 0.188227 9.9955E-05 9.9955E-05
9.9964E-05 0.221705 0.00660603 0.212615 0.532998 0.0256765 9.9964E-05 9.9964E-05 9.9964E-05
9.9946E-05 0.49589 9.9946E-05 0.231085 9.9946E-05 9.9946E-05 0.272426 9.9946E-05 9.9946E-05
0.0716346 0.287363 0.0319145 0.312228 0.0368062 9.9982E-05 0.0318367 0.228017 9.9982E-05
0.161034 0.162339 0.0105505 0.550507 9.9964E-05 9.9964E-05 0.11517 9.9964E-05 9.9964E-05
9.9964E-05 0.448272 0.109062 0.147716 9.9964E-05 0.0438014 9.9964E-05 0.250749 9.9964E-05
9.99641E-05 0.383205 9.99641E-05 0.40968 0.116637 0.0455591 9.99641E-05 0.0445196 9.99641E-05
9.9955E-05 0.361945 9.9955E-05 0.407689 0.158195 9.9955E-05 0.0716715 9.9955E-05 9.9955E-05
9.9946E-05 9.9946E-05 9.9946E-05 9.9946E-05 0.700654 9.9946E-05 0.187859 9.9946E-05 0.110888
9.99459E-05 9.99459E-05 9.99459E-05 9.99459E-05 0.354904 9.99459E-05 0.547952 9.99459E-05 0.0965442
9.99459E-05 9.99459E-05 9.99459E-05 9.99459E-05 0.233724 9.99459E-05 0.745666 9.99459E-05 0.0200107
9.99549E-05 0.112398 9.99549E-05 9.99549E-05 0.170068 9.99549E-05 0.713563 0.00347116 9.99549E-05
9.99549E-05 9.99549E-05 0.027204 9.99549E-05 0.528851 0.00836346 0.435082 9.99549E-05 9.99549E-05
9.9964E-05 0.350451 9.9964E-05 9.9964E-05 0.260713 0.155373 0.083815 0.149249 9.9964E-05
9.9964E-05 0.0523631 0.0762867 9.9964E-05 0.699968 9.9964E-05 0.114442 0.0565406 9.9964E-05
0.0319263 0.379415 9.9964E-05 9.9964E-05 0.462376 9.9964E-05 0.0641195 0.0617633 9.9964E-05
9.9964E-05 0.37749 9.9964E-05 9.9964E-05 0.464567 0.0635619 0.022934 0.0710476 9.9964E-05
9.9964E-05 0.115674 0.0346554 0.247369 0.567907 9.9964E-05 9.9964E-05 0.0339944 9.9964E-05
0.560587 0.24164 9.9955E-05 9.9955E-05 9.9955E-05 0.132753 0.0645199 9.9955E-05 9.9955E-05
0.653122 0.0196165 9.9955E-05 9.9955E-05 9.9955E-05 0.291315 9.9955E-05 0.0354464 9.9955E-05
9.9946E-05 0.0433015 0.941802 9.9946E-05 9.9946E-05 9.9946E-05 9.9946E-05 0.0142973 9.9946E-05
9.9964E-05 0.0360233 0.469483 9.9964E-05 0.0647021 0.253109 9.9964E-05 9.9964E-05 0.176283
0.0411047 9.9955E-05 0.6171 9.9955E-05 9.9955E-05 0.0858875 9.9955E-05 9.9955E-05 0.255408
9.9955E-05 9.9955E-05 0.7021 9.9955E-05 0.0726404 9.9955E-05 0.0451828 9.9955E-05 0.179577
9.99459E-05 9.99459E-05 9.99459E-05 9.99459E-05 9.99459E-05 0.0451804 0.203387 9.99459E-05 0.750832
0.0544535 9.9964E-05 0.0486379 0.0308241 0.0594165 9.9964E-05 9.9964E-05 9.9964E-05 0.806268
0.43092 9.99549E-05 9.99549E-05 0.0386685 9.99549E-05 0.272135 9.99549E-05 9.99549E-05 0.257776
0.582096 9.9937E-05 9.9937E-05 9.9937E-05 9.9937E-05 0.417204 9.9937E-05 9.9937E-05 9.9937E-05
0.869281 0.0201792 9.9964E-05 9.9964E-05 0.0215233 0.026931 0.0616858 9.9964E-05 9.9964E-05
0.416972 0.063093 0.368827 9.99551E-05 9.99551E-05 0.150608 9.99551E-05 9.99551E-05 9.99551E-05
0.45315 0.074689 9.9964E-05 9.9964E-05 9.9964E-05 0.0550404 0.0150249 9.9964E-05 0.401696
0.484112 9.9964E-05 0.174375 9.9964E-05 0.00910388 0.0978552 9.9964E-05 9.9964E-05 0.234155
0.215125 0.0601716 0.0140316 0.00621123 9.9982E-05 0.0632699 9.9982E-05 0.0148242 0.626167
0.85406 9.9964E-05 0.000853519 9.9964E-05 0.0195428 9.9964E-05 9.9964E-05 0.0813922 0.0437515
0.253172 9.9946E-05 9.9946E-05 9.9946E-05 9.9946E-05 9.9946E-05 9.9946E-05 0.0338327 0.712396
0.185748 9.9964E-05 0.541823 9.9964E-05 0.144752 9.9964E-05 9.9964E-05 0.00118264 0.126095
0.56762 9.99461E-05 0.288961 9.99461E-05 0.142819 9.99461E-05 9.99461E-05 9.99461E-05 9.99461E-05
0.387863 9.9964E-05 0.516121 9.9964E-05 0.0276195 9.9964E-05 0.0635672 9.9964E-05 0.00442977
0.566466 9.9964E-05 0.201973 0.0654106 9.9964E-05 9.9964E-05 0.0248064 9.9964E-05 0.140945
0.0486203 9.9946E-05 0.949338 0.00144178 9.9946E-05 9.9946E-05 9.9946E-05 9.9946E-05 9.9946E-05
0.0649075 0.000832937 0.592805 9.9964E-05 9.9964E-05 0.237064 9.9964E-05 9.9964E-05 0.103991
0.0611717 9.9964E-05 0.158935 9.9964E-05 0.0867376 0.0435569 9.9964E-05 9.9964E-05 0.649199
9.9955E-05 0.00187242 0.810532 9.9955E-05 9.9955E-05 9.9955E-05 0.135627 9.9955E-05 0.0514684
9.99641E-05 0.0256858 0.0313989 0.0211485 0.156023 9.99641E-05 9.99641E-05 0.765344 9.99641E-05
9.99551E-05 0.207134 9.99551E-05 9.99551E-05 9.99551E-05 0.072677 0.121288 0.598401 9.99551E-05
9.9973E-05 0.147325 0.00824129 9.9973E-05 9.9973E-05 0.0366031 0.0792725 0.678029 0.0502297
0.0328592 9.9973E-05 9.9973E-05 0.211125 0.0410597 0.0591848 0.00830501 0.647166 9.9973E-05
9.99639E-05 9.99639E-05 9.99639E-05 0.0867326 0.0670053 0.101903 0.229109 0.51485 9.99639E-05
9.99371E-05 9.99371E-05 9.99371E-05 9.99371E-05 9.99371E-05 9.99371E-05 0.972068 0.027232 9.99371E-05
9.99731E-05 0.018104 9.99731E-05 0.505021 9.99731E-05 0.0090273 0.243569 0.163128 0.0608499
9.9964E-05 0.149114 9.9964E-05 0.417576 9.9964E-05 0.0283594 0.374086 0.0304643 9.9964E-05
0.00948273 9.9955E-05 9.9955E-05 0.62422 9.9955E-05 9.9955E-05 0.10922 0.256577 9.9955E-05
9.99459E-05 9.99459E-05 9.99459E-05 0.332967 9.99459E-05 9.99459E-05 0.372127 0.294307 9.99459E-05
0.0662337 9.99461E-05 9.99461E-05 0.880845 9.99461E-05 9.99461E-05 9.99461E-05 0.052322 9.99461E-05
9.99461E-05 0.0116276 9.99461E-05 0.94965 0.0381229 9.99461E-05 9.99461E-05 9.99461E-05 9.99461E-05
9.99639E-05 0.0901604 9.99639E-05 0.641097 0.0258182 0.0457011 9.99639E-05 0.196823 9.99639E-05
9.9982E-05 0.0242463 0.00268057 0.793803 0.0389864 9.9982E-05 0.0868526 0.0431796 0.0100518
9.99459E-05 9.99459E-05 9.99459E-05 0.569582 9.99459E-05 0.0496964 0.380122 9.99459E-05 9.99459E-05
9.9964E-05 0.0446191 9.9964E-05 0.747903 0.0680138 0.0385694 0.100495 9.9964E-05 9.9964E-05
0.0784117 9.9946E-05 9.9946E-05 0.782257 9.9946E-05 9.9946E-05 9.9946E-05 0.138732 9.9946E-05
9.9955E-05 9.9955E-05 9.9955E-05 0.814293 0.0450287 9.9955E-05 9.9955E-05 0.0939011 0.0462778
9.9955E-05 0.177576 9.9955E-05 0.568245 9.9955E-05 0.0301255 9.9955E-05 0.223553 9.9955E-05
9.9973E-05 0.0646275 9.9973E-05 0.0513342 0.0853694 0.0374793 0.272063 0.488827 9.9973E-05
9.9955E-05 0.145675 9.9955E-05 9.9955E-05 9.9955E-05 0.00909651 0.0877443 0.756985 9.9955E-05
9.99461E-05 0.229411 9.99461E-05 9.99461E-05 9.99461E-05 9.99461E-05 0.096872 0.673118 9.99461E-05
9.9946E-05 0.113064 9.9946E-05 9.9946E-05 9.9946E-05 9.9946E-05 0.160908 0.725428 9.9946E-05
0.0514611 9.9964E-05 9.9964E-05 0.0856755 9.9964E-05 0.014582 0.175524 0.672358 9.9964E-05
0.0106528 9.9955E-05 9.9955E-05 0.0395614 0.159997 9.9955E-05 9.9955E-05 0.789289 9.9955E-05
9.9946E-05 0.0983064 9.9946E-05 9.9946E-05 0.222059 9.9946E-05 9.9946E-05 0.679035 9.9946E-05
9.9955E-05 9.9955E-05 0.014694 0.0766628 0.124383 9.9955E-05 9.9955E-05 0.783761 9.9955E-05
0.0295231 9.9991E-05 0.00720894 0.166956 0.0285174 0.0317025 0.00291515 0.716832 0.0162448
9.99369E-05 9.99369E-05 9.99369E-05 0.295026 9.99369E-05 9.99369E-05 9.99369E-05 0.704274 9.99369E-05
9.9955E-05 0.0828964 0.03327 0.146724 9.9955E-05 9.9955E-05 9.9955E-05 0.73661 9.9955E-05
9.9946E-05 0.0778958 9.9946E-05 0.0355322 9.9946E-05 9.9946E-05 9.9946E-05 0.885972 9.9946E-05
9.99549E-05 0.211782 9.99549E-05 0.16736 9.99549E-05 9.99549E-05 0.17904 0.441319 9.99549E-05
9.9964E-05 9.9964E-05 0.0189006 0.139429 0.139014 9.9964E-05 0.0983548 0.603902 9.9964E-05
9.996E-05 0.11491 9.996E-05 0.18265 9.996E-05 9.996E-05 0.101643 0.578755 0.021642
9.99641E-05 0.0749249 9.99641E-05 0.173956 0.0470353 9.99641E-05 0.0326307 0.671054 9.99641E-05
0.0379158 9.99641E-05 9.99641E-05 0.0743499 0.0145509 9.99641E-05 0.0854259 0.787358 9.99641E-05
9.9955E-05 0.0711857 0.00162981 9.9955E-05 0.0346485 9.9955E-05 9.9955E-05 0.892036 9.9955E-05
9.99549E-05 9.99549E-05 9.99549E-05 0.22748 9.99549E-05 0.0127538 0.16438 0.594886 9.99549E-05
9.995E-05 0.327016 9.995E-05 9.995E-05 9.995E-05 9.995E-05 0.146792 0.493994 0.031698
9.9955E-05 0.170343 9.9955E-05 9.9955E-05 9.9955E-05 9.9955E-05 0.164008 0.641952 0.0231978
9.99551E-05 0.127605 9.99551E-05 9.99551E-05 9.99551E-05 9.99551E-05 0.0546896 0.757641 0.0595643
9.9946E-05 0.00605182 9.9946E-05 0.18283 9.9946E-05 9.9946E-05 9.9946E-05 0.810518 9.9946E-05
0.145938 9.9955E-05 9.9955E-05 0.203155 9.9955E-05 9.9955E-05 9.9955E-05 0.65028 0.00012792
9.9964E-05 0.114356 0.0515119 0.146587 9.9964E-05 9.9964E-05 9.9964E-05 0.681953 0.00519233
9.9955E-05 9.9955E-05 9.9955E-05 0.102838 0.0522963 9.9955E-05 9.9955E-05 0.842348 0.00201815
0.0452166 0.0910952 0.172039 9.9973E-05 0.00698521 0.101797 9.9973E-05 0.582567 9.9973E-05
9.99639E-05 9.99639E-05 0.343084 0.040847 0.0121637 9.99639E-05 9.99639E-05 0.537491 0.0660147
9.9955E-05 9.9955E-05 9.9955E-05 0.0539188 9.9955E-05 9.9955E-05 0.106914 0.81266 0.0260074
9.99459E-05 0.138246 9.99459E-05 9.99459E-05 9.99459E-05 9.99459E-05 0.252719 0.608436 9.99459E-05
9.9964E-05 0.222753 9.9964E-05 9.9964E-05 9.9964E-05 0.00966136 0.121775 0.617575 0.027836
9.9955E-05 0.287676 9.9955E-05 9.9955E-05 9.9955E-05 0.014626 0.135379 0.561818 9.9955E-05
9.9946E-05 0.25001 9.9946E-05 9.9946E-05 9.9946E-05 9.9946E-05 0.292129 0.457262 9.9946E-05
0.0467778 9.9964E-05 9.9964E-05 0.044719 9.9964E-05 0.0201718 0.057215 0.830716 9.9964E-05
9.9946E-05 0.259407 9.9946E-05 9.9946E-05 9.9946E-05 9.9946E-05 0.205853 0.53414 9.9946E-05
9.9955E-05 0.111289 9.9955E-05 0.0628551 9.9955E-05 9.9955E-05 0.077556 0.747801 9.9955E-05
9.9955E-05 0.15205 9.9955E-05 0.130475 9.9955E-05 9.9955E-05 0.157513 0.559463 9.9955E-05
9.9946E-05 9.9946E-05 9.9946E-05 9.9946E-05 9.9946E-05 9.9946E-05 0.163528 0.805036 0.0308358
9.9955E-05 9.9955E-05 0.197985 9.9955E-05 9.9955E-05 9.9955E-05 0.129316 0.0338067 0.638393
0.183211 9.9964E-05 0.407656 9.9964E-05 9.9964E-05 0.0782489 0.0417448 9.9964E-05 0.288739
0.267354 9.99639E-05 0.204204 9.99639E-05 9.99639E-05 0.15696 0.1495 9.99639E-05 0.221581
0.0753664 9.99729E-05 0.688639 0.0242661 9.99729E-05 0.00576614 0.153302 9.99729E-05 0.0523601
9.9955E-05 9.9955E-05 0.73881 9.9955E-05 9.9955E-05 0.114292 0.0896516 0.0567461 9.9955E-05
0.00303921 9.9955E-05 0.827905 9.9955E-05 9.9955E-05 0.0672712 9.9955E-05 9.9955E-05 0.101285
9.9955E-05 9.9955E-05 0.310248 0.0121301 9.9955E-05 0.233309 9.9955E-05 9.9955E-05 0.443813
9.9946E-05 9.9946E-05 0.172892 9.9946E-05 9.9946E-05 0.158983 9.9946E-05 9.9946E-05 0.667526
9.99371E-05 9.99371E-05 9.99371E-05 9.99371E-05 9.99371E-05 9.99371E-05 0.226825 9.99371E-05 0.772476
0.0401282 9.9964E-05 0.633925 9.9964E-05 9.9964E-05 0.10577 9.9964E-05 0.0928232 0.126954
0.0204224 9.99462E-05 0.955737 9.99462E-05 0.0232414 9.99462E-05 9.99462E-05 9.99462E-05 9.99462E-05
0.0549785 0.0373148 0.895408 9.9955E-05 0.0117992 9.9955E-05 9.9955E-05 9.9955E-05 9.9955E-05
9.99461E-05 9.99461E-05 0.809557 9.99461E-05 0.0750338 0.11481 9.99461E-05 9.99461E-05 9.99461E-05
