0.241845 0.390011 0.292797 0.0752467 9.9991E-05
0.163771 0.0913958 0.284028 0.460705 9.9991E-05
0.440029 0.334687 0.0995688 0.125616 9.9991E-05
0.469969 0.417629 0.0200986 0.0825829 0.00972004
0.790697 0.174866 9.9982E-05 9.9982E-05 0.0342371
0.4521 0.47341 0.0742905 9.9982E-05 9.9982E-05
9.9973E-05 9.9973E-05 9.9973E-05 0.606542 0.393158
0.0435316 0.00973002 0.112712 0.368216 0.465811
9.9973E-05 9.9973E-05 9.9973E-05 0.411055 0.588645
9.9973E-05 9.9973E-05 9.9973E-05 0.431329 0.568371
9.99729E-05 9.99729E-05 9.99729E-05 0.552398 0.447302
0.00391811 9.9982E-05 9.9982E-05 0.561081 0.434801
9.9973E-05 9.9973E-05 9.9973E-05 0.283325 0.716376
9.9973E-05 9.9973E-05 9.9973E-05 0.2502 0.7495
9.9973E-05 9.9973E-05 9.9973E-05 0.505113 0.494587
9.9982E-05 9.9982E-05 0.0204302 0.549863 0.429506
0.372633 0.548387 0.00428624 0.0745943 9.9991E-05
0.116971 0.471267 9.9982E-05 0.411562 9.9982E-05
0.0370954 0.745345 0.0430587 0.123956 0.0505456
0.268242 0.660215 9.9982E-05 9.9982E-05 0.0713428
0.300536 0.510101 9.9982E-05 0.189164 9.9982E-05
0.0523118 0.836821 9.9982E-05 0.110667 9.9982E-05
0.0889851 0.43186 0.244474 0.234581 9.9991E-05
0.0410166 0.453955 0.395136 9.9991E-05 0.109792
9.9982E-05 0.687219 0.23525 9.9982E-05 0.0773315
0.0715951 0.76183 0.166375 9.9982E-05 9.9982E-05
0.365827 0.501317 9.9982E-05 9.9982E-05 0.132655
0.455523 0.441042 9.9982E-05 9.9982E-05 0.103235
0.439011 0.169839 0.181997 0.209053 9.9991E-05
0.418882 0.209357 0.00496692 0.360511 0.0062837
0.157685 0.314154 9.9982E-05 0.527961 9.9982E-05
0.534864 0.205108 9.9991E-05 0.253159 0.00676933
0.421136 0.383899 9.9982E-05 0.194764 9.9982E-05
9.9982E-05 0.692957 0.232572 9.9982E-05 0.074271
9.9982E-05 0.606742 0.0482768 0.344781 9.9982E-05
0.278319 0.571434 0.000251861 0.107537 0.0424584
0.0575433 0.464174 9.9991E-05 0.225596 0.252587
0.169427 0.590313 0.0828635 0.0623895 0.095007
9.9991E-05 0.660556 0.149353 0.166919 0.0230719
0.162879 0.760539 9.9991E-05 0.045145 0.0313372
9.9982E-05 0.429107 0.564891 0.0058021 9.9982E-05
0.372037 0.309821 0.2342 9.9991E-05 0.0838428
0.417936 0.382517 9.9991E-05 0.0610111 0.138436
0.0805033 0.15695 0.568604 9.9991E-05 0.193843
0.289152 0.479767 0.230881 9.9982E-05 9.9982E-05
0.258999 0.663256 0.0198645 0.05778 9.9991E-05
9.9982E-05 0.580929 9.9982E-05 0.408675 0.0101965
0.139999 0.16576 0.0787039 0.615437 9.9991E-05
0.045477 0.20416 0.0492988 0.700965 9.9991E-05
0.0512789 0.271636 0.298032 0.378954 9.9991E-05
0.0841803 0.466021 9.9982E-05 0.449599 9.9982E-05
9.9991E-05 0.429774 0.364164 0.0982319 0.10773
0.0748023 0.685497 0.0221443 0.170984 0.0465726
9.9982E-05 0.683944 0.305482 9.9982E-05 0.0103742
9.9982E-05 0.626008 0.332951 9.9982E-05 0.0408405
0.23749 0.689955 9.9982E-05 9.9982E-05 0.0723551
9.9991E-05 0.12717 0.132159 0.227265 0.513307
0.0345758 0.0609607 0.0220162 0.139392 0.743055
0.0108185 0.0443807 0.0202303 9.9991E-05 0.92447
9.9982E-05 9.9982E-05 0.0988701 0.198793 0.702137
9.9982E-05 9.9982E-05 0.0170209 0.200182 0.782598
0.0117818 0.0676949 9.9991E-05 0.217036 0.703387
9.9973E-05 9.9973E-05 9.9973E-05 0.891176 0.108524
9.9982E-05 0.0489301 9.9982E-05 0.596048 0.354821
0.0190066 9.9982E-05 9.9982E-05 0.436765 0.544028
9.9973E-05 9.9973E-05 9.9973E-05 0.289312 0.710388
9.9982E-05 0.131416 9.9982E-05 0.304197 0.564188
9.9991E-05 0.0764203 0.0318854 0.00218802 0.889406
9.9973E-05 9.9973E-05 9.9973E-05 0.520206 0.479494
9.9982E-05 9.9982E-05 0.0517576 0.245369 0.702674
9.9991E-05 0.0392044 0.00910918 0.528111 0.423475
0.0371882 9.9982E-05 9.9982E-05 0.228672 0.73394
9.9973E-05 9.9973E-05 9.9973E-05 0.564723 0.434977
0.0312398 0.000922912 9.9991E-05 0.164699 0.803038
9.9973E-05 0.218356 9.9973E-05 9.9973E-05 0.781344
0.00235577 0.0582015 9.9991E-05 0.136558 0.802784
0.0676011 9.9982E-05 9.9982E-05 0.234698 0.697501
0.0453557 9.9973E-05 9.9973E-05 9.9973E-05 0.954344
9.9973E-05 9.9973E-05 9.9973E-05 0.151036 0.848664
9.99729E-05 9.99729E-05 9.99729E-05 0.560684 0.439016
0.0560375 0.0471148 9.9991E-05 0.149207 0.747541
0.738208 0.0789671 0.140708 9.9991E-05 0.0420168
9.9982E-05 0.00298741 0.903863 9.9982E-05 0.0929499
0.0659572 9.9982E-05 0.828163 9.9982E-05 0.105679
0.89609 9.9991E-05 0.0170682 0.0221914 0.0645503
0.770894 0.0292302 0.0154412 0.184335 9.9991E-05
0.132204 9.99821E-05 0.231189 0.636407 9.99821E-05
0.538912 0.0513907 0.130751 0.269149 0.00979763
0.456346 0.0890331 0.199976 0.254545 9.9991E-05
0.886339 0.00697093 9.9991E-05 0.106019 0.000571041
0.62584 9.9982E-05 0.189269 0.184691 9.9982E-05
0.820052 0.0389111 9.9982E-05 9.9982E-05 0.140837
0.680024 0.263857 9.9982E-05 9.9982E-05 0.0559187
0.756545 0.234272 9.9991E-05 0.00569323 0.00338949
0.686661 0.177172 9.9991E-05 0.102524 0.0335427
0.523918 0.0883847 9.9982E-05 0.387497 9.9982E-05
0.671247 0.21362 9.9982E-05 0.114933 9.9982E-05
0.796124 0.108306 9.9982E-05 9.9982E-05 0.0953697
0.733934 0.185361 9.9991E-05 0.0132554 0.0673489
0.597843 0.210135 0.185456 9.9991E-05 0.00646576
0.441768 0.108153 0.333501 0.116478 9.9991E-05
0.534363 0.0104519 0.454986 9.9982E-05 9.9982E-05
0.285888 0.0981536 0.615758 9.9982E-05 9.9982E-05
0.355855 0.0047084 0.636291 9.9991E-05 0.00304632
0.818763 9.9982E-05 0.0146553 0.166382 9.9982E-05
0.89119 0.10851 9.9973E-05 9.9973E-05 9.9973E-05
0.596458 0.250117 0.153225 9.9982E-05 9.9982E-05
0.938229 9.9982E-05 0.0466669 9.9982E-05 0.014904
0.912248 9.9991E-05 0.0294976 0.00410113 0.0540533
0.89124 0.0414211 0.0671392 9.9982E-05 9.9982E-05
0.847044 0.0664621 0.0862936 9.9982E-05 9.9982E-05
0.80709 9.9973E-05 0.19261 9.9973E-05 9.9973E-05
0.540925 0.207172 0.241169 0.0106341 9.9991E-05
0.542891 0.0538946 0.36396 9.9991E-05 0.0391553
0.683199 0.0720973 0.150281 0.0943237 9.9991E-05
0.798161 0.0472625 0.137654 0.0168233 9.9991E-05
0.767721 9.99731E-05 0.231979 9.99731E-05 9.99731E-05
0.756758 9.9973E-05 0.242943 9.9973E-05 9.9973E-05
0.884795 9.9982E-05 0.0673377 0.0476669 9.9982E-05
0.170355 9.9982E-05 0.797804 0.031641 9.9982E-05
0.283513 9.9982E-05 0.671905 0.0443824 9.9982E-05
0.507858 9.9991E-05 0.455593 0.0198889 0.0165591
0.832836 9.9973E-05 0.166865 9.9973E-05 9.9973E-05
0.806623 0.0899589 0.0673859 9.9991E-05 0.0359321
0.765672 9.9982E-05 0.188507 9.9982E-05 0.0456211
0.922953 9.9982E-05 0.0705517 9.9982E-05 0.00629505
0.543995 0.00635104 0.182342 9.9991E-05 0.267212
0.64896 9.9982E-05 9.9982E-05 0.0405532 0.310286
0.747702 9.9982E-05 0.171056 0.0810418 9.9982E-05
0.308249 9.9982E-05 0.597534 0.0940173 9.9982E-05
0.425758 9.9982E-05 0.508245 0.0657964 9.9982E-05
0.362936 9.9982E-05 0.631647 9.9982E-05 0.00521724
9.9982E-05 0.0063904 0.941735 0.0516743 9.9982E-05
0.810885 9.9973E-05 0.188815 9.9973E-05 9.9973E-05
0.309276 9.9982E-05 0.685427 0.00509678 9.9982E-05
0.638755 9.9973E-05 0.360945 9.9973E-05 9.9973E-05
0.485841 0.110033 0.370197 0.0338291 9.9991E-05
0.500377 9.9982E-05 0.458687 0.0407368 9.9982E-05
9.9982E-05 9.9982E-05 0.0626189 0.618498 0.318684
0.00386541 9.9982E-05 9.9982E-05 0.384557 0.611378
9.9973E-05 9.9973E-05 9.9973E-05 0.482481 0.517219
0.0729803 0.0249249 0.0365631 0.138682 0.726849
0.113977 9.9982E-05 9.9982E-05 0.0505058 0.835318
9.9973E-05 9.9973E-05 9.9973E-05 0.0713297 0.92837
9.9982E-05 9.9982E-05 0.0403223 0.314756 0.644722
9.99729E-05 9.99729E-05 9.99729E-05 0.542027 0.457673
9.99731E-05 9.99731E-05 9.99731E-05 0.962457 0.0372435
0.118676 9.9982E-05 9.9982E-05 0.130033 0.751091
9.99731E-05 0.0305391 9.99731E-05 9.99731E-05 0.969161
9.9973E-05 0.0363958 9.9973E-05 9.9973E-05 0.963304
0.073736 0.0129876 9.9982E-05 9.9982E-05 0.913076
