0.425324 0.0247032 0.0393768 0.22994 9.999E-05 0.280556
0.140914 0.24483 0.199481 0.356994 9.9991E-05 0.0576816
0.307358 0.0479948 0.108715 0.130422 9.9991E-05 0.40541
0.349634 9.9982E-05 0.180476 0.0701564 9.9982E-05 0.399533
0.17885 9.9982E-05 9.9982E-05 0.072474 0.000815766 0.747661
0.39292 9.9973E-05 0.085503 9.9973E-05 9.9973E-05 0.521277
0.000664298 0.950827 0.0152758 0.0330334 9.9982E-05 9.9982E-05
0.0656157 0.621001 9.9991E-05 0.0922097 0.152096 0.0689778
9.998E-05 0.674185 0.0182083 9.998E-05 0.277896 0.0295102
0.0573286 0.725991 9.9973E-05 9.9973E-05 0.216381 9.9973E-05
9.9973E-05 0.879732 9.9973E-05 0.0351593 0.0848085 9.9973E-05
0.0106211 0.869828 9.9982E-05 9.9982E-05 0.0365454 0.0828057
9.997E-05 0.58989 9.997E-05 9.997E-05 0.403289 0.00652156
0.00973749 0.57575 9.9973E-05 9.9973E-05 0.414213 9.9973E-05
9.9982E-05 0.707297 0.0779492 9.9982E-05 0.207382 0.00717218
9.997E-05 0.945538 9.997E-05 0.0148772 0.0392844 9.997E-05
0.430013 0.010525 0.177661 0.0478139 0.00542214 0.328565
0.133398 9.9982E-05 0.617003 0.106947 0.142452 9.9982E-05
0.594929 9.9982E-05 0.208197 9.9982E-05 0.0942562 0.102418
0.507925 9.9982E-05 0.113506 9.9982E-05 0.0927717 0.285597
0.20372 9.9982E-05 0.481876 9.9982E-05 0.0125975 0.301607
0.451539 9.998E-05 0.380201 9.998E-05 0.0724446 0.0956151
0.482038 0.218962 9.9982E-05 0.186962 9.9982E-05 0.111838
0.622246 9.9982E-05 9.9982E-05 0.232745 0.0252532 0.119555
0.797503 9.99641E-05 9.99641E-05 9.99641E-05 9.99641E-05 0.202097
0.67529 9.9973E-05 9.9973E-05 0.106858 9.9973E-05 0.217551
0.494309 9.9973E-05 9.9973E-05 9.9973E-05 0.108179 0.397211
0.427296 9.9973E-05 9.9973E-05 9.9973E-05 0.0462486 0.526155
0.035847 9.999E-05 0.27694 0.402606 0.0683477 0.216159
0.0746929 9.9991E-05 0.44017 0.164388 0.0618049 0.258845
0.105148 0.1322 0.648575 9.9982E-05 9.9982E-05 0.113877
0.0959028 0.0841388 0.321447 9.999E-05 0.0105966 0.487815
0.226221 9.9973E-05 0.323824 9.9973E-05 9.9973E-05 0.449655
0.911966 0.0494079 9.9973E-05 0.0383265 9.9973E-05 9.9973E-05
0.723277 0.203232 0.0641816 0.0091096 9.9982E-05 9.9982E-05
0.508838 0.063487 0.12789 9.999E-05 0.019393 0.280292
0.379843 0.114026 0.214065 9.999E-05 0.226059 0.0659075
0.678005 0.0663614 9.9982E-05 9.9982E-05 0.0853644 0.170069
0.609635 0.0284565 0.19975 0.101742 0.0603163 9.999E-05
0.63627 9.998E-05 0.117402 9.998E-05 0.0754039 0.170724
0.434758 9.99731E-05 0.0817615 0.48318 9.99731E-05 9.99731E-05
0.313887 9.999E-05 0.0765018 0.191013 0.0805665 0.337932
0.230135 9.998E-05 0.20241 9.998E-05 0.0983634 0.468891
0.22412 9.9982E-05 9.9982E-05 0.464335 0.185615 0.12573
0.490131 9.9982E-05 0.0174607 0.142665 9.9982E-05 0.349543
0.563387 9.997E-05 0.205492 9.997E-05 9.997E-05 0.230822
0.269265 9.997E-05 0.599458 9.997E-05 0.130977 9.997E-05
0.032289 0.0174404 0.805084 0.129505 0.0155809 9.999E-05
9.9964E-05 9.9964E-05 0.911457 0.0881433 9.9964E-05 9.9964E-05
0.03983 9.9973E-05 0.642578 0.317292 9.9973E-05 9.9973E-05
0.15947 9.998E-05 0.741037 9.998E-05 0.0766125 0.022681
0.398675 0.0331105 0.173673 0.318138 0.0763042 9.999E-05
0.401836 9.9991E-05 0.456412 0.00963541 0.127124 0.00489209
0.638256 9.998E-05 0.0288355 0.257549 0.0751593 9.998E-05
0.607279 9.9982E-05 0.066476 0.274077 0.051968 9.9982E-05
0.596966 9.998E-05 0.0308451 9.998E-05 0.125574 0.246415
0.18305 0.417419 9.998E-05 0.121229 0.278101 9.998E-05
0.0746346 0.373594 9.998E-05 0.071418 0.480154 9.998E-05
9.9964E-05 9.9964E-05 9.9964E-05 0.0873783 0.912222 9.9964E-05
0.0500894 0.275091 0.0743099 0.0571244 0.543285 9.999E-05
9.9982E-05 0.422002 9.9982E-05 0.0036948 0.57073 0.00337298
9.9973E-05 0.156775 0.195746 9.9973E-05 0.647179 9.9973E-05
9.9973E-05 0.740333 0.223741 0.0356264 9.9973E-05 9.9973E-05
0.0491634 0.738813 0.0501387 9.999E-05 0.0685833 0.0932017
9.997E-05 0.748991 9.997E-05 9.997E-05 0.203574 0.0471352
0.0259181 0.571057 9.9973E-05 9.9973E-05 0.402725 9.9973E-05
0.150507 0.540246 9.998E-05 9.998E-05 0.275928 0.0331193
0.100512 0.216626 9.997E-05 9.997E-05 0.682563 9.997E-05
0.126612 0.703396 9.9973E-05 9.9973E-05 0.169692 9.9973E-05
0.106836 0.50082 9.9973E-05 9.9973E-05 0.392044 9.9973E-05
0.150061 0.81057 9.9982E-05 9.9982E-05 0.00629304 0.0328757
0.0976205 0.439309 9.9982E-05 9.9982E-05 0.437329 0.0255419
9.9973E-05 0.917802 9.9973E-05 9.9973E-05 0.0162049 0.0656932
9.998E-05 0.229433 0.068948 9.998E-05 0.644959 0.0564597
0.134014 0.104644 0.0172247 9.999E-05 0.722971 0.0210466
9.9973E-05 0.0891782 0.148016 9.9973E-05 0.762506 9.9973E-05
9.9973E-05 0.352707 9.9973E-05 9.9973E-05 0.538659 0.108334
9.9964E-05 9.9964E-05 9.9964E-05 9.9964E-05 0.961193 0.0384075
0.0142589 0.343016 9.9982E-05 0.0117154 0.630809 9.9982E-05
0.00935688 0.729266 0.0792319 9.998E-05 0.181946 9.998E-05
9.9973E-05 0.0555628 0.185629 9.9973E-05 0.758508 9.9973E-05
0.0823358 9.9991E-05 0.0166256 0.241351 0.00543894 0.654149
9.9964E-05 9.9964E-05 9.9964E-05 0.88175 0.11785 9.9964E-05
9.9964E-05 9.9964E-05 9.9964E-05 0.877023 0.122577 9.9964E-05
9.998E-05 9.998E-05 0.127988 0.169945 0.0296662 0.672201
9.9973E-05 9.9973E-05 0.263437 0.26158 9.9973E-05 0.474684
9.99641E-05 9.99641E-05 0.757226 0.242374 9.99641E-05 9.99641E-05
9.998E-05 0.0896835 0.254572 0.175513 9.998E-05 0.480031
0.00451056 0.105294 0.263898 0.228019 9.9991E-05 0.398179
9.9973E-05 9.9973E-05 0.174561 0.025817 9.9973E-05 0.799322
9.9973E-05 9.9973E-05 0.219458 0.384417 9.9973E-05 0.395825
9.9973E-05 0.0398966 9.9973E-05 9.9973E-05 0.0644212 0.895382
0.155121 9.9982E-05 0.0116857 9.9982E-05 0.0382527 0.79474
0.179097 0.00824589 0.0611169 9.9982E-05 9.9982E-05 0.75134
0.120481 9.9982E-05 0.150782 9.9982E-05 0.00629959 0.722237
9.997E-05 0.0232283 0.575044 9.997E-05 9.997E-05 0.401427
0.17099 9.9973E-05 0.234668 9.9973E-05 9.9973E-05 0.594042
0.0308231 0.0881283 9.9982E-05 9.9982E-05 0.00095499 0.879894
0.0919071 0.0101018 0.015996 9.9991E-05 0.0182426 0.863652
0.18455 0.0484617 9.998E-05 0.174721 9.998E-05 0.592067
0.043406 9.998E-05 0.22972 0.442478 9.998E-05 0.284195
9.9973E-05 9.9973E-05 0.0453633 0.546381 9.9973E-05 0.407956
0.0761891 9.9982E-05 0.0682911 0.629309 9.9982E-05 0.226011
0.0134194 9.9973E-05 9.9973E-05 0.68713 9.9973E-05 0.29915
9.9973E-05 9.9973E-05 0.184585 0.174391 9.9973E-05 0.640725
0.0600541 9.9973E-05 9.9973E-05 0.170485 9.9973E-05 0.769161
0.155932 9.9982E-05 0.0882668 0.22545 9.9982E-05 0.530151
9.9973E-05 9.9973E-05 0.0201405 0.241891 9.9973E-05 0.737669
9.998E-05 9.998E-05 0.0875607 0.158261 0.0132166 0.740761
9.9964E-05 9.9964E-05 9.9964E-05 0.251312 9.9964E-05 0.748288
0.0595984 9.9973E-05 9.9973E-05 0.279935 9.9973E-05 0.660166
9.9964E-05 9.9964E-05 9.9964E-05 0.382265 9.9964E-05 0.617335
0.150336 9.998E-05 0.1324 0.374729 9.998E-05 0.342335
9.998E-05 9.998E-05 0.112942 0.39683 0.0793699 0.410658
0.0509195 9.9982E-05 0.112484 0.331856 9.9982E-05 0.504541
9.9973E-05 9.9973E-05 0.118202 0.255446 9.9973E-05 0.626052
9.9973E-05 9.9973E-05 0.0697681 0.347473 9.9973E-05 0.582459
9.9973E-05 9.9973E-05 9.9973E-05 0.379874 0.000885402 0.618941
9.997E-05 9.997E-05 0.0853712 0.277385 9.997E-05 0.636944
0.0764158 0.0275219 9.9982E-05 0.825722 9.9982E-05 0.0701402
9.9982E-05 0.0259699 0.0155894 0.725104 9.9982E-05 0.233137
9.998E-05 0.0171688 9.998E-05 0.56911 0.026209 0.387312
9.9964E-05 9.9964E-05 9.9964E-05 0.347941 9.9964E-05 0.651659
0.0247684 9.999E-05 0.0270868 0.214777 0.0679746 0.665293
0.0456222 9.998E-05 9.998E-05 0.310673 0.0287605 0.614745
9.9964E-05 9.9964E-05 9.9964E-05 0.33848 9.9964E-05 0.66112
0.100957 0.00812138 9.9991E-05 0.219239 0.202307 0.469275
9.998E-05 0.0517851 9.998E-05 0.233915 0.299688 0.414412
9.9973E-05 9.9973E-05 0.0927125 0.437143 9.9973E-05 0.469844
9.9973E-05 9.9973E-05 0.06251 0.815238 9.9973E-05 0.121952
9.9973E-05 0.0847681 9.9973E-05 0.605676 9.9973E-05 0.309256
0.0337045 9.9982E-05 9.9982E-05 0.718036 0.0259241 0.222136
0.0346116 9.9973E-05 0.0941992 0.870889 9.9973E-05 9.9973E-05
9.998E-05 9.998E-05 0.0595309 0.416389 0.000279562 0.523601
0.0494696 9.9973E-05 9.9973E-05 0.724798 9.9973E-05 0.225433
9.9964E-05 9.9964E-05 9.9964E-05 0.506703 9.9964E-05 0.492897
0.0526974 9.998E-05 0.132358 0.461488 9.998E-05 0.353257
9.9973E-05 0.0157082 9.9973E-05 0.6999 9.9973E-05 0.284092
9.998E-05 0.655977 0.0836756 0.157184 0.102964 9.998E-05
9.997E-05 0.552461 9.997E-05 9.997E-05 0.42076 0.0264791
9.9982E-05 0.552529 0.156536 0.0101549 0.280581 9.9982E-05
9.998E-05 0.173742 0.131838 0.0679815 0.626238 9.998E-05
9.999E-05 0.0815811 0.0849838 0.0370288 0.746626 0.0496807
9.998E-05 0.156951 0.0238996 0.0121016 0.806848 9.998E-05
9.9973E-05 0.598206 9.9973E-05 0.0657721 0.335722 9.9973E-05
9.997E-05 0.818665 9.997E-05 9.997E-05 0.1614 0.0196353
9.99731E-05 0.793486 0.13081 0.0754044 9.99731E-05 9.99731E-05
9.9991E-05 0.275925 0.0168319 0.0459584 0.633412 0.0277734
0.0288921 9.99641E-05 9.99641E-05 9.99641E-05 0.970708 9.99641E-05
0.0757971 9.9964E-05 9.9964E-05 9.9964E-05 0.923803 9.9964E-05
9.99641E-05 9.99641E-05 9.99641E-05 9.99641E-05 0.913646 0.0859538
