0.332588 9.9982E-05 0.134528 0.532685 9.9982E-05
0.361039 0.0877916 0.40095 0.150119 9.9991E-05
0.413105 0.0329639 0.15458 0.399251 9.9991E-05
0.368033 0.153725 9.9991E-05 0.418249 0.0598926
0.637551 9.9982E-05 9.9982E-05 0.310594 0.0516549
0.377044 0.0348344 9.9991E-05 0.545458 0.0425633
9.9982E-05 0.0105176 0.845279 9.9982E-05 0.144003
0.149156 0.00468821 0.558589 0.0156165 0.27195
9.9973E-05 9.9973E-05 0.64068 9.9973E-05 0.35902
9.9982E-05 9.9982E-05 0.61336 0.0604853 0.325954
9.9973E-05 9.9973E-05 0.804842 9.9973E-05 0.194858
9.9982E-05 9.9982E-05 0.778504 0.0254239 0.195872
9.9973E-05 9.9973E-05 0.471456 9.9973E-05 0.528244
9.9973E-05 9.9973E-05 0.45786 9.9973E-05 0.54184
9.9982E-05 9.9982E-05 0.699798 0.00348527 0.296517
9.9973E-05 9.9973E-05 0.793398 9.9973E-05 0.206302
0.246288 0.143202 0.0490573 0.559186 0.00226738
0.0213437 0.652851 9.9991E-05 0.21923 0.106475
9.9982E-05 0.224001 9.9982E-05 0.70167 0.0741287
0.119865 0.143963 9.9991E-05 0.610763 0.12531
0.158188 0.481934 9.9991E-05 0.280758 0.0790199
9.9982E-05 0.423029 9.9982E-05 0.516345 0.060426
0.183121 9.9982E-05 0.26149 0.55519 9.9982E-05
0.301842 9.9982E-05 0.038734 0.659224 9.9982E-05
0.0385629 9.9982E-05 0.012455 0.948782 9.9982E-05
0.183528 0.0268842 9.9982E-05 0.789388 9.9982E-05
0.316935 9.9982E-05 9.9982E-05 0.509363 0.173502
0.339868 9.9982E-05 9.9982E-05 0.550436 0.109496
0.558317 0.306192 0.0679748 0.0286571 0.0388587
0.337251 0.464984 0.00827219 0.0947865 0.0947067
9.9982E-05 0.51746 0.199997 0.282343 9.9982E-05
0.362882 0.239944 0.128525 0.212912 0.0557367
0.289444 0.276571 9.9982E-05 0.433785 9.9982E-05
9.9973E-05 9.9973E-05 0.0947108 0.904989 9.9973E-05
9.9973E-05 9.9973E-05 0.335649 0.664051 9.9973E-05
0.161431 0.138155 0.047546 0.620827 0.0320421
9.9991E-05 0.100095 0.18345 0.500241 0.216113
0.110423 9.9991E-05 0.122836 0.694978 0.0716631
9.9982E-05 0.188651 0.129006 0.682143 9.9982E-05
0.0195474 0.205029 9.9991E-05 0.71578 0.0595436
0.321766 0.210006 9.9982E-05 0.468028 9.9982E-05
0.448457 0.0591453 9.9991E-05 0.38012 0.112179
0.284234 0.189862 9.9991E-05 0.366811 0.158993
0.511166 9.9991E-05 0.138869 0.263943 0.085921
0.262083 0.111205 9.9982E-05 0.626512 9.9982E-05
0.0926572 0.191626 9.9982E-05 0.715517 9.9982E-05
9.9982E-05 0.613466 9.9982E-05 0.283522 0.102812
0.0510112 0.873215 0.0374606 0.0106013 0.0277123
9.9973E-05 0.992983 0.00671734 9.9973E-05 9.9973E-05
0.211915 0.777921 9.9982E-05 0.00996405 9.9982E-05
9.9982E-05 0.721386 9.9982E-05 0.207259 0.0711549
0.213221 0.201189 0.154786 0.415379 0.015425
9.9982E-05 0.459571 9.9982E-05 0.404158 0.136071
0.0736156 0.176654 0.0321837 0.717447 9.9991E-05
0.0853397 0.14996 0.109329 0.655271 9.9991E-05
0.11416 0.0737382 9.9991E-05 0.703966 0.108036
9.9982E-05 9.9982E-05 0.448405 0.246129 0.305267
9.9982E-05 9.9982E-05 0.344548 0.148141 0.507111
0.0762447 9.9991E-05 0.0339953 0.0208812 0.868779
9.9991E-05 0.050341 0.391134 0.0701115 0.488313
9.9973E-05 9.9973E-05 0.348861 9.9973E-05 0.650839
0.00899986 0.133202 0.213334 9.9991E-05 0.644363
9.9973E-05 0.0811075 0.918593 9.9973E-05 9.9973E-05
9.9982E-05 9.9982E-05 0.666673 0.160063 0.173064
9.9973E-05 9.9973E-05 0.667198 9.9973E-05 0.332502
9.9973E-05 9.9973E-05 0.521363 9.9973E-05 0.478337
9.9982E-05 9.9982E-05 0.481443 0.165473 0.352884
9.99821E-05 9.99821E-05 0.163573 0.120592 0.715634
9.9982E-05 9.9982E-05 0.660159 0.104702 0.234939
9.9982E-05 9.9982E-05 0.478066 0.0727614 0.448972
9.9982E-05 9.9982E-05 0.729373 0.143518 0.126909
0.0200794 9.9991E-05 0.337758 0.131282 0.510781
9.9982E-05 9.9982E-05 0.800442 0.0269081 0.17245
0.0417977 0.0812513 0.165094 9.9991E-05 0.711757
9.9982E-05 9.9982E-05 0.12141 0.166073 0.712317
9.9991E-05 0.0965073 0.176753 0.000393521 0.726246
0.0638124 0.0568777 0.292553 9.9991E-05 0.586657
0.0193951 9.9982E-05 0.02311 9.9982E-05 0.957295
9.9973E-05 9.9973E-05 0.300961 9.9973E-05 0.698739
9.9982E-05 0.000129627 0.718139 9.9982E-05 0.281531
9.9982E-05 0.181481 0.0533067 9.9982E-05 0.765013
0.76357 9.9982E-05 9.9982E-05 0.139486 0.0967443
0.797921 0.0392024 0.162677 9.9982E-05 9.9982E-05
0.800478 9.9982E-05 0.182455 9.9982E-05 0.0168667
0.830542 0.0274399 9.9991E-05 0.0185813 0.123336
0.670837 0.29746 0.00884817 9.9991E-05 0.0227547
0.198091 0.584846 0.216863 9.9982E-05 9.9982E-05
0.564625 0.186779 0.156824 0.0849076 0.00686465
0.484521 0.207627 0.164859 0.142893 9.9991E-05
0.746682 0.172688 9.9991E-05 0.00592277 0.0746068
0.717756 0.241743 0.0403009 9.9982E-05 9.9982E-05
0.713932 9.9982E-05 9.9982E-05 0.0950062 0.190862
0.526895 9.9982E-05 9.9982E-05 0.369478 0.103427
0.576874 0.0032444 9.9991E-05 0.319324 0.100457
0.598003 0.0654785 9.9991E-05 0.266885 0.0695337
0.38467 0.457481 0.055209 0.0593922 0.0432477
0.4491 0.178604 0.0177527 0.329987 0.0245573
0.680032 9.9982E-05 9.9982E-05 0.190567 0.1292
0.585115 9.9982E-05 9.9982E-05 0.316909 0.0977761
0.623227 9.9982E-05 0.0583521 0.318221 9.9982E-05
0.647531 0.25776 9.9982E-05 0.0945093 9.9982E-05
0.811745 0.0917265 9.9982E-05 0.0963287 9.9982E-05
0.839095 0.113462 9.9982E-05 0.047243 9.9982E-05
0.881044 0.0846336 0.0207653 0.0134568 9.9991E-05
0.782882 0.178106 0.0110955 9.9991E-05 0.0278166
0.831593 0.000714199 9.9991E-05 0.0915966 0.0759966
0.670523 0.0791644 9.9991E-05 0.192366 0.0578465
0.886371 0.0294502 9.9982E-05 9.9982E-05 0.0839788
0.872921 9.9982E-05 9.9982E-05 0.00459304 0.122286
0.880836 9.9982E-05 9.9982E-05 0.0748748 0.0440892
0.802711 9.9982E-05 9.9982E-05 0.120391 0.0766987
0.954585 9.9982E-05 9.9982E-05 0.021905 0.0233099
0.600458 0.197342 9.9982E-05 0.202 9.9982E-05
0.792891 0.104642 0.00500834 0.00481252 0.0926452
0.755628 0.0499131 0.0857935 0.108565 9.9991E-05
0.7664 0.0781988 9.9991E-05 0.0946026 0.0606981
0.851816 0.113629 9.9982E-05 9.9982E-05 0.0343547
0.941564 0.00619246 9.9991E-05 0.00601176 0.0461316
0.86225 0.114642 9.9982E-05 9.9982E-05 0.0229088
0.812579 9.9982E-05 0.179979 0.00724121 9.9982E-05
0.89238 9.9973E-05 0.10732 9.9973E-05 9.9973E-05
0.881948 9.99731E-05 0.117752 9.99731E-05 9.99731E-05
0.90508 9.9982E-05 9.9982E-05 0.0162001 0.0785197
0.759934 9.9982E-05 9.9982E-05 0.115366 0.1245
0.813181 9.9982E-05 9.9982E-05 0.105121 0.0814985
0.936313 9.9973E-05 9.9973E-05 9.9973E-05 0.0633873
0.5685 9.9982E-05 9.9982E-05 0.17124 0.26006
0.573729 9.9982E-05 0.0840781 9.9982E-05 0.341993
0.889652 0.10522 0.0049287 9.9982E-05 9.9982E-05
0.826632 0.122925 0.0502427 9.9982E-05 9.9982E-05
0.795968 9.9982E-05 0.180701 0.0231314 9.9982E-05
0.876014 9.9982E-05 0.115714 0.00807205 9.9982E-05
0.753139 0.16528 0.0813817 9.9982E-05 9.9982E-05
0.851079 0.0974666 9.9982E-05 9.9982E-05 0.0512542
0.840745 0.0738819 0.0851736 9.9982E-05 9.9982E-05
0.909799 9.9991E-05 0.0157473 0.0407471 0.0336065
0.731515 0.15773 9.9982E-05 0.110555 9.9982E-05
0.878334 9.9973E-05 0.121366 9.9973E-05 9.9973E-05
0.0708515 0.0473055 0.749341 9.9991E-05 0.132402
0.0107058 9.9982E-05 0.51271 9.9982E-05 0.476385
9.9982E-05 0.103863 0.56736 9.9982E-05 0.328577
0.101626 0.067422 0.203335 9.9991E-05 0.627517
0.130145 0.0631699 0.120707 9.9991E-05 0.685878
9.9982E-05 0.0323453 0.144645 9.9982E-05 0.82281
0.016314 9.9991E-05 0.581708 0.0297966 0.372081
0.018182 9.9982E-05 0.735189 9.9982E-05 0.246429
9.997E-05 9.997E-05 0.9996 9.997E-05 9.997E-05
0.07043 9.9982E-05 0.247357 9.9982E-05 0.682013
9.99731E-05 9.99731E-05 9.99731E-05 0.0654221 0.934278
9.9973E-05 9.9973E-05 9.9973E-05 0.0669274 0.932773
0.0449549 0.011423 9.9982E-05 9.9982E-05 0.943422
