9.9973E-05 9.9973E-05 0.0701623 0.0175468 0.278591 0.617932 9.9973E-05 0.0154673
9.9973E-05 0.124912 0.325139 0.143168 0.0693374 0.337144 9.9973E-05 9.9973E-05
9.9973E-05 9.9973E-05 0.190973 9.9973E-05 0.319547 0.37785 0.0270855 0.0842442
9.9973E-05 9.9973E-05 0.0941634 0.144542 9.9973E-05 0.124522 0.131689 0.504783
9.9964E-05 9.9964E-05 9.9964E-05 9.9964E-05 0.617403 0.208214 0.0471661 0.126817
9.9973E-05 9.9973E-05 0.0535064 9.9973E-05 0.16884 0.32131 0.0976091 0.358435
9.9964E-05 0.927634 0.00141656 0.0450806 9.9964E-05 9.9964E-05 0.0254691 9.9964E-05
0.0326609 0.641493 9.9964E-05 9.9964E-05 0.0969929 9.9964E-05 0.228454 9.9964E-05
0.137105 0.784434 9.9964E-05 0.0248487 9.9964E-05 9.9964E-05 9.9964E-05 0.0532121
0.0929209 0.804469 9.9955E-05 9.9955E-05 9.9955E-05 9.9955E-05 0.10211 9.9955E-05
0.000232397 0.966792 9.9973E-05 0.0194666 9.9973E-05 0.00769366 9.9973E-05 0.00551549
9.9964E-05 0.881519 9.9964E-05 9.9964E-05 0.0830278 0.0236396 0.0114136 9.9964E-05
0.33346 0.640575 9.99551E-05 9.99551E-05 9.99551E-05 9.99551E-05 9.99551E-05 0.0254658
0.32601 0.557975 9.99551E-05 9.99551E-05 9.99551E-05 9.99551E-05 0.115515 9.99551E-05
0.106747 0.825986 0.0321965 9.9973E-05 9.9973E-05 0.0335327 9.9973E-05 0.00123723
9.99551E-05 0.941795 9.99551E-05 0.0505333 9.99551E-05 9.99551E-05 0.00717158 9.99551E-05
9.9973E-05 0.00613604 9.9973E-05 0.0505991 0.310022 9.9973E-05 0.582691 0.0502525
0.0406776 0.00130932 0.480287 9.9964E-05 9.9964E-05 9.9964E-05 0.477326 9.9964E-05
0.0504615 9.9973E-05 0.0731357 9.9973E-05 9.9973E-05 0.359577 0.383641 0.132885
9.9955E-05 9.9955E-05 9.9955E-05 9.9955E-05 0.060692 9.9955E-05 0.661197 0.277611
9.996E-05 9.996E-05 0.283907 9.996E-05 0.223072 9.996E-05 0.440976 0.0516452
9.99549E-05 9.99549E-05 0.241879 9.99549E-05 9.99549E-05 9.99549E-05 0.68052 0.0771017
9.9973E-05 0.150775 9.9973E-05 0.0029283 0.176669 0.63407 0.0352575 9.9973E-05
0.0255396 9.9955E-05 9.9955E-05 9.9955E-05 0.257173 0.716788 9.9955E-05 9.9955E-05
0.0165189 9.9973E-05 9.9973E-05 9.9973E-05 0.0869877 0.714827 0.173359 0.00800718
9.9964E-05 9.9964E-05 9.9964E-05 0.132343 9.9964E-05 0.107506 0.515552 0.2442
0.0241449 9.9955E-05 9.9955E-05 9.9955E-05 0.352093 9.9955E-05 0.623262 9.9955E-05
0.00750877 9.9973E-05 9.9973E-05 9.9973E-05 0.298993 0.0142198 0.465694 0.213284
9.9973E-05 0.0656791 0.193041 0.135403 0.401242 9.9973E-05 0.204335 9.9973E-05
9.9982E-05 0.104093 0.253563 0.0707551 0.252457 9.9982E-05 0.277097 0.0418354
9.9964E-05 0.110725 0.481451 9.9964E-05 9.9964E-05 9.9964E-05 0.202004 0.205421
9.99729E-05 0.162238 0.181407 9.99729E-05 0.244149 9.99729E-05 0.201654 0.210252
9.9973E-05 9.9973E-05 0.15574 0.00333038 0.159767 9.9973E-05 0.32683 0.354034
0.00646073 9.9964E-05 9.9964E-05 0.0055172 9.9964E-05 0.8843 0.103322 9.9964E-05
9.9955E-05 0.0605991 0.0814411 9.9955E-05 9.9955E-05 0.85746 9.9955E-05 9.9955E-05
9.9982E-05 0.0625421 9.9982E-05 0.0138739 0.152475 0.131594 0.501668 0.137647
0.307488 9.9973E-05 0.164193 9.9973E-05 9.9973E-05 0.419378 0.022929 0.0857117
0.0585423 9.9973E-05 9.9973E-05 9.9973E-05 0.0785245 0.508388 0.321153 0.0330927
0.0643325 9.9982E-05 0.117658 0.0951148 9.9982E-05 0.390273 0.328693 0.00372819
9.9964E-05 9.9964E-05 9.9964E-05 0.0244987 9.9964E-05 0.078565 0.661957 0.234579
9.9964E-05 9.9964E-05 9.9964E-05 0.551723 9.9964E-05 0.0682212 0.0675238 0.312132
0.0594394 9.9973E-05 0.0162034 0.27697 9.9973E-05 9.9973E-05 0.152609 0.494479
0.0827662 9.9982E-05 0.167852 9.9982E-05 0.0138499 0.116919 0.105978 0.512436
0.120749 9.9973E-05 9.9973E-05 0.506364 9.9973E-05 0.0360259 0.054011 0.28255
9.9964E-05 9.9964E-05 9.9964E-05 0.204284 9.9964E-05 0.0891295 0.21682 0.489366
9.9964E-05 9.9964E-05 0.0971909 9.9964E-05 9.9964E-05 0.31128 0.211999 0.37913
9.9955E-05 0.0206627 0.354367 9.9955E-05 9.9955E-05 9.9955E-05 0.62447 9.9955E-05
0.00166103 0.0448753 0.646463 0.0588397 9.9973E-05 9.9973E-05 0.247861 9.9973E-05
9.9946E-05 9.9946E-05 0.867265 9.9946E-05 9.9946E-05 9.9946E-05 0.132135 9.9946E-05
9.9955E-05 9.9955E-05 0.61203 0.230286 9.9955E-05 9.9955E-05 0.157185 9.9955E-05
0.028903 9.99549E-05 0.567252 9.99549E-05 9.99549E-05 9.99549E-05 0.403346 9.99549E-05
9.9973E-05 0.0868081 0.00548749 0.388811 9.9973E-05 0.0643564 0.454238 9.9973E-05
0.0389479 9.9982E-05 0.211624 0.0151505 0.0409122 0.0572508 0.635915 9.9982E-05
9.9955E-05 9.9955E-05 9.9955E-05 0.368444 9.9955E-05 0.0950503 0.536006 9.9955E-05
9.99549E-05 9.99549E-05 9.99549E-05 0.352672 9.99549E-05 0.0262558 0.620573 9.99549E-05
9.9964E-05 9.9964E-05 9.9964E-05 9.9964E-05 0.0538609 0.00383082 0.644569 0.29734
0.287722 0.374903 9.9964E-05 0.0473183 9.9964E-05 0.289656 9.9964E-05 9.9964E-05
0.47421 0.29637 9.9964E-05 0.0235529 9.9964E-05 0.205468 9.9964E-05 9.9964E-05
0.889185 9.9955E-05 9.9955E-05 0.0817937 9.9955E-05 0.0285217 9.9955E-05 9.9955E-05
0.488868 0.316776 9.9964E-05 0.145332 9.9964E-05 9.9964E-05 0.0486247 9.9964E-05
0.601578 0.326618 9.9964E-05 0.0432094 9.9964E-05 9.9964E-05 9.9964E-05 0.0281949
0.641355 0.124249 0.133659 0.0178067 9.9973E-05 9.9973E-05 0.0826304 9.9973E-05
9.99549E-05 0.645819 0.303095 9.99549E-05 9.99549E-05 0.0505854 9.99549E-05 9.99549E-05
9.9964E-05 0.778413 9.9964E-05 9.9964E-05 9.9964E-05 0.0861903 0.0181267 0.11687
0.127763 0.745051 9.9964E-05 9.9964E-05 9.9964E-05 0.0380351 9.9964E-05 0.0887517
0.34428 0.614757 9.9955E-05 9.9955E-05 9.9955E-05 0.0404634 9.9955E-05 9.9955E-05
0.271794 0.499593 9.9973E-05 9.9973E-05 9.9973E-05 0.162054 0.0457709 0.020488
0.679926 0.129165 9.99551E-05 9.99551E-05 9.99551E-05 0.19041 9.99551E-05 9.99551E-05
0.195529 0.594686 0.030306 9.9964E-05 9.9964E-05 0.17908 9.9964E-05 9.9964E-05
0.36934 0.527274 9.9955E-05 9.9955E-05 9.9955E-05 0.102886 9.9955E-05 9.9955E-05
9.99551E-05 0.707179 9.99551E-05 9.99551E-05 9.99551E-05 0.217874 9.99551E-05 0.0744474
0.405647 0.406068 9.996E-05 9.996E-05 0.0158579 0.172027 9.996E-05 9.996E-05
9.9955E-05 0.834551 9.9955E-05 9.9955E-05 0.106164 0.0587847 9.9955E-05 9.9955E-05
0.640946 0.212472 0.0181084 9.9973E-05 0.0504203 9.9973E-05 0.077754 9.9973E-05
0.678445 0.14052 9.9964E-05 9.9964E-05 9.9964E-05 0.00499844 0.175637 9.9964E-05
0.72942 0.0539832 0.127547 9.9973E-05 9.9973E-05 9.9973E-05 0.0865387 0.00221181
0.520385 0.349474 0.00510368 9.9964E-05 9.9964E-05 9.9964E-05 9.9964E-05 0.124638
0.941821 9.9946E-05 9.9946E-05 9.9946E-05 9.9946E-05 9.9946E-05 9.9946E-05 0.0575794
0.658258 0.291699 9.9964E-05 0.0126494 9.9964E-05 0.036994 9.9964E-05 9.9964E-05
0.137434 0.678666 0.12502 9.9964E-05 9.9964E-05 9.9964E-05 0.058481 9.9964E-05
0.74767 0.0273799 0.185405 9.9964E-05 9.9964E-05 0.039145 9.9964E-05 9.9964E-05
9.99641E-05 9.99641E-05 0.0376421 9.99641E-05 0.819868 0.0756074 0.066483 9.99641E-05
0.0401869 9.9964E-05 9.9964E-05 0.799367 0.104603 9.9964E-05 0.0554429 9.9964E-05
0.068189 9.9955E-05 9.9955E-05 0.676421 0.25489 9.9955E-05 9.9955E-05 9.9955E-05
0.0594622 9.9964E-05 0.139829 9.9964E-05 0.752584 9.9964E-05 9.9964E-05 0.0477246
9.9964E-05 9.9964E-05 0.284521 0.0216862 0.604751 9.9964E-05 0.0886417 9.9964E-05
9.99461E-05 9.99461E-05 0.962081 0.0373193 9.99461E-05 9.99461E-05 9.99461E-05 9.99461E-05
9.9973E-05 0.0431483 0.188781 0.181465 0.000477081 9.9973E-05 9.9973E-05 0.585828
9.9973E-05 0.0858139 0.220815 0.239899 9.9973E-05 0.0219559 9.9973E-05 0.431216
9.9964E-05 9.9964E-05 0.0745917 0.0787303 0.230525 9.9964E-05 9.9964E-05 0.615754
9.99639E-05 9.99639E-05 0.290592 0.163784 0.263817 9.99639E-05 9.99639E-05 0.281407
0.0334123 9.9955E-05 9.9955E-05 9.9955E-05 0.135376 9.9955E-05 9.9955E-05 0.830712
9.994E-05 9.994E-05 9.994E-05 9.994E-05 9.994E-05 9.994E-05 9.994E-05 0.9993
9.9973E-05 9.9973E-05 0.0186238 9.9973E-05 0.315821 0.175504 0.00318062 0.486571
9.9991E-05 0.0161482 0.0993669 0.0493388 0.139206 0.0272016 0.0104881 0.65815
9.99459E-05 9.99459E-05 0.464078 9.99459E-05 9.99459E-05 9.99459E-05 9.99459E-05 0.535322
9.9973E-05 9.9973E-05 0.165137 9.9973E-05 0.0450607 0.114916 0.0369926 0.637593
0.0173532 0.000598912 9.9964E-05 9.9964E-05 0.228513 9.9964E-05 9.9964E-05 0.753135
0.00758781 9.9973E-05 9.9973E-05 9.9973E-05 0.234519 0.0489168 0.070706 0.63797
9.9973E-05 0.00377653 9.9973E-05 0.165866 0.169089 0.123517 9.9973E-05 0.537451
9.9964E-05 9.9964E-05 0.217906 0.280095 0.37536 9.9964E-05 0.126239 9.9964E-05
9.9973E-05 9.9973E-05 0.00661999 0.35158 0.54836 0.0695837 9.9973E-05 0.0235573
9.9955E-05 9.9955E-05 9.9955E-05 0.479013 0.461656 9.9955E-05 0.0588315 9.9955E-05
9.9946E-05 9.9946E-05 9.9946E-05 0.600637 0.398763 9.9946E-05 9.9946E-05 9.9946E-05
9.9946E-05 9.9946E-05 0.286961 9.9946E-05 0.712439 9.9946E-05 9.9946E-05 9.9946E-05
9.99551E-05 9.99551E-05 9.99551E-05 9.99551E-05 0.867607 0.0172171 0.114676 9.99551E-05
9.9964E-05 9.9964E-05 0.0177471 9.9964E-05 0.650943 0.113679 0.21723 9.9964E-05
9.9955E-05 9.9955E-05 0.0254365 9.9955E-05 0.942883 9.9955E-05 0.0311811 9.9955E-05
0.0303142 9.9964E-05 0.0780866 9.9964E-05 0.84634 0.0448596 9.9964E-05 9.9964E-05
9.9982E-05 0.0100914 0.00159553 0.0330948 0.685751 0.0371822 9.9982E-05 0.232085
9.9964E-05 9.9964E-05 9.9964E-05 0.00164565 0.841098 0.129725 9.9964E-05 0.0271313
9.9955E-05 9.9955E-05 9.9955E-05 0.0494479 0.870286 0.0797662 9.9955E-05 9.9955E-05
9.998E-05 9.998E-05 0.142055 0.181454 0.443755 0.0822717 0.00818571 0.142078
0.0361655 9.9982E-05 0.0275533 0.310551 0.423961 9.9982E-05 0.110677 0.0908922
9.9973E-05 9.9973E-05 0.132651 0.0440929 0.596131 0.188513 9.9973E-05 0.0383125
9.99641E-05 9.99641E-05 0.0978882 9.99641E-05 0.772481 0.0559905 9.99641E-05 0.0732407
9.99731E-05 9.99731E-05 0.067144 0.148762 0.766855 9.99731E-05 0.0166703 0.000268523
0.00111967 9.9973E-05 9.9973E-05 0.0798227 0.831213 0.0438315 0.0437128 9.9973E-05
9.996E-05 9.996E-05 0.11626 0.0703217 0.648902 9.996E-05 9.996E-05 0.164117
9.9955E-05 9.9955E-05 9.9955E-05 0.483276 0.30471 0.211514 9.9955E-05 9.9955E-05
9.9973E-05 9.9973E-05 0.0776458 0.504538 0.368307 0.0298824 9.9973E-05 0.0193277
9.9964E-05 0.0330696 9.9964E-05 0.372297 0.570584 0.0236496 9.9964E-05 9.9964E-05
9.9955E-05 9.9955E-05 9.9955E-05 0.0783644 0.801392 9.9955E-05 9.9955E-05 0.119743
0.0257846 0.0204717 9.9991E-05 0.0825514 0.653053 0.00463621 0.0299324 0.18347
0.00436682 9.9973E-05 9.9973E-05 0.0306899 0.733217 0.216772 9.9973E-05 0.0146547
9.9973E-05 0.0202117 9.9973E-05 0.0759005 0.860462 9.9973E-05 0.00547204 0.0376536
0.151124 0.0561075 9.9964E-05 9.9964E-05 0.581788 0.21058 9.9964E-05 9.9964E-05
0.226816 0.134832 9.9955E-05 9.9955E-05 0.637852 9.9955E-05 9.9955E-05 9.9955E-05
9.9955E-05 9.9955E-05 0.127035 0.127542 0.744923 9.9955E-05 9.9955E-05 9.9955E-05
9.99549E-05 9.99549E-05 0.0690968 0.607825 0.322578 9.99549E-05 9.99549E-05 9.99549E-05
9.998E-05 0.0567079 0.0153749 0.331448 0.421326 0.160556 9.998E-05 0.0143872
9.9964E-05 9.9964E-05 9.9964E-05 0.511668 0.35794 0.111729 9.9964E-05 0.0182629
9.9964E-05 9.9964E-05 0.0646409 0.816831 0.0946099 9.9964E-05 0.0235184 9.9964E-05
9.9955E-05 9.9955E-05 0.0776051 0.0808799 0.841015 9.9955E-05 9.9955E-05 9.9955E-05
9.9964E-05 9.9964E-05 9.9964E-05 0.594112 0.317856 0.0378858 9.9964E-05 0.0497458
9.9955E-05 9.9955E-05 9.9955E-05 0.296736 0.602823 9.9955E-05 9.9955E-05 0.099941
9.99639E-05 9.99639E-05 0.20018 0.22395 0.465959 0.109511 9.99639E-05 9.99639E-05
9.9964E-05 0.00964502 0.064627 0.368208 0.55712 9.9964E-05 9.9964E-05 9.9964E-05
0.0795427 0.647292 0.133414 0.139351 9.9964E-05 9.9964E-05 9.9964E-05 9.9964E-05
0.385423 0.483999 0.0307386 0.00491972 9.9973E-05 0.0946195 9.9973E-05 9.9973E-05
0.31119 0.485809 0.137451 0.0651495 9.9964E-05 9.9964E-05 9.9964E-05 9.9964E-05
0.663821 0.0938217 0.188737 0.0532204 9.99639E-05 9.99639E-05 9.99639E-05 9.99639E-05
0.727685 0.0832651 0.093286 9.9982E-05 0.0703206 0.00136084 9.9982E-05 0.0238823
0.806358 0.160234 0.0329082 9.9955E-05 9.9955E-05 9.9955E-05 9.9955E-05 9.9955E-05
0.301279 0.573592 9.9973E-05 0.0741003 9.9973E-05 0.00438949 9.9973E-05 0.0463393
0.100472 0.782916 0.0290995 9.9982E-05 0.0171218 0.00238876 9.9982E-05 0.0678011
9.99551E-05 0.642753 0.264135 0.0926129 9.99551E-05 9.99551E-05 9.99551E-05 9.99551E-05
0.625848 0.230718 0.0349276 9.99639E-05 0.108107 9.99639E-05 9.99639E-05 9.99639E-05
0.889505 9.99462E-05 9.99462E-05 9.99462E-05 9.99462E-05 9.99462E-05 0.109895 9.99462E-05
0.926741 9.99551E-05 9.99551E-05 9.99551E-05 9.99551E-05 0.0129099 0.0598493 9.99551E-05
0.84187 9.9964E-05 9.9964E-05 9.9964E-05 0.0120521 9.9964E-05 0.0798567 0.0658211
