0.349482 0.490162 9.9991E-05 0.160256
0.340812 0.149505 9.9991E-05 0.509583
0.422984 0.416188 0.00639841 0.15443
0.350247 0.548962 9.9991E-05 0.100691
0.677614 0.256683 0.0656032 9.9991E-05
0.357144 0.642656 9.9982E-05 9.9982E-05
9.9982E-05 9.9982E-05 0.425803 0.573997
0.155592 9.9991E-05 0.522331 0.321977
9.9982E-05 9.9982E-05 0.63578 0.36402
9.9982E-05 9.9982E-05 0.591825 0.407975
9.9982E-05 9.9982E-05 0.496842 0.502958
0.0243866 9.9991E-05 0.483334 0.49218
9.9982E-05 9.9982E-05 0.76268 0.23712
9.9982E-05 9.9982E-05 0.767761 0.232039
9.9982E-05 9.9982E-05 0.570374 0.429426
9.9982E-05 9.9982E-05 0.490958 0.508842
0.298264 0.560966 0.028077 0.112693
0.0889179 0.460745 0.0466721 0.403665
9.9991E-05 0.767652 0.0731702 0.159077
0.119605 0.795884 0.0844108 9.9991E-05
0.191362 0.563393 0.0291888 0.216056
9.9991E-05 0.799439 0.0162559 0.184205
0.194771 0.527114 0.0270993 0.251016
0.363664 0.568853 0.0673831 9.9991E-05
0.147907 0.808977 0.0430157 9.9991E-05
0.163972 0.830932 9.9991E-05 0.00499602
0.320231 0.537654 0.142014 9.9991E-05
0.359876 0.521782 0.118243 9.9991E-05
0.53853 0.184258 0.0111077 0.266105
0.35492 0.239566 0.0780983 0.327416
9.9982E-05 0.471058 9.9982E-05 0.528742
0.355733 0.353554 0.0569321 0.233781
0.273141 0.549418 9.9991E-05 0.177341
0.00374805 0.853227 0.0498745 0.0931509
9.9982E-05 0.60746 9.9982E-05 0.392341
0.183598 0.639685 0.0738935 0.102824
9.9991E-05 0.500775 0.302682 0.196443
0.0929294 0.722435 0.113207 0.0714283
9.9991E-05 0.725489 0.0570334 0.217377
0.0371993 0.87957 0.0457396 0.0374913
0.352603 0.425167 9.9991E-05 0.222129
0.462594 0.411304 0.0869982 0.0391031
0.260468 0.520433 0.153883 0.0652157
0.546557 0.210993 0.164313 0.0781367
0.302163 0.612743 9.9991E-05 0.084994
0.156744 0.744482 9.9991E-05 0.0986738
9.9991E-05 0.581179 0.0397334 0.378987
0.147963 0.2171 9.9991E-05 0.634837
0.104737 0.158704 9.9991E-05 0.736459
0.28012 0.213794 9.9991E-05 0.505986
9.9982E-05 0.533729 9.9982E-05 0.466071
0.143355 0.525235 0.0419696 0.28944
9.9991E-05 0.717636 0.0822884 0.199975
0.115828 0.7655 0.0035334 0.115138
0.0662875 0.697615 0.0132611 0.222837
0.103896 0.828988 0.0670155 9.9991E-05
0.0231772 0.152001 0.548576 0.276246
0.0857867 0.0554085 0.695471 0.163333
0.0284661 0.0057735 0.96566 9.9991E-05
9.9991E-05 0.0559208 0.70712 0.236859
9.9982E-05 9.9982E-05 0.817937 0.181863
0.0633109 0.0488625 0.719256 0.168571
9.9982E-05 9.9982E-05 0.182313 0.817487
9.9991E-05 0.0595005 0.434597 0.505803
9.9982E-05 9.9982E-05 0.628317 0.371483
9.9982E-05 9.9982E-05 0.755402 0.244398
9.9991E-05 0.129946 0.598816 0.271138
9.99821E-05 0.0587374 0.941063 9.99821E-05
9.9991E-05 0.0312741 0.535602 0.433024
9.9982E-05 9.9982E-05 0.731205 0.268595
9.9991E-05 0.0309794 0.477877 0.491043
9.9991E-05 0.0621372 0.771607 0.166156
0.0139847 9.9991E-05 0.508548 0.477368
0.0424892 0.0670927 0.792691 0.0977267
9.9982E-05 0.256441 0.743359 9.9982E-05
0.0161363 0.0873882 0.820804 0.0756714
0.0421452 9.9991E-05 0.794522 0.163233
0.0187171 9.9982E-05 0.981083 9.9982E-05
9.9982E-05 9.9982E-05 0.861959 0.137841
9.9982E-05 9.9982E-05 0.536693 0.463107
0.0281465 0.0887206 0.780574 0.102559
0.82129 0.126492 0.0521178 9.9991E-05
0.737373 0.0311366 0.0238096 0.207681
0.825015 9.9991E-05 0.0376801 0.137205
0.798921 0.0569909 0.131636 0.0124521
0.774511 0.0266399 0.0320005 0.166848
0.250714 9.99821E-05 9.99821E-05 0.749086
0.601763 0.0888884 0.0615455 0.247803
0.511495 0.175301 0.00219485 0.311009
0.746848 0.108348 0.0561895 0.088614
0.74582 9.9982E-05 9.9982E-05 0.25398
0.743152 0.118671 0.138077 9.9991E-05
0.481956 0.452316 0.0656285 9.9991E-05
0.59708 0.366049 0.036771 9.9991E-05
0.575307 0.326444 0.0309918 0.0672571
0.413354 0.215083 9.9991E-05 0.371463
0.451877 0.420606 9.9991E-05 0.127417
0.730882 0.143977 0.125041 9.9991E-05
0.617979 0.266777 0.115144 9.9991E-05
0.657855 0.245954 0.0621529 0.0340378
0.666094 0.145415 9.9991E-05 0.188391
0.915185 0.0344404 9.9991E-05 0.0502744
0.837073 0.0841427 9.9991E-05 0.0786846
0.845232 9.9982E-05 9.9982E-05 0.154568
0.814388 9.9991E-05 0.0327288 0.152783
0.808355 0.161625 0.0299205 9.9991E-05
0.703252 0.25697 0.0396776 9.9991E-05
0.924045 9.9982E-05 0.0757554 9.9982E-05
0.867473 0.0354569 0.0969705 9.9991E-05
0.898574 0.0825468 0.0187795 9.9991E-05
0.839376 0.100351 0.060173 9.9991E-05
0.97467 0.0251296 9.9982E-05 9.9982E-05
0.643775 0.252476 9.9991E-05 0.103649
0.790114 0.0673444 0.0547517 0.0877904
0.739044 0.168811 9.9991E-05 0.0920452
0.85085 0.070761 0.0397464 0.0386428
0.891218 0.0392862 0.0253271 0.0441683
0.961413 9.9982E-05 0.0383866 9.9982E-05
0.913254 9.9991E-05 0.0262956 0.0603503
0.727307 9.9982E-05 9.9982E-05 0.272493
0.813194 9.9982E-05 9.9982E-05 0.186606
0.89059 9.9991E-05 0.016366 0.092944
0.936091 0.0333846 0.0304242 9.9991E-05
0.755276 0.124714 0.11991 9.9991E-05
0.871533 0.0526138 0.0757533 9.9991E-05
0.944289 9.9991E-05 0.0422808 0.0133298
0.625284 0.0475213 0.327095 9.9991E-05
0.593306 9.9982E-05 0.406494 9.9982E-05
0.904885 9.9982E-05 9.9982E-05 0.0949148
0.776275 9.9982E-05 9.9982E-05 0.223525
0.776216 9.9982E-05 9.9982E-05 0.223584
0.857309 9.9982E-05 9.9982E-05 0.142491
0.702564 9.9982E-05 9.9982E-05 0.297236
0.962625 9.9991E-05 0.03404 0.00323481
0.802564 9.9982E-05 9.9982E-05 0.197237
0.890314 0.0701495 0.0121323 0.0274038
0.752661 0.110851 9.9991E-05 0.136388
0.839554 9.9982E-05 9.9982E-05 0.160246
0.0203434 9.9991E-05 0.370871 0.608686
0.0579721 9.9991E-05 0.672221 0.269707
9.9982E-05 9.9982E-05 0.607038 0.392762
0.0379183 0.0341586 0.772235 0.155688
0.128262 9.9991E-05 0.812591 0.0590466
9.9982E-05 9.9982E-05 0.943394 0.056406
9.9982E-05 9.9982E-05 0.675287 0.324513
9.9982E-05 9.9982E-05 0.519746 0.480054
9.9982E-05 9.9982E-05 0.112317 0.887484
0.103747 9.9991E-05 0.788051 0.108102
9.9982E-05 0.042404 0.957396 9.9982E-05
9.9982E-05 0.0455907 0.954209 9.9982E-05
0.0253733 0.0231745 0.951352 9.9991E-05
