9.9991E-05 0.196587 0.0264024 0.0316316 0.453284 0.291995
9.999E-05 0.0714377 0.143008 0.283989 0.0940233 0.407442
9.999E-05 0.256964 0.0598993 0.053837 0.318096 0.311104
9.9982E-05 0.558265 0.130799 9.9982E-05 0.287163 0.0235734
0.0436029 0.505658 9.9982E-05 9.9982E-05 0.128169 0.32237
9.9982E-05 0.512189 0.0473729 9.9982E-05 0.357289 0.0829499
0.00152745 9.9982E-05 0.0492209 0.936637 0.0124149 9.9982E-05
0.197069 9.9991E-05 0.00286062 0.571002 0.0617728 0.167196
0.213814 0.00684246 9.9982E-05 0.760469 0.0186751 9.9982E-05
0.250999 9.9973E-05 9.9973E-05 0.681656 0.0670449 9.9973E-05
0.0746242 9.9973E-05 9.9973E-05 0.911317 0.0137586 9.9973E-05
0.0609849 0.0568415 9.9991E-05 0.818283 0.0545594 0.00923079
0.391228 0.00321413 9.9973E-05 0.605258 9.9973E-05 9.9973E-05
0.452909 9.9973E-05 9.9973E-05 0.521354 0.0254363 9.9973E-05
0.23365 9.9991E-05 0.0288507 0.704212 0.00429384 0.0288933
0.0774431 9.9982E-05 0.00839822 0.895934 9.9982E-05 0.0180246
0.0398175 0.152924 0.168294 9.9991E-05 0.417657 0.221207
0.136419 9.9982E-05 0.647253 9.9982E-05 0.177946 0.0381825
0.0529983 0.100066 0.179245 9.9982E-05 0.667491 9.9982E-05
0.0975918 0.298484 0.154443 9.9982E-05 0.449281 9.9982E-05
0.0538424 0.332558 0.422102 9.9982E-05 0.191298 9.9982E-05
0.082683 0.113097 0.358425 9.9982E-05 0.445595 9.9982E-05
9.9973E-05 9.9973E-05 9.9973E-05 0.191392 0.578161 0.230147
0.0240984 0.0508799 9.9982E-05 9.9982E-05 0.632321 0.2925
9.9973E-05 0.181752 9.9973E-05 9.9973E-05 0.805425 0.0125231
9.9982E-05 0.178441 0.0353452 9.9982E-05 0.67561 0.110404
0.130962 0.128472 9.9982E-05 9.9982E-05 0.522536 0.21783
0.0824127 0.373752 9.9982E-05 9.9982E-05 0.449197 0.0944384
0.0858776 0.0655472 0.243777 9.9991E-05 0.0345063 0.570192
0.117007 0.109362 0.39292 9.9991E-05 0.0697616 0.310849
9.9973E-05 0.320126 0.530176 0.149398 9.9973E-05 9.9973E-05
9.999E-05 0.551584 0.269095 0.150894 0.0124545 0.0158728
9.9973E-05 0.542846 0.315687 9.9973E-05 0.141167 9.9973E-05
9.9973E-05 9.9973E-05 9.9973E-05 0.0586156 0.900765 0.0403197
9.9973E-05 9.9973E-05 0.0486947 0.220438 0.730567 9.9973E-05
0.0157397 0.212036 0.149286 0.0457279 0.519653 0.0575571
0.218112 0.0829396 0.125091 0.169383 0.404373 9.9991E-05
0.0766827 0.0847851 9.9991E-05 0.0660687 0.689419 0.0829449
0.0581467 0.0237931 0.196744 0.0202009 0.643328 0.0577877
0.0459185 0.211699 0.106909 9.9982E-05 0.635274 9.9982E-05
9.9982E-05 0.194235 0.173014 9.9982E-05 0.362921 0.269631
0.0801754 0.365779 0.0560042 9.9991E-05 0.241378 0.256563
0.139608 0.601025 0.128417 9.9982E-05 0.130749 9.9982E-05
0.0954273 0.179549 9.9991E-05 0.0700539 0.247737 0.407133
9.9982E-05 0.522536 0.023246 9.9982E-05 0.387942 0.0660766
9.9973E-05 0.448381 0.132303 9.9973E-05 0.419016 9.9973E-05
0.106347 9.9973E-05 0.636814 9.9973E-05 0.256539 9.9973E-05
0.00992703 0.0214635 0.789522 0.0824207 0.0295535 0.0671131
9.9964E-05 9.9964E-05 0.958402 9.9964E-05 9.9964E-05 0.0411983
9.9973E-05 9.9973E-05 0.696713 9.9973E-05 0.0848504 0.218137
0.079418 0.0413922 0.705377 9.9982E-05 0.173613 9.9982E-05
0.0272325 9.9991E-05 0.198304 0.0788312 0.478162 0.21737
0.133402 9.9982E-05 0.432703 9.9982E-05 0.423115 0.0105798
0.0257736 9.9982E-05 0.195461 9.9982E-05 0.654973 0.123593
0.0212897 9.9982E-05 0.163012 9.9982E-05 0.692481 0.123017
0.0901761 0.296605 0.0514218 9.9982E-05 0.561597 9.9982E-05
0.278567 9.9982E-05 9.9982E-05 0.420086 0.289519 0.0116275
0.491877 9.9973E-05 9.9973E-05 0.299731 0.208092 9.9973E-05
0.914793 9.9964E-05 9.9964E-05 9.9964E-05 9.9964E-05 0.0848067
0.483628 9.9982E-05 0.0415239 0.361374 0.113275 9.9982E-05
0.576709 0.00109409 9.9973E-05 0.421897 9.9973E-05 9.9973E-05
0.692494 9.9982E-05 0.14878 0.148829 9.9982E-05 0.00969664
9.99639E-05 9.99639E-05 0.257515 0.742085 9.99639E-05 9.99639E-05
0.0487579 0.100934 0.0126183 0.785127 0.0524627 9.9991E-05
0.168703 0.042277 9.9973E-05 0.78872 9.9973E-05 9.9973E-05
0.408859 9.9964E-05 9.9964E-05 0.590741 9.9964E-05 9.9964E-05
0.285857 0.0162714 9.9982E-05 0.540537 0.157135 9.9982E-05
0.649634 9.99731E-05 9.99731E-05 0.201986 0.148081 9.99731E-05
0.138322 9.9973E-05 9.9973E-05 0.712991 0.148387 9.9973E-05
0.443009 9.9973E-05 9.9973E-05 0.505008 0.0516828 9.9973E-05
0.0482857 0.0745922 9.9982E-05 0.772814 0.104108 9.9982E-05
0.454546 0.0375087 9.9982E-05 0.382721 0.125025 9.9982E-05
0.0691268 9.9982E-05 9.9982E-05 0.857608 0.0343298 0.0387355
0.675357 0.0515639 0.0914795 0.181399 9.9982E-05 9.9982E-05
0.69943 0.00265056 0.0343829 0.0700883 0.193348 9.9991E-05
0.730792 0.0094273 0.0801004 0.158455 0.0211251 9.9991E-05
0.509925 0.150365 9.9973E-05 0.33941 9.9973E-05 9.9973E-05
0.986504 0.0130964 9.9964E-05 9.9964E-05 9.9964E-05 9.9964E-05
0.674968 9.9973E-05 9.9973E-05 0.313846 0.0108867 9.9973E-05
0.203659 9.9982E-05 0.108049 0.682559 0.00553268 9.9982E-05
0.719 0.0491262 0.133534 0.0981401 9.9982E-05 9.9982E-05
0.0651421 0.341945 9.9982E-05 9.9982E-05 0.0463939 0.546319
0.0900674 9.9991E-05 0.0310794 0.00378602 0.0482099 0.826757
0.105042 9.9973E-05 9.9973E-05 0.0222399 9.9973E-05 0.872418
0.0781117 0.371954 0.0314599 9.9982E-05 9.9982E-05 0.518275
0.0712593 0.197447 0.171988 9.9982E-05 9.9982E-05 0.559106
9.99731E-05 9.99731E-05 0.666441 0.0443535 9.99731E-05 0.288906
9.9982E-05 0.46424 0.189093 0.142813 9.9982E-05 0.203655
9.9991E-05 0.39379 0.205009 0.101779 0.0502658 0.249055
9.9973E-05 0.769907 0.116952 9.9973E-05 9.9973E-05 0.112841
9.9973E-05 0.335979 0.217798 9.9973E-05 9.9973E-05 0.445923
0.0255332 0.938376 9.9973E-05 0.035791 9.9973E-05 9.9973E-05
9.9964E-05 0.951019 9.9964E-05 9.9964E-05 0.0485812 9.9964E-05
9.9982E-05 0.70324 0.00162297 9.9982E-05 0.149407 0.14553
9.9991E-05 0.809623 0.0472994 0.0233192 0.0623151 0.0573436
9.99639E-05 0.574877 0.424723 9.99639E-05 9.99639E-05 9.99639E-05
9.9973E-05 0.695308 0.175258 9.9973E-05 0.129134 9.9973E-05
0.0419198 0.875311 9.9982E-05 0.00400394 9.9982E-05 0.0785657
0.030172 0.843794 9.9982E-05 9.9982E-05 0.102288 0.0235464
9.9982E-05 0.578055 9.9982E-05 0.018764 0.19116 0.21182
0.00763214 0.113565 0.261413 9.9991E-05 0.0233589 0.593931
9.9973E-05 0.212345 0.0603892 9.9973E-05 9.9973E-05 0.726966
9.9973E-05 9.9973E-05 0.0366234 9.9973E-05 0.0990088 0.864068
9.9982E-05 0.10348 0.0549986 9.9982E-05 0.012935 0.828386
0.0328973 0.336861 0.0941077 0.0150468 9.9991E-05 0.520987
0.0223868 0.282325 9.9982E-05 9.9982E-05 0.0971936 0.597894
0.0258046 0.087087 0.0220079 9.9991E-05 0.258961 0.60604
0.0583472 0.310445 9.9973E-05 9.9973E-05 9.9973E-05 0.630908
0.0932663 0.339868 9.9973E-05 9.9973E-05 9.9973E-05 0.566566
0.0036275 0.463842 9.9973E-05 9.9973E-05 9.9973E-05 0.53223
0.0457165 0.359489 9.9982E-05 9.9982E-05 0.0760026 0.518592
0.0005298 0.296235 9.9973E-05 9.9973E-05 9.9973E-05 0.702935
9.9982E-05 0.346283 0.126506 9.9982E-05 0.0771328 0.449879
0.0537188 0.2708 0.0911221 9.9982E-05 9.9982E-05 0.584159
9.9991E-05 0.30518 0.0813974 0.000317364 0.0577089 0.555296
0.0078265 0.393348 0.0117987 9.9982E-05 9.9982E-05 0.586827
0.0134942 0.325259 9.99731E-05 9.99731E-05 9.99731E-05 0.660947
9.9973E-05 0.252298 9.9973E-05 9.9973E-05 0.0241938 0.723209
9.9973E-05 0.425392 0.0231239 9.9973E-05 9.9973E-05 0.551185
9.9973E-05 9.9973E-05 9.9973E-05 0.0670312 0.133667 0.799001
9.9991E-05 0.0723123 0.0508622 0.0181918 0.0589627 0.799571
0.0157399 0.137132 0.00602924 0.0435424 9.9991E-05 0.797457
9.9964E-05 0.416096 9.9964E-05 9.9964E-05 9.9964E-05 0.583504
0.0774518 0.390761 9.9991E-05 0.00942593 0.0222762 0.499985
0.0607885 0.308877 9.9982E-05 9.9982E-05 0.00521746 0.624917
0.0190798 0.379163 9.9973E-05 9.9973E-05 9.9973E-05 0.601458
0.232202 0.130764 9.9991E-05 0.0153535 0.120017 0.501563
0.323368 0.177305 9.9982E-05 0.0602202 9.9982E-05 0.438907
9.9973E-05 0.255476 0.0795851 9.9973E-05 9.9973E-05 0.664639
9.9982E-05 0.0226073 0.108233 9.9982E-05 0.0190837 0.849876
9.9982E-05 0.148562 9.9982E-05 0.0915837 0.00598724 0.753667
9.9982E-05 0.0450853 9.9982E-05 0.0815129 0.0562383 0.816964
9.9973E-05 9.9973E-05 0.142616 9.9973E-05 0.0592673 0.797817
0.0327239 0.294542 0.010114 9.9982E-05 9.9982E-05 0.662421
9.9991E-05 0.148922 0.0529955 0.00826658 0.0262978 0.763418
9.9982E-05 0.299703 9.9982E-05 0.00209613 0.00110471 0.696897
9.9982E-05 0.218663 0.179171 9.9982E-05 0.0200342 0.581931
9.9982E-05 0.0444613 0.0220671 0.0481331 9.9982E-05 0.885139
0.0934287 9.9982E-05 0.140261 0.687887 9.9982E-05 0.0782238
0.428339 0.0272406 9.9973E-05 0.544121 9.9973E-05 9.9973E-05
0.301357 9.9973E-05 0.123419 0.574924 9.9973E-05 9.9973E-05
0.646118 9.9982E-05 0.105349 0.191974 9.9982E-05 0.0563587
0.675148 0.0624856 0.0290837 0.198198 9.9991E-05 0.0349843
0.804687 9.9973E-05 0.00389409 0.191119 9.9973E-05 9.9973E-05
0.340331 0.0605071 9.9973E-05 0.598862 9.9973E-05 9.9973E-05
0.118132 0.0190681 9.9973E-05 0.8625 9.9973E-05 9.9973E-05
9.99641E-05 9.99641E-05 0.17109 0.82851 9.99641E-05 9.99641E-05
0.678883 9.9973E-05 9.9973E-05 0.244896 9.9973E-05 0.075921
0.974376 9.99641E-05 9.99641E-05 9.99641E-05 0.0252242 9.99641E-05
0.92551 9.9964E-05 9.9964E-05 9.9964E-05 0.0740904 9.9964E-05
0.942688 0.0362747 9.9973E-05 9.9973E-05 9.9973E-05 0.020737
