9.9991E-05 0.154954 0.363633 0.481313
9.999E-05 0.49522 0.435711 0.0689694
9.9991E-05 0.18716 0.42621 0.38653
0.0109126 0.110587 0.346601 0.531899
0.0701054 9.9991E-05 0.680343 0.249451
9.9982E-05 9.9982E-05 0.358228 0.641572
0.436947 0.562853 9.9982E-05 9.9982E-05
0.500555 0.335354 0.163991 9.9991E-05
0.651717 0.348083 9.9982E-05 9.9982E-05
0.6018 0.398 9.9982E-05 9.9982E-05
0.478156 0.521644 9.9982E-05 9.9982E-05
0.5281 0.4717 9.9982E-05 9.9982E-05
0.76619 0.23361 9.9982E-05 9.9982E-05
0.779575 0.177426 9.9991E-05 0.0428996
0.555522 0.444278 9.9982E-05 9.9982E-05
0.509961 0.489839 9.9982E-05 9.9982E-05
0.0658995 0.0627831 0.30012 0.571198
0.0574392 0.407311 0.0754813 0.459768
0.103566 0.156936 9.9991E-05 0.739398
0.104042 9.9991E-05 0.110899 0.784959
0.0373847 0.205541 0.164415 0.592659
0.0447374 0.192867 9.9991E-05 0.762296
0.0278538 0.267739 0.161048 0.543359
0.0997106 0.00170874 0.323806 0.574775
0.0426148 9.9991E-05 0.08911 0.868175
9.9991E-05 0.0134506 0.176301 0.810149
0.146491 9.9991E-05 0.277726 0.575683
0.132947 9.9991E-05 0.353367 0.513586
0.0375602 0.23747 0.583709 0.14126
0.0666182 0.322604 0.356601 0.254177
9.9982E-05 0.534385 9.9982E-05 0.465415
0.0801289 0.238003 0.381595 0.300273
9.9991E-05 0.165408 0.28375 0.550741
0.0187767 0.106716 9.9991E-05 0.874407
9.9982E-05 0.405298 9.9982E-05 0.594502
0.0621791 0.118659 0.159888 0.659274
0.311704 0.193122 9.9991E-05 0.495074
0.110623 0.0829398 0.0905544 0.715882
0.032196 0.243254 0.0196035 0.704946
0.0498269 0.0920354 0.0361516 0.821986
9.9991E-05 0.219272 0.342566 0.438062
0.0954337 0.0501127 0.497226 0.357228
0.152831 0.044797 0.312801 0.489571
0.170037 0.0915657 0.5296 0.208798
9.9991E-05 0.0677941 0.351382 0.580724
9.9991E-05 0.112379 0.124202 0.763318
0.0650167 0.392098 9.9991E-05 0.542785
9.9991E-05 0.639507 0.121689 0.238703
9.9991E-05 0.739129 0.101778 0.158993
9.9991E-05 0.505568 0.278123 0.216208
0.0197308 0.436321 9.9991E-05 0.543848
0.0536262 0.246408 0.15209 0.547876
0.0779814 0.219563 9.9991E-05 0.702356
0.0319573 0.155798 0.071846 0.740399
0.0260338 0.218739 0.0269889 0.728239
0.0712801 9.9991E-05 0.0853342 0.843286
0.514473 0.253052 0.000887801 0.231587
0.698626 0.148702 9.9991E-05 0.152572
0.936114 9.9991E-05 0.0628572 0.000929151
0.729673 0.2138 9.9991E-05 0.0564271
0.859929 0.139871 9.9982E-05 9.9982E-05
0.756068 0.180035 0.0275361 0.0363606
0.166168 0.833632 9.9982E-05 9.9982E-05
0.460443 0.501398 9.9991E-05 0.0380595
0.623066 0.376734 9.9982E-05 9.9982E-05
0.734509 0.265291 9.9982E-05 9.9982E-05
0.627877 0.254278 9.9991E-05 0.117745
0.927096 0.0071811 9.9991E-05 0.0656225
0.506341 0.476622 9.9991E-05 0.0169378
0.746 0.245657 9.9991E-05 0.00824336
0.495023 0.44578 0.0314038 0.027793
0.753454 0.162899 9.9991E-05 0.0835473
0.494738 0.505062 9.9982E-05 9.9982E-05
0.824199 0.1087 0.0520206 0.0150796
0.829689 9.9982E-05 9.9982E-05 0.170111
0.849297 0.0870284 9.9991E-05 0.0635744
0.736601 0.201723 0.0615754 9.9991E-05
0.977601 9.9982E-05 0.0221986 9.9982E-05
0.85919 0.14061 9.9982E-05 9.9982E-05
0.518694 0.481106 9.9982E-05 9.9982E-05
0.775876 0.0996065 9.9991E-05 0.124418
0.079796 9.9991E-05 0.798817 0.121287
9.9991E-05 0.230685 0.73523 0.0339851
0.028028 0.174783 0.797089 9.9991E-05
0.12085 0.0212186 0.840994 0.0169367
0.0212693 0.194764 0.751442 0.0325253
9.9982E-05 0.718346 0.281454 9.9982E-05
0.0420363 0.284535 0.556941 0.116487
0.00558561 0.311972 0.498023 0.18442
0.078557 0.09178 0.749473 0.0801897
9.9982E-05 0.252311 0.747489 9.9982E-05
0.168998 9.9991E-05 0.78481 0.0460919
0.0575526 9.9991E-05 0.476604 0.465743
0.0343164 9.9991E-05 0.597609 0.367974
0.0473925 0.0602188 0.547001 0.345387
0.00822726 0.364822 0.394114 0.232837
0.0177254 0.106009 0.420641 0.455625
0.1441 9.9991E-05 0.731731 0.12407
0.118027 9.9991E-05 0.601543 0.28033
0.0247786 0.0612152 0.605788 0.308218
9.9991E-05 0.203758 0.694059 0.102083
9.9991E-05 0.0447132 0.894672 0.0605146
9.9991E-05 0.103456 0.84503 0.0514146
9.9982E-05 0.15225 0.84755 9.9982E-05
0.027775 0.138992 0.833133 9.9991E-05
0.0243436 9.9991E-05 0.826746 0.14881
0.00809461 9.9991E-05 0.709166 0.28264
0.0680576 9.9982E-05 0.931742 9.9982E-05
0.102366 0.000986402 0.889493 0.00715431
0.0373514 9.9991E-05 0.885509 0.0770394
0.0631348 9.9991E-05 0.840527 0.0962385
9.9982E-05 9.9982E-05 0.957188 0.042612
9.9991E-05 0.0954222 0.670447 0.234031
0.0870042 0.0529294 0.823946 0.0361205
9.9991E-05 0.128265 0.75735 0.114284
0.0408821 0.0579725 0.818078 0.0830669
0.0265645 0.0326882 0.938674 0.0020732
0.0122742 9.9991E-05 0.954658 0.0329674
0.0218785 0.062717 0.915304 9.9991E-05
9.9982E-05 0.297022 0.702778 9.9982E-05
9.9982E-05 0.209278 0.790522 9.9982E-05
0.0155148 0.109846 0.874539 9.9991E-05
0.0494441 9.9982E-05 0.950356 9.9982E-05
0.103913 9.9991E-05 0.837125 0.0588621
0.0987373 9.9991E-05 0.859045 0.0421177
0.0714578 9.9982E-05 0.928342 9.9982E-05
0.348337 9.9991E-05 0.631545 0.0200174
0.391641 9.9982E-05 0.608159 9.9982E-05
9.9982E-05 0.109115 0.890685 9.9982E-05
9.9982E-05 0.22136 0.77844 9.9982E-05
9.9982E-05 0.217861 0.781939 9.9982E-05
9.9982E-05 0.148415 0.851385 9.9982E-05
9.9982E-05 0.307388 0.692412 9.9982E-05
0.0432339 0.00868167 0.947984 9.9991E-05
9.9982E-05 0.181835 0.817965 9.9982E-05
0.0412538 0.0432257 0.891678 0.0238422
9.9991E-05 0.141318 0.685162 0.17342
9.9982E-05 0.191901 0.807899 9.9982E-05
0.384388 0.579872 0.0356403 9.9991E-05
0.680054 0.319746 9.9982E-05 9.9982E-05
0.61142 0.38838 9.9982E-05 9.9982E-05
0.731125 0.0911847 0.135811 0.0418789
0.862597 0.0181134 0.11919 9.9991E-05
0.949439 0.0452889 0.00517188 9.9991E-05
0.676111 0.323689 9.9982E-05 9.9982E-05
0.538645 0.461155 9.9982E-05 9.9982E-05
0.111684 0.888116 9.9982E-05 9.9982E-05
0.819527 0.0489126 0.131461 9.9991E-05
0.958074 9.99821E-05 9.99821E-05 0.0417259
0.929023 9.9982E-05 9.9982E-05 0.0707775
0.963011 9.9991E-05 0.00605621 0.0308328
