9.9982E-05 0.0485697 0.0444417 0.296578 0.439394 0.0594317 9.9982E-05 0.111385
0.0848599 9.9973E-05 9.9973E-05 0.123714 0.282716 0.333286 9.9973E-05 0.175124
9.9982E-05 0.0140908 0.180631 0.271826 0.366221 0.146057 0.0209739 9.9982E-05
0.022236 0.113553 0.616062 9.9991E-05 0.0117443 0.0482331 0.00542205 0.182649
9.9955E-05 9.9955E-05 0.262265 0.555331 0.181904 9.9955E-05 9.9955E-05 9.9955E-05
9.9964E-05 0.154052 0.560605 9.9964E-05 0.121585 9.9964E-05 9.9964E-05 0.163358
0.918007 0.0135097 9.9955E-05 9.9955E-05 9.9955E-05 9.9955E-05 9.9955E-05 0.0679835
0.668985 0.230204 9.9964E-05 0.0922515 9.9964E-05 9.9964E-05 9.9964E-05 0.00815949
0.834045 9.9964E-05 0.0596692 9.9964E-05 9.9964E-05 9.9964E-05 0.101043 0.00484286
0.877559 0.104489 9.9964E-05 9.9964E-05 9.9964E-05 9.9964E-05 0.00489624 0.0126558
0.923967 9.9955E-05 0.0281084 9.9955E-05 9.9955E-05 9.9955E-05 9.9955E-05 0.0474247
0.852899 9.9955E-05 9.9955E-05 0.0362948 0.110306 9.9955E-05 9.9955E-05 9.9955E-05
0.654495 0.0286417 0.0176576 9.9964E-05 9.9964E-05 9.9964E-05 0.298806 9.9964E-05
0.592263 0.168439 9.99551E-05 9.99551E-05 9.99551E-05 9.99551E-05 0.238798 9.99551E-05
0.876134 0.0901152 0.00837521 9.9964E-05 9.9964E-05 9.9964E-05 0.0249759 9.9964E-05
0.915561 0.0632136 9.99551E-05 9.99551E-05 9.99551E-05 9.99551E-05 9.99551E-05 0.0207259
9.9964E-05 0.468094 9.9964E-05 0.359133 0.142173 0.0302 9.9964E-05 9.9964E-05
9.9964E-05 0.528096 9.9964E-05 0.00764178 9.9964E-05 0.407293 0.0565687 9.9964E-05
9.9973E-05 0.48425 0.126115 9.9973E-05 0.289967 0.0824783 0.0168899 9.9973E-05
9.9955E-05 0.656755 0.205857 0.136889 9.9955E-05 9.9955E-05 9.9955E-05 9.9955E-05
0.0437101 0.491712 0.00434133 0.262008 9.9973E-05 0.197929 9.9973E-05 9.9973E-05
9.99549E-05 0.741621 0.080555 9.99549E-05 9.99549E-05 0.177324 9.99549E-05 9.99549E-05
0.0590875 9.9964E-05 9.9964E-05 0.174916 0.726216 0.0393803 9.9964E-05 9.9964E-05
9.9955E-05 9.9955E-05 9.9955E-05 0.192963 0.692739 9.9955E-05 9.9955E-05 0.113798
9.9964E-05 0.180359 0.0352254 0.127779 0.656237 9.9964E-05 9.9964E-05 9.9964E-05
9.9964E-05 0.498655 0.196869 9.9964E-05 0.048764 9.9964E-05 9.9964E-05 0.255312
9.9964E-05 0.50873 9.9964E-05 0.336979 0.117949 9.9964E-05 0.0359425 9.9964E-05
0.0125271 0.390606 0.168502 0.290174 0.137891 9.9973E-05 9.9973E-05 9.9973E-05
0.0497792 0.214775 9.9973E-05 0.403953 9.9973E-05 0.16526 9.9973E-05 0.165933
0.0674026 0.302331 0.0128779 0.29641 9.9991E-05 0.272292 0.00463475 0.0439517
0.087416 0.130062 0.289235 9.9964E-05 9.9964E-05 0.492887 9.9964E-05 9.9964E-05
0.0919602 0.240783 0.284381 0.211204 9.99729E-05 0.171371 9.99729E-05 9.99729E-05
9.9964E-05 0.321272 0.381568 0.103672 9.9964E-05 0.193088 9.9964E-05 9.9964E-05
9.9964E-05 0.195991 0.0198096 9.9964E-05 0.745889 9.9964E-05 9.9964E-05 0.0379106
9.99459E-05 9.99459E-05 9.99459E-05 9.99459E-05 0.824267 0.175133 9.99459E-05 9.99459E-05
0.0296931 0.397283 0.161627 0.124922 0.269429 0.0168455 9.9982E-05 9.9982E-05
9.99639E-05 9.99639E-05 0.0302777 9.99639E-05 0.503384 0.183718 0.282221 9.99639E-05
9.9982E-05 0.191186 0.00874026 0.111478 0.604427 0.00224812 0.0817204 9.9982E-05
9.9982E-05 0.310475 0.0334386 9.9982E-05 0.390411 0.135076 0.0393 0.0910991
9.9964E-05 0.532455 0.194899 9.9964E-05 0.271285 0.000960949 9.9964E-05 9.9964E-05
9.9955E-05 0.0846363 0.29259 9.9955E-05 9.9955E-05 9.9955E-05 9.9955E-05 0.622274
9.9973E-05 0.129933 0.458179 0.0495949 9.9973E-05 9.9973E-05 0.0638308 0.298161
9.9982E-05 0.0826333 0.615168 9.9982E-05 0.0270925 0.101137 0.120783 0.0529862
9.9964E-05 9.9964E-05 0.175511 9.9964E-05 0.061106 9.9964E-05 0.171677 0.591306
9.9955E-05 0.328762 0.376719 9.9955E-05 9.9955E-05 9.9955E-05 9.9955E-05 0.294019
9.9973E-05 0.277022 0.481403 9.9973E-05 0.0902478 0.100432 9.9973E-05 0.0505949
9.9955E-05 0.640172 9.9955E-05 9.9955E-05 9.9955E-05 0.348621 0.0107073 9.9955E-05
0.0465358 0.281671 0.0167406 9.9982E-05 9.9982E-05 0.612472 0.00489666 0.0374839
9.9946E-05 0.155328 9.9946E-05 9.9946E-05 9.9946E-05 0.844072 9.9946E-05 9.9946E-05
9.9964E-05 0.248668 9.9964E-05 0.0364979 9.9964E-05 0.601268 9.9964E-05 0.113167
9.99549E-05 0.476346 9.99549E-05 9.99549E-05 9.99549E-05 0.499889 0.0232648 9.99549E-05
0.114815 0.431305 9.9964E-05 9.9964E-05 0.0876809 9.9964E-05 9.9964E-05 0.365799
9.9973E-05 0.697591 9.9973E-05 0.0569058 9.9973E-05 0.176176 0.0387038 0.0303234
9.9955E-05 0.588679 9.9955E-05 9.9955E-05 0.0820982 9.9955E-05 9.9955E-05 0.328723
9.99549E-05 0.550955 9.99549E-05 9.99549E-05 0.113297 9.99549E-05 9.99549E-05 0.335248
9.9973E-05 0.597165 0.322131 0.0520614 0.024241 9.9973E-05 0.0041021 9.9973E-05
0.359423 9.9964E-05 9.9964E-05 9.9964E-05 0.296727 9.9964E-05 0.253495 0.0899549
0.424925 9.9964E-05 9.9964E-05 0.0652382 0.189675 9.9964E-05 0.319762 9.9964E-05
0.0260924 9.9964E-05 9.9964E-05 9.9964E-05 0.094563 9.9964E-05 0.873696 0.00524889
0.324248 0.0457559 9.9964E-05 9.9964E-05 9.9964E-05 9.9964E-05 0.480917 0.148679
0.395766 9.9955E-05 9.9955E-05 9.9955E-05 9.9955E-05 9.9955E-05 0.563179 0.0405553
0.160788 0.0977575 9.9973E-05 9.9973E-05 9.9973E-05 0.0853447 0.621432 0.0343776
0.586393 9.99549E-05 9.99549E-05 9.99549E-05 0.0625402 0.350567 9.99549E-05 9.99549E-05
0.738996 9.9964E-05 0.112862 9.9964E-05 0.135704 0.0120387 9.9964E-05 9.9964E-05
0.837891 9.9964E-05 0.100948 9.9964E-05 0.00732839 9.9964E-05 0.053433 9.9964E-05
0.714562 9.9946E-05 9.9946E-05 9.9946E-05 9.9946E-05 9.9946E-05 0.284838 9.9946E-05
0.516052 0.0939822 9.9964E-05 9.9964E-05 0.149682 9.9964E-05 0.239884 9.9964E-05
0.195719 9.99551E-05 9.99551E-05 9.99551E-05 0.209296 9.99551E-05 0.594486 9.99551E-05
0.588629 9.9964E-05 9.9964E-05 9.9964E-05 0.239991 0.0224858 0.148494 9.9964E-05
0.583387 9.9955E-05 9.9955E-05 9.9955E-05 0.152831 9.9955E-05 0.263282 9.9955E-05
0.667686 9.9982E-05 0.00518073 0.0070825 0.279627 0.0247361 0.0154872 9.9982E-05
0.439715 9.9964E-05 9.9964E-05 0.0163385 0.152161 9.9964E-05 0.391386 9.9964E-05
0.810059 9.9964E-05 9.9964E-05 0.0144813 0.174197 0.000862877 9.9964E-05 9.9964E-05
0.226555 0.104923 9.9973E-05 0.0130268 9.9973E-05 0.0357709 0.619425 9.9973E-05
0.120464 0.148429 9.9964E-05 9.9964E-05 0.0916897 9.9964E-05 0.639018 9.9964E-05
9.99549E-05 0.00957005 9.99549E-05 9.99549E-05 9.99549E-05 0.186891 0.803039 9.99549E-05
0.386572 9.9955E-05 0.161039 9.9955E-05 9.9955E-05 9.9955E-05 0.451889 9.9955E-05
9.9946E-05 9.9946E-05 9.9946E-05 0.0263769 9.9946E-05 9.9946E-05 0.973023 9.9946E-05
0.337052 9.9955E-05 9.9955E-05 9.9955E-05 9.9955E-05 9.9955E-05 0.600153 0.0622951
0.718267 0.0664908 9.9964E-05 9.9964E-05 9.9964E-05 0.117025 0.0978166 9.9964E-05
0.0999119 9.9964E-05 0.0474138 9.9964E-05 9.9964E-05 0.127263 0.725011 9.9964E-05
9.99641E-05 0.197542 0.0277998 0.669947 9.99641E-05 9.99641E-05 9.99641E-05 0.104312
9.9964E-05 0.0332726 9.9964E-05 0.082667 9.9964E-05 9.9964E-05 0.0723664 0.811294
9.9955E-05 9.9955E-05 9.9955E-05 0.180447 9.9955E-05 9.9955E-05 0.0945416 0.724512
0.0204765 9.9982E-05 0.0859103 0.790144 0.017768 0.0472958 0.0382051 9.9982E-05
0.00631985 0.103627 9.9964E-05 0.638898 9.9964E-05 0.250756 9.9964E-05 9.9964E-05
9.99461E-05 9.99461E-05 9.99461E-05 9.99461E-05 9.99461E-05 0.977042 9.99461E-05 0.0223583
0.0257326 9.9973E-05 0.481508 0.0462832 9.9973E-05 0.26427 9.9973E-05 0.181907
0.0450251 9.9973E-05 0.465833 9.9973E-05 0.0120104 0.205464 9.9973E-05 0.271367
0.0302655 9.9973E-05 0.539845 0.327551 9.9973E-05 0.0568873 9.9973E-05 0.0451508
9.9973E-05 9.9973E-05 0.173707 0.359028 0.0389747 0.300725 9.9973E-05 0.127265
9.9955E-05 9.9955E-05 0.77683 0.199779 9.9955E-05 9.9955E-05 0.0228917 9.9955E-05
9.9946E-05 0.0357044 0.963696 9.9946E-05 9.9946E-05 9.9946E-05 9.9946E-05 9.9946E-05
9.99639E-05 0.0584666 0.528011 0.343726 0.0693962 9.99639E-05 9.99639E-05 9.99639E-05
0.00214031 9.9991E-05 0.613625 0.186687 0.0360283 0.102928 0.0267441 0.0317469
0.0165781 9.99549E-05 0.552245 9.99549E-05 9.99549E-05 0.430678 9.99549E-05 9.99549E-05
9.9973E-05 0.015267 0.685477 0.122599 0.03114 0.145216 9.9973E-05 9.9973E-05
9.9955E-05 9.9955E-05 0.667225 0.32654 9.9955E-05 9.9955E-05 0.00573534 9.9955E-05
9.9964E-05 9.9964E-05 0.639765 0.311844 0.0436739 9.9964E-05 0.00431752 9.9964E-05
0.0442505 9.9973E-05 0.523826 0.17023 0.0269562 9.9973E-05 9.9973E-05 0.234438
9.9964E-05 0.129295 9.9964E-05 0.435048 9.9964E-05 0.218314 9.9964E-05 0.216944
9.9964E-05 0.0236471 0.0887184 0.496492 9.9964E-05 9.9964E-05 9.9964E-05 0.390743
9.9973E-05 0.0488187 9.9973E-05 0.465431 0.0487364 0.00743687 9.9973E-05 0.429277
9.9946E-05 9.9946E-05 9.9946E-05 0.436865 9.9946E-05 9.9946E-05 9.9946E-05 0.562536
0.00820139 9.9955E-05 9.9955E-05 0.777641 9.9955E-05 0.213658 9.9955E-05 9.9955E-05
9.9955E-05 0.108455 9.9955E-05 0.848598 0.0424474 9.9955E-05 9.9955E-05 9.9955E-05
9.9964E-05 0.206148 9.9964E-05 0.715162 0.0531667 0.0251231 9.9964E-05 9.9964E-05
0.0178929 0.0932814 9.9955E-05 0.888326 9.9955E-05 9.9955E-05 9.9955E-05 9.9955E-05
9.9973E-05 9.9973E-05 0.0435717 0.824211 0.0521729 0.0355485 0.0441957 9.9973E-05
9.9955E-05 9.9955E-05 0.148014 0.824801 9.9955E-05 9.9955E-05 9.9955E-05 0.0266855
9.9964E-05 9.9964E-05 0.0256772 0.827563 0.146057 9.9964E-05 9.9964E-05 0.000302596
9.9955E-05 9.9955E-05 9.9955E-05 0.877247 0.0601851 9.9955E-05 9.9955E-05 0.0620677
9.99729E-05 0.0806836 0.142655 0.41796 9.99729E-05 0.107342 9.99729E-05 0.25106
9.9973E-05 0.0952292 0.130994 0.448769 9.9973E-05 9.9973E-05 0.0299705 0.294737
9.9973E-05 9.9973E-05 0.0872454 0.637848 0.166364 0.0759463 9.9973E-05 0.0322967
9.9973E-05 0.00786802 0.106799 0.666565 0.137996 0.0804715 9.9973E-05 9.9973E-05
9.9973E-05 0.0599343 0.0565885 0.675888 9.9973E-05 0.0318007 9.9973E-05 0.175488
9.9964E-05 0.00061957 9.9964E-05 0.843217 0.101674 9.9964E-05 9.9964E-05 0.054089
9.99639E-05 9.99639E-05 0.132944 0.713249 9.99639E-05 0.129567 9.99639E-05 0.0238407
9.9955E-05 9.9955E-05 9.9955E-05 0.22673 0.229209 9.9955E-05 9.9955E-05 0.543561
9.9964E-05 9.9964E-05 9.9964E-05 0.330551 0.0810273 0.0925524 9.9964E-05 0.495469
9.9964E-05 9.9964E-05 9.9964E-05 0.548448 0.083202 0.049933 9.9964E-05 0.318017
9.9955E-05 9.9955E-05 0.117525 0.804181 9.9955E-05 9.9955E-05 9.9955E-05 0.0777939
0.0629942 0.0324106 0.152615 0.700838 0.050842 9.9973E-05 9.9973E-05 9.9973E-05
9.9973E-05 9.9973E-05 0.0580527 0.691948 0.168301 9.9973E-05 0.0102513 0.0711474
0.0349681 9.9964E-05 0.0157114 0.909663 9.9964E-05 9.9964E-05 9.9964E-05 0.0392576
0.010213 9.9964E-05 9.9964E-05 0.605185 0.203554 9.9964E-05 0.180649 9.9964E-05
0.0766118 9.9955E-05 9.9955E-05 0.62363 9.9955E-05 9.9955E-05 0.299258 9.9955E-05
9.9955E-05 9.9955E-05 9.9955E-05 0.793112 9.9955E-05 0.127578 9.9955E-05 0.0788098
9.99549E-05 9.99549E-05 9.99549E-05 0.355744 9.99549E-05 0.107257 9.99549E-05 0.536499
0.0313935 9.998E-05 0.027368 0.473664 0.0946302 0.0108549 9.998E-05 0.36189
9.9955E-05 9.9955E-05 9.9955E-05 0.373889 0.135534 9.9955E-05 9.9955E-05 0.490077
9.9955E-05 9.9955E-05 9.9955E-05 0.117631 9.9955E-05 0.106973 9.9955E-05 0.774896
9.9964E-05 9.9964E-05 9.9964E-05 0.840027 9.9964E-05 0.0398952 0.00877604 0.110902
9.9955E-05 9.9955E-05 0.0496692 0.285984 9.9955E-05 9.9955E-05 9.9955E-05 0.663848
9.9955E-05 9.9955E-05 0.115683 0.58353 9.9955E-05 9.9955E-05 9.9955E-05 0.300287
9.99729E-05 9.99729E-05 0.0700263 0.479705 0.0598694 0.171461 9.99729E-05 0.218638
9.9955E-05 9.9955E-05 9.9955E-05 0.592673 9.9955E-05 0.0787022 9.9955E-05 0.328125
0.539015 9.9973E-05 9.9973E-05 9.9973E-05 0.0123449 0.223821 0.118459 0.10606
0.49853 9.9973E-05 9.9973E-05 0.00556171 0.0482101 0.0538613 0.393537 9.9973E-05
0.613906 0.021433 0.0320157 9.9973E-05 9.9973E-05 0.142104 0.190241 9.9973E-05
0.129551 0.0121805 0.0583274 0.000406796 9.9991E-05 0.133893 0.639673 0.0258683
0.0984343 9.9973E-05 9.9973E-05 0.0442192 0.0437316 0.106418 0.706897 9.9973E-05
0.16374 9.9964E-05 9.9964E-05 0.00469879 9.9964E-05 0.0253507 0.80581 9.9964E-05
0.654609 9.9973E-05 0.0251171 9.9973E-05 0.0381804 9.9973E-05 0.221631 0.0601622
0.762275 9.9973E-05 0.0463523 9.9973E-05 0.0837858 0.026843 0.080444 9.9973E-05
0.561944 9.99551E-05 9.99551E-05 9.99551E-05 9.99551E-05 0.43193 9.99551E-05 0.00562572
0.250621 9.9964E-05 9.9964E-05 0.0942127 9.9964E-05 0.0295054 0.625261 9.9964E-05
9.99462E-05 0.0804013 9.99462E-05 9.99462E-05 9.99462E-05 9.99462E-05 0.918999 9.99462E-05
9.99551E-05 0.0879474 9.99551E-05 9.99551E-05 0.00153678 9.99551E-05 0.910016 9.99551E-05
9.99551E-05 0.047507 9.99551E-05 0.0511121 9.99551E-05 9.99551E-05 0.900881 9.99551E-05
