9.99639E-05 9.99639E-05 0.0615674 9.99639E-05 0.166907 0.482878 9.99639E-05 0.0813246 0.206922
9.9982E-05 0.0263573 0.270623 0.135286 0.0827488 0.212219 9.9982E-05 0.2408 0.0317652
9.9973E-05 9.9973E-05 0.133069 0.030732 0.177534 0.361376 0.0244638 9.9973E-05 0.272524
9.9964E-05 0.0306337 0.0187506 9.9964E-05 0.689548 9.9964E-05 0.118962 0.141705 9.9964E-05
9.9946E-05 9.9946E-05 9.9946E-05 9.9946E-05 0.285529 0.166398 9.9946E-05 9.9946E-05 0.547473
9.9964E-05 9.9964E-05 0.0195083 9.9964E-05 0.59186 0.167148 0.130744 0.0903389 9.9964E-05
9.9955E-05 0.667397 0.0607481 0.249127 9.9955E-05 9.9955E-05 9.9955E-05 0.0222279 9.9955E-05
9.9964E-05 0.641679 9.9964E-05 0.0870128 9.9964E-05 9.9964E-05 0.0976884 0.0161587 0.157062
0.0391666 0.770317 0.0396295 0.0849703 0.0458536 0.0197635 9.9973E-05 9.9973E-05 9.9973E-05
9.9955E-05 0.840533 9.9955E-05 0.114474 9.9955E-05 0.011111 0.0333829 9.9955E-05 9.9955E-05
9.9964E-05 0.801705 0.0104286 0.13016 0.0440179 9.9964E-05 9.9964E-05 0.0132889 9.9964E-05
9.99459E-05 0.305352 9.99459E-05 0.658912 9.99459E-05 9.99459E-05 9.99459E-05 9.99459E-05 0.0351363
0.207302 0.65266 9.9955E-05 0.111407 9.9955E-05 9.9955E-05 9.9955E-05 9.9955E-05 0.0281305
0.0535521 0.881609 9.9946E-05 9.9946E-05 9.9946E-05 9.9946E-05 0.0642391 9.9946E-05 9.9946E-05
0.0361293 0.790647 0.100295 0.0600232 9.9964E-05 0.0125055 9.9964E-05 9.9964E-05 9.9964E-05
9.99551E-05 0.728269 0.0351922 0.189147 9.99551E-05 9.99551E-05 9.99551E-05 0.0468911 9.99551E-05
9.9964E-05 9.9964E-05 9.9964E-05 0.0344385 9.9964E-05 0.100442 0.527517 0.0267249 0.310478
9.9964E-05 0.0415523 0.356768 0.0233898 9.9964E-05 9.9964E-05 0.546742 9.9964E-05 0.0311486
0.0244341 9.9973E-05 0.0410026 0.0188394 0.166147 0.256356 0.492921 9.9973E-05 9.9973E-05
0.0256582 9.9955E-05 9.9955E-05 9.9955E-05 0.23058 9.9955E-05 0.637025 9.9955E-05 0.106237
9.99549E-05 9.99549E-05 0.185787 9.99549E-05 0.0105496 9.99549E-05 0.514614 9.99549E-05 0.28855
9.9946E-05 9.9946E-05 0.0638024 9.9946E-05 0.150824 9.9946E-05 0.784774 9.9946E-05 9.9946E-05
9.9973E-05 0.0209929 0.0288288 0.0885971 9.9973E-05 0.635923 9.9973E-05 0.0872474 0.138111
0.0238015 9.9955E-05 9.9955E-05 9.9955E-05 9.9955E-05 0.672782 9.9955E-05 0.0886396 0.214277
9.9955E-05 9.9955E-05 9.9955E-05 9.9955E-05 0.00323264 0.741692 0.113463 9.9955E-05 0.141113
9.9955E-05 9.9955E-05 9.9955E-05 9.9955E-05 0.272788 0.106118 0.474827 0.145767 9.9955E-05
0.0398102 9.9955E-05 9.9955E-05 9.9955E-05 9.9955E-05 0.0995913 0.498695 9.9955E-05 0.361403
0.0429855 0.0114088 9.9973E-05 9.9973E-05 0.0764107 0.219607 0.231799 9.9973E-05 0.417489
9.9964E-05 0.093341 0.169093 9.9964E-05 9.9964E-05 9.9964E-05 0.177409 0.151415 0.408342
9.9964E-05 0.145837 0.304809 9.9964E-05 0.0666076 9.9964E-05 0.199264 9.9964E-05 0.283082
9.9955E-05 9.9955E-05 0.322559 0.20626 0.289062 9.9955E-05 0.181619 9.9955E-05 9.9955E-05
9.99639E-05 9.99639E-05 0.0521698 0.172924 0.279557 9.99639E-05 0.262473 9.99639E-05 0.232476
9.9973E-05 9.9973E-05 0.0532201 0.00553604 0.528022 9.9973E-05 0.285607 0.0269816 0.100333
9.9946E-05 9.9946E-05 9.9946E-05 9.9946E-05 0.0597713 0.835461 0.104168 9.9946E-05 9.9946E-05
9.99459E-05 9.99459E-05 0.122596 0.0936164 9.99459E-05 0.783188 9.99459E-05 9.99459E-05 9.99459E-05
9.9964E-05 9.9964E-05 9.9964E-05 0.0956517 0.080371 0.181178 0.39933 9.9964E-05 0.24307
0.260587 9.9964E-05 0.133728 0.0735771 0.0591327 0.472576 9.9964E-05 9.9964E-05 9.9964E-05
0.0785358 9.9973E-05 9.9973E-05 0.0136102 0.0223512 0.603695 0.162184 9.9973E-05 0.119324
0.0376123 9.9973E-05 0.214042 9.9973E-05 0.00459466 0.534572 0.189959 0.0189201 9.9973E-05
9.9964E-05 0.00567568 9.9964E-05 9.9964E-05 0.179025 0.290932 0.492683 9.9964E-05 0.0312842
9.99551E-05 9.99551E-05 9.99551E-05 9.99551E-05 0.374216 0.0201665 0.0970413 0.508076 9.99551E-05
0.0939664 9.9982E-05 0.0149509 9.9982E-05 0.385083 0.0681059 0.108486 0.21339 0.115817
0.140969 9.9964E-05 0.168946 9.9964E-05 0.538809 0.0996544 0.051221 9.9964E-05 9.9964E-05
0.164332 9.9955E-05 9.9955E-05 9.9955E-05 0.261989 0.0491139 9.9955E-05 0.524065 9.9955E-05
9.9964E-05 0.0269779 9.9964E-05 9.9964E-05 0.456324 0.0283219 0.26094 0.227036 9.9964E-05
9.9964E-05 9.9964E-05 0.0369985 9.9964E-05 0.523454 0.159167 0.241464 0.0385164 9.9964E-05
9.9946E-05 9.9946E-05 0.185272 0.121053 9.9946E-05 9.9946E-05 0.693075 9.9946E-05 9.9946E-05
9.99549E-05 9.99549E-05 0.537698 0.110644 9.99549E-05 9.99549E-05 0.29617 0.0549884 9.99549E-05
9.9946E-05 9.9946E-05 0.813472 0.0156508 9.9946E-05 9.9946E-05 0.170277 9.9946E-05 9.9946E-05
9.9955E-05 9.9955E-05 0.683199 9.9955E-05 9.9955E-05 0.00874585 0.180387 0.127168 9.9955E-05
0.0268927 9.99459E-05 0.498064 9.99459E-05 9.99459E-05 9.99459E-05 0.474444 9.99459E-05 9.99459E-05
9.9955E-05 0.113753 9.9955E-05 9.9955E-05 9.9955E-05 0.0333754 0.483468 0.368904 9.9955E-05
0.0217891 9.9964E-05 0.114621 9.9964E-05 9.9964E-05 9.9964E-05 0.789503 0.0380556 0.0356316
9.9946E-05 9.9946E-05 9.9946E-05 9.9946E-05 9.9946E-05 0.027134 0.644881 0.327386 9.9946E-05
9.99549E-05 0.00168141 9.99549E-05 9.99549E-05 9.99549E-05 0.0605521 0.586651 0.350615 9.99549E-05
0.00906652 9.9955E-05 9.9955E-05 9.9955E-05 0.284257 9.9955E-05 0.644331 9.9955E-05 0.0618454
0.21688 0.291735 9.9964E-05 0.180608 9.9964E-05 0.254372 9.9964E-05 0.0560044 9.9964E-05
0.303565 0.477084 9.9955E-05 9.9955E-05 9.9955E-05 0.184271 9.9955E-05 9.9955E-05 0.0345806
0.882712 0.0370291 9.9964E-05 9.9964E-05 9.9964E-05 0.0330076 9.9964E-05 0.0383772 0.00847392
0.44477 0.0997911 9.9964E-05 0.272938 9.9964E-05 9.9964E-05 0.0726271 0.109474 9.9964E-05
0.546895 0.0554869 9.9946E-05 0.397018 9.9946E-05 9.9946E-05 9.9946E-05 9.9946E-05 9.9946E-05
0.608804 9.99639E-05 0.0234302 0.242786 9.99639E-05 9.99639E-05 0.0856613 0.0389188 9.99639E-05
9.99369E-05 9.99369E-05 0.203689 0.795612 9.99369E-05 9.99369E-05 9.99369E-05 9.99369E-05 9.99369E-05
0.0166368 9.9955E-05 9.9955E-05 0.831166 0.0742699 9.9955E-05 0.0774271 9.9955E-05 9.9955E-05
0.0621921 0.465473 9.9955E-05 0.418951 0.0528837 9.9955E-05 9.9955E-05 9.9955E-05 9.9955E-05
0.217274 0.636018 9.9955E-05 0.100279 9.9955E-05 0.0459296 9.9955E-05 9.9955E-05 9.9955E-05
0.168028 0.356642 9.9973E-05 0.261941 9.9973E-05 0.125504 0.0490795 9.9973E-05 0.0385055
0.498164 0.333456 9.99461E-05 9.99461E-05 9.99461E-05 0.16778 9.99461E-05 9.99461E-05 9.99461E-05
0.0947683 0.232146 9.9955E-05 0.541761 9.9955E-05 0.130825 9.9955E-05 9.9955E-05 9.9955E-05
0.315675 0.238966 9.9955E-05 0.348064 9.9955E-05 0.0967952 9.9955E-05 9.9955E-05 9.9955E-05
9.9955E-05 0.0891802 9.9955E-05 0.665321 9.9955E-05 0.13822 9.9955E-05 9.9955E-05 0.106779
0.430327 0.114239 9.9964E-05 0.258724 9.9964E-05 0.170754 9.9964E-05 9.9964E-05 0.025555
9.9946E-05 0.0302014 9.9946E-05 0.924403 9.9946E-05 9.9946E-05 9.9946E-05 9.9946E-05 0.0447956
0.582819 0.0423728 9.9964E-05 0.251543 9.9964E-05 9.9964E-05 0.107496 9.9964E-05 0.0153697
0.602961 0.142715 9.9964E-05 0.0483617 9.9964E-05 0.0176027 0.187959 9.9964E-05 9.9964E-05
0.660893 9.99639E-05 0.0466104 0.172463 0.00510822 9.99639E-05 0.114525 9.99639E-05 9.99639E-05
0.547147 9.9946E-05 9.9946E-05 0.352584 0.0996692 9.9946E-05 9.9946E-05 9.9946E-05 9.9946E-05
0.991069 9.9946E-05 9.9946E-05 0.00755342 0.000778127 9.9946E-05 9.9946E-05 9.9946E-05 9.9946E-05
0.564136 0.285721 0.0194438 0.103163 9.9964E-05 0.0271368 9.9964E-05 9.9964E-05 9.9964E-05
0.108217 0.00498892 9.9955E-05 0.784031 9.9955E-05 9.9955E-05 0.102264 9.9955E-05 9.9955E-05
0.731532 0.0435753 0.134597 0.0618907 0.0280046 9.9964E-05 9.9964E-05 9.9964E-05 9.9964E-05
9.99641E-05 9.99641E-05 0.00265399 9.99641E-05 0.0212814 9.99641E-05 0.128966 0.0512985 0.7954
0.079003 9.9946E-05 9.9946E-05 9.9946E-05 9.9946E-05 9.9946E-05 0.0314262 0.888971 9.9946E-05
0.111872 9.9946E-05 9.9946E-05 9.9946E-05 9.9946E-05 9.9946E-05 9.9946E-05 0.769588 0.11794
9.9955E-05 0.0657793 0.0715779 9.9955E-05 0.112657 9.9955E-05 9.9955E-05 9.9955E-05 0.749486
9.99549E-05 0.082462 0.291259 9.99549E-05 9.99549E-05 9.99549E-05 0.023264 9.99549E-05 0.602515
9.993E-05 9.993E-05 0.999201 9.993E-05 9.993E-05 9.993E-05 9.993E-05 9.993E-05 9.993E-05
9.9973E-05 0.0311803 0.197268 0.0513349 0.513348 9.9973E-05 9.9973E-05 0.180308 0.0262613
9.9964E-05 0.0708892 0.220567 9.9964E-05 0.504496 0.0123285 9.9964E-05 0.19132 9.9964E-05
9.9955E-05 9.9955E-05 0.122164 0.0216855 0.528772 9.9955E-05 9.9955E-05 9.9955E-05 0.326879
9.99573E-05 9.99573E-05 0.333519 9.99573E-05 0.150336 9.99573E-05 9.99573E-05 0.156829 0.358817
0.0143117 9.9946E-05 9.9946E-05 9.9946E-05 0.758903 9.9946E-05 9.9946E-05 9.9946E-05 0.226185
0.0348074 9.9964E-05 9.9964E-05 9.9964E-05 0.919869 0.00845771 0.0120185 9.9964E-05 0.024447
9.99549E-05 0.0765085 9.99549E-05 9.99549E-05 0.585953 0.062365 9.99549E-05 9.99549E-05 0.274674
9.9964E-05 9.9964E-05 0.0670701 0.0631688 0.652862 0.0171002 9.9964E-05 9.9964E-05 0.199399
9.99549E-05 0.0294438 0.380621 0.00448751 0.584948 9.99549E-05 9.99549E-05 9.99549E-05 9.99549E-05
9.9973E-05 0.0012343 0.113349 0.0317106 0.752385 9.9973E-05 0.0373977 9.9973E-05 0.0636229
0.00733331 0.0145073 9.9955E-05 9.9955E-05 0.698599 9.9955E-05 9.9955E-05 9.9955E-05 0.279061
9.9955E-05 9.9955E-05 9.9955E-05 0.037367 0.640813 0.0351349 9.9955E-05 9.9955E-05 0.286185
9.9973E-05 0.00332124 9.9973E-05 0.0197175 0.50522 0.0893889 9.9973E-05 0.180334 0.201718
9.9982E-05 0.0298804 0.209697 9.9982E-05 0.012351 0.0421074 0.0724077 0.257562 0.375794
9.9964E-05 9.9964E-05 0.0337519 9.9964E-05 0.0812527 9.9964E-05 0.00495243 0.378684 0.50096
9.9964E-05 9.9964E-05 0.0247302 9.9964E-05 9.9964E-05 0.0140893 0.0470849 0.506511 0.407185
9.9946E-05 9.9946E-05 0.00877867 9.9946E-05 9.9946E-05 9.9946E-05 9.9946E-05 0.506505 0.484116
9.9946E-05 0.0090001 0.250539 9.9946E-05 9.9946E-05 9.9946E-05 9.9946E-05 9.9946E-05 0.739861
9.9937E-05 9.9937E-05 9.9937E-05 9.9937E-05 9.9937E-05 9.9937E-05 0.125278 9.9937E-05 0.874023
9.9964E-05 9.9964E-05 0.0426202 9.9964E-05 9.9964E-05 0.0721855 0.17481 0.0693125 0.640672
9.99551E-05 0.00379713 0.0446247 9.99551E-05 9.99551E-05 9.99551E-05 0.00513915 9.99551E-05 0.945939
0.0247891 9.9964E-05 0.0486439 9.9964E-05 0.0334386 0.0648556 9.9964E-05 9.9964E-05 0.827873
9.9955E-05 9.9955E-05 9.9955E-05 9.9955E-05 0.219066 9.9955E-05 0.0102589 0.0632232 0.706952
9.9955E-05 9.9955E-05 9.9955E-05 9.9955E-05 0.0796143 0.103072 9.9955E-05 0.0145185 0.802295
9.9946E-05 9.9946E-05 9.9946E-05 9.9946E-05 9.9946E-05 0.0329896 9.9946E-05 0.108058 0.858353
9.99639E-05 9.99639E-05 0.0739582 9.99639E-05 0.320578 9.99639E-05 0.0496949 0.276268 0.2791
9.9955E-05 9.9955E-05 9.9955E-05 9.9955E-05 0.113269 9.9955E-05 0.182027 0.300572 0.403632
9.9964E-05 9.9964E-05 0.0970331 9.9964E-05 0.172599 0.0794152 9.9964E-05 0.133324 0.517229
9.99641E-05 9.99641E-05 0.101113 0.00878475 0.0948488 0.0626103 9.99641E-05 9.99641E-05 0.732244
9.99551E-05 9.99551E-05 0.0839324 9.99551E-05 0.0752586 9.99551E-05 9.99551E-05 0.110506 0.729803
9.9946E-05 9.9946E-05 9.9946E-05 9.9946E-05 9.9946E-05 0.0823684 9.9946E-05 0.123886 0.793146
9.99549E-05 9.99549E-05 0.140661 9.99549E-05 0.13407 9.99549E-05 9.99549E-05 0.041625 0.683144
9.9955E-05 9.9955E-05 9.9955E-05 0.0183527 9.9955E-05 0.163241 9.9955E-05 0.662765 0.155141
9.9973E-05 9.9973E-05 0.0537344 0.0500323 0.0603793 0.0359108 9.9973E-05 0.578073 0.22157
9.9964E-05 9.9964E-05 0.0024798 0.0294127 0.0219467 9.9964E-05 9.9964E-05 0.419941 0.52582
9.9946E-05 9.9946E-05 9.9946E-05 9.9946E-05 0.189432 9.9946E-05 9.9946E-05 0.0954753 0.714493
0.010949 0.0438037 9.9973E-05 9.9973E-05 0.1851 0.0667608 9.9973E-05 0.0557719 0.637315
0.0146353 9.9973E-05 9.9973E-05 0.0130421 0.0577908 0.138128 9.9973E-05 0.0961873 0.679916
9.9964E-05 9.9964E-05 9.9964E-05 0.03104 0.0505928 9.9964E-05 0.0289809 0.0759602 0.813026
0.148128 0.0654706 9.9955E-05 9.9955E-05 9.9955E-05 0.176944 9.9955E-05 9.9955E-05 0.608957
0.209563 9.9946E-05 9.9946E-05 0.167579 9.9946E-05 9.9946E-05 9.9946E-05 9.9946E-05 0.622258
9.9946E-05 9.9946E-05 0.107985 9.9946E-05 9.9946E-05 9.9946E-05 9.9946E-05 0.149672 0.741744
9.99459E-05 9.99459E-05 0.0838427 9.99459E-05 9.99459E-05 9.99459E-05 9.99459E-05 0.659974 0.255584
9.9964E-05 9.9964E-05 0.0553714 0.0260071 9.9964E-05 0.132284 9.9964E-05 0.371196 0.414742
9.9964E-05 0.0273254 0.0400592 9.9964E-05 9.9964E-05 0.0893583 9.9964E-05 0.502386 0.340471
9.9946E-05 9.9946E-05 0.0994844 9.9946E-05 9.9946E-05 9.9946E-05 9.9946E-05 0.797212 0.102704
9.9946E-05 9.9946E-05 0.10887 9.9946E-05 9.9946E-05 9.9946E-05 9.9946E-05 0.0569219 0.833608
9.9955E-05 0.0108901 9.9955E-05 9.9955E-05 0.131174 9.9955E-05 9.9955E-05 0.649872 0.207564
9.9955E-05 0.0118023 9.9955E-05 9.9955E-05 0.0932015 9.9955E-05 9.9955E-05 0.321851 0.572646
9.99639E-05 9.99639E-05 0.120902 9.99639E-05 0.191557 9.99639E-05 0.0336186 0.334599 0.318924
9.995E-05 9.995E-05 0.0309941 0.029644 9.995E-05 9.995E-05 9.995E-05 0.416596 0.522266
0.0689854 9.9955E-05 0.0528265 0.742349 9.9955E-05 9.9955E-05 9.9955E-05 0.13534 9.9955E-05
0.407153 0.0724071 9.9964E-05 0.443369 9.9964E-05 9.9964E-05 0.0273109 9.9964E-05 0.0493598
0.277294 0.095579 0.0551574 0.52547 9.9973E-05 9.9973E-05 0.0389956 0.00720359 9.9973E-05
0.639858 0.0271738 0.12451 0.137745 9.99639E-05 9.99639E-05 9.99639E-05 0.0703131 9.99639E-05
0.710203 0.0872128 0.0446279 0.0363376 9.9982E-05 0.0292178 9.9982E-05 0.0177878 0.0744135
0.821492 0.0649185 0.00701135 0.106078 9.9955E-05 9.9955E-05 9.9955E-05 9.9955E-05 9.9955E-05
0.268383 0.264565 9.9973E-05 0.409054 0.0169745 0.00603772 9.9973E-05 0.0346856 9.9973E-05
0.140016 0.162943 0.0466892 0.631965 0.0179869 9.9964E-05 9.9964E-05 9.9964E-05 9.9964E-05
9.99462E-05 9.99462E-05 0.17996 0.755165 9.99462E-05 9.99462E-05 9.99462E-05 0.0642759 9.99462E-05
0.612368 0.149703 0.00207781 0.127752 9.9964E-05 9.9964E-05 9.9964E-05 9.9964E-05 0.107699
0.872594 0.094827 9.99462E-05 9.99462E-05 9.99462E-05 9.99462E-05 0.0319791 9.99462E-05 9.99462E-05
0.919861 0.00311772 9.99461E-05 9.99461E-05 9.99461E-05 0.0764214 9.99461E-05 9.99461E-05 9.99461E-05
0.820742 0.142953 9.99461E-05 9.99461E-05 0.0357053 9.99461E-05 9.99461E-05 9.99461E-05 9.99461E-05
