0.398734 9.9991E-05 0.1617 0.439466
0.358047 9.9991E-05 0.548108 0.0937452
0.450242 9.9991E-05 0.143804 0.405854
0.355955 0.0206832 0.129015 0.494346
0.732142 0.0474714 9.9991E-05 0.220287
0.415203 9.9982E-05 9.9982E-05 0.584597
9.9982E-05 0.487106 0.512694 9.9982E-05
0.110099 0.575088 0.287476 0.0273377
9.9982E-05 0.656798 0.343002 9.9982E-05
9.999E-05 0.674535 0.318917 0.0064479
9.9982E-05 0.560895 0.438905 9.9982E-05
9.9982E-05 0.57239 0.42741 9.9982E-05
9.9982E-05 0.778724 0.221076 9.9982E-05
9.9982E-05 0.777787 0.222013 9.9982E-05
9.9982E-05 0.599521 0.400279 9.9982E-05
9.9982E-05 0.536781 0.463019 9.9982E-05
0.283787 0.0113761 0.0994544 0.605382
0.0569751 0.0398303 0.42097 0.482225
9.9991E-05 0.0857197 0.120643 0.793537
0.132724 0.0501788 9.9991E-05 0.816997
0.18447 0.00497404 0.22673 0.583826
9.9991E-05 0.0171159 0.155007 0.827777
0.20342 0.0358507 0.262649 0.498081
0.361169 0.0537142 0.0079162 0.5772
0.13788 0.0418845 9.9991E-05 0.820136
0.212878 9.9991E-05 0.0110011 0.776021
0.273839 0.137826 9.9991E-05 0.588235
0.369707 0.111753 9.9991E-05 0.51844
0.55259 0.0558888 0.232913 0.158608
0.370555 0.0530018 0.330717 0.245726
0.0481216 9.9991E-05 0.543174 0.408604
0.338163 0.0630278 0.257524 0.341286
0.35503 9.9991E-05 0.154273 0.490597
0.0183373 0.0513563 0.118265 0.812042
9.9982E-05 9.9982E-05 0.380255 0.619545
0.192589 0.027072 0.106874 0.673465
9.9991E-05 0.286933 0.18811 0.524857
0.120954 0.0946861 0.0558292 0.728531
9.9991E-05 0.0137504 0.251438 0.734711
0.00876322 0.0505324 0.0581351 0.882569
0.338737 9.9991E-05 0.25024 0.410923
0.491386 0.0760843 0.0554841 0.377045
0.313359 0.125816 0.0726004 0.488224
0.545389 0.151375 0.100087 0.203149
0.339716 9.9991E-05 0.0973568 0.562827
0.11086 9.9991E-05 0.138301 0.750739
9.9991E-05 0.0579165 0.371403 0.570581
0.0789316 9.9991E-05 0.649363 0.271606
0.0393995 9.9991E-05 0.75307 0.207431
0.236519 9.9991E-05 0.526764 0.236616
9.9982E-05 9.9982E-05 0.473813 0.525987
0.143782 0.0597789 0.234343 0.562097
9.9991E-05 0.0379366 0.220614 0.74135
0.0785208 0.000749288 0.176841 0.743889
0.0956294 0.0133997 0.18226 0.708711
0.130301 0.0662409 9.9991E-05 0.803359
9.9991E-05 0.582609 0.247797 0.169494
0.0372573 0.73505 0.098244 0.129449
0.0295087 0.938549 9.9991E-05 0.0318424
9.9991E-05 0.73746 0.187032 0.0754077
9.9982E-05 0.859578 0.140222 9.9982E-05
0.0453662 0.740181 0.137163 0.0772902
9.99819E-05 0.281137 0.718663 9.99819E-05
9.9991E-05 0.492714 0.432381 0.0748052
9.9982E-05 0.651049 0.348751 9.9982E-05
9.9982E-05 0.768497 0.231303 9.9982E-05
9.9991E-05 0.601082 0.253576 0.145242
9.99821E-05 0.955096 9.99821E-05 0.0447043
9.9991E-05 0.575244 0.394666 0.0299893
9.9991E-05 0.758738 0.234787 0.00637542
9.9991E-05 0.502218 0.464996 0.0326855
0.0424406 0.742422 0.137273 0.0778645
0.0146901 0.549664 0.435546 9.9991E-05
0.0702234 0.851404 0.0553359 0.0230366
9.9982E-05 0.785036 9.9982E-05 0.214764
9.9991E-05 0.857662 0.0624838 0.0797542
0.0373949 0.808699 0.153806 9.9991E-05
0.0126966 0.987103 9.9982E-05 9.9982E-05
9.9982E-05 0.899353 0.100447 9.9982E-05
9.9982E-05 0.590959 0.408841 9.9982E-05
0.0245262 0.828625 0.0526831 0.0941652
0.798442 0.066566 9.9991E-05 0.134892
0.755739 0.0118699 0.232291 9.9991E-05
0.773951 0.0461762 0.179772 9.9991E-05
0.82141 0.0992729 0.0146134 0.0647036
0.743856 0.0195777 0.181982 0.054585
0.232181 9.9982E-05 0.767619 9.9982E-05
0.613279 0.0402101 0.301241 0.0452697
0.512791 0.00105034 0.295532 0.190627
0.754966 0.0447449 0.0733519 0.126937
0.72752 9.9982E-05 0.27228 9.9982E-05
0.768267 0.214444 9.9991E-05 0.0171889
0.501786 0.0605593 9.9991E-05 0.437554
0.589554 0.0390983 9.9991E-05 0.371248
0.618588 0.0908925 0.0223698 0.26815
0.428849 0.0220727 0.345197 0.20388
0.497458 0.00576371 0.140245 0.356533
0.728386 0.13439 9.9991E-05 0.137123
0.585189 0.0933033 9.9991E-05 0.321408
0.684963 0.0388836 0.0514776 0.224676
0.678866 9.9991E-05 0.201515 0.119519
0.882569 9.9991E-05 0.0655614 0.0517697
0.783935 9.9991E-05 0.111226 0.104739
0.839411 9.9982E-05 0.160389 9.9982E-05
0.81985 0.0304838 0.149566 9.9991E-05
0.811457 0.0306963 9.9991E-05 0.157747
0.695027 9.9991E-05 0.0021224 0.302751
0.940848 0.0589516 9.9982E-05 9.9982E-05
0.917778 0.0820216 9.9982E-05 9.9982E-05
0.86877 0.0436332 9.9991E-05 0.0874967
0.888862 0.0423722 9.9991E-05 0.0686659
0.961273 0.0171908 9.9991E-05 0.0214364
0.698657 9.9991E-05 0.119096 0.182147
0.811038 0.0725664 0.0599281 0.0564676
0.758847 9.9991E-05 0.141893 0.0991597
0.895751 0.0128709 0.0167709 0.074607
0.918816 0.035315 0.0457692 9.9991E-05
0.947886 0.0393229 9.9991E-05 0.0126907
0.89435 0.0397404 0.0453636 0.0205455
0.724924 9.9982E-05 0.274877 9.9982E-05
0.761724 9.9982E-05 0.238076 9.9982E-05
0.852761 0.00116618 0.14289 0.00318359
0.990176 0.00962428 9.9982E-05 9.9982E-05
0.788191 0.10227 9.9991E-05 0.109439
0.895667 0.097719 9.9991E-05 0.00651417
0.943591 0.0562091 9.9982E-05 9.9982E-05
0.650623 0.333901 9.9991E-05 0.0153759
0.626498 0.373302 9.9982E-05 9.9982E-05
0.876425 9.9982E-05 0.123375 9.9982E-05
0.740032 9.9982E-05 0.259768 9.9982E-05
0.766522 9.9982E-05 0.233278 9.9982E-05
0.847506 9.9982E-05 0.152294 9.9982E-05
0.687141 9.9982E-05 0.312659 9.9982E-05
0.943328 0.0213914 0.0351803 9.9991E-05
0.807538 9.9982E-05 0.192262 9.9982E-05
0.951041 0.00822807 0.0406313 9.9991E-05
0.747443 9.9991E-05 0.163968 0.0884885
0.818362 9.9982E-05 0.181438 9.9982E-05
9.9982E-05 0.453727 0.546073 9.9982E-05
0.0209958 0.749005 0.229899 9.9991E-05
9.9991E-05 0.622665 0.373798 0.0034373
0.0976021 0.810479 0.0918193 9.9991E-05
0.128156 0.812664 0.0590805 9.9991E-05
0.0496439 0.950156 9.9982E-05 9.9982E-05
9.9982E-05 0.723594 0.276206 9.9982E-05
9.9982E-05 0.560734 0.439066 9.9982E-05
9.9982E-05 0.163379 0.836421 9.9982E-05
0.0864346 0.832964 0.0805016 9.9991E-05
9.99821E-05 0.935773 9.99821E-05 0.0640274
9.9982E-05 0.942435 9.9982E-05 0.0573651
0.0108647 0.943625 9.9991E-05 0.0454099
