0.281691 0.0321941 9.99639E-05 0.281043 0.00147058 9.99639E-05 0.22245 0.180752 9.99639E-05 9.99639E-05
0.185932 0.353499 0.0945137 0.0326422 9.99729E-05 9.99729E-05 0.0679772 0.140523 0.124613 9.99729E-05
0.248394 0.231914 9.9964E-05 0.0128218 0.195421 0.0236552 9.9964E-05 0.287395 9.9964E-05 9.9964E-05
0.0432866 0.0840448 0.000172862 0.341994 0.390728 0.0074173 0.132056 9.9973E-05 9.9973E-05 9.9973E-05
0.151112 9.9946E-05 9.9946E-05 9.9946E-05 0.250682 0.0302955 9.9946E-05 0.567311 9.9946E-05 9.9946E-05
0.121661 9.9964E-05 9.9964E-05 0.202115 0.41801 0.151324 0.092395 0.0140964 9.9964E-05 9.9964E-05
9.9946E-05 0.00251155 0.874703 0.0149695 9.9946E-05 9.9946E-05 0.107216 9.9946E-05 9.9946E-05 9.9946E-05
9.9946E-05 9.9946E-05 0.646368 9.9946E-05 9.9946E-05 0.155951 9.9946E-05 0.132558 0.0645232 9.9946E-05
9.9955E-05 9.9955E-05 0.793573 0.00929989 0.0516893 9.9955E-05 0.0954438 9.9955E-05 9.9955E-05 0.0494946
9.99461E-05 9.99461E-05 0.857511 0.112275 9.99461E-05 9.99461E-05 0.00241442 9.99461E-05 9.99461E-05 0.0272001
9.9955E-05 0.00865075 0.910323 0.0408404 0.0125995 9.9955E-05 9.9955E-05 9.9955E-05 0.0270865 9.9955E-05
0.0619567 9.99459E-05 0.831613 9.99459E-05 9.99459E-05 9.99459E-05 9.99459E-05 0.0389387 0.0668917 9.99459E-05
9.99371E-05 9.99371E-05 0.678121 0.0675383 9.99371E-05 9.99371E-05 9.99371E-05 9.99371E-05 9.99371E-05 0.253641
9.99371E-05 9.99371E-05 0.642205 9.99371E-05 9.99371E-05 0.119264 9.99371E-05 9.99371E-05 9.99371E-05 0.237831
9.9946E-05 9.9946E-05 0.814756 9.9946E-05 9.9946E-05 0.00670303 0.118575 9.9946E-05 9.9946E-05 0.0593665
9.99282E-05 9.99282E-05 0.896171 9.99282E-05 9.99282E-05 9.99282E-05 9.99282E-05 9.99282E-05 0.10303 9.99282E-05
0.177267 9.99549E-05 9.99549E-05 9.99549E-05 0.0139503 0.360512 9.99549E-05 0.338495 0.109276 9.99549E-05
9.9946E-05 0.112534 9.9946E-05 9.9946E-05 9.9946E-05 0.703344 9.9946E-05 0.0668086 0.116714 9.9946E-05
0.418139 9.9946E-05 9.9946E-05 0.095445 0.141726 0.34409 9.9946E-05 9.9946E-05 9.9946E-05 9.9946E-05
0.050334 9.9964E-05 9.9964E-05 0.211934 0.18532 0.445694 9.9964E-05 0.0669093 9.9964E-05 0.0394086
9.99639E-05 0.0327953 9.99639E-05 0.0911684 0.0484689 0.5942 0.140346 0.0926215 9.99639E-05 9.99639E-05
9.99369E-05 9.99369E-05 9.99369E-05 0.319168 0.00111378 0.679018 9.99369E-05 9.99369E-05 9.99369E-05 9.99369E-05
0.7138 9.9955E-05 0.00976315 9.9955E-05 0.00755177 9.9955E-05 0.228436 9.9955E-05 0.039949 9.9955E-05
0.598002 9.9946E-05 9.9946E-05 0.0322013 9.9946E-05 9.9946E-05 9.9946E-05 0.292353 0.0768431 9.9946E-05
0.697463 9.9946E-05 9.9946E-05 0.113815 0.0309982 9.9946E-05 9.9946E-05 0.157123 9.9946E-05 9.9946E-05
0.117659 9.99549E-05 9.99549E-05 0.666836 9.99549E-05 0.129569 9.99549E-05 0.070683 0.0147534 9.99549E-05
0.296949 9.9946E-05 9.9946E-05 9.9946E-05 9.9946E-05 0.281411 9.9946E-05 0.377638 9.9946E-05 0.0434015
0.232762 9.9973E-05 0.0126335 0.153785 0.105276 0.119477 9.9973E-05 0.351633 9.9973E-05 0.0241328
9.997E-05 0.0628223 0.0565264 0.025117 9.997E-05 0.187675 0.382748 0.279887 0.00492427 9.997E-05
9.99551E-05 0.0509127 0.0685425 9.99551E-05 9.99551E-05 0.192043 0.653374 9.99551E-05 9.99551E-05 0.0346279
9.9946E-05 0.37734 0.00281435 9.9946E-05 0.231629 0.387617 9.9946E-05 9.9946E-05 9.9946E-05 9.9946E-05
9.99549E-05 0.0612331 0.0475872 9.99549E-05 0.347327 0.380005 9.99549E-05 0.163347 9.99549E-05 9.99549E-05
0.0136422 9.99549E-05 9.99549E-05 0.0520335 0.402247 0.34057 0.191007 9.99549E-05 9.99549E-05 9.99549E-05
0.709597 9.9946E-05 0.00788494 0.27315 9.9946E-05 9.9946E-05 0.00876904 9.9946E-05 9.9946E-05 9.9946E-05
0.767761 0.231439 9.99279E-05 9.99279E-05 9.99279E-05 9.99279E-05 9.99279E-05 9.99279E-05 9.99279E-05 9.99279E-05
0.386439 9.9973E-05 0.00831258 9.9973E-05 0.0892403 0.245025 0.216304 0.0501952 9.9973E-05 0.00418395
0.392564 0.201738 9.99549E-05 9.99549E-05 0.12329 0.0271812 9.99549E-05 9.99549E-05 9.99549E-05 0.254727
0.611155 9.9964E-05 9.9964E-05 9.9964E-05 0.142498 0.0854713 0.0189566 0.0847228 9.9964E-05 0.0567963
0.439725 0.0840973 9.9964E-05 0.0909096 9.9964E-05 0.0514669 0.27321 9.9964E-05 9.9964E-05 0.0601917
0.387844 9.9946E-05 9.9946E-05 9.9946E-05 0.19744 0.321731 0.0923857 9.9946E-05 9.9946E-05 9.9946E-05
9.9937E-05 0.078714 9.9937E-05 0.701292 9.9937E-05 9.9937E-05 9.9937E-05 9.9937E-05 0.219295 9.9937E-05
9.9973E-05 0.0992522 9.9973E-05 0.519876 0.10025 9.9973E-05 0.0451657 0.15154 0.0145557 0.0690608
9.99639E-05 0.106123 9.99639E-05 0.441757 0.228342 0.0228422 9.99639E-05 0.0432584 9.99639E-05 0.157277
0.0379711 9.9955E-05 9.9955E-05 0.227614 0.196243 9.9955E-05 9.9955E-05 9.9955E-05 0.434231 0.10344
9.9928E-05 9.9928E-05 9.9928E-05 0.954032 9.9928E-05 9.9928E-05 9.9928E-05 0.045169 9.9928E-05 9.9928E-05
0.00452796 0.064464 9.9955E-05 0.836621 0.0534882 9.9955E-05 9.9955E-05 9.9955E-05 9.9955E-05 0.040399
9.9928E-05 0.14397 9.9928E-05 9.9928E-05 9.9928E-05 0.855231 9.9928E-05 9.9928E-05 9.9928E-05 9.9928E-05
9.99459E-05 0.367898 0.039545 9.99459E-05 9.99459E-05 0.484898 9.99459E-05 9.99459E-05 0.10706 9.99459E-05
9.993E-05 0.570732 9.993E-05 9.993E-05 9.993E-05 0.317526 0.111042 9.993E-05 9.993E-05 9.993E-05
9.9946E-05 0.425873 9.9946E-05 0.00634656 9.9946E-05 0.148428 0.418753 9.9946E-05 9.9946E-05 9.9946E-05
9.99459E-05 0.309426 9.99459E-05 0.047504 9.99459E-05 0.60982 9.99459E-05 0.0326495 9.99459E-05 9.99459E-05
0.179726 9.9964E-05 0.0274803 0.0926804 9.9964E-05 0.363495 0.0208828 9.9964E-05 0.315336 9.9964E-05
0.121498 9.9946E-05 9.9946E-05 9.9946E-05 9.9946E-05 0.619514 0.239676 9.9946E-05 9.9946E-05 0.0187129
0.204058 9.9946E-05 9.9946E-05 0.169253 9.9946E-05 0.355158 9.9946E-05 9.9946E-05 0.270931 9.9946E-05
0.212747 9.99459E-05 9.99459E-05 0.0938258 9.99459E-05 0.398691 9.99459E-05 9.99459E-05 0.294136 9.99459E-05
0.0962918 9.99639E-05 9.99639E-05 0.310135 0.097899 0.332447 9.99639E-05 0.121088 9.99639E-05 0.0417394
0.217902 9.9955E-05 0.446702 0.00278595 9.9955E-05 9.9955E-05 0.173076 9.9955E-05 9.9955E-05 0.159035
0.13711 9.9955E-05 0.367952 0.010554 9.9955E-05 9.9955E-05 0.0806922 9.9955E-05 9.9955E-05 0.403193
0.0511602 9.9955E-05 0.00623499 9.9955E-05 9.9955E-05 9.9955E-05 9.9955E-05 0.000554112 0.0543436 0.887207
0.0229106 9.9964E-05 0.349376 9.9964E-05 9.9964E-05 0.105604 0.0240013 9.9964E-05 0.0573824 0.440327
9.99369E-05 9.99369E-05 0.46238 9.99369E-05 9.99369E-05 9.99369E-05 9.99369E-05 9.99369E-05 0.0718309 0.46509
9.9955E-05 0.0461197 0.193724 9.9955E-05 9.9955E-05 0.178866 9.9955E-05 9.9955E-05 0.0189856 0.561805
0.022212 0.346221 0.630867 9.99369E-05 9.99369E-05 9.99369E-05 9.99369E-05 9.99369E-05 9.99369E-05 9.99369E-05
0.0675203 0.0326675 0.652376 9.9964E-05 0.122451 0.0931546 9.9964E-05 9.9964E-05 0.0314307 9.9964E-05
9.9946E-05 0.00367753 0.790104 9.9946E-05 0.153514 9.9946E-05 9.9946E-05 9.9946E-05 9.9946E-05 0.0521052
0.000580384 9.9955E-05 0.805857 0.0106157 9.9955E-05 9.9955E-05 0.0206925 9.9955E-05 9.9955E-05 0.161755
0.0422703 9.9955E-05 0.593444 0.171465 9.9955E-05 0.0211534 9.9955E-05 9.9955E-05 9.9955E-05 0.171167
0.163579 9.99372E-05 0.255159 9.99372E-05 9.99372E-05 9.99372E-05 9.99372E-05 9.99372E-05 9.99372E-05 0.580562
0.140951 0.173765 0.567726 9.9946E-05 9.9946E-05 9.9946E-05 9.9946E-05 9.9946E-05 9.9946E-05 0.116959
0.15862 9.9946E-05 0.606828 9.9946E-05 9.9946E-05 9.9946E-05 9.9946E-05 9.9946E-05 0.00508701 0.228865
0.18034 0.151984 0.584235 9.9964E-05 0.0144356 9.9964E-05 9.9964E-05 0.0114564 9.9964E-05 0.05715
0.179963 9.9946E-05 0.461781 9.9946E-05 9.9946E-05 9.9946E-05 0.0446628 9.9946E-05 9.9946E-05 0.312993
0.0871328 0.0694265 0.776786 9.9955E-05 9.9955E-05 9.9955E-05 9.9955E-05 0.0497749 0.0163804 9.9955E-05
9.9946E-05 9.9946E-05 0.262843 9.9946E-05 9.9946E-05 0.167733 9.9946E-05 0.021703 9.9946E-05 0.547121
0.142422 9.9955E-05 0.0878546 0.0556864 9.9955E-05 0.0239991 9.9955E-05 9.9955E-05 9.9955E-05 0.689538
9.9955E-05 0.084945 0.104086 0.000465794 9.9955E-05 0.0619589 9.9955E-05 9.9955E-05 9.9955E-05 0.748045
9.9946E-05 0.025755 0.369385 9.9946E-05 0.13523 9.9946E-05 9.9946E-05 9.9946E-05 9.9946E-05 0.46903
9.9937E-05 0.00912851 9.9937E-05 9.9937E-05 0.0319883 9.9937E-05 9.9937E-05 9.9937E-05 9.9937E-05 0.958184
0.0431624 9.9946E-05 0.373182 9.9946E-05 9.9946E-05 9.9946E-05 9.9946E-05 9.9946E-05 0.0231044 0.559952
0.0389172 0.0197735 0.800576 9.9946E-05 9.9946E-05 0.140133 9.9946E-05 9.9946E-05 9.9946E-05 9.9946E-05
9.9955E-05 0.122475 0.0560868 0.0980773 9.9955E-05 9.9955E-05 0.0232872 9.9955E-05 9.9955E-05 0.699574
9.99551E-05 0.00968457 9.99551E-05 0.0922505 9.99551E-05 0.0631578 9.99551E-05 0.81405 9.99551E-05 0.0203577
9.9946E-05 9.9946E-05 9.9946E-05 9.9946E-05 9.9946E-05 0.0640596 0.094817 9.9946E-05 0.820973 0.0195503
9.9955E-05 9.9955E-05 9.9955E-05 9.9955E-05 9.9955E-05 0.00399196 0.0262526 0.0257708 0.876802 0.0666824
9.9964E-05 0.0693308 9.9964E-05 9.9964E-05 0.139542 0.00729052 0.0649787 0.678181 9.9964E-05 0.0402765
9.9964E-05 0.0251645 0.0310657 9.9964E-05 0.00860115 9.9964E-05 0.829578 0.100151 9.9964E-05 0.0050405
9.9928E-05 0.942445 9.9928E-05 9.9928E-05 9.9928E-05 9.9928E-05 9.9928E-05 0.0567553 9.9928E-05 9.9928E-05
9.9964E-05 0.260786 0.0069062 9.9964E-05 0.5052 9.9964E-05 0.0489266 9.9964E-05 0.140713 0.0370683
0.0460452 0.227977 0.00472054 9.9964E-05 0.502653 9.9964E-05 0.17305 9.9964E-05 0.0451552 9.9964E-05
9.9964E-05 0.0610431 9.9964E-05 0.0314572 0.626467 9.9964E-05 0.123111 0.112182 0.0453388 9.9964E-05
9.99549E-05 0.30514 9.99549E-05 9.99549E-05 0.376564 9.99549E-05 0.0567765 0.113892 0.147128 9.99549E-05
9.99371E-05 9.99371E-05 9.99371E-05 9.99371E-05 0.959031 9.99371E-05 9.99371E-05 9.99371E-05 0.0368603 0.00340903
9.99281E-05 9.99281E-05 9.99281E-05 0.117769 0.881431 9.99281E-05 9.99281E-05 9.99281E-05 9.99281E-05 9.99281E-05
0.0640039 9.99459E-05 9.99459E-05 9.99459E-05 0.689533 9.99459E-05 0.238045 0.00781914 9.99459E-05 9.99459E-05
0.0611622 0.062544 9.9973E-05 9.9973E-05 0.766657 0.00853183 0.0492109 0.0416193 0.00997477 9.9973E-05
9.99459E-05 0.254667 9.99459E-05 9.99459E-05 0.51456 0.131312 0.0988619 9.99459E-05 9.99459E-05 9.99459E-05
0.0479597 0.023441 9.9964E-05 0.0457011 0.632234 0.0582206 0.192043 9.9964E-05 9.9964E-05 9.9964E-05
9.9964E-05 9.9964E-05 0.016678 0.0253905 0.748 9.9964E-05 0.0928586 0.111996 9.9964E-05 0.00467712
0.06695 9.9937E-05 9.9937E-05 9.9937E-05 0.760719 9.9937E-05 9.9937E-05 0.171632 9.9937E-05 9.9937E-05
0.0106879 9.9973E-05 0.012418 0.207483 0.47879 9.9973E-05 0.171982 0.00940617 0.108933 9.9973E-05
0.0420997 0.0379447 9.9955E-05 9.9955E-05 0.0595169 9.9955E-05 0.856536 9.9955E-05 0.00340287 9.9955E-05
9.9946E-05 9.9946E-05 9.9946E-05 0.115251 9.9946E-05 9.9946E-05 0.415293 0.345336 0.123519 9.9946E-05
0.0736411 9.9946E-05 9.9946E-05 9.9946E-05 9.9946E-05 9.9946E-05 0.573955 0.0633888 0.288415 9.9946E-05
9.9946E-05 9.9946E-05 9.9946E-05 9.9946E-05 0.0987318 9.9946E-05 0.434249 0.0138662 0.452554 9.9946E-05
9.995E-05 0.237418 0.0103638 9.995E-05 0.00767198 9.995E-05 0.090245 0.653801 9.995E-05 9.995E-05
0.0187447 9.995E-05 9.995E-05 0.0689222 9.995E-05 0.0239483 0.134588 0.753297 9.995E-05 9.995E-05
0.129397 9.9946E-05 9.9946E-05 9.9946E-05 9.9946E-05 0.0619107 0.407191 0.400902 9.9946E-05 9.9946E-05
9.9946E-05 9.9946E-05 0.0232262 9.9946E-05 9.9946E-05 0.0087546 0.286016 0.681403 9.9946E-05 9.9946E-05
0.00307003 0.0566412 9.9964E-05 9.9964E-05 0.0981746 9.9964E-05 0.0791017 0.722425 9.9964E-05 0.0401878
0.0207561 9.9955E-05 9.9955E-05 9.9955E-05 0.25946 9.9955E-05 0.0934548 0.613735 0.0120945 9.9955E-05
0.0434097 9.9955E-05 9.9955E-05 0.0693164 9.9955E-05 9.9955E-05 0.0662251 0.786252 0.0342967 9.9955E-05
0.00756255 9.9955E-05 9.9955E-05 0.0273078 0.00757816 9.9955E-05 9.9955E-05 0.799907 0.157145 9.9955E-05
9.9955E-05 0.0106629 9.9955E-05 0.247099 0.110542 9.9955E-05 0.547348 0.083848 9.9955E-05 9.9955E-05
9.9955E-05 9.9955E-05 9.9955E-05 9.9955E-05 0.162706 0.172363 0.217455 0.156212 0.290765 9.9955E-05
0.0923158 0.117105 9.9964E-05 9.9964E-05 0.0881099 9.9964E-05 0.122059 0.572011 0.00799968 9.9964E-05
9.99551E-05 0.0867151 9.99551E-05 9.99551E-05 0.113467 0.0576344 9.99551E-05 0.701836 0.0398481 9.99551E-05
9.99461E-05 0.0240055 9.99461E-05 0.099641 9.99461E-05 9.99461E-05 0.275519 0.600235 9.99461E-05 9.99461E-05
0.0622135 0.0211304 9.9955E-05 9.9955E-05 9.9955E-05 9.9955E-05 0.103988 0.729283 0.0828857 9.9955E-05
9.99549E-05 0.152626 9.99549E-05 0.0566885 0.0673409 9.99549E-05 0.118284 0.604561 9.99549E-05 9.99549E-05
0.107857 0.0937829 9.9946E-05 9.9946E-05 9.9946E-05 9.9946E-05 9.9946E-05 0.184032 0.613728 9.9946E-05
9.99459E-05 0.114612 9.99459E-05 9.99459E-05 0.0652657 9.99459E-05 9.99459E-05 0.243857 0.575666 9.99459E-05
9.9946E-05 0.0151054 9.9946E-05 9.9946E-05 0.185984 9.9946E-05 9.9946E-05 0.310372 0.487939 9.9946E-05
9.9946E-05 9.9946E-05 9.9946E-05 0.0494898 0.129889 9.9946E-05 9.9946E-05 0.706113 0.113909 9.9946E-05
0.0042443 9.9973E-05 0.0590678 9.9973E-05 0.290068 9.9973E-05 0.174904 0.374739 0.0675969 0.0290791
0.0764396 0.0158469 9.9964E-05 9.9964E-05 0.180915 9.9964E-05 9.9964E-05 0.614416 0.101716 0.0102663
9.9955E-05 9.9955E-05 9.9955E-05 9.9955E-05 0.135711 0.0354539 0.194967 0.557404 0.0759636 9.9955E-05
0.12679 9.9946E-05 0.106694 9.9946E-05 9.9946E-05 9.9946E-05 9.9946E-05 0.649979 9.9946E-05 0.115937
9.99549E-05 9.99549E-05 0.115298 9.99549E-05 0.0952095 9.99549E-05 0.214925 0.324261 9.99549E-05 0.249807
9.9964E-05 0.034481 9.9964E-05 9.9964E-05 0.0911017 0.0138307 0.268358 0.433295 0.158533 9.9964E-05
9.99459E-05 0.00471821 9.99459E-05 9.99459E-05 0.0309124 9.99459E-05 0.460898 9.99459E-05 0.502872 9.99459E-05
0.0440926 0.0852185 0.0150695 0.0144475 9.9973E-05 9.9973E-05 0.212848 0.357669 0.270356 9.9973E-05
0.0352085 0.0183477 9.9973E-05 0.0734987 0.0408652 9.9973E-05 0.268711 0.153199 0.40987 9.9973E-05
9.9946E-05 0.00534896 9.9946E-05 0.0135017 9.9946E-05 9.9946E-05 0.559144 9.9946E-05 0.421406 9.9946E-05
9.99369E-05 9.99369E-05 9.99369E-05 9.99369E-05 0.0406675 9.99369E-05 0.564121 0.394512 9.99369E-05 9.99369E-05
9.9946E-05 9.9946E-05 9.9946E-05 0.0305606 0.0703044 9.9946E-05 0.520033 9.9946E-05 0.378502 9.9946E-05
9.99459E-05 9.99459E-05 9.99459E-05 0.135078 9.99459E-05 9.99459E-05 0.16839 0.544349 0.151584 9.99459E-05
9.9973E-05 0.121834 9.9973E-05 0.0181684 0.110551 0.00753843 0.232264 0.336263 0.173081 9.9973E-05
9.9946E-05 0.01886 9.9946E-05 9.9946E-05 9.9946E-05 9.9946E-05 0.447725 0.234521 0.298294 9.9946E-05
9.99459E-05 0.240157 0.482222 9.99459E-05 9.99459E-05 9.99459E-05 9.99459E-05 9.99459E-05 0.202333 0.0746877
9.9964E-05 0.00268045 0.682491 9.9964E-05 0.0287987 9.9964E-05 9.9964E-05 0.0484164 0.0148995 0.222314
9.9955E-05 0.0446813 0.741121 0.111448 9.9955E-05 9.9955E-05 0.0113782 9.9955E-05 9.9955E-05 0.0908718
9.99549E-05 0.0942253 0.176309 9.99549E-05 9.99549E-05 0.0389808 0.0984683 9.99549E-05 9.99549E-05 0.591517
9.9964E-05 0.0635072 0.155948 9.9964E-05 0.0933567 9.9964E-05 9.9964E-05 0.00334247 0.0321372 0.651308
9.9955E-05 0.00328169 0.211428 9.9955E-05 9.9955E-05 0.00558113 9.9955E-05 0.0423368 9.9955E-05 0.736872
9.9946E-05 9.9946E-05 0.608699 0.0169929 9.9946E-05 9.9946E-05 9.9946E-05 9.9946E-05 0.13536 0.238349
9.9955E-05 0.131886 0.749008 9.9955E-05 0.0288202 9.9955E-05 9.9955E-05 0.0133135 9.9955E-05 0.0764725
9.99371E-05 0.481032 0.498981 9.99371E-05 9.99371E-05 9.99371E-05 9.99371E-05 9.99371E-05 0.0192879 9.99371E-05
9.9973E-05 0.02589 0.235604 9.9973E-05 0.00358297 9.9973E-05 0.0285712 0.0447117 0.0399897 0.62135
0.0553408 9.99372E-05 9.99372E-05 0.00107743 9.99372E-05 9.99372E-05 9.99372E-05 9.99372E-05 9.99372E-05 0.942882
0.046941 9.99281E-05 9.99281E-05 9.99281E-05 9.99281E-05 9.99281E-05 9.99281E-05 9.99281E-05 9.99281E-05 0.95226
9.99551E-05 9.99551E-05 0.0200029 9.99551E-05 0.00950777 0.0120775 0.0224464 9.99551E-05 9.99551E-05 0.935466
