0.300618 0.0387673 0.187087 0.212213 9.9982E-05 9.9982E-05 0.0121649 0.24895
0.209147 9.9973E-05 0.266546 0.12093 0.0276715 9.9973E-05 0.375405 9.9973E-05
0.338521 9.9982E-05 0.00244973 0.335223 0.00709822 9.9982E-05 0.153674 0.162834
0.738181 0.0131008 0.15201 0.0335486 9.9973E-05 9.9973E-05 9.9973E-05 0.0628598
0.162447 9.9955E-05 9.9955E-05 0.679712 9.9955E-05 9.9955E-05 9.9955E-05 0.157342
0.573289 9.9964E-05 0.0151993 0.163717 9.9964E-05 9.9964E-05 9.9964E-05 0.247394
9.9955E-05 0.703144 9.9955E-05 9.9955E-05 0.0682585 9.9955E-05 0.228098 9.9955E-05
9.9982E-05 0.597006 9.9982E-05 0.155718 0.064257 0.013885 0.130793 0.0381409
0.062998 0.837648 0.0118999 9.9964E-05 9.9964E-05 9.9964E-05 0.0870539 9.9964E-05
9.9964E-05 0.899463 9.9964E-05 9.9964E-05 0.048731 9.9964E-05 0.0427351 0.00867056
9.99549E-05 0.677889 0.0323871 9.99549E-05 9.99549E-05 9.99549E-05 0.289225 9.99549E-05
9.99729E-05 0.39023 9.99729E-05 0.0187913 9.99729E-05 0.0627734 0.4809 0.0470055
9.9964E-05 0.648138 9.9964E-05 0.0214823 9.9964E-05 0.260864 0.0691158 9.9964E-05
9.99641E-05 0.913297 9.99641E-05 0.0163527 9.99641E-05 0.0664994 9.99641E-05 0.00345142
0.0535426 0.796031 9.9973E-05 0.00112706 0.00633982 9.9973E-05 0.14266 9.9973E-05
9.99551E-05 0.705605 0.0752708 9.99551E-05 9.99551E-05 9.99551E-05 0.218625 9.99551E-05
9.9964E-05 9.9964E-05 9.9964E-05 0.391908 0.148281 9.9964E-05 0.0397679 0.419643
0.113153 9.9982E-05 9.9982E-05 0.0629641 0.661826 0.0638617 0.0401522 0.0578423
0.0989556 9.998E-05 9.998E-05 0.0252575 0.237763 0.011851 0.0406853 0.585288
0.215517 9.9973E-05 9.9973E-05 0.136668 0.153256 0.0873509 9.9973E-05 0.406908
0.144356 0.0239476 9.99729E-05 0.177613 0.523629 9.99729E-05 9.99729E-05 0.130154
0.227791 9.99639E-05 9.99639E-05 9.99639E-05 0.449508 0.0152689 9.99639E-05 0.307032
0.0357104 9.9973E-05 0.13346 0.0682225 9.9973E-05 9.9973E-05 0.223433 0.538875
9.9955E-05 9.9955E-05 0.169278 0.207361 9.9955E-05 9.9955E-05 9.9955E-05 0.622861
0.0377096 9.99551E-05 9.99551E-05 0.181839 9.99551E-05 9.99551E-05 9.99551E-05 0.779952
0.461395 9.9964E-05 0.137506 9.9964E-05 0.00748266 9.9964E-05 9.9964E-05 0.393216
9.9955E-05 9.9955E-05 9.9955E-05 0.373776 9.9955E-05 0.106717 9.9955E-05 0.519007
0.0665044 0.0305147 9.9973E-05 0.407924 9.9973E-05 0.0355646 9.9973E-05 0.459192
0.0233157 0.101351 0.251611 0.346199 0.277223 9.9973E-05 9.9973E-05 9.9973E-05
0.167956 0.154929 0.125247 0.186385 0.365182 9.9973E-05 9.9973E-05 9.9973E-05
0.380456 9.9955E-05 9.9955E-05 9.9955E-05 0.191335 9.9955E-05 0.427709 9.9955E-05
0.357777 9.99639E-05 9.99639E-05 0.297105 0.122922 9.99639E-05 0.221796 9.99639E-05
0.517323 9.9973E-05 9.9973E-05 0.177728 0.141014 9.9973E-05 0.0658567 0.097778
0.0231774 0.0169835 0.128919 9.9964E-05 9.9964E-05 9.9964E-05 9.9964E-05 0.83052
9.9955E-05 9.9955E-05 0.0290444 9.9955E-05 9.9955E-05 9.9955E-05 0.31544 0.655016
0.108694 9.9982E-05 9.9982E-05 0.228463 0.130375 0.00143615 0.0505376 0.480294
0.0924701 9.9964E-05 9.9964E-05 9.9964E-05 9.9964E-05 0.207068 0.282973 0.417089
9.9964E-05 9.9964E-05 9.9964E-05 0.155592 9.9964E-05 0.0550222 0.0693928 0.719593
0.148207 0.0850329 0.155605 9.9982E-05 0.122049 9.9982E-05 0.00355832 0.485348
0.196031 9.9973E-05 9.9973E-05 0.044872 0.138996 0.027064 9.9973E-05 0.592737
0.472305 9.9955E-05 0.522296 9.9955E-05 9.9955E-05 9.9955E-05 9.9955E-05 0.00489886
0.447145 9.9973E-05 0.255894 0.111444 9.9973E-05 0.114318 9.9973E-05 0.0708986
0.595517 9.9982E-05 9.9982E-05 0.098167 0.110243 0.121531 0.0257393 0.0486026
0.171753 9.9964E-05 0.526687 9.9964E-05 9.9964E-05 0.184619 9.9964E-05 0.116541
0.724475 0.0611725 0.17034 9.9964E-05 9.9964E-05 9.9964E-05 9.9964E-05 0.0436123
0.769857 9.9955E-05 9.9955E-05 9.9955E-05 0.0591173 9.9955E-05 9.9955E-05 0.170526
9.9955E-05 9.9955E-05 9.9955E-05 9.9955E-05 0.743622 0.0976951 9.9955E-05 0.158184
9.9955E-05 9.9955E-05 0.129483 9.9955E-05 0.653278 9.9955E-05 0.21674 9.9955E-05
9.995E-05 9.995E-05 0.0962333 9.995E-05 0.726004 9.995E-05 0.177263 9.995E-05
9.9946E-05 9.9946E-05 0.393666 9.9946E-05 0.605734 9.9946E-05 9.9946E-05 9.9946E-05
0.133992 0.0336204 9.9973E-05 0.00503337 0.798131 9.9973E-05 9.9973E-05 0.0289238
9.9964E-05 0.0926756 0.339982 9.9964E-05 0.237364 9.9964E-05 9.9964E-05 0.329579
9.9964E-05 9.9964E-05 9.9964E-05 0.0839071 0.512045 0.067909 9.9964E-05 0.335739
9.9964E-05 9.9964E-05 0.295997 9.9964E-05 0.198376 0.0529113 9.9964E-05 0.452316
9.99549E-05 9.99549E-05 0.290447 9.99549E-05 0.191273 9.99549E-05 9.99549E-05 0.51778
0.262194 9.9973E-05 9.9973E-05 0.111527 0.093326 0.0933799 9.9973E-05 0.439274
9.9973E-05 0.501374 0.126607 9.9973E-05 9.9973E-05 0.149484 0.033342 0.188893
9.9964E-05 0.706323 9.9964E-05 0.0543069 9.9964E-05 0.116274 9.9964E-05 0.122696
9.9982E-05 0.0381885 0.00164509 0.0110302 9.9982E-05 0.852068 0.0169514 0.0799165
9.9973E-05 0.333605 0.127434 9.9973E-05 0.0326503 0.437661 0.0683502 9.9973E-05
9.9964E-05 0.185693 0.0250996 9.9964E-05 9.9964E-05 0.596435 0.192372 9.9964E-05
9.996E-05 9.996E-05 0.0288333 9.996E-05 0.130352 0.686986 0.153429 9.996E-05
9.99549E-05 0.142896 9.99549E-05 9.99549E-05 0.084751 9.99549E-05 0.771853 9.99549E-05
9.99639E-05 0.0138198 9.99639E-05 9.99639E-05 9.99639E-05 0.240201 0.660698 0.0848809
0.0104304 0.69305 9.9973E-05 0.0140846 9.9973E-05 0.0371701 0.244965 9.9973E-05
9.9955E-05 0.94297 9.9955E-05 9.9955E-05 0.016394 0.0401358 9.9955E-05 9.9955E-05
9.9973E-05 0.466891 9.9973E-05 0.011741 9.9973E-05 0.197114 0.144603 0.179351
9.99551E-05 0.482562 9.99551E-05 9.99551E-05 9.99551E-05 0.391075 9.99551E-05 0.125864
9.9964E-05 0.301483 9.9964E-05 9.9964E-05 9.9964E-05 0.148957 0.444907 0.104253
9.9964E-05 0.358633 9.9964E-05 9.9964E-05 9.9964E-05 0.349267 0.202041 0.089659
9.9964E-05 0.132523 9.9964E-05 9.9964E-05 9.9964E-05 0.143561 0.538435 0.185081
9.997E-05 0.27631 9.997E-05 0.0391286 9.997E-05 0.41209 0.133344 0.138827
9.99549E-05 0.127544 9.99549E-05 9.99549E-05 9.99549E-05 0.196825 0.675131 9.99549E-05
9.997E-05 0.0924817 9.997E-05 0.0190053 0.0970146 0.678412 0.112787 9.997E-05
9.9964E-05 0.247251 9.9964E-05 9.9964E-05 0.0516589 0.579082 9.9964E-05 0.121608
0.0172116 9.9973E-05 9.9973E-05 9.9973E-05 0.108825 0.73745 0.130303 0.0059108
0.00107095 0.115353 9.9973E-05 0.0278496 9.9973E-05 0.591913 0.263513 9.9973E-05
0.030523 9.99461E-05 9.99461E-05 9.99461E-05 9.99461E-05 0.968877 9.99461E-05 9.99461E-05
9.9964E-05 0.459469 0.0282288 9.9964E-05 9.9964E-05 0.501381 0.0105222 9.9964E-05
9.996E-05 0.260539 9.996E-05 9.996E-05 0.0774459 0.231 0.430616 9.996E-05
0.0955023 0.0920846 9.997E-05 9.997E-05 0.0934495 0.675531 0.0431331 9.997E-05
9.99641E-05 9.99641E-05 9.99641E-05 0.886541 0.0408369 0.0380235 9.99641E-05 0.034199
9.9955E-05 9.9955E-05 0.769101 0.123429 9.9955E-05 0.106971 9.9955E-05 9.9955E-05
9.9955E-05 9.9955E-05 0.688056 0.201047 9.9955E-05 0.110397 9.9955E-05 9.9955E-05
0.02211 0.0371332 9.9973E-05 0.784917 0.134928 9.9973E-05 9.9973E-05 0.0206112
9.9964E-05 0.0563604 0.108055 0.561604 0.273581 9.9964E-05 9.9964E-05 9.9964E-05
9.99551E-05 9.99551E-05 0.324672 9.99551E-05 0.296996 9.99551E-05 0.377832 9.99551E-05
0.493439 0.021304 0.255398 0.0975623 9.99731E-05 9.99731E-05 0.131997 9.99731E-05
0.528628 0.0690427 0.309899 0.0156566 0.020312 9.9982E-05 0.0562624 9.9982E-05
0.407007 9.9964E-05 9.9964E-05 0.522428 0.0153465 9.9964E-05 0.0548186 9.9964E-05
0.105641 9.9973E-05 0.246822 0.472265 0.0306891 9.9973E-05 0.144283 9.9973E-05
0.45256 9.9955E-05 9.9955E-05 0.474318 9.9955E-05 0.0726225 9.9955E-05 9.9955E-05
0.758753 9.9955E-05 9.9955E-05 0.16001 9.9955E-05 0.0807376 9.9955E-05 9.9955E-05
0.492135 0.0360963 9.99639E-05 0.414613 9.99639E-05 9.99639E-05 9.99639E-05 0.0567563
0.497029 9.9973E-05 9.9973E-05 0.350213 9.9973E-05 0.0152474 0.104198 0.0330127
0.573515 9.99639E-05 9.99639E-05 0.0288283 0.259682 9.99639E-05 0.137575 9.99639E-05
0.698012 0.0138689 0.017148 0.189799 0.046192 9.9991E-05 0.0244683 0.010412
0.475898 0.0263391 9.9964E-05 0.435327 9.9964E-05 0.0620365 9.9964E-05 9.9964E-05
0.459892 9.997E-05 9.997E-05 0.392703 9.997E-05 0.0690261 0.00740258 0.0706768
0.444809 0.0355786 0.151662 0.300224 9.997E-05 9.997E-05 9.997E-05 0.0674259
0.0765859 0.0312128 0.373027 0.339791 0.179083 9.997E-05 9.997E-05 9.997E-05
0.120369 9.9955E-05 0.363939 0.515192 9.9955E-05 9.9955E-05 9.9955E-05 9.9955E-05
9.9964E-05 9.9964E-05 0.502668 0.395607 0.0701722 9.9964E-05 9.9964E-05 0.0311532
9.9955E-05 9.9955E-05 0.527255 0.437397 0.0348481 9.9955E-05 9.9955E-05 9.9955E-05
9.9964E-05 0.00124358 9.9964E-05 0.797618 0.139566 9.9964E-05 0.0611731 9.9964E-05
9.9955E-05 9.9955E-05 9.9955E-05 0.840975 0.0590925 9.9955E-05 9.9955E-05 0.0994324
9.9955E-05 9.9955E-05 9.9955E-05 0.700349 0.144751 9.9955E-05 9.9955E-05 0.154401
9.9955E-05 0.0230983 9.9955E-05 0.908174 0.0682277 9.9955E-05 9.9955E-05 9.9955E-05
0.0143605 0.013055 9.9991E-05 0.844876 0.0328342 0.0239085 0.0377609 0.0331054
0.173388 9.9964E-05 0.0443523 0.766618 9.9964E-05 9.9964E-05 0.0152413 9.9964E-05
0.0893458 9.9964E-05 0.00569835 0.798998 9.9964E-05 9.9964E-05 9.9964E-05 0.105558
0.0198917 9.9964E-05 0.0878502 0.873406 9.9964E-05 9.9964E-05 9.9964E-05 0.0184523
0.381788 9.99639E-05 0.218021 0.356763 0.0430288 9.99639E-05 9.99639E-05 9.99639E-05
0.0244865 9.9973E-05 0.290583 0.509216 0.129298 0.0461161 9.9973E-05 9.9973E-05
0.196095 9.9973E-05 0.150796 0.583303 0.0256903 9.9973E-05 0.0438154 9.9973E-05
0.0334121 9.9982E-05 0.0172701 0.791958 0.0613189 9.9982E-05 0.0474915 0.0483499
0.0920574 9.99641E-05 0.106731 0.731735 0.0690766 9.99641E-05 9.99641E-05 9.99641E-05
9.9955E-05 9.9955E-05 0.0957862 0.841592 9.9955E-05 9.9955E-05 9.9955E-05 0.0621222
0.13068 9.9973E-05 0.129262 0.682527 0.0250201 9.9973E-05 0.0322113 9.9973E-05
9.9964E-05 9.9964E-05 0.627039 0.22998 9.9964E-05 9.9964E-05 0.0566093 0.085972
9.9955E-05 9.9955E-05 0.550724 0.358566 9.9955E-05 9.9955E-05 0.0902102 9.9955E-05
9.997E-05 9.997E-05 0.314759 0.571133 9.997E-05 0.00947207 0.0628777 0.0414586
0.134413 9.9955E-05 0.0441397 0.820948 9.9955E-05 9.9955E-05 9.9955E-05 9.9955E-05
0.10066 0.0153516 0.0281135 0.743418 9.9991E-05 0.0509206 0.0300851 0.0313511
0.000205688 9.9982E-05 0.169297 0.693785 9.9982E-05 0.0083066 0.0137048 0.114501
0.0139467 0.00799037 0.0765573 0.851966 9.9982E-05 0.00406485 0.0452746 9.9982E-05
9.9964E-05 0.205269 9.9964E-05 0.64426 9.9964E-05 0.0252483 9.9964E-05 0.124823
9.9973E-05 0.019748 9.9973E-05 0.583505 9.9973E-05 0.288188 0.0961564 0.0121024
9.9964E-05 9.9964E-05 0.147043 0.767496 0.0829172 9.9964E-05 0.00214444 9.9964E-05
9.9964E-05 9.9964E-05 0.696775 0.253537 0.0409539 9.9964E-05 0.00833413 9.9964E-05
9.9964E-05 9.9964E-05 0.381887 0.492578 9.9964E-05 9.9964E-05 0.102662 0.0224728
0.0123479 0.0275909 0.567935 0.36134 9.997E-05 9.997E-05 9.997E-05 0.0304861
9.9955E-05 9.9955E-05 0.911293 0.0327052 0.0555017 9.9955E-05 9.9955E-05 9.9955E-05
9.9955E-05 9.9955E-05 0.125316 0.784607 0.0895771 9.9955E-05 9.9955E-05 9.9955E-05
0.0470993 0.00423151 0.639496 0.308773 9.9964E-05 9.9964E-05 9.9964E-05 9.9964E-05
0.112659 0.0248691 0.275668 0.586404 9.996E-05 9.996E-05 9.996E-05 9.996E-05
0.141119 9.9964E-05 0.387611 0.395612 0.0752577 9.9964E-05 9.9964E-05 9.9964E-05
9.9955E-05 9.9955E-05 0.347195 0.567524 9.9955E-05 9.9955E-05 0.0847813 9.9955E-05
9.9955E-05 9.9955E-05 0.107375 9.9955E-05 9.9955E-05 0.245586 0.646539 9.9955E-05
9.9964E-05 0.291492 0.0187454 9.9964E-05 9.9964E-05 0.40632 0.283043 9.9964E-05
0.022179 0.379106 9.997E-05 9.997E-05 0.0763477 0.223536 0.298532 9.997E-05
0.058816 0.148757 0.0907411 9.998E-05 0.013996 0.62379 0.0636994 9.998E-05
0.0311372 0.177618 9.9973E-05 0.111127 9.9973E-05 0.642985 0.0368324 9.9973E-05
0.0185897 0.117056 9.9982E-05 0.00472891 0.0181879 0.784508 0.0567293 9.9982E-05
9.9973E-05 0.247035 0.0202497 9.9973E-05 9.9973E-05 0.371804 0.337059 0.0235516
9.9955E-05 0.153905 9.9955E-05 9.9955E-05 9.9955E-05 0.277663 0.567932 9.9955E-05
9.994E-05 9.994E-05 9.994E-05 9.994E-05 9.994E-05 9.994E-05 0.9993 9.994E-05
9.9964E-05 0.072837 9.9964E-05 0.0822663 9.9964E-05 0.689978 0.154519 9.9964E-05
9.99551E-05 0.0245346 9.99551E-05 9.99551E-05 9.99551E-05 0.918318 9.99551E-05 0.0566477
9.99461E-05 9.99461E-05 9.99461E-05 9.99461E-05 9.99461E-05 0.938395 9.99461E-05 0.0610051
0.0462829 0.0481028 9.99641E-05 9.99641E-05 9.99641E-05 0.879793 9.99641E-05 0.025421
