0.172124 9.9991E-05 0.349073 0.478703
0.524047 9.9991E-05 0.339738 0.136115
0.160354 9.9991E-05 0.411741 0.427805
0.15652 0.00111784 0.348769 0.493594
9.999E-05 0.0541994 0.674083 0.271617
9.9982E-05 9.9982E-05 0.371653 0.628147
0.566604 0.433196 9.9982E-05 9.9982E-05
0.327261 0.523963 0.109173 0.039603
0.365412 0.634388 9.9982E-05 9.9982E-05
0.401484 0.598316 9.9982E-05 9.9982E-05
0.476336 0.523464 9.9982E-05 9.9982E-05
0.445361 0.552717 0.0018221 9.9991E-05
0.209424 0.789254 0.00122269 9.9991E-05
0.187202 0.803093 9.9991E-05 0.00960526
0.442177 0.557623 9.9982E-05 9.9982E-05
0.493439 0.506361 9.9982E-05 9.9982E-05
0.100692 0.0327342 0.266688 0.599886
0.399557 0.0301482 0.084374 0.485921
0.153141 0.0791145 9.9991E-05 0.767645
9.9991E-05 0.109357 0.13963 0.750913
0.251053 0.0315989 0.225116 0.492232
0.219838 0.0332671 9.9991E-05 0.746795
0.267803 0.0262156 0.209574 0.496407
9.9991E-05 0.0870955 0.327251 0.585554
9.9991E-05 0.042442 0.134628 0.82283
0.0248768 9.9991E-05 0.187755 0.787268
9.9991E-05 0.1458 0.197627 0.656473
9.9991E-05 0.0846941 0.329341 0.585865
0.236084 0.0544663 0.556183 0.153267
0.325297 0.0802575 0.34265 0.251796
0.524824 9.9991E-05 0.0425944 0.432482
0.220444 0.0671842 0.384177 0.328195
0.183464 9.9991E-05 0.286134 0.530302
0.112745 0.0170811 9.9991E-05 0.870074
0.387758 9.9982E-05 9.9982E-05 0.612043
0.146491 0.0456201 0.20412 0.603769
0.204897 0.291765 9.9991E-05 0.503238
0.098582 0.127281 0.0751174 0.699019
0.243787 0.0564158 0.0464041 0.653393
0.0749406 0.0620734 0.0319987 0.830987
0.222939 9.9991E-05 0.313459 0.463502
0.0571677 0.061576 0.510576 0.37068
0.109414 0.135955 0.314347 0.440285
0.11068 0.140216 0.469172 0.279932
0.130196 9.9991E-05 0.304388 0.565317
0.101182 9.9991E-05 0.103387 0.795331
0.417323 0.0651552 9.9991E-05 0.517421
0.667219 9.9991E-05 0.072362 0.260319
0.77775 9.9991E-05 0.0958686 0.126282
0.562423 9.9991E-05 0.277737 0.159739
0.475773 0.0238562 9.9991E-05 0.500271
0.282708 0.0690555 0.168043 0.480194
0.217552 0.0617771 0.00806992 0.712601
0.162169 9.9991E-05 0.0446648 0.793066
0.228729 9.9991E-05 0.00665926 0.764512
9.9991E-05 0.0698124 0.0653881 0.864699
0.271286 0.53656 9.9991E-05 0.192054
0.169007 0.699329 0.0455662 0.0860979
9.9982E-05 0.919781 0.080019 9.9982E-05
0.205995 0.729707 9.9991E-05 0.0641982
0.15561 0.841422 0.00286774 9.9991E-05
0.134831 0.78266 0.0521437 0.0303651
0.793544 0.206256 9.9982E-05 9.9982E-05
0.46951 0.471851 9.9991E-05 0.0585391
0.358716 0.641084 9.9982E-05 9.9982E-05
0.227528 0.772272 9.9982E-05 9.9982E-05
0.274949 0.603667 9.9991E-05 0.121284
0.000250715 0.93852 9.9991E-05 0.0611291
0.441382 0.558418 9.9982E-05 9.9982E-05
0.239252 0.760548 9.9982E-05 9.9982E-05
0.45188 0.495439 9.9991E-05 0.0525812
0.148224 0.788133 9.9991E-05 0.0635427
0.47702 0.52278 9.9982E-05 9.9982E-05
0.114175 0.827569 0.0575513 0.000704605
9.9982E-05 0.782531 9.9982E-05 0.217269
0.101316 0.851357 9.9991E-05 0.0472271
0.159554 0.790718 0.0496277 9.9991E-05
9.9982E-05 0.994813 0.00498703 9.9982E-05
0.109791 0.890009 9.9982E-05 9.9982E-05
0.436572 0.563228 9.9982E-05 9.9982E-05
0.0690432 0.838525 0.0651031 0.0273285
9.9991E-05 0.045812 0.815809 0.138279
0.238792 9.9982E-05 0.761008 9.9982E-05
0.168144 0.0553016 0.776454 9.9991E-05
0.0105311 0.113408 0.839603 0.0364579
0.176551 0.0331479 0.766631 0.0236701
0.729714 9.99821E-05 0.270086 9.99821E-05
0.294253 0.0454825 0.534182 0.126082
0.345514 9.9991E-05 0.48954 0.164845
0.0835063 0.0759082 0.729857 0.110729
0.256706 9.9982E-05 0.743094 9.9982E-05
9.9991E-05 0.155783 0.74653 0.097587
9.9991E-05 0.0684219 0.515109 0.416369
9.9991E-05 0.0305221 0.590253 0.379125
0.0603944 0.071465 0.572161 0.295979
0.39659 0.00794557 0.389491 0.205973
0.129449 0.0228293 0.434777 0.412944
9.9991E-05 0.12806 0.7293 0.14254
9.9991E-05 0.0815764 0.61401 0.304313
0.0505427 0.0313278 0.634999 0.28313
0.233775 9.9991E-05 0.677016 0.0891091
0.0817665 9.9991E-05 0.81997 0.098164
0.102975 9.9991E-05 0.813401 0.0835237
0.171101 9.9982E-05 0.828699 9.9982E-05
0.126543 0.050836 0.822521 9.9991E-05
9.9991E-05 0.0254387 0.782923 0.191539
9.9991E-05 0.0485499 0.693686 0.257664
0.000552543 0.0893684 0.909979 9.9991E-05
9.9991E-05 0.0987018 0.88356 0.0176379
9.9991E-05 0.0312858 0.871772 0.0968425
9.9991E-05 0.0372304 0.874177 0.088493
9.9982E-05 9.9982E-05 0.956982 0.0428178
0.0969743 9.9991E-05 0.702364 0.200562
0.0702323 0.0770288 0.789961 0.0627779
0.120921 9.9991E-05 0.774194 0.104785
0.0484564 0.0339683 0.866136 0.0514392
0.0343236 0.0197916 0.926857 0.0190281
9.9991E-05 0.0233824 0.940972 0.0355457
0.0791372 0.0157401 0.902005 0.00311745
0.264667 9.9982E-05 0.735133 9.9982E-05
0.242732 9.9982E-05 0.757068 9.9982E-05
0.136451 0.0137374 0.820418 0.0293931
9.9991E-05 0.0304204 0.965056 0.00442361
9.9991E-05 0.0968089 0.802638 0.100453
9.9991E-05 0.105515 0.873619 0.0207666
0.0172278 0.0549209 0.927751 9.9991E-05
9.9991E-05 0.320672 0.594466 0.084762
9.9982E-05 0.364776 0.635024 9.9982E-05
0.103078 9.9982E-05 0.896722 9.9982E-05
0.259673 9.9982E-05 0.740127 9.9982E-05
0.201521 9.9982E-05 0.798279 9.9982E-05
0.193203 9.9982E-05 0.806597 9.9982E-05
0.321803 9.9982E-05 0.677998 9.9982E-05
0.0251638 0.0319016 0.942835 9.9991E-05
0.219699 9.9982E-05 0.780101 9.9982E-05
0.0257777 0.0254654 0.920931 0.0278262
0.140483 9.9991E-05 0.754461 0.104955
0.166801 9.9982E-05 0.832999 9.9982E-05
0.592554 0.396499 0.0108465 9.9991E-05
0.309252 0.672666 0.0179812 9.9991E-05
0.407711 0.591866 9.9991E-05 0.000322555
0.130483 0.742331 0.120053 0.00713262
0.0302079 0.82396 0.145732 9.9991E-05
0.0114814 0.960103 0.0283154 9.9991E-05
0.276208 0.683932 0.0104342 0.0294265
0.473762 0.526038 9.9982E-05 9.9982E-05
0.872027 0.127773 9.9982E-05 9.9982E-05
0.101261 0.786376 0.112263 9.9991E-05
9.99821E-05 0.945672 9.99821E-05 0.0541279
9.9982E-05 0.935357 9.9982E-05 0.0644426
9.9991E-05 0.894592 0.00377002 0.101538
