0.0501345 9.9982E-05 0.0192975 9.9982E-05 0.225403 0.452743 0.252223
0.312053 9.9982E-05 0.150431 9.9982E-05 0.334149 0.0999809 0.103186
0.159777 9.9982E-05 0.0612148 9.9982E-05 0.00152164 0.31126 0.466026
0.0267586 0.00963983 0.124932 9.9991E-05 0.041479 0.386409 0.410682
9.9973E-05 0.0204923 9.9973E-05 9.9973E-05 0.0185289 0.24912 0.711559
9.9973E-05 9.9973E-05 0.0728001 9.9973E-05 0.0337501 0.461871 0.431279
0.167949 9.9973E-05 0.103761 0.675845 0.0521441 9.9973E-05 9.9973E-05
0.0339467 0.0225748 0.0816929 0.664755 0.0980222 9.9991E-05 0.0989089
0.0860251 9.9982E-05 0.0221262 0.847482 0.0179774 9.9982E-05 0.0261892
0.0715444 9.9973E-05 0.0379354 0.885201 0.00501916 9.9973E-05 9.9973E-05
0.245708 9.99639E-05 9.99639E-05 0.705456 0.0484359 9.99639E-05 9.99639E-05
0.541724 0.0219933 9.99729E-05 0.408816 9.99729E-05 9.99729E-05 0.0271669
0.095438 0.181566 9.9973E-05 0.695029 9.9973E-05 9.9973E-05 0.0276676
9.995E-05 9.995E-05 9.995E-05 0.9994 9.995E-05 9.995E-05 9.995E-05
0.103258 9.9964E-05 0.090906 0.805437 9.9964E-05 9.9964E-05 9.9964E-05
0.249152 9.99641E-05 9.99641E-05 0.654696 0.0957526 9.99641E-05 9.99641E-05
0.00137193 0.0150407 0.174096 9.9991E-05 0.0624707 0.494951 0.251969
9.9982E-05 0.0956935 0.647 9.9982E-05 0.0378608 0.187465 0.0317803
0.0506744 0.050965 0.190723 9.9982E-05 9.9982E-05 0.650806 0.0566319
9.9973E-05 0.11608 0.166943 9.9973E-05 9.9973E-05 0.524614 0.192063
9.9982E-05 0.000346524 0.469026 0.0624102 9.9982E-05 0.245521 0.222496
9.99639E-05 0.04305 0.448254 9.99639E-05 9.99639E-05 0.508296 9.99639E-05
0.287878 9.9973E-05 9.9973E-05 9.9973E-05 0.193792 0.462901 0.0551294
0.0407845 0.00164407 9.9982E-05 9.9982E-05 0.23598 0.602127 0.119264
9.99731E-05 9.99731E-05 9.99731E-05 0.0342237 0.0897916 0.830563 0.0451215
9.9973E-05 9.9973E-05 0.0378828 9.9973E-05 0.156298 0.728188 0.0773312
9.9964E-05 0.156934 9.9964E-05 9.9964E-05 9.9964E-05 0.495428 0.347238
9.9973E-05 0.0169985 9.9973E-05 0.0638304 9.9973E-05 0.480934 0.437937
9.9982E-05 9.9982E-05 0.300748 0.0937602 0.248266 0.0453457 0.31168
9.9982E-05 9.9982E-05 0.427665 0.115043 0.0986784 0.0627995 0.295615
0.37056 9.9973E-05 0.388803 9.9973E-05 9.9973E-05 0.174824 0.0655135
0.168518 9.9973E-05 0.231592 9.9973E-05 9.9973E-05 0.172891 0.426699
0.0120382 9.9973E-05 0.272122 9.9973E-05 9.9973E-05 0.35151 0.36403
0.0243044 9.9973E-05 9.9973E-05 0.0462491 0.0872859 0.841861 9.9973E-05
0.386326 9.9955E-05 9.9955E-05 9.9955E-05 9.9955E-05 0.613175 9.9955E-05
0.140238 0.00575907 0.0900819 9.9982E-05 9.9982E-05 0.547792 0.215929
0.283135 0.190944 0.0730936 9.9973E-05 9.9973E-05 0.452527 9.9973E-05
0.155496 0.0877213 9.9973E-05 9.9973E-05 9.9973E-05 0.640467 0.116016
0.0646335 0.0165641 0.146157 0.0150237 0.110172 0.647349 9.9991E-05
9.9973E-05 0.047601 0.16727 9.9973E-05 9.9973E-05 0.688134 0.096695
9.99641E-05 9.99641E-05 0.0531787 9.99641E-05 0.508243 0.438179 9.99641E-05
9.9982E-05 0.115745 0.0387185 9.9982E-05 0.180677 0.342899 0.321761
9.9973E-05 0.101489 0.200936 9.9973E-05 9.9973E-05 0.393958 0.303316
9.9982E-05 0.139273 9.9982E-05 0.0111508 0.490314 0.250081 0.108981
9.9982E-05 9.9982E-05 0.0751672 0.0191995 0.168174 0.527545 0.209714
9.9964E-05 9.9964E-05 0.208424 9.9964E-05 9.9964E-05 0.642388 0.148789
9.9964E-05 0.107216 0.658824 9.9964E-05 9.9964E-05 0.233561 9.9964E-05
0.115867 0.0316307 0.755252 9.9982E-05 0.0918347 9.9982E-05 0.0052162
0.110248 9.9964E-05 0.831875 9.9964E-05 0.0574769 9.9964E-05 9.9964E-05
9.9964E-05 9.9964E-05 0.717743 9.9964E-05 0.254163 0.0276948 9.9964E-05
9.9964E-05 0.0327496 0.793654 9.9964E-05 9.9964E-05 0.173197 9.9964E-05
9.9973E-05 9.9973E-05 0.155682 0.142404 0.330747 0.370867 9.9973E-05
9.9964E-05 0.122942 0.445401 9.9964E-05 9.9964E-05 0.431257 9.9964E-05
9.9973E-05 0.0499774 0.0880699 9.9973E-05 0.261361 0.600292 9.9973E-05
9.99729E-05 9.99729E-05 0.0651749 0.0570718 0.313436 0.564018 9.99729E-05
9.9973E-05 0.0811469 0.0489901 9.9973E-05 9.9973E-05 0.652967 0.216596
0.110021 0.19907 9.9982E-05 0.395973 0.0889597 0.205777 9.9982E-05
9.997E-05 0.258321 9.997E-05 0.598552 9.997E-05 0.0483235 0.094503
9.9973E-05 0.882639 9.9973E-05 0.036485 0.0724869 0.00808957 9.9973E-05
0.121887 0.545971 0.0378431 0.184244 0.109854 9.9982E-05 9.9982E-05
0.234768 0.612951 9.99639E-05 0.151881 9.99639E-05 9.99639E-05 9.99639E-05
0.16893 0.668422 0.145686 9.9973E-05 0.0166631 9.9973E-05 9.9973E-05
0.884421 9.9955E-05 0.115079 9.9955E-05 9.9955E-05 9.9955E-05 9.9955E-05
0.730296 0.195727 9.99639E-05 9.99639E-05 9.99639E-05 0.0735769 9.99639E-05
0.375565 0.0762714 9.9973E-05 0.527277 9.9973E-05 9.9973E-05 0.0205869
0.106607 0.105886 9.9973E-05 0.784921 9.9973E-05 0.00228608 9.9973E-05
0.196215 0.172155 9.9982E-05 0.440712 9.9982E-05 0.150418 0.040301
9.99641E-05 0.430374 9.99641E-05 0.470124 9.99641E-05 0.0991031 9.99641E-05
0.459956 0.161425 9.9973E-05 0.256058 9.9973E-05 0.12226 9.9973E-05
0.256746 0.336548 9.9982E-05 0.332641 0.0163659 0.0574991 9.9982E-05
0.653364 0.086406 9.9982E-05 0.157308 9.9982E-05 0.0556298 0.0470918
0.262076 0.415366 9.9982E-05 0.196467 9.9982E-05 0.0988606 0.0270311
0.733679 0.135537 9.9964E-05 0.130384 9.9964E-05 9.9964E-05 9.9964E-05
0.143369 0.729897 0.0683037 0.00691105 9.998E-05 9.998E-05 0.0513193
9.9973E-05 0.662799 0.0136683 0.189455 9.9973E-05 0.133778 9.9973E-05
0.114329 0.781056 0.0964484 9.9973E-05 9.9973E-05 0.00786636 9.9973E-05
0.34189 0.628369 9.9964E-05 9.9964E-05 9.9964E-05 9.9964E-05 0.0293411
9.99551E-05 0.963243 9.99551E-05 9.99551E-05 9.99551E-05 9.99551E-05 0.0362576
0.0524083 0.583655 0.0107286 0.330196 0.0228123 9.9982E-05 9.9982E-05
0.522047 0.258602 0.0881472 0.130904 9.9973E-05 9.9973E-05 9.9973E-05
0.0848559 0.699188 0.135316 0.0803402 9.9973E-05 9.9973E-05 9.9973E-05
9.9982E-05 0.00990461 0.0136303 9.9982E-05 0.112693 0.122816 0.740756
9.9955E-05 0.116477 9.9955E-05 9.9955E-05 0.883023 9.9955E-05 9.9955E-05
9.9964E-05 0.119663 9.9964E-05 9.9964E-05 0.759879 9.9964E-05 0.120057
9.9964E-05 9.9964E-05 0.137594 0.0551482 9.9964E-05 9.9964E-05 0.806858
9.9973E-05 9.9973E-05 0.314256 0.0578771 0.0731946 9.9973E-05 0.554372
0.187523 9.99641E-05 0.600306 9.99641E-05 0.211771 9.99641E-05 9.99641E-05
0.214286 9.99821E-05 0.165147 9.99821E-05 0.14855 0.0278455 0.443971
0.0946012 9.9991E-05 0.21298 0.0270738 0.182499 0.111741 0.371006
0.0446736 9.9964E-05 0.1987 9.9964E-05 9.9964E-05 9.9964E-05 0.756227
0.131792 9.9973E-05 0.138374 9.9973E-05 0.161001 9.9973E-05 0.568532
0.072913 0.0745072 9.9973E-05 9.9973E-05 9.9973E-05 0.0432437 0.809036
9.9964E-05 0.0604434 9.9964E-05 9.9964E-05 9.9964E-05 0.339299 0.599858
9.9973E-05 9.9973E-05 0.0371293 0.042821 9.9973E-05 0.231324 0.688426
0.0580559 0.0253745 0.0574421 9.9982E-05 9.9982E-05 0.210419 0.648508
0.0977317 9.9964E-05 0.516697 9.9964E-05 9.9964E-05 9.9964E-05 0.385172
0.00335395 9.9973E-05 0.221326 9.9973E-05 9.9973E-05 0.262072 0.512949
9.9973E-05 0.0730143 9.9973E-05 0.0122687 9.9973E-05 0.148124 0.766293
0.0499927 0.021715 9.9973E-05 9.9973E-05 9.9973E-05 0.223574 0.704418
0.0300774 9.9982E-05 9.9982E-05 0.0258931 0.113749 0.270048 0.560032
9.9982E-05 9.9982E-05 0.277619 0.0124267 0.321202 0.017487 0.371066
9.9973E-05 9.9973E-05 0.0641394 9.9973E-05 0.434687 0.00878172 0.492092
9.9973E-05 9.9973E-05 0.0800873 9.9973E-05 0.530285 0.032258 0.35707
9.9964E-05 9.9964E-05 0.0156895 9.9964E-05 0.572345 9.9964E-05 0.411566
0.0466134 9.9973E-05 0.212472 9.9973E-05 0.0296318 9.9973E-05 0.710983
9.9973E-05 9.9973E-05 0.0653369 9.9973E-05 0.0123816 0.062504 0.859477
9.9973E-05 9.9973E-05 0.0940008 9.9973E-05 0.0786464 0.207934 0.619119
9.9973E-05 9.9973E-05 0.068566 0.00890902 0.0536547 9.9973E-05 0.86857
9.9964E-05 9.9964E-05 0.0708137 0.0255484 9.9964E-05 9.9964E-05 0.903238
0.0322808 9.9973E-05 9.9973E-05 9.9973E-05 0.0908472 0.0281409 0.848431
9.9973E-05 0.0247193 9.9973E-05 9.9973E-05 0.152436 0.0763695 0.746175
9.9955E-05 9.9955E-05 9.9955E-05 9.9955E-05 0.172469 9.9955E-05 0.827032
9.9973E-05 9.9973E-05 0.136363 9.9973E-05 0.286401 0.147872 0.429065
9.9973E-05 0.0578343 0.142047 9.9973E-05 0.324879 9.9973E-05 0.474939
0.0319951 9.9982E-05 0.0694922 9.9982E-05 0.213963 0.0585753 0.625774
0.0272071 9.9982E-05 0.0982318 9.9982E-05 0.0669578 0.0188468 0.788557
9.99641E-05 9.99641E-05 0.0962471 9.99641E-05 0.164377 9.99641E-05 0.738976
0.00293478 0.00331351 0.0243449 9.9991E-05 0.159232 0.00480271 0.805272
9.9964E-05 9.9964E-05 0.141367 9.9964E-05 0.118575 9.9964E-05 0.739658
0.0974181 9.997E-05 9.997E-05 9.997E-05 0.69406 0.0268116 0.181411
0.0980445 9.9964E-05 9.9964E-05 9.9964E-05 0.564929 9.9964E-05 0.336626
0.0952894 9.9964E-05 9.9964E-05 9.9964E-05 0.395228 9.9964E-05 0.509083
9.9955E-05 9.9955E-05 9.9955E-05 9.9955E-05 0.125155 9.9955E-05 0.874345
0.0655855 0.0418058 9.9982E-05 9.9982E-05 0.0510496 0.0798655 0.761494
9.9973E-05 0.0734302 9.9973E-05 9.9973E-05 0.180866 0.035219 0.710185
0.0288175 0.00677918 0.0525855 9.9982E-05 0.14934 9.9982E-05 0.762278
9.9982E-05 0.0500788 9.9982E-05 0.209625 0.117155 0.073821 0.549121
0.0891548 0.263056 9.9982E-05 0.0168289 0.0508398 9.9982E-05 0.57992
9.9964E-05 9.9964E-05 0.120195 9.9964E-05 0.234783 9.9964E-05 0.644622
9.9964E-05 9.9964E-05 0.0853859 9.9964E-05 0.63736 9.9964E-05 0.276855
0.0879632 9.9964E-05 9.9964E-05 9.9964E-05 0.461521 9.9964E-05 0.450116
0.00803837 9.9973E-05 9.9973E-05 0.0139483 0.573011 9.9973E-05 0.404702
9.9955E-05 9.9955E-05 0.078386 9.9955E-05 0.921114 9.9955E-05 9.9955E-05
9.9973E-05 9.9973E-05 0.109468 0.00424665 0.178471 9.9973E-05 0.707515
9.9973E-05 9.9973E-05 0.0222488 0.0270602 0.592712 9.9973E-05 0.357679
9.9973E-05 9.9973E-05 9.9973E-05 0.00623612 0.36758 0.0240312 0.601853
9.9973E-05 9.9973E-05 0.169417 9.9973E-05 0.382352 0.036882 0.411049
0.0581539 9.9973E-05 0.00497453 9.9973E-05 0.481127 9.9973E-05 0.455444
0.693898 0.206332 9.9964E-05 9.9964E-05 0.0993695 9.9964E-05 9.9964E-05
0.368152 0.462389 9.9973E-05 0.162242 9.9973E-05 9.9973E-05 0.00691628
0.360471 0.317903 0.109913 0.211412 9.9973E-05 9.9973E-05 9.9973E-05
0.143988 0.687751 0.0948311 0.00985582 0.0633737 9.9982E-05 9.9982E-05
0.0695882 0.66104 0.00662248 0.133384 0.00644094 9.9991E-05 0.122825
0.0774825 0.824623 9.9973E-05 0.0956492 0.00194511 9.9973E-05 9.9973E-05
0.362145 0.367486 9.9982E-05 0.241852 0.0164944 0.011823 9.9982E-05
0.567161 0.241119 9.9964E-05 0.19132 9.9964E-05 9.9964E-05 9.9964E-05
0.9994 9.995E-05 9.995E-05 9.995E-05 9.995E-05 9.995E-05 9.995E-05
0.146684 0.691586 0.0111568 0.0971386 9.9982E-05 9.9982E-05 0.0532339
9.99641E-05 0.849346 9.99641E-05 0.0886408 9.99641E-05 0.0616134 9.99641E-05
9.99641E-05 0.927579 9.99641E-05 0.0287133 9.99641E-05 0.0433075 9.99641E-05
9.9973E-05 0.830411 9.9973E-05 0.135937 9.9973E-05 0.018232 0.0151208
