0.018262 9.9982E-05 9.9982E-05 0.36431 0.142801 0.269115 0.205312
0.243138 0.128924 9.9982E-05 9.9982E-05 0.169615 0.0259086 0.432214
0.00585178 0.0907588 9.9991E-05 0.268334 0.158788 0.293529 0.182639
9.9982E-05 0.0184487 0.00728336 0.245179 0.535202 9.9982E-05 0.193686
9.9964E-05 9.9964E-05 9.9964E-05 0.144709 0.187382 0.66751 9.9964E-05
9.9973E-05 9.9973E-05 9.9973E-05 0.334947 0.454707 0.152528 0.0575175
0.871225 0.0923473 9.9964E-05 9.9964E-05 9.9964E-05 9.9964E-05 0.036028
0.618769 0.0283062 0.12341 0.0603927 9.9982E-05 0.168922 9.9982E-05
0.736235 9.9973E-05 0.192149 9.9973E-05 0.0449233 9.9973E-05 0.0263925
0.830854 9.9964E-05 0.118082 0.0506642 9.9964E-05 9.9964E-05 9.9964E-05
0.873585 9.9964E-05 0.0323615 9.9964E-05 9.9964E-05 9.9964E-05 0.0936536
0.908065 9.9955E-05 9.9955E-05 9.9955E-05 9.9955E-05 0.0914355 9.9955E-05
0.627416 9.9964E-05 0.363808 0.00837638 9.9964E-05 9.9964E-05 9.9964E-05
0.607158 9.99641E-05 0.370527 0.0219154 9.99641E-05 9.99641E-05 9.99641E-05
0.81147 0.0522873 0.0926978 9.9982E-05 0.0220966 9.9982E-05 0.0212487
0.892803 9.99641E-05 0.0537232 9.99641E-05 9.99641E-05 9.99641E-05 0.0530742
0.00404556 0.130533 9.9973E-05 0.492369 9.9973E-05 0.372752 9.9973E-05
9.9973E-05 0.65211 0.0807834 0.209245 9.9973E-05 0.0575613 9.9973E-05
9.9973E-05 0.19697 0.0153135 0.594063 0.193354 9.9973E-05 9.9973E-05
9.9982E-05 0.126921 0.0682963 0.549065 0.0891196 0.166399 9.9982E-05
9.9982E-05 0.45786 0.00123516 0.264165 0.0306195 0.24592 9.9982E-05
9.9973E-05 0.358469 0.013304 0.579109 0.0488181 9.9973E-05 9.9973E-05
0.192926 9.9973E-05 9.9973E-05 0.519136 9.9973E-05 0.130838 0.1568
9.9964E-05 9.9964E-05 9.9964E-05 0.602015 9.9964E-05 0.233799 0.163787
9.99641E-05 9.99641E-05 9.99641E-05 0.758034 0.0664659 0.175101 9.99641E-05
9.9973E-05 9.9973E-05 9.9973E-05 0.610787 0.229087 0.0440159 0.11581
9.9964E-05 9.9964E-05 0.056051 0.521583 9.9964E-05 0.421967 9.9964E-05
9.9973E-05 9.9973E-05 0.042298 0.433149 0.082933 0.44132 9.9973E-05
9.9982E-05 0.266986 0.0458209 0.0510133 9.9982E-05 0.386065 0.249915
0.066251 0.46291 9.9991E-05 0.0959903 0.0163507 0.328404 0.0299939
0.156112 0.515862 9.9973E-05 0.0137911 0.313935 9.9973E-05 9.9973E-05
0.0893044 0.270888 9.9982E-05 0.112887 0.306166 0.220555 9.9982E-05
9.9973E-05 0.226069 9.9973E-05 0.247841 0.387224 0.138565 9.9973E-05
0.0238727 9.9964E-05 9.9964E-05 0.818606 9.9964E-05 9.9964E-05 0.157121
0.171704 9.9964E-05 9.9964E-05 0.603142 9.9964E-05 9.9964E-05 0.224754
0.00648769 0.123805 0.00892344 0.542871 0.0635697 0.254242 9.9991E-05
0.185709 0.0783178 0.178411 0.355042 0.20232 9.9982E-05 9.9982E-05
0.0658935 9.9982E-05 0.0608268 0.636685 0.067655 0.168739 9.9982E-05
9.998E-05 0.174203 0.0365647 0.56122 0.0353966 9.998E-05 0.192416
9.9982E-05 0.11435 0.0204476 0.660568 0.153608 0.0508271 9.9982E-05
9.9964E-05 9.9964E-05 9.9964E-05 0.147725 0.304846 9.9964E-05 0.547029
9.999E-05 0.0105321 0.0628931 0.155218 0.496364 0.0802953 0.194597
9.9973E-05 0.149971 0.0885825 0.164598 0.596549 9.9973E-05 9.9973E-05
9.9973E-05 9.9973E-05 0.153775 0.102523 0.287662 9.9973E-05 0.45574
9.9973E-05 9.9973E-05 9.9973E-05 0.318342 0.531164 0.0128285 0.137366
9.9964E-05 0.134892 9.9964E-05 0.420614 0.444094 9.9964E-05 9.9964E-05
9.9964E-05 0.645088 0.051221 0.303291 9.9964E-05 9.9964E-05 9.9964E-05
0.0347777 0.78371 0.0253731 9.9973E-05 9.9973E-05 9.9973E-05 0.155839
9.99551E-05 0.912506 9.99551E-05 9.99551E-05 9.99551E-05 9.99551E-05 0.0869944
9.9964E-05 0.63077 9.9964E-05 0.0359785 9.9964E-05 9.9964E-05 0.332851
9.9973E-05 0.748627 0.00556568 0.217557 9.9973E-05 0.027951 9.9973E-05
9.9973E-05 0.109929 0.082439 0.403526 9.9973E-05 9.9973E-05 0.403806
9.9973E-05 0.363441 0.0976575 0.436052 9.9973E-05 0.102549 9.9973E-05
9.9973E-05 0.0527534 0.0353075 0.629725 9.9973E-05 9.9973E-05 0.281914
9.9973E-05 0.0368774 0.025954 0.62006 9.9973E-05 9.9973E-05 0.316808
9.9982E-05 0.0239101 0.0827438 0.624424 0.0961403 0.172582 9.9982E-05
0.427451 9.9973E-05 0.257548 0.185564 9.9973E-05 9.9973E-05 0.129137
0.372448 9.9973E-05 0.401798 0.149632 9.9973E-05 0.075822 9.9973E-05
0.0142552 9.9964E-05 0.897622 9.9964E-05 9.9964E-05 9.9964E-05 0.0877226
0.352271 0.0320953 0.477837 0.0369371 9.9982E-05 9.9982E-05 0.10066
0.367457 9.9973E-05 0.561533 9.9973E-05 0.0245676 9.9973E-05 0.0461423
0.117898 0.186007 0.642369 9.9973E-05 9.9973E-05 9.9973E-05 0.0534266
0.741113 0.190457 9.9964E-05 9.9964E-05 9.9964E-05 9.9964E-05 0.0680307
0.81422 9.9973E-05 9.9973E-05 0.0623416 0.0725198 0.0506188 9.9973E-05
0.797493 9.9964E-05 0.126171 9.9964E-05 0.0759357 9.9964E-05 9.9964E-05
0.669959 9.9964E-05 0.327872 0.00176849 9.9964E-05 9.9964E-05 9.9964E-05
0.542725 9.9973E-05 0.261311 0.157223 9.9973E-05 0.0384406 9.9973E-05
0.263603 9.99641E-05 0.611431 0.124566 9.99641E-05 9.99641E-05 9.99641E-05
0.686379 9.9973E-05 0.149738 0.112886 9.9973E-05 9.9973E-05 0.0506981
0.518618 9.9973E-05 0.365557 0.103945 9.9973E-05 9.9973E-05 0.0115798
0.782982 9.9973E-05 9.9973E-05 0.0987559 0.109041 0.00892113 9.9973E-05
0.496167 9.9973E-05 0.384689 0.108557 9.9973E-05 0.0102879 9.9973E-05
0.912629 9.9964E-05 9.9964E-05 0.00572163 9.9964E-05 0.0812491 9.9964E-05
0.22417 0.0874662 0.623751 9.9982E-05 0.0227494 0.041663 9.9982E-05
0.152303 0.0370384 0.68106 0.129299 9.9973E-05 9.9973E-05 9.9973E-05
0.179111 0.130006 0.686556 9.9973E-05 0.00402698 9.9973E-05 9.9973E-05
0.425812 9.9964E-05 0.447922 9.9964E-05 0.125866 9.9964E-05 9.9964E-05
9.9964E-05 9.9964E-05 0.967498 9.9964E-05 0.0316898 0.00041192 9.9964E-05
0.412813 9.9964E-05 0.580584 0.00620272 9.9964E-05 9.9964E-05 9.9964E-05
0.74345 0.130077 0.125 0.00117328 9.9973E-05 9.9973E-05 9.9973E-05
0.155351 0.155712 0.634161 9.9973E-05 0.0544761 9.9973E-05 9.9973E-05
9.9982E-05 0.0218299 0.023991 0.0418265 0.0186874 0.893465 9.9982E-05
9.9964E-05 9.9964E-05 0.0908865 9.9964E-05 9.9964E-05 0.17157 0.737144
9.9964E-05 9.9964E-05 0.0972994 9.9964E-05 9.9964E-05 0.273192 0.629109
9.9973E-05 0.151304 0.0250267 9.9973E-05 0.103997 0.719373 9.9973E-05
9.9964E-05 0.375557 9.9964E-05 9.9964E-05 9.9964E-05 0.619648 0.00439491
9.99551E-05 0.632843 9.99551E-05 9.99551E-05 9.99551E-05 9.99551E-05 0.366658
0.0416136 0.120002 9.99731E-05 9.99731E-05 0.573571 9.99731E-05 0.264513
0.0976707 0.077047 9.9973E-05 9.9973E-05 0.434416 9.9973E-05 0.390566
9.9964E-05 0.120353 9.9964E-05 9.9964E-05 0.590561 0.288686 9.9964E-05
9.997E-05 0.0929898 9.997E-05 9.997E-05 0.411949 0.166197 0.328564
9.9964E-05 9.9964E-05 0.0382927 9.9964E-05 0.859832 0.101476 9.9964E-05
9.9964E-05 9.9964E-05 0.0318113 0.0633912 0.904398 9.9964E-05 9.9964E-05
9.9964E-05 9.9964E-05 9.9964E-05 0.171352 0.501343 0.326905 9.9964E-05
9.9982E-05 0.030376 9.9982E-05 0.0839763 0.763878 0.0760181 0.0455519
0.0109053 0.456028 9.99639E-05 9.99639E-05 0.532667 9.99639E-05 9.99639E-05
9.9982E-05 0.104163 9.9982E-05 0.127639 0.658833 0.0913441 0.0178206
9.9964E-05 9.9964E-05 0.0310044 9.9964E-05 0.761952 0.206644 9.9964E-05
9.9973E-05 9.9973E-05 0.0011985 0.0752137 0.70421 0.219078 9.9973E-05
0.00478331 9.998E-05 9.998E-05 0.146865 0.492519 0.217224 0.138409
9.997E-05 0.203238 9.997E-05 0.0335281 9.997E-05 0.431983 0.330952
9.9973E-05 0.0162401 9.9973E-05 9.9973E-05 0.00995781 0.64145 0.332052
9.9973E-05 0.0160853 9.9973E-05 0.0336648 9.9973E-05 0.481384 0.468566
9.9973E-05 0.00660981 9.9973E-05 9.9973E-05 0.00677504 0.442758 0.543557
0.0176586 0.210255 9.9973E-05 9.9973E-05 0.00642391 0.765363 9.9973E-05
9.9964E-05 0.0271215 9.9964E-05 0.102412 9.9964E-05 0.870067 9.9964E-05
9.9964E-05 0.0932394 9.9964E-05 0.192471 9.9964E-05 0.71389 9.9964E-05
9.99551E-05 0.105168 9.99551E-05 9.99551E-05 9.99551E-05 0.894332 9.99551E-05
0.00813457 0.0996675 9.9982E-05 0.0130461 0.0523404 0.826611 9.9982E-05
9.9973E-05 9.9973E-05 9.9973E-05 0.00341597 0.201126 0.741306 0.0538517
9.9973E-05 9.9973E-05 9.9973E-05 0.0905503 0.0725701 0.823985 0.0125942
9.9955E-05 9.9955E-05 9.9955E-05 9.9955E-05 9.9955E-05 0.861783 0.137717
9.9982E-05 0.136131 9.9982E-05 0.0505119 0.174863 0.435433 0.202861
9.9982E-05 0.104165 0.0252826 9.9982E-05 0.112684 0.527318 0.230351
9.9982E-05 0.0814807 9.9982E-05 0.0203799 0.167139 0.560597 0.170202
9.998E-05 0.0912032 9.998E-05 0.0350215 0.132218 0.680999 0.0603585
9.9973E-05 0.05573 9.9973E-05 9.9973E-05 0.0866482 0.686426 0.170896
9.9964E-05 9.9964E-05 9.9964E-05 0.0704672 9.9964E-05 0.84242 0.0867126
9.9973E-05 0.080078 9.9973E-05 9.9973E-05 0.208383 0.593759 0.11748
9.9964E-05 9.9964E-05 9.9964E-05 0.0205431 9.9964E-05 0.275727 0.70333
9.9964E-05 9.9964E-05 9.9964E-05 9.9964E-05 0.0783723 0.319273 0.601954
0.0215479 9.9982E-05 0.00241737 9.9982E-05 0.0142539 0.606603 0.354978
9.9964E-05 9.9964E-05 9.9964E-05 9.9964E-05 0.134059 0.834741 0.0307993
0.0417588 9.9991E-05 0.0274046 0.062649 0.101163 0.737267 0.0296573
9.9982E-05 9.9982E-05 0.0107514 0.0799712 0.0844603 0.667507 0.15711
0.000412113 0.0409979 9.9982E-05 9.9982E-05 0.0138833 0.838185 0.106322
0.107402 9.997E-05 0.101135 0.107143 9.997E-05 0.68402 9.997E-05
0.120839 9.9964E-05 0.227906 9.9964E-05 9.9964E-05 0.650856 9.9964E-05
9.9964E-05 0.087176 9.9964E-05 9.9964E-05 9.9964E-05 0.721443 0.190981
9.99639E-05 0.0118592 9.99639E-05 9.99639E-05 9.99639E-05 0.343615 0.644126
0.0844951 9.9973E-05 9.9973E-05 9.9973E-05 0.0209111 0.455997 0.438297
9.9964E-05 9.9964E-05 9.9964E-05 0.029956 9.9964E-05 0.447812 0.521832
9.9973E-05 0.0656251 9.9973E-05 0.000597993 9.9973E-05 0.149016 0.784461
9.9964E-05 0.11212 9.9964E-05 9.9964E-05 9.9964E-05 0.784355 0.103125
9.9964E-05 9.9964E-05 9.9964E-05 9.9964E-05 0.0670939 0.365246 0.56726
9.9964E-05 9.9964E-05 9.9964E-05 9.9964E-05 0.148657 0.587205 0.263738
9.99729E-05 0.125189 9.99729E-05 9.99729E-05 0.0650166 0.445475 0.364019
0.0274339 9.9964E-05 9.9964E-05 9.9964E-05 9.9964E-05 0.577175 0.394992
0.593518 0.0403903 0.100027 9.9973E-05 9.9973E-05 9.9973E-05 0.265765
0.56268 9.9964E-05 0.373566 9.9964E-05 9.9964E-05 9.9964E-05 0.0633538
0.560235 0.160913 0.26162 9.9982E-05 0.00220275 9.9982E-05 0.014829
0.188914 0.0107854 0.642554 0.0151584 0.03335 9.9991E-05 0.109139
0.120875 9.9982E-05 0.697263 9.9982E-05 0.0750585 0.0280881 0.078516
0.220473 0.00172079 0.742153 9.9982E-05 0.016958 0.0184953 9.9982E-05
0.578984 9.9973E-05 0.322511 9.9973E-05 0.0399752 9.9973E-05 0.0582295
0.785992 9.9973E-05 0.151745 9.9973E-05 0.0417955 9.9973E-05 0.0201674
0.709891 0.0454453 9.99641E-05 9.99641E-05 9.99641E-05 9.99641E-05 0.244264
0.223212 0.0273496 0.645878 9.9973E-05 9.9973E-05 0.10326 9.9973E-05
9.99551E-05 9.99551E-05 0.937288 0.0622126 9.99551E-05 9.99551E-05 9.99551E-05
9.99551E-05 9.99551E-05 0.958375 9.99551E-05 9.99551E-05 9.99551E-05 0.0411256
9.9973E-05 0.0143886 0.925131 9.9973E-05 0.0471235 0.0130572 9.9973E-05
