0.399605 9.9991E-05 0.167083 0.433212
0.327059 9.9991E-05 0.553473 0.119368
0.442868 9.9991E-05 0.187547 0.369485
0.362935 0.0124852 0.126633 0.497947
0.689048 0.0575505 9.9991E-05 0.253301
0.435882 9.9982E-05 9.9982E-05 0.563918
9.9982E-05 0.474557 0.525243 9.9982E-05
0.111914 0.557543 0.319939 0.010604
9.9982E-05 0.659332 0.340468 9.9982E-05
9.9982E-05 0.642713 0.357087 9.9982E-05
9.9982E-05 0.531829 0.467971 9.9982E-05
9.9982E-05 0.533195 0.466605 9.9982E-05
9.9982E-05 0.799837 0.199963 9.9982E-05
9.9982E-05 0.804831 0.194969 9.9982E-05
9.9982E-05 0.568848 0.430952 9.9982E-05
9.9982E-05 0.530274 0.469526 9.9982E-05
0.264148 0.0158651 0.120839 0.599147
0.0508376 0.048728 0.413557 0.486878
9.9991E-05 0.0764956 0.159087 0.764318
0.159662 0.118206 9.9991E-05 0.722032
0.237639 0.0386546 0.199111 0.524595
9.9991E-05 0.0470353 0.204829 0.748036
0.128278 0.0426606 0.265929 0.563132
0.327163 0.0726543 0.0282112 0.571971
0.111556 0.0542953 0.00354129 0.830608
0.15993 9.9991E-05 0.0416214 0.798349
0.241927 0.141529 9.9991E-05 0.616444
0.355748 0.134978 9.9991E-05 0.509173
0.545987 9.9991E-05 0.26616 0.187753
0.34603 0.0715165 0.308844 0.27361
9.9982E-05 9.9982E-05 0.550427 0.449373
0.366701 0.0609271 0.235818 0.336554
0.308158 9.9991E-05 0.197357 0.494384
0.00553646 0.0270521 0.122673 0.844739
9.9982E-05 9.9982E-05 0.412839 0.586961
0.204818 0.036237 0.127958 0.630987
9.9991E-05 0.283574 0.218883 0.497442
0.110559 0.109759 0.104977 0.674705
9.9991E-05 0.0140887 0.269388 0.716423
0.0838993 0.030913 0.0736925 0.811495
0.349031 9.9991E-05 0.25486 0.396009
0.481028 0.0834364 0.0546665 0.380869
0.345928 0.173286 0.0691391 0.411647
0.512591 0.161734 0.0848532 0.240822
0.348427 9.9991E-05 0.0974224 0.554051
0.175153 9.9991E-05 0.114366 0.710381
9.9991E-05 0.0610409 0.386561 0.552298
0.0874433 9.9991E-05 0.621713 0.290743
0.0495988 9.9991E-05 0.742703 0.207598
0.30005 9.9991E-05 0.503355 0.196496
9.9991E-05 0.0177375 0.466991 0.515171
0.165465 0.0375758 0.285498 0.511462
9.9991E-05 0.0744393 0.24273 0.68273
0.0896455 9.9991E-05 0.180689 0.729566
0.0669735 9.9991E-05 0.22001 0.712917
0.151604 0.080912 9.9991E-05 0.767384
0.0836313 0.545969 0.252452 0.117947
9.9991E-05 0.757736 0.154861 0.0873036
0.0701986 0.922231 9.9991E-05 0.00747001
9.9991E-05 0.730916 0.203116 0.0658677
0.000379595 0.872384 0.127136 9.9991E-05
0.035076 0.757408 0.15006 0.0574557
9.9982E-05 0.215158 0.784642 9.9982E-05
9.9991E-05 0.475685 0.472651 0.0515645
9.9982E-05 0.643772 0.356028 9.9982E-05
9.9982E-05 0.766871 0.232929 9.9982E-05
9.9991E-05 0.609972 0.270286 0.119642
9.9991E-05 0.89351 0.0220767 0.0843134
9.9991E-05 0.530161 0.461588 0.00815099
9.9982E-05 0.748515 0.251285 9.9982E-05
0.0264412 0.455667 0.475304 0.0425879
0.0212402 0.759518 0.16432 0.0549217
0.0276441 0.518887 0.453369 9.9991E-05
0.0559288 0.828589 0.0643813 0.0511009
9.9982E-05 0.793454 9.9982E-05 0.206346
9.9991E-05 0.854804 0.0607087 0.0843877
9.9982E-05 0.847147 0.152653 9.9982E-05
0.0245334 0.975267 9.9982E-05 9.9982E-05
9.9982E-05 0.914167 0.0856332 9.9982E-05
9.9982E-05 0.564373 0.435427 9.9982E-05
0.0400696 0.818023 0.0870235 0.0548839
0.810345 0.0740757 9.9991E-05 0.115479
0.78961 0.00609234 0.204197 9.9991E-05
0.806163 0.0584054 0.135331 9.9991E-05
0.838461 0.161339 9.9982E-05 9.9982E-05
0.752302 0.0545974 0.170784 0.0223164
0.279963 9.9982E-05 0.719837 9.9982E-05
0.605616 0.0737594 0.265964 0.0546609
0.529283 0.0189721 0.298918 0.152827
0.761481 0.0434154 0.10101 0.0940934
0.737932 9.9982E-05 0.261868 9.9982E-05
0.72933 0.194379 9.9991E-05 0.0761912
0.542101 0.0669748 9.9991E-05 0.390825
0.602265 0.0653302 9.9991E-05 0.332304
0.576693 0.0705948 0.0359441 0.316768
0.398888 0.00362579 0.384791 0.212695
0.470825 0.00915941 0.127314 0.392702
0.691114 0.138367 9.9991E-05 0.170419
0.624709 0.0798285 9.9991E-05 0.295362
0.635363 0.022983 0.0758209 0.265833
0.681073 9.9991E-05 0.234722 0.0841048
0.87955 9.9991E-05 0.0875352 0.0328151
0.852087 9.9991E-05 0.0917503 0.0560629
0.831151 9.9982E-05 0.168649 9.9982E-05
0.781639 0.0735458 0.144715 9.9991E-05
0.806232 0.0282009 9.9991E-05 0.165467
0.702074 9.99904E-05 9.99904E-05 0.297726
0.935446 0.0643537 9.9982E-05 9.9982E-05
0.853226 0.0760988 9.9991E-05 0.0705757
0.90738 0.0320261 9.9991E-05 0.0604942
0.820243 0.0292032 9.9991E-05 0.150454
0.986277 0.0135226 9.9982E-05 9.9982E-05
0.662114 9.9991E-05 0.116656 0.22113
0.787917 0.022033 0.111073 0.0789767
0.773138 9.9991E-05 0.119006 0.107756
0.850151 0.0368517 0.0249795 0.0880182
0.921456 0.031451 0.0167893 0.0303041
0.943868 0.00288619 9.9991E-05 0.0531458
0.861972 0.0147809 0.0660438 0.0572032
0.72661 9.9982E-05 0.27319 9.9982E-05
0.764837 9.9982E-05 0.234963 9.9982E-05
0.859405 0.0329244 0.107571 9.9991E-05
0.97265 0.0271497 9.9982E-05 9.9982E-05
0.803919 0.115129 9.9991E-05 0.0808522
0.87977 0.0647116 9.9991E-05 0.0554188
0.925944 0.0657821 0.00817399 9.9991E-05
0.604898 0.310611 9.9991E-05 0.0843911
0.583612 0.416188 9.9982E-05 9.9982E-05
0.901068 9.9982E-05 0.0987318 9.9982E-05
0.756584 9.9982E-05 0.243216 9.9982E-05
0.748931 9.9982E-05 0.250869 9.9982E-05
0.846473 9.9982E-05 0.153327 9.9982E-05
0.675612 9.9982E-05 0.324188 9.9982E-05
0.950549 0.0492509 9.9982E-05 9.9982E-05
0.792184 9.9982E-05 0.207616 9.9982E-05
0.920589 0.0288507 0.0461636 0.00439722
0.683362 9.9991E-05 0.166434 0.150104
0.829764 9.9982E-05 0.170036 9.9982E-05
0.0311699 0.364897 0.603833 9.9991E-05
9.9982E-05 0.722076 0.277724 9.9982E-05
9.9982E-05 0.61205 0.38775 9.9982E-05
0.154979 0.732765 0.112156 9.9991E-05
0.131307 0.808034 0.0605591 9.9991E-05
0.0311941 0.95899 0.00971617 9.9991E-05
0.0159593 0.684104 0.299836 9.9991E-05
9.9982E-05 0.558057 0.441743 9.9982E-05
9.9982E-05 0.143742 0.856059 9.9982E-05
0.083248 0.818774 0.0978779 9.9991E-05
9.99821E-05 0.935106 9.99821E-05 0.0646936
9.9982E-05 0.946096 9.9982E-05 0.0537041
9.9982E-05 0.978087 9.9982E-05 0.0217133
