0.0963436 9.9982E-05 0.588172 0.315285 9.9982E-05
0.474698 9.9982E-05 0.233049 0.292053 9.9982E-05
0.112761 9.9991E-05 0.331495 0.429734 0.12591
0.0325603 0.0284228 0.39273 0.409827 0.13646
9.9982E-05 0.0490828 0.281305 0.669412 9.9982E-05
9.9982E-05 9.9982E-05 0.451423 0.4125 0.135877
0.63557 0.362093 9.9982E-05 9.9982E-05 0.00213746
0.29933 0.486608 0.0112036 0.124491 0.0783676
0.440858 0.558842 9.9973E-05 9.9973E-05 9.9973E-05
0.398589 0.56706 0.0341512 9.9982E-05 9.9982E-05
0.568746 0.430954 9.9973E-05 9.9973E-05 9.9973E-05
0.500892 0.439834 0.0590743 9.99819E-05 9.99819E-05
0.286374 0.700372 0.0130548 9.9982E-05 9.9982E-05
0.211467 0.743112 0.031846 9.9991E-05 0.0134748
0.44519 0.498951 9.9982E-05 9.9982E-05 0.0556586
0.593289 0.406411 9.9973E-05 9.9973E-05 9.9973E-05
9.9991E-05 0.0249482 0.361938 0.336912 0.276102
0.0165284 0.0296289 0.0236381 0.113742 0.816462
9.9991E-05 0.0568197 0.562845 0.00320705 0.377028
9.999E-05 0.113864 0.377551 0.22448 0.284005
9.999E-05 0.0327814 0.0728912 0.239778 0.654449
9.999E-05 0.0560781 0.290706 0.00664373 0.646472
0.265823 9.9982E-05 0.609857 0.12412 9.9982E-05
9.9982E-05 0.0251041 0.743408 0.231288 9.9982E-05
9.9982E-05 0.0364578 0.885668 0.0776746 9.9982E-05
9.9982E-05 9.9982E-05 0.621707 0.20228 0.175813
9.9991E-05 0.195833 0.347671 0.354692 0.101704
9.9982E-05 0.141407 0.40009 0.458302 9.9982E-05
0.0757034 0.0128862 9.9991E-05 0.555043 0.356267
0.0916685 0.0402273 0.0392817 0.378315 0.450507
0.326996 9.9991E-05 0.130091 0.109832 0.432981
0.0964067 0.0621529 0.130027 0.424182 0.287231
9.9982E-05 9.9982E-05 0.229932 0.387456 0.382412
0.022146 0.0046546 0.972999 9.9982E-05 9.9982E-05
0.299568 9.9973E-05 0.700132 9.9973E-05 9.9973E-05
9.9991E-05 0.0755237 0.442902 0.257041 0.224433
0.156906 0.245823 0.47235 9.9991E-05 0.124821
0.0171411 0.0980073 0.668058 0.139128 0.0776656
0.0814356 0.0211401 0.611806 0.0716736 0.213944
9.9991E-05 0.0552016 0.547786 0.145797 0.251116
0.158007 9.9991E-05 0.476911 0.326007 0.0389747
9.9991E-05 0.099551 0.300944 0.531891 0.0675141
9.9991E-05 0.134275 0.329376 0.329946 0.206303
0.0831393 0.0937174 0.370026 0.453017 9.9991E-05
9.9982E-05 9.9982E-05 0.483474 0.336345 0.179981
9.9982E-05 9.9982E-05 0.606035 0.176463 0.217301
9.9982E-05 0.0364447 0.0664881 9.9982E-05 0.896867
0.211991 9.9982E-05 9.9982E-05 0.0923271 0.695482
0.309525 9.9973E-05 9.9973E-05 9.9973E-05 0.690175
0.190576 9.9982E-05 9.9982E-05 0.282097 0.527127
0.0164346 0.00661847 9.9991E-05 0.0585233 0.918324
0.0889998 0.0367437 0.418594 0.174867 0.280795
9.9991E-05 0.0400692 0.245989 0.0645339 0.649308
9.9991E-05 0.00252706 0.517419 0.165575 0.314379
0.0193366 0.00917379 0.545051 0.152705 0.273733
9.9991E-05 0.0725056 0.513475 0.213251 0.200668
0.235724 0.470074 0.294002 9.9982E-05 9.9982E-05
0.155094 0.681892 0.162814 9.9982E-05 9.9982E-05
9.9982E-05 0.900271 0.00469091 0.094838 9.9982E-05
0.205517 0.671021 0.0257126 9.9991E-05 0.0976493
0.244726 0.74625 9.9982E-05 0.00882371 9.9982E-05
0.145114 0.686145 9.9991E-05 0.0200998 0.148541
0.884334 0.115366 9.99729E-05 9.99729E-05 9.99729E-05
0.547451 0.340345 0.112004 9.9982E-05 9.9982E-05
0.443729 0.555971 9.99729E-05 9.99729E-05 9.99729E-05
0.277678 0.707198 0.0149239 9.9982E-05 9.9982E-05
0.272511 0.562281 0.149097 9.9991E-05 0.0160113
0.0361013 0.808156 0.155543 9.99821E-05 9.99821E-05
0.495 0.393724 0.111076 9.9982E-05 9.9982E-05
0.311497 0.625624 0.0626795 9.9982E-05 9.9982E-05
0.578251 0.307171 0.114378 9.9982E-05 9.9982E-05
0.174402 0.655836 0.169561 9.9982E-05 9.9982E-05
0.58019 0.416655 0.00295521 9.9982E-05 9.9982E-05
0.0839373 0.752505 9.9991E-05 0.0187224 0.144736
9.9982E-05 0.779573 0.118691 9.9982E-05 0.101535
0.0920352 0.761716 9.9982E-05 9.9982E-05 0.146049
0.211225 0.742759 9.9982E-05 0.045816 9.9982E-05
9.9973E-05 0.97367 9.9973E-05 0.02603 9.9973E-05
0.188531 0.811169 9.9973E-05 9.9973E-05 9.9973E-05
0.476617 0.472101 9.9982E-05 9.9982E-05 0.051082
0.0993748 0.776609 9.9991E-05 0.00989087 0.114026
9.9991E-05 0.0874715 0.0532804 0.847388 0.0117603
0.254306 9.9982E-05 0.0870633 0.658431 9.9982E-05
0.238151 9.9982E-05 0.0342189 0.72743 9.9982E-05
9.9982E-05 0.111106 9.9982E-05 0.772497 0.116196
0.0477999 0.000744567 9.9991E-05 0.706027 0.245329
0.626848 9.9982E-05 9.9982E-05 0.258507 0.114445
0.264758 0.00879548 0.114902 0.579293 0.0322513
0.249921 9.9991E-05 0.171506 0.529139 0.0493339
9.9982E-05 0.0810924 9.9982E-05 0.776691 0.142017
0.236796 9.9973E-05 9.9973E-05 0.762904 9.9973E-05
9.9982E-05 0.176516 0.0829432 0.740341 9.9982E-05
9.9982E-05 0.109658 0.323752 0.566391 9.9982E-05
9.9991E-05 0.0690548 0.243509 0.651774 0.0355622
9.9991E-05 0.087477 0.225426 0.620397 0.0666003
0.150477 9.9982E-05 9.9982E-05 0.458941 0.390382
0.0341579 0.0431059 0.251118 0.540164 0.131454
9.9982E-05 0.144959 0.120523 0.734318 9.9982E-05
9.9982E-05 0.0968434 0.245432 0.657525 9.9982E-05
0.0411287 0.0173903 0.35974 0.581641 9.9991E-05
0.117984 9.9982E-05 9.9982E-05 0.70811 0.173706
9.9982E-05 9.9982E-05 0.0675308 0.827952 0.104318
0.0591642 9.9991E-05 0.0889115 0.823036 0.0287882
0.0812656 9.9982E-05 0.0692426 0.849292 9.9982E-05
0.0505754 0.0435205 9.9991E-05 0.788183 0.117621
9.9991E-05 0.0669357 0.0194975 0.840666 0.0728009
9.9991E-05 0.0149197 0.131351 0.692234 0.161395
9.9982E-05 0.0549291 9.9982E-05 0.893723 0.0511476
9.9982E-05 0.0903383 9.9982E-05 0.874737 0.0347245
9.9982E-05 0.0414031 0.0831832 0.875214 9.9982E-05
9.9982E-05 0.0223114 0.168405 0.809083 9.9982E-05
9.9973E-05 9.9973E-05 0.0621281 0.937572 9.9973E-05
0.00513813 9.9991E-05 0.167075 0.71621 0.111477
9.9982E-05 0.0451326 9.9982E-05 0.777663 0.177005
0.0974662 9.9991E-05 0.12724 0.757845 0.0173492
9.9991E-05 0.0378358 0.0324148 0.848663 0.0809863
9.9982E-05 0.0243102 9.9982E-05 0.904668 0.0708217
9.9982E-05 0.0317008 0.0477604 0.920339 9.9982E-05
0.0403055 0.0355472 9.9991E-05 0.903954 0.0200929
0.220585 9.9982E-05 0.124399 0.654816 9.9982E-05
0.194896 9.9982E-05 0.0444288 0.760475 9.9982E-05
0.114802 9.9982E-05 0.0359197 0.849078 9.9982E-05
9.9982E-05 0.0176706 0.0608923 0.921237 9.9982E-05
9.9982E-05 0.118875 0.0755377 0.805388 9.9982E-05
9.9982E-05 0.0716483 0.0845788 0.843573 9.9982E-05
9.9982E-05 0.051316 9.9982E-05 0.895789 0.0526952
9.9982E-05 0.242954 0.165973 0.590873 9.9982E-05
0.00598008 0.376026 9.9982E-05 0.617794 9.9982E-05
0.0606736 9.9982E-05 9.9982E-05 0.882881 0.0562453
0.238341 9.9973E-05 9.9973E-05 0.761359 9.9973E-05
0.174363 9.9982E-05 0.10994 0.715497 9.9982E-05
0.142836 9.9982E-05 0.0981008 0.758863 9.9982E-05
0.28527 9.9982E-05 0.0595147 0.655016 9.9982E-05
9.9982E-05 0.0308321 9.9982E-05 0.92044 0.0485277
0.116415 9.9982E-05 0.102865 0.78052 9.9982E-05
0.0179383 0.027985 0.0468754 0.907101 9.9991E-05
0.0845029 9.9991E-05 0.101947 0.755089 0.0583611
0.193435 9.9973E-05 9.9973E-05 0.806265 9.9973E-05
0.667784 0.269619 9.9982E-05 0.062397 9.9982E-05
0.356921 0.624971 9.9982E-05 0.0179077 9.9982E-05
0.429056 0.533255 9.9982E-05 9.9982E-05 0.0374898
0.187449 0.682917 9.9991E-05 0.124615 0.00491916
0.123846 0.742559 9.9982E-05 0.133394 9.9982E-05
0.0770827 0.879348 9.9982E-05 0.0433691 9.9982E-05
0.366861 0.592217 0.0407225 9.9982E-05 9.9982E-05
0.555696 0.444005 9.99729E-05 9.99729E-05 9.99729E-05
0.9996 9.997E-05 9.997E-05 9.997E-05 9.997E-05
0.124117 0.789841 9.9982E-05 0.0858419 9.9982E-05
9.99731E-05 0.950154 0.0495462 9.99731E-05 9.99731E-05
9.9982E-05 0.957375 0.0215382 9.9982E-05 0.0208865
9.9982E-05 0.936921 0.0138878 0.048991 9.9982E-05
