0.109325 0.597916 0.0399337 9.99549E-05 0.252326 9.99549E-05 9.99549E-05 9.99549E-05 9.99549E-05
0.35092 0.345269 0.0295515 0.0081373 0.113914 9.9973E-05 0.151908 9.9973E-05 9.9973E-05
0.138105 0.31107 9.9973E-05 9.9973E-05 0.318669 0.0482754 0.0347091 0.148872 9.9973E-05
9.9964E-05 0.0196276 0.162975 0.0170132 9.9964E-05 0.118917 9.9964E-05 0.681067 9.9964E-05
9.9955E-05 0.244019 9.9955E-05 9.9955E-05 0.644861 9.9955E-05 9.9955E-05 0.0941297 0.0164906
9.9964E-05 0.248956 0.059479 9.9964E-05 0.126546 0.110328 9.9964E-05 0.454291 9.9964E-05
0.0274266 9.9964E-05 0.0516929 0.6522 9.9964E-05 0.0145777 0.253703 9.9964E-05 9.9964E-05
9.9964E-05 9.9964E-05 0.0588422 0.674145 0.0946072 0.117573 0.0544327 9.9964E-05 9.9964E-05
0.0687463 9.9955E-05 9.9955E-05 0.876898 9.9955E-05 9.9955E-05 0.0124943 0.0413617 9.9955E-05
0.0349034 0.0780769 9.9955E-05 0.872832 9.9955E-05 0.0136874 9.9955E-05 9.9955E-05 9.9955E-05
0.0392127 9.9964E-05 0.0248709 0.753092 9.9964E-05 9.9964E-05 0.144538 0.0378871 9.9964E-05
9.99639E-05 0.0628798 9.99639E-05 0.373859 0.0356952 9.99639E-05 0.510645 9.99639E-05 0.0165204
9.9955E-05 9.9955E-05 9.9955E-05 0.696746 9.9955E-05 9.9955E-05 0.0784504 0.0368716 0.187433
9.9946E-05 9.9946E-05 9.9946E-05 0.805544 9.9946E-05 0.109325 9.9946E-05 9.9946E-05 0.0845319
0.13104 9.9946E-05 9.9946E-05 0.833364 9.9946E-05 9.9946E-05 0.0349959 9.9946E-05 9.9946E-05
0.0563581 9.99551E-05 0.0235406 0.723764 9.99551E-05 9.99551E-05 0.195838 9.99551E-05 9.99551E-05
9.9964E-05 0.0565193 0.0744369 9.9964E-05 0.299763 0.553872 0.0150086 9.9964E-05 9.9964E-05
0.354304 9.9946E-05 9.9946E-05 9.9946E-05 9.9946E-05 0.592041 0.0530548 9.9946E-05 9.9946E-05
0.0364123 0.308101 9.9964E-05 9.9964E-05 9.9964E-05 0.536242 9.9964E-05 0.111775 0.00707042
9.9955E-05 9.9955E-05 9.9955E-05 9.9955E-05 0.120205 0.630219 9.9955E-05 0.21139 0.0376865
0.245488 9.99549E-05 9.99549E-05 9.99549E-05 0.217381 0.519112 9.99549E-05 0.0175193 9.99549E-05
0.0871062 9.9946E-05 9.9946E-05 9.9946E-05 9.9946E-05 0.769475 9.9946E-05 0.142819 9.9946E-05
9.9955E-05 0.646573 0.0475818 9.9955E-05 0.148791 9.9955E-05 0.156555 9.9955E-05 9.9955E-05
9.9955E-05 0.692725 0.0776365 9.9955E-05 0.197588 9.9955E-05 9.9955E-05 9.9955E-05 0.031551
9.9955E-05 0.788025 9.9955E-05 9.9955E-05 0.137564 0.056499 9.9955E-05 9.9955E-05 0.0174124
9.99549E-05 0.169313 0.16332 9.99549E-05 9.99549E-05 0.360917 9.99549E-05 0.305949 9.99549E-05
9.9955E-05 0.049936 9.9955E-05 9.9955E-05 0.404739 0.490799 9.9955E-05 9.9955E-05 0.0540259
9.9973E-05 0.192769 9.9973E-05 0.0550765 0.453562 0.192371 9.9973E-05 0.0858158 0.0201052
0.2144 9.9973E-05 0.183168 0.0956867 0.328973 0.170662 9.9973E-05 0.00680938 9.9973E-05
0.363318 9.9964E-05 9.9964E-05 0.101172 0.285708 0.227468 9.9964E-05 0.0219338 9.9964E-05
0.241486 9.995E-05 9.995E-05 9.995E-05 9.995E-05 0.208507 0.310468 0.239039 9.995E-05
0.0255776 9.99639E-05 9.99639E-05 9.99639E-05 0.2991 0.258518 0.19131 0.225094 9.99639E-05
0.088221 9.9964E-05 9.9964E-05 9.9964E-05 0.127354 0.334527 0.0263723 0.423126 9.9964E-05
9.9955E-05 0.881255 9.9955E-05 0.0200942 9.9955E-05 0.0623887 9.9955E-05 0.0357623 9.9955E-05
0.0732524 0.742144 9.99459E-05 9.99459E-05 9.99459E-05 9.99459E-05 0.184004 9.99459E-05 9.99459E-05
9.9964E-05 0.196178 9.9964E-05 9.9964E-05 0.212428 0.41438 0.104035 0.07258 9.9964E-05
0.0874873 0.332599 9.9973E-05 9.9973E-05 9.9973E-05 0.0721006 0.184379 0.137255 0.185879
9.9964E-05 0.597485 9.9964E-05 9.9964E-05 0.113831 0.163394 0.0190802 9.9964E-05 0.10581
0.233925 0.552272 0.033069 9.9973E-05 9.9973E-05 0.0965103 9.9973E-05 0.00540018 0.078524
9.9973E-05 0.197686 0.0154033 0.00486885 0.0462575 0.488711 9.9973E-05 0.246773 9.9973E-05
0.0283728 0.113638 0.420389 9.99551E-05 9.99551E-05 9.99551E-05 9.99551E-05 0.4371 9.99551E-05
9.9964E-05 9.9964E-05 0.190127 9.9964E-05 0.107968 0.0851074 9.9964E-05 0.489812 0.126586
0.129155 0.0829833 9.9973E-05 9.9973E-05 0.00619148 0.0555456 9.9973E-05 0.611305 0.114519
9.9964E-05 0.0709279 0.528153 0.0138956 9.9964E-05 9.9964E-05 9.9964E-05 0.253716 0.132907
9.9964E-05 0.0740027 0.17834 0.00836836 9.9964E-05 0.164701 9.9964E-05 0.574188 9.9964E-05
0.0695534 0.198719 9.9955E-05 9.9955E-05 9.9955E-05 0.14368 9.9955E-05 0.587547 9.9955E-05
0.262642 9.9946E-05 9.9946E-05 9.9946E-05 9.9946E-05 0.673146 0.063612 9.9946E-05 9.9946E-05
0.508288 9.99549E-05 0.0166583 9.99549E-05 9.99549E-05 0.328509 0.146044 9.99549E-05 9.99549E-05
0.816745 9.9946E-05 9.9946E-05 9.9946E-05 9.9946E-05 0.164025 0.0186304 9.9946E-05 9.9946E-05
0.691824 0.0402514 0.1125 9.9964E-05 0.000732274 0.154292 9.9964E-05 9.9964E-05 9.9964E-05
0.506176 9.99549E-05 9.99549E-05 0.00629242 9.99549E-05 0.454326 9.99549E-05 9.99549E-05 0.0327055
9.9955E-05 0.0931954 0.355855 0.0917176 9.9955E-05 0.458733 9.9955E-05 9.9955E-05 9.9955E-05
0.148801 0.028401 0.0348736 9.9973E-05 0.0540868 0.721914 9.9973E-05 9.9973E-05 0.0116239
9.9946E-05 0.080898 0.355809 9.9946E-05 9.9946E-05 0.562693 9.9946E-05 9.9946E-05 9.9946E-05
9.99459E-05 0.116709 0.343001 9.99459E-05 9.99459E-05 0.53969 9.99459E-05 9.99459E-05 9.99459E-05
9.9955E-05 9.9955E-05 9.9955E-05 9.9955E-05 0.1233 0.583162 9.9955E-05 0.292746 0.000291595
9.9964E-05 0.28468 0.0515567 0.258216 9.9964E-05 9.9964E-05 0.174569 9.9964E-05 0.230579
9.9955E-05 0.164324 9.9955E-05 0.540502 0.0433961 9.9955E-05 9.9955E-05 9.9955E-05 0.251278
9.9955E-05 0.0604574 0.0245511 0.0516781 9.9955E-05 9.9955E-05 9.9955E-05 9.9955E-05 0.862814
9.9964E-05 9.9964E-05 0.103721 0.219776 9.9964E-05 0.0529259 0.168353 9.9964E-05 0.454824
9.9964E-05 9.9964E-05 0.00898564 0.15926 9.9964E-05 9.9964E-05 0.26488 0.00370768 0.562767
9.9955E-05 9.9955E-05 0.0518424 9.9955E-05 9.9955E-05 0.0791113 0.251445 9.9955E-05 0.617101
0.148225 0.00554997 9.9946E-05 9.9946E-05 9.9946E-05 9.9946E-05 0.845625 9.9946E-05 9.9946E-05
9.9964E-05 0.0215708 9.9964E-05 9.9964E-05 9.9964E-05 0.0837609 0.809595 0.00477531 0.0798978
9.99549E-05 9.99549E-05 9.99549E-05 0.58663 9.99549E-05 9.99549E-05 0.301156 0.0855853 0.0261292
9.9955E-05 0.0366069 9.9955E-05 0.770019 9.9955E-05 9.9955E-05 0.044997 9.9955E-05 0.147878
9.9973E-05 0.0872836 9.9973E-05 0.415356 9.9973E-05 0.0761426 0.196815 0.015418 0.208685
9.99461E-05 0.150191 9.99461E-05 0.397999 9.99461E-05 9.99461E-05 9.99461E-05 9.99461E-05 0.451211
9.9955E-05 0.125096 9.9955E-05 0.217873 9.9955E-05 9.9955E-05 0.506521 9.9955E-05 0.15001
9.9955E-05 0.0949534 9.9955E-05 0.290093 9.9955E-05 9.9955E-05 0.26748 9.9955E-05 0.346974
9.9964E-05 0.13749 9.9964E-05 0.261555 0.0094398 9.9964E-05 0.563164 9.9964E-05 0.0279508
9.9964E-05 0.208405 9.9964E-05 0.164654 0.00172867 9.9964E-05 0.172459 9.9964E-05 0.452354
9.9955E-05 9.9955E-05 9.9955E-05 0.132942 0.0373255 9.9955E-05 0.721663 9.9955E-05 0.107569
9.9955E-05 9.9955E-05 9.9955E-05 9.9955E-05 0.0224758 0.102656 0.236291 9.9955E-05 0.638077
9.9973E-05 0.0260027 9.9973E-05 0.195597 9.9973E-05 0.18651 0.0115406 0.00019024 0.57986
0.00993783 9.9955E-05 9.9955E-05 9.9955E-05 9.9955E-05 0.0826461 0.223373 9.9955E-05 0.683543
9.9946E-05 9.9946E-05 9.9946E-05 9.9946E-05 9.9946E-05 9.9946E-05 0.393194 0.0415447 0.564662
9.9937E-05 9.9937E-05 9.9937E-05 9.9937E-05 0.00933817 9.9937E-05 9.9937E-05 9.9937E-05 0.989962
9.9964E-05 0.0232992 0.0313363 0.329981 9.9964E-05 9.9964E-05 0.0337734 9.9964E-05 0.58121
0.00582677 9.9964E-05 9.9964E-05 0.188584 9.9964E-05 0.0404152 0.590375 9.9964E-05 0.174399
0.130952 9.9955E-05 9.9955E-05 9.9955E-05 9.9955E-05 9.9955E-05 0.0545124 0.0638923 0.750143
0.0150863 0.0257444 9.99731E-05 9.99731E-05 0.807686 0.0548773 9.99731E-05 0.0623543 0.0339519
9.9955E-05 9.9955E-05 0.871061 9.9955E-05 0.0147781 9.9955E-05 9.9955E-05 0.0364753 0.0771856
9.9946E-05 9.9946E-05 0.772312 9.9946E-05 0.152818 9.9946E-05 9.9946E-05 9.9946E-05 0.0742703
0.0683974 9.9955E-05 9.9955E-05 0.07626 0.744268 9.9955E-05 9.9955E-05 0.110575 9.9955E-05
0.32837 9.9955E-05 9.9955E-05 0.0500605 0.582959 9.9955E-05 9.9955E-05 0.0381109 9.9955E-05
0.998258 9.99371E-05 0.00104272 9.99371E-05 9.99371E-05 9.99371E-05 9.99371E-05 9.99371E-05 9.99371E-05
0.258911 9.9973E-05 0.138279 0.0475495 0.00672805 9.9973E-05 0.00723645 0.540996 9.9973E-05
0.248486 0.0343698 0.218105 0.052951 9.9964E-05 9.9964E-05 9.9964E-05 0.445688 9.9964E-05
0.0863476 9.9955E-05 9.9955E-05 9.9955E-05 0.362571 9.9955E-05 0.0201071 0.530475 9.9955E-05
0.305343 9.99549E-05 0.128796 9.99549E-05 0.368641 9.99549E-05 9.99549E-05 0.19672 9.99549E-05
9.99461E-05 9.99461E-05 9.99461E-05 9.99461E-05 0.24931 9.99461E-05 0.0349534 0.715137 9.99461E-05
9.9946E-05 9.9946E-05 9.9946E-05 9.9946E-05 0.0712323 9.9946E-05 9.9946E-05 0.918487 0.00968104
0.000726634 0.125425 9.99639E-05 0.0293617 0.365886 9.99639E-05 9.99639E-05 0.478201 9.99639E-05
0.075558 0.0314192 9.9982E-05 9.9982E-05 0.220729 0.0193322 0.0515098 0.596927 0.00432557
0.411153 9.99459E-05 9.99459E-05 9.99459E-05 9.99459E-05 9.99459E-05 0.0101018 0.578146 9.99459E-05
0.159097 0.0694447 9.99639E-05 0.00104456 0.0929471 9.99639E-05 9.99639E-05 0.677067 9.99639E-05
9.9946E-05 9.9946E-05 9.9946E-05 9.9946E-05 0.335926 9.9946E-05 9.9946E-05 0.626417 0.0370569
9.9964E-05 0.0825072 9.9964E-05 9.9964E-05 0.337527 9.9964E-05 0.0156419 0.558904 0.00502074
9.99639E-05 0.149267 0.166657 0.0184111 0.212846 9.99639E-05 9.99639E-05 0.45242 9.99639E-05
0.25143 9.9973E-05 0.263051 0.0251627 0.396144 0.0182576 9.9973E-05 0.0456541 9.9973E-05
0.0281748 9.9955E-05 0.353044 9.9955E-05 0.52337 9.9955E-05 9.9955E-05 0.0949108 9.9955E-05
0.0275354 0.0244767 0.504511 9.9964E-05 0.421606 0.0214717 9.9964E-05 9.9964E-05 9.9964E-05
9.9955E-05 9.9955E-05 0.546635 9.9955E-05 0.447973 0.000272268 9.9955E-05 0.00461996 9.9955E-05
0.291421 9.99369E-05 9.99369E-05 9.99369E-05 0.707879 9.99369E-05 9.99369E-05 9.99369E-05 9.99369E-05
9.9946E-05 0.0318308 9.9946E-05 9.9946E-05 0.879869 0.0877008 9.9946E-05 9.9946E-05 9.9946E-05
0.02342 0.125216 0.0814554 0.000780992 0.623368 0.14546 9.9973E-05 9.9973E-05 9.9973E-05
0.035182 9.9955E-05 9.9955E-05 0.021249 0.906834 0.0362351 9.9955E-05 9.9955E-05 9.9955E-05
0.0815278 0.0337647 9.9964E-05 0.0014482 0.850482 9.9964E-05 9.9964E-05 9.9964E-05 0.0323776
9.9946E-05 9.9946E-05 0.0717954 9.9946E-05 0.711654 9.9946E-05 9.9946E-05 0.21595 9.9946E-05
9.9955E-05 0.144622 0.000989934 9.9955E-05 0.805389 9.9955E-05 9.9955E-05 0.048499 9.9955E-05
9.9955E-05 0.0383177 0.0726817 9.9955E-05 0.883723 9.9955E-05 9.9955E-05 0.0047781 9.9955E-05
0.104226 0.0217613 0.242385 9.9973E-05 0.363872 0.0181864 9.9973E-05 0.249268 9.9973E-05
0.0116243 9.9973E-05 0.325873 9.9973E-05 0.451151 0.137079 9.9973E-05 0.0410603 0.0329126
0.123793 0.0780884 0.116938 9.996E-05 0.538821 9.996E-05 9.996E-05 0.141959 9.996E-05
0.124837 0.0492993 9.99641E-05 9.99641E-05 0.748897 0.0121578 9.99641E-05 0.0644096 9.99641E-05
0.131521 9.99551E-05 0.0798792 9.99551E-05 0.72562 9.99551E-05 9.99551E-05 0.0624797 9.99551E-05
9.9955E-05 0.0403732 0.109816 9.9955E-05 0.841602 0.00770989 9.9955E-05 9.9955E-05 9.9955E-05
0.170355 9.99549E-05 9.99549E-05 9.99549E-05 0.737124 9.99549E-05 0.00152858 0.0904928 9.99549E-05
9.9955E-05 0.118824 0.56925 9.9955E-05 0.265253 9.9955E-05 0.0461734 9.9955E-05 9.9955E-05
0.0589128 0.0146334 0.537415 9.9973E-05 0.361755 9.9973E-05 0.0258599 0.00112392 9.9973E-05
9.99551E-05 9.99551E-05 0.344219 9.99551E-05 0.566778 9.99551E-05 0.0524283 0.0360751 9.99551E-05
9.9946E-05 9.9946E-05 0.108588 9.9946E-05 0.735015 9.9946E-05 9.9946E-05 0.155798 9.9946E-05
9.9982E-05 0.00359499 0.0857305 0.0265624 0.676593 9.9982E-05 0.0519127 0.137142 0.0182642
9.9964E-05 0.12537 0.104758 9.9964E-05 0.697784 9.9964E-05 9.9964E-05 0.0448768 0.0268111
9.9964E-05 9.9964E-05 0.090764 9.9964E-05 0.780393 0.0196843 0.0613635 0.0473953 9.9964E-05
9.9955E-05 0.153235 9.9955E-05 0.139551 0.621826 9.9955E-05 9.9955E-05 9.9955E-05 0.084888
9.99459E-05 9.99459E-05 9.99459E-05 9.99459E-05 0.567619 9.99459E-05 0.142643 9.99459E-05 0.289138
0.0973627 9.9955E-05 0.0995913 9.9955E-05 0.755191 9.9955E-05 0.0473552 9.9955E-05 9.9955E-05
0.111466 9.99459E-05 0.614727 9.99459E-05 0.273208 9.99459E-05 9.99459E-05 9.99459E-05 9.99459E-05
0.0417245 0.0979866 0.331399 9.9964E-05 0.459018 9.9964E-05 0.0694723 9.9964E-05 9.9964E-05
0.0535289 0.0864513 0.488739 9.9955E-05 0.370781 9.9955E-05 9.9955E-05 9.9955E-05 9.9955E-05
0.0853308 0.0232768 0.800057 9.9955E-05 0.0908357 9.9955E-05 9.9955E-05 9.9955E-05 9.9955E-05
0.125796 9.9946E-05 0.0548056 9.9946E-05 0.818799 9.9946E-05 9.9946E-05 9.9946E-05 9.9946E-05
0.0104117 9.9964E-05 0.55891 0.010715 0.31879 9.9964E-05 9.9964E-05 0.100774 9.9964E-05
9.9955E-05 9.9955E-05 0.245347 0.0136557 0.597163 9.9955E-05 9.9955E-05 0.143334 9.9955E-05
0.102807 0.0208121 0.303558 9.9973E-05 0.439488 0.0387974 9.9973E-05 0.0942375 9.9973E-05
0.030334 9.9955E-05 0.361284 9.9955E-05 0.540567 9.9955E-05 0.0673156 9.9955E-05 9.9955E-05
9.9955E-05 9.9955E-05 0.0666554 9.9955E-05 0.0404621 9.9955E-05 0.797371 9.9955E-05 0.0950121
9.9955E-05 9.9955E-05 9.9955E-05 0.147188 9.9955E-05 9.9955E-05 0.427898 0.0174618 0.406953
0.0902846 9.9982E-05 0.00317742 0.22403 9.9982E-05 0.0278738 0.38759 0.0124616 0.254382
0.0961539 0.0367606 0.0796059 0.0746217 9.9982E-05 9.9982E-05 0.0312369 0.0425773 0.638844
0.0970053 9.9964E-05 9.9964E-05 0.101454 0.0933198 9.9964E-05 0.0606708 9.9964E-05 0.64715
9.9955E-05 9.9955E-05 9.9955E-05 0.110504 0.0310721 9.9955E-05 0.115775 9.9955E-05 0.742149
9.9964E-05 9.9964E-05 0.0346728 0.272905 0.0205224 9.9964E-05 0.373354 9.9964E-05 0.298146
9.9955E-05 9.9955E-05 9.9955E-05 0.211005 0.0185741 9.9955E-05 0.62362 9.9955E-05 0.146301
0.0942769 9.99462E-05 0.0113676 9.99462E-05 9.99462E-05 9.99462E-05 0.893756 9.99462E-05 9.99462E-05
0.0139629 9.9964E-05 9.9964E-05 0.167949 0.0638219 9.9964E-05 0.134009 9.9964E-05 0.619857
9.99551E-05 0.00334056 9.99551E-05 0.0531254 9.99551E-05 0.0491747 9.99551E-05 9.99551E-05 0.89386
9.9946E-05 0.0583066 9.9946E-05 9.9946E-05 9.9946E-05 0.00806065 9.9946E-05 9.9946E-05 0.933033
9.99551E-05 9.99551E-05 9.99551E-05 0.107042 0.0133138 9.99551E-05 9.99551E-05 0.0631493 0.815995
