0.0580539 0.0713939 9.99549E-05 9.99549E-05 9.99549E-05 0.0765291 0.491766 0.301757 9.99549E-05 9.99549E-05
0.0132944 0.26873 9.9964E-05 9.9964E-05 0.223864 0.211502 0.210596 0.0716126 9.9964E-05 9.9964E-05
0.226612 0.0813729 9.9973E-05 9.9973E-05 0.0496284 0.0403936 0.224631 0.248956 9.9973E-05 0.128106
0.533965 0.122827 9.9964E-05 0.0345165 9.9964E-05 0.0580993 0.157288 9.9964E-05 9.9964E-05 0.0929045
0.319058 9.9955E-05 9.9955E-05 9.9955E-05 0.00950192 9.9955E-05 0.175774 0.455749 9.9955E-05 0.0394163
0.48763 9.9946E-05 9.9946E-05 9.9946E-05 9.9946E-05 0.0799549 0.284473 9.9946E-05 9.9946E-05 0.147342
9.9946E-05 9.9946E-05 9.9946E-05 0.522303 0.397577 0.0633836 9.9946E-05 9.9946E-05 9.9946E-05 0.0161367
9.9964E-05 9.9964E-05 9.9964E-05 0.119792 0.392107 0.00932245 9.9964E-05 0.104377 0.250056 0.123946
0.0134997 0.0517695 0.00836428 0.543929 0.253507 9.9964E-05 9.9964E-05 9.9964E-05 0.128531 9.9964E-05
9.9946E-05 9.9946E-05 9.9946E-05 0.863706 0.0335339 0.0179038 9.9946E-05 9.9946E-05 9.9946E-05 0.0842565
9.99459E-05 9.99459E-05 9.99459E-05 0.355596 0.508531 0.010716 9.99459E-05 9.99459E-05 0.124558 9.99459E-05
0.00103015 9.99639E-05 0.0330253 0.278545 0.589355 9.99639E-05 0.05716 0.0404841 9.99639E-05 9.99639E-05
9.9937E-05 9.9937E-05 9.9937E-05 0.506932 0.226367 9.9937E-05 9.9937E-05 9.9937E-05 0.266001 9.9937E-05
9.9955E-05 9.9955E-05 9.9955E-05 0.217005 0.197302 0.000305443 9.9955E-05 9.9955E-05 0.569285 0.015603
9.9964E-05 0.00943514 9.9964E-05 0.336296 0.398167 0.00879816 9.9964E-05 9.9964E-05 0.225581 0.0213232
9.99281E-05 9.99281E-05 9.99281E-05 9.99281E-05 0.704417 9.99281E-05 9.99281E-05 9.99281E-05 0.294784 9.99281E-05
0.137185 9.9973E-05 9.9973E-05 9.9973E-05 0.0361428 0.0196519 0.245218 0.269279 0.0134705 0.278752
0.0307786 0.020965 9.9964E-05 9.9964E-05 0.100611 0.103033 9.9964E-05 0.00736715 9.9964E-05 0.736845
0.133475 9.9955E-05 9.9955E-05 9.9955E-05 9.9955E-05 0.00215166 0.478081 9.9955E-05 0.0308542 0.354938
0.337738 9.9955E-05 9.9955E-05 9.9955E-05 9.9955E-05 9.9955E-05 0.160878 0.0667345 0.0500148 0.384135
0.101372 0.0308696 9.99549E-05 0.00807245 9.99549E-05 9.99549E-05 9.99549E-05 0.241511 9.99549E-05 0.617675
0.151971 9.9937E-05 9.9937E-05 9.9937E-05 9.9937E-05 9.9937E-05 0.122587 9.9937E-05 9.9937E-05 0.724742
9.9937E-05 9.9937E-05 9.9937E-05 9.9937E-05 0.190994 9.9937E-05 0.574773 0.233534 9.9937E-05 9.9937E-05
9.9946E-05 9.9946E-05 0.0183742 9.9946E-05 9.9946E-05 0.131697 0.622027 0.227302 9.9946E-05 9.9946E-05
9.99371E-05 9.99371E-05 9.99371E-05 9.99371E-05 9.99371E-05 9.99371E-05 0.816405 0.155297 0.0275976 9.99371E-05
0.151817 9.9955E-05 9.9955E-05 9.9955E-05 9.9955E-05 0.124411 0.431306 0.0701001 9.9955E-05 0.221867
0.00322271 9.9955E-05 9.9955E-05 9.9955E-05 9.9955E-05 9.9955E-05 0.337455 0.381932 0.107449 0.169441
0.167668 9.9955E-05 9.9955E-05 0.0449119 9.9955E-05 9.9955E-05 0.392817 0.331838 0.0622661 9.9955E-05
9.9955E-05 0.072321 9.9955E-05 0.0762493 9.9955E-05 0.158549 9.9955E-05 0.455515 9.9955E-05 0.236866
9.9955E-05 0.291649 9.9955E-05 0.0725602 9.9955E-05 9.9955E-05 9.9955E-05 0.307826 0.0586721 0.268793
0.226438 0.162425 9.9946E-05 9.9946E-05 0.258435 9.9946E-05 9.9946E-05 9.9946E-05 9.9946E-05 0.352102
0.358191 9.99459E-05 9.99459E-05 9.99459E-05 0.098766 9.99459E-05 9.99459E-05 0.178614 9.99459E-05 0.363829
0.429955 9.9955E-05 9.9955E-05 9.9955E-05 0.0107498 0.0718017 9.9955E-05 0.0383022 9.9955E-05 0.448692
9.9937E-05 9.9937E-05 9.9937E-05 0.0407205 9.9937E-05 0.0410238 0.917556 9.9937E-05 9.9937E-05 9.9937E-05
9.99369E-05 0.127594 9.99369E-05 9.99369E-05 0.141393 9.99369E-05 0.730314 9.99369E-05 9.99369E-05 9.99369E-05
0.0396132 9.9964E-05 9.9964E-05 9.9964E-05 0.0599768 9.9964E-05 0.389085 0.293735 0.0162421 0.200948
0.0252796 0.183611 0.213321 9.9964E-05 0.0657131 9.9964E-05 0.413449 9.9964E-05 0.0982264 9.9964E-05
0.0497566 0.0111757 9.9973E-05 9.9973E-05 0.0296867 9.9973E-05 0.626227 0.13611 0.0910265 0.0557175
9.9955E-05 0.292226 9.9955E-05 9.9955E-05 9.9955E-05 9.9955E-05 0.572378 0.00431018 0.101561 0.0290259
0.107383 9.9955E-05 0.011737 9.9955E-05 9.9955E-05 9.9955E-05 0.484771 0.0905633 9.9955E-05 0.305046
0.180854 0.17938 9.9946E-05 9.9946E-05 9.9946E-05 0.394798 0.244368 9.9946E-05 9.9946E-05 9.9946E-05
0.337775 0.146061 0.0271082 9.9973E-05 9.9973E-05 0.086188 0.221529 0.119102 0.0619376 9.9973E-05
0.456523 0.191742 9.99549E-05 9.99549E-05 9.99549E-05 9.99549E-05 0.18255 9.99549E-05 0.12452 0.044166
0.235745 9.9964E-05 0.11015 0.0326235 9.9964E-05 0.504039 0.106394 9.9964E-05 0.0106485 9.9964E-05
0.371272 9.99551E-05 9.99551E-05 9.99551E-05 9.99551E-05 0.202848 0.212644 0.0082497 9.99551E-05 0.204487
0.323093 0.157653 9.9946E-05 9.9946E-05 9.9946E-05 9.9946E-05 0.353538 9.9946E-05 9.9946E-05 0.165116
9.9946E-05 0.0364479 0.00136216 9.9946E-05 0.116929 9.9946E-05 9.9946E-05 9.9946E-05 9.9946E-05 0.844661
9.99459E-05 0.267294 9.99459E-05 9.99459E-05 0.1314 0.151529 9.99459E-05 9.99459E-05 9.99459E-05 0.449177
9.9928E-05 0.660433 9.9928E-05 9.9928E-05 9.9928E-05 9.9928E-05 9.9928E-05 9.9928E-05 9.9928E-05 0.338767
9.99549E-05 0.632573 9.99549E-05 9.99549E-05 9.99549E-05 0.0592316 0.0748642 0.0444507 9.99549E-05 0.188381
9.99369E-05 0.291695 9.99369E-05 0.0681511 9.99369E-05 9.99369E-05 9.99369E-05 9.99369E-05 9.99369E-05 0.639454
9.9946E-05 9.9946E-05 9.9946E-05 0.0679136 9.9946E-05 0.357159 0.173997 9.9946E-05 9.9946E-05 0.40033
9.9955E-05 0.00417433 9.9955E-05 9.9955E-05 9.9955E-05 9.9955E-05 0.146024 0.121671 0.0436759 0.683956
9.9946E-05 9.9946E-05 9.9946E-05 9.9946E-05 9.9946E-05 0.294342 0.271837 9.9946E-05 0.0827979 0.350423
9.99369E-05 9.99369E-05 9.99369E-05 9.99369E-05 9.99369E-05 0.296129 0.330554 9.99369E-05 9.99369E-05 0.372618
0.235298 9.99549E-05 9.99549E-05 9.99549E-05 9.99549E-05 9.99549E-05 0.22952 0.094915 0.0534033 0.386364
9.9946E-05 9.9946E-05 0.178465 0.554321 9.9946E-05 0.0964597 0.170155 9.9946E-05 9.9946E-05 9.9946E-05
0.0219792 9.9955E-05 9.9955E-05 0.728144 9.9955E-05 9.9955E-05 0.0619151 0.0707455 0.116716 9.9955E-05
9.9937E-05 9.9937E-05 0.700012 9.9937E-05 9.9937E-05 9.9937E-05 0.0128398 9.9937E-05 0.286448 9.9937E-05
9.9955E-05 9.9955E-05 0.663147 0.0875649 0.041197 0.0818793 9.9955E-05 9.9955E-05 9.9955E-05 0.125712
9.9946E-05 9.9946E-05 0.708844 0.189234 0.0834267 0.0178957 9.9946E-05 9.9946E-05 9.9946E-05 9.9946E-05
9.9937E-05 9.9937E-05 0.773925 9.9937E-05 0.0583374 9.9937E-05 9.9937E-05 9.9937E-05 9.9937E-05 0.167038
9.99369E-05 0.148297 9.99369E-05 0.0416178 0.809385 9.99369E-05 9.99369E-05 9.99369E-05 9.99369E-05 9.99369E-05
0.0769338 9.99639E-05 0.0461597 9.99639E-05 0.738502 9.99639E-05 0.00405713 9.99639E-05 0.107755 0.0261927
0.066017 9.99369E-05 9.99369E-05 0.749532 0.183751 9.99369E-05 9.99369E-05 9.99369E-05 9.99369E-05 9.99369E-05
9.99201E-05 9.99201E-05 9.99201E-05 0.999101 9.99201E-05 9.99201E-05 9.99201E-05 9.99201E-05 9.99201E-05 9.99201E-05
0.0613584 9.9955E-05 9.9955E-05 0.784026 0.0188841 9.9955E-05 0.0794547 9.9955E-05 9.9955E-05 0.0557775
9.99461E-05 9.99461E-05 0.0689099 0.280104 9.99461E-05 9.99461E-05 0.108371 9.99461E-05 0.542016 9.99461E-05
9.9955E-05 9.9955E-05 0.134945 0.284174 0.42542 9.9955E-05 0.152189 9.9955E-05 0.00277245 9.9955E-05
9.9955E-05 9.9955E-05 0.240071 0.308485 0.224964 9.9955E-05 0.137289 9.9955E-05 0.088691 9.9955E-05
0.0857341 9.9964E-05 0.0449321 0.0979236 0.655996 9.9964E-05 0.103942 9.9964E-05 0.0110729 9.9964E-05
0.0108104 9.9973E-05 0.223143 0.514536 0.0247375 9.9973E-05 0.129162 0.022509 0.0748018 9.9973E-05
9.9955E-05 9.9955E-05 0.118131 0.173427 0.652913 9.9955E-05 0.0141705 0.0408585 9.9955E-05 9.9955E-05
9.9955E-05 9.9955E-05 0.536841 9.9955E-05 0.130917 9.9955E-05 9.9955E-05 0.0328877 0.24559 0.0532639
0.011517 9.9964E-05 0.111329 0.116891 0.0501621 9.9964E-05 9.9964E-05 9.9964E-05 0.636126 0.0735762
0.0260916 9.9964E-05 0.72056 0.160025 9.9964E-05 9.9964E-05 0.00580061 9.9964E-05 0.00354789 0.0835751
0.101976 9.9955E-05 0.602655 0.115689 0.113333 9.9955E-05 9.9955E-05 9.9955E-05 0.0658476 9.9955E-05
9.9928E-05 9.9928E-05 0.718959 9.9928E-05 9.9928E-05 9.9928E-05 9.9928E-05 9.9928E-05 0.280242 9.9928E-05
9.9955E-05 9.9955E-05 0.57589 0.219951 0.0594917 9.9955E-05 0.0116238 9.9955E-05 0.132544 9.9955E-05
9.9946E-05 9.9946E-05 0.260824 0.190255 0.487222 9.9946E-05 9.9946E-05 9.9946E-05 9.9946E-05 0.0610984
9.99551E-05 0.0858125 0.82304 0.0513701 9.99551E-05 9.99551E-05 0.0270194 9.99551E-05 9.99551E-05 0.0122578
0.0295324 9.99641E-05 9.99641E-05 9.99641E-05 9.99641E-05 0.0144288 0.0970616 0.789787 0.0532276 0.0155624
9.9937E-05 9.9937E-05 9.9937E-05 9.9937E-05 9.9937E-05 0.874 9.9937E-05 9.9937E-05 0.0937343 0.0315657
0.0503979 9.9937E-05 9.9937E-05 9.9937E-05 9.9937E-05 0.847463 9.9937E-05 9.9937E-05 0.10144 9.9937E-05
0.207043 0.110244 9.9955E-05 0.0147223 9.9955E-05 9.9955E-05 9.9955E-05 0.616239 0.0512517 9.9955E-05
9.99369E-05 0.271484 9.99369E-05 0.067496 9.99369E-05 9.99369E-05 9.99369E-05 0.66032 9.99369E-05 9.99369E-05
9.99201E-05 0.999101 9.99201E-05 9.99201E-05 9.99201E-05 9.99201E-05 9.99201E-05 9.99201E-05 9.99201E-05 9.99201E-05
0.502103 0.253615 0.00152419 9.99641E-05 0.111123 0.130101 0.00113287 9.99641E-05 9.99641E-05 9.99641E-05
0.444894 0.311419 9.9955E-05 0.064649 9.9955E-05 0.155493 0.023045 9.9955E-05 9.9955E-05 9.9955E-05
0.685297 0.109765 9.9955E-05 9.9955E-05 0.0281188 0.0284911 9.9955E-05 0.147828 9.9955E-05 9.9955E-05
0.332475 0.319328 9.99459E-05 9.99459E-05 9.99459E-05 0.172707 9.99459E-05 0.174889 9.99459E-05 9.99459E-05
0.932602 9.99461E-05 0.0530806 9.99461E-05 9.99461E-05 0.00873534 9.99461E-05 0.00498282 9.99461E-05 9.99461E-05
0.955654 9.99371E-05 9.99371E-05 9.99371E-05 9.99371E-05 9.99371E-05 0.0282353 9.99371E-05 0.015411 9.99371E-05
0.605034 0.00714955 9.99639E-05 0.0160896 9.99639E-05 9.99639E-05 0.0824871 0.226645 9.99639E-05 0.0621953
0.742155 0.135572 0.027897 9.9964E-05 9.9964E-05 0.0400732 0.0174149 0.0364886 9.9964E-05 9.9964E-05
0.480917 0.348834 9.99459E-05 0.0432465 9.99459E-05 9.99459E-05 9.99459E-05 9.99459E-05 9.99459E-05 0.126403
0.611034 0.162316 9.99639E-05 0.00298836 9.99639E-05 9.99639E-05 0.134029 0.038818 9.99639E-05 0.0504149
0.708996 9.9937E-05 9.9937E-05 0.0726876 9.9937E-05 9.9937E-05 9.9937E-05 0.217616 9.9937E-05 9.9937E-05
0.842238 0.0078561 9.9964E-05 9.9964E-05 0.00140822 9.9964E-05 0.0235815 0.0993995 0.0251164 9.9964E-05
0.572458 9.99549E-05 9.99549E-05 0.0476322 9.99549E-05 0.226216 0.112689 0.0405044 9.99549E-05 9.99549E-05
9.99549E-05 0.237698 9.99549E-05 0.0546945 9.99549E-05 0.162292 0.0652046 0.479611 9.99549E-05 9.99549E-05
0.0663897 9.9946E-05 9.9946E-05 9.9946E-05 9.9946E-05 0.328016 9.9946E-05 0.548334 9.9946E-05 0.0566608
9.9955E-05 0.0631292 9.9955E-05 9.9955E-05 9.9955E-05 0.379945 0.0516888 0.467084 9.9955E-05 0.0376522
0.0481973 0.0141902 9.9946E-05 9.9946E-05 9.9946E-05 0.53343 9.9946E-05 0.403583 9.9946E-05 9.9946E-05
0.0479416 0.206224 0.0120083 0.0354264 9.99549E-05 9.99549E-05 9.99549E-05 0.6979 9.99549E-05 9.99549E-05
9.9937E-05 9.9937E-05 9.9937E-05 9.9937E-05 9.9937E-05 9.9937E-05 0.0654575 0.871417 9.9937E-05 0.062426
9.9937E-05 9.9937E-05 9.9937E-05 9.9937E-05 9.9937E-05 9.9937E-05 0.131807 0.743918 9.9937E-05 0.123576
0.0253332 9.9946E-05 9.9946E-05 0.0523272 9.9946E-05 9.9946E-05 9.9946E-05 0.910746 0.0109939 9.9946E-05
0.136614 0.0681934 0.0235222 9.9946E-05 9.9946E-05 9.9946E-05 9.9946E-05 0.771071 9.9946E-05 9.9946E-05
0.369824 9.99369E-05 9.99369E-05 9.99369E-05 9.99369E-05 0.0822233 9.99369E-05 0.547254 9.99369E-05 9.99369E-05
0.188662 9.9955E-05 0.0120943 9.9955E-05 9.9955E-05 0.012451 0.0953218 0.690971 9.9955E-05 9.9955E-05
0.0661981 9.9946E-05 9.9946E-05 9.9946E-05 9.9946E-05 0.108596 0.033842 0.790765 9.9946E-05 9.9946E-05
0.165767 0.117312 9.99639E-05 9.99639E-05 9.99639E-05 0.164782 0.0909998 0.401051 9.99639E-05 0.059688
0.22665 9.9955E-05 0.00369655 9.9955E-05 9.9955E-05 0.314936 9.9955E-05 0.292151 9.9955E-05 0.162066
0.166225 0.114138 9.9964E-05 9.9964E-05 9.9964E-05 0.141117 0.0804755 0.480262 9.9964E-05 0.0173826
0.153567 0.0488213 9.99641E-05 9.99641E-05 9.99641E-05 0.0634083 0.0732168 0.654617 9.99641E-05 0.00596955
0.0418203 0.151576 9.99551E-05 0.00805259 9.99551E-05 0.0633799 9.99551E-05 0.734671 9.99551E-05 9.99551E-05
0.0318783 9.9955E-05 0.00372899 9.9955E-05 9.9955E-05 0.106158 0.0367485 0.820986 9.9955E-05 9.9955E-05
0.185602 0.148904 9.99459E-05 9.99459E-05 9.99459E-05 0.0341328 9.99459E-05 0.630761 9.99459E-05 9.99459E-05
9.9946E-05 9.9946E-05 9.9946E-05 9.9946E-05 0.0182906 0.66673 0.138319 0.17606 9.9946E-05 9.9946E-05
0.170544 0.0089951 9.9955E-05 9.9955E-05 9.9955E-05 0.69434 0.0165082 0.109113 9.9955E-05 9.9955E-05
0.172783 9.99461E-05 9.99461E-05 9.99461E-05 0.0189577 0.455332 9.99461E-05 0.352328 9.99461E-05 9.99461E-05
0.267385 9.9937E-05 9.9937E-05 9.9937E-05 9.9937E-05 0.13141 9.9937E-05 0.600506 9.9937E-05 9.9937E-05
0.315112 9.9964E-05 9.9964E-05 0.0364285 9.9964E-05 0.0671047 0.0294852 0.518607 0.0328628 9.9964E-05
0.194273 9.9955E-05 0.0601477 9.9955E-05 9.9955E-05 0.144971 0.0772187 0.52289 9.9955E-05 9.9955E-05
0.11701 9.9964E-05 9.9964E-05 0.0510138 0.00275481 0.0549183 9.9964E-05 0.769508 9.9964E-05 0.00439537
9.9946E-05 9.9946E-05 0.208036 0.0275406 9.9946E-05 9.9946E-05 0.173587 0.590236 9.9946E-05 9.9946E-05
0.10348 9.995E-05 0.227701 9.995E-05 0.0923518 9.995E-05 9.995E-05 0.522883 0.0530847 9.995E-05
0.0626786 0.0732116 9.9946E-05 9.9946E-05 9.9946E-05 0.192614 9.9946E-05 0.670896 9.9946E-05 9.9946E-05
9.99369E-05 0.0812977 9.99369E-05 9.99369E-05 9.99369E-05 0.636832 9.99369E-05 0.28117 9.99369E-05 9.99369E-05
0.1172 0.0214255 9.9973E-05 0.0194246 0.0291759 0.36182 0.0359578 0.414697 9.9973E-05 9.9973E-05
0.0305702 0.000140762 9.9955E-05 9.9955E-05 9.9955E-05 0.479632 0.107372 0.381785 9.9955E-05 9.9955E-05
9.9955E-05 0.0653841 9.9955E-05 9.9955E-05 9.9955E-05 0.736393 0.0140448 0.113518 9.9955E-05 0.0701601
9.9928E-05 0.111925 9.9928E-05 9.9928E-05 9.9928E-05 9.9928E-05 9.9928E-05 0.887275 9.9928E-05 9.9928E-05
0.0341029 0.0398267 9.9964E-05 0.0337282 9.9964E-05 0.496708 0.0772217 0.318012 9.9964E-05 9.9964E-05
0.145211 9.9937E-05 9.9937E-05 9.9937E-05 9.9937E-05 0.273835 9.9937E-05 0.580255 9.9937E-05 9.9937E-05
0.134232 0.0529679 9.99549E-05 9.99549E-05 9.99549E-05 0.349829 9.99549E-05 0.385229 9.99549E-05 0.0772416
9.9946E-05 0.0233468 9.9946E-05 9.9946E-05 0.073978 0.268199 9.9946E-05 0.633877 9.9946E-05 9.9946E-05
9.9937E-05 9.9937E-05 0.21215 9.9937E-05 0.70655 0.0806002 9.9937E-05 9.9937E-05 9.9937E-05 9.9937E-05
9.9946E-05 9.9946E-05 0.564788 0.184221 0.22798 0.0224117 9.9946E-05 9.9946E-05 9.9946E-05 9.9946E-05
9.99549E-05 0.111666 0.418985 0.255915 0.203763 9.99549E-05 9.99549E-05 9.99549E-05 9.99549E-05 0.00917157
9.9946E-05 0.084141 0.752945 0.1025 9.9946E-05 0.0598138 9.9946E-05 9.9946E-05 9.9946E-05 9.9946E-05
0.0595645 0.0436739 0.83789 9.9955E-05 9.9955E-05 9.9955E-05 9.9955E-05 0.0213943 0.0369775 9.9955E-05
9.9937E-05 9.9937E-05 0.965103 0.00194133 9.9937E-05 9.9937E-05 9.9937E-05 9.9937E-05 0.0322557 9.9937E-05
9.99459E-05 9.99459E-05 0.24075 9.99459E-05 0.470282 0.0292863 9.99459E-05 9.99459E-05 0.259082 9.99459E-05
9.9946E-05 9.9946E-05 0.175519 0.0715488 0.66676 9.9946E-05 9.9946E-05 9.9946E-05 0.0855724 9.9946E-05
9.99282E-05 0.131771 9.99282E-05 9.99282E-05 0.867429 9.99282E-05 9.99282E-05 9.99282E-05 9.99282E-05 9.99282E-05
9.99459E-05 9.99459E-05 0.48806 9.99459E-05 0.153464 9.99459E-05 9.99459E-05 0.0403198 0.317557 9.99459E-05
9.99201E-05 9.99201E-05 9.99201E-05 9.99201E-05 9.99201E-05 9.99201E-05 9.99201E-05 9.99201E-05 0.999101 9.99201E-05
9.9928E-05 9.9928E-05 0.553691 9.9928E-05 9.9928E-05 9.9928E-05 9.9928E-05 9.9928E-05 0.44551 9.9928E-05
9.9928E-05 9.9928E-05 0.196743 9.9928E-05 9.9928E-05 9.9928E-05 9.9928E-05 9.9928E-05 0.802457 9.9928E-05
