0.25859 0.206675 0.349662 9.998E-05 0.176616 9.998E-05 0.00825685
0.274691 0.370671 0.0390463 9.9991E-05 0.0135921 0.0173352 0.284564
0.343902 0.140326 0.218574 9.9982E-05 0.229933 9.9982E-05 0.0670658
0.725158 0.113197 0.115846 0.0306167 0.0149826 9.9982E-05 9.9982E-05
0.210277 9.9973E-05 0.147935 0.00876287 0.632725 9.9973E-05 9.9973E-05
0.641238 0.0344107 0.222091 0.0112821 0.0907778 9.9982E-05 9.9982E-05
9.9964E-05 9.9964E-05 9.9964E-05 0.0442382 9.9964E-05 0.0554391 0.899923
9.999E-05 0.0350605 0.040609 0.221685 0.122844 0.084758 0.494943
0.00510213 0.0369952 9.9973E-05 0.303714 9.9973E-05 9.9973E-05 0.653888
9.9964E-05 9.9964E-05 9.9964E-05 0.279804 9.9964E-05 0.00789403 0.711902
9.9964E-05 0.0396602 9.9964E-05 0.163046 9.9964E-05 9.9964E-05 0.796894
9.997E-05 9.997E-05 0.0447053 0.0821613 0.05387 9.997E-05 0.818964
9.9973E-05 9.9973E-05 0.00453111 0.423572 0.0125733 9.9973E-05 0.559023
9.99641E-05 0.0144044 9.99641E-05 0.535626 9.99641E-05 9.99641E-05 0.44957
0.00310017 0.00403655 9.9982E-05 0.249359 9.9982E-05 0.0697444 0.67356
9.99641E-05 0.0250854 9.99641E-05 0.189855 9.99641E-05 9.99641E-05 0.78466
9.9964E-05 9.9964E-05 0.45175 9.9964E-05 0.351666 0.196184 9.9964E-05
0.0855345 0.0191667 0.0931383 0.0616981 0.0705833 0.669779 9.9991E-05
0.0614556 0.0125669 0.600407 0.060993 0.0241363 0.240341 9.9991E-05
0.17559 9.9982E-05 0.40402 0.0821899 0.185333 0.152667 9.9982E-05
0.10635 9.9982E-05 0.10401 0.0295157 0.249117 0.510808 9.9982E-05
0.159094 9.99729E-05 0.32309 0.0325674 9.99729E-05 0.484949 9.99729E-05
0.0138715 0.172327 0.510883 9.9982E-05 0.106938 9.9982E-05 0.19578
9.9964E-05 0.0814199 0.654529 9.9964E-05 0.263651 9.9964E-05 9.9964E-05
9.99551E-05 9.99551E-05 0.800974 9.99551E-05 0.198526 9.99551E-05 9.99551E-05
0.390245 0.109096 0.466669 9.9973E-05 0.0336898 9.9973E-05 9.9973E-05
9.9973E-05 9.9973E-05 0.504067 0.100739 0.38149 0.0134038 9.9973E-05
0.106875 9.9973E-05 0.447002 0.081029 0.364794 9.9973E-05 9.9973E-05
0.0474217 0.247524 0.0215746 0.0383571 0.335245 0.299999 0.0098793
0.165679 0.173112 9.9982E-05 0.0903948 0.194576 0.376039 9.9982E-05
0.512875 9.9964E-05 9.9964E-05 9.9964E-05 9.9964E-05 0.30742 0.179305
0.436546 9.9982E-05 0.0385997 9.9982E-05 0.247703 0.172102 0.10485
0.561465 9.9973E-05 0.110634 9.9973E-05 0.136622 0.190979 9.9973E-05
0.0798507 0.0740285 0.845721 9.9964E-05 9.9964E-05 9.9964E-05 9.9964E-05
9.9964E-05 0.143905 0.658627 9.9964E-05 9.9964E-05 9.9964E-05 0.197068
0.0729084 9.9973E-05 0.480175 9.9973E-05 0.261231 0.185386 9.9973E-05
0.227515 9.9982E-05 0.401511 0.194503 9.9982E-05 0.00983035 0.16644
0.0192175 9.9991E-05 0.686802 0.0952061 0.132449 0.0352997 0.0309257
0.191844 0.11459 0.541556 0.0229282 9.9982E-05 0.128881 9.9982E-05
0.120982 9.9982E-05 0.609703 0.0320261 0.090917 0.146172 9.9982E-05
0.394633 0.530644 0.0743237 9.9964E-05 9.9964E-05 9.9964E-05 9.9964E-05
0.448789 0.166725 0.163363 0.0840671 0.136855 9.9982E-05 9.9982E-05
0.658582 9.9982E-05 0.0955298 0.10164 0.0846633 0.0593851 9.9982E-05
0.104524 0.493986 0.197458 0.160502 0.0433307 9.9982E-05 9.9982E-05
0.599119 0.12599 0.268166 9.9973E-05 9.9973E-05 0.00642539 9.9973E-05
0.7038 9.9964E-05 0.249511 9.9964E-05 9.9964E-05 0.0462885 9.9964E-05
9.9964E-05 9.9964E-05 0.212237 0.0510733 9.9964E-05 0.73629 9.9964E-05
9.9964E-05 0.197272 9.9964E-05 9.9964E-05 9.9964E-05 0.722393 0.0799354
9.9955E-05 0.162678 9.9955E-05 9.9955E-05 9.9955E-05 0.836822 9.9955E-05
9.9955E-05 0.416468 9.9955E-05 9.9955E-05 9.9955E-05 0.583032 9.9955E-05
0.085004 9.9982E-05 0.115792 0.0163721 0.0129884 0.769643 9.9982E-05
9.9973E-05 0.328333 0.430645 0.0656857 9.9973E-05 0.175037 9.9973E-05
9.9973E-05 9.9973E-05 0.379463 0.0326325 0.10873 0.478875 9.9973E-05
9.9973E-05 0.261426 0.564961 0.0240248 9.9973E-05 0.149289 9.9973E-05
9.99729E-05 0.270722 0.557764 0.0224004 9.99729E-05 0.148814 9.99729E-05
0.228076 9.9982E-05 0.513102 0.0838726 0.156296 0.0184545 9.9982E-05
9.997E-05 0.110372 0.246174 0.247664 9.997E-05 9.997E-05 0.39549
9.9982E-05 0.0625655 0.0969625 0.521115 0.00730753 9.9982E-05 0.31185
9.9964E-05 0.109126 9.9964E-05 0.875839 9.9964E-05 9.9964E-05 0.0146357
9.9973E-05 0.150733 9.9973E-05 0.516281 9.9973E-05 0.031908 0.300778
9.9955E-05 9.9955E-05 9.9955E-05 0.548836 9.9955E-05 9.9955E-05 0.450664
0.0316185 0.034056 9.9982E-05 0.590932 9.9982E-05 0.142805 0.200389
9.9964E-05 0.0313083 9.9964E-05 9.9964E-05 9.9964E-05 0.105826 0.862466
0.079734 9.9982E-05 0.0732304 0.0317362 0.0292453 9.9982E-05 0.785854
0.0233709 9.9973E-05 9.9973E-05 0.222061 0.0322783 9.9973E-05 0.72199
9.9955E-05 9.9955E-05 9.9955E-05 0.409992 9.9955E-05 9.9955E-05 0.589508
9.9964E-05 9.9964E-05 0.166862 0.327096 9.9964E-05 9.9964E-05 0.505642
9.99641E-05 9.99641E-05 0.112518 0.713933 9.99641E-05 9.99641E-05 0.173149
9.9973E-05 0.0331061 0.102325 0.225243 9.9973E-05 9.9973E-05 0.639026
9.9964E-05 9.9964E-05 0.0882312 0.440772 9.9964E-05 9.9964E-05 0.470597
9.9973E-05 9.9973E-05 0.203165 0.0480821 0.00758317 9.9973E-05 0.74087
9.998E-05 9.998E-05 0.0654954 0.467978 0.0444345 9.998E-05 0.421792
9.9973E-05 9.9973E-05 0.00620279 0.0919411 0.069959 9.9973E-05 0.831597
9.9973E-05 9.9973E-05 9.9973E-05 0.658132 0.0551664 0.0754039 0.210998
9.9973E-05 9.9973E-05 0.13494 0.709226 9.9973E-05 0.0658709 0.089664
0.0124965 9.9973E-05 9.9973E-05 0.702521 9.9973E-05 0.123891 0.160792
0.122022 9.9964E-05 9.9964E-05 0.547253 9.9964E-05 9.9964E-05 0.330326
0.0523145 9.9955E-05 9.9955E-05 0.947186 9.9955E-05 9.9955E-05 9.9955E-05
9.9964E-05 0.0056793 9.9964E-05 0.676046 9.9964E-05 9.9964E-05 0.317875
9.9973E-05 9.9973E-05 0.00401367 0.182356 9.9973E-05 0.101294 0.712036
0.0561445 9.9973E-05 9.9973E-05 0.68325 9.9973E-05 0.194854 0.0654519
9.99731E-05 9.99731E-05 0.0960363 0.000935813 0.853929 0.0487985 9.99731E-05
9.9964E-05 0.762456 9.9964E-05 0.107087 0.130058 9.9964E-05 9.9964E-05
9.9964E-05 0.626076 9.9964E-05 0.0918532 0.281671 9.9964E-05 9.9964E-05
0.0781553 9.9973E-05 9.9973E-05 0.0226987 0.788889 0.109958 9.9973E-05
0.0223887 0.101091 9.9973E-05 9.9973E-05 0.593628 0.282593 9.9973E-05
9.996E-05 0.491302 9.996E-05 9.996E-05 9.996E-05 0.440214 0.0680847
0.548694 0.265086 9.9973E-05 9.9973E-05 0.0587564 9.9973E-05 0.127163
0.563381 0.342567 9.99642E-05 9.99642E-05 9.99642E-05 9.99642E-05 0.0936528
0.534805 9.9964E-05 9.9964E-05 9.9964E-05 0.440186 0.024609 9.9964E-05
0.158384 0.389964 9.9973E-05 9.9973E-05 0.373742 0.0776105 9.9973E-05
0.549743 9.9964E-05 9.9964E-05 0.0944998 0.355357 9.9964E-05 9.9964E-05
0.756305 9.9964E-05 0.0341714 9.9964E-05 0.209124 9.9964E-05 9.9964E-05
0.508785 9.99639E-05 0.0847269 9.99639E-05 0.406088 9.99639E-05 9.99639E-05
0.632128 9.9982E-05 0.0235584 0.0344007 0.294521 9.9982E-05 0.0151922
0.70502 9.99639E-05 9.99639E-05 9.99639E-05 9.99639E-05 0.255025 0.0395559
0.716845 0.00756337 0.0401922 9.9991E-05 0.155373 0.0381385 0.0417885
0.532293 9.9973E-05 0.00386163 0.0469952 0.416551 9.9973E-05 9.9973E-05
0.536169 9.9973E-05 0.0442972 0.039715 0.379519 9.9973E-05 9.9973E-05
0.441996 0.168791 0.0834413 9.9973E-05 0.305472 9.9973E-05 9.9973E-05
0.0207263 0.386091 9.9973E-05 9.9973E-05 0.3789 0.213982 9.9973E-05
0.123857 0.329644 9.9973E-05 9.9973E-05 0.522599 0.0236 9.9973E-05
9.997E-05 0.48849 0.000892968 9.997E-05 0.452991 0.0573265 9.997E-05
9.9964E-05 0.54875 9.9964E-05 9.9964E-05 0.42931 0.0215407 9.9964E-05
9.9964E-05 9.9964E-05 9.9964E-05 9.9964E-05 0.778653 0.171455 0.0494912
9.9964E-05 9.9964E-05 0.0722077 9.9964E-05 0.890054 0.0373381 9.9964E-05
9.9964E-05 9.9964E-05 0.150755 9.9964E-05 0.735243 0.113602 9.9964E-05
9.9955E-05 9.9955E-05 9.9955E-05 9.9955E-05 0.890393 0.109107 9.9955E-05
0.0324018 9.9973E-05 0.0040286 9.9973E-05 0.882082 0.0811873 9.9973E-05
0.154323 0.00528176 9.9964E-05 9.9964E-05 0.839995 9.9964E-05 9.9964E-05
0.079801 0.0203521 0.0875058 9.9973E-05 0.812041 9.9973E-05 9.9973E-05
9.996E-05 0.0849711 0.0199338 9.996E-05 0.894695 9.996E-05 9.996E-05
0.322515 0.279816 9.997E-05 9.997E-05 0.316096 0.0812731 9.997E-05
0.00963753 0.253365 9.9982E-05 0.0658947 0.545064 0.125839 9.9982E-05
0.216943 0.202057 0.0201816 9.9982E-05 0.542453 0.0181651 9.9982E-05
0.1442 0.0806188 9.99731E-05 9.99731E-05 0.704229 0.0706519 9.99731E-05
0.0650951 0.160845 9.99731E-05 9.99731E-05 0.694756 0.0790047 9.99731E-05
9.9964E-05 0.149527 0.0524492 9.9964E-05 0.797624 9.9964E-05 9.9964E-05
0.114816 0.148964 9.9973E-05 9.9973E-05 0.703365 0.0325556 9.9973E-05
9.9964E-05 0.666391 0.0799635 9.9964E-05 0.253246 9.9964E-05 9.9964E-05
0.0694225 0.593708 0.0158521 9.9973E-05 0.320717 9.9973E-05 9.9973E-05
9.9964E-05 0.35523 9.9964E-05 9.9964E-05 0.621858 9.9964E-05 0.0225122
0.145122 9.9955E-05 9.9955E-05 9.9955E-05 0.854378 9.9955E-05 9.9955E-05
0.0960626 0.0404109 0.0521121 0.0246768 0.722525 9.9991E-05 0.0641128
0.0793212 0.0979422 0.0578974 0.00983406 0.748739 9.9991E-05 0.00616636
9.997E-05 0.0647774 9.997E-05 9.997E-05 0.868982 0.0322985 0.0336419
9.9973E-05 9.9973E-05 0.173224 0.10942 0.650142 9.9973E-05 0.0669139
9.9964E-05 9.9964E-05 9.9964E-05 0.220852 0.633475 9.9964E-05 0.145272
9.9964E-05 0.133215 9.9964E-05 9.9964E-05 0.728291 0.138094 9.9964E-05
0.00752519 0.620599 9.9973E-05 9.9973E-05 0.339435 0.0321407 9.9973E-05
0.0385893 0.419861 0.000498394 9.9982E-05 0.493907 9.9982E-05 0.0469434
0.020328 0.566908 0.0301809 0.0232061 0.359177 9.9982E-05 9.9982E-05
9.9973E-05 0.848665 0.0254928 9.9973E-05 0.0892285 0.036314 9.9973E-05
9.9964E-05 0.122252 9.9964E-05 9.9964E-05 0.801617 0.0757307 9.9964E-05
0.059605 0.624095 9.9964E-05 9.9964E-05 0.3159 9.9964E-05 9.9964E-05
0.104916 0.2755 9.99639E-05 9.99639E-05 0.619184 9.99639E-05 9.99639E-05
0.171028 0.347092 9.9973E-05 9.9973E-05 0.420574 0.0610063 9.9973E-05
9.9973E-05 0.375518 9.9973E-05 9.9973E-05 0.588529 0.00111743 0.0345354
9.9964E-05 0.159579 9.9964E-05 0.0794205 9.9964E-05 9.9964E-05 0.760601
9.9982E-05 0.0158731 9.9982E-05 0.411562 0.00760023 0.0115336 0.553232
9.9973E-05 9.9973E-05 0.0237403 0.27996 9.9973E-05 0.102094 0.593905
9.99729E-05 0.0938213 9.99729E-05 0.631657 9.99729E-05 0.0343858 0.239836
0.0230758 0.0463399 9.9991E-05 0.715325 0.0676155 0.0284563 0.119087
9.9964E-05 9.9964E-05 9.9964E-05 0.751553 0.0197869 9.9964E-05 0.22826
0.0264737 0.0210986 9.997E-05 0.387877 9.997E-05 9.997E-05 0.564251
9.9964E-05 9.9964E-05 9.9964E-05 0.169829 0.0277322 9.9964E-05 0.802039
9.99552E-05 0.201479 9.99552E-05 9.99552E-05 9.99552E-05 9.99552E-05 0.798021
9.9964E-05 9.9964E-05 9.9964E-05 0.647229 0.115312 9.9964E-05 0.23706
9.99551E-05 9.99551E-05 0.0653606 0.93414 9.99551E-05 9.99551E-05 9.99551E-05
9.9955E-05 9.9955E-05 0.0257578 0.973742 9.9955E-05 9.9955E-05 9.9955E-05
0.090991 9.996E-05 9.996E-05 0.908203 0.000406491 9.996E-05 9.996E-05
