0.335322 0.1695 0.190736 9.99729E-05 0.0368924 0.267248 9.99729E-05 9.99729E-05
0.054531 9.9982E-05 0.47327 0.0699312 0.131912 0.0414963 9.9982E-05 0.22866
0.117009 0.172332 0.122664 0.0739171 0.328547 0.18533 9.9982E-05 9.9982E-05
0.431266 0.0466108 0.0743466 0.0366518 0.367099 9.9982E-05 9.9982E-05 0.0438261
0.00357765 0.554436 9.9964E-05 9.9964E-05 0.243056 0.19853 9.9964E-05 9.9964E-05
0.391574 0.088126 0.0179297 0.0267487 0.321053 0.154369 9.9982E-05 9.9982E-05
0.0773455 9.9955E-05 9.9955E-05 0.0643349 9.9955E-05 9.9955E-05 9.9955E-05 0.85782
9.9973E-05 0.193313 9.9973E-05 0.0771896 9.9973E-05 0.075439 0.0466772 0.607081
9.9964E-05 9.9964E-05 0.0641869 9.9964E-05 0.00846886 9.9964E-05 0.226715 0.700229
0.117821 9.9955E-05 9.9955E-05 9.9955E-05 9.9955E-05 9.9955E-05 0.0965074 0.785172
0.0862811 9.9955E-05 0.000845808 9.9955E-05 9.9955E-05 9.9955E-05 9.9955E-05 0.912373
9.9964E-05 0.0382869 9.9964E-05 9.9964E-05 0.0378138 0.0891031 9.9964E-05 0.834396
0.0185875 9.99551E-05 9.99551E-05 9.99551E-05 9.99551E-05 9.99551E-05 0.347891 0.633022
0.0395785 9.99551E-05 9.99551E-05 9.99551E-05 9.99551E-05 9.99551E-05 0.341741 0.618181
0.0266717 0.00345373 9.9973E-05 0.0762084 9.9973E-05 9.9973E-05 0.12364 0.769727
9.99731E-05 0.0302322 0.0250477 0.00210436 9.99731E-05 9.99731E-05 0.00899835 0.933317
9.99639E-05 0.380881 9.99639E-05 0.20436 0.0283794 0.38598 9.99639E-05 9.99639E-05
0.159108 0.0595462 0.00576638 0.689516 0.0487847 9.9991E-05 0.014705 0.0224734
9.9955E-05 9.9955E-05 9.9955E-05 0.237843 0.215355 0.546302 9.9955E-05 9.9955E-05
0.29173 0.140309 9.9982E-05 0.171354 0.0866656 0.237283 0.072458 9.9982E-05
0.262188 0.245537 9.99639E-05 0.480572 9.99639E-05 0.0113026 9.99639E-05 9.99639E-05
0.401864 9.99639E-05 9.99639E-05 0.455645 9.99639E-05 0.138593 0.00349829 9.99639E-05
9.9982E-05 0.135637 0.194985 0.0375973 0.0125947 0.550926 9.9982E-05 0.0680592
0.108631 0.169672 0.106804 9.9964E-05 9.9964E-05 0.614493 9.9964E-05 9.9964E-05
0.261693 0.0722686 9.9964E-05 9.9964E-05 0.00862313 0.657016 9.9964E-05 9.9964E-05
0.837364 0.00380039 9.9955E-05 9.9955E-05 9.9955E-05 0.158336 9.9955E-05 9.9955E-05
9.9964E-05 0.441347 9.9964E-05 0.0563693 9.9964E-05 0.422914 0.0789698 9.9964E-05
0.141562 0.456095 9.9973E-05 9.9973E-05 0.0298155 0.320068 0.05216 9.9973E-05
0.110994 0.370616 0.203358 0.27216 9.9982E-05 9.9982E-05 0.0346032 0.00806845
0.120435 0.340071 0.102636 0.361241 9.9982E-05 9.9982E-05 0.0113286 0.0640891
0.00414662 9.9964E-05 9.9964E-05 0.508608 0.388766 9.9964E-05 9.9964E-05 0.09808
9.9973E-05 0.195923 9.9973E-05 0.25497 0.435959 0.0460312 9.9973E-05 0.0668173
0.183668 0.141612 9.9973E-05 0.322803 0.290272 0.061346 9.9973E-05 9.9973E-05
0.187532 9.9955E-05 0.0608106 9.9955E-05 9.9955E-05 0.751157 9.9955E-05 9.9955E-05
9.9964E-05 9.9964E-05 0.149885 0.0337246 9.9964E-05 0.728142 9.9964E-05 0.0878495
0.0411041 0.17499 9.9982E-05 0.157177 0.135199 0.480924 0.0104046 9.9982E-05
9.9973E-05 9.9973E-05 9.9973E-05 0.0765085 0.25505 0.423038 0.159098 0.0860052
9.9973E-05 0.0721634 9.9973E-05 0.0149814 0.148088 0.746628 0.0178388 9.9973E-05
0.176551 9.9982E-05 0.131353 0.144131 0.0110697 0.493456 0.0432394 9.9982E-05
0.0351852 0.0873055 9.9973E-05 0.204318 0.0771907 0.595701 9.9973E-05 9.9973E-05
0.617274 9.9955E-05 0.373632 9.9955E-05 0.00859382 9.9955E-05 9.9955E-05 9.9955E-05
0.374192 0.134135 0.117334 9.9982E-05 0.260996 0.0325627 0.0805794 9.9982E-05
0.492356 9.9964E-05 9.9964E-05 0.0498148 0.32623 9.9964E-05 0.1312 9.9964E-05
0.200496 9.9973E-05 0.404051 9.9973E-05 0.13773 0.117763 0.139659 9.9973E-05
0.970605 9.9955E-05 0.0151646 9.9955E-05 9.9955E-05 9.9955E-05 9.9955E-05 0.0137308
0.864673 9.9964E-05 9.9964E-05 0.0506991 0.0778891 9.9964E-05 0.00633908 9.9964E-05
9.9955E-05 9.9955E-05 9.9955E-05 0.785201 9.9955E-05 0.186803 0.0274958 9.9955E-05
9.99639E-05 9.99639E-05 0.250988 0.708732 0.0342041 9.99639E-05 9.99639E-05 0.00567601
9.9946E-05 9.9946E-05 0.21688 0.78252 9.9946E-05 9.9946E-05 9.9946E-05 9.9946E-05
0.0097427 9.9955E-05 0.420276 0.569481 9.9955E-05 9.9955E-05 9.9955E-05 9.9955E-05
0.137619 0.0246368 9.9964E-05 0.836165 9.9964E-05 9.9964E-05 0.00117982 9.9964E-05
0.121703 9.9973E-05 0.268652 0.175238 9.9973E-05 0.364813 0.0692942 9.9973E-05
0.0387307 0.0835078 9.9973E-05 0.514148 9.9973E-05 0.316902 0.0464109 9.9973E-05
0.240964 9.9973E-05 0.157683 0.124085 9.9973E-05 0.46866 0.00830814 9.9973E-05
0.211902 9.9964E-05 0.168386 0.151196 9.9964E-05 0.468116 9.9964E-05 9.9964E-05
0.407606 0.145681 9.9982E-05 0.0195142 0.0539903 0.276947 0.0960619 9.9982E-05
9.9964E-05 9.9964E-05 0.102833 9.9964E-05 9.9964E-05 0.285166 0.25438 0.357221
9.9964E-05 0.0722205 9.9964E-05 9.9964E-05 9.9964E-05 0.158771 0.421585 0.347024
9.9973E-05 0.0130056 0.00808549 9.9973E-05 0.0132141 0.0489572 0.916438 9.9973E-05
0.0270211 9.9973E-05 0.0993477 0.0404916 9.9973E-05 9.9973E-05 0.536329 0.29651
9.9955E-05 9.9955E-05 0.0669677 9.9955E-05 9.9955E-05 9.9955E-05 0.580689 0.351844
9.99639E-05 9.99639E-05 0.0625265 0.180208 9.99639E-05 9.99639E-05 0.641499 0.115366
9.99549E-05 9.99549E-05 0.151886 0.171323 9.99549E-05 9.99549E-05 9.99549E-05 0.676291
9.9964E-05 9.9964E-05 9.9964E-05 0.0629106 0.122865 0.07859 9.9964E-05 0.735235
9.9955E-05 9.9955E-05 9.9955E-05 9.9955E-05 0.117396 9.9955E-05 0.119622 0.762482
0.0345116 9.9955E-05 9.9955E-05 9.9955E-05 9.9955E-05 9.9955E-05 0.354011 0.610978
0.10064 9.9964E-05 9.9964E-05 9.9964E-05 9.9964E-05 0.0928318 0.228281 0.577847
0.0456514 9.99641E-05 9.99641E-05 9.99641E-05 9.99641E-05 0.0897828 0.625795 0.238371
9.9964E-05 9.9964E-05 0.0502797 9.9964E-05 9.9964E-05 0.124957 0.125083 0.699281
9.9955E-05 9.9955E-05 9.9955E-05 9.9955E-05 9.9955E-05 0.192416 0.293152 0.513932
9.9964E-05 9.9964E-05 9.9964E-05 9.9964E-05 0.0977123 0.232277 0.00402341 0.665588
9.9964E-05 0.0252203 9.9964E-05 9.9964E-05 9.9964E-05 0.14507 0.401396 0.427914
9.9955E-05 0.050824 9.9955E-05 9.9955E-05 9.9955E-05 0.125566 9.9955E-05 0.82311
9.9964E-05 9.9964E-05 9.9964E-05 0.0706551 0.0413579 9.9964E-05 0.634956 0.252631
0.0838553 9.9973E-05 9.9973E-05 0.0282245 9.9973E-05 0.0868397 0.651977 0.148803
9.9964E-05 9.9964E-05 9.9964E-05 0.125237 0.0493091 9.9964E-05 0.692509 0.132545
9.9955E-05 9.9955E-05 9.9955E-05 9.9955E-05 0.169556 9.9955E-05 0.441488 0.388456
9.9946E-05 9.9946E-05 9.9946E-05 9.9946E-05 0.0295177 9.9946E-05 0.969883 9.9946E-05
9.9973E-05 9.9973E-05 0.00958057 0.0102202 9.9973E-05 0.0239394 0.663889 0.292071
9.9964E-05 9.9964E-05 9.9964E-05 0.169991 9.9964E-05 0.0570348 0.105014 0.66756
0.133852 9.9964E-05 9.9964E-05 0.0945098 9.9964E-05 9.9964E-05 0.702826 0.0684123
0.181312 0.810071 0.00333248 9.99641E-05 9.99641E-05 9.99641E-05 0.00488445 9.99641E-05
0.0668194 0.130401 0.6771 9.9964E-05 9.9964E-05 9.9964E-05 0.12528 9.9964E-05
9.9955E-05 0.316801 0.578396 9.9955E-05 9.9955E-05 9.9955E-05 0.104303 9.9955E-05
9.9964E-05 0.720285 9.9964E-05 0.0750823 0.173339 9.9964E-05 0.0308938 9.9964E-05
0.0181685 0.58019 0.139518 0.261723 9.9964E-05 9.9964E-05 9.9964E-05 9.9964E-05
9.99551E-05 9.99551E-05 0.587013 0.403208 9.99551E-05 9.99551E-05 9.99551E-05 0.00927891
9.99641E-05 9.99641E-05 0.277423 0.0450134 0.608134 9.99641E-05 9.99641E-05 0.0690294
9.9964E-05 9.9964E-05 0.357091 0.0235231 0.530944 9.9964E-05 9.9964E-05 0.0880421
0.0081073 0.288406 0.0331124 0.0473766 0.622697 9.997E-05 9.997E-05 9.997E-05
9.99639E-05 0.1212 0.384542 0.0247827 0.469075 9.99639E-05 9.99639E-05 9.99639E-05
9.9955E-05 0.106907 9.9955E-05 9.9955E-05 0.852183 9.9955E-05 0.0404105 9.9955E-05
0.101469 9.9955E-05 9.9955E-05 9.9955E-05 0.878793 0.0192379 9.9955E-05 9.9955E-05
0.0740654 0.299588 9.99639E-05 9.99639E-05 0.537666 0.0882801 9.99639E-05 9.99639E-05
9.9973E-05 0.0444925 0.0856502 0.0274388 0.796921 0.0451976 9.9973E-05 9.9973E-05
9.99549E-05 9.99549E-05 0.0512865 0.343821 0.604392 9.99549E-05 9.99549E-05 9.99549E-05
0.158298 0.0660434 0.0407311 0.141069 0.579458 0.0142015 9.998E-05 9.998E-05
9.9964E-05 0.217782 9.9964E-05 9.9964E-05 0.739023 0.00347309 0.0393224 9.9964E-05
9.9955E-05 0.159426 9.9955E-05 9.9955E-05 0.744427 0.0956471 9.9955E-05 9.9955E-05
0.201512 0.155275 0.116319 9.9982E-05 0.466732 0.0177895 9.9982E-05 0.0421727
0.058164 0.449967 0.31428 0.177189 9.99639E-05 9.99639E-05 9.99639E-05 9.99639E-05
0.185689 0.524383 0.289429 9.99549E-05 9.99549E-05 9.99549E-05 9.99549E-05 9.99549E-05
9.9964E-05 0.514552 0.371256 0.0364721 9.9964E-05 0.0773203 9.9964E-05 9.9964E-05
0.0451391 0.483463 0.464757 9.9964E-05 0.0062403 9.9964E-05 9.9964E-05 9.9964E-05
9.9973E-05 0.702001 0.107619 0.130821 0.0470465 9.9973E-05 9.9973E-05 0.0122122
0.054432 0.884899 9.9964E-05 0.049214 9.9964E-05 0.0110556 9.9964E-05 9.9964E-05
0.040046 0.709972 9.9964E-05 0.107953 9.9964E-05 0.141629 9.9964E-05 9.9964E-05
9.99461E-05 0.947601 9.99461E-05 0.0517992 9.99461E-05 9.99461E-05 9.99461E-05 9.99461E-05
9.9973E-05 0.836723 9.9973E-05 0.0290289 0.0984774 0.00755164 0.0279189 9.9973E-05
0.0345817 0.733978 9.9964E-05 9.9964E-05 0.204216 0.026824 9.9964E-05 9.9964E-05
0.0787575 0.852446 9.9964E-05 9.9964E-05 0.00386976 0.0645269 9.9964E-05 9.9964E-05
9.9964E-05 0.858542 0.0652662 9.9964E-05 0.0650399 0.0107518 9.9964E-05 9.9964E-05
0.31665 0.439008 0.161945 0.0819975 9.99639E-05 9.99639E-05 9.99639E-05 9.99639E-05
9.9973E-05 0.525446 0.228351 0.129072 0.108361 9.9973E-05 0.00847062 9.9973E-05
9.9973E-05 0.520217 0.187717 0.0411155 0.155278 0.0953728 9.9973E-05 9.9973E-05
9.9973E-05 0.604036 0.107096 0.0320692 0.228923 0.027575 9.9973E-05 9.9973E-05
0.100258 0.733774 0.155114 9.99641E-05 0.0104536 9.99641E-05 9.99641E-05 9.99641E-05
9.9955E-05 0.785221 0.152657 9.9955E-05 9.9955E-05 0.0616217 9.9955E-05 9.9955E-05
0.0353297 0.608107 0.167712 0.0327066 0.155845 9.99729E-05 9.99729E-05 9.99729E-05
9.9955E-05 0.247666 0.629583 9.9955E-05 9.9955E-05 0.122252 9.9955E-05 9.9955E-05
9.9955E-05 0.259875 0.569271 9.9955E-05 0.170354 9.9955E-05 9.9955E-05 9.9955E-05
9.9964E-05 0.509502 0.366857 9.9964E-05 0.0770602 0.0461809 9.9964E-05 9.9964E-05
0.106583 0.804694 9.9955E-05 9.9955E-05 0.0882232 9.9955E-05 9.9955E-05 9.9955E-05
9.9973E-05 0.661733 0.0235186 9.9973E-05 0.252483 0.031709 9.9973E-05 0.0302568
9.9964E-05 0.594241 0.141263 9.9964E-05 0.151841 0.112255 9.9964E-05 9.9964E-05
9.9964E-05 0.851077 0.00997759 0.0308034 0.107742 9.9964E-05 9.9964E-05 9.9964E-05
9.9964E-05 0.614065 9.9964E-05 9.9964E-05 9.9964E-05 0.231644 0.107383 0.0465083
9.9982E-05 0.577604 0.0144234 9.9982E-05 0.0674206 0.00769892 0.217736 0.114918
9.9964E-05 0.69577 0.184827 0.0404553 0.0785479 9.9964E-05 9.9964E-05 9.9964E-05
9.99639E-05 0.310253 0.573162 0.0298045 0.0863804 9.99639E-05 9.99639E-05 9.99639E-05
0.0255578 0.415925 0.448729 9.9964E-05 0.109388 9.9964E-05 9.9964E-05 9.9964E-05
0.0525931 0.439305 0.479332 9.9964E-05 9.9964E-05 0.0283703 9.9964E-05 9.9964E-05
0.0997035 0.146149 0.753648 9.9955E-05 9.9955E-05 9.9955E-05 9.9955E-05 9.9955E-05
9.9955E-05 0.850553 0.130837 0.0181104 9.9955E-05 9.9955E-05 9.9955E-05 9.9955E-05
0.0947637 0.387436 0.501302 9.9964E-05 0.0160986 9.9964E-05 9.9964E-05 9.9964E-05
0.137594 0.603565 0.250674 9.99639E-05 0.00776671 9.99639E-05 9.99639E-05 9.99639E-05
0.0783953 0.411029 0.32071 0.0696663 0.119899 9.9973E-05 9.9973E-05 9.9973E-05
9.9955E-05 0.57059 0.414456 9.9955E-05 9.9955E-05 9.9955E-05 9.9955E-05 0.014454
9.9982E-05 9.9982E-05 0.253041 0.059042 0.0207481 0.0171153 0.0814402 0.568414
9.9964E-05 9.9964E-05 0.047952 9.9964E-05 0.0330204 9.9964E-05 0.357799 0.560828
0.0483491 9.9973E-05 0.0678692 0.0733177 9.9973E-05 9.9973E-05 0.252793 0.557371
0.0218825 9.99729E-05 0.16857 0.0578695 9.99729E-05 9.99729E-05 0.679325 0.0720534
9.9973E-05 9.9973E-05 0.146216 0.0048833 0.0562132 9.9973E-05 0.754178 0.03821
9.9955E-05 0.027396 9.9955E-05 9.9955E-05 9.9955E-05 9.9955E-05 0.820849 0.151255
9.9973E-05 9.9973E-05 0.075383 9.9973E-05 0.0360127 0.0253914 0.322192 0.540721
9.9964E-05 9.9964E-05 0.028571 9.9964E-05 0.0741788 9.9964E-05 0.122113 0.774737
9.99462E-05 9.99462E-05 0.28029 9.99462E-05 9.99462E-05 9.99462E-05 9.99462E-05 0.719111
9.9964E-05 0.0792604 9.9964E-05 9.9964E-05 0.0567729 9.9964E-05 0.606164 0.257403
9.99462E-05 9.99462E-05 9.99462E-05 9.99462E-05 9.99462E-05 0.0437967 0.955604 9.99462E-05
9.99461E-05 9.99461E-05 9.99461E-05 9.99461E-05 9.99461E-05 0.0650738 0.934326 9.99461E-05
9.9964E-05 0.0134909 9.9964E-05 0.0196791 0.0853081 9.9964E-05 0.881122 9.9964E-05
