0.282155 0.273696 0.0244545 0.175997 9.9973E-05 9.9973E-05 0.219908 9.9973E-05 0.0234903
0.181814 0.0440013 0.261353 0.316762 0.0631249 9.9982E-05 0.0728462 9.9982E-05 0.0598988
0.317546 0.174174 0.165404 0.0301023 0.00729439 9.9973E-05 0.305179 9.9973E-05 9.9973E-05
0.655724 0.107002 9.9982E-05 0.161398 0.0129744 0.0155476 0.0304655 0.0166891 9.9982E-05
0.155601 0.168626 9.9946E-05 9.9946E-05 9.9946E-05 9.9946E-05 0.675174 9.9946E-05 9.9946E-05
0.507556 0.246726 9.9955E-05 0.0348647 9.9955E-05 9.9955E-05 0.210354 9.9955E-05 9.9955E-05
9.99459E-05 9.99459E-05 0.0771627 9.99459E-05 0.0940135 9.99459E-05 9.99459E-05 9.99459E-05 0.828224
9.9973E-05 0.080305 9.9973E-05 0.0482665 0.0410744 9.9973E-05 0.122602 0.0508144 0.656638
0.0386747 9.9946E-05 9.9946E-05 0.0235235 9.9946E-05 9.9946E-05 9.9946E-05 9.9946E-05 0.937202
0.00203985 0.0012863 9.99551E-05 9.99551E-05 0.0440208 9.99551E-05 9.99551E-05 9.99551E-05 0.952153
0.00675085 9.9955E-05 0.13474 0.0208655 9.9955E-05 9.9955E-05 9.9955E-05 9.9955E-05 0.837144
9.99639E-05 0.0310653 0.302967 9.99639E-05 9.99639E-05 9.99639E-05 0.016616 0.111843 0.537109
9.9946E-05 9.9946E-05 0.0396327 9.9946E-05 9.9946E-05 0.245688 9.9946E-05 9.9946E-05 0.71408
9.9937E-05 9.9937E-05 9.9937E-05 9.9937E-05 9.9937E-05 0.246136 9.9937E-05 9.9937E-05 0.753164
0.0335015 9.9964E-05 0.0496721 9.9964E-05 0.0179684 9.9964E-05 9.9964E-05 0.00649445 0.891964
9.99461E-05 9.99461E-05 0.121454 0.0386601 9.99461E-05 9.99461E-05 9.99461E-05 9.99461E-05 0.839286
9.9955E-05 0.504499 0.0107804 9.9955E-05 0.127348 9.9955E-05 0.356873 9.9955E-05 9.9955E-05
0.165802 0.121945 0.0132915 9.9973E-05 0.567831 9.9973E-05 0.0226418 0.108188 9.9973E-05
0.107866 0.603476 0.0315639 9.9973E-05 0.180828 0.0725066 0.00346017 9.9973E-05 9.9973E-05
0.226502 0.364672 9.99639E-05 9.99639E-05 0.128751 0.109877 0.169799 9.99639E-05 9.99639E-05
0.162271 0.118563 9.99729E-05 9.99729E-05 0.456822 0.0395462 0.207417 9.99729E-05 0.0150814
0.300749 0.357615 9.99549E-05 9.99549E-05 0.310288 9.99549E-05 9.99549E-05 0.0308469 9.99549E-05
0.0147882 0.503332 0.188365 0.134698 9.9973E-05 9.9973E-05 0.149296 9.9973E-05 0.00922007
9.9964E-05 0.627708 0.0228893 0.169819 9.9964E-05 0.000364212 0.17882 9.9964E-05 9.9964E-05
0.0578608 0.813753 9.99461E-05 9.99461E-05 9.99461E-05 9.99461E-05 0.127787 9.99461E-05 9.99461E-05
0.468763 0.40447 9.9946E-05 0.126167 9.9946E-05 9.9946E-05 9.9946E-05 9.9946E-05 9.9946E-05
9.9946E-05 0.554688 9.9946E-05 9.9946E-05 9.9946E-05 9.9946E-05 0.344873 0.0998398 9.9946E-05
0.0812902 0.410321 9.9973E-05 9.9973E-05 9.9973E-05 0.0207922 0.438802 0.0041556 0.0443388
0.0937812 0.0101393 9.9973E-05 0.219701 0.227966 9.9973E-05 0.334328 9.9973E-05 0.113785
0.218481 9.99641E-05 9.99641E-05 0.0208197 0.359516 9.99641E-05 0.240296 9.99641E-05 0.160487
0.409113 9.9946E-05 0.397263 9.9946E-05 0.193024 9.9946E-05 9.9946E-05 9.9946E-05 9.9946E-05
0.339861 0.0401743 0.217634 9.9973E-05 0.0961026 9.9973E-05 0.29948 0.00644793 9.9973E-05
0.521766 0.11448 0.0518363 9.9964E-05 0.129565 9.9964E-05 0.181954 9.9964E-05 9.9964E-05
0.0672709 0.782112 9.9955E-05 0.106211 9.9955E-05 9.9955E-05 9.9955E-05 9.9955E-05 0.0439063
9.99459E-05 0.627083 0.348864 0.0234525 9.99459E-05 9.99459E-05 9.99459E-05 9.99459E-05 9.99459E-05
0.0789375 0.496431 0.0310505 9.9982E-05 0.0965663 9.9982E-05 0.256294 0.02863 0.0118907
0.138667 0.302749 0.3426 9.9955E-05 9.9955E-05 0.215484 9.9955E-05 9.9955E-05 9.9955E-05
9.9955E-05 0.723496 0.0479732 9.9955E-05 9.9955E-05 0.067662 0.160369 9.9955E-05 9.9955E-05
0.142221 0.456656 0.0135032 0.164891 0.121833 0.100596 9.9973E-05 9.9973E-05 9.9973E-05
0.185071 0.613414 9.9973E-05 9.9973E-05 0.0679759 9.9973E-05 0.0402506 0.0511575 0.0418308
0.449092 0.0198873 9.9946E-05 0.530421 9.9946E-05 9.9946E-05 9.9946E-05 9.9946E-05 9.9946E-05
0.42538 0.0270816 9.9973E-05 0.27321 0.00149683 0.140849 0.131683 9.9973E-05 9.9973E-05
0.597862 0.0270056 0.0520766 9.9973E-05 0.0558083 0.161239 0.105709 9.9973E-05 9.9973E-05
0.22011 0.0516913 9.9964E-05 0.533994 9.9964E-05 0.115759 9.9964E-05 0.0780463 9.9964E-05
0.693822 0.117337 9.99461E-05 0.188241 9.99461E-05 9.99461E-05 9.99461E-05 9.99461E-05 9.99461E-05
0.745008 0.204431 0.049586 0.000475531 9.9955E-05 9.9955E-05 9.9955E-05 9.9955E-05 9.9955E-05
9.9946E-05 0.29006 9.9946E-05 9.9946E-05 0.592341 9.9946E-05 9.9946E-05 0.117 9.9946E-05
9.99549E-05 9.99549E-05 0.146854 0.126271 0.657923 9.99549E-05 9.99549E-05 0.0684529 9.99549E-05
9.9946E-05 9.9946E-05 0.159543 0.0235559 0.816301 9.9946E-05 9.9946E-05 9.9946E-05 9.9946E-05
0.0251216 9.9946E-05 9.9946E-05 0.31318 0.661099 9.9946E-05 9.9946E-05 9.9946E-05 9.9946E-05
0.230453 0.0711166 9.99549E-05 9.99549E-05 0.64421 9.99549E-05 9.99549E-05 9.99549E-05 0.0537208
9.9955E-05 0.432994 9.9955E-05 0.282394 0.194482 9.9955E-05 9.9955E-05 0.0896302 9.9955E-05
9.9955E-05 0.383681 9.9955E-05 9.9955E-05 0.490964 0.106286 0.018569 9.9955E-05 9.9955E-05
9.9955E-05 0.505172 9.9955E-05 0.279842 0.0955917 0.118895 9.9955E-05 9.9955E-05 9.9955E-05
9.995E-05 0.595627 9.995E-05 0.242592 0.12796 9.995E-05 9.995E-05 0.0333208 9.995E-05
0.344263 0.424889 9.9964E-05 9.9964E-05 0.0412864 0.108787 0.0803744 9.9964E-05 9.9964E-05
9.9964E-05 0.214834 0.0323229 0.0844849 9.9964E-05 9.9964E-05 9.9964E-05 0.299053 0.368906
9.9973E-05 0.0321409 0.0286986 0.0511464 9.9973E-05 0.410128 9.9973E-05 0.00509519 0.472491
9.9946E-05 0.0284774 9.9946E-05 9.9946E-05 9.9946E-05 0.424909 9.9946E-05 0.546014 9.9946E-05
9.9964E-05 0.0466714 9.9964E-05 0.0911428 0.0242509 9.9964E-05 9.9964E-05 0.726643 0.110892
9.9955E-05 9.9955E-05 0.0596124 9.9955E-05 9.9955E-05 0.0192859 9.9955E-05 0.737266 0.183336
0.0164016 0.0338118 9.9955E-05 9.9955E-05 0.0670129 9.9955E-05 9.9955E-05 0.882274 9.9955E-05
9.99459E-05 9.99459E-05 0.724198 9.99459E-05 0.0887407 9.99459E-05 9.99459E-05 9.99459E-05 0.186462
9.99639E-05 0.0640642 0.623217 9.99639E-05 9.99639E-05 0.111353 9.99639E-05 0.196839 0.0041275
0.0360909 9.9964E-05 0.209533 9.9964E-05 9.9964E-05 9.9964E-05 0.00947324 0.14103 0.603473
9.9955E-05 9.9955E-05 9.9955E-05 9.9955E-05 0.00508891 0.112981 9.9955E-05 0.165482 0.715948
9.9973E-05 0.0592654 0.243774 9.9973E-05 9.9973E-05 0.322419 0.0213179 0.00564355 0.34728
9.99551E-05 0.0308884 0.0178083 9.99551E-05 9.99551E-05 0.683322 9.99551E-05 9.99551E-05 0.267482
9.99639E-05 0.0144892 0.541903 9.99639E-05 9.99639E-05 0.281101 9.99639E-05 0.0238326 0.138274
9.9964E-05 0.152639 0.113344 9.9964E-05 9.9964E-05 0.0353331 9.9964E-05 0.347026 0.351259
9.9955E-05 0.0559902 0.633744 9.9955E-05 9.9955E-05 0.174885 9.9955E-05 9.9955E-05 0.134881
9.9973E-05 0.0836767 0.0870874 9.9973E-05 9.9973E-05 0.164799 0.0166772 0.371308 0.276152
9.99639E-05 0.0462548 0.460896 9.99639E-05 9.99639E-05 9.99639E-05 0.0418069 0.253499 0.197143
9.9964E-05 9.9964E-05 0.0686816 9.9964E-05 9.9964E-05 0.259342 0.0618968 0.569671 0.0400087
9.99549E-05 0.00840664 0.132619 9.99549E-05 0.0707499 0.787725 9.99549E-05 9.99549E-05 9.99549E-05
0.0444789 9.9964E-05 0.0204532 9.9964E-05 0.0601677 0.200731 9.9964E-05 0.673769 9.9964E-05
0.0341457 9.9955E-05 0.208183 9.9955E-05 9.9955E-05 0.171062 9.9955E-05 0.586109 9.9955E-05
9.9937E-05 9.9937E-05 9.9937E-05 9.9937E-05 9.9937E-05 0.429749 9.9937E-05 0.569552 9.9937E-05
9.9964E-05 0.0152792 0.010477 9.9964E-05 9.9964E-05 0.154523 9.9964E-05 0.594347 0.224975
9.99639E-05 0.00468326 0.344217 9.99639E-05 0.0537123 9.99639E-05 9.99639E-05 0.420281 0.176706
0.128399 9.99551E-05 9.99551E-05 9.99551E-05 0.0264221 0.0403034 9.99551E-05 0.804376 9.99551E-05
0.0419545 0.0585712 9.997E-05 0.00291473 0.0641528 9.997E-05 0.806868 0.025239 9.997E-05
0.0205929 9.9964E-05 9.9964E-05 0.842876 9.9964E-05 0.0175383 0.056215 0.0623776 9.9964E-05
9.9955E-05 9.9955E-05 9.9955E-05 0.734758 9.9955E-05 0.0517704 0.159592 0.05338 9.9955E-05
0.0343217 9.9964E-05 9.9964E-05 9.9964E-05 0.13313 0.0313091 0.777675 9.9964E-05 0.0231643
0.0585288 9.9955E-05 9.9955E-05 9.9955E-05 0.274837 9.9955E-05 0.603421 9.9955E-05 0.0627136
9.99461E-05 9.99461E-05 0.380419 0.228496 0.390486 9.99461E-05 9.99461E-05 9.99461E-05 9.99461E-05
0.464775 9.9973E-05 0.177113 0.192151 0.0244397 9.9973E-05 0.134482 9.9973E-05 0.00673923
0.469525 9.9964E-05 0.125143 0.232284 9.9964E-05 9.9964E-05 0.106071 9.9964E-05 0.0665768
0.423834 9.9955E-05 0.0252612 9.9955E-05 0.0877568 9.9955E-05 0.462648 9.9955E-05 9.9955E-05
0.042475 9.9964E-05 0.134132 0.199201 0.0939226 9.9964E-05 0.52987 9.9964E-05 9.9964E-05
0.509334 9.9955E-05 0.00671982 9.9955E-05 9.9955E-05 0.0581213 0.425325 9.9955E-05 9.9955E-05
0.700138 9.9946E-05 9.9946E-05 9.9946E-05 9.9946E-05 0.0649394 0.234323 9.9946E-05 9.9946E-05
0.485263 0.0329793 9.995E-05 9.995E-05 9.995E-05 9.995E-05 0.416176 9.995E-05 0.065082
0.570061 9.9955E-05 0.0732459 9.9955E-05 9.9955E-05 9.9955E-05 0.310558 0.0456358 9.9955E-05
0.668835 9.99459E-05 0.0989854 9.99459E-05 0.23158 9.99459E-05 9.99459E-05 9.99459E-05 9.99459E-05
0.649267 0.0551361 9.9982E-05 0.0276253 0.0370882 9.9982E-05 0.183103 0.0345954 0.0129849
0.511231 9.9946E-05 9.9946E-05 9.9946E-05 9.9946E-05 0.0797224 0.408447 9.9946E-05 9.9946E-05
0.507484 0.0512697 9.9955E-05 9.9955E-05 9.9955E-05 0.0554639 0.385283 9.9955E-05 9.9955E-05
0.456655 0.0763064 9.9973E-05 0.187971 9.9973E-05 9.9973E-05 0.252518 0.00152235 0.0247278
0.0454005 9.9964E-05 9.9964E-05 0.273321 0.281876 9.9964E-05 0.387573 9.9964E-05 0.0114303
0.143137 9.995E-05 9.995E-05 0.407314 0.0372764 9.995E-05 0.411773 9.995E-05 9.995E-05
9.99461E-05 9.99461E-05 9.99461E-05 0.45799 0.0792927 9.99461E-05 0.462117 9.99461E-05 9.99461E-05
9.9946E-05 9.9946E-05 9.9946E-05 0.465145 0.0706648 9.9946E-05 0.46359 9.9946E-05 9.9946E-05
9.9955E-05 9.9955E-05 0.0661816 9.9955E-05 0.191945 9.9955E-05 0.740557 0.000817516 9.9955E-05
9.9946E-05 0.0822574 9.9946E-05 9.9946E-05 0.0580528 9.9946E-05 0.85909 9.9946E-05 9.9946E-05
9.9955E-05 0.195437 9.9955E-05 0.0144778 0.129877 9.9955E-05 0.659708 9.9955E-05 9.9955E-05
9.9946E-05 9.9946E-05 9.9946E-05 9.9946E-05 0.0852677 0.0153482 0.898784 9.9946E-05 9.9946E-05
0.0241939 9.9964E-05 0.0141395 9.9964E-05 0.0364771 0.0447718 0.880018 9.9964E-05 9.9964E-05
0.155488 0.00686389 0.0104651 0.0293169 9.9964E-05 9.9964E-05 0.797466 9.9964E-05 9.9964E-05
0.0479034 0.0935958 9.9955E-05 9.9955E-05 9.9955E-05 0.0134306 0.84457 9.9955E-05 9.9955E-05
9.9946E-05 0.0285518 9.9946E-05 0.0839815 9.9946E-05 9.9946E-05 0.886867 9.9946E-05 9.9946E-05
0.306379 9.99549E-05 9.99549E-05 0.258514 0.129062 9.99549E-05 0.305545 9.99549E-05 9.99549E-05
0.0068974 9.996E-05 9.996E-05 0.266274 0.119989 9.996E-05 0.536025 0.0704151 9.996E-05
0.147557 0.0526984 0.028963 0.1524 0.0514345 9.9973E-05 0.566648 9.9973E-05 9.9973E-05
0.0281284 0.0431499 0.0464982 0.0441625 0.0288848 9.9973E-05 0.808876 9.9973E-05 9.9973E-05
0.109894 9.99641E-05 9.99641E-05 0.116571 0.0939979 9.99641E-05 0.667792 9.99641E-05 0.0113449
9.9964E-05 0.0599281 0.0058658 0.12451 9.9964E-05 9.9964E-05 0.802545 0.00675089 9.9964E-05
0.125786 9.99549E-05 9.99549E-05 0.0733638 0.0496119 9.99549E-05 0.750738 9.99549E-05 9.99549E-05
9.9955E-05 0.049019 0.130352 0.588961 9.9955E-05 9.9955E-05 0.231169 9.9955E-05 9.9955E-05
9.9946E-05 9.9946E-05 0.115175 0.573832 9.9946E-05 9.9946E-05 0.310392 9.9946E-05 9.9946E-05
9.9955E-05 0.00607314 0.114029 0.308978 9.9955E-05 9.9955E-05 0.57042 9.9955E-05 9.9955E-05
0.0970181 9.9946E-05 9.9946E-05 0.161437 9.9946E-05 9.9946E-05 0.740945 9.9946E-05 9.9946E-05
0.0776886 0.0536468 0.0764903 0.00039217 9.9973E-05 0.046319 0.745163 9.9973E-05 9.9973E-05
0.00756826 0.104959 0.0100335 0.0788101 9.9973E-05 9.9973E-05 0.781008 0.0173206 9.9973E-05
0.0162598 0.00414198 0.0423997 0.0302798 0.00376314 9.9982E-05 0.88568 9.9982E-05 0.0172752
9.9955E-05 0.12908 9.9955E-05 9.9955E-05 9.9955E-05 9.9955E-05 0.603259 0.168161 0.0989993
9.9964E-05 0.00154735 0.0229572 9.9964E-05 9.9964E-05 0.0547789 0.596271 0.324045 9.9964E-05
9.9955E-05 9.9955E-05 0.0110701 0.115033 0.140662 9.9955E-05 0.732736 9.9955E-05 9.9955E-05
9.99459E-05 9.99459E-05 9.99459E-05 0.621797 0.102376 9.99459E-05 0.275227 9.99459E-05 9.99459E-05
9.9955E-05 9.9955E-05 0.109928 0.413165 9.9955E-05 9.9955E-05 0.440062 9.9955E-05 0.0363454
9.9955E-05 9.9955E-05 0.00423673 0.571481 9.9955E-05 9.9955E-05 0.393716 9.9955E-05 0.030067
9.9946E-05 9.9946E-05 9.9946E-05 0.828462 0.114585 9.9946E-05 0.0563533 9.9946E-05 9.9946E-05
9.9946E-05 9.9946E-05 9.9946E-05 0.0591829 0.141565 9.9946E-05 0.798652 9.9946E-05 9.9946E-05
0.0502927 9.9964E-05 9.9964E-05 0.600839 0.0724294 9.9964E-05 0.27377 9.9964E-05 0.00226845
0.135173 9.9955E-05 9.9955E-05 0.3463 9.9955E-05 9.9955E-05 0.506981 9.9955E-05 0.0110468
0.145495 0.00063349 9.9964E-05 0.32306 0.0946206 9.9964E-05 0.435792 9.9964E-05 9.9964E-05
9.9955E-05 9.9955E-05 0.0467818 0.369761 0.0283448 9.9955E-05 0.554613 9.9955E-05 9.9955E-05
9.9955E-05 9.9955E-05 0.586501 0.066876 0.0110361 9.9955E-05 9.9955E-05 0.335088 9.9955E-05
0.00857832 9.9964E-05 0.132569 0.0266058 9.9964E-05 9.9964E-05 9.9964E-05 0.722573 0.109274
0.000732229 9.9964E-05 0.217589 9.9964E-05 0.0535892 9.9964E-05 9.9964E-05 0.505247 0.222442
0.0851435 0.0224948 9.9973E-05 0.0742593 9.9973E-05 0.0218967 9.9973E-05 0.719604 0.0763017
9.9964E-05 9.9964E-05 0.0120822 9.9964E-05 9.9964E-05 0.158911 0.105966 0.615028 0.107613
9.9937E-05 9.9937E-05 9.9937E-05 9.9937E-05 9.9937E-05 0.12924 9.9937E-05 0.87006 9.9937E-05
9.9964E-05 9.9964E-05 0.283338 0.0186735 9.9964E-05 0.201678 9.9964E-05 0.250002 0.245908
9.99549E-05 9.99549E-05 0.437937 9.99549E-05 9.99549E-05 0.0821828 9.99549E-05 0.150688 0.328692
9.993E-05 9.993E-05 0.999201 9.993E-05 9.993E-05 9.993E-05 9.993E-05 9.993E-05 9.993E-05
9.9955E-05 9.9955E-05 9.9955E-05 9.9955E-05 9.9955E-05 0.274703 0.103269 0.549768 0.0717605
9.993E-05 9.993E-05 9.993E-05 9.993E-05 9.993E-05 0.999201 9.993E-05 9.993E-05 9.993E-05
9.99371E-05 9.99371E-05 9.99371E-05 9.99371E-05 9.99371E-05 0.56306 9.99371E-05 0.436241 9.99371E-05
9.9955E-05 9.9955E-05 9.9955E-05 9.9955E-05 9.9955E-05 0.757512 0.029564 0.173464 0.03896
