9.9991E-05 0.0104231 0.480281 0.200119 0.293016 0.00226672 0.0137938
9.999E-05 0.0465776 0.1231 0.306993 0.200968 0.0108683 0.311393
9.9982E-05 0.0435241 0.308463 0.0129927 0.470164 9.9982E-05 0.164657
9.9982E-05 0.149886 0.317938 0.0487932 0.420272 9.9982E-05 0.0629104
0.00148206 9.9973E-05 0.273444 0.00219822 0.722576 9.9973E-05 9.9973E-05
9.9973E-05 0.0925141 0.443502 0.0256771 0.438007 9.9973E-05 9.9973E-05
9.9964E-05 0.075882 9.9964E-05 9.9964E-05 9.9964E-05 0.690045 0.233673
0.0740736 0.0793549 0.0182071 0.171182 9.9991E-05 0.58616 0.0709215
9.9982E-05 0.0114466 9.9982E-05 0.0186251 0.0187753 0.879312 0.0716407
9.9964E-05 0.0919461 9.9964E-05 0.00416861 9.9964E-05 0.903485 9.9964E-05
9.9964E-05 9.9964E-05 9.9964E-05 0.0202727 9.9964E-05 0.721725 0.257603
0.0457904 9.9982E-05 0.0445167 9.9982E-05 0.0215976 0.428448 0.459448
0.148448 9.9973E-05 9.9973E-05 9.9973E-05 0.0385922 0.685883 0.126777
0.0633986 9.9964E-05 9.9964E-05 9.9964E-05 0.0195092 0.916692 9.9964E-05
9.9964E-05 0.079671 9.9964E-05 9.9964E-05 9.9964E-05 0.778511 0.141419
9.99641E-05 9.99641E-05 9.99641E-05 0.0912483 9.99641E-05 0.615781 0.29257
0.00526404 0.187716 0.426201 9.9982E-05 0.355965 9.9982E-05 0.0246542
0.102128 0.712891 0.0481643 0.0951406 0.0414759 9.9982E-05 9.9982E-05
0.0464719 0.204691 0.590016 9.9982E-05 0.113034 9.9982E-05 0.0455873
0.0854415 0.243869 0.353634 9.9973E-05 0.316756 9.9973E-05 9.9973E-05
9.9973E-05 0.552189 0.117583 9.9973E-05 0.308939 0.0209889 9.9973E-05
0.0317413 0.530974 0.352181 9.9973E-05 0.0848036 9.9973E-05 9.9973E-05
9.9982E-05 9.9982E-05 0.517877 0.158806 0.109308 0.0179867 0.195823
9.9973E-05 9.9973E-05 0.59878 0.164024 0.205509 9.9973E-05 0.0313871
9.99641E-05 9.99641E-05 0.803219 9.99641E-05 0.163701 0.0326801 9.99641E-05
9.9973E-05 0.0800273 0.665233 0.0868789 0.167561 9.9973E-05 9.9973E-05
0.117766 0.043415 0.464542 9.9973E-05 0.373977 9.9973E-05 9.9973E-05
0.0787831 9.9973E-05 0.443301 9.9973E-05 0.458615 0.0190016 9.9973E-05
9.9973E-05 0.286318 9.9973E-05 0.318902 0.314603 0.079877 9.9973E-05
9.9973E-05 0.457529 9.9973E-05 0.192602 0.247409 0.10216 9.9973E-05
9.9973E-05 0.47061 0.0725832 9.9973E-05 0.132444 9.9973E-05 0.324063
9.9973E-05 0.293137 0.0522681 9.9973E-05 0.480967 9.9973E-05 0.173328
9.9964E-05 0.301298 0.292969 9.9964E-05 0.405332 9.9964E-05 9.9964E-05
9.9964E-05 9.9964E-05 0.891526 0.0727036 9.9964E-05 0.0353704 9.9964E-05
9.9955E-05 9.9955E-05 0.655764 9.9955E-05 9.9955E-05 9.9955E-05 0.343736
0.0116546 0.197713 0.514224 9.9982E-05 0.245093 9.9982E-05 0.0311153
0.208453 0.0688973 0.464626 9.9982E-05 0.0226834 9.9982E-05 0.235141
0.103207 9.9973E-05 0.701827 9.9973E-05 0.114858 9.9973E-05 0.0798074
0.0584265 0.197879 0.597977 0.0949989 9.9982E-05 0.0505181 9.9982E-05
0.0462642 0.174772 0.646745 9.9973E-05 0.131918 9.9973E-05 9.9973E-05
9.99641E-05 0.105183 0.357613 0.536804 9.99641E-05 9.99641E-05 9.99641E-05
0.111805 0.0476993 0.275288 0.201579 0.363429 9.9982E-05 9.9982E-05
0.127196 0.202166 0.284169 9.9973E-05 0.386169 9.9973E-05 9.9973E-05
0.172247 9.9973E-05 0.249589 0.489969 0.0878947 9.9973E-05 9.9973E-05
9.9982E-05 0.119255 0.392468 0.126418 0.346105 0.0155537 9.9982E-05
0.00936834 0.213183 0.498606 9.9973E-05 0.278542 9.9973E-05 9.9973E-05
0.0488668 0.730244 0.220489 9.9964E-05 9.9964E-05 9.9964E-05 9.9964E-05
9.9964E-05 0.691587 9.9964E-05 0.160872 9.9964E-05 9.9964E-05 0.147141
9.9964E-05 0.782745 9.9964E-05 0.137058 9.9964E-05 9.9964E-05 0.0797977
9.9955E-05 0.631783 9.9955E-05 0.367718 9.9955E-05 9.9955E-05 9.9955E-05
9.9973E-05 0.787882 0.0783604 9.9973E-05 0.08661 0.0468477 9.9973E-05
9.9973E-05 0.213698 0.305354 0.349232 9.9973E-05 0.131416 9.9973E-05
0.0999554 0.537256 0.319869 9.9973E-05 0.0426195 9.9973E-05 9.9973E-05
0.0220892 0.133625 0.608519 0.235468 9.9973E-05 9.9973E-05 9.9973E-05
9.99729E-05 0.157984 0.55534 0.272638 9.99729E-05 0.0137373 9.99729E-05
0.109439 0.099725 0.537603 9.9973E-05 0.252933 9.9973E-05 9.9973E-05
0.135696 9.9982E-05 0.213102 0.0700399 9.9982E-05 0.474859 0.106103
0.230332 9.9973E-05 0.0876741 9.9973E-05 0.072115 0.609579 9.9973E-05
0.890349 9.9973E-05 0.0255685 0.0577415 9.9973E-05 0.0260415 9.9973E-05
0.426851 0.0945693 9.9982E-05 0.0848158 9.9982E-05 0.311504 0.0820597
0.644902 9.9973E-05 9.9973E-05 0.00820647 9.9973E-05 0.0890069 0.257585
0.70259 0.139962 9.9973E-05 0.0354499 9.9973E-05 9.9973E-05 0.121698
9.99639E-05 0.106818 9.99639E-05 9.99639E-05 9.99639E-05 0.0533682 0.839414
0.214439 9.9982E-05 0.0554802 9.9982E-05 0.0128814 0.0312343 0.685765
0.00259706 9.9973E-05 9.9973E-05 9.9973E-05 0.0489045 0.653492 0.294707
0.0495123 0.0257789 9.9973E-05 9.9973E-05 9.9973E-05 0.906745 0.0176635
0.145394 9.9982E-05 0.136542 9.9982E-05 0.00534848 0.509198 0.203317
0.390186 9.99641E-05 0.097907 9.99641E-05 9.99641E-05 0.511508 9.99641E-05
0.214088 9.9973E-05 0.113561 9.9973E-05 9.9973E-05 0.208511 0.46354
0.339452 9.9973E-05 0.0101883 9.9973E-05 9.9973E-05 0.38329 0.266769
0.146989 9.9973E-05 0.132035 9.9973E-05 9.9973E-05 0.114411 0.606265
0.412525 9.9973E-05 0.100168 9.9973E-05 9.9973E-05 0.251941 0.235065
0.226979 9.99639E-05 9.99639E-05 9.99639E-05 9.99639E-05 0.0769227 0.695698
0.721694 0.0618281 9.9982E-05 9.9982E-05 0.0424325 0.00476419 0.169081
0.578976 0.0154722 0.150816 9.9982E-05 9.9982E-05 0.194617 0.0599187
0.749125 0.0860565 9.9964E-05 9.9964E-05 9.9964E-05 9.9964E-05 0.164419
0.631586 9.9964E-05 9.9964E-05 9.9964E-05 0.0371969 9.9964E-05 0.330817
0.946411 9.9955E-05 9.9955E-05 9.9955E-05 0.0530897 9.9955E-05 9.9955E-05
0.584201 9.9973E-05 9.9973E-05 0.0396512 9.9973E-05 0.344156 0.031692
0.225258 0.0941979 9.99729E-05 9.99729E-05 9.99729E-05 0.174294 0.505951
0.695336 0.166178 9.9973E-05 9.9973E-05 9.9973E-05 0.0985485 0.0396375
0.0522371 0.0421169 0.0579434 0.117593 0.72991 9.9982E-05 9.9982E-05
0.105483 9.9964E-05 0.00949598 0.884621 9.9964E-05 9.9964E-05 9.9964E-05
0.124996 9.9964E-05 9.9964E-05 0.80927 0.0653342 9.9964E-05 9.9964E-05
9.9973E-05 0.117385 9.9973E-05 0.0302884 0.780824 0.0712027 9.9973E-05
9.9973E-05 0.2604 9.9973E-05 0.208172 0.503988 0.0271393 9.9973E-05
9.99641E-05 0.304167 9.99641E-05 0.380063 9.99641E-05 9.99641E-05 0.315371
9.99731E-05 0.150859 9.99731E-05 0.159432 0.459273 9.99731E-05 0.230136
9.9991E-05 0.156473 0.0709715 0.256423 0.361218 0.034842 0.119972
9.9964E-05 0.148073 9.9964E-05 9.9964E-05 0.794349 9.9964E-05 0.0571779
9.9973E-05 0.0413883 9.9973E-05 0.321146 0.482445 9.9973E-05 0.154721
0.069106 9.9973E-05 0.0580484 9.9973E-05 0.823358 9.9973E-05 0.049188
0.0370606 9.9964E-05 0.278329 9.9964E-05 0.68421 9.9964E-05 9.9964E-05
9.9973E-05 0.0621857 0.190904 9.9973E-05 0.723704 0.0229058 9.9973E-05
9.9973E-05 0.0821995 0.174196 9.9973E-05 0.670588 9.9973E-05 0.0727159
9.9964E-05 0.460207 9.9964E-05 9.9964E-05 0.445267 9.9964E-05 0.0941262
9.9973E-05 0.181412 0.199646 9.9973E-05 0.604678 9.9973E-05 0.0139642
0.0696852 9.9982E-05 0.0879486 9.9982E-05 0.824254 0.00497085 0.0129417
0.0678732 9.9973E-05 0.151826 9.9973E-05 0.729637 9.9973E-05 0.0503642
9.9982E-05 9.9982E-05 0.213115 0.125684 0.602722 0.0269415 0.031338
9.9973E-05 0.257847 9.9973E-05 0.412088 0.323122 0.00664338 9.9973E-05
9.9964E-05 0.0661412 9.9964E-05 0.448176 0.485283 9.9964E-05 9.9964E-05
9.9973E-05 0.0609308 0.0535088 0.588909 0.296352 9.9973E-05 9.9973E-05
9.9964E-05 0.0209336 9.9964E-05 0.653243 0.325423 9.9964E-05 9.9964E-05
9.9982E-05 0.166385 9.9982E-05 0.153247 0.653568 0.0264332 0.000167472
9.9964E-05 0.0752942 0.0319705 9.9964E-05 0.892335 9.9964E-05 9.9964E-05
9.9982E-05 0.173872 0.11025 0.129571 0.579873 0.00623341 9.9982E-05
9.9973E-05 0.12056 9.9973E-05 0.0644266 0.811783 0.00293032 9.9973E-05
9.9973E-05 0.0504487 9.9973E-05 0.0548237 0.843082 0.051346 9.9973E-05
9.9982E-05 0.000546585 0.0186555 0.142139 0.826656 9.9982E-05 0.0118033
0.0272667 9.9973E-05 0.0226512 0.134294 0.815488 9.9973E-05 9.9973E-05
9.9955E-05 9.9955E-05 9.9955E-05 0.174588 0.824912 9.9955E-05 9.9955E-05
9.99729E-05 0.147622 0.0830661 0.33766 0.431352 9.99729E-05 9.99729E-05
0.0633482 0.11691 9.9973E-05 0.383461 0.435981 9.9973E-05 9.9973E-05
9.9982E-05 0.0554149 0.0587264 0.215957 0.657461 9.9982E-05 0.0122412
9.9973E-05 0.135574 9.9973E-05 0.0786461 0.742914 9.9973E-05 0.042566
9.9973E-05 0.0873949 9.9973E-05 0.251868 0.64458 0.0158569 9.9973E-05
0.00846105 9.9973E-05 0.00597258 0.270149 0.715118 9.9973E-05 9.9973E-05
9.9973E-05 0.0494025 9.9973E-05 0.183403 0.766699 9.9973E-05 0.000195485
9.9973E-05 9.9973E-05 0.0766992 0.694375 0.15235 9.9973E-05 0.0762763
9.9964E-05 9.9964E-05 9.9964E-05 0.554571 0.341535 9.9964E-05 0.103494
9.9964E-05 9.9964E-05 9.9964E-05 0.447315 0.494318 9.9964E-05 0.0579671
9.9955E-05 9.9955E-05 9.9955E-05 0.187285 0.812216 9.9955E-05 9.9955E-05
0.0591012 9.9991E-05 0.0532808 0.0722535 0.772314 0.0174885 0.0254616
0.0325032 9.9973E-05 0.050627 0.178247 0.738323 9.9973E-05 9.9973E-05
9.9973E-05 0.0363587 9.9973E-05 0.16034 0.798037 9.9973E-05 0.00496395
0.111753 9.9982E-05 0.0967956 0.0908455 0.558337 0.142069 9.9982E-05
0.312059 9.9973E-05 9.9973E-05 0.126794 0.498852 9.9973E-05 0.0619953
9.9964E-05 0.101678 9.9964E-05 0.268022 0.6299 9.9964E-05 9.9964E-05
9.9973E-05 0.0376468 9.9973E-05 0.742162 0.204529 0.0153629 9.9973E-05
9.9973E-05 9.9973E-05 9.9973E-05 0.516217 0.398897 0.0249981 0.0595884
9.9973E-05 9.9973E-05 0.0401206 0.586921 0.366665 0.00599348 9.9973E-05
9.9955E-05 0.104976 9.9955E-05 0.894524 9.9955E-05 9.9955E-05 9.9955E-05
9.9973E-05 0.073132 9.9973E-05 0.288807 0.626464 0.0112966 9.9973E-05
9.9982E-05 0.016577 9.9982E-05 0.678414 0.284239 0.0189902 0.00157918
9.9973E-05 9.9973E-05 0.0209329 0.358924 0.611606 0.00823742 9.9973E-05
9.9973E-05 0.113679 0.0505164 0.426194 0.409311 9.9973E-05 9.9973E-05
0.0131279 9.9973E-05 9.9973E-05 0.555593 0.383379 9.9973E-05 0.0475999
0.244791 9.9964E-05 9.9964E-05 0.105715 9.9964E-05 9.9964E-05 0.649094
0.397805 0.020258 9.9982E-05 0.000833706 9.9982E-05 0.273177 0.307726
0.275245 0.0979584 9.9982E-05 0.019661 9.9982E-05 0.289487 0.317448
0.661468 0.0916783 9.9982E-05 0.0925204 9.9982E-05 0.0317 0.122434
0.606104 9.9982E-05 9.9982E-05 0.00843503 0.121143 0.181562 0.0825567
0.7833 9.9964E-05 9.9964E-05 9.9964E-05 9.9964E-05 0.119606 0.0966943
0.379378 9.998E-05 0.0127984 0.0281322 9.998E-05 0.157293 0.422199
0.22355 9.9973E-05 9.9973E-05 9.9973E-05 0.00652838 0.261785 0.507838
9.995E-05 9.995E-05 9.995E-05 9.995E-05 9.995E-05 9.995E-05 0.9994
0.685444 9.9982E-05 9.9982E-05 0.0409932 0.0381044 0.0569964 0.178263
0.87268 9.99641E-05 0.0590173 9.99641E-05 9.99641E-05 0.067903 9.99641E-05
0.920711 9.99551E-05 0.0787895 9.99551E-05 9.99551E-05 9.99551E-05 9.99551E-05
0.884932 0.0190182 9.9973E-05 9.9973E-05 0.0259507 0.0697988 9.9973E-05
