9.9973E-05 0.36845 0.131157 9.9973E-05 9.9973E-05 0.500092
0.00229823 0.311946 0.467439 9.9991E-05 0.033656 0.184561
0.0943499 0.406188 0.174483 0.01617 9.9991E-05 0.308709
0.0837838 0.398315 0.117733 0.0388088 9.9991E-05 0.36126
9.9973E-05 0.621541 9.9973E-05 0.06624 9.9973E-05 0.311919
0.0842756 0.392571 9.9982E-05 0.0254485 9.9982E-05 0.497505
0.110213 9.9973E-05 0.150747 9.9973E-05 0.73874 9.9973E-05
0.144975 0.142434 0.021182 9.9982E-05 0.691209 9.9982E-05
9.9982E-05 0.0172168 0.116282 0.0079419 0.858359 9.9982E-05
0.122565 9.9964E-05 9.9964E-05 9.9964E-05 0.877035 9.9964E-05
9.99639E-05 9.99639E-05 0.248209 9.99639E-05 0.751391 9.99639E-05
9.99729E-05 9.99729E-05 0.274908 9.99729E-05 0.67097 0.0538229
9.9982E-05 0.00075226 0.00011875 0.0967535 0.902176 9.9982E-05
9.99641E-05 9.99641E-05 9.99641E-05 0.0595459 0.940054 9.99641E-05
0.0885899 9.9973E-05 0.12101 9.9973E-05 0.7901 9.9973E-05
0.0355792 9.9973E-05 0.228282 9.9973E-05 0.735839 9.9973E-05
0.278318 0.276483 9.9982E-05 0.0226391 9.9982E-05 0.42236
0.726457 0.0791863 9.9982E-05 0.0724217 9.9982E-05 0.121735
0.293057 9.9991E-05 0.0192968 0.0526898 0.00284092 0.632016
0.2443 0.113494 9.9982E-05 0.109694 9.9982E-05 0.532312
0.553624 0.178845 9.9991E-05 0.0193796 0.00340651 0.244645
0.513443 9.9973E-05 9.9973E-05 0.0205599 9.9973E-05 0.465697
9.9982E-05 0.140142 0.25751 9.9982E-05 0.0419831 0.560164
9.9973E-05 0.143169 0.139178 9.9973E-05 9.9973E-05 0.717353
9.9973E-05 0.0595134 9.9973E-05 9.9973E-05 0.0588636 0.881323
0.0812981 0.152023 9.9973E-05 9.9973E-05 9.9973E-05 0.766379
0.0617543 0.307817 9.9982E-05 0.148702 9.9982E-05 0.481527
9.9982E-05 0.372637 9.9982E-05 0.0703269 0.0421398 0.514697
0.296095 0.591528 9.9973E-05 9.9973E-05 0.112077 9.9973E-05
0.453758 0.392643 9.9973E-05 9.9973E-05 0.153299 9.9973E-05
0.411641 9.9982E-05 0.388093 0.00474041 9.9982E-05 0.195326
0.264986 0.383497 0.0867541 0.0875982 9.9991E-05 0.177065
0.316535 0.300835 0.0196474 9.9982E-05 9.9982E-05 0.362782
9.9973E-05 9.9973E-05 0.0814487 9.9973E-05 0.0312447 0.887007
9.99639E-05 9.99639E-05 0.384188 9.99639E-05 9.99639E-05 0.615412
0.167074 0.172796 0.0531792 0.0465079 9.9991E-05 0.560343
9.9973E-05 9.9973E-05 0.253955 0.291123 9.9973E-05 0.454622
0.000248291 0.143375 0.0892535 0.109464 9.9991E-05 0.65756
0.129707 9.9991E-05 0.141291 0.00347376 0.0424823 0.682946
0.233862 0.0322824 9.9982E-05 0.0574784 9.9982E-05 0.676177
9.9973E-05 0.254771 0.275603 9.9973E-05 9.9973E-05 0.469326
9.9982E-05 0.479306 0.0618922 0.104338 9.9982E-05 0.354264
0.202582 0.225373 9.9982E-05 0.155005 9.9982E-05 0.41684
9.9982E-05 0.426877 0.101702 0.128257 9.9982E-05 0.342964
0.0770673 0.362792 0.00631649 9.9991E-05 0.0384955 0.515229
0.179426 0.107522 0.0414238 9.9982E-05 9.9982E-05 0.671428
0.761919 9.9973E-05 9.9973E-05 0.103584 9.9973E-05 0.134197
0.77953 0.070613 0.149557 9.9973E-05 9.9973E-05 9.9973E-05
0.773654 9.9964E-05 0.225946 9.9964E-05 9.9964E-05 9.9964E-05
0.691977 0.233443 0.0741633 9.9982E-05 9.9982E-05 0.000217115
0.858229 9.9991E-05 0.00631477 0.00777499 0.0170484 0.110533
0.261848 0.199015 0.0404096 9.9991E-05 0.143993 0.354634
0.583549 0.000172358 9.9982E-05 0.0666167 9.9982E-05 0.349462
0.201196 0.0681573 0.027997 0.0113551 9.9991E-05 0.691195
0.255554 0.101916 0.00516033 9.9991E-05 0.0376692 0.599601
0.124266 0.130213 9.9982E-05 0.101179 9.9982E-05 0.644142
9.9982E-05 9.9982E-05 0.118485 0.0746167 0.546112 0.260587
9.9982E-05 0.0269168 9.9982E-05 0.1628 0.633407 0.176676
9.9982E-05 0.0424666 0.0125308 0.936303 9.9982E-05 0.00849995
0.115944 9.9982E-05 0.13488 0.572446 0.176529 9.9982E-05
9.9973E-05 9.9973E-05 0.167733 0.648805 0.183163 9.9973E-05
0.147757 0.0122478 0.126898 0.712897 9.9982E-05 9.9982E-05
0.0435883 9.99729E-05 0.692237 9.99729E-05 0.263874 9.99729E-05
9.9982E-05 9.9982E-05 0.465672 0.248992 0.213488 0.0716483
9.9982E-05 0.0241229 0.177271 0.0520121 0.746394 9.9982E-05
0.0646333 9.9982E-05 9.9982E-05 0.0303734 0.896487 0.00830591
9.9982E-05 9.9982E-05 0.0588328 0.0817909 0.674508 0.184668
9.99731E-05 9.99731E-05 9.99731E-05 0.370754 0.521654 0.107292
9.9982E-05 9.9982E-05 0.412652 0.228205 0.317455 0.0414876
9.9982E-05 9.9982E-05 0.0683823 0.273976 0.618182 0.0392603
9.9982E-05 9.9982E-05 0.454379 0.211622 0.265951 0.0678477
9.9982E-05 9.9982E-05 0.022628 0.288468 0.566552 0.122151
9.9982E-05 0.0165058 0.441697 0.199492 0.342105 9.9982E-05
0.0891093 0.000949868 0.0476342 0.74459 0.117617 9.9991E-05
9.9973E-05 9.9973E-05 9.9973E-05 0.565067 0.24659 0.188043
0.119798 9.9982E-05 0.0536061 0.761623 0.0647729 9.9982E-05
9.9982E-05 0.0237204 0.189099 0.550387 0.236593 9.9982E-05
9.9964E-05 0.0274681 9.9964E-05 0.972132 9.9964E-05 9.9964E-05
0.0260505 9.9982E-05 0.0370126 0.62012 0.316616 9.9982E-05
0.0950482 9.9982E-05 0.302155 0.233308 0.369289 9.9982E-05
0.140379 9.9973E-05 0.0897086 0.769613 9.9973E-05 9.9973E-05
0.0119618 0.827458 9.9982E-05 0.0610321 9.9982E-05 0.0993479
9.99731E-05 0.700754 0.245345 9.99731E-05 9.99731E-05 0.0536006
9.9973E-05 0.735778 0.233719 0.0302026 9.9973E-05 9.9973E-05
0.0605596 0.807042 9.9982E-05 0.0749399 0.0572582 9.9982E-05
0.286501 0.650836 9.9973E-05 9.9973E-05 0.0623639 9.9973E-05
0.24244 0.200975 0.556285 9.9973E-05 9.9973E-05 9.9973E-05
0.0543596 0.526294 0.28227 0.0769315 9.9991E-05 0.0600448
0.066677 0.521689 0.245281 9.9991E-05 0.0241508 0.142102
0.0980337 0.778661 0.0241029 0.0990023 9.9982E-05 9.9982E-05
0.0322883 0.692853 0.274559 9.9973E-05 9.9973E-05 9.9973E-05
9.9982E-05 0.700918 0.0108573 0.180454 9.9982E-05 0.107571
9.9973E-05 0.498021 9.9973E-05 0.0898369 9.9973E-05 0.411842
0.0421382 0.592812 9.9982E-05 0.0501672 9.9982E-05 0.314682
9.9982E-05 0.595184 0.0779749 0.0968688 9.9982E-05 0.229773
0.396674 0.405259 0.139854 0.0199942 9.9991E-05 0.0381195
0.165724 0.476518 0.0203708 0.0283036 9.9991E-05 0.308984
9.9973E-05 0.685069 9.9973E-05 0.140778 9.9973E-05 0.173853
9.9973E-05 0.591545 9.9973E-05 0.111251 9.9973E-05 0.296904
9.9982E-05 0.584947 0.0427014 9.9982E-05 0.0494875 0.322664
0.223567 0.720849 0.0243875 9.9982E-05 0.0309974 9.9982E-05
0.104946 0.884646 9.9973E-05 9.9973E-05 9.9973E-05 0.0101084
0.118393 0.793918 0.0495441 9.9982E-05 9.9982E-05 0.0379455
0.00984736 0.857712 0.105737 9.9982E-05 0.0265034 9.9982E-05
0.172137 0.734231 0.0471982 0.0462334 9.9982E-05 9.9982E-05
0.0726836 0.751911 9.9982E-05 9.9982E-05 0.0257208 0.149485
0.13866 0.670382 9.9991E-05 0.00150038 0.00757408 0.181783
0.04196 0.899273 9.9982E-05 0.00433421 0.0542331 9.9982E-05
0.0193354 0.881409 9.9991E-05 0.0727039 0.0143804 0.012071
9.9982E-05 0.844887 9.9982E-05 0.033692 0.012519 0.108702
9.9973E-05 0.832569 9.9973E-05 0.0278477 9.9973E-05 0.139283
9.9964E-05 0.969315 9.9964E-05 9.9964E-05 9.9964E-05 0.030285
0.155347 0.645342 0.00264164 9.9982E-05 9.9982E-05 0.196469
0.159447 0.784073 9.9973E-05 0.0561802 9.9973E-05 9.9973E-05
0.0599644 0.720218 0.107941 9.9982E-05 9.9982E-05 0.111677
0.0724839 0.815844 0.00505053 0.0159024 9.9991E-05 0.0906189
0.094319 0.868896 9.9973E-05 9.9973E-05 0.0364854 9.9973E-05
0.00451507 0.940208 9.9973E-05 0.0549771 9.9973E-05 9.9973E-05
0.0754086 0.87216 0.0367492 0.00304537 0.0125365 9.9991E-05
9.9973E-05 0.626252 0.299212 9.9973E-05 9.9973E-05 0.0742362
9.9964E-05 0.728467 0.271133 9.9964E-05 9.9964E-05 9.9964E-05
9.9973E-05 0.798445 0.176844 0.0244115 9.9973E-05 9.9973E-05
9.9973E-05 0.935482 9.9973E-05 0.0163306 9.9973E-05 0.0478874
9.9982E-05 0.773849 9.9982E-05 0.0858436 0.0119294 0.128178
9.9982E-05 0.794659 0.0210697 0.0432432 9.9982E-05 0.140828
0.0441337 0.907711 9.9973E-05 0.0478554 9.9973E-05 9.9973E-05
9.9982E-05 0.586183 9.9982E-05 0.0871693 0.185264 0.141185
9.9973E-05 0.599668 9.9973E-05 0.310294 0.0897387 9.9973E-05
0.0661942 0.87398 0.0595263 9.9973E-05 9.9973E-05 9.9973E-05
0.0493482 0.753575 0.196777 9.9973E-05 9.9973E-05 9.9973E-05
9.9982E-05 0.779689 0.157519 9.9982E-05 0.0225229 0.0400689
9.9973E-05 0.803081 0.146809 9.9973E-05 9.9973E-05 0.0498102
9.9973E-05 0.6606 0.325495 9.9973E-05 9.9973E-05 0.0136045
0.0538714 0.90616 9.9982E-05 0.0192346 0.0205339 9.9982E-05
9.9973E-05 0.761571 0.159379 9.9973E-05 9.9973E-05 0.0787507
9.9982E-05 0.914259 0.0220698 9.9982E-05 0.0206772 0.0427944
0.0918545 0.687971 0.108018 9.9982E-05 9.9982E-05 0.111957
9.9964E-05 0.805885 0.193715 9.9964E-05 9.9964E-05 9.9964E-05
9.99639E-05 9.99639E-05 0.658806 0.340794 9.99639E-05 9.99639E-05
9.99729E-05 9.99729E-05 0.272422 0.444146 0.283132 9.99729E-05
0.0809027 9.9982E-05 0.240374 0.317185 0.361338 9.9982E-05
0.0566903 0.0883066 0.105217 0.721372 0.0207562 0.00765808
0.0145886 0.0941163 0.0718551 0.797902 0.0214378 9.9991E-05
0.00580552 9.9982E-05 0.0666198 0.848058 0.0793169 9.9982E-05
9.9991E-05 0.0240951 0.233659 0.305566 0.417689 0.0188912
9.99729E-05 9.99729E-05 0.399169 0.257244 0.343288 9.99729E-05
9.9964E-05 9.9964E-05 0.894333 9.9964E-05 0.105267 9.9964E-05
0.00421881 0.0872313 0.0852093 0.654389 0.168852 9.9991E-05
9.99731E-05 9.99731E-05 9.99731E-05 0.867274 0.0704751 0.0619508
9.9964E-05 9.9964E-05 9.9964E-05 0.950656 9.9964E-05 0.0489441
9.9982E-05 0.032676 9.9982E-05 0.842792 0.109529 0.0148027
