0.240592 0.757899 0.00150937
0.535841 0.464059 9.9991E-05
0.185828 0.779958 0.0342141
0.168413 0.750023 0.0815632
9.9991E-05 0.921203 0.0786966
0.00824564 0.888255 0.1035
0.574991 9.9991E-05 0.424909
0.366046 0.145547 0.488408
0.37311 9.9991E-05 0.62679
0.389368 9.9991E-05 0.610532
0.516854 9.9991E-05 0.483046
0.517615 9.9991E-05 0.482285
0.250937 9.9991E-05 0.748963
0.243968 9.9991E-05 0.755932
0.429708 9.9991E-05 0.570192
0.509899 9.9991E-05 0.490001
0.141858 0.743394 0.114748
0.496348 0.40469 0.0989614
0.293235 0.504472 0.202293
0.0138278 0.728533 0.25764
0.282279 0.605292 0.112429
0.294128 0.550965 0.154907
0.369974 0.538565 0.0914614
0.0339653 0.775075 0.19096
0.0446026 0.721627 0.23377
0.111894 0.779812 0.108294
9.9991E-05 0.741099 0.258801
9.9991E-05 0.772413 0.227487
0.220964 0.747518 0.0315181
0.33434 0.592324 0.0733357
0.641135 0.358765 9.9991E-05
0.278873 0.615338 0.105789
0.272399 0.727501 9.9991E-05
0.201391 0.605685 0.192925
0.558469 0.373875 0.0676557
0.176228 0.651505 0.172267
0.264397 0.334039 0.401564
0.147788 0.593709 0.258503
0.352977 0.497265 0.149757
0.153143 0.648816 0.198041
0.24287 0.75703 9.9991E-05
0.0517638 0.800639 0.147597
0.125832 0.666819 0.207349
0.0800926 0.711804 0.208103
0.169402 0.799681 0.0309173
0.198796 0.673876 0.127329
0.570145 0.262362 0.167493
0.682151 0.317749 9.9991E-05
0.819962 0.179938 9.9991E-05
0.519414 0.480486 9.9991E-05
0.596615 0.355542 0.0478433
0.298465 0.566848 0.134687
0.289414 0.518949 0.191637
0.235076 0.620724 0.1442
0.276616 0.592946 0.130438
0.0290608 0.745445 0.225495
0.240538 0.16623 0.593232
0.164796 0.119876 0.715328
9.9991E-05 0.0354743 0.964426
0.263944 0.0203822 0.715674
0.170307 9.9991E-05 0.829593
0.204335 0.0742963 0.721369
0.83842 9.9991E-05 0.16148
0.564722 0.0204365 0.414842
0.383064 0.00408909 0.612847
0.296311 9.9991E-05 0.703589
0.311331 0.039707 0.648962
0.0209796 0.00267524 0.976345
0.511723 9.9991E-05 0.488177
0.251592 9.9991E-05 0.748308
0.507819 0.0264896 0.465691
0.16098 0.0837019 0.755318
0.532472 9.9991E-05 0.467428
0.132397 0.0538687 0.813734
0.0537617 0.0740267 0.872212
0.127298 0.034353 0.838349
0.186843 0.0104256 0.802731
9.9991E-05 0.00165189 0.998248
0.134693 9.9991E-05 0.865207
0.505311 9.9991E-05 0.494589
0.110051 0.0547092 0.83524
9.9991E-05 0.935711 0.0641891
0.170479 0.829421 9.9991E-05
0.117642 0.854993 0.0273653
0.0013109 0.897738 0.100951
0.166776 0.820118 0.013106
0.72397 0.27593 9.9991E-05
0.315275 0.661523 0.0232024
0.307144 0.688631 0.00422537
0.0743292 0.870451 0.0552198
0.191577 0.808323 9.9991E-05
9.9991E-05 0.814275 0.185625
9.9991E-05 0.846597 0.153303
9.9991E-05 0.899888 0.100012
0.0532301 0.827022 0.119748
0.418411 0.579845 0.00174415
0.167802 0.805728 0.0264702
9.9991E-05 0.837649 0.162251
9.9991E-05 0.834155 0.165745
0.0454548 0.872838 0.0817072
0.185975 0.813925 9.9991E-05
0.023929 0.975971 9.9991E-05
0.0467774 0.953123 9.9991E-05
0.0902763 0.909624 9.9991E-05
0.111665 0.858569 0.0297659
9.9991E-05 0.975545 0.0243553
9.9991E-05 0.94073 0.0591697
9.9991E-05 0.957906 0.0419943
9.9991E-05 0.926509 0.0733911
9.9991E-05 0.967755 0.0321452
9.9991E-05 0.961862 0.0380382
9.999E-05 0.9998 9.999E-05
0.124759 0.875141 9.9991E-05
0.0839517 0.87862 0.0374283
0.132847 0.867053 9.9991E-05
0.0447239 0.943848 0.011428
9.9991E-05 0.972651 0.0272492
9.9991E-05 0.98614 0.01376
0.0102303 0.98967 9.9991E-05
0.22028 0.77962 9.9991E-05
0.180783 0.819117 9.9991E-05
0.0913675 0.908533 9.9991E-05
9.9991E-05 0.978847 0.0210526
9.9991E-05 0.891462 0.108438
9.9991E-05 0.924697 0.0752026
0.00415819 0.977245 0.0185972
9.9991E-05 0.673725 0.326175
9.9991E-05 0.62122 0.37868
0.0709522 0.928948 9.9991E-05
0.151439 0.848461 9.9991E-05
0.173735 0.826165 9.9991E-05
0.123122 0.876778 9.9991E-05
0.241374 0.758526 9.9991E-05
9.9991E-05 0.994251 0.00564932
0.153103 0.846797 9.9991E-05
9.9991E-05 0.990782 0.00911822
0.143858 0.856042 9.9991E-05
0.126818 0.873082 9.9991E-05
0.630329 0.0079669 0.361704
0.345976 9.9991E-05 0.653924
0.403684 9.9991E-05 0.596216
0.104141 0.1343 0.761559
0.00217737 0.142131 0.855692
0.044074 9.9991E-05 0.955826
0.350763 0.000358143 0.648879
0.49307 9.9991E-05 0.50683
0.909926 9.9991E-05 0.0899739
0.0713468 0.0903965 0.838257
9.999E-05 9.999E-05 0.9998
9.999E-05 9.999E-05 0.9998
9.9991E-05 0.0277172 0.972183
