0.205812 0.43025 9.9982E-05 0.250872 0.0983182 9.9982E-05 0.0145473
0.0564208 0.030734 0.111336 0.4181 0.142767 9.9991E-05 0.240543
0.195394 0.21964 0.0610999 0.164896 0.319409 9.9991E-05 0.0394618
0.0300032 0.214722 0.0545051 0.134728 0.557113 0.0088282 9.9991E-05
0.61552 0.195249 9.9964E-05 9.9964E-05 0.188831 9.9964E-05 9.9964E-05
0.0751555 0.294933 0.034245 0.0425315 0.552935 9.9982E-05 9.9982E-05
9.9964E-05 9.9964E-05 0.0909833 0.0283736 9.9964E-05 9.9964E-05 0.880243
0.166559 0.0895042 0.0294904 9.9982E-05 9.9982E-05 0.153989 0.560258
9.9964E-05 9.9964E-05 9.9964E-05 0.0547933 9.9964E-05 0.211183 0.733624
9.9973E-05 0.0580192 0.0050586 9.9973E-05 9.9973E-05 0.1442 0.792423
9.9973E-05 9.9973E-05 9.9973E-05 0.06589 0.0110744 0.0748615 0.847874
0.0930113 0.0480548 9.9964E-05 9.9964E-05 9.9964E-05 9.9964E-05 0.858534
0.0148416 0.0150687 9.9973E-05 9.9973E-05 9.9973E-05 0.364076 0.605714
9.99641E-05 0.0479672 9.99641E-05 9.99641E-05 9.99641E-05 0.394803 0.55683
9.9973E-05 9.9973E-05 0.0337442 0.0195602 9.9973E-05 0.191936 0.754459
9.99641E-05 9.99641E-05 9.99641E-05 0.0586332 9.99641E-05 0.07629 0.864677
0.402918 0.46444 0.132243 9.9964E-05 9.9964E-05 9.9964E-05 9.9964E-05
0.0874492 0.190213 0.680138 9.9973E-05 9.9973E-05 0.0419007 9.9973E-05
9.9973E-05 0.600461 0.216888 9.9973E-05 0.150496 0.0318544 9.9973E-05
0.181313 0.47046 0.134432 9.9982E-05 0.172321 0.0412739 9.9982E-05
0.278832 0.218427 0.476638 9.9982E-05 0.0256303 0.000272674 9.9982E-05
9.9964E-05 0.474172 0.478704 9.9964E-05 0.0467235 9.9964E-05 9.9964E-05
0.0389643 0.53254 9.9973E-05 0.272512 9.9973E-05 9.9973E-05 0.155684
0.223565 0.598241 9.9964E-05 0.177795 9.9964E-05 9.9964E-05 9.9964E-05
0.00161607 0.83562 9.9973E-05 0.0829615 0.0795029 9.9973E-05 9.9973E-05
0.039021 0.640658 9.9973E-05 0.156288 0.163734 9.9973E-05 9.9973E-05
0.34746 0.571879 9.9964E-05 9.9964E-05 9.9964E-05 0.080261 9.9964E-05
0.438167 0.49672 9.9973E-05 9.9973E-05 0.0244331 0.0403804 9.9973E-05
0.419781 0.0666527 0.29221 0.193009 9.9982E-05 9.9982E-05 0.0281475
0.410884 0.0507856 0.419118 0.0231182 9.9991E-05 0.0431003 0.0528932
9.9973E-05 0.0132391 0.499569 9.9973E-05 0.317175 9.9973E-05 0.169717
0.263434 0.100631 0.245477 9.9982E-05 0.309026 9.9982E-05 0.0812312
0.174255 0.199572 0.321178 9.99729E-05 0.304694 9.99729E-05 9.99729E-05
9.9964E-05 0.810163 9.9964E-05 0.155223 9.9964E-05 9.9964E-05 0.0342143
9.9964E-05 0.579049 9.9964E-05 0.217673 9.9964E-05 9.9964E-05 0.202878
0.247934 0.482995 0.128349 9.9982E-05 0.0742159 9.9982E-05 0.0663063
9.9982E-05 0.336423 0.0534044 9.9982E-05 0.227365 0.177668 0.204939
0.139095 0.727832 0.00660337 0.00476451 0.0531367 0.00113603 0.0674322
9.999E-05 0.578996 0.148464 0.151281 0.0284357 0.0240686 0.0686551
0.0494154 0.687843 0.162088 9.9982E-05 0.0792267 0.0212271 9.9982E-05
9.9964E-05 0.168254 9.9964E-05 0.489394 0.341952 9.9964E-05 9.9964E-05
0.141144 0.163599 0.0556252 0.110299 0.443458 0.0857739 9.9991E-05
9.9973E-05 0.135295 0.147338 9.9973E-05 0.619836 0.097231 9.9973E-05
9.9973E-05 0.1546 9.9973E-05 0.478233 0.24445 0.122417 9.9973E-05
0.0397851 0.337274 0.0226688 0.183972 0.4161 9.9982E-05 9.9982E-05
9.9964E-05 0.351999 0.148317 9.9964E-05 0.499284 9.9964E-05 9.9964E-05
9.9964E-05 0.235348 0.712128 9.9964E-05 9.9964E-05 0.052124 9.9964E-05
9.9973E-05 9.9973E-05 0.776716 0.149771 0.0417975 9.9973E-05 0.0314153
9.9955E-05 9.9955E-05 0.881785 0.117716 9.9955E-05 9.9955E-05 9.9955E-05
9.9964E-05 0.0242669 0.62431 0.351023 9.9964E-05 9.9964E-05 9.9964E-05
9.9973E-05 0.154842 0.78206 9.9973E-05 0.0150306 0.0477671 9.9973E-05
9.9982E-05 0.400106 0.201901 0.310367 9.9982E-05 0.0536391 0.0337868
0.067727 0.391643 0.482199 9.9973E-05 9.9973E-05 0.0581308 9.9973E-05
9.9973E-05 0.638438 0.105388 0.249726 9.9973E-05 0.00614808 9.9973E-05
9.9973E-05 0.630529 0.0713544 0.2967 9.9973E-05 9.9973E-05 0.00111685
0.120872 0.607277 0.0680747 9.9982E-05 0.164941 0.0386353 9.9982E-05
9.9973E-05 0.214831 9.9973E-05 0.157758 9.9973E-05 0.259981 0.36713
0.0375343 0.14487 9.9982E-05 0.048887 9.9982E-05 0.412967 0.355542
0.00486892 0.0234103 9.9982E-05 0.0669146 0.00794325 0.896663 9.9982E-05
9.9982E-05 0.00985524 0.0139583 0.130519 9.9982E-05 0.48256 0.362908
9.9964E-05 9.9964E-05 9.9964E-05 0.0513516 9.9964E-05 0.574625 0.373623
9.9982E-05 0.00978737 0.137878 0.0425817 9.9982E-05 0.65936 0.150193
9.9964E-05 9.9964E-05 0.187607 0.0674641 9.9964E-05 9.9964E-05 0.744529
9.9973E-05 0.0592211 0.00691986 9.9973E-05 0.168423 9.9973E-05 0.765136
9.9964E-05 9.9964E-05 9.9964E-05 9.9964E-05 0.0977769 0.147779 0.754044
9.99558E-05 9.99558E-05 9.99558E-05 9.99558E-05 9.99558E-05 0.347813 0.651687
0.0178505 0.153781 9.9973E-05 9.9973E-05 9.9973E-05 0.309647 0.518421
9.99641E-05 0.0921335 9.99641E-05 9.99641E-05 9.99641E-05 0.645891 0.261575
9.9973E-05 0.113876 9.9973E-05 0.0396879 9.9973E-05 0.156597 0.689539
9.9964E-05 0.147484 9.9964E-05 9.9964E-05 9.9964E-05 0.318981 0.533135
9.9973E-05 0.173117 9.9973E-05 9.9973E-05 0.075829 0.00129226 0.749462
0.00222788 0.162143 9.9973E-05 9.9973E-05 9.9973E-05 0.41406 0.421269
0.10551 0.0121526 9.9964E-05 9.9964E-05 9.9964E-05 9.9964E-05 0.881938
0.0376421 9.9982E-05 0.0373158 9.9982E-05 0.0510544 0.655155 0.218633
9.9964E-05 0.192941 9.9964E-05 9.9964E-05 9.9964E-05 0.65688 0.149779
9.9973E-05 9.9973E-05 0.15878 9.9973E-05 0.0153618 0.701301 0.124257
9.9964E-05 9.9964E-05 9.9964E-05 9.9964E-05 0.144692 0.487438 0.367471
9.9955E-05 9.9955E-05 9.9955E-05 9.9955E-05 0.0394351 0.960065 9.9955E-05
9.9973E-05 0.00551917 9.9973E-05 0.0553654 9.9973E-05 0.690435 0.248381
9.9973E-05 0.0646293 0.0882516 9.9973E-05 9.9973E-05 0.102191 0.744628
9.9973E-05 9.9973E-05 0.140687 9.9973E-05 0.0607649 0.696807 0.101441
0.843608 0.0761526 0.0610921 9.99731E-05 9.99731E-05 0.0188474 9.99731E-05
0.102051 9.9964E-05 9.9964E-05 0.761283 9.9964E-05 0.136266 9.9964E-05
0.247732 9.9964E-05 9.9964E-05 0.670175 9.9964E-05 0.0816935 9.9964E-05
0.766028 0.00284137 0.123215 9.9982E-05 0.105783 9.9982E-05 0.00193259
0.575571 9.9964E-05 0.333077 0.090952 9.9964E-05 9.9964E-05 9.9964E-05
9.99641E-05 9.99641E-05 0.541989 0.450203 9.99641E-05 9.99641E-05 0.00740757
9.99731E-05 9.99731E-05 0.0919789 0.193291 0.609424 9.99731E-05 0.105006
9.9973E-05 9.9973E-05 0.05534 0.363683 0.513414 9.9973E-05 0.0672638
0.335698 9.9964E-05 0.0846231 9.9964E-05 0.579279 9.9964E-05 9.9964E-05
0.203163 9.9973E-05 0.086364 0.383692 0.326481 9.9973E-05 9.9973E-05
0.228418 9.9964E-05 9.9964E-05 9.9964E-05 0.737314 0.0338687 9.9964E-05
9.9955E-05 0.110336 9.9955E-05 9.9955E-05 0.889164 9.9955E-05 9.9955E-05
0.382976 0.120911 9.9964E-05 9.9964E-05 0.495714 9.9964E-05 9.9964E-05
0.0872747 0.0462959 0.0470843 0.0722584 0.746887 9.9982E-05 9.9982E-05
9.99639E-05 9.99639E-05 0.406537 9.99639E-05 0.587295 9.99639E-05 0.00576806
0.0737603 0.062146 0.132156 0.086518 0.64522 9.9982E-05 9.9982E-05
0.298962 9.9964E-05 9.9964E-05 9.9964E-05 0.662404 0.038235 9.9964E-05
0.249357 0.0651662 9.9973E-05 9.9973E-05 0.673192 0.0119841 9.9973E-05
0.214595 0.134019 9.9982E-05 0.174235 0.465767 9.9982E-05 0.0111846
0.437806 9.9964E-05 0.241974 0.31982 9.9964E-05 9.9964E-05 9.9964E-05
0.598848 0.013104 0.0418826 0.3051 0.0408654 9.9982E-05 9.9982E-05
0.464357 0.0538721 0.0178893 0.463581 9.9973E-05 9.9973E-05 9.9973E-05
0.513514 0.00329536 9.9964E-05 0.48279 9.9964E-05 9.9964E-05 9.9964E-05
0.733828 9.9982E-05 0.182633 0.0155209 0.030744 9.9982E-05 0.0370739
0.856133 0.091556 0.0519114 9.9964E-05 9.9964E-05 9.9964E-05 9.9964E-05
0.699307 0.171587 0.10306 0.0257462 9.9973E-05 9.9973E-05 9.9973E-05
0.934139 9.9955E-05 0.0653608 9.9955E-05 9.9955E-05 9.9955E-05 9.9955E-05
0.876114 9.9973E-05 0.0427401 9.9973E-05 0.0609033 0.0199429 9.9973E-05
0.786093 0.0211482 9.9982E-05 0.0529801 0.12038 9.9982E-05 0.0191994
0.824408 0.112785 9.9964E-05 9.9964E-05 0.0624066 9.9964E-05 9.9964E-05
0.880875 0.0198923 9.9964E-05 0.098833 9.9964E-05 9.9964E-05 9.9964E-05
0.425391 0.0211087 0.142124 0.258499 0.152678 9.9982E-05 9.9982E-05
0.481212 9.9982E-05 0.0989625 0.234864 0.128372 0.0563899 9.9982E-05
0.546904 0.0238225 0.088251 0.190319 0.150504 9.9982E-05 9.9982E-05
0.700838 9.99731E-05 0.061455 0.0693574 0.16805 9.99731E-05 9.99731E-05
0.807186 9.99641E-05 0.108047 0.0843671 9.99641E-05 9.99641E-05 9.99641E-05
0.858006 0.0303452 9.9964E-05 0.111249 9.9964E-05 9.9964E-05 9.9964E-05
0.670696 9.9973E-05 0.0535169 0.142901 0.132586 9.9973E-05 9.9973E-05
0.269711 0.0341397 9.9964E-05 0.695749 9.9964E-05 9.9964E-05 9.9964E-05
0.278162 9.9964E-05 9.9964E-05 0.576114 0.145325 9.9964E-05 9.9964E-05
0.594169 9.9973E-05 9.9973E-05 0.345328 0.0480711 0.0121323 9.9973E-05
0.828864 9.9964E-05 9.9964E-05 0.0174482 0.153288 9.9964E-05 9.9964E-05
0.72798 0.0163121 9.9982E-05 0.0237377 0.175556 9.9982E-05 0.0562141
0.662591 0.010272 9.9982E-05 0.13881 0.144796 0.0433306 9.9982E-05
0.877718 9.9982E-05 0.0171108 0.0170815 0.047513 9.9982E-05 0.0403764
0.633064 0.167904 9.9973E-05 9.9973E-05 9.9973E-05 0.117752 0.0809794
0.65589 9.9964E-05 9.9964E-05 9.9964E-05 9.9964E-05 0.24732 0.0963903
0.744254 9.9964E-05 0.0669466 0.188399 9.9964E-05 9.9964E-05 9.9964E-05
0.35064 9.9964E-05 0.0204006 0.62856 9.9964E-05 9.9964E-05 9.9964E-05
0.482903 9.9973E-05 9.9973E-05 0.413426 0.0734768 9.9973E-05 0.0298946
0.364561 9.9973E-05 9.9973E-05 0.509292 0.105984 0.0198637 9.9973E-05
0.197003 0.012647 0.0329892 0.757061 9.9973E-05 9.9973E-05 9.9973E-05
0.864215 9.9964E-05 0.080042 0.0553434 9.9964E-05 9.9964E-05 9.9964E-05
0.371032 9.9973E-05 0.0237363 0.503023 0.101909 9.9973E-05 9.9973E-05
0.62097 0.00308333 9.9973E-05 0.267955 0.107692 9.9973E-05 9.9973E-05
0.35756 9.99729E-05 0.0925804 0.366564 0.182996 9.99729E-05 9.99729E-05
0.598592 9.9973E-05 0.00925474 0.365392 9.9973E-05 9.9973E-05 0.0264604
9.9982E-05 9.9982E-05 0.0836826 0.148335 0.0421917 0.0599554 0.665635
9.9982E-05 9.9982E-05 0.0412715 0.00922354 0.0483248 0.419454 0.481526
9.9973E-05 9.9973E-05 0.132052 0.0208532 9.9973E-05 0.284477 0.562318
9.99729E-05 9.99729E-05 0.0353213 0.182947 9.99729E-05 0.651924 0.129507
9.9982E-05 9.9982E-05 0.0287281 0.0374807 0.0733435 0.733093 0.127155
0.00575379 9.9973E-05 0.030519 9.9973E-05 9.9973E-05 0.836679 0.126749
9.9964E-05 9.9964E-05 9.9964E-05 0.0914106 9.9964E-05 0.391157 0.517032
9.9964E-05 9.9964E-05 9.9964E-05 9.9964E-05 0.0839517 0.121199 0.79445
9.99551E-05 9.99551E-05 9.99551E-05 0.231563 9.99551E-05 9.99551E-05 0.767937
0.0994281 9.9973E-05 9.9973E-05 0.00087222 9.9973E-05 0.686818 0.212581
9.99551E-05 0.0812918 9.99551E-05 9.99551E-05 9.99551E-05 0.918208 9.99551E-05
9.99551E-05 0.0611063 9.99551E-05 9.99551E-05 9.99551E-05 0.938394 9.99551E-05
0.0421528 0.0152092 9.99641E-05 9.99641E-05 9.99641E-05 0.942238 9.99641E-05
