9.99729E-05 0.12324 9.99729E-05 9.99729E-05 0.0486636 0.267449 0.560348
9.9982E-05 0.202554 9.9982E-05 0.116225 0.334095 0.0951982 0.251728
0.120133 0.0383149 9.9982E-05 9.9982E-05 0.169121 0.390417 0.281813
9.9973E-05 9.9973E-05 0.0414699 9.9973E-05 0.213802 0.407912 0.336516
0.0227501 0.0279071 9.9973E-05 9.9973E-05 9.9973E-05 0.743345 0.205698
0.111669 9.9982E-05 0.00150555 9.9982E-05 0.0410345 0.451544 0.394046
0.0860017 0.0279099 9.9964E-05 0.885689 9.9964E-05 9.9964E-05 9.9964E-05
0.236517 0.071889 0.0608154 0.630479 9.9973E-05 9.9973E-05 9.9973E-05
9.9964E-05 0.0631683 0.167705 0.768727 9.9964E-05 9.9964E-05 9.9964E-05
0.11502 9.9973E-05 0.0859958 0.76598 9.9973E-05 9.9973E-05 0.0327046
9.9973E-05 0.0397423 0.00480748 0.920974 9.9973E-05 9.9973E-05 0.034176
9.9964E-05 9.9964E-05 9.9964E-05 0.866846 9.9964E-05 0.0788178 0.0539359
9.9964E-05 9.9964E-05 0.35536 0.62603 9.9964E-05 9.9964E-05 0.0182103
0.0792912 9.9964E-05 0.305953 0.614356 9.9964E-05 9.9964E-05 9.9964E-05
0.0627804 9.9982E-05 0.0949477 0.782759 0.056316 9.9982E-05 0.00299679
0.049023 0.0456218 0.0124257 0.89263 9.99731E-05 9.99731E-05 9.99731E-05
0.579558 0.10117 9.9964E-05 9.9964E-05 9.9964E-05 0.318872 9.9964E-05
0.649068 0.0587664 9.9964E-05 9.9964E-05 0.291766 9.9964E-05 9.9964E-05
0.473956 9.9991E-05 0.0322123 0.02012 0.0368858 0.0837369 0.352989
0.605065 9.9973E-05 0.00318393 9.9973E-05 9.9973E-05 0.321335 0.0701164
0.520804 9.99639E-05 9.99639E-05 9.99639E-05 0.202824 0.275973 9.99639E-05
0.761482 9.9973E-05 9.9973E-05 9.9973E-05 0.130375 0.0412978 0.0665453
0.105083 0.205106 9.9982E-05 0.170926 9.9982E-05 0.0425328 0.476153
9.9973E-05 0.181647 0.0460138 9.9973E-05 9.9973E-05 0.128878 0.643161
0.191061 9.9973E-05 0.0106976 9.9973E-05 9.9973E-05 0.184498 0.613444
0.312685 0.0975078 9.9973E-05 9.9973E-05 9.9973E-05 0.154083 0.435424
0.610918 9.9973E-05 0.00468479 9.9973E-05 9.9973E-05 0.37608 0.00801797
0.308642 9.9973E-05 0.0188495 9.9973E-05 9.9973E-05 0.462974 0.209235
0.302053 0.345593 0.00594748 0.0235537 0.12774 0.195013 9.9991E-05
0.3062 0.113991 0.0102798 0.0577934 0.255394 0.256241 9.9991E-05
0.165741 9.9982E-05 9.9982E-05 0.0897396 0.571749 0.0704185 0.102152
0.227101 9.9973E-05 9.9973E-05 0.109803 0.21538 0.447417 9.9973E-05
0.316711 9.9973E-05 9.9973E-05 9.9973E-05 0.177146 0.404413 0.10143
0.0429289 9.9982E-05 0.0058766 0.0380847 9.9982E-05 0.0243244 0.888585
9.99639E-05 9.99639E-05 9.99639E-05 0.0832846 0.187909 9.99639E-05 0.728406
0.453383 9.9982E-05 9.9982E-05 0.0118156 0.0544438 0.232215 0.247943
9.9964E-05 9.9964E-05 0.301825 9.9964E-05 0.257186 9.9964E-05 0.440589
0.346833 9.9982E-05 0.0340843 0.0398575 9.9982E-05 0.137937 0.441088
0.270647 0.0483983 0.019487 9.9982E-05 0.213327 9.9982E-05 0.44794
0.505816 9.9973E-05 9.9973E-05 9.9973E-05 0.0146885 0.174501 0.304695
9.9964E-05 0.356395 9.9964E-05 9.9964E-05 0.19044 9.9964E-05 0.452766
0.0843941 0.101377 0.0722463 9.9991E-05 0.121527 0.334562 0.285793
9.9973E-05 9.9973E-05 0.134795 9.9973E-05 0.173206 0.343106 0.348592
9.9973E-05 0.445418 0.16728 9.9973E-05 9.9973E-05 0.0959531 0.291049
0.125079 0.0769365 9.9982E-05 9.9982E-05 0.00045112 0.341512 0.455821
0.0876185 9.9982E-05 0.0345042 9.9982E-05 0.173016 0.210329 0.494332
0.732029 9.9964E-05 9.9964E-05 0.041316 0.226255 9.9964E-05 9.9964E-05
0.371651 0.0513594 9.9973E-05 0.0426118 0.534078 9.9973E-05 9.9973E-05
0.270446 0.00071903 9.9964E-05 9.9964E-05 0.728435 9.9964E-05 9.9964E-05
0.239124 0.178182 9.9964E-05 9.9964E-05 0.582294 9.9964E-05 9.9964E-05
0.532532 9.99549E-05 9.99549E-05 9.99549E-05 0.466968 9.99549E-05 9.99549E-05
0.426301 0.373637 9.9973E-05 0.065646 9.9973E-05 9.9973E-05 0.134116
0.677117 0.0510372 0.0495526 9.9982E-05 0.140318 9.9982E-05 0.0817747
0.470199 0.264636 9.9964E-05 9.9964E-05 9.9964E-05 9.9964E-05 0.264766
0.475789 0.281703 9.99639E-05 9.99639E-05 9.99639E-05 9.99639E-05 0.242109
0.469573 9.9973E-05 0.0026718 9.9973E-05 9.9973E-05 0.272054 0.255401
9.9973E-05 0.0193529 0.235732 0.432753 9.9973E-05 9.9973E-05 0.311863
9.9982E-05 0.0259934 0.421633 0.34173 9.9982E-05 0.00901682 0.201427
9.9964E-05 0.0919074 0.887695 9.9964E-05 9.9964E-05 9.9964E-05 0.0199982
0.0843507 0.0970215 0.449873 0.368455 9.9973E-05 9.9973E-05 9.9973E-05
9.9973E-05 0.0446378 0.547624 0.394598 0.01284 9.9973E-05 9.9973E-05
0.11107 0.0380851 0.579359 0.191306 0.0799796 9.9982E-05 9.9982E-05
9.99639E-05 9.99639E-05 9.99639E-05 0.658805 0.321442 9.99639E-05 0.0193528
0.0390561 9.9982E-05 9.9982E-05 0.798064 0.00561608 0.080847 0.0762166
9.9982E-05 9.9982E-05 0.173301 0.713557 0.0403767 0.0678499 0.00471544
9.9964E-05 9.9964E-05 0.304481 0.631785 9.9964E-05 9.9964E-05 0.063334
9.9973E-05 9.9973E-05 0.203802 0.589257 9.9973E-05 0.0465001 0.160142
9.99641E-05 9.99641E-05 0.614102 0.226738 9.99641E-05 9.99641E-05 0.158761
9.997E-05 9.997E-05 0.112792 0.659642 0.0787401 9.997E-05 0.148526
0.0448254 9.9973E-05 0.291701 0.60256 9.9973E-05 9.9973E-05 0.0606142
9.9964E-05 9.9964E-05 9.9964E-05 0.78715 9.9964E-05 0.0640735 0.148376
9.997E-05 9.997E-05 0.426158 0.422933 9.997E-05 0.0400289 0.110579
9.9973E-05 0.0226804 9.9973E-05 0.896673 9.9973E-05 0.0501072 0.030239
0.158427 9.9973E-05 0.56208 0.263441 9.9973E-05 0.015752 9.9973E-05
0.133634 9.9973E-05 0.641419 0.167842 9.9973E-05 9.9973E-05 0.0568054
0.033253 9.9973E-05 0.762737 0.0648876 0.138823 9.9973E-05 9.9973E-05
9.997E-05 9.997E-05 0.495406 0.387066 0.0690335 0.0481953 9.997E-05
9.9964E-05 9.9964E-05 0.971286 9.9964E-05 0.0186083 0.00970606 9.9964E-05
9.9973E-05 0.0169771 0.626499 0.348193 9.9973E-05 9.9973E-05 0.0080309
0.15818 9.9973E-05 0.0372454 0.791297 0.012978 9.9973E-05 9.9973E-05
9.9973E-05 9.9973E-05 0.754662 0.0459721 0.184493 9.9973E-05 0.0145727
0.17366 0.14571 9.99641E-05 9.99641E-05 9.99641E-05 0.680229 9.99641E-05
0.0645603 0.854073 0.0809666 9.9964E-05 9.9964E-05 9.9964E-05 9.9964E-05
0.0116954 0.820266 0.105422 9.9973E-05 9.9973E-05 0.0623168 9.9973E-05
9.9982E-05 0.0304836 0.0220308 0.0400676 0.147258 0.75996 9.9982E-05
0.126339 0.191348 9.9973E-05 9.9973E-05 0.235225 0.446788 9.9973E-05
9.99551E-05 0.0694554 9.99551E-05 9.99551E-05 0.930045 9.99551E-05 9.99551E-05
9.9982E-05 0.0396048 9.9982E-05 0.0208594 0.39438 0.412634 0.132322
9.9982E-05 0.0918694 0.00948447 9.9982E-05 0.380652 0.323748 0.194046
9.9955E-05 9.9955E-05 9.9955E-05 9.9955E-05 0.201844 0.797656 9.9955E-05
9.9964E-05 0.26043 9.9964E-05 9.9964E-05 0.336175 0.402995 9.9964E-05
9.9973E-05 9.9973E-05 0.112164 9.9973E-05 0.108356 0.766135 0.013046
9.9973E-05 9.9973E-05 0.0624426 9.9973E-05 0.0712418 0.641579 0.224436
0.0229271 9.9982E-05 0.0222454 9.9982E-05 0.0583787 0.705034 0.191215
9.9973E-05 9.9973E-05 0.0468021 9.9973E-05 0.199561 0.639972 0.113366
9.99639E-05 9.99639E-05 0.0404567 9.99639E-05 0.563032 0.396111 9.99639E-05
0.0613234 9.9973E-05 9.9973E-05 9.9973E-05 0.226534 0.576306 0.135537
9.9973E-05 9.9973E-05 0.0795617 9.9973E-05 0.0686682 0.777539 0.0739316
9.9973E-05 9.9973E-05 0.0432357 9.9973E-05 0.0614057 0.767038 0.12802
9.9973E-05 0.124669 9.9973E-05 0.0647951 9.9973E-05 0.600333 0.209903
0.178444 0.433977 9.9973E-05 9.9973E-05 0.139711 0.247568 9.9973E-05
0.0664106 0.482959 9.9973E-05 9.9973E-05 0.000623281 0.449707 9.9973E-05
0.0978956 0.611266 9.9973E-05 9.9973E-05 9.9973E-05 0.262575 0.027964
0.0254895 0.618692 9.9964E-05 9.9964E-05 9.9964E-05 0.355418 9.9964E-05
9.9973E-05 0.133902 9.9973E-05 0.052003 0.210434 0.603361 9.9973E-05
0.173847 0.101135 9.9964E-05 9.9964E-05 9.9964E-05 0.724618 9.9964E-05
0.277336 0.232934 9.9964E-05 9.9964E-05 9.9964E-05 0.489331 9.9964E-05
0.100494 0.238284 9.9964E-05 9.9964E-05 9.9964E-05 0.660822 9.9964E-05
0.0362488 0.0779073 0.00919449 0.00414178 0.0777156 0.794692 9.9991E-05
0.0166877 0.148019 9.9982E-05 0.0234327 9.9982E-05 0.806742 0.00491852
9.9964E-05 0.180451 9.9964E-05 9.9964E-05 9.9964E-05 0.771319 0.0478295
0.0161919 0.271368 9.9964E-05 9.9964E-05 9.9964E-05 0.71204 9.9964E-05
0.0361499 0.189454 9.9982E-05 9.9982E-05 0.197263 0.455665 0.121269
0.24066 0.409631 0.0202025 9.9973E-05 9.9973E-05 0.329206 9.9973E-05
0.0343938 0.22248 9.9982E-05 9.9982E-05 0.122078 0.581791 0.039056
0.0387905 0.197764 9.9973E-05 9.9973E-05 0.0962558 0.66689 9.9973E-05
0.0269438 0.227257 9.99731E-05 9.99731E-05 0.0599629 0.685536 9.99731E-05
0.0470736 0.336184 9.9964E-05 9.9964E-05 9.9964E-05 0.616343 9.9964E-05
0.00102633 0.1503 9.9973E-05 9.9973E-05 0.15234 0.696034 9.9973E-05
9.9955E-05 0.795696 9.9955E-05 9.9955E-05 9.9955E-05 9.9955E-05 0.203804
9.9973E-05 0.622934 9.9973E-05 9.9973E-05 0.077995 0.251778 0.0469926
9.9973E-05 0.511975 9.9973E-05 0.0294612 0.000497916 0.457766 9.9973E-05
9.9955E-05 0.201617 9.9955E-05 9.9955E-05 9.9955E-05 0.797884 9.9955E-05
0.062941 0.137766 9.9973E-05 0.0819209 9.9973E-05 0.717072 9.9973E-05
9.9973E-05 0.26108 0.0280379 9.9973E-05 9.9973E-05 0.648473 0.0621092
0.059854 0.255288 9.9964E-05 9.9964E-05 9.9964E-05 0.684458 9.9964E-05
9.9982E-05 0.183236 0.161121 0.083298 9.9982E-05 0.479541 0.0926041
9.997E-05 0.093761 0.208828 0.180708 9.997E-05 0.516403 9.997E-05
0.0296718 0.323083 9.9973E-05 9.9973E-05 0.0894544 0.557491 9.9973E-05
9.9964E-05 0.7514 9.9964E-05 9.9964E-05 0.0595566 0.188643 9.9964E-05
9.9982E-05 0.446635 9.9982E-05 0.0219264 0.0695344 0.365768 0.0959368
9.9964E-05 0.620877 9.9964E-05 9.9964E-05 9.9964E-05 0.263714 0.115009
0.0136329 0.865938 9.9973E-05 9.9973E-05 0.0638001 9.9973E-05 0.0563291
0.0235134 0.306864 9.9973E-05 9.9973E-05 0.0515915 0.617731 9.9973E-05
9.9964E-05 0.663127 9.9964E-05 9.9964E-05 9.9964E-05 0.206145 0.130328
9.9964E-05 0.427293 9.9964E-05 9.9964E-05 9.9964E-05 0.571454 0.000853766
9.997E-05 0.31509 9.997E-05 9.997E-05 0.178622 0.417213 0.0887752
0.00894918 0.658902 9.9973E-05 0.0320989 9.9973E-05 0.299751 9.9973E-05
9.9973E-05 0.134893 0.0338802 0.669147 0.16178 9.9973E-05 9.9973E-05
9.9982E-05 0.0115096 0.372244 0.506486 0.028041 0.0815193 9.9982E-05
0.0263023 0.0240414 0.197619 0.597562 0.154275 9.9982E-05 9.9982E-05
9.99729E-05 0.091388 0.659085 0.0932507 0.155976 9.99729E-05 9.99729E-05
9.9982E-05 0.0330207 0.645775 0.108972 0.133232 0.0788004 9.9982E-05
9.9964E-05 9.9964E-05 0.795999 0.172063 0.0315381 9.9964E-05 9.9964E-05
9.9982E-05 0.0409096 0.263938 0.609536 9.9982E-05 0.0487913 0.0366247
9.9982E-05 9.9982E-05 0.113042 0.767433 0.0828578 0.029031 0.00743574
9.99641E-05 0.00173368 9.99641E-05 0.624165 0.373702 9.99641E-05 9.99641E-05
9.9982E-05 0.0406664 0.608511 0.315954 0.00961933 0.025049 9.9982E-05
0.0539216 9.99641E-05 0.937346 9.99641E-05 9.99641E-05 9.99641E-05 0.0083327
0.0425543 9.9964E-05 0.940373 9.9964E-05 9.9964E-05 9.9964E-05 0.0166728
0.104687 9.9973E-05 0.857787 0.0279688 9.9973E-05 0.0092579 9.9973E-05
