0.184288 0.187317 0.0193835 9.9982E-05 9.9982E-05 0.000963717 0.163468 0.444381
0.432073 0.026821 0.277549 9.9991E-05 0.0121977 0.00814972 0.165091 0.0780188
0.0672507 0.298342 0.100845 9.9982E-05 9.9982E-05 0.0679381 0.264611 0.200813
0.163021 9.9982E-05 9.9982E-05 0.0319571 0.00131155 0.0320831 0.625527 0.1459
9.9955E-05 0.581611 9.9955E-05 9.9955E-05 9.9955E-05 9.9955E-05 0.212622 0.205268
9.9964E-05 0.133184 9.9964E-05 9.9964E-05 9.9964E-05 0.0518118 0.552033 0.262572
0.00239864 9.9964E-05 0.252881 9.9964E-05 0.652582 0.091738 9.9964E-05 9.9964E-05
0.0301215 0.160039 0.0169254 9.9973E-05 0.665236 0.127378 9.9973E-05 9.9973E-05
9.9964E-05 9.9964E-05 0.0432592 0.0016087 0.892082 9.9964E-05 0.0626498 9.9964E-05
9.9964E-05 9.9964E-05 0.0223243 9.9964E-05 0.820486 0.0874619 9.9964E-05 0.0693279
0.0427627 9.99639E-05 0.19217 9.99639E-05 0.754409 9.99639E-05 0.0102586 9.99639E-05
9.9973E-05 0.0595687 0.5352 0.0290203 0.349268 9.9973E-05 9.9973E-05 0.0266423
9.9964E-05 0.00141173 0.11777 0.209193 0.671225 9.9964E-05 9.9964E-05 9.9964E-05
9.9955E-05 9.9955E-05 9.9955E-05 0.0615392 0.927424 0.0105372 9.9955E-05 9.9955E-05
0.00410519 0.00710206 0.140304 9.9982E-05 0.772463 0.0630281 0.0127978 9.9982E-05
0.0396683 9.99641E-05 0.270375 9.99641E-05 0.666939 0.0226175 9.99641E-05 9.99641E-05
9.9964E-05 0.366298 9.9964E-05 0.00371089 9.9964E-05 0.284129 9.9964E-05 0.345462
0.069255 0.131972 9.9991E-05 0.0396367 0.0541963 0.637313 0.046258 0.0212694
0.044433 0.0316755 9.9982E-05 0.0459152 9.9982E-05 0.291345 0.0945613 0.49187
9.9973E-05 0.211781 9.9973E-05 0.088236 9.9973E-05 0.20429 0.14626 0.349134
9.9964E-05 0.21868 9.9964E-05 9.9964E-05 9.9964E-05 0.586696 0.0796903 0.114533
9.99639E-05 9.99639E-05 9.99639E-05 0.0258741 9.99639E-05 0.561526 0.163493 0.248707
0.0640673 0.192564 0.186772 9.9964E-05 9.9964E-05 9.9964E-05 9.9964E-05 0.556197
9.9955E-05 0.31948 0.0227824 9.9955E-05 9.9955E-05 9.9955E-05 9.9955E-05 0.657238
9.99551E-05 0.118285 9.99551E-05 9.99551E-05 9.99551E-05 9.99551E-05 0.0449558 0.836259
0.0596305 0.119752 9.9973E-05 9.9973E-05 9.9973E-05 0.0628594 0.238748 0.518711
9.9964E-05 0.425502 9.9964E-05 0.123256 9.9964E-05 0.0529406 9.9964E-05 0.397901
9.9973E-05 0.412312 9.9973E-05 0.0477509 0.0247302 9.9973E-05 0.113361 0.401546
0.232985 0.421842 9.9964E-05 9.9964E-05 0.0498555 0.294917 9.9964E-05 9.9964E-05
0.175512 0.233806 9.9973E-05 9.9973E-05 0.145822 0.352187 0.0923733 9.9973E-05
9.9955E-05 9.9955E-05 0.351585 9.9955E-05 9.9955E-05 0.330143 0.317772 9.9955E-05
9.9973E-05 0.240943 0.203688 9.9973E-05 9.9973E-05 0.202909 0.34359 0.00857019
9.99639E-05 0.102837 9.99639E-05 9.99639E-05 9.99639E-05 0.280832 0.46758 0.148351
0.0458389 9.9964E-05 9.9964E-05 9.9964E-05 0.0304676 9.9964E-05 0.00872445 0.914569
0.0177011 9.99549E-05 0.274992 9.99549E-05 9.99549E-05 9.99549E-05 9.99549E-05 0.706807
9.9982E-05 0.258587 0.0249075 0.00166957 9.9982E-05 0.215765 0.0546664 0.444205
9.9973E-05 9.9973E-05 0.2705 0.193842 9.9973E-05 0.0107304 0.157766 0.366862
9.9982E-05 0.177191 0.013075 0.0781142 9.9982E-05 0.0481508 0.0311416 0.652127
0.175954 9.9973E-05 9.9973E-05 0.0806423 9.9973E-05 0.160376 0.0793517 0.503375
9.9973E-05 0.0546046 9.9973E-05 0.0139829 9.9973E-05 0.199426 0.167239 0.564448
0.512177 9.9955E-05 9.9955E-05 9.9955E-05 9.9955E-05 9.9955E-05 0.303212 0.184111
0.175827 0.211627 9.9982E-05 0.107272 9.9982E-05 0.0113595 0.361104 0.132611
9.9982E-05 0.0914937 0.00520583 0.15194 9.9982E-05 0.119592 0.526211 0.105357
0.483391 9.99639E-05 9.99639E-05 0.142367 9.99639E-05 9.99639E-05 0.169404 0.204438
0.116796 0.0268201 9.9973E-05 9.9973E-05 9.9973E-05 0.0612868 0.533918 0.260879
9.9955E-05 9.9955E-05 9.9955E-05 9.9955E-05 9.9955E-05 0.136291 0.574092 0.289117
9.9955E-05 9.9955E-05 9.9955E-05 0.0650551 9.9955E-05 0.799842 9.9955E-05 0.134604
0.213644 9.9964E-05 0.119324 9.9964E-05 9.9964E-05 0.656312 0.0103201 9.9964E-05
0.24062 9.9955E-05 0.0686638 9.9955E-05 9.9955E-05 0.690216 9.9955E-05 9.9955E-05
0.467456 9.9955E-05 9.9955E-05 9.9955E-05 0.00728982 0.524755 9.9955E-05 9.9955E-05
9.9964E-05 0.044611 9.9964E-05 9.9964E-05 0.0530319 0.783951 0.118007 9.9964E-05
0.351067 0.00503123 9.9982E-05 0.0610399 0.0140799 0.22268 9.9982E-05 0.345902
9.9964E-05 0.0979082 9.9964E-05 0.0875796 9.9964E-05 0.550434 9.9964E-05 0.263679
0.248562 9.9964E-05 9.9964E-05 0.0343305 9.9964E-05 0.186485 9.9964E-05 0.530222
0.270021 9.99639E-05 9.99639E-05 0.0313437 9.99639E-05 0.217519 9.99639E-05 0.480716
9.9973E-05 0.15563 9.9973E-05 0.0590108 9.9973E-05 0.148375 0.182012 0.454673
0.0850095 9.9973E-05 0.170431 0.225191 0.317489 9.9973E-05 9.9973E-05 0.201579
0.0749247 9.9964E-05 9.9964E-05 0.286147 0.516016 9.9964E-05 9.9964E-05 0.122513
0.043353 0.0133264 9.9973E-05 0.868599 0.046613 9.9973E-05 9.9973E-05 0.027809
0.102202 9.9973E-05 0.119319 0.465008 0.224867 0.0883045 9.9973E-05 9.9973E-05
0.0479081 9.9964E-05 0.228938 0.638945 0.0838087 9.9964E-05 9.9964E-05 9.9964E-05
9.995E-05 9.995E-05 0.197257 0.632712 9.995E-05 0.169532 9.995E-05 9.995E-05
9.9946E-05 9.9946E-05 0.907848 9.9946E-05 9.9946E-05 0.0915528 9.9946E-05 9.9946E-05
9.9982E-05 0.00829553 0.742977 0.182344 9.9982E-05 0.0118858 0.00877159 0.0455267
9.99639E-05 9.99639E-05 0.383582 0.118808 0.445533 9.99639E-05 0.0516769 9.99639E-05
9.9973E-05 9.9973E-05 0.0630785 0.186163 0.732597 0.00929515 9.9973E-05 0.00856631
9.9982E-05 0.0218614 0.278371 0.288735 0.268648 0.016831 9.9982E-05 0.125355
9.99551E-05 9.99551E-05 9.99551E-05 0.449125 0.430047 9.99551E-05 9.99551E-05 0.120327
0.0156 9.9973E-05 0.481138 0.1566 0.206241 9.9973E-05 9.9973E-05 0.140122
9.9964E-05 9.9964E-05 0.228778 0.33256 0.289023 9.9964E-05 9.9964E-05 0.149239
9.9973E-05 0.00969552 0.683444 0.14912 0.0299088 9.9973E-05 9.9973E-05 0.127532
9.9964E-05 9.9964E-05 0.204736 0.424617 0.248212 9.9964E-05 9.9964E-05 0.122035
9.9973E-05 0.0121143 0.779853 0.155473 0.0444761 9.9973E-05 9.9973E-05 0.00778412
9.9973E-05 0.0267263 0.185845 0.635193 0.0534842 0.0984519 9.9973E-05 9.9973E-05
9.9973E-05 9.9973E-05 0.0417313 0.624109 0.144055 0.0451458 9.9973E-05 0.144659
9.9964E-05 9.9964E-05 0.190859 0.72544 9.9964E-05 0.0656632 0.0176381 9.9964E-05
9.9955E-05 9.9955E-05 0.325436 0.564778 9.9955E-05 9.9955E-05 0.109286 9.9955E-05
9.9946E-05 9.9946E-05 9.9946E-05 0.955638 9.9946E-05 9.9946E-05 0.0437622 9.9946E-05
0.00266921 9.9973E-05 0.10257 0.574181 0.291849 0.0284304 9.9973E-05 9.9973E-05
9.9964E-05 9.9964E-05 0.5836 0.172711 0.11577 0.12752 9.9964E-05 9.9964E-05
9.9964E-05 9.9964E-05 0.151539 0.666877 9.9964E-05 0.127455 0.0537297 9.9964E-05
9.99731E-05 0.832696 9.99731E-05 0.0209437 9.99731E-05 0.0414531 0.025323 0.079284
0.779983 0.108453 9.9955E-05 0.111063 9.9955E-05 9.9955E-05 9.9955E-05 9.9955E-05
0.66271 0.26221 9.9955E-05 0.0745796 9.9955E-05 9.9955E-05 9.9955E-05 9.9955E-05
9.9964E-05 0.782195 9.9964E-05 9.9964E-05 0.0880815 0.0675776 0.0617463 9.9964E-05
0.168855 0.509897 9.9973E-05 9.9973E-05 0.0732857 0.191989 0.0556739 9.9973E-05
0.465774 9.99641E-05 0.272533 9.99641E-05 9.99641E-05 0.254764 0.00652901 9.99641E-05
0.245079 9.99641E-05 0.186825 9.99641E-05 9.99641E-05 0.00123362 0.566463 9.99641E-05
0.344957 9.9973E-05 0.033342 9.9973E-05 0.0694765 0.0120352 0.53989 9.9973E-05
0.00998729 0.427415 0.00807519 9.9973E-05 9.9973E-05 0.0310181 0.523205 9.9973E-05
0.350075 0.321527 0.0710473 9.9964E-05 9.9964E-05 9.9964E-05 0.256951 9.9964E-05
9.9964E-05 0.194207 0.0132959 0.0475444 9.9964E-05 9.9964E-05 0.744553 9.9964E-05
9.9964E-05 0.00750927 9.9964E-05 0.0213918 9.9964E-05 9.9964E-05 0.922353 0.0483457
9.99639E-05 0.328571 9.99639E-05 9.99639E-05 0.0310173 9.99639E-05 0.573813 0.0661995
0.0338587 0.138479 0.0762145 0.00641254 9.9982E-05 9.9982E-05 0.719388 0.0254475
9.99549E-05 9.99549E-05 0.0842815 9.99549E-05 9.99549E-05 0.260234 0.654984 9.99549E-05
0.0302947 0.0358847 9.9982E-05 9.9982E-05 0.0358039 0.0649297 0.759659 0.0732278
9.9964E-05 0.286193 9.9964E-05 0.0751302 0.00281242 9.9964E-05 0.635464 9.9964E-05
9.9964E-05 0.278606 9.9964E-05 0.0379669 9.9964E-05 9.9964E-05 0.631741 0.0512856
0.162284 0.211792 9.9973E-05 9.9973E-05 0.0269042 9.9973E-05 0.450411 0.148309
0.399216 0.352175 9.9973E-05 9.9973E-05 0.0272922 0.152625 0.0683913 9.9973E-05
0.383369 0.513266 9.9964E-05 9.9964E-05 9.9964E-05 0.0455821 0.0573827 9.9964E-05
0.477882 0.47206 9.9964E-05 9.9964E-05 9.9964E-05 0.0451072 9.9964E-05 0.00455121
0.57847 0.391666 9.9955E-05 9.9955E-05 9.9955E-05 9.9955E-05 9.9955E-05 0.0293646
9.9964E-05 0.771979 0.0638806 9.9964E-05 9.9964E-05 0.134308 0.0294334 9.9964E-05
9.9955E-05 0.870352 9.9955E-05 9.9955E-05 9.9955E-05 0.0846881 9.9955E-05 0.0444602
9.9955E-05 0.703393 9.9955E-05 9.9955E-05 9.9955E-05 0.127264 9.9955E-05 0.168844
9.99551E-05 0.91453 9.99551E-05 9.99551E-05 0.00431417 0.0806562 9.99551E-05 9.99551E-05
9.9982E-05 0.898747 0.0508724 0.00799304 0.00459182 0.0181828 0.0194132 9.9982E-05
0.0369253 0.754175 9.9964E-05 9.9964E-05 9.9964E-05 9.9964E-05 0.202823 0.00567697
9.9955E-05 0.849788 9.9955E-05 9.9955E-05 9.9955E-05 9.9955E-05 0.0326762 0.117036
0.0397772 0.91227 9.9955E-05 9.9955E-05 9.9955E-05 9.9955E-05 9.9955E-05 0.0474532
0.310492 0.313857 9.9964E-05 9.9964E-05 9.9964E-05 0.102336 0.272915 9.9964E-05
0.229783 0.489367 9.9973E-05 0.0440743 9.9973E-05 0.145572 0.090904 9.9973E-05
0.152643 0.600608 0.0112428 9.9982E-05 9.9982E-05 0.0414766 0.145901 0.0479281
0.104861 0.693919 9.9973E-05 9.9973E-05 9.9973E-05 0.0703483 0.0854754 0.0450961
0.159353 0.713211 9.99641E-05 9.99641E-05 9.99641E-05 0.0304783 0.096558 9.99641E-05
0.0981011 0.834176 9.9964E-05 9.9964E-05 9.9964E-05 0.000749132 9.9964E-05 0.066574
0.11131 0.73274 0.0113304 9.9973E-05 9.9973E-05 0.0192957 0.125023 9.9973E-05
0.462311 0.376321 0.0486469 9.9964E-05 9.9964E-05 9.9964E-05 9.9964E-05 0.112322
0.542884 0.363638 0.0568724 9.9964E-05 9.9964E-05 9.9964E-05 0.0362061 9.9964E-05
0.284361 0.659108 0.0560318 9.99551E-05 9.99551E-05 9.99551E-05 9.99551E-05 9.99551E-05
0.00833305 0.840852 9.9955E-05 9.9955E-05 9.9955E-05 9.9955E-05 0.150315 9.9955E-05
0.0519129 0.68978 0.0692773 0.0309111 0.00789879 9.9991E-05 0.129828 0.0202914
0.0524244 0.736445 0.00635637 9.9973E-05 9.9973E-05 9.9973E-05 0.0987224 0.105752
0.0318718 0.887001 0.0422502 9.9982E-05 0.00577751 0.00897697 0.0239225 9.9982E-05
9.9964E-05 0.609769 9.9964E-05 0.0884237 0.150578 9.9964E-05 9.9964E-05 0.15083
0.031274 0.598101 0.0840716 0.286154 9.9964E-05 9.9964E-05 9.9964E-05 9.9964E-05
0.192944 0.738374 0.00783733 9.9964E-05 9.9964E-05 0.0604446 9.9964E-05 9.9964E-05
0.66064 0.331857 9.99549E-05 9.99549E-05 9.99549E-05 0.00700322 9.99549E-05 9.99549E-05
0.433591 0.453846 0.0716532 9.9973E-05 0.00562882 9.9973E-05 9.9973E-05 0.0349817
0.559413 0.36733 9.9955E-05 9.9955E-05 9.9955E-05 9.9955E-05 9.9955E-05 0.0727564
0.829796 0.136818 9.9955E-05 9.9955E-05 9.9955E-05 0.0328866 9.9955E-05 9.9955E-05
0.163895 0.761633 9.9964E-05 9.9964E-05 9.9964E-05 0.055003 0.0190686 9.9964E-05
0.593755 0.383428 9.9973E-05 0.00111264 9.9973E-05 9.9973E-05 0.016381 0.00502348
0.245128 0.661444 9.9964E-05 9.9964E-05 9.9964E-05 9.9964E-05 0.0860835 0.00694416
0.374497 0.422251 9.9973E-05 9.9973E-05 9.9973E-05 0.0922212 0.101567 0.00916429
0.360227 0.574033 0.0652399 9.9955E-05 9.9955E-05 9.9955E-05 9.9955E-05 9.9955E-05
0.115697 9.9964E-05 0.679199 0.199044 9.9964E-05 0.00565976 9.9964E-05 9.9964E-05
0.018188 0.020639 0.348913 0.432805 0.179155 9.9973E-05 9.9973E-05 9.9973E-05
0.0221347 9.9973E-05 0.442459 0.32717 0.132602 0.0753348 9.9973E-05 9.9973E-05
0.161657 9.99729E-05 0.126506 0.660507 0.0300619 9.99729E-05 0.0209677 9.99729E-05
0.0399416 0.0838099 0.144765 0.731083 9.9964E-05 9.9964E-05 9.9964E-05 9.9964E-05
9.9955E-05 9.9955E-05 0.156621 0.831702 9.9955E-05 0.0111774 9.9955E-05 9.9955E-05
0.0577985 9.9964E-05 0.337205 0.378317 0.22628 9.9964E-05 9.9964E-05 9.9964E-05
9.9955E-05 9.9955E-05 0.620987 0.224417 0.154096 9.9955E-05 9.9955E-05 9.9955E-05
0.0831496 9.99461E-05 0.916251 9.99461E-05 9.99461E-05 9.99461E-05 9.99461E-05 9.99461E-05
9.9964E-05 0.0962844 0.117448 0.672519 0.113349 9.9964E-05 9.9964E-05 9.9964E-05
9.99551E-05 9.99551E-05 9.99551E-05 0.879474 0.0477306 9.99551E-05 9.99551E-05 0.0722957
9.99551E-05 9.99551E-05 9.99551E-05 0.901002 9.99551E-05 0.00312949 9.99551E-05 0.0953688
9.9964E-05 0.0144759 9.9964E-05 0.796958 0.166946 9.9964E-05 0.0212207 9.9964E-05
