0.0893849 9.9973E-05 9.9973E-05 9.9973E-05 0.131547 0.28134 0.497428
0.377124 0.095981 9.9982E-05 9.9982E-05 0.0760479 0.321607 0.12904
0.124431 0.0181191 9.9982E-05 9.9982E-05 0.291748 0.24437 0.321131
0.0390698 0.0945374 0.00384929 9.9991E-05 0.564331 0.0448701 0.253242
9.9973E-05 9.9973E-05 9.9973E-05 0.00326319 0.347221 0.444426 0.20479
9.9973E-05 0.0912274 9.9973E-05 9.9973E-05 0.465081 0.0902729 0.353119
0.237383 0.0702982 0.691919 9.99639E-05 9.99639E-05 9.99639E-05 9.99639E-05
9.9973E-05 0.0898283 0.729544 0.00992588 9.9973E-05 0.170402 9.9973E-05
0.073376 9.9964E-05 0.885108 9.9964E-05 0.0411164 9.9964E-05 9.9964E-05
0.0632427 0.0521273 0.88423 9.9964E-05 9.9964E-05 9.9964E-05 9.9964E-05
0.265207 9.99549E-05 0.734293 9.99549E-05 9.99549E-05 9.99549E-05 9.99549E-05
0.445291 9.9982E-05 0.459641 0.0515283 0.0248031 9.9982E-05 0.0185364
0.0373739 9.9973E-05 0.775876 0.175423 0.0110268 9.9973E-05 9.9973E-05
9.99551E-05 9.99551E-05 0.973353 0.0261474 9.99551E-05 9.99551E-05 9.99551E-05
0.0878277 0.0652844 0.828858 9.9973E-05 0.0177298 9.9973E-05 9.9973E-05
0.25711 0.0510723 0.691418 9.9964E-05 9.9964E-05 9.9964E-05 9.9964E-05
9.9982E-05 0.217586 9.9982E-05 0.0318415 0.0622121 0.248428 0.439733
9.9982E-05 0.65161 9.9982E-05 0.0961862 0.00770717 0.0640885 0.180208
9.9973E-05 0.227683 9.9973E-05 0.0707843 0.05853 9.9973E-05 0.642703
9.9982E-05 0.192362 9.9982E-05 0.0754855 0.239912 0.0204571 0.471583
9.998E-05 0.459211 0.0729642 9.998E-05 0.130815 0.115356 0.221453
9.997E-05 0.431341 9.997E-05 0.0514514 0.0764425 9.997E-05 0.440465
0.282264 9.9973E-05 9.9973E-05 9.9973E-05 0.0231525 0.149112 0.545172
0.0673609 9.9973E-05 9.9973E-05 0.00560166 9.9973E-05 0.272372 0.654365
9.9973E-05 9.9973E-05 0.0298887 9.9973E-05 0.0482994 0.0831954 0.838317
9.9973E-05 0.0304543 9.9973E-05 9.9973E-05 0.127218 0.161569 0.680459
9.9964E-05 9.9964E-05 9.9964E-05 0.15525 9.9964E-05 0.315087 0.529263
9.998E-05 9.998E-05 0.0819339 0.00509392 0.227924 0.176886 0.507962
9.9982E-05 0.251808 0.138169 9.9982E-05 0.021365 0.556223 0.0322354
9.998E-05 0.41858 0.138846 9.998E-05 0.165731 0.259319 0.0173241
0.376684 0.292509 9.9964E-05 9.9964E-05 0.330407 9.9964E-05 9.9964E-05
0.124729 0.208555 9.9991E-05 0.0175975 0.487593 0.0656488 0.0957767
9.9964E-05 0.250231 9.9964E-05 9.9964E-05 0.503753 9.9964E-05 0.245616
0.0659853 9.9964E-05 0.011333 9.9964E-05 9.9964E-05 9.9964E-05 0.922282
0.375351 9.99549E-05 9.99549E-05 9.99549E-05 9.99549E-05 9.99549E-05 0.624149
0.0577067 0.125637 9.9991E-05 0.00681738 0.138455 0.115685 0.5556
0.297439 9.9973E-05 9.9973E-05 0.228382 0.102953 9.9973E-05 0.370925
0.0758048 9.9982E-05 9.9982E-05 0.119372 0.0624329 0.0589123 0.683278
0.14686 0.161991 0.0214049 9.9982E-05 9.9982E-05 0.0291961 0.640348
9.997E-05 0.126079 9.997E-05 0.0428377 0.165528 9.997E-05 0.665255
0.0986144 0.0637623 9.9982E-05 9.9982E-05 0.287028 0.20625 0.344145
9.998E-05 0.0521376 9.998E-05 0.0827136 0.272617 0.31319 0.279142
9.997E-05 0.134205 9.997E-05 0.0728253 0.527624 9.997E-05 0.265046
0.0552736 9.9991E-05 0.0133616 0.0869343 0.148995 0.39099 0.304345
9.998E-05 0.0282421 0.0191465 9.998E-05 0.382359 0.138758 0.431295
9.996E-05 0.0925529 9.996E-05 9.996E-05 0.446451 9.996E-05 0.460597
9.9964E-05 0.691712 9.9964E-05 0.118828 9.9964E-05 9.9964E-05 0.18906
0.144848 0.721605 9.9982E-05 0.0116915 0.0912809 0.0303752 9.9982E-05
0.163462 0.836038 9.9955E-05 9.9955E-05 9.9955E-05 9.9955E-05 9.9955E-05
9.9964E-05 0.692329 9.9964E-05 9.9964E-05 9.9964E-05 0.249773 0.0574988
9.9982E-05 0.7377 0.0377023 0.0287417 0.100991 9.9982E-05 0.0946647
9.9973E-05 0.192569 0.126782 9.9973E-05 9.9973E-05 0.251359 0.42899
9.9973E-05 0.463744 9.9973E-05 0.108984 9.9973E-05 0.00159966 0.425373
9.997E-05 0.166034 9.997E-05 0.0156143 9.997E-05 0.155015 0.663037
9.9973E-05 0.141154 0.0397584 9.9973E-05 9.9973E-05 0.164491 0.654296
9.9982E-05 0.0610829 9.9982E-05 0.111188 0.250111 0.00481594 0.572602
0.145423 9.9982E-05 0.439912 0.159031 9.9982E-05 0.00691354 0.24852
9.997E-05 9.997E-05 0.62092 0.203245 9.997E-05 0.0430997 0.132435
9.9973E-05 9.9973E-05 0.0572988 0.85437 9.9973E-05 0.0644878 0.0235431
0.11602 0.117735 0.192523 0.544869 9.999E-05 0.0161754 0.0125767
0.181095 9.99639E-05 0.193747 0.624758 9.99639E-05 9.99639E-05 9.99639E-05
0.131464 0.129088 9.9964E-05 0.739048 9.9964E-05 9.9964E-05 9.9964E-05
0.834283 0.0426346 0.122682 9.99639E-05 9.99639E-05 9.99639E-05 9.99639E-05
0.639278 9.9982E-05 0.0298371 0.270801 0.00857979 9.9982E-05 0.0513049
0.285608 9.99729E-05 0.589514 0.0696119 0.0549656 9.99729E-05 9.99729E-05
0.0692531 9.9964E-05 0.782493 0.147854 9.9964E-05 9.9964E-05 9.9964E-05
0.141088 0.0239392 0.488134 0.207936 9.9982E-05 9.9982E-05 0.138702
9.99641E-05 9.99641E-05 0.459146 0.420596 9.99641E-05 9.99641E-05 0.119858
0.446214 9.9973E-05 0.241194 0.232797 9.9973E-05 9.9973E-05 0.0794953
0.19953 9.9973E-05 0.411323 0.296152 9.9973E-05 9.9973E-05 0.0926948
0.595839 9.9973E-05 0.115586 0.190529 9.9973E-05 9.9973E-05 0.0977465
0.135937 9.998E-05 0.296898 0.452903 0.0456973 9.998E-05 0.0683652
0.632962 9.99639E-05 0.160446 0.206191 9.99639E-05 9.99639E-05 9.99639E-05
0.0935891 0.122011 0.0533081 0.730792 9.9973E-05 9.9973E-05 9.9973E-05
9.9973E-05 0.0186016 0.202987 0.606319 9.9973E-05 9.9973E-05 0.171792
0.109817 0.134722 9.9964E-05 0.755061 9.9964E-05 9.9964E-05 9.9964E-05
0.286411 9.9973E-05 0.0354602 0.606295 0.0715339 9.9973E-05 9.9973E-05
9.9955E-05 9.9955E-05 9.9955E-05 0.976031 0.0234695 9.9955E-05 9.9955E-05
0.062351 9.9973E-05 0.392728 0.529827 9.9973E-05 9.9973E-05 0.0147941
0.433568 0.0659324 0.229554 0.270645 9.99729E-05 9.99729E-05 9.99729E-05
0.063518 0.0972853 0.135035 0.677725 0.0262366 9.9982E-05 9.9982E-05
9.9982E-05 0.00373577 9.9982E-05 0.0864564 0.165149 0.701416 0.0430429
0.148947 9.9982E-05 0.0019091 0.0337051 9.9982E-05 0.790012 0.0252268
0.0982577 9.99641E-05 9.99641E-05 0.0754299 9.99641E-05 0.825913 9.99641E-05
9.9982E-05 0.0442951 0.068651 0.0203334 0.270266 0.596254 9.9982E-05
9.9973E-05 0.252508 0.098516 9.9973E-05 0.0772041 0.571472 9.9973E-05
0.427706 0.376662 9.99641E-05 9.99641E-05 9.99641E-05 0.195232 9.99641E-05
0.18864 0.0813728 9.99731E-05 9.99731E-05 0.519381 0.210306 9.99731E-05
0.179487 0.120861 9.99731E-05 9.99731E-05 0.498925 0.200427 9.99731E-05
9.9964E-05 0.119523 9.9964E-05 9.9964E-05 0.657068 0.223009 9.9964E-05
0.16193 0.0574656 9.9973E-05 9.9973E-05 0.347075 0.433229 9.9973E-05
9.9964E-05 9.9964E-05 9.9964E-05 0.0134688 0.974031 0.0121002 9.9964E-05
9.9955E-05 9.9955E-05 9.9955E-05 9.9955E-05 0.906846 9.9955E-05 0.0926544
9.997E-05 9.997E-05 0.0341802 9.997E-05 0.617666 0.207075 0.140778
0.0506052 0.0079055 9.9991E-05 0.0168504 0.710373 0.129672 0.0844944
0.0514253 0.319456 9.99639E-05 9.99639E-05 0.628719 9.99639E-05 9.99639E-05
9.9964E-05 0.10099 9.9964E-05 9.9964E-05 0.778155 9.9964E-05 0.120455
9.9973E-05 9.9973E-05 0.00275746 0.0230936 0.789413 0.184436 9.9973E-05
9.9973E-05 9.9973E-05 9.9973E-05 0.0243307 0.755433 0.101953 0.117984
9.9973E-05 9.9973E-05 0.0164098 9.9973E-05 0.518404 0.285886 0.179
9.9982E-05 0.226366 0.0198943 9.9982E-05 0.000179365 0.670017 0.0833432
9.9973E-05 0.0677517 9.9973E-05 9.9973E-05 0.0750675 0.798132 0.0587492
9.99641E-05 0.0278892 9.99641E-05 9.99641E-05 9.99641E-05 0.834102 0.137609
0.0634405 0.0322685 9.9973E-05 9.9973E-05 9.9973E-05 0.859739 0.0442522
9.998E-05 0.114194 0.0420481 0.00103093 0.211609 0.630917 9.998E-05
9.9982E-05 0.00358078 9.9982E-05 0.0174251 0.0941139 0.71444 0.17024
9.9982E-05 0.106156 9.9982E-05 0.0236175 0.0136221 0.661634 0.19477
9.9982E-05 0.027432 0.0416872 0.0296161 0.15775 0.743314 9.9982E-05
9.9982E-05 0.00639865 9.9982E-05 0.0739338 0.184647 0.716581 0.0182392
9.9982E-05 9.9982E-05 0.00831347 0.000734622 0.327061 0.61802 0.0456706
9.9973E-05 9.9973E-05 9.9973E-05 0.0257731 0.167985 0.703262 0.10268
9.9964E-05 9.9964E-05 9.9964E-05 9.9964E-05 0.12352 0.852675 0.0234053
9.9973E-05 0.141869 9.9973E-05 9.9973E-05 0.210192 0.549435 0.0982041
9.9973E-05 0.103566 9.9973E-05 0.0896899 0.110938 0.695506 9.9973E-05
0.0306931 0.000960068 9.9982E-05 9.9982E-05 0.254824 0.618716 0.0946065
9.9982E-05 0.0549247 9.9982E-05 0.0210206 0.376396 0.52932 0.018138
9.9973E-05 0.0503812 9.9973E-05 0.0142055 0.20151 0.733604 9.9973E-05
9.9973E-05 9.9973E-05 9.9973E-05 0.0492609 0.0776539 0.80266 0.0701251
9.9973E-05 0.0372158 0.007506 9.9973E-05 0.341289 0.61369 9.9973E-05
0.184309 9.996E-05 9.996E-05 9.996E-05 9.996E-05 0.74644 0.0688513
0.194192 9.9964E-05 9.9964E-05 9.9964E-05 0.0221526 0.783256 9.9964E-05
0.108615 9.9982E-05 9.9982E-05 0.013868 0.0340465 0.819831 0.0234395
9.9964E-05 9.9964E-05 9.9964E-05 0.0148134 0.273626 0.711161 9.9964E-05
9.998E-05 9.998E-05 0.0335051 0.0468881 0.315826 0.534643 0.0689371
9.9973E-05 9.9973E-05 9.9973E-05 0.0462851 0.247422 0.666863 0.0391294
9.9964E-05 9.9964E-05 9.9964E-05 0.0342329 0.188567 0.7768 9.9964E-05
9.9973E-05 9.9973E-05 0.0868544 0.188472 9.9973E-05 0.58743 0.136944
9.9973E-05 9.9973E-05 0.0236206 0.35271 0.152363 0.471007 9.9973E-05
9.9964E-05 0.115243 9.9964E-05 9.9964E-05 0.098197 0.78616 9.9964E-05
0.102759 0.0669896 9.9964E-05 9.9964E-05 9.9964E-05 0.829852 9.9964E-05
0.184583 9.9964E-05 9.9964E-05 9.9964E-05 0.0738482 0.741169 9.9964E-05
0.0868071 9.9973E-05 9.9973E-05 9.9973E-05 0.0341845 0.802948 0.0757606
0.119298 0.0932509 9.9973E-05 9.9973E-05 9.9973E-05 0.760966 0.0261855
9.9973E-05 0.0259792 9.9973E-05 0.0202443 0.150268 0.803209 9.9973E-05
0.119763 9.9964E-05 9.9964E-05 9.9964E-05 9.9964E-05 0.823415 0.0564223
9.997E-05 9.997E-05 0.0218426 9.997E-05 0.156876 0.76025 0.0607316
0.0215728 0.12127 9.9982E-05 9.9982E-05 0.175333 0.625392 0.0562311
0.123662 9.9955E-05 9.9955E-05 9.9955E-05 9.9955E-05 0.875838 9.9955E-05
0.692769 0.00119953 0.00189972 0.253385 9.9982E-05 0.0505469 9.9982E-05
0.298325 9.997E-05 0.206689 0.488629 0.00605709 9.997E-05 9.997E-05
0.327659 0.0909142 0.226825 0.354302 9.99729E-05 9.99729E-05 9.99729E-05
0.107987 0.0382674 0.100381 0.619164 9.998E-05 0.134 9.998E-05
0.0975624 9.9982E-05 0.0871916 0.71934 0.0298634 0.0658431 9.9982E-05
0.0832092 9.9964E-05 0.091781 0.82461 9.9964E-05 9.9964E-05 9.9964E-05
0.361327 9.9973E-05 0.263935 0.341365 9.9973E-05 9.9973E-05 0.0330724
0.517721 9.99639E-05 0.223969 0.257911 9.99639E-05 9.99639E-05 9.99639E-05
0.9994 9.995E-05 9.995E-05 9.995E-05 9.995E-05 9.995E-05 9.995E-05
0.115828 9.9973E-05 0.122186 0.681702 9.9973E-05 0.0799851 9.9973E-05
9.996E-05 9.996E-05 0.10204 0.815504 9.996E-05 9.996E-05 0.082056
9.99551E-05 9.99551E-05 9.99551E-05 0.943059 9.99551E-05 9.99551E-05 0.0564408
9.99641E-05 9.99641E-05 0.135327 0.830896 0.0333764 9.99641E-05 9.99641E-05
