0.184368 0.491806 9.9991E-05 0.323726
0.520702 0.122712 9.9991E-05 0.356486
0.171756 0.412436 9.9991E-05 0.415708
0.158806 0.505454 0.00903239 0.326708
9.999E-05 0.267241 0.0436039 0.689055
9.9982E-05 0.6358 9.9982E-05 0.364
0.531992 9.9982E-05 0.467808 9.9982E-05
0.27123 0.0680525 0.537246 0.123472
0.350071 9.9982E-05 0.649729 9.9982E-05
0.354043 9.9982E-05 0.645758 9.9982E-05
0.445971 9.9982E-05 0.553829 9.9982E-05
0.43736 9.9982E-05 0.56244 9.9982E-05
0.20917 9.9982E-05 0.79063 9.9982E-05
0.172322 9.9982E-05 0.827478 9.9982E-05
0.399945 9.9982E-05 0.599855 9.9982E-05
0.476013 9.9982E-05 0.523787 9.9982E-05
0.100931 0.587958 0.0261538 0.284958
0.371129 0.512773 0.0715245 0.0445732
0.148931 0.741977 0.108992 9.9991E-05
9.9991E-05 0.746629 0.102326 0.150945
0.186008 0.571412 0.0456998 0.19688
0.157743 0.795551 0.0466055 9.9991E-05
0.282879 0.485944 0.0501103 0.181067
0.0161768 0.58328 0.070195 0.330348
0.00439636 0.782067 0.0713366 0.1422
0.0326719 0.818866 9.9991E-05 0.148362
9.9991E-05 0.551883 0.18118 0.266836
9.9991E-05 0.533519 0.116306 0.350075
0.230883 0.185102 0.0398717 0.544144
0.312697 0.23854 0.0921926 0.35657
0.546286 0.453515 9.9982E-05 9.9982E-05
0.235149 0.340196 0.083986 0.340669
0.19869 0.533847 9.9991E-05 0.267363
0.118539 0.838401 0.0429606 9.9991E-05
0.449876 0.549924 9.9982E-05 9.9982E-05
0.15003 0.605972 0.0672126 0.176786
0.191933 0.489422 0.318546 9.9991E-05
0.100201 0.710752 0.120922 0.0681249
0.245964 0.733369 0.020567 9.9991E-05
0.0679753 0.847369 0.0386002 0.0460553
0.249858 0.45211 9.9991E-05 0.297932
0.0642122 0.381041 0.0727111 0.482036
0.0923253 0.510763 0.127572 0.26934
0.0713126 0.239483 0.146238 0.542966
0.0934711 0.568351 9.9991E-05 0.338078
0.152618 0.747757 9.9991E-05 0.0995248
0.396237 0.548996 0.0546671 9.9991E-05
0.613481 0.313206 9.9991E-05 0.0732132
0.795051 0.163856 9.9991E-05 0.0409935
0.538738 0.24627 9.9991E-05 0.214892
0.474087 0.504545 0.0212685 9.9991E-05
0.29299 0.452298 0.0609212 0.193791
0.228684 0.703961 0.0672545 9.9991E-05
0.185647 0.786757 9.9991E-05 0.0274961
0.223491 0.713028 0.0178122 0.0456686
9.9991E-05 0.84101 0.0544377 0.104453
0.22402 0.19443 0.561826 0.0197241
0.0977891 0.0576962 0.778137 0.0663775
9.9991E-05 0.0612402 0.893888 0.0447717
0.231118 0.0266794 0.742102 9.9991E-05
0.171662 9.9982E-05 0.828138 9.9982E-05
0.151742 0.0841627 0.737781 0.0263145
0.77082 9.9982E-05 0.22898 9.9982E-05
0.455273 0.0389744 0.505653 9.9991E-05
0.354081 9.9982E-05 0.645719 9.9982E-05
0.176496 9.9982E-05 0.823304 9.9982E-05
0.245822 0.111761 0.642317 9.9991E-05
0.0213882 0.0583344 0.920177 9.9991E-05
0.423361 0.0196066 0.556932 9.9991E-05
0.188609 0.0200245 0.791234 0.000132674
0.479247 0.0275635 0.446321 0.0468684
0.116868 0.049789 0.809471 0.0238715
0.497904 9.9982E-05 0.501896 9.9982E-05
0.0341881 0.052818 0.854414 0.0585804
9.9982E-05 0.17541 0.82439 9.9982E-05
0.102317 0.0575548 0.840028 9.9991E-05
0.150043 9.9991E-05 0.806671 0.0431858
9.9982E-05 9.9982E-05 0.976813 0.022987
0.10629 9.9982E-05 0.89351 9.9982E-05
0.412358 9.9982E-05 0.587442 9.9982E-05
0.0517479 0.0375413 0.852922 0.0577883
9.9991E-05 0.088117 0.0808561 0.830927
0.238189 0.030842 0.00678373 0.724185
0.190444 9.9991E-05 0.0300192 0.779437
9.9991E-05 0.039911 0.114693 0.845296
0.192008 0.0731359 0.0408588 0.693998
0.759042 9.99821E-05 9.99821E-05 0.240758
0.296692 0.0317217 0.0413144 0.630272
0.31324 0.152211 0.0125745 0.521975
0.0951137 0.129779 0.030649 0.744458
0.26166 9.9982E-05 9.9982E-05 0.73814
9.9991E-05 0.0297802 0.184006 0.786114
9.9991E-05 0.428277 0.0760904 0.495533
9.9991E-05 0.365761 0.0381951 0.595944
0.0454435 0.290976 0.0570986 0.606482
0.388443 0.220731 0.00900482 0.381822
0.12837 0.375492 0.0319913 0.464146
9.9991E-05 0.150104 0.136027 0.713769
9.9991E-05 0.273449 0.106778 0.619673
0.0351703 0.245178 0.0632461 0.656406
0.235208 0.132487 9.9991E-05 0.632205
0.0601701 0.0594638 9.9991E-05 0.880266
0.116059 0.0739619 9.9991E-05 0.809879
0.160299 9.9982E-05 9.9982E-05 0.839501
0.116734 9.9991E-05 0.0533373 0.829829
9.9991E-05 0.207419 0.0151065 0.777375
9.9991E-05 0.272571 0.0233062 0.704023
9.9982E-05 9.9982E-05 0.111657 0.888143
9.9991E-05 0.0224379 0.11168 0.865782
9.9991E-05 0.068982 0.0248257 0.906092
9.9991E-05 0.140584 0.0393437 0.819972
9.9991E-05 0.0121975 0.0187343 0.968968
0.11567 0.243729 9.9991E-05 0.640502
0.0837921 0.0690328 0.0475225 0.799653
0.109924 0.129332 9.9991E-05 0.760645
0.00994305 0.100251 0.0422536 0.847553
0.00886515 9.9991E-05 0.0375695 0.953465
9.9991E-05 0.0179198 0.032973 0.949007
0.0679309 0.0194012 0.000555986 0.912112
0.305147 9.9982E-05 9.9982E-05 0.694653
0.250709 9.9982E-05 9.9982E-05 0.749091
0.106734 9.9991E-05 0.0127848 0.880381
9.9982E-05 9.9982E-05 0.0235272 0.976273
9.9991E-05 0.0878675 0.113827 0.798206
9.9991E-05 0.0399335 0.0879553 0.872011
0.00380196 9.9991E-05 0.0560982 0.94
9.9991E-05 0.0558392 0.322703 0.621358
9.9982E-05 9.9982E-05 0.388008 0.611792
0.111794 9.9982E-05 9.9982E-05 0.888006
0.253352 9.9982E-05 9.9982E-05 0.746448
0.230352 9.9982E-05 9.9982E-05 0.769448
0.175843 9.9982E-05 9.9982E-05 0.823957
0.328651 9.9982E-05 9.9982E-05 0.671149
9.9982E-05 9.9982E-05 0.0595928 0.940207
0.187366 9.9982E-05 9.9982E-05 0.812434
0.0413334 0.0355011 0.0229438 0.900222
0.152978 0.103224 9.9991E-05 0.743698
0.185797 9.9982E-05 9.9982E-05 0.814003
0.597688 9.9991E-05 0.396775 0.00543742
0.263087 9.9991E-05 0.72628 0.0105333
0.375443 9.9982E-05 0.624358 9.9982E-05
0.131886 0.0311615 0.771711 0.0652415
0.0159976 9.9991E-05 0.82852 0.155382
0.0224477 9.9991E-05 0.961787 0.0156648
0.270946 9.9991E-05 0.720777 0.00817658
0.46541 9.9982E-05 0.53439 9.9982E-05
0.847382 9.9982E-05 0.152418 9.9982E-05
0.0599108 9.9991E-05 0.843412 0.096577
9.9982E-05 0.0650339 0.934766 9.9982E-05
9.9982E-05 0.0515207 0.948279 9.9982E-05
9.9982E-05 0.0827891 0.917011 9.9982E-05
