0.285059 0.055383 0.0469736 0.48934 0.076076 0.0469682 9.9982E-05 9.9982E-05
0.0783 0.185185 0.262924 0.284988 0.0673773 9.9982E-05 9.9982E-05 0.121026
0.371701 9.9973E-05 0.131207 0.371263 0.110884 0.014645 9.9973E-05 9.9973E-05
9.9982E-05 0.16727 0.0188979 0.0291783 0.619663 0.162638 0.00215322 9.9982E-05
0.562778 9.9964E-05 9.9964E-05 0.157705 0.241059 0.0380585 9.9964E-05 9.9964E-05
0.0602038 0.0942705 9.9973E-05 0.147646 0.530946 0.166633 9.9973E-05 9.9973E-05
9.9964E-05 0.0287566 0.0217378 9.9964E-05 9.9964E-05 0.0273329 9.9964E-05 0.921773
0.102494 0.012164 9.997E-05 9.997E-05 9.997E-05 0.217984 0.0496043 0.617454
9.9964E-05 0.0585241 9.9964E-05 9.9964E-05 0.0531871 9.9964E-05 0.156367 0.731522
9.99551E-05 9.99551E-05 9.99551E-05 9.99551E-05 9.99551E-05 0.12539 0.0521498 0.821961
9.9973E-05 0.0429164 9.9973E-05 0.0315922 0.0206974 9.9973E-05 0.034839 0.869655
0.0546188 9.9964E-05 9.9964E-05 0.0157109 9.9964E-05 0.0212708 9.9964E-05 0.908
9.9964E-05 9.9964E-05 9.9964E-05 9.9964E-05 0.0254918 0.00384786 0.326237 0.644024
9.99551E-05 9.99551E-05 9.99551E-05 9.99551E-05 9.99551E-05 0.0979815 0.285363 0.616156
9.9964E-05 9.9964E-05 0.00729074 9.9964E-05 9.9964E-05 0.0904712 0.07721 0.824628
9.99551E-05 0.0241677 9.99551E-05 9.99551E-05 9.99551E-05 0.0278389 9.99551E-05 0.947494
0.323481 9.9964E-05 0.0602644 0.14786 9.9964E-05 0.467994 9.9964E-05 9.9964E-05
0.0280567 9.9973E-05 0.422622 9.9973E-05 9.9973E-05 0.475821 0.0320841 0.0411161
9.9973E-05 9.9973E-05 0.102215 0.299761 0.119326 0.472228 0.00617014 9.9973E-05
0.1292 9.9964E-05 9.9964E-05 9.9964E-05 0.169686 0.699624 0.00108983 9.9964E-05
0.212635 9.9973E-05 0.289763 9.9973E-05 0.0436033 0.449972 0.00372736 9.9973E-05
9.99549E-05 9.99549E-05 0.196397 9.99549E-05 0.0633874 0.739716 9.99549E-05 9.99549E-05
0.171839 0.0488948 0.0368121 0.628709 9.9982E-05 0.0309838 9.9982E-05 0.0825615
0.230261 0.0319714 9.9964E-05 0.70662 9.9964E-05 0.0307473 9.9964E-05 9.9964E-05
0.0819932 9.9964E-05 9.9964E-05 0.642471 0.0436375 0.231499 9.9964E-05 9.9964E-05
9.9964E-05 0.140525 9.9964E-05 0.0647748 0.206908 0.587392 9.9964E-05 9.9964E-05
0.315166 9.9964E-05 9.9964E-05 0.10771 9.9964E-05 0.507525 0.0691998 9.9964E-05
0.34413 9.9973E-05 9.9973E-05 0.107665 0.133718 0.368873 0.0453134 9.9973E-05
0.363503 0.136355 0.236963 9.9973E-05 9.9973E-05 0.219537 9.9973E-05 0.0433411
0.299593 0.0112341 0.299176 9.9982E-05 0.035467 0.250724 9.9982E-05 0.103606
9.9964E-05 9.9964E-05 0.484221 9.9964E-05 0.292739 0.14287 9.9964E-05 0.0797694
0.19534 9.99729E-05 0.175286 9.99729E-05 0.351636 0.150856 9.99729E-05 0.126582
0.0425956 9.9964E-05 0.162772 9.9964E-05 0.499679 0.294554 9.9964E-05 9.9964E-05
9.9964E-05 0.0195346 9.9964E-05 0.709847 0.00285416 0.267365 9.9964E-05 9.9964E-05
9.99549E-05 9.99549E-05 0.139823 0.845884 9.99549E-05 9.99549E-05 9.99549E-05 0.0137939
0.24349 9.9982E-05 0.0406335 0.179419 0.0285716 0.465149 9.9982E-05 0.0425377
9.99639E-05 9.99639E-05 0.174467 0.527263 0.0153271 9.99639E-05 0.282543 9.99639E-05
0.0848895 9.9973E-05 9.9973E-05 0.560305 0.00694059 0.290269 0.0572964 9.9973E-05
9.9982E-05 0.0215829 0.183043 0.380687 0.0378571 0.362444 0.0141852 9.9982E-05
0.00532337 9.9973E-05 0.0463987 0.217105 0.162449 0.568424 9.9973E-05 9.9973E-05
9.9964E-05 0.478644 9.9964E-05 0.0366095 0.35205 0.132297 9.9964E-05 9.9964E-05
0.171475 0.166675 0.0212235 0.0598458 0.38358 0.130193 0.0669071 9.9991E-05
0.0526593 9.9982E-05 0.167324 0.0635704 0.46307 0.165021 0.0881564 9.9982E-05
9.9964E-05 0.489105 9.9964E-05 9.9964E-05 0.303185 0.0751459 0.132164 9.9964E-05
9.99551E-05 0.196279 9.99551E-05 9.99551E-05 0.483338 0.319883 9.99551E-05 9.99551E-05
9.9964E-05 9.9964E-05 0.0990846 0.138284 0.486594 0.275638 9.9964E-05 9.9964E-05
9.9964E-05 9.9964E-05 0.408635 9.9964E-05 9.9964E-05 0.519222 0.0320015 0.0397408
9.99639E-05 0.047322 0.623236 9.99639E-05 9.99639E-05 0.237955 9.99639E-05 0.0910867
9.9946E-05 9.9946E-05 0.931023 9.9946E-05 9.9946E-05 0.0683772 9.9946E-05 9.9946E-05
9.9955E-05 0.118651 0.673841 9.9955E-05 9.9955E-05 0.207008 9.9955E-05 9.9955E-05
9.99549E-05 9.99549E-05 0.572513 9.99549E-05 9.99549E-05 0.37193 0.0550572 9.99549E-05
9.9964E-05 0.404928 9.9964E-05 9.9964E-05 9.9964E-05 0.480056 0.0228247 0.0917918
0.0125934 0.0146587 0.257319 9.9973E-05 9.9973E-05 0.664497 0.0506326 9.9973E-05
9.9955E-05 0.332831 9.9955E-05 0.0298916 9.9955E-05 0.636777 9.9955E-05 9.9955E-05
9.99459E-05 0.337885 9.99459E-05 9.99459E-05 9.99459E-05 0.661515 9.99459E-05 9.99459E-05
0.0505779 9.9955E-05 9.9955E-05 9.9955E-05 0.261464 0.687459 9.9955E-05 9.9955E-05
9.9964E-05 0.104421 9.9964E-05 0.275895 9.9964E-05 9.9964E-05 0.301085 0.318198
0.00767909 0.0203831 9.9973E-05 0.203214 9.9973E-05 9.9973E-05 0.461703 0.306722
0.0131974 0.055572 9.9964E-05 0.051548 9.9964E-05 9.9964E-05 0.879283 9.9964E-05
9.9964E-05 0.137368 9.9964E-05 9.9964E-05 9.9964E-05 0.0290772 0.537092 0.296062
9.996E-05 0.052792 9.996E-05 9.996E-05 0.030212 9.996E-05 0.564751 0.351845
9.99729E-05 0.0461534 0.120891 9.99729E-05 9.99729E-05 0.0760883 0.620991 0.135576
9.99549E-05 9.99549E-05 0.329583 0.0487803 9.99549E-05 9.99549E-05 9.99549E-05 0.621137
9.9973E-05 9.9973E-05 9.9973E-05 0.0918634 0.125048 0.0108487 0.0108193 0.76112
9.9964E-05 9.9964E-05 9.9964E-05 0.0422665 0.09813 9.9964E-05 0.117748 0.741455
9.9955E-05 9.9955E-05 9.9955E-05 0.0330781 9.9955E-05 9.9955E-05 0.387257 0.579165
0.0441545 9.997E-05 9.997E-05 0.126036 9.997E-05 0.0443738 0.236095 0.549041
9.995E-05 9.995E-05 9.995E-05 0.213136 9.995E-05 9.995E-05 0.644878 0.141487
9.9964E-05 9.9964E-05 0.012532 0.23783 9.9964E-05 9.9964E-05 0.192749 0.556489
9.9955E-05 9.9955E-05 9.9955E-05 0.123874 9.9955E-05 9.9955E-05 0.333346 0.54228
9.9955E-05 9.9955E-05 9.9955E-05 0.317558 9.9955E-05 9.9955E-05 0.0185783 0.663364
0.0327804 9.9964E-05 9.9964E-05 0.127073 9.9964E-05 9.9964E-05 0.478444 0.361303
0.0379179 9.9955E-05 9.9955E-05 0.142818 9.9955E-05 9.9955E-05 9.9955E-05 0.818765
0.0448859 9.9973E-05 0.00754651 9.9973E-05 9.9973E-05 0.102041 0.628369 0.216857
9.9964E-05 9.9964E-05 9.9964E-05 0.12064 9.9964E-05 0.0821345 0.70679 0.0900357
9.9973E-05 9.9973E-05 0.109 0.0217592 0.0207214 9.9973E-05 0.782864 0.0653561
9.9955E-05 9.9955E-05 9.9955E-05 9.9955E-05 0.122046 9.9955E-05 0.558777 0.318677
0.0370342 9.9946E-05 9.9946E-05 9.9946E-05 9.9946E-05 9.9946E-05 0.962366 9.9946E-05
9.9964E-05 0.0442625 9.9964E-05 0.0196997 9.9964E-05 9.9964E-05 0.603318 0.33232
9.9973E-05 9.9973E-05 0.097983 0.00726699 9.9973E-05 0.0323571 0.173226 0.688867
9.9964E-05 9.9964E-05 0.138354 9.9964E-05 0.058552 9.9964E-05 0.777853 0.0248411
0.857541 0.0131423 0.0193185 9.9982E-05 0.00213618 0.0687407 0.038921 9.9982E-05
9.995E-05 0.851966 9.995E-05 9.995E-05 9.995E-05 0.0720475 0.0754871 9.995E-05
0.14181 0.759815 9.9964E-05 9.9964E-05 9.9964E-05 0.0173133 0.0806618 9.9964E-05
0.721653 9.9973E-05 0.0950646 0.0472592 0.10732 9.9973E-05 0.0284032 9.9973E-05
0.612983 9.9955E-05 0.303312 9.9955E-05 9.9955E-05 0.0832055 9.9955E-05 9.9955E-05
9.99461E-05 0.130953 0.868447 9.99461E-05 9.99461E-05 9.99461E-05 9.99461E-05 9.99461E-05
9.99641E-05 0.205795 0.181266 9.99641E-05 0.580025 9.99641E-05 9.99641E-05 0.0325142
9.997E-05 0.279455 0.174248 0.0436585 0.426541 9.997E-05 9.997E-05 0.0757978
0.292629 9.9955E-05 0.120262 9.9955E-05 0.58661 9.9955E-05 9.9955E-05 9.9955E-05
0.249398 0.215863 0.270533 9.9964E-05 0.263807 9.9964E-05 9.9964E-05 9.9964E-05
0.166746 0.00538874 9.9964E-05 9.9964E-05 0.784811 9.9964E-05 0.0426547 9.9964E-05
9.9955E-05 9.9955E-05 9.9955E-05 9.9955E-05 0.942096 0.0455008 0.0119034 9.9955E-05
0.319498 9.99639E-05 9.99639E-05 0.0890846 0.528368 0.0626495 9.99639E-05 9.99639E-05
0.127646 0.0272505 0.0591455 0.0570792 0.68189 0.0190985 0.0183632 0.00952716
9.99459E-05 9.99459E-05 0.395763 9.99459E-05 0.603637 9.99459E-05 9.99459E-05 9.99459E-05
0.0366037 9.9982E-05 0.101725 0.0121158 0.744755 0.0969558 9.9982E-05 0.00764484
0.300493 9.9955E-05 9.9955E-05 9.9955E-05 0.673803 9.9955E-05 0.0252043 9.9955E-05
0.200691 9.9964E-05 9.9964E-05 0.0649079 0.728336 9.9964E-05 0.00566489 9.9964E-05
0.192102 0.142613 9.9982E-05 0.0241022 0.558692 0.0426129 9.9982E-05 0.0396773
0.42371 0.251128 0.202754 9.9964E-05 9.9964E-05 0.122008 9.9964E-05 9.9964E-05
0.542203 0.358015 0.00889335 9.9973E-05 0.0831814 0.00740654 9.9973E-05 9.9973E-05
0.41352 0.456183 0.00849224 0.0333136 9.9973E-05 0.0881914 9.9973E-05 9.9973E-05
0.493012 0.465895 9.9973E-05 9.9973E-05 0.00182242 0.0280462 9.9973E-05 0.0109251
0.767776 9.9955E-05 0.20908 9.9955E-05 9.9955E-05 9.9955E-05 9.9955E-05 0.0226443
0.826339 9.9955E-05 9.9955E-05 0.0666785 9.9955E-05 0.106483 9.9955E-05 9.9955E-05
0.659204 0.0254509 0.0406424 0.0908409 9.9973E-05 0.183562 9.9973E-05 9.9973E-05
0.922388 9.9955E-05 9.9955E-05 9.9955E-05 9.9955E-05 0.0214187 9.9955E-05 0.0556933
0.809918 9.997E-05 0.0675003 0.0593053 0.0368336 9.997E-05 0.0261429 9.997E-05
0.740994 0.0274649 9.9973E-05 0.00639847 0.224265 0.000577918 9.9973E-05 9.9973E-05
0.807787 9.9964E-05 9.9964E-05 0.122222 0.0395241 0.0300676 9.9964E-05 9.9964E-05
0.839797 0.083495 9.9964E-05 0.0547491 0.0215586 9.9964E-05 9.9964E-05 9.9964E-05
0.349245 0.224344 0.0954202 9.9973E-05 0.255699 0.0749914 9.9973E-05 9.9973E-05
0.429761 0.320587 9.9964E-05 9.9964E-05 0.0876955 0.161556 9.9964E-05 9.9964E-05
0.500923 0.127516 0.100198 0.113966 0.157097 9.9973E-05 9.9973E-05 9.9973E-05
0.721748 9.99641E-05 0.0485027 0.0892662 0.140083 9.99641E-05 9.99641E-05 9.99641E-05
0.840624 0.051264 0.0697295 9.99641E-05 0.0379829 9.99641E-05 9.99641E-05 9.99641E-05
0.820132 0.129816 9.9955E-05 0.0495521 9.9955E-05 9.9955E-05 9.9955E-05 9.9955E-05
0.719009 0.0497752 0.12037 9.9964E-05 0.110445 9.9964E-05 9.9964E-05 9.9964E-05
0.175317 0.597504 9.9955E-05 0.22668 9.9955E-05 9.9955E-05 9.9955E-05 9.9955E-05
0.260114 0.535171 0.0472196 0.0737963 0.0833994 9.9973E-05 9.9973E-05 9.9973E-05
0.470364 0.428696 9.9973E-05 0.0374253 0.0558639 9.9973E-05 0.00735047 9.9973E-05
0.80971 0.0686302 9.9955E-05 9.9955E-05 0.12116 9.9955E-05 9.9955E-05 9.9955E-05
0.685112 0.0502229 9.999E-05 0.0761138 0.103173 0.0104372 0.0246773 0.0501639
0.619587 0.10945 9.9964E-05 0.200136 0.0704263 9.9964E-05 9.9964E-05 9.9964E-05
0.866161 0.0997693 9.9964E-05 9.9964E-05 0.0140688 9.9964E-05 9.9964E-05 0.0196008
0.607622 9.9964E-05 9.9964E-05 0.197889 9.9964E-05 9.9964E-05 0.151017 0.0430716
0.618297 9.9964E-05 9.9964E-05 9.9964E-05 9.9964E-05 0.0154608 0.212009 0.153834
0.732262 0.152532 0.114706 9.9955E-05 9.9955E-05 9.9955E-05 9.9955E-05 9.9955E-05
0.282162 0.584891 0.0900789 9.99639E-05 0.0424683 9.99639E-05 9.99639E-05 9.99639E-05
0.473269 0.332279 0.0166835 0.104221 0.0138618 9.9982E-05 9.9982E-05 0.0594854
0.31931 0.523795 9.9964E-05 0.128793 0.0277026 9.9964E-05 9.9964E-05 9.9964E-05
0.0867197 0.832183 0.0381683 9.9964E-05 9.9964E-05 0.0425292 9.9964E-05 9.9964E-05
0.826031 0.0878973 0.0579168 9.996E-05 9.996E-05 9.996E-05 0.0277547 9.996E-05
0.339925 0.56748 9.9964E-05 9.9964E-05 0.0899832 9.9964E-05 9.9964E-05 0.00221181
0.645755 0.237741 9.9964E-05 9.9964E-05 0.0889487 0.0271558 9.9964E-05 9.9964E-05
0.373354 0.281441 0.174096 9.9973E-05 0.129137 0.0416729 9.9973E-05 9.9973E-05
0.50325 0.460562 9.9955E-05 9.9955E-05 9.9955E-05 9.9955E-05 9.9955E-05 0.0356875
9.9973E-05 0.17318 0.139859 0.0272864 9.9973E-05 9.9973E-05 0.10789 0.551485
9.9973E-05 0.0597659 0.0101981 9.9973E-05 0.0258605 9.9973E-05 0.443926 0.459949
9.9964E-05 9.9964E-05 0.147263 9.9964E-05 0.00535631 9.9964E-05 0.278847 0.568134
9.99729E-05 0.0961226 0.10691 9.99729E-05 0.0102164 9.99729E-05 0.676479 0.109972
0.154945 9.9973E-05 0.0113574 0.0367129 9.9973E-05 9.9973E-05 0.716519 0.0801661
9.9964E-05 0.00788491 0.0272856 9.9964E-05 9.9964E-05 9.9964E-05 0.825964 0.138466
9.9973E-05 0.0527126 9.9973E-05 0.0139483 0.0324573 9.9973E-05 0.30678 0.593802
0.0215629 9.9982E-05 0.0498001 0.0483829 0.00520654 9.9982E-05 0.112174 0.762673
9.99551E-05 0.107164 0.280825 9.99551E-05 9.99551E-05 9.99551E-05 9.99551E-05 0.611511
0.0970514 9.9955E-05 9.9955E-05 9.9955E-05 9.9955E-05 9.9955E-05 0.609068 0.293381
9.99461E-05 9.99461E-05 9.99461E-05 9.99461E-05 9.99461E-05 0.115676 0.883724 9.99461E-05
9.99551E-05 9.99551E-05 9.99551E-05 0.0381225 9.99551E-05 0.0411422 0.920235 9.99551E-05
0.0343577 9.9964E-05 9.9964E-05 9.9964E-05 0.00308295 0.0714174 0.890742 9.9964E-05
