0.369721 0.630179 9.9991E-05
0.515136 0.484764 9.9991E-05
0.361884 0.622101 0.016015
0.318363 0.647401 0.0342361
9.9991E-05 0.916768 0.0831319
0.270818 0.729082 9.9991E-05
0.41539 9.9991E-05 0.58451
0.238966 0.159289 0.601745
0.222373 0.0121752 0.765452
0.294132 9.9991E-05 0.705768
0.355255 9.9991E-05 0.644645
0.354097 0.0316951 0.614208
0.0990443 9.9991E-05 0.900856
0.122334 9.9991E-05 0.877566
0.323857 9.9991E-05 0.676043
0.31254 9.9991E-05 0.68736
0.366386 0.560549 0.0730652
0.685329 0.251739 0.0629318
0.567356 0.329691 0.102953
0.372432 0.527001 0.100566
0.548585 0.430071 0.0213439
0.659534 0.28996 0.0505056
0.425224 0.456558 0.118218
0.255906 0.634779 0.109315
0.324617 0.547326 0.128057
0.436608 0.563292 9.9991E-05
0.184004 0.616531 0.199465
0.128212 0.69712 0.174668
0.304291 0.668803 0.0269064
0.407819 0.505536 0.0866453
0.812362 0.187538 9.9991E-05
0.432032 0.513712 0.0542559
0.457239 0.542661 9.9991E-05
0.507199 0.402103 0.0906979
0.845461 0.149763 0.00477665
0.468042 0.457923 0.0740353
0.507432 0.150947 0.341621
0.441719 0.401363 0.156919
0.571433 0.325997 0.10257
0.515514 0.40291 0.0815759
0.478712 0.521188 9.9991E-05
0.256468 0.650859 0.0926724
0.306215 0.556735 0.137051
0.108571 0.695176 0.196253
0.35037 0.64953 9.9991E-05
0.531648 0.468252 9.9991E-05
0.85771 0.05592 0.0863696
0.783994 0.215276 0.000730489
0.861764 0.138136 9.9991E-05
0.649447 0.350453 9.9991E-05
0.747938 0.228547 0.0235151
0.527116 0.384771 0.0881128
0.633483 0.311696 0.0548202
0.579954 0.419763 0.000282939
0.647403 0.342476 0.0101214
0.353449 0.524519 0.122032
0.23165 0.1354 0.63295
0.0851566 0.160051 0.754792
9.9991E-05 0.0608387 0.939061
0.23939 9.9991E-05 0.76051
0.039955 0.0331207 0.926924
0.156431 0.052825 0.790744
0.705087 9.9991E-05 0.294813
0.442785 0.00201419 0.555201
0.263391 9.9991E-05 0.736509
0.156317 9.9991E-05 0.843583
0.29486 0.0215413 0.683598
9.9991E-05 0.0129409 0.986959
0.407279 9.9991E-05 0.592621
0.183433 9.9991E-05 0.816467
0.416216 0.0643348 0.519449
0.103825 0.0594001 0.836775
0.35245 9.9991E-05 0.64745
0.0168856 0.0849588 0.898156
0.128945 0.000520689 0.870534
0.0728408 0.0219293 0.90523
0.0650657 0.0620027 0.872932
9.9991E-05 0.00497862 0.994921
0.0371887 9.9991E-05 0.962711
0.414075 9.9991E-05 0.585825
0.0966653 0.0445526 0.858782
9.9991E-05 0.953961 0.0459392
0.155287 0.788464 0.0562483
0.0362713 0.858362 0.105367
0.0127837 0.892191 0.0950257
0.124748 0.815984 0.0592673
0.653153 0.346747 9.9991E-05
0.318451 0.619569 0.0619801
0.325036 0.656893 0.0180712
0.0833069 0.863102 0.0535908
0.181414 0.818486 9.9991E-05
9.9991E-05 0.819099 0.180801
0.0520568 0.826415 0.121529
0.12647 0.816511 0.0570185
0.163262 0.742061 0.0946766
0.477143 0.506345 0.016512
0.279926 0.702025 0.0180486
9.9991E-05 0.838383 0.161517
0.0263481 0.851888 0.121764
0.136662 0.794009 0.0693295
0.247507 0.752393 9.9991E-05
0.0674165 0.932483 9.9991E-05
0.104334 0.895566 9.9991E-05
0.0962109 0.903689 9.9991E-05
0.0712248 0.874794 0.0539812
0.00512801 0.971651 0.0232208
0.120451 0.879027 0.000521132
9.9991E-05 0.945222 0.0546777
9.9991E-05 0.912502 0.087398
9.9991E-05 0.977066 0.0228341
9.9991E-05 0.959242 0.0406584
9.999E-05 0.9998 9.999E-05
0.162548 0.837352 9.9991E-05
0.112527 0.843994 0.0434789
0.111588 0.888312 9.9991E-05
0.0211199 0.952087 0.0267931
9.9991E-05 0.989553 0.0103469
9.999E-05 0.9998 9.999E-05
9.9991E-05 0.986566 0.0133345
0.195803 0.804097 9.9991E-05
0.134716 0.865184 9.9991E-05
0.0332479 0.926773 0.0399792
9.999E-05 0.9998 9.999E-05
9.9991E-05 0.87411 0.12579
9.9991E-05 0.950579 0.049321
9.9991E-05 0.972583 0.0273174
9.9991E-05 0.686972 0.312928
9.9991E-05 0.600567 0.399333
0.0573821 0.942518 9.9991E-05
0.152699 0.847201 9.9991E-05
0.179021 0.820879 9.9991E-05
0.052097 0.903022 0.0448813
0.271004 0.728896 9.9991E-05
9.9991E-05 0.975412 0.0244876
0.119853 0.880047 9.9991E-05
9.999E-05 0.9998 9.999E-05
0.165255 0.834645 9.9991E-05
0.0814729 0.918427 9.9991E-05
0.43718 0.0522899 0.51053
0.194315 9.9991E-05 0.805585
0.330737 9.9991E-05 0.669163
0.0281915 0.154983 0.816825
9.9991E-05 0.128711 0.871189
9.9991E-05 0.0291549 0.970745
0.18404 0.0400752 0.775885
0.335873 9.9991E-05 0.664027
0.742464 9.9991E-05 0.257436
9.9991E-05 0.114223 0.885677
9.999E-05 9.999E-05 0.9998
9.999E-05 9.999E-05 0.9998
9.9991E-05 0.0273518 0.972548
