0.0349947 0.461264 9.9982E-05 0.383981 0.11956 9.9982E-05
0.318657 0.162263 0.114263 0.336611 0.0681064 9.9991E-05
0.0451464 0.330817 0.0362935 0.243401 0.344243 9.9991E-05
9.9982E-05 0.260377 0.123524 0.0805226 0.535376 9.9982E-05
9.9982E-05 0.138442 9.9982E-05 0.415884 0.429773 0.0157012
9.9982E-05 0.409917 0.00373542 0.0554874 0.53066 9.9982E-05
0.908497 9.9973E-05 0.0300906 9.9973E-05 9.9973E-05 0.0611126
0.520573 0.0289429 0.00848689 0.192186 9.9991E-05 0.249711
0.703391 9.9973E-05 9.9973E-05 9.9973E-05 0.0298091 0.2665
0.661357 0.0450336 9.9973E-05 9.9973E-05 9.9973E-05 0.29331
0.858526 9.9964E-05 9.9964E-05 9.9964E-05 9.9964E-05 0.141074
0.81835 0.0449652 9.9982E-05 0.0324951 9.9982E-05 0.103989
0.533972 0.0222763 9.9973E-05 9.9973E-05 9.9973E-05 0.443451
0.481994 0.00531311 9.9973E-05 9.9973E-05 9.9973E-05 0.512393
0.709809 0.0417145 9.9973E-05 9.9973E-05 9.9973E-05 0.248177
0.863629 9.99641E-05 9.99641E-05 9.99641E-05 9.99641E-05 0.135971
9.999E-05 0.498779 0.155388 0.203929 0.108241 0.0335631
9.999E-05 0.149021 0.637588 0.0452371 0.0680805 0.099973
9.9982E-05 0.668554 0.179497 9.9982E-05 0.0789595 0.0727891
9.9982E-05 0.460263 0.129286 9.9982E-05 0.300149 0.110103
9.999E-05 0.195773 0.429805 0.106168 0.196869 0.0712848
9.9982E-05 0.446941 0.358012 9.9982E-05 0.127477 0.067369
0.229607 0.551565 9.9973E-05 0.218528 9.9973E-05 9.9973E-05
9.9973E-05 0.677441 9.9973E-05 0.318343 9.9973E-05 0.00391597
9.99731E-05 0.809051 9.99731E-05 0.0341911 0.156458 9.99731E-05
9.9982E-05 0.631027 0.0561384 0.113078 0.199556 9.9982E-05
9.9982E-05 0.493321 9.9982E-05 0.255736 0.0797658 0.170977
9.9982E-05 0.429028 9.9982E-05 0.2148 0.256005 0.0999672
9.9991E-05 0.0505659 0.285368 0.573535 0.00292391 0.0875075
9.999E-05 0.0840363 0.380627 0.338962 0.086704 0.109571
0.160779 9.9973E-05 0.484828 9.9973E-05 0.354093 9.9973E-05
0.121599 0.0871594 0.223835 0.0712495 0.496057 9.9991E-05
9.9982E-05 0.218215 0.256022 0.00800913 0.517553 9.9982E-05
0.0340081 0.945462 9.9973E-05 0.0202302 9.9973E-05 9.9973E-05
0.240817 0.750861 0.0080218 9.9973E-05 9.9973E-05 9.9973E-05
0.0452987 0.511202 0.1493 0.0926546 0.178628 0.0229173
0.125567 0.386631 0.113977 9.9991E-05 0.144391 0.229334
0.103107 0.698557 9.9991E-05 0.0438548 0.107407 0.046973
9.9991E-05 0.646538 0.215985 0.0081088 0.0791244 0.050143
9.9982E-05 0.594458 0.120686 9.9982E-05 0.223123 0.0615328
9.9982E-05 0.341735 0.157092 0.24233 0.258643 9.9982E-05
9.9991E-05 0.28507 0.0311721 0.251592 0.366978 0.0650884
9.9982E-05 0.197555 0.104917 9.9982E-05 0.579118 0.11821
0.0631047 0.215341 9.9991E-05 0.35063 0.281081 0.0897435
0.0131104 0.435981 9.9982E-05 0.071883 0.478826 9.9982E-05
9.9973E-05 0.47155 0.141326 9.9973E-05 0.386824 9.9973E-05
9.9973E-05 0.259355 0.610957 9.9973E-05 9.9973E-05 0.129388
0.0816411 9.9982E-05 0.782681 0.0534928 0.0819854 9.9982E-05
9.9964E-05 9.9964E-05 0.975826 0.023774 9.9964E-05 9.9964E-05
9.9973E-05 0.0552254 0.688328 0.256147 9.9973E-05 9.9973E-05
9.9982E-05 0.145677 0.690801 9.9982E-05 0.0541672 0.109154
0.0669446 0.494324 0.201281 0.196206 9.9991E-05 0.0411438
9.9982E-05 0.441766 0.409721 0.0165235 9.9982E-05 0.131789
9.9982E-05 0.666697 0.132465 0.189608 9.9982E-05 0.0110302
9.9982E-05 0.629397 0.216537 0.110177 9.9982E-05 0.043688
9.9991E-05 0.641507 0.00146425 0.00163141 0.257527 0.0977703
0.418876 0.269019 9.9991E-05 0.0367797 0.00384171 0.271383
0.292819 0.143141 9.9982E-05 0.104938 9.9982E-05 0.458902
0.050133 9.9991E-05 0.00700064 0.0725148 0.0264322 0.843819
0.355245 0.0535028 0.0382286 0.0394982 9.9991E-05 0.513425
0.426799 9.9964E-05 9.9964E-05 9.9964E-05 9.9964E-05 0.572802
0.204687 0.00107052 0.172003 0.0059456 0.00844635 0.607847
0.808432 9.9964E-05 0.191168 9.9964E-05 9.9964E-05 9.9964E-05
0.742075 0.0538248 9.9982E-05 9.9982E-05 0.122766 0.0811346
0.711249 9.9973E-05 9.9973E-05 9.9973E-05 0.0535157 0.234935
0.536874 9.9964E-05 9.9964E-05 9.9964E-05 9.9964E-05 0.462727
0.457579 0.193562 9.9973E-05 9.9973E-05 9.9973E-05 0.348559
0.162323 0.135009 9.99731E-05 9.99731E-05 9.99731E-05 0.702368
0.651249 0.127626 9.9973E-05 9.9973E-05 9.9973E-05 0.220825
0.436785 0.123387 9.9973E-05 9.9973E-05 9.9973E-05 0.439528
0.73864 0.173004 9.9973E-05 9.9973E-05 9.9973E-05 0.0880561
0.351551 0.151135 9.9982E-05 0.0285841 9.9982E-05 0.468529
0.832613 9.9973E-05 9.9973E-05 9.9973E-05 0.0424401 0.124647
0.21183 9.9982E-05 0.0238523 9.9982E-05 0.103923 0.660194
0.0325716 0.204036 9.9973E-05 9.9973E-05 9.9973E-05 0.763093
0.0448975 9.9973E-05 0.173213 9.9973E-05 9.9973E-05 0.781589
0.295616 9.9973E-05 9.9973E-05 9.9973E-05 0.114176 0.589908
9.9982E-05 9.9982E-05 0.00061532 0.00163347 0.0278191 0.969732
0.314654 0.00617125 9.9973E-05 9.9973E-05 9.9973E-05 0.678875
0.69919 9.9973E-05 0.0955904 9.9973E-05 9.9973E-05 0.20492
0.111898 9.9982E-05 0.115382 9.9982E-05 0.0379953 0.734525
9.9982E-05 0.0445769 9.9982E-05 0.695396 0.18413 0.0756977
0.123141 0.0682302 0.048723 0.759706 9.9982E-05 9.9982E-05
0.120551 0.0184138 9.9982E-05 0.83802 9.9982E-05 0.0228147
9.9982E-05 9.9982E-05 0.0285419 0.553475 0.317883 0.0999001
9.9982E-05 9.9982E-05 0.220067 0.592491 0.146999 0.0402434
0.054937 9.99731E-05 0.679196 0.265567 9.99731E-05 9.99731E-05
0.178264 9.9982E-05 0.139441 0.188342 0.493752 9.9982E-05
0.134105 0.000387617 0.177779 0.196654 0.490975 9.9991E-05
9.9973E-05 9.9973E-05 0.0702911 0.212078 0.717331 9.9973E-05
9.9973E-05 9.9973E-05 0.188892 0.480409 0.330399 9.9973E-05
0.025697 9.9982E-05 9.9982E-05 0.0505995 0.892725 0.0307787
9.9964E-05 0.0637883 9.9964E-05 9.9964E-05 0.935812 9.9964E-05
9.9973E-05 0.129277 9.9973E-05 0.209717 0.660706 9.9973E-05
0.0241877 0.0534919 0.0645522 0.0656715 0.791997 9.9991E-05
0.0269394 9.9973E-05 0.378526 9.9973E-05 0.594235 9.9973E-05
0.0456969 0.0899428 0.13072 0.0361321 0.697409 9.9991E-05
9.9973E-05 9.9973E-05 9.9973E-05 0.131331 0.839658 0.0287112
9.9982E-05 0.101357 9.9982E-05 0.108942 0.761621 0.0278799
0.0269023 0.160546 9.9982E-05 0.302189 0.510163 9.9982E-05
9.9982E-05 0.0617557 0.231469 0.675884 0.0306914 9.9982E-05
9.9982E-05 0.0600541 0.0616952 0.81071 0.0673405 9.9982E-05
9.9982E-05 0.0815808 0.064998 0.851051 9.9982E-05 0.00217004
9.9973E-05 0.0756483 0.0711874 0.852864 9.9973E-05 9.9973E-05
0.0396947 9.9991E-05 0.112203 0.67429 0.138718 0.0349951
9.9982E-05 0.0442048 9.9982E-05 0.726219 0.194496 0.0348798
9.9982E-05 0.207264 0.0356699 0.694904 9.9982E-05 0.0619622
9.9973E-05 9.9973E-05 9.9973E-05 0.804354 0.117818 0.0775284
9.9982E-05 9.9982E-05 0.0131154 0.710186 0.191359 0.0851392
9.99639E-05 9.99639E-05 9.99639E-05 0.634062 0.365538 9.99639E-05
9.9982E-05 0.116873 9.9982E-05 0.646463 0.217065 0.0193992
9.9982E-05 0.0181828 9.9982E-05 0.835006 0.133933 0.0126789
9.9982E-05 0.0949577 0.152092 0.550282 0.202468 9.9982E-05
9.9982E-05 9.9982E-05 0.130817 0.58207 0.212655 0.0742571
9.9982E-05 0.102195 0.0656299 0.609298 0.222677 9.9982E-05
9.9982E-05 9.9982E-05 0.0217114 0.612289 0.341757 0.0240418
9.9982E-05 9.9982E-05 0.0703855 0.693929 0.199416 0.0360699
9.9973E-05 9.9973E-05 9.9973E-05 0.843977 0.0862299 0.069493
9.9973E-05 9.9973E-05 0.0129258 0.637817 0.348957 9.9973E-05
0.0769322 0.145347 9.99731E-05 0.777421 9.99731E-05 9.99731E-05
0.0525705 0.0230549 0.0437746 0.740225 0.140275 9.9991E-05
0.0636737 0.0118962 9.9991E-05 0.777611 0.145605 0.00111338
9.9973E-05 9.9973E-05 9.9973E-05 0.67875 0.311796 0.00915347
9.9982E-05 0.0797195 9.9982E-05 0.520126 0.321637 0.0783176
9.9982E-05 0.0605369 9.9982E-05 0.659396 0.225425 0.0544425
9.9973E-05 9.9973E-05 9.9973E-05 0.713706 0.249802 0.0361916
9.9973E-05 0.158232 9.9973E-05 0.587273 9.9973E-05 0.254195
0.0674171 9.9982E-05 9.9982E-05 0.536703 0.0939211 0.301759
9.9973E-05 9.9973E-05 0.111669 0.747388 0.140643 9.9973E-05
0.0448977 9.9973E-05 0.100958 0.853845 9.9973E-05 9.9973E-05
0.139746 0.0370695 9.9982E-05 0.752484 0.0704999 9.9982E-05
0.0729535 0.076563 9.9982E-05 0.84317 0.00711361 9.9982E-05
9.9973E-05 0.0603534 0.160755 0.778592 9.9973E-05 9.9973E-05
9.9982E-05 9.9982E-05 0.0182401 0.779752 0.147102 0.0547053
0.0232522 0.0600494 0.10765 0.808848 9.9982E-05 9.9982E-05
9.9973E-05 0.0330485 9.9973E-05 0.774799 0.191852 9.9973E-05
9.9982E-05 0.0547415 0.161452 0.713033 0.0705742 9.9982E-05
0.103529 9.9973E-05 0.00158524 0.894586 9.9973E-05 9.9973E-05
0.763999 9.9982E-05 0.043521 0.102176 9.9982E-05 0.090104
0.529816 9.9982E-05 9.9982E-05 0.0227385 0.00303261 0.444213
0.552626 9.9973E-05 0.151371 9.9973E-05 9.9973E-05 0.295703
0.207043 9.9982E-05 0.0973207 0.0709169 9.9982E-05 0.62452
0.17175 9.9982E-05 9.9982E-05 0.0848947 0.054024 0.689131
0.218913 9.9982E-05 0.000897363 0.00581457 9.9982E-05 0.774176
0.590315 0.0364047 9.9982E-05 9.9982E-05 0.0137817 0.359299
0.801375 9.9973E-05 9.9973E-05 9.9973E-05 0.0327299 0.165595
0.877869 9.99641E-05 0.121731 9.99641E-05 9.99641E-05 9.99641E-05
0.201883 9.9973E-05 9.9973E-05 0.115625 9.9973E-05 0.682193
9.99641E-05 0.0768325 9.99641E-05 9.99641E-05 9.99641E-05 0.922768
9.9973E-05 0.0222637 0.00583574 9.9973E-05 9.9973E-05 0.971601
0.00336891 9.9973E-05 9.9973E-05 9.9973E-05 0.0946928 0.901638
