9.9982E-05 0.088212 0.543875 0.367713 9.9982E-05
9.999E-05 0.348874 0.111711 0.415038 0.124277
9.999E-05 0.128402 0.392665 0.441626 0.0372068
0.0619259 9.9991E-05 0.450172 0.368053 0.11975
0.0531655 9.9982E-05 0.327485 0.619149 9.9982E-05
0.0293098 9.9991E-05 0.559152 0.355423 0.0560152
0.102793 0.845998 9.9982E-05 9.9982E-05 0.0510094
0.271766 0.518158 0.0319517 0.14319 0.0349341
0.329419 0.664959 9.9982E-05 0.00542214 9.9982E-05
0.330025 0.651625 0.0181498 9.9982E-05 9.9982E-05
0.192168 0.807532 9.9973E-05 9.9973E-05 9.9973E-05
0.157148 0.841078 0.000557295 0.00111638 9.9991E-05
0.504356 0.495345 9.9973E-05 9.9973E-05 9.9973E-05
0.52676 0.43814 0.0349005 9.9982E-05 9.9982E-05
0.276047 0.698146 9.9982E-05 9.9982E-05 0.0256066
0.139878 0.859822 9.9973E-05 9.9973E-05 9.9973E-05
0.0221681 0.0116376 0.575172 0.237746 0.153277
0.107897 9.9982E-05 0.269013 9.9982E-05 0.622891
0.0424471 0.050981 0.731581 9.9991E-05 0.174891
0.123569 9.9991E-05 0.642208 0.0944554 0.139668
0.0798192 9.9991E-05 0.388366 0.117446 0.414268
0.0465221 9.9982E-05 0.607257 9.9982E-05 0.346021
9.9982E-05 0.277046 0.536507 0.186248 9.9982E-05
9.9982E-05 0.0339717 0.725559 0.240269 9.9982E-05
9.9982E-05 0.0723748 0.906083 0.0213423 9.9982E-05
9.9982E-05 9.9982E-05 0.819625 0.173299 0.00687511
0.168942 9.9991E-05 0.557476 0.268561 0.00492076
0.122774 9.9982E-05 0.53759 0.339436 9.9982E-05
0.0561937 0.059762 0.0690545 0.52132 0.29367
0.115393 9.9991E-05 0.089991 0.301828 0.492688
9.9982E-05 0.14656 0.299558 9.9982E-05 0.553682
0.0526955 0.0994144 0.22946 0.366174 0.252256
9.9982E-05 9.9982E-05 0.414288 0.249741 0.335771
9.9973E-05 0.128567 0.871133 9.9973E-05 9.9973E-05
9.9973E-05 0.408323 0.591377 9.9973E-05 9.9973E-05
0.00638389 0.126197 0.552816 0.215611 0.0989928
0.188459 0.217732 0.510813 9.9991E-05 0.0828963
0.0333635 0.185765 0.745689 0.0350832 9.9991E-05
0.00700872 0.138257 0.697703 9.9991E-05 0.156931
0.0320315 9.9991E-05 0.792832 0.00243946 0.172597
9.9991E-05 0.0104727 0.476271 0.338605 0.174551
0.0900738 9.9991E-05 0.352933 0.449182 0.107711
0.144138 9.9991E-05 0.426928 0.228892 0.199942
0.0680255 0.134469 0.281066 0.51634 9.9991E-05
9.9991E-05 0.0379597 0.57745 0.338867 0.0456238
0.00251059 9.9991E-05 0.722769 0.0837197 0.190901
0.104274 9.9982E-05 0.28466 9.9982E-05 0.610865
9.9991E-05 0.0763031 0.100295 0.0228458 0.800456
9.9973E-05 0.00663722 9.9973E-05 9.9973E-05 0.993063
9.9982E-05 9.9982E-05 0.066085 0.186534 0.747181
0.0886387 9.9982E-05 0.183954 9.9982E-05 0.727207
9.9991E-05 0.209875 0.435988 0.167875 0.186163
0.12103 9.9982E-05 0.47434 9.9982E-05 0.40443
0.043245 0.0078867 0.691349 0.0763792 0.18114
9.9991E-05 0.0932436 0.698742 0.0618776 0.146037
0.0919324 9.9991E-05 0.784834 0.101683 0.0214503
0.299094 0.412425 0.27445 0.0139314 9.9991E-05
0.511835 0.338062 0.132301 0.0177019 9.9991E-05
0.879618 0.0385382 0.0229848 0.0587591 9.9991E-05
0.534119 0.386447 0.0430529 9.9991E-05 0.0362812
0.638222 0.361478 9.9973E-05 9.9973E-05 9.9973E-05
0.651273 0.173902 9.9991E-05 0.0181289 0.156595
9.99729E-05 0.840036 9.99729E-05 9.99729E-05 0.159664
0.127126 0.754397 0.118276 9.9982E-05 9.9982E-05
0.308608 0.6895 9.9982E-05 0.00169215 9.9982E-05
0.520298 0.479402 9.9973E-05 9.9973E-05 9.9973E-05
0.36167 0.483564 0.154566 9.9982E-05 9.9982E-05
0.721285 0.197391 0.081124 9.99821E-05 9.99821E-05
0.21314 0.662627 0.124032 9.9982E-05 9.9982E-05
0.46612 0.525071 0.00860859 9.9982E-05 9.9982E-05
0.0778264 0.794313 0.12766 9.9982E-05 9.9982E-05
0.546079 0.352256 0.0913183 0.0102466 9.9991E-05
0.145603 0.841114 0.000192516 0.0129907 9.9991E-05
0.744725 0.153137 9.9991E-05 0.000870268 0.101168
0.731818 0.0840861 0.172576 9.9991E-05 0.01142
0.753669 0.0768967 9.9982E-05 9.9982E-05 0.169234
0.633057 0.303568 0.0240894 9.9991E-05 0.0391862
0.996464 9.9973E-05 9.9973E-05 0.00323599 9.9973E-05
0.667223 0.332477 9.9973E-05 9.9973E-05 9.9973E-05
0.242852 0.721755 9.9982E-05 9.9982E-05 0.035193
0.789326 0.0636115 9.9991E-05 0.00311711 0.143845
0.0941787 9.9982E-05 0.074994 0.830627 9.9982E-05
9.9991E-05 0.216134 0.0135415 0.760243 0.00998157
9.99731E-05 0.174861 9.99731E-05 0.824839 9.99731E-05
0.108139 9.9982E-05 9.9982E-05 0.790606 0.101055
0.0459256 9.9982E-05 9.9982E-05 0.638595 0.31528
9.99821E-05 0.0566912 9.99821E-05 0.145852 0.797256
0.00587782 0.166867 0.0944344 0.539807 0.193013
9.9991E-05 0.158228 0.100126 0.565784 0.175762
0.0733329 9.9991E-05 0.032642 0.733163 0.160762
9.9982E-05 0.0182566 9.9982E-05 0.733433 0.24811
0.190634 0.012068 0.0835609 0.713637 9.9991E-05
0.0857087 9.9982E-05 0.424123 0.489968 9.9982E-05
0.0666643 9.9991E-05 0.34712 0.574471 0.0116448
0.0807061 9.9991E-05 0.241376 0.599098 0.0787195
0.0298317 0.0302408 0.0761794 0.320739 0.543009
0.0664387 0.0275016 0.310723 0.427612 0.167725
0.138906 9.9982E-05 0.14831 0.712584 9.9982E-05
0.107157 9.9982E-05 0.31034 0.582302 9.9982E-05
9.9982E-05 0.0653555 0.333548 0.600897 9.9982E-05
0.0111999 9.9991E-05 0.0252498 0.666455 0.296995
9.9982E-05 9.9982E-05 0.0273863 0.889095 0.0833185
9.9982E-05 9.9982E-05 0.0782908 0.826667 0.0948419
9.9991E-05 0.0624695 0.0107639 0.814082 0.112585
0.0446029 0.0214546 9.9991E-05 0.762132 0.17171
0.0396898 9.9982E-05 0.164531 0.795579 9.9982E-05
0.0495673 9.9991E-05 0.219168 0.675209 0.0559566
0.109081 9.9973E-05 9.9973E-05 0.890619 9.9973E-05
0.108614 9.9991E-05 0.026462 0.846671 0.0181527
0.038238 9.9982E-05 0.0550336 0.906528 9.9982E-05
0.0398854 9.9982E-05 0.159114 0.800801 9.9982E-05
0.0308311 9.9982E-05 0.00692834 0.962041 9.9982E-05
9.9982E-05 9.9982E-05 0.190042 0.64205 0.167708
0.0760748 9.9991E-05 0.0260395 0.758408 0.139378
9.9991E-05 0.0169257 0.116529 0.76813 0.0983158
0.0536025 9.9991E-05 0.0828935 0.786363 0.0770413
0.0527056 9.9982E-05 9.9982E-05 0.886669 0.0604256
0.0188896 9.9982E-05 0.0265101 0.9544 9.9982E-05
0.0227988 0.0194046 9.9991E-05 0.878128 0.0795682
9.9982E-05 0.180667 0.0178113 0.801322 9.9982E-05
9.9982E-05 0.0885617 9.9982E-05 0.868993 0.0422458
9.99731E-05 0.105143 9.99731E-05 0.894557 9.99731E-05
9.9973E-05 9.9973E-05 0.0914096 0.90829 9.9973E-05
0.12722 9.9982E-05 0.0850559 0.787524 9.9982E-05
0.0645317 9.9982E-05 0.0873866 0.847882 9.9982E-05
0.0547839 9.9982E-05 9.9982E-05 0.94262 0.0023957
0.268975 0.0187783 0.118789 0.593357 9.9991E-05
0.379788 0.0460112 9.9982E-05 0.574001 9.9982E-05
9.9973E-05 9.9973E-05 9.9973E-05 0.88277 0.11693
9.9982E-05 0.111288 9.9982E-05 0.81622 0.0722922
9.9973E-05 0.160216 9.9973E-05 0.839484 9.9973E-05
9.9982E-05 0.0894917 0.0206473 0.889661 9.9982E-05
9.9991E-05 0.0411124 0.0158862 0.716372 0.226529
0.0766126 9.9982E-05 9.9982E-05 0.882625 0.0405628
9.9982E-05 0.0674837 9.9982E-05 0.885229 0.0470871
0.0169186 0.0436512 0.0405661 0.866663 0.0322012
9.9982E-05 9.9982E-05 0.0809808 0.743884 0.174935
9.9973E-05 0.125056 9.9973E-05 0.874644 9.9973E-05
0.121892 0.748247 9.9991E-05 0.0693664 0.0603946
0.495832 0.476448 9.9982E-05 0.0275197 9.9982E-05
0.380404 0.52143 9.9982E-05 9.9982E-05 0.0979652
0.661363 0.198147 9.9991E-05 0.0515306 0.0888601
0.712374 0.180784 9.9991E-05 0.0939509 0.0127911
0.835366 0.136001 9.9982E-05 9.9982E-05 0.0284332
0.415661 0.573253 0.0108864 9.9982E-05 9.9982E-05
0.220323 0.779377 9.9973E-05 9.9973E-05 9.9973E-05
9.99731E-05 0.936137 9.99731E-05 9.99731E-05 0.0635633
0.658577 0.278185 9.9982E-05 0.0630378 9.9982E-05
0.980218 9.99731E-05 0.0194819 9.99731E-05 9.99731E-05
0.966074 9.9973E-05 0.0336263 9.9973E-05 9.9973E-05
0.921063 9.9982E-05 0.060114 0.0186229 9.9982E-05
