9.99549E-05 9.99549E-05 0.0395589 9.99549E-05 0.637415 9.99549E-05 0.248406 9.99549E-05 0.0741209
0.193093 0.010425 0.0337032 9.9982E-05 0.226479 9.9982E-05 0.0187353 0.27873 0.238634
0.0476385 9.9973E-05 0.186025 9.9973E-05 0.33266 0.00334776 0.284806 9.9973E-05 0.145223
9.9982E-05 9.9982E-05 0.431727 0.0223237 0.297508 0.0167817 0.0295713 0.0357452 0.166143
9.9964E-05 9.9964E-05 0.287595 0.00451162 0.163943 0.100106 0.443445 9.9964E-05 9.9964E-05
9.9964E-05 9.9964E-05 0.357289 9.9964E-05 0.431723 0.0264545 0.110491 9.9964E-05 0.0736433
0.139591 0.736674 9.9955E-05 9.9955E-05 9.9955E-05 9.9955E-05 9.9955E-05 0.028098 0.0951375
0.0511349 0.604225 9.9964E-05 9.9964E-05 9.9964E-05 0.266489 0.0175142 0.0602376 9.9964E-05
9.9946E-05 0.896909 0.0675086 9.9946E-05 9.9946E-05 9.9946E-05 9.9946E-05 9.9946E-05 0.0349824
0.0129999 0.89895 9.9964E-05 9.9964E-05 0.0315712 0.00645138 9.9964E-05 9.9964E-05 0.0496281
0.103938 0.802471 9.9964E-05 9.9964E-05 0.0155684 9.9964E-05 9.9964E-05 0.0539903 0.0236325
0.597731 0.362921 9.99549E-05 9.99549E-05 9.99549E-05 0.0230138 0.015834 9.99549E-05 9.99549E-05
0.108987 0.640989 0.0482315 0.201293 9.9955E-05 9.9955E-05 9.9955E-05 9.9955E-05 9.9955E-05
9.9946E-05 0.832499 9.9946E-05 0.0636987 9.9946E-05 0.103202 9.9946E-05 9.9946E-05 9.9946E-05
0.100857 0.796359 9.9955E-05 9.9955E-05 0.0220114 9.9955E-05 9.9955E-05 9.9955E-05 0.0802732
0.201648 0.710501 9.99461E-05 9.99461E-05 9.99461E-05 9.99461E-05 9.99461E-05 0.0872515 9.99461E-05
0.0177959 9.9964E-05 0.0551445 9.9964E-05 9.9964E-05 0.650123 0.161109 0.115428 9.9964E-05
0.00630732 9.9964E-05 9.9964E-05 0.0308864 9.9964E-05 0.471965 9.9964E-05 0.0170254 0.473416
0.0736871 9.9964E-05 0.130625 9.9964E-05 0.371333 0.369426 9.9964E-05 9.9964E-05 0.0545295
9.9955E-05 9.9955E-05 0.221778 0.00841648 9.9955E-05 0.663445 0.105862 9.9955E-05 9.9955E-05
9.99639E-05 0.0393728 0.0200908 9.99639E-05 9.99639E-05 0.355598 0.206758 9.99639E-05 0.37778
9.9946E-05 9.9946E-05 0.0316921 9.9946E-05 9.9946E-05 0.717934 9.9946E-05 9.9946E-05 0.249774
0.238843 9.9964E-05 9.9964E-05 9.9964E-05 0.460496 0.0884875 0.155472 0.0563016 9.9964E-05
0.00851789 9.9955E-05 9.9955E-05 0.0104648 0.704279 9.9955E-05 0.276239 9.9955E-05 9.9955E-05
9.9973E-05 0.0207574 0.0133072 0.00938683 0.700661 0.17606 0.0795283 9.9973E-05 9.9973E-05
9.9964E-05 9.9964E-05 0.105971 9.9964E-05 0.397179 0.377593 0.0510617 0.067795 9.9964E-05
0.00257139 9.9955E-05 9.9955E-05 0.0277644 9.9955E-05 0.737069 0.232095 9.9955E-05 9.9955E-05
9.9964E-05 0.0193732 0.275674 9.9964E-05 0.0177311 0.460637 0.226185 9.9964E-05 9.9964E-05
9.9964E-05 0.0601322 9.9964E-05 9.9964E-05 9.9964E-05 0.174067 0.407717 0.125946 0.231738
9.9973E-05 0.088981 0.0179012 9.9973E-05 9.9973E-05 0.201745 0.283942 0.0636988 0.343432
0.310454 9.9955E-05 0.241144 9.9955E-05 9.9955E-05 0.0997011 9.9955E-05 9.9955E-05 0.348201
0.162844 9.99639E-05 0.366939 9.99639E-05 9.99639E-05 0.230415 0.114782 9.99639E-05 0.12462
9.9964E-05 9.9964E-05 0.422738 9.9964E-05 0.00757202 0.363251 0.0572805 9.9964E-05 0.148758
9.99459E-05 0.0453817 9.99459E-05 9.99459E-05 0.924939 0.0290795 9.99459E-05 9.99459E-05 9.99459E-05
0.288403 9.99459E-05 9.99459E-05 9.99459E-05 0.70789 9.99459E-05 9.99459E-05 9.99459E-05 0.00310726
0.114422 9.9964E-05 0.0686194 9.9964E-05 0.134654 0.499254 0.182651 9.9964E-05 9.9964E-05
0.255226 9.9973E-05 0.0904408 0.182773 0.311533 0.076843 9.9973E-05 9.9973E-05 0.0828842
0.147567 9.9964E-05 0.125062 9.9964E-05 0.272648 0.429166 0.0251579 9.9964E-05 9.9964E-05
9.9964E-05 9.9964E-05 9.9964E-05 0.0686481 0.528895 0.186168 9.9964E-05 0.00520708 0.210682
9.9946E-05 9.9946E-05 0.204455 9.9946E-05 0.129204 0.665741 9.9946E-05 9.9946E-05 9.9946E-05
9.9955E-05 9.9955E-05 0.179343 9.9955E-05 0.329017 9.9955E-05 9.9955E-05 0.433343 0.0577965
9.9973E-05 9.9973E-05 0.254806 0.123313 0.263644 9.9973E-05 0.249187 0.0725272 0.0362224
9.99549E-05 9.99549E-05 0.442094 0.0961771 0.247383 9.99549E-05 9.99549E-05 9.99549E-05 0.213846
9.9973E-05 0.0252831 0.263829 0.0883487 0.0640684 0.0588436 9.9973E-05 0.499327 9.9973E-05
9.9982E-05 0.0168254 0.219754 9.9982E-05 0.362772 0.119589 0.126219 0.0943327 0.0603082
9.9964E-05 9.9964E-05 0.295546 0.0136773 0.457374 0.0483029 9.9964E-05 9.9964E-05 0.184699
0.0917813 9.9955E-05 9.9955E-05 0.00891749 9.9955E-05 0.534563 9.9955E-05 9.9955E-05 0.364239
0.105029 9.99549E-05 9.99549E-05 9.99549E-05 9.99549E-05 0.160342 9.99549E-05 0.0857071 0.648422
0.0479299 9.9946E-05 9.9946E-05 9.9946E-05 9.9946E-05 9.9946E-05 9.9946E-05 0.0166355 0.934835
9.9955E-05 9.9955E-05 9.9955E-05 9.9955E-05 0.123414 9.9955E-05 0.0284298 0.0719071 0.775749
9.99459E-05 9.99459E-05 9.99459E-05 0.0406359 9.99459E-05 0.280569 9.99459E-05 9.99459E-05 0.678195
9.9964E-05 0.102626 9.9964E-05 9.9964E-05 0.106361 0.38022 9.9964E-05 0.364064 0.0463289
9.9955E-05 9.9955E-05 9.9955E-05 0.0813837 0.177432 0.45914 9.9955E-05 9.9955E-05 0.281545
9.9955E-05 9.9955E-05 9.9955E-05 0.00288685 0.227158 0.487241 9.9955E-05 0.282214 9.9955E-05
9.99459E-05 9.99459E-05 9.99459E-05 9.99459E-05 0.162401 0.558889 9.99459E-05 0.27811 9.99459E-05
9.9946E-05 9.9946E-05 0.28504 9.9946E-05 0.11974 0.594621 9.9946E-05 9.9946E-05 9.9946E-05
0.159871 0.310044 9.9964E-05 0.229951 0.297836 9.9964E-05 9.9964E-05 0.0018983 9.9964E-05
9.9955E-05 0.494876 9.9955E-05 0.271554 0.197746 9.9955E-05 0.035324 9.9955E-05 9.9955E-05
9.9964E-05 0.020555 0.0191147 0.872038 0.0330117 9.9964E-05 9.9964E-05 0.0548812 9.9964E-05
0.17441 0.184695 9.9964E-05 0.476663 9.9964E-05 0.0696999 9.9964E-05 0.0941316 9.9964E-05
0.208378 0.166812 9.99549E-05 0.587005 9.99549E-05 9.99549E-05 9.99549E-05 0.0373058 9.99549E-05
0.210608 9.9964E-05 9.9964E-05 0.63157 9.9964E-05 0.0925742 9.9964E-05 0.00765814 0.05719
0.785254 0.0131912 9.99549E-05 9.99549E-05 0.00453654 9.99549E-05 9.99549E-05 9.99549E-05 0.196518
0.809012 9.9955E-05 0.0491238 0.0757663 9.9955E-05 0.0655983 9.9955E-05 9.9955E-05 9.9955E-05
0.368082 0.512251 0.0790148 0.0401526 9.9955E-05 9.9955E-05 9.9955E-05 9.9955E-05 9.9955E-05
9.9955E-05 0.730138 9.9955E-05 0.197066 0.0662584 9.9955E-05 9.9955E-05 9.9955E-05 0.00603747
0.163732 0.389744 9.9973E-05 0.212207 0.198095 9.9973E-05 0.0230863 9.9973E-05 0.0128354
9.99461E-05 0.346833 9.99461E-05 0.467284 0.185284 9.99461E-05 9.99461E-05 9.99461E-05 9.99461E-05
0.425011 0.285041 9.9955E-05 0.148898 0.140551 9.9955E-05 9.9955E-05 9.9955E-05 9.9955E-05
0.347052 0.257501 9.9964E-05 0.287897 0.0813743 0.0257752 9.9964E-05 9.9964E-05 9.9964E-05
0.599191 0.186939 0.0190479 0.0804165 0.0521908 9.9973E-05 0.0619146 9.9973E-05 9.9973E-05
0.271143 0.177968 9.9964E-05 0.430561 0.115602 9.9964E-05 0.00432587 9.9964E-05 9.9964E-05
0.817418 0.0599071 9.9955E-05 0.0955168 9.9955E-05 9.9955E-05 0.0266587 9.9955E-05 9.9955E-05
0.178594 0.021903 9.9973E-05 0.603654 9.9973E-05 0.177516 0.000900563 9.9973E-05 0.0171334
0.0203551 0.138971 9.9964E-05 0.632737 0.0884413 0.119096 9.9964E-05 9.9964E-05 9.9964E-05
0.140542 9.99459E-05 9.99459E-05 0.75705 9.99459E-05 9.99459E-05 9.99459E-05 9.99459E-05 0.101809
0.360027 9.9946E-05 0.0796914 0.559682 9.9946E-05 9.9946E-05 9.9946E-05 9.9946E-05 9.9946E-05
9.9955E-05 9.9955E-05 0.00475639 0.938396 9.9955E-05 9.9955E-05 0.0531405 0.00320764 9.9955E-05
0.0667303 0.296263 9.9964E-05 0.603354 0.0149107 9.9964E-05 9.9964E-05 0.0183418 9.9964E-05
0.618419 0.126492 9.9964E-05 0.153638 9.9964E-05 0.0966364 9.9964E-05 9.9964E-05 0.00441559
0.0591012 0.0554328 0.0220601 0.704115 0.028356 9.9973E-05 9.9973E-05 9.9973E-05 0.130635
9.99551E-05 9.99551E-05 9.99551E-05 0.0203076 0.0978883 0.0892123 0.792092 9.99551E-05 9.99551E-05
9.9946E-05 9.9946E-05 9.9946E-05 0.058003 9.9946E-05 0.0798204 9.9946E-05 0.861577 9.9946E-05
9.9955E-05 9.9955E-05 9.9955E-05 0.0627467 9.9955E-05 0.0535046 0.125899 0.75735 9.9955E-05
9.9955E-05 0.0776093 0.182389 9.9955E-05 9.9955E-05 9.9955E-05 0.654226 9.9955E-05 0.0852762
9.9964E-05 0.0570194 0.0168482 9.9964E-05 9.9964E-05 0.00274647 0.615894 9.9964E-05 0.307092
0.055232 9.99461E-05 9.99461E-05 9.99461E-05 9.99461E-05 9.99461E-05 9.99461E-05 0.148969 0.795199
0.0879424 0.00624712 0.506324 9.99641E-05 9.99641E-05 9.99641E-05 9.99641E-05 0.212781 0.186306
9.9964E-05 0.0449866 0.441165 9.9964E-05 0.0682297 9.9964E-05 9.9964E-05 0.229101 0.216118
9.9955E-05 9.9955E-05 0.568308 9.9955E-05 9.9955E-05 9.9955E-05 0.236371 0.0453229 0.149498
0.0226648 9.9964E-05 0.303987 9.9964E-05 9.9964E-05 9.9964E-05 0.263908 0.236176 0.172864
0.0185235 9.9955E-05 0.894583 9.9955E-05 9.9955E-05 9.9955E-05 0.0442915 0.0421024 9.9955E-05
9.9946E-05 9.9946E-05 0.947793 9.9946E-05 0.0242187 0.0273882 9.9946E-05 9.9946E-05 9.9946E-05
9.99639E-05 0.0321818 0.589968 9.99639E-05 0.174986 9.99639E-05 0.201139 9.99639E-05 0.00132565
0.0310561 9.9973E-05 0.810147 9.9973E-05 9.9973E-05 0.0505547 0.0023426 0.0326785 0.0729209
9.99459E-05 0.0139825 0.503784 9.99459E-05 9.99459E-05 9.99459E-05 9.99459E-05 9.99459E-05 0.481634
9.9964E-05 9.9964E-05 0.750348 9.9964E-05 0.0280345 0.0622397 0.00289959 9.9964E-05 0.156078
9.9955E-05 0.0412695 0.798104 0.0199449 9.9955E-05 9.9955E-05 0.140181 9.9955E-05 9.9955E-05
0.0187136 9.9955E-05 0.772747 9.9955E-05 9.9955E-05 0.0637164 0.144323 9.9955E-05 9.9955E-05
9.9964E-05 0.0354609 0.511814 9.9964E-05 0.122978 9.9964E-05 0.176391 0.152957 9.9964E-05
9.9964E-05 9.9964E-05 9.9964E-05 9.9964E-05 0.041398 0.0422387 0.456723 0.204162 0.255078
9.9964E-05 9.9964E-05 0.0645889 9.9964E-05 0.0583389 9.9964E-05 0.518286 0.338188 0.020198
9.9964E-05 9.9964E-05 9.9964E-05 9.9964E-05 0.0550696 0.0324788 0.449466 0.408666 0.0539205
9.9946E-05 9.9946E-05 0.0398829 9.9946E-05 9.9946E-05 9.9946E-05 0.406933 0.552585 9.9946E-05
0.0394459 9.9946E-05 9.9946E-05 9.9946E-05 9.9946E-05 9.9946E-05 0.755864 9.9946E-05 0.204091
9.9973E-05 0.00119134 9.9973E-05 0.00437289 0.0565756 0.0360682 0.891322 9.9973E-05 0.0101702
9.9955E-05 9.9955E-05 9.9955E-05 9.9955E-05 0.14172 0.149547 0.656014 9.9955E-05 0.0522183
9.99551E-05 0.0150306 9.99551E-05 9.99551E-05 9.99551E-05 0.00805086 0.934306 9.99551E-05 0.0421123
9.9964E-05 9.9964E-05 0.0548098 0.0300825 0.0385015 9.9964E-05 0.834632 9.9964E-05 0.0415747
0.0227681 9.9964E-05 0.301625 9.9964E-05 0.0203652 9.9964E-05 0.5979 0.0569412 9.9964E-05
9.9946E-05 9.9946E-05 9.9946E-05 0.00961868 0.134665 9.9946E-05 0.855116 9.9946E-05 9.9946E-05
9.9955E-05 9.9955E-05 0.00259659 9.9955E-05 0.106601 9.9955E-05 0.833973 0.0563303 9.9955E-05
9.99639E-05 9.99639E-05 0.122979 9.99639E-05 0.189056 9.99639E-05 0.435754 0.0999599 0.151852
9.9964E-05 9.9964E-05 0.109 9.9964E-05 9.9964E-05 0.22285 0.309475 0.340751 0.017523
9.9964E-05 9.9964E-05 0.184335 9.9964E-05 0.0868139 9.9964E-05 0.490051 0.140955 0.0974451
0.0130839 9.9973E-05 0.101081 9.9973E-05 0.0862048 9.9973E-05 0.696558 0.0100793 0.0926924
9.99551E-05 9.99551E-05 0.0739617 9.99551E-05 9.99551E-05 9.99551E-05 0.758393 0.0766579 0.0904872
9.9955E-05 9.9955E-05 9.9955E-05 9.9955E-05 0.0163844 0.0558117 0.858476 0.0688279 9.9955E-05
9.9955E-05 9.9955E-05 0.167532 9.9955E-05 9.9955E-05 9.9955E-05 0.657308 0.0492105 0.12545
0.0244097 9.9955E-05 9.9955E-05 9.9955E-05 0.139363 9.9955E-05 0.182083 0.653645 9.9955E-05
0.0261199 9.9964E-05 0.173538 9.9964E-05 0.00422311 9.9964E-05 0.151203 0.644516 9.9964E-05
0.0501255 9.9964E-05 0.090134 9.9964E-05 9.9964E-05 0.0169876 0.413352 0.429001 9.9964E-05
9.9946E-05 9.9946E-05 0.208338 9.9946E-05 9.9946E-05 9.9946E-05 0.674077 0.116986 9.9946E-05
0.0265654 0.0331094 0.227641 0.0018992 9.9982E-05 0.0832724 0.580709 0.0466033 9.9982E-05
0.00372569 9.9973E-05 0.135494 0.0383824 0.128912 9.9973E-05 0.631397 0.0617891 9.9973E-05
0.0331823 9.9964E-05 0.0559593 9.9964E-05 9.9964E-05 0.0489945 0.747393 0.114071 9.9964E-05
9.9955E-05 0.08955 9.9955E-05 0.124592 0.155277 9.9955E-05 0.630081 9.9955E-05 9.9955E-05
0.132777 9.9964E-05 0.0279295 0.23842 9.9964E-05 0.0234243 0.577049 9.9964E-05 9.9964E-05
9.9955E-05 9.9955E-05 0.0206983 9.9955E-05 9.9955E-05 9.9955E-05 0.70258 0.154122 0.122099
9.99459E-05 9.99459E-05 9.99459E-05 9.99459E-05 9.99459E-05 9.99459E-05 0.307702 0.585792 0.105906
0.0753827 9.9955E-05 9.9955E-05 9.9955E-05 0.126867 9.9955E-05 0.424429 0.372821 9.9955E-05
9.9955E-05 9.9955E-05 0.0129772 9.9955E-05 0.147842 9.9955E-05 0.388118 0.450562 9.9955E-05
9.9964E-05 9.9964E-05 9.9964E-05 9.9964E-05 0.0699619 0.00846954 0.103218 0.712261 0.10569
9.9955E-05 0.00451717 9.9955E-05 9.9955E-05 9.9955E-05 9.9955E-05 0.833465 0.032331 0.129187
9.9964E-05 9.9964E-05 0.0330491 9.9964E-05 0.0961315 9.9964E-05 0.376857 0.474747 0.018816
9.9955E-05 0.0286048 0.134362 9.9955E-05 9.9955E-05 9.9955E-05 0.572122 0.264412 9.9955E-05
9.99639E-05 9.99639E-05 0.0890589 9.99639E-05 0.0860167 9.99639E-05 0.430731 0.250888 0.142906
0.0619187 9.9946E-05 9.9946E-05 9.9946E-05 9.9946E-05 9.9946E-05 0.586241 0.351241 9.9946E-05
0.704713 9.9955E-05 9.9955E-05 0.127187 9.9955E-05 9.9955E-05 9.9955E-05 0.114459 0.0531419
0.347749 0.175216 0.0589459 0.405091 0.00588533 9.9982E-05 0.00442079 0.0024915 9.9982E-05
0.310325 0.287139 9.99639E-05 0.251896 9.99639E-05 9.99639E-05 9.99639E-05 0.00583891 0.1444
0.0521274 0.155465 0.0426684 0.591566 9.997E-05 9.997E-05 9.997E-05 0.0707317 0.0871413
0.0432636 0.113574 0.109307 0.648085 9.9973E-05 9.9973E-05 9.9973E-05 0.0453289 0.0401425
0.106827 0.0633513 9.9955E-05 0.806017 9.9955E-05 9.9955E-05 9.9955E-05 0.0233052 9.9955E-05
0.368392 0.244052 0.00620606 0.315374 9.9964E-05 9.9964E-05 9.9964E-05 0.0655761 9.9964E-05
0.596279 0.227914 0.0124809 0.147122 9.9964E-05 9.9964E-05 0.0158043 9.9964E-05 9.9964E-05
0.895448 9.99462E-05 9.99462E-05 9.99462E-05 9.99462E-05 9.99462E-05 9.99462E-05 0.0451674 0.0587851
0.195316 0.0824663 9.99549E-05 0.631295 9.99549E-05 9.99549E-05 0.0904224 9.99549E-05 9.99549E-05
9.99551E-05 0.00562223 9.99551E-05 0.931111 0.0330474 0.0297194 9.99551E-05 9.99551E-05 9.99551E-05
9.99371E-05 9.99371E-05 9.99371E-05 0.939889 0.0594119 9.99371E-05 9.99371E-05 9.99371E-05 9.99371E-05
9.99551E-05 0.0850307 9.99551E-05 0.848223 9.99551E-05 0.0621384 0.00410837 9.99551E-05 9.99551E-05
