9.99729E-05 0.00284483 0.551178 0.0417865 0.0607599 0.297669 9.99729E-05 0.0454614 9.99729E-05
0.11408 9.9982E-05 0.278181 0.0528429 0.220802 0.0715473 0.0633998 0.198947 9.9982E-05
9.9973E-05 0.0204181 0.385762 0.159812 0.11143 0.298933 0.0233449 9.9973E-05 9.9973E-05
9.9973E-05 0.122391 0.113499 0.506959 0.0143808 9.9973E-05 9.9973E-05 0.208065 0.0344053
9.9955E-05 0.0551057 0.180881 0.182458 9.9955E-05 0.581055 9.9955E-05 9.9955E-05 9.9955E-05
9.9964E-05 0.0869128 0.333124 0.397218 0.0184565 0.163888 9.9964E-05 9.9964E-05 9.9964E-05
0.775176 9.9946E-05 9.9946E-05 9.9946E-05 0.0858291 9.9946E-05 0.138396 9.9946E-05 9.9946E-05
0.685789 0.172367 9.9964E-05 9.9964E-05 9.9964E-05 0.0771814 0.0237701 0.040492 9.9964E-05
0.9341 9.9955E-05 9.9955E-05 0.0557715 0.00794243 9.9955E-05 9.9955E-05 9.9955E-05 0.00168655
0.883936 0.0644757 0.0356172 9.9964E-05 9.9964E-05 9.9964E-05 0.000955823 9.9964E-05 0.0146158
0.828146 9.9955E-05 0.0487487 9.9955E-05 0.012755 9.9955E-05 0.10985 9.9955E-05 9.9955E-05
0.385348 9.99459E-05 9.99459E-05 9.99459E-05 9.99459E-05 0.0663734 0.547679 9.99459E-05 9.99459E-05
0.543022 9.9955E-05 9.9955E-05 0.0224363 9.9955E-05 9.9955E-05 0.132173 9.9955E-05 0.301868
0.775966 0.0691774 9.99461E-05 9.99461E-05 9.99461E-05 9.99461E-05 9.99461E-05 9.99461E-05 0.154257
0.894244 9.996E-05 0.0161914 0.0247827 0.0498648 9.996E-05 9.996E-05 0.0145178 9.996E-05
0.783111 9.99461E-05 9.99461E-05 9.99461E-05 9.99461E-05 9.99461E-05 0.19219 0.0240994 9.99461E-05
9.9955E-05 0.581949 9.9955E-05 9.9955E-05 9.9955E-05 0.283036 0.073753 0.060762 9.9955E-05
0.0161591 0.480499 9.9973E-05 9.9973E-05 0.410185 0.0166557 9.9973E-05 0.0220727 0.0541292
9.9973E-05 0.4255 0.306288 0.13276 0.0934043 9.9973E-05 0.020801 9.9973E-05 0.0209467
9.9946E-05 0.700289 9.9946E-05 0.176552 9.9946E-05 0.122559 9.9946E-05 9.9946E-05 9.9946E-05
0.0391669 0.453146 9.996E-05 0.0247635 0.279744 0.202779 9.996E-05 9.996E-05 9.996E-05
0.00657049 0.75976 9.9955E-05 0.0520773 0.181093 9.9955E-05 9.9955E-05 9.9955E-05 9.9955E-05
0.0625324 9.9964E-05 0.640818 9.9964E-05 0.0327085 0.191038 0.0725033 9.9964E-05 9.9964E-05
9.9964E-05 0.00913495 0.692767 9.9964E-05 9.9964E-05 0.277859 9.9964E-05 0.010629 0.00921069
9.9955E-05 0.111476 0.726871 9.9955E-05 9.9955E-05 0.142537 9.9955E-05 9.9955E-05 0.0186156
9.9955E-05 0.472171 0.191259 0.189374 9.9955E-05 9.9955E-05 9.9955E-05 0.146696 9.9955E-05
9.9964E-05 0.574902 0.0197969 9.9964E-05 9.9964E-05 0.352104 0.0210399 9.9964E-05 0.0317575
0.0435767 0.362752 0.142788 0.112872 9.9964E-05 0.337612 9.9964E-05 9.9964E-05 9.9964E-05
0.145219 0.16375 9.9964E-05 9.9964E-05 0.205503 0.294598 9.9964E-05 0.19053 9.9964E-05
0.148226 0.234489 9.9964E-05 9.9964E-05 0.320967 0.208626 9.9964E-05 0.0872924 9.9964E-05
9.9955E-05 0.220793 9.9955E-05 0.228894 0.312468 9.9955E-05 0.237346 9.9955E-05 9.9955E-05
9.99639E-05 0.243625 9.99639E-05 0.273829 0.116271 0.215869 0.150006 9.99639E-05 9.99639E-05
9.9973E-05 0.386748 9.9973E-05 0.38643 0.114016 0.0914281 0.00627824 0.0147997 9.9973E-05
0.0258001 0.165141 0.806731 9.9955E-05 9.9955E-05 9.9955E-05 9.9955E-05 0.00182807 9.9955E-05
9.99459E-05 9.99459E-05 0.761989 9.99459E-05 0.0686138 9.99459E-05 0.168797 9.99459E-05 9.99459E-05
9.9973E-05 0.476446 0.129752 0.00321134 9.9973E-05 0.255617 0.101315 0.0333582 9.9973E-05
9.9964E-05 9.9964E-05 0.430532 0.0916175 0.0743069 9.9964E-05 0.175598 9.9964E-05 0.227546
9.997E-05 0.333685 0.447552 0.0380354 9.997E-05 0.0931585 0.0581932 9.997E-05 0.0290755
9.9964E-05 0.278044 0.454659 9.9964E-05 0.205893 9.9964E-05 9.9964E-05 0.0336637 0.0273396
9.9964E-05 0.590516 0.207818 0.162845 0.00801821 0.0304021 9.9964E-05 9.9964E-05 9.9964E-05
9.9955E-05 0.058667 0.104083 0.325098 9.9955E-05 9.9955E-05 9.9955E-05 0.511653 9.9955E-05
9.9964E-05 0.199611 9.9964E-05 0.38602 9.9964E-05 0.0543492 9.9964E-05 0.294602 0.0650181
9.9964E-05 0.15288 0.0673488 0.51202 0.163527 9.9964E-05 9.9964E-05 9.9964E-05 0.103824
9.99639E-05 0.0444862 0.0414068 0.250659 9.99639E-05 9.99639E-05 9.99639E-05 0.509985 0.153063
0.0242951 0.283151 0.0344109 0.468545 9.99641E-05 9.99641E-05 9.99641E-05 0.189199 9.99641E-05
9.9955E-05 0.261545 0.185156 0.436953 0.115845 9.9955E-05 9.9955E-05 9.9955E-05 9.9955E-05
9.9946E-05 0.600933 9.9946E-05 9.9946E-05 0.308642 9.9946E-05 0.0898257 9.9946E-05 9.9946E-05
9.99549E-05 0.261954 9.99549E-05 9.99549E-05 0.588134 9.99549E-05 0.13124 0.0181724 9.99549E-05
9.9946E-05 0.0747369 9.9946E-05 9.9946E-05 0.899433 9.9946E-05 0.0252304 9.9946E-05 9.9946E-05
9.9955E-05 0.0809963 0.0793322 9.9955E-05 0.725727 9.9955E-05 9.9955E-05 0.113445 9.9955E-05
0.00736959 0.383683 9.99549E-05 9.99549E-05 0.581254 9.99549E-05 9.99549E-05 9.99549E-05 0.0271938
0.130406 0.430523 0.0489611 9.9955E-05 9.9955E-05 9.9955E-05 9.9955E-05 0.38961 9.9955E-05
9.9955E-05 0.574314 0.0914177 9.9955E-05 0.272464 9.9955E-05 9.9955E-05 9.9955E-05 0.0613045
9.9955E-05 0.626625 9.9955E-05 9.9955E-05 9.9955E-05 9.9955E-05 0.00451497 0.360355 0.00800519
9.99459E-05 0.630109 0.00755406 9.99459E-05 9.99459E-05 9.99459E-05 9.99459E-05 0.361738 9.99459E-05
9.9946E-05 0.68225 9.9946E-05 0.22434 9.9946E-05 0.0928103 9.9946E-05 9.9946E-05 9.9946E-05
0.33137 9.9964E-05 0.322172 9.9964E-05 9.9964E-05 9.9964E-05 0.055448 0.0782069 0.212403
0.450995 9.9955E-05 0.159396 9.9955E-05 9.9955E-05 0.0414584 9.9955E-05 9.9955E-05 0.347651
9.9955E-05 9.9955E-05 0.0654876 9.9955E-05 9.9955E-05 0.0246604 9.9955E-05 0.0428376 0.866515
0.248335 0.0370486 9.996E-05 9.996E-05 9.996E-05 9.996E-05 0.159868 0.0967511 0.457598
0.14 9.9964E-05 9.9964E-05 0.00169308 9.9964E-05 9.9964E-05 0.25323 0.0258623 0.578815
9.99549E-05 0.106059 9.99549E-05 9.99549E-05 0.100358 9.99549E-05 0.197267 9.99549E-05 0.595816
9.99369E-05 9.99369E-05 9.99369E-05 9.99369E-05 0.245701 9.99369E-05 0.753599 9.99369E-05 9.99369E-05
9.9955E-05 0.0836137 9.9955E-05 0.0376347 9.9955E-05 9.9955E-05 0.870768 9.9955E-05 0.00748396
0.480337 9.9964E-05 0.00888609 0.0737159 9.9964E-05 9.9964E-05 0.333205 9.9964E-05 0.103455
0.647571 9.9955E-05 0.0443745 9.9955E-05 9.9955E-05 9.9955E-05 0.0199816 9.9955E-05 0.287573
0.319402 0.0204141 0.127102 0.0173801 9.9973E-05 9.9973E-05 0.313124 9.9973E-05 0.202278
0.220379 9.99461E-05 0.195812 9.99461E-05 9.99461E-05 9.99461E-05 9.99461E-05 9.99461E-05 0.58321
0.093345 9.9955E-05 0.145982 9.9955E-05 9.9955E-05 9.9955E-05 0.595875 9.9955E-05 0.164298
0.259682 0.0215226 0.0873448 9.9964E-05 9.9964E-05 9.9964E-05 0.318377 9.9964E-05 0.312673
0.114428 9.9955E-05 0.129128 0.069896 9.9955E-05 9.9955E-05 0.686049 9.9955E-05 9.9955E-05
0.205869 0.0288762 0.102915 9.9973E-05 9.9973E-05 0.0209347 0.241518 9.9973E-05 0.399587
0.0302593 9.9955E-05 9.9955E-05 9.9955E-05 9.9955E-05 0.0678526 0.859016 9.9955E-05 0.0423718
9.9955E-05 0.14699 9.9955E-05 9.9955E-05 9.9955E-05 0.00292288 0.221728 9.9955E-05 0.627859
0.0456905 0.148367 0.0452035 9.9964E-05 9.9964E-05 9.9964E-05 0.108928 9.9964E-05 0.651411
9.9955E-05 0.0362531 9.9955E-05 9.9955E-05 0.0744024 9.9955E-05 0.191476 9.9955E-05 0.697369
9.99459E-05 9.99459E-05 9.99459E-05 0.116635 9.99459E-05 9.99459E-05 0.397493 9.99459E-05 0.485272
9.9946E-05 9.9946E-05 9.9946E-05 0.0158103 9.9946E-05 0.0233182 9.9946E-05 9.9946E-05 0.960272
0.360618 9.9955E-05 0.0549249 9.9955E-05 9.9955E-05 9.9955E-05 0.039178 9.9955E-05 0.544779
0.146495 0.0181831 9.9964E-05 9.9964E-05 0.0608122 9.9964E-05 0.623556 9.9964E-05 0.150553
0.100734 9.9964E-05 0.00558484 0.0170954 0.155126 9.9964E-05 9.9964E-05 9.9964E-05 0.72106
9.99731E-05 0.0993894 9.99731E-05 0.0450626 0.0238372 0.783598 9.99731E-05 0.0129537 0.0348591
9.9955E-05 0.0810901 9.9955E-05 9.9955E-05 9.9955E-05 0.0398472 9.9955E-05 0.827792 0.0507706
9.9955E-05 0.0170541 9.9955E-05 9.9955E-05 9.9955E-05 0.161765 9.9955E-05 0.754315 0.0663663
0.0563461 9.9955E-05 9.9955E-05 0.054808 0.126068 0.762278 9.9955E-05 9.9955E-05 9.9955E-05
0.0886063 9.9946E-05 9.9946E-05 9.9946E-05 0.331716 0.579078 9.9946E-05 9.9946E-05 9.9946E-05
9.99371E-05 9.99371E-05 9.99371E-05 9.99371E-05 0.891528 9.99371E-05 9.99371E-05 0.107772 9.99371E-05
0.0399307 9.99641E-05 9.99641E-05 0.555097 0.205402 9.99641E-05 0.00485325 0.194318 9.99641E-05
0.0610706 9.9964E-05 0.103849 0.45073 0.165469 9.9964E-05 9.9964E-05 0.218481 9.9964E-05
9.9964E-05 9.9964E-05 9.9964E-05 0.560157 0.12272 0.289679 0.00545518 0.0215895 9.9964E-05
9.9955E-05 9.9955E-05 9.9955E-05 0.27752 0.277949 0.253847 9.9955E-05 0.190184 9.9955E-05
0.00715241 9.9964E-05 9.9964E-05 0.816171 9.9964E-05 0.137495 0.0205503 9.9964E-05 0.0182318
9.9937E-05 0.103798 9.9937E-05 0.895502 9.9937E-05 9.9937E-05 9.9937E-05 9.9937E-05 9.9937E-05
0.0229241 9.99549E-05 0.147999 0.493379 9.99549E-05 0.335198 9.99549E-05 9.99549E-05 9.99549E-05
9.9973E-05 9.9973E-05 0.0394053 0.680406 0.0696889 0.164143 0.0355657 0.0104911 9.9973E-05
0.013645 9.99459E-05 9.99459E-05 0.581274 0.404481 9.99459E-05 9.99459E-05 9.99459E-05 9.99459E-05
0.0504395 0.029189 0.0656995 0.615441 0.148203 0.0907276 9.997E-05 9.997E-05 9.997E-05
0.0145045 9.9946E-05 9.9946E-05 0.721978 9.9946E-05 0.262918 9.9946E-05 9.9946E-05 9.9946E-05
9.9964E-05 0.0457404 0.0419827 0.690069 9.9964E-05 0.191236 0.0305722 9.9964E-05 9.9964E-05
0.0235916 0.0351707 0.0604074 0.477456 9.9973E-05 0.217215 9.9973E-05 0.185859 9.9973E-05
0.0291868 0.0617372 0.00195625 9.9973E-05 0.237711 0.386614 9.9973E-05 0.282494 9.9973E-05
9.9964E-05 9.9964E-05 0.0508726 0.0492756 0.0307263 0.545852 9.9964E-05 0.322873 9.9964E-05
9.9955E-05 9.9955E-05 0.0762858 9.9955E-05 0.0569404 0.448838 9.9955E-05 0.417436 9.9955E-05
9.9946E-05 0.0366585 9.9946E-05 9.9946E-05 9.9946E-05 0.389193 9.9946E-05 0.573548 9.9946E-05
9.9937E-05 9.9937E-05 9.9937E-05 9.9937E-05 0.267787 0.731514 9.9937E-05 9.9937E-05 9.9937E-05
9.9955E-05 0.0892087 0.0576921 9.9955E-05 0.015614 0.836985 9.9955E-05 9.9955E-05 9.9955E-05
9.9955E-05 0.0815588 0.172461 9.9955E-05 0.0712173 0.674263 9.9955E-05 9.9955E-05 9.9955E-05
0.0762871 0.00409038 9.9955E-05 9.9955E-05 0.0253953 0.893728 9.9955E-05 9.9955E-05 9.9955E-05
9.9964E-05 9.9964E-05 0.0719148 0.00677211 0.0723164 0.835364 9.9964E-05 9.9964E-05 0.0132331
9.9955E-05 9.9955E-05 0.022359 0.151718 9.9955E-05 0.743219 9.9955E-05 0.0822043 9.9955E-05
9.9964E-05 0.058664 0.0270726 0.0305157 9.9964E-05 0.813684 9.9964E-05 0.0696641 9.9964E-05
9.99461E-05 9.99461E-05 0.0503571 9.99461E-05 9.99461E-05 0.894184 9.99461E-05 0.054859 9.99461E-05
9.9973E-05 0.042014 0.0413823 0.170821 0.105904 0.379571 9.9973E-05 0.260008 9.9973E-05
9.9973E-05 0.120887 9.9973E-05 0.106646 0.00362035 0.41482 9.9973E-05 0.332683 0.0210435
9.9964E-05 9.9964E-05 0.156322 0.082139 0.113841 0.554229 9.9964E-05 0.0930694 9.9964E-05
9.99641E-05 9.99641E-05 0.0755816 0.113588 0.0875916 0.71088 0.0119595 9.99641E-05 9.99641E-05
9.99551E-05 9.99551E-05 9.99551E-05 0.000653396 0.0840972 0.766119 9.99551E-05 0.14863 9.99551E-05
9.9955E-05 0.00803026 0.00546897 9.9955E-05 9.9955E-05 0.834574 9.9955E-05 0.151427 9.9955E-05
9.99549E-05 9.99549E-05 9.99549E-05 0.101464 0.117602 0.718225 9.99549E-05 0.0622096 9.99549E-05
9.9946E-05 9.9946E-05 0.208571 9.9946E-05 9.9946E-05 0.221541 9.9946E-05 0.569288 9.9946E-05
9.9964E-05 9.9964E-05 9.9964E-05 0.0914084 0.034593 0.282132 0.0469005 0.544566 9.9964E-05
9.9955E-05 9.9955E-05 0.0411212 9.9955E-05 9.9955E-05 0.552715 0.0506963 0.354968 9.9955E-05
9.9946E-05 9.9946E-05 9.9946E-05 0.116488 9.9946E-05 0.778197 9.9946E-05 0.104715 9.9946E-05
9.9973E-05 0.0592094 9.9973E-05 0.168667 9.9973E-05 0.631933 0.0822894 0.0399706 0.0176307
9.9973E-05 9.9973E-05 0.169493 0.0574021 9.9973E-05 0.688447 0.00312687 0.0677255 0.0135055
9.9955E-05 0.00361243 9.9955E-05 9.9955E-05 9.9955E-05 0.835865 0.0458644 0.114159 9.9955E-05
0.148671 9.9955E-05 0.175905 9.9955E-05 9.9955E-05 0.592812 9.9955E-05 9.9955E-05 0.0821124
9.9946E-05 9.9946E-05 9.9946E-05 9.9946E-05 9.9946E-05 0.583431 0.139802 9.9946E-05 0.276167
9.9946E-05 9.9946E-05 9.9946E-05 9.9946E-05 0.121094 0.709931 9.9946E-05 0.168376 9.9946E-05
9.99639E-05 9.99639E-05 0.00706244 0.0151065 0.0674429 0.282002 9.99639E-05 0.627986 9.99639E-05
9.9964E-05 9.9964E-05 0.128535 0.00286234 9.9964E-05 0.441318 0.0324329 0.394452 9.9964E-05
9.9955E-05 9.9955E-05 0.115228 0.0301867 9.9955E-05 0.336787 9.9955E-05 0.517299 9.9955E-05
9.995E-05 0.0323159 9.995E-05 9.995E-05 0.0493121 0.100694 9.995E-05 0.817178 9.995E-05
9.9955E-05 9.9955E-05 9.9955E-05 9.9955E-05 0.0840873 0.812144 9.9955E-05 0.0916894 0.0115799
9.9955E-05 9.9955E-05 0.00627815 0.101715 9.9955E-05 0.277333 9.9955E-05 0.614174 9.9955E-05
9.9955E-05 0.0225158 9.9955E-05 0.100869 9.9955E-05 0.613578 9.9955E-05 0.262536 9.9955E-05
9.997E-05 0.00573121 0.0549355 0.120167 0.147802 0.386613 9.997E-05 0.284451 9.997E-05
9.9946E-05 9.9946E-05 9.9946E-05 9.9946E-05 9.9946E-05 0.497384 0.0373561 0.464661 9.9946E-05
9.9955E-05 9.9955E-05 9.9955E-05 9.9955E-05 0.0819722 9.9955E-05 0.702323 0.144274 0.0709315
0.171815 9.9973E-05 0.00180465 9.9973E-05 0.00661161 9.9973E-05 0.366966 0.0305597 0.421943
0.262944 9.99639E-05 9.99639E-05 9.99639E-05 0.122221 9.99639E-05 0.352436 0.0174863 0.244512
0.112133 9.99639E-05 9.99639E-05 9.99639E-05 0.124188 9.99639E-05 0.0824688 0.0476109 0.633199
0.0867172 9.9982E-05 0.0180335 0.00328094 0.0795345 0.0735164 0.0196526 9.9982E-05 0.719065
0.0248651 9.9955E-05 9.9955E-05 9.9955E-05 0.0217264 9.9955E-05 0.146164 9.9955E-05 0.806744
0.308378 9.996E-05 9.996E-05 0.0257565 9.996E-05 9.996E-05 0.337039 0.0416131 0.286813
0.236706 9.9955E-05 9.9955E-05 9.9955E-05 9.9955E-05 0.0259023 0.638695 9.9955E-05 0.0981967
9.99462E-05 9.99462E-05 9.99462E-05 9.99462E-05 0.107891 9.99462E-05 0.787489 0.104021 9.99462E-05
0.145548 9.9964E-05 9.9964E-05 9.9964E-05 0.0201164 0.0781177 0.130447 9.9964E-05 0.625371
9.99372E-05 0.0872228 9.99372E-05 9.99372E-05 9.99372E-05 9.99372E-05 9.99372E-05 9.99372E-05 0.912078
9.99461E-05 0.00584785 0.0566343 9.99461E-05 9.99461E-05 9.99461E-05 9.99461E-05 9.99461E-05 0.936918
0.0740183 0.0922562 9.9955E-05 0.0334034 9.9955E-05 9.9955E-05 9.9955E-05 9.9955E-05 0.799822
