0.208531 9.998E-05 0.00884563 0.332328 9.998E-05 0.178756 0.0333008 0.23804
0.322221 0.0892692 9.9982E-05 0.00899995 9.9982E-05 0.0811487 0.335033 0.163128
0.0774788 0.0169629 9.998E-05 0.241907 9.998E-05 0.323392 0.0978699 0.242189
0.173913 9.9973E-05 0.058245 0.0872777 0.0120537 9.9973E-05 9.9973E-05 0.668211
9.9955E-05 9.9955E-05 9.9955E-05 0.123267 9.9955E-05 0.638904 9.9955E-05 0.23733
0.109211 9.9964E-05 9.9964E-05 0.275454 9.9964E-05 0.079374 9.9964E-05 0.535561
9.9955E-05 0.0937823 0.646266 9.9955E-05 9.9955E-05 9.9955E-05 0.259452 9.9955E-05
9.997E-05 0.0298672 0.639556 0.0399318 9.997E-05 0.159151 0.131194 9.997E-05
0.0178731 0.00463983 0.908089 9.9973E-05 9.9973E-05 9.9973E-05 0.020147 0.0489508
9.9964E-05 0.0749411 0.86645 0.0290477 9.9964E-05 9.9964E-05 0.0291615 9.9964E-05
0.0475687 9.99639E-05 0.68491 9.99639E-05 9.99639E-05 9.99639E-05 0.252168 0.0149533
9.997E-05 9.997E-05 0.320835 0.0224036 0.067645 0.0535779 0.535239 9.997E-05
9.99551E-05 9.99551E-05 0.726251 9.99551E-05 0.207979 9.99551E-05 0.0652704 9.99551E-05
9.99461E-05 9.99461E-05 0.931086 9.99461E-05 0.0683146 9.99461E-05 9.99461E-05 9.99461E-05
9.9964E-05 0.0838372 0.758624 9.9964E-05 9.9964E-05 9.9964E-05 0.122024 0.035115
9.99551E-05 0.0130407 0.67337 9.99551E-05 9.99551E-05 9.99551E-05 0.31309 9.99551E-05
9.9955E-05 0.171185 9.9955E-05 0.503492 9.9955E-05 0.324822 9.9955E-05 9.9955E-05
0.0363539 0.605581 9.9982E-05 0.143712 0.122357 0.0644964 9.9982E-05 0.0272994
9.9982E-05 0.171317 9.9982E-05 0.619275 0.0733704 0.0122987 0.00814142 0.115397
9.997E-05 0.151388 9.997E-05 0.449004 0.0479258 0.1956 9.997E-05 0.155782
9.997E-05 0.43874 0.0242956 0.194041 9.997E-05 0.283245 9.997E-05 0.0593785
9.9964E-05 0.396166 9.9964E-05 0.431475 0.0204383 9.9964E-05 9.9964E-05 0.15152
0.150854 9.9964E-05 9.9964E-05 0.515366 9.9964E-05 0.142655 0.190725 9.9964E-05
0.173145 9.9964E-05 9.9964E-05 0.609379 9.9964E-05 0.200776 0.0162997 9.9964E-05
0.0290625 9.99641E-05 9.99641E-05 0.791789 9.99641E-05 0.113268 9.99641E-05 0.0654812
0.145878 0.00680262 9.9973E-05 0.522486 9.9973E-05 0.00154063 9.9973E-05 0.322992
9.9955E-05 9.9955E-05 9.9955E-05 0.518049 0.0899777 0.391474 9.9955E-05 9.9955E-05
9.9973E-05 9.9973E-05 0.0415794 0.471734 0.00986106 0.353472 9.9973E-05 0.123054
0.237984 0.230039 0.115033 0.0268283 9.9982E-05 0.376223 9.9982E-05 0.0136929
0.102794 0.375353 0.16348 0.0206558 9.9982E-05 0.270622 9.9982E-05 0.0668956
9.9955E-05 0.259615 9.9955E-05 9.9955E-05 9.9955E-05 9.9955E-05 0.371128 0.368758
9.9973E-05 0.116955 9.9973E-05 0.0390674 9.9973E-05 0.273862 0.209297 0.360518
9.997E-05 0.223364 9.997E-05 0.16504 9.997E-05 0.0545574 0.00295971 0.553779
0.106357 9.9964E-05 0.026229 0.825568 9.9964E-05 9.9964E-05 9.9964E-05 0.0414464
0.0462693 9.9955E-05 9.9955E-05 0.637539 9.9955E-05 9.9955E-05 0.315692 9.9955E-05
9.997E-05 0.0980536 9.997E-05 0.529718 9.997E-05 0.223594 0.0556924 0.092642
9.9964E-05 9.9964E-05 9.9964E-05 0.332692 0.197499 9.9964E-05 0.301184 0.168225
9.9973E-05 9.9973E-05 9.9973E-05 0.672004 0.0259579 0.182442 0.0952567 0.0240395
0.163831 0.144212 0.0994764 0.498139 9.9973E-05 9.9973E-05 9.9973E-05 0.0940413
9.9973E-05 0.112913 9.9973E-05 0.676385 0.0243332 0.00764541 9.9973E-05 0.178423
0.466497 9.99551E-05 9.99551E-05 0.104039 9.99551E-05 9.99551E-05 9.99551E-05 0.428964
0.274137 9.9973E-05 9.9973E-05 0.088855 0.106542 0.0498669 9.9973E-05 0.4803
9.9973E-05 0.0942442 9.9973E-05 0.0596052 0.131918 0.0172712 9.9973E-05 0.696661
0.522666 9.9964E-05 9.9964E-05 0.105701 0.163705 9.9964E-05 9.9964E-05 0.207529
0.162564 9.9964E-05 0.0266446 0.207094 9.9964E-05 9.9964E-05 9.9964E-05 0.603298
0.0361325 0.0530372 9.9964E-05 0.289243 9.9964E-05 9.9964E-05 9.9964E-05 0.621187
9.9955E-05 0.642541 9.9955E-05 0.270294 0.0866649 9.9955E-05 9.9955E-05 9.9955E-05
0.133194 0.741193 9.9964E-05 9.9964E-05 0.0280664 9.9964E-05 0.0971464 9.9964E-05
0.0595075 0.882135 9.9955E-05 9.9955E-05 9.9955E-05 9.9955E-05 0.0578575 9.9955E-05
0.269124 0.689892 9.9955E-05 0.0404836 9.9955E-05 9.9955E-05 9.9955E-05 9.9955E-05
9.997E-05 0.733404 0.00392402 0.175642 0.0347607 9.997E-05 9.997E-05 0.0519692
0.305198 0.190785 0.110153 0.393464 9.9964E-05 9.9964E-05 9.9964E-05 9.9964E-05
9.996E-05 0.432187 9.996E-05 0.432938 0.065086 0.0693888 9.996E-05 9.996E-05
0.271449 0.14544 9.9964E-05 0.555548 0.0271622 9.9964E-05 9.9964E-05 9.9964E-05
0.278423 0.116758 9.99549E-05 0.604319 9.99549E-05 9.99549E-05 9.99549E-05 9.99549E-05
9.9973E-05 0.0665948 9.9973E-05 0.507488 0.0542376 0.0962368 9.9973E-05 0.275143
0.101798 9.9973E-05 0.514922 0.180795 0.120514 9.9973E-05 0.0816719 9.9973E-05
9.9964E-05 9.9964E-05 0.572011 0.100665 0.24266 0.084263 9.9964E-05 9.9964E-05
0.0421086 9.997E-05 0.032764 0.0566977 0.862167 9.997E-05 9.997E-05 0.00596285
0.129527 0.0634147 0.26147 0.0210921 0.452284 9.9982E-05 0.0720129 9.9982E-05
0.0317471 9.99639E-05 0.120761 9.99639E-05 0.60383 9.99639E-05 0.243262 9.99639E-05
0.0313135 0.121851 9.99639E-05 9.99639E-05 0.683223 9.99639E-05 0.163213 9.99639E-05
9.995E-05 0.101232 0.0129697 9.995E-05 9.995E-05 9.995E-05 0.885299 9.995E-05
9.99639E-05 9.99639E-05 9.99639E-05 0.0450642 0.202687 0.0308186 0.721031 9.99639E-05
9.99639E-05 9.99639E-05 0.594777 9.99639E-05 0.0493418 9.99639E-05 0.318759 0.0367223
9.9964E-05 0.00351312 0.853488 9.9964E-05 0.1079 9.9964E-05 0.0346985 9.9964E-05
9.998E-05 9.998E-05 0.40793 0.127027 0.217018 0.0284839 0.216145 0.00319707
9.99551E-05 9.99551E-05 0.521955 0.0748492 0.402696 9.99551E-05 9.99551E-05 9.99551E-05
0.00854679 9.9973E-05 0.175752 0.0915281 0.211918 9.9973E-05 0.511955 9.9973E-05
9.9964E-05 9.9964E-05 0.351114 0.116435 0.316271 9.9964E-05 0.215781 9.9964E-05
9.997E-05 9.997E-05 0.0850889 0.107981 0.122783 0.0196734 0.664174 9.997E-05
9.997E-05 9.997E-05 0.260294 0.0614091 0.417457 0.0773269 0.183214 9.997E-05
9.997E-05 9.997E-05 0.101032 0.00559304 0.181174 0.0121728 0.699728 9.997E-05
9.997E-05 0.105506 0.0130838 9.997E-05 0.752892 0.00658626 0.121632 9.997E-05
9.9964E-05 9.9964E-05 0.157234 0.154888 0.659364 9.9964E-05 0.0281141 9.9964E-05
9.9955E-05 0.110903 9.9955E-05 9.9955E-05 0.747157 9.9955E-05 0.14144 9.9955E-05
9.9964E-05 9.9964E-05 0.0618496 9.9964E-05 0.595478 9.9964E-05 0.284264 0.0580081
9.9946E-05 9.9946E-05 9.9946E-05 9.9946E-05 0.956497 0.0429031 9.9946E-05 9.9946E-05
0.0347073 9.9964E-05 0.277883 9.9964E-05 0.62608 9.9964E-05 0.0609292 9.9964E-05
9.99639E-05 0.0726517 0.157408 9.99639E-05 0.240582 9.99639E-05 0.528959 9.99639E-05
9.997E-05 0.152137 0.107352 9.997E-05 0.702821 9.997E-05 0.018665 0.0187251
9.997E-05 0.0132875 9.997E-05 0.0966454 0.00346977 0.821842 9.997E-05 0.0644556
0.863506 9.995E-05 9.995E-05 9.995E-05 0.116891 0.0191031 9.995E-05 9.995E-05
0.75536 9.9955E-05 9.9955E-05 9.9955E-05 0.126475 0.117666 9.9955E-05 9.9955E-05
9.9964E-05 0.0962743 0.0544126 9.9964E-05 9.9964E-05 0.721714 9.9964E-05 0.127199
0.00660794 0.298706 0.0548261 9.9973E-05 9.9973E-05 0.608844 9.9973E-05 0.030716
0.304238 0.538272 9.99551E-05 9.99551E-05 9.99551E-05 9.99551E-05 0.15699 9.99551E-05
0.181903 0.0641146 9.99641E-05 9.99641E-05 9.99641E-05 9.99641E-05 0.130838 0.622745
0.316597 0.052908 0.0662773 9.997E-05 9.997E-05 9.997E-05 0.0376352 0.526283
9.9955E-05 0.0682781 9.9955E-05 9.9955E-05 9.9955E-05 0.386858 9.9955E-05 0.544364
0.222742 0.122632 9.997E-05 9.997E-05 9.997E-05 0.374211 0.076228 0.203887
9.9955E-05 9.9955E-05 9.9955E-05 9.9955E-05 0.0587362 0.302241 9.9955E-05 0.638523
9.996E-05 9.996E-05 9.996E-05 0.0458682 0.0201723 0.0709098 9.996E-05 0.86265
9.996E-05 9.996E-05 0.033484 0.040571 9.996E-05 0.331516 9.996E-05 0.594029
0.00174492 9.9973E-05 9.9973E-05 0.00705887 9.9973E-05 0.240782 0.079282 0.670832
9.99549E-05 0.323175 9.99549E-05 9.99549E-05 9.99549E-05 9.99549E-05 0.042479 0.633846
9.997E-05 0.124063 0.0168312 0.0514986 9.997E-05 0.118945 9.997E-05 0.688362
9.9955E-05 9.9955E-05 9.9955E-05 9.9955E-05 0.0499053 0.363255 9.9955E-05 0.58634
9.9964E-05 9.9964E-05 9.9964E-05 0.00152516 0.0266244 0.311502 9.9964E-05 0.659949
0.190847 9.9973E-05 0.0367652 0.0706893 9.9973E-05 0.189438 9.9973E-05 0.51196
0.279183 0.246897 0.0327377 9.997E-05 9.997E-05 0.371199 9.997E-05 0.0696833
0.383506 0.0374147 9.9964E-05 9.9964E-05 9.9964E-05 0.443449 9.9964E-05 0.13523
0.519834 0.0365961 9.9964E-05 0.0325333 9.9964E-05 0.410637 9.9964E-05 9.9964E-05
0.597206 0.0112495 9.9955E-05 9.9955E-05 9.9955E-05 0.391045 9.9955E-05 9.9955E-05
9.9955E-05 0.193709 9.9955E-05 9.9955E-05 9.9955E-05 0.781811 0.0239808 9.9955E-05
9.9955E-05 0.0516308 9.9955E-05 0.118499 9.9955E-05 0.829371 9.9955E-05 9.9955E-05
9.9955E-05 0.11853 9.9955E-05 0.171555 9.9955E-05 0.709415 9.9955E-05 9.9955E-05
9.9955E-05 0.0594176 0.0062122 9.9955E-05 9.9955E-05 0.93387 9.9955E-05 9.9955E-05
9.9973E-05 0.026924 9.9973E-05 9.9973E-05 0.0127737 0.902389 0.0482534 0.00936036
0.0481188 9.9964E-05 0.0176873 9.9964E-05 9.9964E-05 0.754034 9.9964E-05 0.17976
0.0500609 9.9964E-05 9.9964E-05 0.134016 9.9964E-05 0.779581 9.9964E-05 0.0359423
0.112616 9.9955E-05 9.9955E-05 0.0386664 9.9955E-05 0.848218 9.9955E-05 9.9955E-05
0.237821 0.120944 9.9973E-05 0.0177981 9.9973E-05 0.336904 9.9973E-05 0.286232
0.271696 0.131808 9.997E-05 9.997E-05 0.0703933 0.440026 9.997E-05 0.0857768
0.112399 0.0454409 9.9982E-05 0.0517763 9.9982E-05 0.62996 0.0397246 0.1205
0.0364536 0.0155495 9.99731E-05 9.99731E-05 9.99731E-05 0.7353 0.0432258 0.169171
0.086076 0.0600149 9.99641E-05 9.99641E-05 9.99641E-05 0.768778 9.99641E-05 0.084731
0.149373 9.9955E-05 9.9955E-05 0.0301798 9.9955E-05 0.819948 9.9955E-05 9.9955E-05
0.0655221 0.0460524 9.9964E-05 9.9964E-05 9.9964E-05 0.691194 9.9964E-05 0.196832
0.689176 9.996E-05 9.996E-05 0.0482057 9.996E-05 0.201094 0.0611241 9.996E-05
0.574635 9.9964E-05 9.9964E-05 9.9964E-05 9.9964E-05 0.296445 0.0905455 0.0379749
0.313242 9.9955E-05 9.9955E-05 9.9955E-05 9.9955E-05 0.609987 0.0762708 9.9955E-05
0.0774163 9.9955E-05 9.9955E-05 9.9955E-05 9.9955E-05 0.753193 9.9955E-05 0.168891
0.0365962 9.999E-05 0.0388545 0.0405577 0.0214908 0.736307 0.0337408 0.0923525
0.103615 9.998E-05 9.998E-05 0.0787078 0.00262729 0.715838 0.0468907 0.0521212
0.0883439 0.00073285 9.9973E-05 9.9973E-05 9.9973E-05 0.870905 0.0280864 0.0116316
9.9964E-05 9.9964E-05 0.143213 0.176151 0.0796133 0.600622 9.9964E-05 9.9964E-05
9.996E-05 9.996E-05 0.034913 9.996E-05 0.267443 0.605016 0.0922285 9.996E-05
0.135802 0.119157 9.9964E-05 9.9964E-05 9.9964E-05 0.712626 0.032015 9.9964E-05
0.614735 0.0891589 9.99549E-05 9.99549E-05 9.99549E-05 0.295606 9.99549E-05 9.99549E-05
0.426313 9.9964E-05 9.9964E-05 9.9964E-05 9.9964E-05 0.401827 0.110249 0.0612114
0.558082 9.9973E-05 0.0500818 0.00468951 9.9973E-05 0.36788 9.9973E-05 0.0189668
0.882067 0.0855491 9.9955E-05 9.9955E-05 9.9955E-05 0.0318837 9.9955E-05 9.9955E-05
0.100358 0.106526 9.9955E-05 9.9955E-05 9.9955E-05 0.792616 9.9955E-05 9.9955E-05
0.574334 0.00260176 0.023803 9.997E-05 9.997E-05 0.315403 9.997E-05 0.0835586
0.311709 9.9955E-05 9.9955E-05 9.9955E-05 9.9955E-05 0.570682 9.9955E-05 0.11711
0.331833 0.120636 9.99639E-05 9.99639E-05 9.99639E-05 0.395219 9.99639E-05 0.151912
0.360647 0.0403658 9.9964E-05 9.9964E-05 9.9964E-05 0.550243 0.0483443 9.9964E-05
0.108715 9.995E-05 9.995E-05 9.995E-05 0.186753 9.995E-05 0.704033 9.995E-05
9.9955E-05 9.9955E-05 0.218692 9.9955E-05 0.435025 9.9955E-05 0.345784 9.9955E-05
0.0138553 0.0891027 0.274803 9.9973E-05 0.27847 9.9973E-05 0.343469 9.9973E-05
0.11739 0.0338388 0.201567 9.998E-05 0.570791 9.998E-05 0.0536873 0.0225262
9.9973E-05 9.9973E-05 0.168327 9.9973E-05 0.618373 0.0818278 0.0811824 0.04999
0.0119203 9.9964E-05 0.10338 9.9964E-05 0.804865 9.9964E-05 0.0794349 9.9964E-05
0.0173404 9.9964E-05 0.179276 9.9964E-05 0.410848 9.9964E-05 0.392135 9.9964E-05
9.9955E-05 9.9955E-05 0.215587 9.9955E-05 0.216999 9.9955E-05 0.566915 9.9955E-05
0.016287 9.99462E-05 9.99462E-05 9.99462E-05 9.99462E-05 9.99462E-05 0.983113 9.99462E-05
9.9964E-05 9.9964E-05 0.160689 9.9964E-05 0.610702 0.10129 0.126919 9.9964E-05
9.99551E-05 9.99551E-05 0.0405511 0.0587696 0.90018 9.99551E-05 9.99551E-05 9.99551E-05
9.99461E-05 9.99461E-05 9.99461E-05 0.06963 0.92977 9.99461E-05 9.99461E-05 9.99461E-05
9.99641E-05 9.99641E-05 0.106937 9.99641E-05 0.844774 0.0022998 9.99641E-05 0.04559
