0.0037914 0.265621 0.501313 9.9982E-05 0.175509 0.0535654 9.9982E-05
9.9982E-05 0.274015 0.150293 9.9982E-05 0.119134 0.394807 0.0615508
0.0453867 0.219478 0.242083 9.9982E-05 0.364476 0.128376 9.9982E-05
0.00263866 9.9973E-05 0.138648 9.9973E-05 0.723776 0.134638 9.9973E-05
9.9973E-05 0.405384 0.158995 0.00579969 0.429521 9.9973E-05 9.9973E-05
0.0652077 0.108931 0.268496 9.9973E-05 0.557065 9.9973E-05 9.9973E-05
0.141725 9.9964E-05 9.9964E-05 9.9964E-05 9.9964E-05 0.126473 0.731402
0.113494 0.17792 0.0134018 9.9973E-05 9.9973E-05 9.9973E-05 0.694885
9.9973E-05 0.00426361 9.9973E-05 9.9973E-05 0.066475 0.0228546 0.906107
0.0820121 9.9964E-05 0.021399 9.9964E-05 9.9964E-05 9.9964E-05 0.896189
9.9964E-05 9.9964E-05 9.9964E-05 9.9964E-05 0.030904 0.174684 0.794012
9.9982E-05 0.0191929 0.0706915 0.0310262 9.9982E-05 0.208427 0.670462
9.9964E-05 9.9964E-05 9.9964E-05 0.148274 0.0451935 9.9964E-05 0.806132
0.0320085 9.9973E-05 9.9973E-05 0.0760283 0.0156901 9.9973E-05 0.875973
0.102951 9.9973E-05 9.9973E-05 9.9973E-05 0.00229245 0.0641465 0.83031
0.0428923 0.0119657 9.9973E-05 9.9973E-05 9.9973E-05 0.149007 0.795835
0.227316 0.296532 0.3888 0.0126715 0.0744818 9.9982E-05 9.9982E-05
0.739959 0.080864 0.00569852 0.0594918 0.0658146 0.0480722 9.9991E-05
0.302407 9.9973E-05 0.518941 0.0393079 0.139044 9.9973E-05 9.9973E-05
0.297357 0.0101855 0.328275 0.10524 0.258743 9.9982E-05 9.9982E-05
0.604142 0.114401 0.0226477 9.9973E-05 0.258509 9.9973E-05 9.9973E-05
0.557227 9.9973E-05 0.217856 0.052027 0.17259 9.9973E-05 9.9973E-05
9.9973E-05 0.206094 0.584966 9.9973E-05 9.9973E-05 0.144058 0.0645817
9.9964E-05 0.263433 0.721841 0.014326 9.9964E-05 9.9964E-05 9.9964E-05
9.9973E-05 0.0866415 0.855757 9.9973E-05 0.0513661 9.9973E-05 0.00593577
0.128276 0.106514 0.516274 9.9973E-05 0.248637 9.9973E-05 9.9973E-05
0.0962871 0.31945 0.401369 0.182594 9.9973E-05 9.9973E-05 9.9973E-05
0.0163628 0.286991 0.336786 0.0582421 0.256129 9.9991E-05 0.0453894
0.328822 0.525168 9.9982E-05 9.9982E-05 0.0661494 0.00412379 0.0755365
0.441823 0.361515 9.9973E-05 9.9973E-05 0.0746324 9.9973E-05 0.12173
0.27138 9.9964E-05 9.9964E-05 9.9964E-05 0.340309 0.387911 9.9964E-05
0.235289 0.0797886 0.00361318 0.00662866 0.532225 0.114675 0.0277804
0.307432 0.0260692 0.0606629 9.9982E-05 0.582853 0.0227828 9.9982E-05
9.9973E-05 0.0168287 0.934854 9.9973E-05 0.0209122 9.9973E-05 0.0271048
9.99549E-05 9.99549E-05 0.699937 9.99549E-05 9.99549E-05 0.299563 9.99549E-05
0.172658 0.12468 0.406297 0.0165912 0.202059 9.9991E-05 0.0776154
9.9973E-05 9.9973E-05 0.354432 0.293011 0.128976 0.223281 9.9973E-05
0.0454452 0.100273 0.654586 0.111816 0.0736652 0.0141149 9.9991E-05
0.118311 0.079721 0.590951 0.0499555 0.0600589 0.100902 9.9991E-05
0.240017 9.9973E-05 0.488369 0.0273831 0.243931 9.9973E-05 9.9973E-05
9.9973E-05 0.132099 0.31209 9.9973E-05 0.349672 0.205839 9.9973E-05
9.9982E-05 0.265851 0.216105 0.101584 0.368791 0.0474691 9.9982E-05
0.134047 9.9973E-05 0.17498 0.0798691 0.610804 9.9973E-05 9.9973E-05
9.9991E-05 0.329142 0.303528 0.0352482 0.210048 0.0770439 0.0448894
0.07702 0.10553 0.291637 9.99731E-05 0.525513 9.99731E-05 9.99731E-05
0.143391 9.9964E-05 0.366657 9.9964E-05 0.489552 9.9964E-05 9.9964E-05
0.841494 9.9964E-05 0.0919495 0.0661562 9.9964E-05 9.9964E-05 9.9964E-05
0.652166 0.0749245 9.9964E-05 9.9964E-05 9.9964E-05 0.272509 9.9964E-05
0.580716 0.0148205 9.9964E-05 9.9964E-05 9.9964E-05 0.404064 9.9964E-05
0.524054 0.269705 9.9964E-05 9.9964E-05 9.9964E-05 0.205841 9.9964E-05
0.791884 9.9973E-05 9.9973E-05 9.9973E-05 0.153179 0.0485584 0.00607911
0.26209 0.193087 0.430251 9.9982E-05 9.9982E-05 0.0314369 0.0829359
0.602138 0.0695076 0.292204 0.0358504 9.9973E-05 9.9973E-05 9.9973E-05
0.278108 0.142477 0.570618 0.00849765 9.9973E-05 9.9973E-05 9.9973E-05
0.271418 0.159156 0.564005 9.9973E-05 9.9973E-05 0.00512173 9.9973E-05
0.183896 9.9973E-05 0.415325 0.047976 0.352503 9.9973E-05 9.9973E-05
9.9973E-05 9.9973E-05 0.343626 0.179512 9.9973E-05 0.0991265 0.377436
9.9973E-05 0.0500023 0.117543 0.228741 9.9973E-05 9.9973E-05 0.603414
9.9964E-05 0.0843145 0.0115322 0.903753 9.9964E-05 9.9964E-05 9.9964E-05
0.143678 9.9982E-05 0.0243391 0.440776 9.9982E-05 0.0492102 0.341796
9.9973E-05 9.9973E-05 9.9973E-05 0.566651 0.0190359 0.111592 0.302422
0.144851 9.99639E-05 9.99639E-05 0.730142 9.99639E-05 0.124608 9.99639E-05
0.0360161 9.99639E-05 9.99639E-05 9.99639E-05 9.99639E-05 0.629033 0.334551
9.99819E-05 9.99819E-05 0.0664504 0.240573 0.0241284 0.436235 0.232413
9.9964E-05 9.9964E-05 9.9964E-05 9.9964E-05 0.0790354 0.0932175 0.827347
0.0196414 9.9964E-05 9.9964E-05 0.0542176 9.9964E-05 9.9964E-05 0.925741
9.9973E-05 9.9973E-05 0.185668 0.207099 9.9973E-05 0.0849258 0.522007
9.99641E-05 9.99641E-05 0.119783 0.38796 9.99641E-05 9.99641E-05 0.491857
9.9973E-05 9.9973E-05 0.0770184 0.30603 9.9973E-05 0.400062 0.21659
9.9973E-05 9.9973E-05 0.134424 0.283205 9.9973E-05 0.038509 0.543562
9.9973E-05 9.9973E-05 0.110975 0.129392 9.9973E-05 0.343174 0.416158
9.9973E-05 0.015507 0.196232 0.335834 9.9973E-05 9.9973E-05 0.452127
9.9982E-05 0.0226277 0.0203722 0.113353 9.9982E-05 0.318562 0.524885
0.130156 9.998E-05 9.998E-05 0.654388 0.011391 0.0470762 0.156788
0.0520723 9.9973E-05 0.133437 0.633727 9.9973E-05 9.9973E-05 0.180463
0.0856128 9.9973E-05 9.9973E-05 0.773809 9.9973E-05 0.120044 0.0202334
9.9973E-05 9.9973E-05 9.9973E-05 0.684943 0.0282594 0.220624 0.0658736
9.9955E-05 9.9955E-05 9.9955E-05 0.955435 0.0440649 9.9955E-05 9.9955E-05
0.02963 9.9973E-05 0.0359921 0.518725 9.9973E-05 9.9973E-05 0.415353
0.0966603 9.99729E-05 9.99729E-05 0.209922 9.99729E-05 0.247019 0.446099
0.0837452 9.9973E-05 9.9973E-05 0.773792 0.0378193 0.104344 9.9973E-05
0.0102842 0.692729 0.0653791 0.0475341 0.183874 9.9982E-05 9.9982E-05
9.99731E-05 0.772429 0.0373313 0.0325395 9.99731E-05 0.157401 9.99731E-05
9.9973E-05 0.78165 0.0141282 0.0559398 9.9973E-05 0.147982 9.9973E-05
0.0837992 0.533528 9.9982E-05 0.0113087 0.323205 9.9982E-05 0.0479591
0.242311 0.589394 9.9973E-05 9.9973E-05 0.122035 9.9973E-05 0.0459608
0.115053 0.245707 9.9973E-05 9.9973E-05 0.000380808 0.638559 9.9973E-05
9.99641E-05 0.188998 9.99641E-05 9.99641E-05 0.5549 0.255702 9.99641E-05
0.0047833 0.153666 0.035511 9.9991E-05 0.552139 0.249495 0.00430574
0.0143806 0.275367 9.9973E-05 9.9973E-05 0.669305 0.0406478 9.9973E-05
9.99639E-05 0.504001 9.99639E-05 9.99639E-05 0.243605 0.251994 9.99639E-05
9.9964E-05 0.129616 9.9964E-05 0.0380136 0.83197 9.9964E-05 9.9964E-05
9.9964E-05 9.9964E-05 0.0319585 0.0202907 0.947351 9.9964E-05 9.9964E-05
9.997E-05 0.23183 0.0715542 9.997E-05 0.65853 9.997E-05 0.037786
0.0144909 0.0718871 0.0215906 0.0148735 0.8196 0.0574582 9.9991E-05
0.213742 9.9964E-05 9.9964E-05 9.9964E-05 0.625473 0.160385 9.9964E-05
0.104285 0.0522695 0.0657463 9.9982E-05 0.733489 0.0440108 9.9982E-05
9.9964E-05 0.181121 9.9964E-05 0.0386938 0.779786 9.9964E-05 9.9964E-05
9.9973E-05 0.108435 0.108387 0.00936841 0.77351 9.9973E-05 9.9973E-05
9.9973E-05 0.254879 0.24458 9.9973E-05 0.477089 9.9973E-05 0.0231515
0.220658 0.654637 0.000189141 9.9991E-05 0.0689217 0.0328028 0.0226917
0.119889 0.784261 0.0079939 9.9973E-05 0.0875563 9.9973E-05 9.9973E-05
0.0555201 0.812724 0.117086 9.9973E-05 9.9973E-05 0.0143705 9.9973E-05
9.9973E-05 0.841969 0.0516245 9.9973E-05 9.9973E-05 0.0939891 0.0121176
0.0972136 0.670233 9.9982E-05 9.9982E-05 0.157318 0.00450773 0.0705273
0.0836444 0.772425 0.0181675 0.013631 0.111932 9.9982E-05 9.9982E-05
0.160391 0.668357 0.164116 0.00683608 9.9973E-05 9.9973E-05 9.9973E-05
0.0603392 0.802464 9.9982E-05 0.0262531 0.0974869 9.9982E-05 0.0132566
0.00547193 0.716025 9.9973E-05 0.0929767 0.185226 9.9973E-05 9.9973E-05
9.9964E-05 0.652509 9.9964E-05 0.023027 0.324064 9.9964E-05 9.9964E-05
9.9973E-05 0.725644 0.10152 0.0439299 0.128606 9.9973E-05 9.9973E-05
9.9964E-05 0.833341 0.0426529 9.9964E-05 0.123606 9.9964E-05 9.9964E-05
0.0927707 0.555473 0.0410989 9.9982E-05 0.307539 0.00291821 9.9982E-05
0.160222 0.666603 9.997E-05 0.0716708 0.101205 9.997E-05 9.997E-05
0.0218042 0.539508 0.0513435 9.9982E-05 0.303343 0.0838015 9.9982E-05
0.0712246 0.684032 0.0127331 0.0243814 0.207429 9.9982E-05 9.9982E-05
0.0564482 0.789556 9.9973E-05 0.000493266 0.153202 9.9973E-05 9.9973E-05
9.9973E-05 0.858138 0.0409369 0.0422179 0.0584074 9.9973E-05 9.9973E-05
0.0129241 0.666662 9.9982E-05 9.9982E-05 0.29221 0.0108507 0.0171534
9.9964E-05 0.655416 0.146137 9.9964E-05 9.9964E-05 0.198047 9.9964E-05
9.9973E-05 0.723611 0.0276291 9.9973E-05 0.0292662 0.219193 9.9973E-05
9.9982E-05 0.719183 0.0508868 0.00719544 0.0880316 0.134504 9.9982E-05
9.9955E-05 0.716429 9.9955E-05 9.9955E-05 0.283071 9.9955E-05 9.9955E-05
9.9973E-05 0.58079 0.0217871 0.0878632 0.309259 9.9973E-05 9.9973E-05
9.9973E-05 0.656143 0.0868115 0.0733476 0.183398 9.9973E-05 9.9973E-05
0.0144856 0.729798 9.9973E-05 0.0130839 0.242333 9.9973E-05 9.9973E-05
9.9973E-05 0.535365 0.178508 0.190925 9.9973E-05 9.9973E-05 0.0949023
9.9964E-05 0.568565 9.9964E-05 0.345833 9.9964E-05 9.9964E-05 0.0852023
0.0940867 0.825022 9.9973E-05 9.9973E-05 0.0599086 0.0206829 9.9973E-05
0.00739461 0.791403 0.0141256 9.9973E-05 9.9973E-05 0.186777 9.9973E-05
9.9982E-05 0.70931 0.124131 9.9982E-05 0.0231186 0.123885 0.0193553
9.9964E-05 0.768191 0.122714 9.9964E-05 9.9964E-05 0.108696 9.9964E-05
9.9964E-05 0.72007 0.038284 9.9964E-05 9.9964E-05 0.241246 9.9964E-05
0.0554911 0.870691 9.9973E-05 9.9973E-05 0.0368276 9.9973E-05 0.03669
9.9964E-05 0.797507 0.103211 9.9964E-05 9.9964E-05 0.0988818 9.9964E-05
9.9964E-05 0.804403 9.9964E-05 9.9964E-05 0.175008 9.9964E-05 0.020189
0.0444348 0.652598 0.0737608 9.9982E-05 0.110806 0.118201 9.9982E-05
9.9955E-05 0.849866 9.9955E-05 9.9955E-05 9.9955E-05 0.149634 9.9955E-05
9.99729E-05 9.99729E-05 0.00729248 0.336512 9.99729E-05 0.581893 0.074003
9.99639E-05 9.99639E-05 9.99639E-05 0.478759 9.99639E-05 0.234738 0.286103
0.113319 9.9982E-05 9.9982E-05 0.254275 0.0256177 0.202752 0.403836
0.0109878 0.0768681 9.9991E-05 0.673737 0.0376326 0.171479 0.029195
9.9982E-05 0.0502897 9.9982E-05 0.619412 0.0642157 0.0443532 0.22153
0.00355107 0.0227543 9.9982E-05 0.769022 9.9982E-05 0.0348045 0.169668
9.9982E-05 0.0200963 0.0424944 0.309645 9.9982E-05 0.211717 0.415847
9.99639E-05 9.99639E-05 9.99639E-05 0.23494 9.99639E-05 0.35084 0.413821
9.9964E-05 9.9964E-05 9.9964E-05 0.0135191 9.9964E-05 0.84407 0.142011
0.0159626 0.0987633 9.9973E-05 0.595805 9.9973E-05 9.9973E-05 0.289169
9.99641E-05 9.99641E-05 0.0718081 0.893933 9.99641E-05 9.99641E-05 0.0338595
9.9955E-05 9.9955E-05 0.0408799 0.95862 9.9955E-05 9.9955E-05 9.9955E-05
0.026013 9.9973E-05 9.9973E-05 0.873418 0.0528819 9.9973E-05 0.0473872
