0.390653 9.9982E-05 0.0884951 0.520652 9.9982E-05
0.404571 9.9991E-05 0.397656 0.0801883 0.117485
0.429727 9.9991E-05 0.115309 0.394452 0.0604109
0.373824 0.0435538 0.00827467 0.466557 0.107791
0.663216 0.093069 9.9982E-05 0.243515 9.9982E-05
0.360074 0.0037577 9.9991E-05 0.581324 0.0547443
9.9982E-05 0.0872362 0.848097 9.9982E-05 0.0644669
0.144737 0.258991 0.538904 0.0164513 0.0409173
9.9973E-05 0.320546 0.679154 9.9973E-05 9.9973E-05
9.9982E-05 0.282452 0.665454 0.0518941 9.9982E-05
9.9973E-05 0.157822 0.841878 9.9973E-05 9.9973E-05
0.0432122 0.16086 0.795728 9.9982E-05 9.9982E-05
9.9973E-05 0.526597 0.473103 9.9973E-05 9.9973E-05
9.9973E-05 0.563632 0.436068 9.9973E-05 9.9973E-05
9.9982E-05 0.2483 0.703722 9.9982E-05 0.0477779
9.99731E-05 0.173409 0.826291 9.99731E-05 9.99731E-05
0.304601 0.0687864 9.9991E-05 0.497393 0.12912
9.9982E-05 0.113737 9.9982E-05 0.262176 0.623887
9.9982E-05 0.0680776 9.9982E-05 0.752644 0.179078
0.0943335 0.109586 9.9991E-05 0.682091 0.113889
0.124913 0.0552721 9.9991E-05 0.373347 0.446368
9.9982E-05 0.0581072 9.9982E-05 0.558508 0.383185
0.227336 9.9982E-05 0.29311 0.479354 9.9982E-05
0.28001 9.9982E-05 0.0907418 0.629048 9.9982E-05
0.0786165 0.00551168 0.0245025 0.891269 9.9991E-05
0.180636 9.9982E-05 9.9982E-05 0.784379 0.0347844
0.254117 0.180766 9.9982E-05 0.564917 9.9982E-05
0.367912 0.0757793 9.9982E-05 0.556109 9.9982E-05
0.556321 0.00236095 0.128818 0.092822 0.219679
0.394329 0.135029 9.9991E-05 0.0736996 0.396843
0.0320759 9.9991E-05 0.240151 0.312886 0.414787
0.354237 0.0386614 0.139324 0.286273 0.181504
0.260019 9.9982E-05 9.9982E-05 0.444227 0.295554
9.9973E-05 9.9973E-05 0.095925 0.903775 9.9973E-05
9.9973E-05 9.9973E-05 0.344497 0.655203 9.9973E-05
0.157515 0.0069986 0.121198 0.628319 0.0859697
9.9991E-05 0.206295 0.278358 0.472093 0.0431533
0.061155 0.0551299 0.144698 0.738917 9.9991E-05
9.9991E-05 0.00853938 0.134937 0.688857 0.167567
0.00267519 0.0560374 0.0144159 0.796915 0.129957
0.284866 9.9982E-05 9.9982E-05 0.48993 0.225004
0.457721 0.0847272 9.9991E-05 0.388394 0.0690577
0.257696 0.13832 9.9991E-05 0.436656 0.167228
0.508631 0.134764 0.0807598 0.275745 9.9991E-05
0.345745 9.9982E-05 9.9982E-05 0.563432 0.0906236
0.0914905 0.00717186 9.9991E-05 0.713877 0.187361
9.9982E-05 0.133948 9.9982E-05 0.296657 0.569195
0.0128491 0.0503409 0.0452222 0.0529602 0.838628
9.9973E-05 9.9973E-05 0.00295459 9.9973E-05 0.996745
0.12453 9.9982E-05 9.9982E-05 0.105226 0.770045
9.9982E-05 0.0964332 9.9982E-05 0.183855 0.719512
0.20275 0.0179678 0.154702 0.470998 0.153582
9.9982E-05 0.12124 9.9982E-05 0.470115 0.408445
0.0552247 9.9991E-05 0.0247463 0.765368 0.154561
0.0805992 9.9991E-05 0.072046 0.70364 0.143615
0.129427 0.111441 9.9991E-05 0.757681 0.00135073
9.9982E-05 0.249296 0.471137 0.279367 9.9982E-05
9.9982E-05 0.502678 0.335404 0.161718 9.9982E-05
0.0873135 0.874336 0.0381505 9.9982E-05 9.9982E-05
9.9991E-05 0.490032 0.41522 0.0430493 0.0515986
9.9973E-05 0.59553 0.40417 9.9973E-05 9.9973E-05
0.0184754 0.623254 0.230998 0.0093236 0.117949
9.9973E-05 9.9973E-05 0.842898 9.9973E-05 0.156802
9.9982E-05 0.124276 0.755836 0.119687 9.9982E-05
0.0149941 0.264925 0.716211 0.00376995 9.9991E-05
9.9973E-05 0.49012 0.50958 9.9973E-05 9.9973E-05
9.9982E-05 0.336361 0.519127 0.144312 9.9982E-05
9.99821E-05 0.720163 0.24464 0.0349975 9.99821E-05
9.9982E-05 0.218593 0.707455 0.0737515 9.9982E-05
9.9982E-05 0.498423 0.436208 0.0651688 9.9982E-05
0.0419334 0.140011 0.748841 0.0691144 9.9991E-05
9.9982E-05 0.504882 0.384919 0.11 9.9982E-05
0.0261417 0.115076 0.858582 9.9982E-05 9.9982E-05
0.00649966 0.699253 0.201062 9.9991E-05 0.0930849
9.9991E-05 0.737504 0.0717957 0.169372 0.0212278
9.9982E-05 0.719504 0.120957 9.9982E-05 0.15934
0.0422086 0.59505 0.362541 9.9982E-05 9.9982E-05
0.023184 0.958024 0.0185924 9.9982E-05 9.9982E-05
9.9982E-05 0.660798 0.338176 0.000825984 9.9982E-05
9.9982E-05 0.242828 0.706656 9.9982E-05 0.050316
9.9991E-05 0.725928 0.0933594 0.0386067 0.142006
0.831963 0.106105 9.9982E-05 0.0617324 9.9982E-05
0.779057 9.9982E-05 0.206113 9.9982E-05 0.0146299
0.819718 0.0406148 0.139467 9.9982E-05 9.9982E-05
0.765143 0.138742 9.9991E-05 0.00445001 0.0915652
0.63641 0.0407668 9.9982E-05 9.9982E-05 0.322623
0.192091 9.99821E-05 0.134426 9.99821E-05 0.673283
0.570593 9.9991E-05 0.223977 0.045671 0.159659
0.511206 9.9991E-05 0.131995 0.135985 0.220713
0.717232 0.0722565 9.9991E-05 0.0594492 0.150962
0.756849 9.9982E-05 0.0179867 9.9982E-05 0.224965
0.793815 0.17504 9.9982E-05 0.0309448 9.9982E-05
0.497393 0.114947 9.9982E-05 0.38746 9.9982E-05
0.590211 0.0729999 9.9991E-05 0.335848 0.000840794
0.567623 0.0792225 0.000383579 0.303533 0.0492378
0.365439 0.0448541 0.0373284 0.0790642 0.473314
0.47811 0.0103436 0.0650779 0.337185 0.109283
0.724446 0.134043 9.9982E-05 0.141312 9.9982E-05
0.57215 0.111329 9.9982E-05 0.316321 9.9982E-05
0.623329 9.9982E-05 0.076644 0.299827 9.9982E-05
0.622385 9.9982E-05 9.9982E-05 0.0675448 0.30987
0.848865 9.9982E-05 9.9982E-05 0.0567863 0.0941489
0.830464 9.9982E-05 9.9982E-05 0.0861397 0.0831961
0.856843 9.9982E-05 0.0655522 9.9982E-05 0.0774043
0.746739 0.0638095 9.9982E-05 9.9982E-05 0.189252
0.811442 0.0179375 9.9982E-05 0.170421 9.9982E-05
0.716091 0.046552 9.9991E-05 0.184702 0.0525552
0.899334 0.0805702 9.9982E-05 9.9982E-05 0.019896
0.898287 0.101413 9.9973E-05 9.9973E-05 9.9973E-05
0.915998 0.04565 9.9982E-05 0.038152 9.9982E-05
0.797741 0.058528 9.9982E-05 0.143531 9.9982E-05
0.975238 0.024462 9.9973E-05 9.9973E-05 9.9973E-05
0.661422 9.9982E-05 9.9982E-05 0.201293 0.137085
0.764398 0.0648368 9.9982E-05 9.9982E-05 0.170565
0.770542 9.9991E-05 0.0681815 0.125971 0.0352053
0.836764 0.0625487 9.9991E-05 0.0479805 0.0526069
0.857337 0.0426608 9.9982E-05 9.9982E-05 0.0998026
0.926637 0.0479516 9.9982E-05 0.0252114 9.9982E-05
0.888291 0.0351102 0.00817132 9.9991E-05 0.0683276
0.797549 9.9982E-05 0.189751 0.0125004 9.9982E-05
0.875146 9.9982E-05 0.0893096 9.9982E-05 0.0353448
0.915446 9.99731E-05 0.0842543 9.99731E-05 9.99731E-05
0.930704 0.025694 9.9982E-05 0.0434024 9.9982E-05
0.804733 0.120806 9.9982E-05 0.0742608 9.9982E-05
0.865335 0.0769187 0.00796601 0.0496801 9.9991E-05
0.921419 0.0636984 9.9982E-05 9.9982E-05 0.0146825
0.628047 0.275245 0.0143395 0.0822688 9.9991E-05
0.593451 0.352425 0.0539243 9.9982E-05 9.9982E-05
0.891185 9.9982E-05 0.000720236 9.9982E-05 0.107895
0.837123 9.9982E-05 0.032096 9.9982E-05 0.130581
0.828281 9.9982E-05 0.156042 0.0154772 9.9982E-05
0.867947 9.9973E-05 0.131753 9.9973E-05 9.9973E-05
0.696186 9.9982E-05 0.0480759 9.9982E-05 0.255538
0.82032 0.0698484 9.9982E-05 9.9982E-05 0.109632
0.84119 9.9982E-05 0.0611902 9.9982E-05 0.0974199
0.907995 9.9991E-05 0.0175816 0.0728646 0.00145896
0.735768 9.9982E-05 9.9982E-05 0.0946585 0.169374
0.858701 9.9982E-05 0.100326 9.9982E-05 0.0407731
0.0956173 0.111069 0.738165 9.9991E-05 0.0550481
9.9973E-05 0.465146 0.534554 9.9973E-05 9.9973E-05
9.9982E-05 0.293915 0.566529 9.9982E-05 0.139356
0.0626736 0.627574 0.237085 9.9991E-05 0.0725672
0.122664 0.694637 0.182499 9.9982E-05 9.9982E-05
9.9973E-05 0.773829 0.225871 9.9973E-05 9.9973E-05
9.9982E-05 0.363247 0.622384 0.014169 9.9982E-05
9.9973E-05 0.225837 0.773863 9.9973E-05 9.9973E-05
9.99731E-05 9.99731E-05 0.920348 9.99731E-05 0.0793516
0.0884701 0.680313 0.231017 9.9982E-05 9.9982E-05
9.99731E-05 0.949531 9.99731E-05 0.0501695 9.99731E-05
9.9973E-05 0.947698 9.9973E-05 0.0520019 9.9973E-05
0.0258018 0.955835 9.9982E-05 9.9982E-05 0.0181629
