0.0444052 0.247147 9.9991E-05 0.26914 0.0130108 0.426197
0.222282 0.406244 9.9991E-05 0.122446 0.189591 0.0593363
0.0431897 0.156388 9.9991E-05 0.367181 0.110502 0.32264
9.9991E-05 0.146971 0.0146381 0.339048 0.151488 0.347755
9.9964E-05 9.9964E-05 9.9964E-05 0.779584 9.9964E-05 0.220017
9.9982E-05 0.0154479 9.9982E-05 0.423316 0.081145 0.479891
0.93629 0.0341135 9.9973E-05 9.9973E-05 0.0292965 9.9973E-05
0.617885 0.0286163 0.11563 0.190192 0.0220503 0.0256269
0.781442 0.0237739 0.193564 9.9982E-05 0.00102076 9.9982E-05
0.74811 0.0153272 0.183932 9.9991E-05 0.0340212 0.01851
0.917909 0.0376847 0.0441066 9.9973E-05 9.9973E-05 9.9973E-05
0.912422 9.9973E-05 9.9973E-05 0.0789361 9.9973E-05 0.0083416
0.627828 9.9973E-05 0.358325 0.0135464 9.9973E-05 9.9973E-05
0.565818 9.9973E-05 0.393178 9.9973E-05 9.9973E-05 0.0407042
0.754606 0.0369328 0.149103 9.9982E-05 0.0591591 9.9982E-05
0.943738 0.0558626 9.99641E-05 9.99641E-05 9.99641E-05 9.99641E-05
0.0277943 9.9982E-05 9.9982E-05 0.349826 0.168144 0.454036
9.9982E-05 9.9982E-05 0.103342 0.049171 0.667062 0.180225
0.0199812 9.9991E-05 0.0672375 0.0806318 0.19145 0.640599
9.9982E-05 9.9982E-05 0.0504241 0.204391 0.149003 0.595982
9.9982E-05 9.9982E-05 0.029422 0.247618 0.495593 0.227167
9.9973E-05 9.9973E-05 0.0308506 9.9973E-05 0.421521 0.547328
0.242822 0.166738 9.9982E-05 0.0957298 9.9982E-05 0.49451
9.9982E-05 0.234763 0.0260107 0.197869 9.9982E-05 0.541157
9.99731E-05 0.0288546 9.99731E-05 0.154549 9.99731E-05 0.816296
9.9973E-05 0.169443 9.9973E-05 0.121885 9.9973E-05 0.708372
9.9973E-05 9.9973E-05 0.101023 0.385914 9.9973E-05 0.512763
9.9973E-05 9.9973E-05 0.0780025 0.475202 9.9973E-05 0.446496
0.0164286 0.262013 0.0187027 0.330353 0.302364 0.0701393
9.999E-05 0.0999528 0.0525815 0.290735 0.510461 0.0461697
0.139885 9.9982E-05 9.9982E-05 0.0715927 0.620953 0.167369
0.0960892 9.9982E-05 9.9982E-05 0.475186 0.28799 0.140534
9.9973E-05 9.9973E-05 9.9973E-05 0.384931 0.337304 0.277464
0.0128453 0.133238 9.9973E-05 9.9973E-05 9.9973E-05 0.853617
0.239167 0.147493 9.9973E-05 9.9973E-05 9.9973E-05 0.61304
0.0473274 9.9982E-05 9.9982E-05 0.261926 0.153952 0.536594
0.211632 9.9991E-05 0.1883 0.0645193 0.0991148 0.436334
0.118159 9.9991E-05 0.0548945 0.167855 0.0137093 0.645282
0.0052629 0.166373 0.0446057 9.9991E-05 0.146921 0.636737
0.0316149 9.9991E-05 0.0402291 0.126307 0.1364 0.665349
9.9973E-05 0.56695 9.9973E-05 9.9973E-05 0.0408815 0.391869
9.9991E-05 0.204112 0.0973373 0.354282 0.079703 0.264465
9.9982E-05 9.9982E-05 0.114934 0.319424 0.211104 0.354338
9.9982E-05 0.453629 0.16343 0.121564 9.9982E-05 0.261176
9.9982E-05 0.107003 9.9982E-05 0.321825 0.072225 0.498748
9.9973E-05 9.9973E-05 9.9973E-05 0.178946 0.191599 0.629155
9.9973E-05 9.9973E-05 0.101342 9.9973E-05 0.634474 0.263884
9.9973E-05 0.136823 0.0523716 9.9973E-05 0.810505 9.9973E-05
9.9964E-05 0.0794193 9.9964E-05 9.9964E-05 0.920181 9.9964E-05
9.9973E-05 0.276921 9.9973E-05 9.9973E-05 0.662043 0.0607365
9.9973E-05 9.9973E-05 0.0228021 9.9973E-05 0.762779 0.214119
0.038668 0.371329 0.100666 9.9991E-05 0.138745 0.350492
9.9991E-05 0.0163792 0.111305 0.0118813 0.398507 0.461827
9.9973E-05 0.337734 0.0920888 9.9973E-05 9.9973E-05 0.569877
9.9982E-05 0.29102 0.0657821 9.9982E-05 0.0564219 0.586576
9.9982E-05 9.9982E-05 0.06069 0.208729 0.0648286 0.665552
0.471497 0.0764534 0.220456 9.9982E-05 9.9982E-05 0.231393
0.372007 0.0312122 0.40271 9.9982E-05 9.9982E-05 0.193871
9.9982E-05 0.0497482 0.908795 0.0342804 9.9982E-05 0.0069769
0.322733 0.156273 0.520694 9.9973E-05 9.9973E-05 9.9973E-05
0.366405 0.00854988 0.604144 0.0207014 9.9982E-05 9.9982E-05
0.118027 0.0243081 0.667972 9.9982E-05 0.189493 9.9982E-05
0.735037 0.0314515 9.9973E-05 9.9973E-05 0.233212 9.9973E-05
0.814138 9.9982E-05 9.9982E-05 0.087102 0.0487488 0.049811
0.813431 9.9973E-05 0.135874 0.0503951 9.9973E-05 9.9973E-05
0.687882 9.9973E-05 0.287874 9.9973E-05 9.9973E-05 0.0239434
0.621548 9.9982E-05 0.210144 0.00206351 9.9982E-05 0.166044
0.292734 9.99731E-05 0.617754 9.99731E-05 9.99731E-05 0.0892129
0.692209 0.025103 0.185614 9.9982E-05 9.9982E-05 0.0968744
0.543539 9.9973E-05 0.384652 9.9973E-05 9.9973E-05 0.0715093
0.821356 9.9973E-05 9.9973E-05 0.0725879 9.9973E-05 0.105756
0.434692 9.9973E-05 0.411573 9.9973E-05 9.9973E-05 0.153435
0.893247 9.9964E-05 9.9964E-05 0.106353 9.9964E-05 9.9964E-05
0.188539 9.9982E-05 0.646528 0.0262816 0.138451 9.9982E-05
0.13895 9.9973E-05 0.696029 9.9973E-05 9.9973E-05 0.164722
0.0746032 9.9982E-05 0.781218 0.00264592 0.141333 9.9982E-05
0.394547 9.9973E-05 0.521933 0.0832204 9.9973E-05 9.9973E-05
9.9964E-05 9.9964E-05 0.996691 0.00290883 9.9964E-05 9.9964E-05
0.383433 9.9964E-05 0.616167 9.9964E-05 9.9964E-05 9.9964E-05
0.739175 9.9973E-05 0.152782 9.9973E-05 0.107744 9.9973E-05
0.0581096 9.9973E-05 0.744077 9.9973E-05 0.197513 9.9973E-05
9.9991E-05 0.0406066 0.0357889 0.828497 0.0603524 0.0346553
9.9973E-05 0.802356 0.116213 0.0811309 9.9973E-05 9.9973E-05
9.9973E-05 0.716799 0.106052 0.176849 9.9973E-05 9.9973E-05
9.9973E-05 9.9973E-05 0.0247429 0.805685 0.169272 9.9973E-05
9.9973E-05 0.100221 9.9973E-05 0.593617 0.305862 9.9973E-05
0.0210745 0.273112 9.99731E-05 9.99731E-05 0.705514 9.99731E-05
0.0902226 0.145678 9.9991E-05 0.508712 0.241695 0.0135931
0.0864895 0.254824 9.9991E-05 0.317752 0.254228 0.0866069
9.9973E-05 0.0147143 9.9973E-05 0.762647 0.222338 9.9973E-05
9.9973E-05 0.229769 9.9973E-05 0.51457 0.255361 9.9973E-05
0.053602 9.9973E-05 0.0875245 0.858574 9.9973E-05 9.9973E-05
9.9973E-05 9.9973E-05 0.0312795 0.687298 9.9973E-05 0.281123
9.9982E-05 9.9982E-05 0.0294273 0.710056 0.0456234 0.214693
9.9982E-05 9.9982E-05 0.0079203 0.675083 0.158014 0.158783
0.0237624 9.9973E-05 9.9973E-05 0.406093 0.569845 9.9973E-05
9.9973E-05 9.9973E-05 9.9973E-05 0.539732 0.219231 0.240737
0.0287828 9.9991E-05 0.031127 0.803112 0.0253759 0.111502
9.9973E-05 9.9973E-05 0.0599291 0.791324 9.9973E-05 0.148447
0.0426007 0.134857 9.9982E-05 0.596761 9.9982E-05 0.225581
9.9982E-05 0.338927 9.9982E-05 0.35107 0.243064 0.0667387
9.9973E-05 0.406957 9.9973E-05 0.527517 0.0652265 9.9973E-05
9.9982E-05 0.542434 9.9982E-05 0.333139 0.0359769 0.0882495
9.9964E-05 0.618288 9.9964E-05 0.381312 9.9964E-05 9.9964E-05
0.0194071 0.0372747 9.9982E-05 0.727806 0.215312 9.9982E-05
9.9973E-05 9.9973E-05 9.9973E-05 0.865549 0.0306274 0.103523
9.9982E-05 0.118741 9.9982E-05 0.563088 0.106766 0.211204
9.9973E-05 0.0149087 9.9973E-05 0.880836 0.103956 9.9973E-05
9.9982E-05 0.0275137 0.0371902 0.851471 0.0836249 9.9982E-05
9.9973E-05 0.0976718 9.9973E-05 0.842743 9.9973E-05 0.0592853
9.9973E-05 0.0907681 9.9973E-05 0.823203 9.9973E-05 0.085729
9.9964E-05 0.157238 9.9964E-05 0.842363 9.9964E-05 9.9964E-05
9.9982E-05 0.274039 9.9982E-05 0.454105 0.147471 0.124186
9.9982E-05 0.308973 0.0460003 0.543187 0.10164 9.9982E-05
9.9982E-05 0.229709 9.9982E-05 0.584459 0.0990946 0.0865373
9.9982E-05 0.145574 9.9982E-05 0.773727 0.0594557 0.0210435
9.9982E-05 0.202466 0.00231442 0.70723 0.0877901 9.9982E-05
9.9964E-05 0.227664 9.9964E-05 0.771936 9.9964E-05 9.9964E-05
0.00469054 0.123044 9.9982E-05 0.76677 0.105295 9.9982E-05
0.0336398 0.729942 9.9982E-05 0.233808 9.9982E-05 0.00241077
9.9973E-05 0.624544 9.9973E-05 0.365835 0.00932107 9.9973E-05
0.000357415 0.449537 0.0083379 0.541567 9.9982E-05 9.9982E-05
9.9964E-05 0.163353 9.9964E-05 0.836247 9.9964E-05 9.9964E-05
0.013829 0.125437 0.0285789 0.706564 0.00935692 0.116234
9.9982E-05 0.194881 0.0228147 0.744151 9.9982E-05 0.0379534
9.9973E-05 0.171897 9.9973E-05 0.797461 0.0303413 9.9973E-05
0.0806839 0.0981886 0.169325 0.571918 9.9991E-05 0.079785
0.0792139 0.0499136 0.273925 0.596747 9.9982E-05 9.9982E-05
9.9973E-05 0.215021 9.9973E-05 0.679112 0.105567 9.9973E-05
9.9973E-05 0.6639 9.9973E-05 0.26715 0.0686495 9.9973E-05
0.0438901 0.493797 9.9973E-05 0.462013 9.9973E-05 9.9973E-05
0.00333366 0.546858 9.9973E-05 0.449508 9.9973E-05 9.9973E-05
9.9973E-05 0.898339 9.9973E-05 9.9973E-05 0.069861 0.0314999
9.9973E-05 0.174818 9.9973E-05 0.71949 0.105392 9.9973E-05
9.9973E-05 0.632223 9.9973E-05 0.344804 0.0226736 9.9973E-05
0.0157109 0.334792 9.9982E-05 0.607976 9.9982E-05 0.0413213
9.9982E-05 0.34258 9.9982E-05 0.47198 0.111057 0.0741825
0.0128112 0.497627 9.9982E-05 0.45812 0.0312419 9.9982E-05
0.660443 0.205982 0.0775213 9.9982E-05 0.0558539 9.9982E-05
0.529909 0.0599455 0.409846 9.9973E-05 9.9973E-05 9.9973E-05
0.584123 0.00215273 0.258597 9.9982E-05 0.154928 9.9982E-05
0.146364 0.121162 0.644608 9.9982E-05 0.0876667 9.9982E-05
0.135009 0.0218224 0.708108 0.117565 0.017395 9.9991E-05
0.203229 9.9973E-05 0.765689 9.9973E-05 0.0307818 9.9973E-05
0.578517 0.0384091 0.315633 0.0504097 9.9991E-05 0.0169318
0.822556 9.9973E-05 0.126661 0.0504839 9.9973E-05 9.9973E-05
0.748014 0.153634 9.99731E-05 9.99731E-05 0.0980516 9.99731E-05
0.27605 9.9973E-05 0.624953 0.0986971 9.9973E-05 9.9973E-05
9.99641E-05 9.99641E-05 0.909243 9.99641E-05 9.99641E-05 0.0903568
9.9964E-05 9.9964E-05 0.968244 9.9964E-05 9.9964E-05 0.0313566
0.0150452 9.9991E-05 0.895019 0.0733563 0.013157 0.00332219
