9.99729E-05 9.99729E-05 0.0467256 0.0698124 0.546146 9.99729E-05 0.302623 0.0343929
0.130715 9.9973E-05 0.157354 0.316979 0.322469 9.9973E-05 0.0721827 9.9973E-05
9.997E-05 9.997E-05 9.997E-05 0.154248 0.346357 0.0155567 0.243461 0.240078
9.998E-05 0.00523582 0.187652 0.0896503 0.0917257 0.126674 9.998E-05 0.498862
9.9964E-05 0.0152775 9.9964E-05 9.9964E-05 0.217647 9.9964E-05 0.601444 0.165232
9.9982E-05 9.9982E-05 0.0380166 0.0150987 0.287086 0.0847094 0.112793 0.462096
0.933296 9.9964E-05 0.00203061 0.0203651 9.9964E-05 0.0439089 9.9964E-05 9.9964E-05
0.678056 0.0239011 9.9964E-05 9.9964E-05 9.9964E-05 0.206212 0.0914314 9.9964E-05
0.760574 0.167007 9.9955E-05 9.9955E-05 9.9955E-05 9.9955E-05 9.9955E-05 0.0719195
0.788868 0.0808544 9.99551E-05 9.99551E-05 9.99551E-05 0.129778 9.99551E-05 9.99551E-05
0.894594 0.0115531 0.0412674 9.9973E-05 0.0436051 9.9973E-05 9.9973E-05 0.00868051
0.850162 9.9964E-05 9.9964E-05 9.9964E-05 0.0358732 0.0243524 0.0892127 9.9964E-05
0.652692 0.327153 9.99641E-05 9.99641E-05 9.99641E-05 0.00531109 9.99641E-05 0.0144445
0.6096 0.268903 9.99551E-05 9.99551E-05 9.99551E-05 0.120997 9.99551E-05 9.99551E-05
0.7719 0.127754 9.9973E-05 0.0474656 9.9973E-05 0.0376195 9.9973E-05 0.014961
0.97624 9.99551E-05 0.0204809 9.99551E-05 9.99551E-05 0.0027793 9.99551E-05 9.99551E-05
0.00342538 9.9973E-05 9.9973E-05 0.0624134 0.0394327 0.559647 0.334781 9.9973E-05
9.9955E-05 0.0641848 9.9955E-05 0.448912 9.9955E-05 0.486404 9.9955E-05 9.9955E-05
9.9973E-05 0.0230925 9.9973E-05 0.0758781 0.29158 0.453141 9.9973E-05 0.156008
9.996E-05 0.00727424 9.996E-05 9.996E-05 9.996E-05 0.68993 0.120523 0.181873
9.99639E-05 9.99639E-05 9.99639E-05 0.302923 9.99639E-05 0.475434 0.212375 0.0088685
9.9955E-05 9.9955E-05 9.9955E-05 0.178156 9.9955E-05 0.725744 9.9955E-05 0.0956003
0.127627 9.9973E-05 0.0306291 0.0318608 0.648115 9.9973E-05 0.161468 9.9973E-05
9.996E-05 0.0336605 0.0234991 9.996E-05 0.71354 9.996E-05 0.228901 9.996E-05
9.9964E-05 9.9964E-05 9.9964E-05 9.9964E-05 0.602133 0.274327 0.106154 0.016986
9.996E-05 9.996E-05 0.168706 9.996E-05 0.0993294 0.469709 9.996E-05 0.261855
9.9964E-05 0.0313257 9.9964E-05 9.9964E-05 0.0362947 0.579626 0.352354 9.9964E-05
9.9973E-05 0.0207783 9.9973E-05 9.9973E-05 0.131527 0.372883 0.341978 0.132534
0.0132178 9.9973E-05 0.196433 0.221777 9.9973E-05 0.213157 0.355115 9.9973E-05
9.9973E-05 0.0612063 0.0638095 0.37712 9.9973E-05 0.245338 0.252227 9.9973E-05
0.0726608 9.9973E-05 9.9973E-05 0.53972 0.0216127 0.112513 9.9973E-05 0.253193
0.0794514 9.99729E-05 9.99729E-05 0.205789 9.99729E-05 0.209731 0.240693 0.264035
9.9973E-05 9.9973E-05 9.9973E-05 0.216909 0.0160572 0.260706 0.169728 0.336299
9.9946E-05 9.9946E-05 9.9946E-05 9.9946E-05 0.820193 0.179207 9.9946E-05 9.9946E-05
0.045937 9.9955E-05 9.9955E-05 0.123601 0.829962 9.9955E-05 9.9955E-05 9.9955E-05
0.036342 9.9982E-05 9.9982E-05 0.0293187 0.166943 0.456223 0.221836 0.0891371
9.9964E-05 0.306726 9.9964E-05 0.232595 0.44622 9.9964E-05 9.9964E-05 0.0140582
9.9973E-05 0.0960278 9.9973E-05 9.9973E-05 0.568549 0.224199 0.0656239 0.0453005
9.9973E-05 0.0691113 0.100044 0.15511 0.401466 0.273969 9.9973E-05 9.9973E-05
9.997E-05 9.997E-05 9.997E-05 0.0250145 0.21546 0.574707 0.0219372 0.162581
9.9955E-05 9.9955E-05 0.560272 9.9955E-05 9.9955E-05 0.143543 9.9955E-05 0.295685
9.996E-05 0.0762431 0.294039 9.996E-05 9.996E-05 0.109217 9.996E-05 0.520101
9.9973E-05 0.0990215 9.9973E-05 0.168721 0.0267003 0.112196 9.9973E-05 0.593062
9.9964E-05 0.154946 0.517124 9.9964E-05 9.9964E-05 0.0441055 9.9964E-05 0.283424
9.99551E-05 9.99551E-05 0.235066 9.99551E-05 9.99551E-05 0.266241 9.99551E-05 0.498194
9.9964E-05 9.9964E-05 9.9964E-05 0.116135 0.134697 0.240636 9.9964E-05 0.508132
0.00302213 0.0417862 9.9964E-05 0.402346 9.9964E-05 0.552445 9.9964E-05 9.9964E-05
0.0556801 9.9964E-05 0.0316859 0.68918 9.9964E-05 0.223054 9.9964E-05 9.9964E-05
9.9946E-05 9.9946E-05 9.9946E-05 0.872565 9.9946E-05 0.126836 9.9946E-05 9.9946E-05
9.9955E-05 9.9955E-05 0.212881 0.62359 9.9955E-05 0.163029 9.9955E-05 9.9955E-05
9.99549E-05 0.0435218 9.99549E-05 0.598945 9.99549E-05 0.357034 9.99549E-05 9.99549E-05
0.119576 9.9964E-05 0.366895 9.9964E-05 0.0778549 0.435274 9.9964E-05 9.9964E-05
9.9955E-05 0.0429773 9.9955E-05 0.258429 9.9955E-05 0.698094 9.9955E-05 9.9955E-05
9.9946E-05 9.9946E-05 0.351486 9.9946E-05 9.9946E-05 0.647914 9.9946E-05 9.9946E-05
9.99459E-05 9.99459E-05 0.327865 9.99459E-05 9.99459E-05 0.671535 9.99459E-05 9.99459E-05
9.9955E-05 9.9955E-05 9.9955E-05 9.9955E-05 9.9955E-05 0.689412 0.082807 0.227281
0.37273 0.256831 0.09338 9.9964E-05 0.27666 9.9964E-05 9.9964E-05 9.9964E-05
0.265162 0.509866 0.0263979 9.9973E-05 0.193343 9.9973E-05 0.00493162 9.9973E-05
0.0340707 0.856412 0.0539878 9.9973E-05 0.0524238 9.9973E-05 9.9973E-05 0.00280569
0.310234 0.510844 0.137103 9.9964E-05 9.9964E-05 0.0414191 9.9964E-05 9.9964E-05
0.450817 0.52651 0.0221738 9.9955E-05 9.9955E-05 9.9955E-05 9.9955E-05 9.9955E-05
0.199487 0.599981 9.9964E-05 0.107435 9.9964E-05 0.0926971 9.9964E-05 9.9964E-05
0.594632 9.99549E-05 9.99549E-05 0.316735 0.0881332 9.99549E-05 9.99549E-05 9.99549E-05
0.68019 0.0681213 9.9973E-05 0.0805694 0.124873 9.9973E-05 9.9973E-05 0.0459464
0.736821 0.159029 9.996E-05 9.996E-05 0.00753368 9.996E-05 9.996E-05 0.0962157
0.572975 0.362293 9.9955E-05 9.9955E-05 0.064232 9.9955E-05 9.9955E-05 9.9955E-05
0.52719 0.234658 9.9973E-05 9.9973E-05 0.122083 0.0782387 9.9973E-05 0.0375309
0.187453 0.634493 9.99551E-05 9.99551E-05 0.177554 9.99551E-05 9.99551E-05 9.99551E-05
0.60917 0.159713 0.0180922 0.0143598 0.198366 9.9973E-05 9.9973E-05 9.9973E-05
0.489666 0.34143 9.9955E-05 9.9955E-05 0.168405 9.9955E-05 9.9955E-05 9.9955E-05
0.752091 0.0125978 9.9973E-05 9.9973E-05 0.139123 9.9973E-05 0.021008 0.0748798
0.394996 0.436611 9.9955E-05 9.9955E-05 0.167894 9.9955E-05 9.9955E-05 9.9955E-05
0.867129 9.9955E-05 9.9955E-05 9.9955E-05 0.115568 9.9955E-05 0.0168039 9.9955E-05
0.280673 0.587311 9.9964E-05 9.9964E-05 9.9964E-05 0.0827603 0.0488556 9.9964E-05
0.122674 0.677989 9.9964E-05 9.9964E-05 0.051725 0.147212 9.9964E-05 9.9964E-05
0.0783691 0.773764 9.9955E-05 0.147367 9.9955E-05 9.9955E-05 9.9955E-05 9.9955E-05
0.316805 0.561156 9.9964E-05 0.0334135 9.9964E-05 9.9964E-05 9.9964E-05 0.0882257
9.996E-05 0.96695 9.996E-05 0.00950267 9.996E-05 9.996E-05 0.0122774 0.0108701
0.350352 0.592794 0.0101438 9.9964E-05 0.0463109 9.9964E-05 9.9964E-05 9.9964E-05
0.753551 0.114211 9.9964E-05 0.0731392 9.9964E-05 0.0586992 9.9964E-05 9.9964E-05
0.0236429 0.766416 9.9973E-05 0.174214 0.00125852 9.9973E-05 9.9973E-05 0.0341682
9.99641E-05 0.0187645 9.99641E-05 9.99641E-05 0.0624873 0.0691464 0.849202 9.99641E-05
9.9964E-05 0.088367 0.887376 9.9964E-05 9.9964E-05 0.0120167 0.0118403 9.9964E-05
9.9964E-05 0.0494171 0.703686 9.9964E-05 9.9964E-05 9.9964E-05 0.243085 0.00341221
9.997E-05 0.0216976 9.997E-05 0.0987311 0.0472858 9.997E-05 0.778922 0.0530631
9.9955E-05 9.9955E-05 9.9955E-05 0.301955 9.9955E-05 0.0715793 0.625966 9.9955E-05
9.99461E-05 9.99461E-05 0.119677 0.879724 9.99461E-05 9.99461E-05 9.99461E-05 9.99461E-05
0.0317218 9.9973E-05 0.227549 0.232784 9.9973E-05 9.9973E-05 0.00584984 0.501795
0.0309704 9.997E-05 0.221373 0.226794 0.092767 9.997E-05 9.997E-05 0.427795
9.9955E-05 9.9955E-05 9.9955E-05 0.111751 9.9955E-05 9.9955E-05 0.357343 0.530406
9.99639E-05 9.99639E-05 0.209195 0.22247 9.99639E-05 9.99639E-05 0.312066 0.25587
9.9955E-05 0.0193474 9.9955E-05 9.9955E-05 9.9955E-05 9.9955E-05 0.145222 0.834931
9.9946E-05 9.9946E-05 9.9946E-05 9.9946E-05 9.9946E-05 0.037967 9.9946E-05 0.961433
9.99549E-05 9.99549E-05 9.99549E-05 9.99549E-05 0.150484 9.99549E-05 0.335864 0.513152
0.0177666 9.998E-05 9.998E-05 0.112076 0.0277435 0.0201277 0.0665766 0.75551
9.99459E-05 9.99459E-05 9.99459E-05 0.482598 9.99459E-05 9.99459E-05 9.99459E-05 0.516803
9.9973E-05 9.9973E-05 9.9973E-05 0.178909 0.110811 0.00525972 0.0901273 0.614593
0.0318265 0.00061259 9.9964E-05 9.9964E-05 9.9964E-05 9.9964E-05 0.236618 0.730543
9.9955E-05 9.9955E-05 9.9955E-05 9.9955E-05 0.0651971 9.9955E-05 0.269703 0.6646
0.0238917 9.997E-05 0.127311 9.997E-05 0.112482 9.997E-05 0.254415 0.481601
9.99639E-05 9.99639E-05 0.304266 0.205395 9.99639E-05 0.0997773 0.390162 9.99639E-05
9.9964E-05 9.9964E-05 0.370423 0.0393757 9.9964E-05 0.00862283 0.581179 9.9964E-05
9.9973E-05 9.9973E-05 0.484064 0.0162234 0.0363911 0.0436775 0.419344 9.9973E-05
9.9955E-05 9.9955E-05 0.514277 9.9955E-05 9.9955E-05 0.0133973 0.471826 9.9955E-05
0.0288969 0.0015717 9.9973E-05 0.246025 9.9973E-05 9.9973E-05 0.722613 0.000593428
9.9955E-05 9.9955E-05 9.9955E-05 9.9955E-05 0.0543794 0.0925116 0.852609 9.9955E-05
9.9964E-05 9.9964E-05 9.9964E-05 0.0482069 0.127657 0.159201 0.664536 9.9964E-05
0.0257901 9.99641E-05 9.99641E-05 0.00243269 9.99641E-05 0.033419 0.937958 9.99641E-05
9.9964E-05 0.0471125 9.9964E-05 0.0838038 0.0636612 9.9964E-05 0.805023 9.9964E-05
9.9964E-05 9.9964E-05 0.0328298 9.9964E-05 0.0344592 9.9964E-05 0.747053 0.185259
9.9955E-05 9.9955E-05 9.9955E-05 9.9955E-05 0.128116 9.9955E-05 0.821275 0.0501089
9.9955E-05 9.9955E-05 0.092702 9.9955E-05 0.0804343 9.9955E-05 0.826364 9.9955E-05
9.998E-05 9.998E-05 0.159062 0.115005 0.0579285 0.026892 0.494215 0.146697
9.998E-05 0.0254862 0.25178 0.0335984 9.998E-05 0.102945 0.512162 0.0738276
9.9973E-05 9.9973E-05 0.0341668 0.140658 0.138037 9.9973E-05 0.637843 0.0489956
9.997E-05 9.997E-05 0.0327044 0.111345 0.0509356 9.997E-05 0.665854 0.138861
9.99641E-05 9.99641E-05 0.116603 0.0469428 9.99641E-05 9.99641E-05 0.764485 0.0715692
9.997E-05 0.0226133 0.0878676 0.00678436 0.0445988 9.997E-05 0.837836 9.997E-05
9.99639E-05 9.99639E-05 0.0622026 0.121664 9.99639E-05 9.99639E-05 0.651511 0.164223
9.9955E-05 9.9955E-05 0.559698 9.9955E-05 0.19573 9.9955E-05 0.244072 9.9955E-05
9.997E-05 9.997E-05 0.549511 0.049102 0.00466846 9.997E-05 0.319484 0.0769342
9.9973E-05 0.0149908 0.349219 9.9973E-05 0.0312126 9.9973E-05 0.583047 0.0212311
9.995E-05 9.995E-05 0.0990086 9.995E-05 9.995E-05 9.995E-05 0.837291 0.0632007
9.998E-05 0.0442425 0.0868091 9.998E-05 0.0382397 0.0480213 0.680221 0.102267
9.9964E-05 9.9964E-05 0.0180513 9.9964E-05 0.20586 9.9964E-05 0.698623 0.0770659
0.00936133 9.997E-05 0.058629 9.997E-05 9.997E-05 0.0188498 0.823065 0.0897951
0.0174138 0.167747 9.9964E-05 9.9964E-05 0.257126 9.9964E-05 0.557314 9.9964E-05
0.118104 0.227302 9.9964E-05 9.9964E-05 9.9964E-05 0.0225221 0.631673 9.9964E-05
9.9955E-05 9.9955E-05 0.127735 0.124481 9.9955E-05 9.9955E-05 0.747284 9.9955E-05
9.99549E-05 9.99549E-05 0.624517 0.0567803 9.99549E-05 9.99549E-05 0.318203 9.99549E-05
0.0699141 9.997E-05 0.39229 9.997E-05 0.0852484 9.997E-05 0.402505 0.049743
9.9955E-05 9.9955E-05 0.539602 9.9955E-05 0.083911 9.9955E-05 0.375987 9.9955E-05
9.9964E-05 9.9964E-05 0.779494 0.0717565 9.9964E-05 0.0105314 0.137819 9.9964E-05
9.9955E-05 9.9955E-05 0.0663613 0.0764887 9.9955E-05 9.9955E-05 0.85665 9.9955E-05
9.9955E-05 9.9955E-05 0.588463 9.9955E-05 9.9955E-05 9.9955E-05 0.318863 0.0921744
9.9964E-05 9.9964E-05 0.287709 9.9964E-05 9.9964E-05 0.0283683 0.55664 0.126882
9.9973E-05 9.9973E-05 0.265351 0.150736 0.0880538 9.9973E-05 0.434933 0.0606265
0.00583479 9.9964E-05 0.377354 0.042203 9.9964E-05 9.9964E-05 0.574209 9.9964E-05
0.589795 0.0848827 0.142003 0.177137 0.00588234 9.9973E-05 9.9973E-05 9.9973E-05
0.47169 0.414348 0.0426078 0.0370656 0.0339884 9.9973E-05 9.9973E-05 9.9973E-05
0.570174 0.254401 0.0228691 0.142251 0.0100046 9.9973E-05 9.9973E-05 9.9973E-05
0.180621 0.628802 0.0815678 0.0868015 9.997E-05 9.997E-05 9.997E-05 0.0219078
0.100226 0.700295 0.0582561 0.0681138 0.00795025 9.999E-05 0.0349185 0.0301399
0.181682 0.783196 9.9964E-05 0.00130795 9.9964E-05 9.9964E-05 0.0334142 9.9964E-05
0.609283 0.311168 0.042959 9.996E-05 9.996E-05 9.996E-05 9.996E-05 0.0361904
0.767008 0.129383 9.9964E-05 0.0519354 9.9964E-05 9.9964E-05 9.9964E-05 0.0512736
0.656927 9.99551E-05 0.116905 0.225668 9.99551E-05 9.99551E-05 9.99551E-05 9.99551E-05
0.301434 0.589421 9.9964E-05 0.000618882 9.9964E-05 9.9964E-05 0.108126 9.9964E-05
9.99462E-05 0.919497 9.99462E-05 9.99462E-05 9.99462E-05 0.079903 9.99462E-05 9.99462E-05
9.9955E-05 0.924414 9.9955E-05 9.9955E-05 0.028171 0.0469155 9.9955E-05 9.9955E-05
9.99551E-05 0.884038 9.99551E-05 9.99551E-05 9.99551E-05 0.0408189 0.0746434 9.99551E-05
