0.142329 0.0565875 0.408355 9.9982E-05 9.9982E-05 0.162528 0.213737 0.0162641
0.432401 0.0970096 0.126639 9.9982E-05 0.0870587 0.000558211 9.9982E-05 0.256133
0.119256 0.219685 0.260475 9.9982E-05 9.9982E-05 0.196368 0.164529 0.0394867
0.0488363 0.347422 0.457051 9.9982E-05 9.9982E-05 0.0476686 0.0676215 0.0312005
9.9964E-05 0.275628 0.00706108 9.9964E-05 9.9964E-05 0.545466 0.171445 9.9964E-05
0.0147129 0.323465 0.437547 9.9982E-05 0.0268713 0.0495957 0.147609 9.9982E-05
9.9955E-05 9.9955E-05 0.0446318 9.9955E-05 0.0790437 9.9955E-05 9.9955E-05 0.875825
9.9973E-05 9.9973E-05 9.9973E-05 0.081735 0.0165982 0.162614 0.0686489 0.670104
0.0326242 0.0567085 0.00268285 0.189837 9.9973E-05 9.9973E-05 9.9973E-05 0.717847
9.9955E-05 9.9955E-05 0.096366 0.140194 9.9955E-05 9.9955E-05 9.9955E-05 0.76294
0.0193398 9.9964E-05 0.0785501 0.00761156 9.9964E-05 9.9964E-05 9.9964E-05 0.894099
9.9955E-05 9.9955E-05 9.9955E-05 9.9955E-05 9.9955E-05 0.0787071 0.0474091 0.873384
9.996E-05 9.996E-05 0.0384741 0.357138 9.996E-05 0.0180115 9.996E-05 0.585977
9.99551E-05 9.99551E-05 0.0513858 0.359525 9.99551E-05 9.99551E-05 9.99551E-05 0.588589
9.9973E-05 0.0311208 0.0520981 0.0956918 0.0159512 9.9973E-05 9.9973E-05 0.804838
0.0489649 9.99641E-05 9.99641E-05 0.0173099 0.00437961 9.99641E-05 9.99641E-05 0.928946
9.9964E-05 0.0454173 9.9964E-05 9.9964E-05 0.153793 0.303142 0.497248 9.9964E-05
0.0272956 9.9982E-05 0.221675 0.0877708 0.606964 0.0373823 0.0187121 9.9982E-05
9.9955E-05 0.182707 9.9955E-05 9.9955E-05 0.190438 9.9955E-05 0.626355 9.9955E-05
9.9982E-05 0.0751172 0.242509 0.0926584 0.135111 0.0884811 0.365924 9.9982E-05
9.99729E-05 9.99729E-05 0.285801 0.00901693 0.47432 0.182416 0.0481457 9.99729E-05
9.99639E-05 9.99639E-05 0.357791 0.00796927 0.411589 9.99639E-05 0.222251 9.99639E-05
0.185732 0.0505418 9.9973E-05 9.9973E-05 9.9973E-05 0.0952051 0.574374 0.0938472
0.123956 9.9964E-05 0.0329407 9.9964E-05 9.9964E-05 0.224827 0.617876 9.9964E-05
9.9964E-05 0.102724 0.15984 9.9964E-05 9.9964E-05 0.0640007 0.673035 9.9964E-05
9.9946E-05 9.9946E-05 0.798726 9.9946E-05 9.9946E-05 9.9946E-05 0.200674 9.9946E-05
9.9955E-05 9.9955E-05 9.9955E-05 0.0534652 9.9955E-05 0.410329 0.535706 9.9955E-05
9.9973E-05 0.109827 0.071985 0.0414128 9.9973E-05 0.386288 0.390187 9.9973E-05
0.134525 9.9973E-05 0.254758 9.9973E-05 0.170814 0.382363 9.9973E-05 0.057241
0.0340485 9.9973E-05 0.222475 9.9973E-05 0.308988 0.318674 9.9973E-05 0.115514
9.9964E-05 0.338868 0.0247304 9.9964E-05 0.536699 9.9964E-05 9.9964E-05 0.0993028
9.997E-05 0.412679 9.997E-05 9.997E-05 0.269065 0.206059 0.0596055 0.052292
9.9973E-05 0.380789 0.136675 9.9973E-05 0.298496 0.0812391 0.1025 9.9973E-05
0.0452296 9.9964E-05 0.222782 9.9964E-05 9.9964E-05 9.9964E-05 0.710986 0.0206023
0.179348 9.9955E-05 9.9955E-05 9.9955E-05 9.9955E-05 9.9955E-05 0.659971 0.160181
9.9982E-05 0.0252484 0.024771 9.9982E-05 0.152183 0.286818 0.500001 0.0107788
9.9973E-05 0.216071 9.9973E-05 0.148881 0.0596241 9.9973E-05 0.415778 0.159346
9.9982E-05 0.17481 9.9982E-05 0.0374667 0.00892996 0.0510378 0.715203 0.0123518
0.069039 9.9973E-05 0.324536 9.9973E-05 0.107822 9.9973E-05 0.439166 0.0591372
9.9973E-05 0.201154 9.9973E-05 0.00698913 0.159358 0.0216768 0.610523 9.9973E-05
0.381639 9.9946E-05 0.617761 9.9946E-05 9.9946E-05 9.9946E-05 9.9946E-05 9.9946E-05
0.142877 0.140666 0.417535 0.103621 9.9982E-05 0.171815 0.023286 9.9982E-05
9.996E-05 0.252542 0.515873 0.148337 0.0828487 9.996E-05 9.996E-05 9.996E-05
0.485551 0.17911 0.0812053 0.135296 9.9973E-05 9.9973E-05 0.118538 9.9973E-05
0.0161393 9.9964E-05 0.968329 9.9964E-05 9.9964E-05 0.00108512 9.9964E-05 0.0140463
9.9973E-05 0.0292699 0.883029 9.9973E-05 0.0118202 9.9973E-05 0.0616262 0.0139549
9.9955E-05 9.9955E-05 9.9955E-05 0.0555625 0.652153 9.9955E-05 0.291784 9.9955E-05
0.198571 0.00985515 9.9964E-05 9.9964E-05 0.769673 9.9964E-05 9.9964E-05 0.0215004
0.166604 9.9946E-05 9.9946E-05 9.9946E-05 0.832796 9.9946E-05 9.9946E-05 9.9946E-05
0.396851 9.9955E-05 0.0470347 9.9955E-05 0.555615 9.9955E-05 9.9955E-05 9.9955E-05
9.9973E-05 9.9973E-05 0.104765 0.00555087 0.795312 0.0356907 0.0583818 9.9973E-05
0.308678 9.9973E-05 0.0270188 0.0547775 0.176217 9.9973E-05 0.433009 9.9973E-05
9.997E-05 9.997E-05 0.0406482 0.0693063 0.510631 0.081833 0.297282 9.997E-05
0.167494 9.9964E-05 0.131241 9.9964E-05 0.0574743 9.9964E-05 0.643391 9.9964E-05
0.197006 9.9973E-05 0.119925 0.0121486 0.109354 9.9973E-05 0.561267 9.9973E-05
9.9982E-05 0.0618157 0.374817 0.0852916 0.0166597 0.0808793 0.380336 9.9982E-05
0.138651 9.9964E-05 9.9964E-05 0.252945 9.9964E-05 9.9964E-05 0.201777 0.406227
0.00330355 9.9982E-05 0.0497246 0.481175 9.9982E-05 0.0544682 0.0859072 0.325222
0.0196516 9.9964E-05 9.9964E-05 0.884874 9.9964E-05 0.0358193 0.0592556 9.9964E-05
0.109213 9.9973E-05 9.9973E-05 0.540145 0.0808986 9.9973E-05 0.0107909 0.258653
0.0317133 0.0391603 9.9964E-05 0.607067 9.9964E-05 9.9964E-05 9.9964E-05 0.321659
0.0470988 9.99639E-05 9.99639E-05 0.677967 0.194373 9.99639E-05 9.99639E-05 0.0801609
0.113051 9.99549E-05 9.99549E-05 9.99549E-05 0.184684 9.99549E-05 9.99549E-05 0.701766
9.9955E-05 0.131627 9.9955E-05 9.9955E-05 9.9955E-05 9.9955E-05 0.109715 0.758158
9.9955E-05 0.101866 9.9955E-05 0.153066 9.9955E-05 9.9955E-05 9.9955E-05 0.744569
9.9955E-05 9.9955E-05 0.0131027 0.378338 9.9955E-05 9.9955E-05 9.9955E-05 0.608059
9.9964E-05 9.9964E-05 0.12967 0.252192 9.9964E-05 9.9964E-05 0.0470693 0.570668
9.99551E-05 9.99551E-05 9.99551E-05 0.702222 9.99551E-05 9.99551E-05 0.112105 0.185174
0.0150174 0.001487 9.9973E-05 0.12638 9.9973E-05 9.9973E-05 0.160562 0.696254
9.9955E-05 9.9955E-05 9.9955E-05 0.37253 9.9955E-05 9.9955E-05 0.144935 0.482035
0.0205036 0.0802989 9.9964E-05 9.9964E-05 9.9964E-05 9.9964E-05 0.105259 0.793538
9.9964E-05 9.9964E-05 9.9964E-05 0.397287 9.9964E-05 0.0237575 0.114171 0.464385
9.9955E-05 9.9955E-05 9.9955E-05 9.9955E-05 9.9955E-05 0.0808677 0.0288436 0.889789
9.9964E-05 9.9964E-05 9.9964E-05 0.667122 0.111216 0.0606548 9.9964E-05 0.160608
9.9964E-05 9.9964E-05 9.9964E-05 0.636561 0.0337042 9.9964E-05 0.146614 0.182721
9.9955E-05 9.9955E-05 9.9955E-05 0.748228 0.161287 9.9955E-05 9.9955E-05 0.0899849
9.9955E-05 0.099317 9.9955E-05 0.487157 9.9955E-05 9.9955E-05 9.9955E-05 0.413027
9.9946E-05 0.0503659 9.9946E-05 0.949034 9.9946E-05 9.9946E-05 9.9946E-05 9.9946E-05
0.036381 9.9955E-05 9.9955E-05 0.685984 9.9955E-05 9.9955E-05 9.9955E-05 0.277135
9.9955E-05 9.9955E-05 9.9955E-05 0.154204 0.156199 9.9955E-05 9.9955E-05 0.689097
9.9964E-05 9.9964E-05 0.122948 0.693154 0.119527 9.9964E-05 9.9964E-05 0.0639712
9.99641E-05 9.99641E-05 0.207721 0.035726 0.0057571 0.750396 9.99641E-05 9.99641E-05
0.750724 9.9964E-05 0.0577248 0.101605 9.9964E-05 0.089546 9.9964E-05 9.9964E-05
0.638315 9.9955E-05 9.9955E-05 0.138933 9.9955E-05 0.222252 9.9955E-05 9.9955E-05
9.9964E-05 0.189459 9.9964E-05 0.00268623 0.119552 0.687903 9.9964E-05 9.9964E-05
0.0882612 9.9964E-05 0.0525478 9.9964E-05 0.27366 0.585131 9.9964E-05 9.9964E-05
0.537127 9.99551E-05 9.99551E-05 9.99551E-05 0.445115 9.99551E-05 9.99551E-05 0.0172588
0.237163 0.543396 0.0485271 9.9973E-05 0.0951025 9.9973E-05 9.9973E-05 0.0755107
0.348607 0.512853 0.0583144 9.9973E-05 0.0227955 9.9973E-05 9.9973E-05 0.0571292
0.0479553 0.611767 0.0784696 9.9973E-05 0.0592921 0.202216 9.9973E-05 9.9973E-05
0.420327 0.430981 9.9964E-05 9.9964E-05 0.0284001 0.119893 9.9964E-05 9.9964E-05
9.9955E-05 0.925653 9.9955E-05 0.0261025 9.9955E-05 0.0477445 9.9955E-05 9.9955E-05
9.9955E-05 0.873607 0.100402 9.9955E-05 9.9955E-05 9.9955E-05 0.0254911 9.9955E-05
9.9973E-05 0.508323 0.143419 9.9973E-05 0.00135615 0.28154 0.0650616 9.9973E-05
0.0723098 0.868131 9.9964E-05 9.9964E-05 0.028553 9.9964E-05 0.0306066 9.9964E-05
9.9955E-05 0.597633 9.9955E-05 9.9955E-05 0.380517 9.9955E-05 9.9955E-05 0.0213499
0.0399437 0.738085 0.0341714 9.9973E-05 0.149466 9.9973E-05 0.0380339 9.9973E-05
9.9964E-05 0.764988 9.9964E-05 0.039958 0.000396544 0.194257 9.9964E-05 9.9964E-05
9.9955E-05 0.806634 9.9955E-05 9.9955E-05 9.9955E-05 0.0880186 0.104848 9.9955E-05
0.176354 0.479447 0.0962779 9.998E-05 9.998E-05 0.153217 0.0928876 0.00161565
0.279463 9.99639E-05 0.0890551 9.99639E-05 0.205823 0.425259 9.99639E-05 9.99639E-05
0.207303 9.9964E-05 0.237567 9.9964E-05 0.0186048 0.536126 9.9964E-05 9.9964E-05
0.421964 9.9964E-05 9.9964E-05 9.9964E-05 0.0227033 0.483356 0.0715766 9.9964E-05
0.460301 0.0386643 0.0528556 9.9964E-05 9.9964E-05 0.44778 9.9964E-05 9.9964E-05
0.0229502 0.0719523 9.9973E-05 9.9973E-05 0.177385 0.692077 9.9973E-05 0.0353352
9.9955E-05 9.9955E-05 0.138614 9.9955E-05 0.0533088 0.807578 9.9955E-05 9.9955E-05
0.0381305 9.9973E-05 0.00664321 9.9973E-05 0.118328 0.714086 0.122513 9.9973E-05
9.99551E-05 9.99551E-05 0.00380542 9.99551E-05 0.081478 0.914217 9.99551E-05 9.99551E-05
9.9964E-05 0.0666074 9.9964E-05 9.9964E-05 0.0496147 0.833024 0.0503543 9.9964E-05
0.035736 0.220073 0.0134976 9.9964E-05 9.9964E-05 0.730293 9.9964E-05 9.9964E-05
9.9964E-05 0.0274514 0.0450893 9.9964E-05 9.9964E-05 0.820683 0.106377 9.9964E-05
0.0927704 0.0389604 9.9964E-05 9.9964E-05 9.9964E-05 0.836526 0.0313429 9.9964E-05
0.171441 0.0490375 0.31293 9.99729E-05 0.0707158 0.395575 9.99729E-05 9.99729E-05
0.265657 0.0968735 0.0290536 0.0584916 0.054216 0.495508 9.9982E-05 9.9982E-05
0.172289 0.170071 9.9973E-05 9.9973E-05 0.0550894 0.546076 0.0561749 9.9973E-05
0.0899617 0.264212 9.99731E-05 9.99731E-05 0.0284798 0.598145 0.0189016 9.99731E-05
0.0728944 9.99551E-05 0.241954 9.99551E-05 9.99551E-05 0.684652 9.99551E-05 9.99551E-05
0.133352 9.9955E-05 9.9955E-05 9.9955E-05 9.9955E-05 0.814861 0.0512874 9.9955E-05
0.0880727 0.187319 0.00869265 9.9973E-05 0.067873 0.647743 9.9973E-05 9.9973E-05
0.583209 9.9955E-05 9.9955E-05 9.9955E-05 9.9955E-05 0.290172 0.12612 9.9955E-05
0.617055 0.15231 9.9955E-05 9.9955E-05 9.9955E-05 0.230136 9.9955E-05 9.9955E-05
0.380566 0.0708767 9.9964E-05 9.9964E-05 9.9964E-05 0.478107 0.0700508 9.9964E-05
0.00253867 0.100533 0.109646 9.9964E-05 9.9964E-05 0.786882 9.9964E-05 9.9964E-05
9.9973E-05 0.187945 9.9973E-05 0.0257254 9.9973E-05 0.692043 0.0244228 0.0695641
0.0935103 0.161119 9.99644E-05 9.99644E-05 9.99644E-05 0.648948 0.0960222 9.99644E-05
0.072509 0.114638 9.9973E-05 9.9973E-05 0.00277813 0.771808 9.9973E-05 0.0379671
9.9964E-05 9.9964E-05 9.9964E-05 0.1265 9.9964E-05 0.629235 0.160371 0.0834945
9.9964E-05 0.0456347 9.9964E-05 0.260428 9.9964E-05 0.583247 9.9964E-05 0.110291
0.181809 0.0556873 9.9964E-05 9.9964E-05 0.0635107 0.698594 9.9964E-05 9.9964E-05
0.601381 9.99549E-05 9.99549E-05 9.99549E-05 0.0538979 0.344222 9.99549E-05 9.99549E-05
0.434399 0.107628 0.0151733 9.9982E-05 9.9982E-05 0.382749 0.011331 0.0485205
0.490269 0.0385392 0.103769 9.9973E-05 9.9973E-05 0.359406 0.00771585 9.9973E-05
0.752717 9.9964E-05 0.0818924 9.9964E-05 0.0196837 0.145307 9.9964E-05 9.9964E-05
0.0449182 9.9964E-05 0.0318857 9.9964E-05 0.078201 0.844595 9.9964E-05 9.9964E-05
0.503014 0.00626742 0.0910941 9.9964E-05 9.9964E-05 0.399224 9.9964E-05 9.9964E-05
0.239405 0.035064 0.183124 9.9964E-05 9.9964E-05 0.542008 9.9964E-05 9.9964E-05
0.335521 0.112693 0.0674526 9.9973E-05 0.07319 0.410843 9.9973E-05 9.9973E-05
0.393631 9.9964E-05 9.9964E-05 9.9964E-05 0.00522315 0.591386 9.9964E-05 0.00935976
0.247313 9.9964E-05 9.9964E-05 0.103506 0.0614065 9.9964E-05 9.9964E-05 0.587374
0.0570698 9.9964E-05 9.9964E-05 0.435311 0.0477636 9.9964E-05 9.9964E-05 0.459456
0.0376082 9.9964E-05 9.9964E-05 0.294342 0.103499 9.9964E-05 9.9964E-05 0.56415
0.218274 0.0256415 9.99639E-05 0.686257 9.99639E-05 9.99639E-05 9.99639E-05 0.0694278
0.0415338 0.142479 9.996E-05 0.753313 9.996E-05 9.996E-05 9.996E-05 0.0622749
0.020364 9.9982E-05 0.00640895 0.83428 0.0010382 0.00627982 9.9982E-05 0.131429
0.0620291 0.0437814 9.9973E-05 0.331393 9.9973E-05 9.9973E-05 0.0256389 0.536858
9.9955E-05 0.0875542 9.9955E-05 0.12526 9.9955E-05 9.9955E-05 9.9955E-05 0.786686
0.268475 9.99461E-05 9.99461E-05 9.99461E-05 9.99461E-05 9.99461E-05 9.99461E-05 0.730926
9.9973E-05 0.0154739 9.9973E-05 0.626797 0.0038866 0.0881936 9.9973E-05 0.265349
9.99551E-05 9.99551E-05 0.00682482 0.941871 9.99551E-05 9.99551E-05 0.0508047 9.99551E-05
9.99461E-05 9.99461E-05 9.99461E-05 0.921889 9.99461E-05 9.99461E-05 0.0775117 9.99461E-05
9.99641E-05 0.0913085 9.99641E-05 0.885227 0.0174106 9.99641E-05 9.99641E-05 0.00565436
