0.456118 0.109496 9.9991E-05 0.121054 0.313232
0.11244 0.460076 9.9991E-05 0.0835452 0.343839
0.321649 0.13459 9.9991E-05 0.269685 0.273977
0.341173 0.0576915 9.9991E-05 0.551892 0.0491441
0.151978 9.9991E-05 0.0245061 0.327889 0.495527
0.408941 9.9982E-05 9.9982E-05 0.45148 0.139379
9.9973E-05 0.571934 0.427766 9.9973E-05 9.9973E-05
0.0433903 0.296443 0.524444 9.9991E-05 0.135623
9.9973E-05 0.416014 0.583686 9.9973E-05 9.9973E-05
9.9973E-05 0.403728 0.595972 9.9973E-05 9.9973E-05
9.99729E-05 0.528319 0.471381 9.99729E-05 9.99729E-05
9.99819E-05 0.517573 0.479507 9.99819E-05 0.00271955
9.9973E-05 0.264005 0.735695 9.9973E-05 9.9973E-05
0.00860699 0.218553 0.766488 9.9991E-05 0.00625213
9.9973E-05 0.439315 0.560385 9.9973E-05 9.9973E-05
9.9973E-05 0.506419 0.493281 9.9973E-05 9.9973E-05
0.536191 0.0487142 0.0219005 0.176713 0.216482
0.391036 0.366827 0.0509663 0.123129 0.0680422
0.707949 0.0815139 0.0575555 0.152882 9.9991E-05
0.60616 9.9991E-05 0.0602337 0.329533 0.0039735
0.42363 0.205459 9.9991E-05 0.274701 0.0961103
0.71196 0.130017 0.00418986 0.153734 9.9991E-05
0.500752 0.222534 0.0291116 9.9991E-05 0.247502
0.554081 9.9982E-05 0.0747092 9.9982E-05 0.37101
0.740469 9.9991E-05 0.0504242 0.0855271 0.12348
0.702812 9.9982E-05 9.9982E-05 0.122866 0.174122
0.545807 9.9991E-05 0.165543 0.0401701 0.24838
0.397435 9.9991E-05 0.108297 0.248878 0.24529
0.167298 0.204317 0.0356669 0.0577286 0.53499
0.208807 0.253483 0.0648373 0.148561 0.324312
0.081047 0.480131 9.9982E-05 0.438623 9.9982E-05
0.16557 0.201475 0.00271342 0.55381 0.0764317
0.316581 0.1156 9.9991E-05 0.556643 0.0110755
0.859318 0.0308117 0.0408052 9.9991E-05 0.0689652
0.650001 0.349699 9.9973E-05 9.9973E-05 9.9973E-05
0.573867 0.0955803 0.0493539 0.176926 0.104274
0.414811 0.203071 0.251837 0.130182 9.9991E-05
0.668394 0.0366204 0.126543 0.102706 0.065736
0.68909 0.154773 0.0642425 9.9991E-05 0.0917943
0.768312 9.9991E-05 0.0572948 0.159212 0.0150815
0.361657 0.182211 9.9991E-05 0.286241 0.169791
0.301729 0.0187284 0.0450101 0.380748 0.253785
0.313365 0.0375994 0.0732177 0.575718 9.9991E-05
0.271337 9.9991E-05 0.148643 0.130001 0.449919
0.413798 0.0587021 9.9991E-05 0.45619 0.0712097
0.518129 0.0475673 9.9982E-05 0.434103 9.9982E-05
0.553158 0.363412 0.0832301 9.9982E-05 9.9982E-05
0.168527 0.588502 9.9991E-05 0.190453 0.0524174
0.13621 0.707223 9.9982E-05 9.9982E-05 0.156367
0.257516 0.451953 9.9982E-05 9.9982E-05 0.290331
0.441751 0.418403 9.9982E-05 0.139646 9.9982E-05
0.566746 0.191661 0.0296131 9.9991E-05 0.21188
0.748612 0.165255 0.056905 9.9991E-05 0.0291282
0.816429 0.0664391 0.00746749 9.9991E-05 0.109565
0.769171 0.113014 0.00980209 9.9991E-05 0.107913
0.711863 9.9982E-05 0.0361073 0.25183 9.9982E-05
0.209659 0.273624 0.489456 9.9991E-05 0.0271619
0.114614 0.145712 0.691381 9.9991E-05 0.0481922
0.00559385 9.9991E-05 0.91884 0.0227674 0.0526984
0.070196 0.22219 0.696072 9.9991E-05 0.0114424
9.9982E-05 0.182802 0.816551 0.000447325 9.9982E-05
0.0516434 0.163829 0.739739 9.9991E-05 0.044688
9.99729E-05 0.840531 0.159169 9.99729E-05 9.99729E-05
0.018693 0.495482 0.380533 0.105192 9.9991E-05
9.9982E-05 0.40914 0.547017 0.043643 9.9982E-05
9.9973E-05 0.297356 0.702345 9.9973E-05 9.9973E-05
0.111273 0.267535 0.615535 0.00555719 9.9991E-05
0.0973367 0.0201348 0.882329 9.99821E-05 9.99821E-05
0.0464333 0.462815 0.490552 9.9982E-05 9.9982E-05
0.0386538 0.281091 0.680055 9.9982E-05 9.9982E-05
9.9991E-05 0.483047 0.438311 0.0571118 0.0214301
0.0495168 0.155498 0.734989 0.0598961 9.9991E-05
9.99729E-05 0.517199 0.482501 9.99729E-05 9.99729E-05
9.9982E-05 0.0896916 0.812776 0.0973329 9.9982E-05
0.22487 0.000215836 0.774715 9.9982E-05 9.9982E-05
9.9982E-05 0.136979 0.75683 0.105991 9.9982E-05
9.9982E-05 0.141525 0.712729 0.145546 9.9982E-05
9.9973E-05 9.9973E-05 0.939947 0.0597535 9.9973E-05
0.00894864 0.137712 0.85314 9.9982E-05 9.9982E-05
9.99729E-05 0.507869 0.491831 9.99729E-05 9.99729E-05
0.021056 0.104141 0.767447 0.107257 9.9991E-05
0.0606882 9.9991E-05 0.0658396 0.149582 0.72379
0.106556 0.115208 0.0269086 9.9991E-05 0.751227
9.9982E-05 0.0821543 0.0832528 9.9982E-05 0.834393
0.0100648 9.9991E-05 0.0908269 0.270016 0.628992
0.0251176 0.171218 0.0103057 0.118119 0.67524
9.99731E-05 0.702562 9.99731E-05 9.99731E-05 0.297138
9.9982E-05 0.262219 9.9982E-05 0.516824 0.220757
0.0355754 0.296399 9.9991E-05 0.422801 0.245124
9.9982E-05 0.0364381 9.9982E-05 0.681517 0.281845
9.9982E-05 0.199784 9.9982E-05 0.308534 0.491483
9.9982E-05 9.9982E-05 0.0186748 0.937729 0.0433967
0.115109 9.9973E-05 9.9973E-05 0.884591 9.9973E-05
0.200254 9.9982E-05 9.9982E-05 0.553308 0.246238
0.0949036 0.0309132 9.9991E-05 0.755902 0.118181
9.9973E-05 0.269833 9.9973E-05 0.729867 9.9973E-05
0.179551 0.0650747 9.9991E-05 0.737594 0.0176804
9.9982E-05 9.9982E-05 0.0640452 0.690463 0.245292
0.103448 9.9991E-05 0.0131613 0.861676 0.0216153
0.155219 0.0171472 9.9991E-05 0.563095 0.264439
0.171283 0.153124 9.9982E-05 9.9982E-05 0.675392
0.140492 9.9982E-05 9.9982E-05 0.0093882 0.849919
0.120715 0.0508772 9.9982E-05 9.9982E-05 0.828208
0.0390494 0.10404 9.9982E-05 9.9982E-05 0.85671
9.9991E-05 0.0890192 0.0441555 0.229323 0.637403
0.130889 9.9991E-05 0.0153971 0.104288 0.749326
0.30606 9.9973E-05 9.9973E-05 9.9973E-05 0.69364
9.9982E-05 9.9982E-05 0.0585131 0.211239 0.730048
0.00768474 9.9991E-05 0.0634588 0.200336 0.72842
0.025694 9.9991E-05 0.0282158 0.311966 0.634024
0.0546648 9.9991E-05 0.0426328 0.212867 0.689736
9.9973E-05 9.9973E-05 9.9973E-05 0.156055 0.843645
0.178366 0.0680599 9.9991E-05 0.134048 0.619426
0.0306596 0.0161116 0.0605939 0.175809 0.716826
0.0775961 0.0757557 9.9991E-05 0.256452 0.590096
0.00399105 9.9991E-05 0.0246072 0.351415 0.619886
9.9982E-05 9.9982E-05 0.0206398 0.191388 0.787772
0.0474212 9.9991E-05 0.0308249 0.0527968 0.868857
9.9982E-05 0.0187886 9.9982E-05 0.286984 0.694028
9.9973E-05 0.19383 9.9973E-05 9.9973E-05 0.80587
9.9982E-05 0.165286 9.9982E-05 0.0803704 0.754143
9.9991E-05 0.0630923 0.0211931 0.058032 0.857583
9.9973E-05 9.9973E-05 9.9973E-05 0.251427 0.748273
0.0517932 9.9991E-05 0.090268 0.28052 0.577318
0.00153776 9.9991E-05 0.0722334 0.185469 0.74066
9.9982E-05 9.9982E-05 0.000916935 0.261354 0.737529
0.0557334 9.9982E-05 0.321132 9.9982E-05 0.622935
9.9982E-05 9.9982E-05 0.422136 0.0882113 0.489452
9.9982E-05 0.0572575 9.9982E-05 0.189035 0.753508
9.9973E-05 0.183698 9.9973E-05 9.9973E-05 0.816002
9.9982E-05 0.145312 9.9982E-05 0.0727113 0.781777
0.0159132 0.0880316 9.9982E-05 9.9982E-05 0.895855
0.0524666 0.242445 9.9982E-05 9.9982E-05 0.704889
9.9982E-05 9.9982E-05 0.0539443 0.17369 0.772165
9.9982E-05 0.130082 9.9982E-05 0.0480466 0.821671
0.0247276 9.9991E-05 0.0137063 0.191364 0.770102
0.0585267 0.0997034 9.9991E-05 0.15868 0.68299
9.9973E-05 0.111378 9.9973E-05 9.9973E-05 0.888322
9.9991E-05 0.619483 0.333077 0.0215526 0.0257872
9.9982E-05 0.338656 0.645005 0.0161388 9.9982E-05
0.0142021 0.48714 0.498458 9.9982E-05 9.9982E-05
0.0201476 0.208511 0.710747 0.00675585 0.0538389
9.9982E-05 0.110524 0.788122 0.101154 9.9982E-05
9.9982E-05 0.0716096 0.91111 9.9982E-05 0.0170807
9.9982E-05 0.324252 0.672601 0.0029466 9.9982E-05
9.99729E-05 0.502453 0.497247 9.99729E-05 9.99729E-05
9.99731E-05 0.919248 0.0804521 9.99731E-05 9.99731E-05
9.9982E-05 0.0987914 0.797967 9.9982E-05 0.103041
0.0428678 9.99731E-05 0.956832 9.99731E-05 9.99731E-05
0.0443903 9.9973E-05 0.95531 9.9973E-05 9.9973E-05
9.9973E-05 9.9973E-05 0.926156 0.0735437 9.9973E-05
