0.212562 9.995E-05 9.995E-05 9.995E-05 0.00867523 0.663097 0.115166 9.995E-05 9.995E-05
0.0295053 9.9973E-05 0.019818 9.9973E-05 0.246758 0.306207 0.252035 9.9973E-05 0.145377
0.295857 0.0117478 9.9964E-05 9.9964E-05 9.9964E-05 0.363995 0.183134 0.144867 9.9964E-05
0.0449529 0.0259896 0.00925098 0.0441412 0.0636202 0.211046 0.105711 0.495188 9.9991E-05
0.542429 9.9955E-05 9.9955E-05 0.11106 9.9955E-05 0.171151 9.9955E-05 0.174861 9.9955E-05
0.14321 9.9964E-05 9.9964E-05 0.0144591 9.9964E-05 0.45082 0.0657429 0.325369 9.9964E-05
9.9955E-05 9.9955E-05 0.7099 9.9955E-05 0.00502783 9.9955E-05 0.131876 9.9955E-05 0.152696
0.0704632 9.9964E-05 0.570886 0.209956 0.0552364 9.9964E-05 9.9964E-05 9.9964E-05 0.0930583
9.9955E-05 9.9955E-05 0.867172 9.9955E-05 9.9955E-05 9.9955E-05 0.053322 0.0670783 0.0119282
9.9964E-05 9.9964E-05 0.830936 0.00944559 9.9964E-05 0.0256706 0.0568967 9.9964E-05 0.0766517
9.99549E-05 9.99549E-05 0.726463 9.99549E-05 9.99549E-05 0.0512474 0.0621959 9.99549E-05 0.159594
0.0420831 9.99639E-05 0.326255 0.0293111 9.99639E-05 0.00441991 9.99639E-05 9.99639E-05 0.597531
9.9955E-05 0.13818 0.700266 9.9955E-05 9.9955E-05 9.9955E-05 9.9955E-05 0.0488524 0.112202
9.9946E-05 0.0988018 0.834208 0.0663907 9.9946E-05 9.9946E-05 9.9946E-05 9.9946E-05 9.9946E-05
9.9955E-05 9.9955E-05 0.787708 9.9955E-05 9.9955E-05 0.0554196 0.111539 9.9955E-05 0.0448328
9.99551E-05 9.99551E-05 0.665107 9.99551E-05 0.0792177 9.99551E-05 0.0242937 9.99551E-05 0.230882
0.338847 9.9955E-05 9.9955E-05 0.607554 9.9955E-05 9.9955E-05 0.0193624 9.9955E-05 0.0337366
9.9955E-05 9.9955E-05 9.9955E-05 0.47695 0.0032403 9.9955E-05 0.513785 0.00552491 9.9955E-05
9.9964E-05 9.9964E-05 9.9964E-05 0.398545 9.9964E-05 0.297454 0.0651254 0.156799 0.0816762
0.0591015 0.00573766 0.0194992 0.68936 9.9964E-05 9.9964E-05 9.9964E-05 0.225902 9.9964E-05
0.16149 9.99549E-05 9.99549E-05 0.420899 9.99549E-05 9.99549E-05 0.354601 0.0625101 9.99549E-05
9.9946E-05 9.9946E-05 9.9946E-05 0.66407 9.9946E-05 9.9946E-05 0.253875 0.0814547 9.9946E-05
0.156473 9.99666E-05 9.99666E-05 9.99666E-05 0.048336 0.605269 0.013838 9.99666E-05 0.175685
0.122529 0.0547363 9.9964E-05 0.0440905 0.111644 0.6666 9.9964E-05 9.9964E-05 9.9964E-05
0.0607962 0.00515391 9.99551E-05 0.212579 9.99551E-05 0.720971 9.99551E-05 9.99551E-05 9.99551E-05
0.0271238 9.9964E-05 9.9964E-05 0.409421 0.131938 0.291014 9.9964E-05 0.140104 9.9964E-05
0.32872 9.9937E-05 9.9937E-05 0.67058 9.9937E-05 9.9937E-05 9.9937E-05 9.9937E-05 9.9937E-05
0.31533 9.9964E-05 0.0270598 0.38485 9.9964E-05 0.112102 9.9964E-05 0.160259 9.9964E-05
0.366787 9.9964E-05 0.0888101 0.137494 0.164582 9.9964E-05 0.241927 9.9964E-05 9.9964E-05
0.230726 9.9964E-05 0.126598 0.19107 0.055724 9.9964E-05 0.395482 9.9964E-05 9.9964E-05
9.9955E-05 9.9955E-05 9.9955E-05 0.0928115 9.9955E-05 9.9955E-05 0.398556 0.26661 0.241522
0.197343 9.99639E-05 9.99639E-05 0.215267 9.99639E-05 9.99639E-05 0.153345 0.322047 0.111598
0.151371 9.9964E-05 9.9964E-05 0.305321 9.9964E-05 0.02032 0.167157 0.355431 9.9964E-05
9.9955E-05 0.0228464 0.0275125 0.0172742 9.9955E-05 0.931867 9.9955E-05 9.9955E-05 9.9955E-05
9.9937E-05 9.9937E-05 9.9937E-05 9.9937E-05 9.9937E-05 0.763905 9.9937E-05 9.9937E-05 0.235395
0.148477 9.9973E-05 9.9973E-05 0.478277 0.00699656 0.181281 9.9973E-05 0.122224 0.062445
9.9973E-05 0.189591 9.9973E-05 0.0648193 9.9973E-05 0.318797 0.0925255 0.156036 0.177931
0.128893 0.021983 9.9973E-05 0.254032 9.9973E-05 0.491121 9.9973E-05 0.0408972 0.0627732
9.9955E-05 0.064815 9.9955E-05 0.184454 9.9955E-05 0.521624 0.228607 9.9955E-05 9.9955E-05
0.00165165 9.9964E-05 9.9964E-05 0.562091 9.9964E-05 0.230373 0.0693923 0.136092 9.9964E-05
9.99551E-05 9.99551E-05 9.99551E-05 0.0707797 0.545904 0.085097 9.99551E-05 0.29772 9.99551E-05
0.0389843 0.0494283 9.9964E-05 0.179099 0.275289 9.9964E-05 9.9964E-05 0.4568 9.9964E-05
9.9964E-05 0.122545 9.9964E-05 0.00956683 9.9964E-05 0.190289 0.178031 0.499168 9.9964E-05
9.9964E-05 0.153796 9.9964E-05 0.0101644 0.502786 0.0912379 9.9964E-05 0.241615 9.9964E-05
9.99551E-05 9.99551E-05 9.99551E-05 0.26005 0.225716 0.079881 9.99551E-05 0.433853 9.99551E-05
9.9955E-05 9.9955E-05 9.9955E-05 0.226536 9.9955E-05 0.250745 0.122833 0.399385 9.9955E-05
9.9946E-05 9.9946E-05 9.9946E-05 0.571227 9.9946E-05 9.9946E-05 0.405192 9.9946E-05 0.0229811
9.99549E-05 9.99549E-05 9.99549E-05 0.152549 0.0775593 9.99549E-05 0.670965 9.99549E-05 0.0984263
9.99371E-05 9.99371E-05 9.99371E-05 0.0388374 9.99371E-05 9.99371E-05 0.960463 9.99371E-05 9.99371E-05
9.9955E-05 9.9955E-05 9.9955E-05 0.0741688 0.164184 0.0198277 0.74132 9.9955E-05 9.9955E-05
9.99549E-05 0.0103344 0.0118663 0.292602 9.99549E-05 9.99549E-05 0.684697 9.99549E-05 9.99549E-05
9.9964E-05 9.9964E-05 0.103284 0.470801 0.384884 0.0390289 9.9964E-05 9.9964E-05 0.00160302
0.0354531 0.0384886 9.9964E-05 0.583707 9.9964E-05 0.0571073 0.284845 9.9964E-05 9.9964E-05
9.9946E-05 9.9946E-05 9.9946E-05 0.635528 0.350519 0.0133527 9.9946E-05 9.9946E-05 9.9946E-05
9.99549E-05 9.99549E-05 0.00302063 0.630504 0.348326 0.0176492 9.99549E-05 9.99549E-05 9.99549E-05
0.0807876 0.0182077 9.9973E-05 0.57575 0.0217622 0.0702004 9.9973E-05 0.232992 9.9973E-05
9.996E-05 0.199827 0.272867 9.996E-05 0.0188831 0.321408 9.996E-05 9.996E-05 0.186616
0.0229202 0.276151 0.514985 9.9955E-05 9.9955E-05 0.185444 9.9955E-05 9.9955E-05 9.9955E-05
0.0323844 0.887219 0.02101 9.9973E-05 0.0251931 0.00426591 0.029628 9.9973E-05 9.9973E-05
9.9964E-05 0.528838 0.109506 0.0686281 0.0817075 9.9964E-05 9.9964E-05 9.9964E-05 0.21092
9.9955E-05 0.603931 0.0596826 9.9955E-05 0.0180437 9.9955E-05 9.9955E-05 9.9955E-05 0.317843
9.99639E-05 0.592555 9.99639E-05 0.0583758 0.00403894 9.99639E-05 0.0646789 9.99639E-05 0.279951
9.99459E-05 9.99459E-05 9.99459E-05 9.99459E-05 9.99459E-05 0.0168338 0.203109 9.99459E-05 0.779457
9.9964E-05 0.0578422 9.9964E-05 0.0657182 9.9964E-05 0.00647023 9.9964E-05 0.026565 0.843004
9.99549E-05 0.031413 0.530365 9.99549E-05 9.99549E-05 9.99549E-05 9.99549E-05 0.094104 0.343618
9.9955E-05 0.157848 0.718937 9.9955E-05 9.9955E-05 0.0893074 9.9955E-05 9.9955E-05 0.0334074
9.9973E-05 0.186852 0.342125 0.143153 9.9973E-05 0.0412801 9.9973E-05 0.0454157 0.240874
9.99461E-05 0.432947 0.407223 9.99461E-05 9.99461E-05 0.15923 9.99461E-05 9.99461E-05 9.99461E-05
9.9955E-05 0.0951492 0.273556 9.9955E-05 9.9955E-05 0.110271 9.9955E-05 9.9955E-05 0.520524
9.9964E-05 0.282574 0.306248 0.123584 9.9964E-05 0.00470561 9.9964E-05 9.9964E-05 0.282489
0.0535075 0.0869894 0.0868593 9.99641E-05 9.99641E-05 0.0907748 9.99641E-05 9.99641E-05 0.681469
9.9955E-05 0.374571 0.300389 9.9955E-05 9.9955E-05 0.114123 9.9955E-05 9.9955E-05 0.210417
0.0286149 0.0653415 0.0838694 0.00827655 9.9973E-05 0.00691832 9.9973E-05 9.9973E-05 0.806679
9.9946E-05 0.662983 9.9946E-05 0.111157 9.9946E-05 9.9946E-05 9.9946E-05 9.9946E-05 0.22526
9.9964E-05 0.549256 0.194625 0.20039 9.9964E-05 9.9964E-05 9.9964E-05 0.00326272 0.0520666
9.99549E-05 0.663322 9.99549E-05 9.99549E-05 9.99549E-05 9.99549E-05 0.0791344 0.0160294 0.241014
9.99459E-05 0.455692 9.99459E-05 9.99459E-05 9.99459E-05 9.99459E-05 9.99459E-05 0.108106 0.435603
0.0596445 0.939656 9.9937E-05 9.9937E-05 9.9937E-05 9.9937E-05 9.9937E-05 9.9937E-05 9.9937E-05
9.9964E-05 0.629367 0.247677 9.9964E-05 9.9964E-05 0.0214725 0.0173102 9.9964E-05 0.0837741
9.9964E-05 0.187474 0.0610026 0.0448066 9.9964E-05 9.9964E-05 0.0237532 9.9964E-05 0.682564
9.9955E-05 0.721066 9.9955E-05 9.9955E-05 9.9955E-05 0.0354565 0.149141 9.9955E-05 0.0938366
0.789855 0.00822983 9.99641E-05 0.107031 0.0138344 9.99641E-05 9.99641E-05 0.0806492 9.99641E-05
0.069707 0.0809601 9.9955E-05 0.0420746 0.806759 9.9955E-05 9.9955E-05 9.9955E-05 9.9955E-05
0.164905 0.0657463 9.9955E-05 0.0514317 0.717418 9.9955E-05 9.9955E-05 9.9955E-05 9.9955E-05
0.728177 9.9955E-05 0.101366 9.9955E-05 9.9955E-05 9.9955E-05 0.0652018 0.104755 9.9955E-05
0.589484 9.9946E-05 0.0526467 9.9946E-05 9.9946E-05 9.9946E-05 0.357269 9.9946E-05 9.9946E-05
9.99371E-05 9.99371E-05 9.99371E-05 9.99371E-05 0.0969137 9.99371E-05 0.902387 9.99371E-05 9.99371E-05
9.9964E-05 9.9964E-05 0.0308261 9.9964E-05 0.212252 9.9964E-05 0.187779 0.560524 0.00821972
9.9964E-05 9.9964E-05 0.0618136 9.9964E-05 0.293959 0.049848 0.149575 0.444405 9.9964E-05
0.275118 9.9964E-05 9.9964E-05 9.9964E-05 0.0455782 9.9964E-05 0.066444 0.589215 0.0232453
0.176493 9.99549E-05 9.99549E-05 9.99549E-05 0.268941 9.99549E-05 0.196013 0.358053 9.99549E-05
0.104965 0.0153135 0.0135569 9.9964E-05 0.0231689 9.9964E-05 9.9964E-05 0.842596 9.9964E-05
9.9937E-05 9.9937E-05 9.9937E-05 0.0514374 9.9937E-05 9.9937E-05 9.9937E-05 0.947863 9.9937E-05
0.329241 9.99639E-05 0.00455647 9.99639E-05 9.99639E-05 0.231149 0.0209198 0.413734 9.99639E-05
0.161663 9.9982E-05 9.9982E-05 0.012033 0.0219703 0.0512513 0.0854153 0.648445 0.0190219
9.99369E-05 9.99369E-05 9.99369E-05 9.99369E-05 9.99369E-05 9.99369E-05 0.478939 0.520362 9.99369E-05
0.129277 9.9964E-05 9.9964E-05 0.0328624 9.9964E-05 0.0836685 0.165501 0.588291 9.9964E-05
0.244702 9.9946E-05 0.0435265 9.9946E-05 9.9946E-05 9.9946E-05 9.9946E-05 0.711172 9.9946E-05
0.285139 0.0329481 9.9955E-05 9.9955E-05 9.9955E-05 0.06841 9.9955E-05 0.613003 9.9955E-05
0.186478 9.997E-05 0.0107004 0.0327435 0.184887 0.116001 9.997E-05 0.468891 9.997E-05
0.405266 9.9973E-05 0.0136061 0.0297991 0.232955 0.0573272 0.260747 9.9973E-05 9.9973E-05
0.584712 9.9955E-05 9.9955E-05 9.9955E-05 0.331738 0.0467633 0.0362868 9.9955E-05 9.9955E-05
0.384672 9.9955E-05 9.9955E-05 9.9955E-05 0.470878 0.0838344 0.0601161 9.9955E-05 9.9955E-05
0.334603 9.9946E-05 9.9946E-05 9.9946E-05 0.600205 9.9946E-05 9.9946E-05 0.064592 9.9946E-05
0.731576 9.9946E-05 9.9946E-05 9.9946E-05 9.9946E-05 9.9946E-05 0.250262 9.9946E-05 0.0175623
0.879886 9.9955E-05 9.9955E-05 0.0722825 9.9955E-05 0.0454233 0.00190799 9.9955E-05 9.9955E-05
0.676386 9.9955E-05 9.9955E-05 0.100391 9.9955E-05 0.158895 0.0638288 9.9955E-05 9.9955E-05
0.911091 9.99551E-05 0.0123511 0.03302 9.99551E-05 9.99551E-05 0.0430377 9.99551E-05 9.99551E-05
0.840616 0.0287345 0.00867736 9.9964E-05 9.9964E-05 0.0507479 0.0708248 9.9964E-05 9.9964E-05
0.771629 9.9946E-05 9.9946E-05 9.9946E-05 9.9946E-05 0.0791741 9.9946E-05 0.148597 9.9946E-05
0.840665 0.00572148 9.9955E-05 9.9955E-05 9.9955E-05 0.109972 9.9955E-05 0.0431411 9.9955E-05
0.91169 9.9946E-05 9.9946E-05 9.9946E-05 0.0219348 0.0657753 9.9946E-05 9.9946E-05 9.9946E-05
0.504261 9.9973E-05 9.9973E-05 0.00394681 0.102818 0.183538 0.166644 0.0384916 9.9973E-05
0.417939 9.9955E-05 9.9955E-05 0.173808 0.305582 9.9955E-05 9.9955E-05 0.102172 9.9955E-05
0.619227 9.9964E-05 9.9964E-05 9.9964E-05 0.0299659 0.172125 0.137686 0.040596 9.9964E-05
0.640399 9.9973E-05 9.9973E-05 0.0896432 0.0659434 0.0158613 0.0498329 0.13802 9.9973E-05
0.709145 9.99551E-05 9.99551E-05 9.99551E-05 0.160713 9.99551E-05 0.0617998 0.0678423 9.99551E-05
0.827747 9.9955E-05 9.9955E-05 0.0204856 0.107984 0.0432834 9.9955E-05 9.9955E-05 9.9955E-05
0.669782 9.99549E-05 9.99549E-05 9.99549E-05 0.0645483 9.99549E-05 0.111534 0.153636 9.99549E-05
0.214866 9.9955E-05 9.9955E-05 9.9955E-05 0.58321 0.182665 9.9955E-05 9.9955E-05 0.0187601
0.250897 9.9964E-05 9.9964E-05 9.9964E-05 0.603157 9.9964E-05 0.018201 0.0615484 0.0657973
0.551002 9.99551E-05 9.99551E-05 9.99551E-05 0.381008 9.99551E-05 9.99551E-05 0.00444232 0.0630479
0.774507 9.9946E-05 9.9946E-05 9.9946E-05 0.090024 9.9946E-05 9.9946E-05 0.13487 9.9946E-05
0.659537 9.9973E-05 0.0492911 0.0456696 0.0226142 0.0140372 9.9973E-05 0.208551 9.9973E-05
0.664556 0.00762038 9.9964E-05 9.9964E-05 0.0417729 0.197436 9.9964E-05 0.0882155 9.9964E-05
0.869589 9.9964E-05 9.9964E-05 0.0238236 0.0506741 9.9964E-05 9.9964E-05 0.0147248 0.0407887
0.562916 0.14334 0.0688569 9.9955E-05 9.9955E-05 0.224387 9.9955E-05 9.9955E-05 9.9955E-05
0.633318 0.276814 9.9946E-05 9.9946E-05 9.9946E-05 9.9946E-05 9.9946E-05 9.9946E-05 0.0892688
0.715741 9.9955E-05 9.9955E-05 9.9955E-05 0.151833 9.9955E-05 0.111778 9.9955E-05 0.020148
0.31508 9.99459E-05 9.99459E-05 9.99459E-05 0.566281 9.99459E-05 0.118039 9.99459E-05 9.99459E-05
0.41786 9.9964E-05 9.9964E-05 9.9964E-05 0.39666 0.0975522 9.9964E-05 0.041562 0.0459657
0.38335 9.9946E-05 9.9946E-05 9.9946E-05 0.495323 0.120727 9.9946E-05 9.9946E-05 9.9946E-05
0.0397909 9.9946E-05 9.9946E-05 9.9946E-05 0.845153 9.9946E-05 0.114457 9.9946E-05 9.9946E-05
0.755225 9.9946E-05 9.9946E-05 9.9946E-05 0.155741 9.9946E-05 0.0884339 9.9946E-05 9.9946E-05
0.303073 9.9973E-05 0.00447628 9.9973E-05 0.610422 0.0574926 0.0217967 0.00243986 9.9973E-05
0.631185 9.9955E-05 9.9955E-05 0.00219141 0.291779 9.9955E-05 9.9955E-05 0.0743444 9.9955E-05
0.493353 9.99549E-05 9.99549E-05 9.99549E-05 0.227406 0.102705 0.176037 9.99549E-05 9.99549E-05
0.554548 9.9946E-05 9.9946E-05 9.9946E-05 0.375432 9.9946E-05 9.9946E-05 9.9946E-05 0.0694202
9.9955E-05 0.0833766 9.9955E-05 9.9955E-05 0.12764 9.9955E-05 0.0242308 9.9955E-05 0.764253
9.9946E-05 0.375882 0.122955 9.9946E-05 9.9946E-05 9.9946E-05 9.9946E-05 9.9946E-05 0.500564
9.9955E-05 0.294672 0.0914195 9.9955E-05 9.9955E-05 9.9955E-05 0.117136 9.9955E-05 0.496273
9.99729E-05 0.687232 0.00212346 0.00762288 0.0579314 9.99729E-05 0.134447 9.99729E-05 0.110344
9.9973E-05 0.712277 0.0180609 9.9973E-05 0.0126013 9.9973E-05 0.039696 0.0978977 0.119167
0.0108506 0.810641 9.9955E-05 9.9955E-05 9.9955E-05 9.9955E-05 0.0184823 9.9955E-05 0.159526
9.9964E-05 0.291545 0.25383 9.9964E-05 0.0266575 9.9964E-05 9.9964E-05 0.0387319 0.388836
9.9955E-05 0.132032 0.189716 9.9955E-05 9.9955E-05 9.9955E-05 9.9955E-05 0.00902887 0.668723
9.99462E-05 9.99462E-05 9.99462E-05 9.99462E-05 0.0594158 9.99462E-05 0.0848363 9.99462E-05 0.855148
0.0914467 0.627801 0.0860634 9.9964E-05 9.9964E-05 9.9964E-05 9.9964E-05 0.00435406 0.189935
9.99462E-05 0.909096 0.0491134 0.0411912 9.99462E-05 9.99462E-05 9.99462E-05 9.99462E-05 9.99462E-05
9.99461E-05 0.93792 9.99461E-05 0.0554061 9.99461E-05 0.00607416 9.99461E-05 9.99461E-05 9.99461E-05
9.99551E-05 0.812924 0.0967667 0.00688578 9.99551E-05 9.99551E-05 9.99551E-05 0.0829236 9.99551E-05
