0.193801 0.0257682 0.780431
0.555352 9.9991E-05 0.444548
0.190577 0.0522778 0.757145
0.161754 0.0962448 0.742001
9.9991E-05 0.101321 0.898579
9.999E-05 0.0920534 0.907847
0.586446 0.413454 9.9991E-05
0.331916 0.549327 0.118757
0.354315 0.645585 9.9991E-05
0.397858 0.602042 9.9991E-05
0.489691 0.510209 9.9991E-05
0.50074 0.49916 9.9991E-05
0.224484 0.775416 9.9991E-05
0.195836 0.804065 9.9991E-05
0.430178 0.569722 9.9991E-05
0.479994 0.519906 9.9991E-05
0.134396 0.145684 0.719919
0.456763 0.130067 0.41317
0.15547 0.266437 0.578093
0.00993518 0.281103 0.708962
0.277406 0.13738 0.585213
0.237095 0.213149 0.549756
0.320836 0.108974 0.57019
0.0111773 0.212667 0.776156
0.0177126 0.253667 0.72862
0.0331732 0.129047 0.83778
9.9991E-05 0.263217 0.736683
9.9991E-05 0.229481 0.770419
0.290964 0.0294835 0.679553
0.317065 0.0954886 0.587447
0.621876 0.0115565 0.366567
0.268968 0.106518 0.624514
0.242503 0.0161295 0.741367
0.140063 0.217007 0.64293
0.532014 0.11498 0.353005
0.117335 0.217 0.665665
0.219262 0.440051 0.340688
0.0854728 0.288649 0.625879
0.280038 0.219767 0.500195
0.0811874 0.25743 0.661383
0.28725 9.9991E-05 0.71265
0.0473155 0.173165 0.779519
0.0375102 0.232422 0.730067
0.0920773 0.204771 0.703151
0.130156 0.0425612 0.827283
0.160869 0.153848 0.685283
0.50244 0.215057 0.282503
0.696447 0.0182436 0.285309
0.833501 9.9991E-05 0.1664
0.577238 9.9991E-05 0.422662
0.525807 0.120538 0.353655
0.325479 0.149186 0.525335
0.273284 0.196874 0.529842
0.207104 0.18045 0.612447
0.286185 0.131584 0.58223
9.9991E-05 0.259605 0.740295
0.279615 0.577019 0.143367
0.129901 0.768801 0.101298
9.9991E-05 0.960479 0.0394214
0.271315 0.72601 0.00267579
0.160021 0.839879 9.9991E-05
0.201924 0.747437 0.0506383
0.831504 0.168396 9.9991E-05
0.529832 0.455356 0.0148126
0.38577 0.61413 9.9991E-05
0.253956 0.745944 9.9991E-05
0.297276 0.681816 0.0209073
0.0144393 0.985461 9.9991E-05
0.480671 0.519229 9.9991E-05
0.215574 0.784326 9.9991E-05
0.482982 0.476094 0.0409237
0.199055 0.7994 0.00154491
0.501677 0.498223 9.9991E-05
0.0814628 0.841057 0.0774802
9.9991E-05 0.902544 0.0973556
0.077918 0.870658 0.0514245
0.153909 0.826726 0.0193657
9.999E-05 0.9998 9.999E-05
0.137776 0.862124 9.9991E-05
0.475329 0.524571 9.9991E-05
0.0980097 0.828803 0.0731877
9.9991E-05 0.077155 0.922745
0.219599 9.9991E-05 0.780301
0.18856 0.0146959 0.796744
0.0328046 0.0873046 0.879891
0.195148 0.00396828 0.800884
0.763636 9.9991E-05 0.236264
0.306078 0.0397807 0.654141
0.33364 0.00876677 0.657593
0.0864323 0.048992 0.864576
0.256197 9.9991E-05 0.743703
9.9991E-05 0.167297 0.832603
9.9991E-05 0.161094 0.838806
9.9991E-05 0.0907152 0.909185
0.0656883 0.101722 0.83259
0.403888 0.0129716 0.583141
0.159754 0.0505689 0.789678
9.9991E-05 0.14927 0.85063
9.9991E-05 0.148828 0.851072
0.044945 0.0911674 0.863888
0.221738 9.9991E-05 0.778162
0.0738914 9.9991E-05 0.926009
0.104841 9.9991E-05 0.895059
0.15646 9.9991E-05 0.84344
0.164729 9.9991E-05 0.835171
9.9991E-05 0.022077 0.977823
0.0185043 0.0394024 0.942093
9.9991E-05 0.051609 0.948291
0.0046682 0.059013 0.936319
9.9991E-05 0.0306237 0.969276
9.9991E-05 0.0430112 0.956889
9.999E-05 9.999E-05 0.9998
0.132802 9.9991E-05 0.867098
0.0645622 0.0759883 0.85945
0.13195 9.9991E-05 0.86795
0.0354693 0.0100307 0.9545
0.0262256 0.0101487 0.963626
0.0107363 0.0110767 0.978187
0.0700779 9.9991E-05 0.929822
0.270474 9.9991E-05 0.729426
0.265221 9.9991E-05 0.734679
0.179841 9.9991E-05 0.820059
9.999E-05 9.999E-05 0.9998
9.9991E-05 0.132175 0.867725
9.9991E-05 0.0735878 0.926312
0.00642257 0.0220175 0.97156
9.9991E-05 0.328889 0.671011
9.9991E-05 0.396611 0.603289
0.140377 9.9991E-05 0.859524
0.236634 9.9991E-05 0.763266
0.232038 9.9991E-05 0.767862
0.16599 9.9991E-05 0.83391
0.289779 9.9991E-05 0.710121
0.0454029 9.9991E-05 0.954497
0.202975 9.9991E-05 0.796925
0.0121481 9.9991E-05 0.987752
0.174516 9.9991E-05 0.825384
0.177651 9.9991E-05 0.822249
0.613108 0.386792 9.9991E-05
0.330066 0.669834 9.9991E-05
0.436534 0.563366 9.9991E-05
0.153885 0.769562 0.0765529
0.0566507 0.83265 0.110699
0.04168 0.933659 0.0246607
0.329438 0.670462 9.9991E-05
0.482312 0.517588 9.9991E-05
0.906394 0.0935061 9.9991E-05
0.135965 0.808464 0.0555706
9.999E-05 0.9998 9.999E-05
9.999E-05 0.9998 9.999E-05
9.9991E-05 0.965567 0.0343329
