0.113635 9.99639E-05 9.99639E-05 9.99639E-05 0.113163 0.0571746 0.525937 9.99639E-05 0.189691
0.161746 9.9973E-05 0.106426 9.9973E-05 0.0249541 0.336641 0.265774 9.9973E-05 0.10416
9.9964E-05 9.9964E-05 9.9964E-05 0.0674961 0.11358 0.13457 0.325235 9.9964E-05 0.35872
0.185126 0.0335305 9.9982E-05 0.0989758 0.606285 0.0132691 0.0308705 0.0317436 9.9982E-05
9.9946E-05 9.9946E-05 9.9946E-05 9.9946E-05 0.197725 9.9946E-05 0.227773 9.9946E-05 0.573903
0.0458521 9.9964E-05 9.9964E-05 0.093215 0.562135 9.9964E-05 0.272498 9.9964E-05 0.0259
0.0621949 9.9964E-05 0.765311 0.0279956 9.9964E-05 0.0253988 9.9964E-05 0.1187 9.9964E-05
0.0418286 9.9964E-05 0.710517 0.150842 9.9964E-05 9.9964E-05 9.9964E-05 0.00736152 0.0890505
9.9973E-05 0.0480546 0.81936 9.9973E-05 0.0186031 0.0377103 0.0250955 0.0508769 9.9973E-05
9.9973E-05 0.0311175 0.824613 0.0125292 9.9973E-05 0.00305251 0.101612 0.0267766 9.9973E-05
0.0422748 9.9955E-05 0.693519 9.9955E-05 0.00406708 9.9955E-05 9.9955E-05 0.259639 9.9955E-05
9.99549E-05 9.99549E-05 0.296757 9.99549E-05 9.99549E-05 9.99549E-05 0.0428729 0.61377 0.0460999
9.9946E-05 0.24611 0.61706 9.9946E-05 9.9946E-05 9.9946E-05 9.9946E-05 0.136231 9.9946E-05
9.9946E-05 0.127968 0.855092 0.0163403 9.9946E-05 9.9946E-05 9.9946E-05 9.9946E-05 9.9946E-05
9.9973E-05 0.0328699 0.785792 9.9973E-05 0.0226675 0.0544615 0.0249463 0.0789632 9.9973E-05
0.0180182 9.99551E-05 0.893097 9.99551E-05 9.99551E-05 0.0419891 9.99551E-05 0.0463957 9.99551E-05
0.041518 9.9964E-05 9.9964E-05 0.59205 0.0134698 9.9964E-05 0.00692453 9.9964E-05 0.345638
9.9955E-05 9.9955E-05 0.0276261 0.622111 9.9955E-05 0.303194 9.9955E-05 9.9955E-05 0.0465695
0.00389779 9.9973E-05 9.9973E-05 0.50305 0.0525841 0.022721 0.365964 0.0514835 9.9973E-05
9.99506E-05 9.99506E-05 9.99506E-05 0.652621 0.220725 9.99506E-05 9.99506E-05 9.99506E-05 0.126054
9.99549E-05 9.99549E-05 0.032179 0.508627 9.99549E-05 0.233847 9.99549E-05 9.99549E-05 0.224847
9.99546E-05 9.99546E-05 9.99546E-05 0.753764 0.113353 0.132284 9.99546E-05 9.99546E-05 9.99546E-05
0.0626747 9.9964E-05 9.9964E-05 9.9964E-05 9.9964E-05 0.00446737 0.6595 0.131794 0.141164
0.0228971 0.0184144 9.9955E-05 9.9955E-05 9.9955E-05 9.9955E-05 0.734782 9.9955E-05 0.223406
9.9964E-05 0.0239292 9.9964E-05 0.0620391 0.019494 9.9964E-05 0.734315 9.9964E-05 0.159823
0.173189 9.9955E-05 9.9955E-05 0.346661 0.294792 9.9955E-05 0.184859 9.9955E-05 9.9955E-05
9.9955E-05 0.0514148 9.9955E-05 0.462849 9.9955E-05 9.9955E-05 0.125246 9.9955E-05 0.359991
9.9964E-05 0.0702257 9.9964E-05 0.255635 0.124205 9.9964E-05 0.204312 9.9964E-05 0.345223
0.160726 9.9964E-05 0.0994609 0.21586 9.9964E-05 0.160918 9.9964E-05 9.9964E-05 0.362635
0.0889932 9.9973E-05 0.124943 0.23831 0.0952943 0.240213 9.9973E-05 9.9973E-05 0.211947
9.9955E-05 9.9955E-05 9.9955E-05 0.2337 0.259553 0.280156 9.9955E-05 0.226091 9.9955E-05
9.9964E-05 9.9964E-05 9.9964E-05 0.300229 0.228541 0.0576563 9.9964E-05 0.156695 0.256479
0.0201153 9.9964E-05 9.9964E-05 0.390611 0.472209 0.0399784 9.9964E-05 9.9964E-05 0.076686
9.9955E-05 9.9955E-05 0.0500844 0.0598184 0.0684647 9.9955E-05 0.821133 9.9955E-05 9.9955E-05
9.99459E-05 9.99459E-05 9.99459E-05 9.99459E-05 9.99459E-05 0.157304 0.795784 0.0463124 9.99459E-05
9.9964E-05 9.9964E-05 9.9964E-05 0.44348 0.00665635 9.9964E-05 0.216796 0.0585308 0.274137
9.9964E-05 0.266217 9.9964E-05 9.9964E-05 0.0374291 0.191193 0.473523 0.0312384 9.9964E-05
9.9964E-05 0.0873135 9.9964E-05 0.22634 0.00645506 9.9964E-05 0.55275 9.9964E-05 0.126742
0.117104 0.0503144 9.9973E-05 0.288733 0.0288006 0.141779 0.372969 9.9973E-05 9.9973E-05
9.9964E-05 0.00933457 9.9964E-05 0.447201 0.226077 9.9964E-05 0.270226 9.9964E-05 0.0467611
0.525125 9.99461E-05 9.99461E-05 0.0778225 0.396453 9.99461E-05 9.99461E-05 9.99461E-05 9.99461E-05
0.159182 0.0869197 9.9982E-05 0.103836 0.545025 0.00865803 0.0158656 9.9982E-05 0.0803133
9.9973E-05 0.123741 9.9973E-05 0.0530139 0.583651 0.114277 0.0742836 9.9973E-05 0.0507343
0.511657 0.164811 9.9955E-05 9.9955E-05 0.282896 9.9955E-05 0.0401367 9.9955E-05 9.9955E-05
0.248448 9.99551E-05 0.00214015 0.235433 0.51348 9.99551E-05 9.99551E-05 9.99551E-05 9.99551E-05
9.9955E-05 9.9955E-05 9.9955E-05 0.190899 0.580828 0.0523546 0.175419 9.9955E-05 9.9955E-05
9.9946E-05 9.9946E-05 9.9946E-05 0.690792 9.9946E-05 0.241238 9.9946E-05 0.0673702 9.9946E-05
0.0657311 9.99549E-05 9.99549E-05 0.32782 9.99549E-05 0.477573 9.99549E-05 0.128376 9.99549E-05
9.99369E-05 9.99369E-05 9.99369E-05 0.227194 9.99369E-05 0.772106 9.99369E-05 9.99369E-05 9.99369E-05
0.158411 9.9955E-05 9.9955E-05 0.188087 9.9955E-05 0.627839 0.025163 9.9955E-05 9.9955E-05
9.99549E-05 0.0126693 0.0321943 0.480896 9.99549E-05 0.473741 9.99549E-05 9.99549E-05 9.99549E-05
0.380491 9.9955E-05 0.130249 0.444414 9.9955E-05 9.9955E-05 0.0443459 9.9955E-05 9.9955E-05
0.0451066 0.0490834 9.9973E-05 0.732273 9.9973E-05 0.122463 0.0172757 9.9973E-05 0.0334982
0.30219 9.9946E-05 9.9946E-05 0.612925 9.9946E-05 9.9946E-05 0.0842852 9.9946E-05 9.9946E-05
0.335301 9.99549E-05 0.0326261 0.598831 9.99549E-05 9.99549E-05 0.0327423 9.99549E-05 9.99549E-05
9.996E-05 0.028022 9.996E-05 0.562702 0.223403 9.996E-05 0.0623932 9.996E-05 0.123079
0.0572717 0.179344 0.20266 9.9973E-05 0.0173077 9.9973E-05 0.258638 0.284479 9.9973E-05
9.9964E-05 0.323933 0.422243 9.9964E-05 9.9964E-05 9.9964E-05 0.210301 0.0136871 0.0294353
0.114345 0.849775 0.0139541 9.9955E-05 9.9955E-05 9.9955E-05 0.0214262 9.9955E-05 9.9955E-05
0.117979 0.393563 0.0803908 0.0861479 9.99639E-05 9.99639E-05 9.99639E-05 0.321519 9.99639E-05
0.053072 0.535293 0.0474709 9.99549E-05 9.99549E-05 9.99549E-05 9.99549E-05 0.363664 9.99549E-05
0.0325454 0.524563 9.9964E-05 0.105081 9.9964E-05 0.0225604 9.9964E-05 0.31485 9.9964E-05
9.99369E-05 9.99369E-05 9.99369E-05 9.99369E-05 9.99369E-05 0.235493 9.99369E-05 0.763808 9.99369E-05
9.9964E-05 9.9964E-05 9.9964E-05 0.045136 0.0608836 9.9964E-05 0.00959812 0.871616 0.0123667
9.9964E-05 0.081396 0.387325 9.9964E-05 0.0372282 0.0212003 9.9964E-05 0.47245 9.9964E-05
9.9955E-05 0.202121 0.492661 9.9955E-05 9.9955E-05 9.9955E-05 0.0493324 0.255386 9.9955E-05
9.9973E-05 0.176639 0.301545 0.0119665 9.9973E-05 9.9973E-05 0.127816 0.335357 0.0463769
9.99461E-05 0.575578 0.273662 9.99461E-05 9.99461E-05 9.99461E-05 0.150161 9.99461E-05 9.99461E-05
9.9955E-05 0.085741 0.10703 9.9955E-05 9.9955E-05 9.9955E-05 0.142589 0.66414 9.9955E-05
9.9964E-05 0.311624 0.175184 0.00420176 9.9964E-05 9.9964E-05 0.0582573 0.450333 9.9964E-05
9.9964E-05 0.00111647 0.0455192 9.9964E-05 9.9964E-05 9.9964E-05 0.185185 0.707687 0.0600929
9.9964E-05 0.360967 0.0574593 9.9964E-05 9.9964E-05 9.9964E-05 0.134097 0.432423 0.0146535
9.9937E-05 9.9937E-05 9.9937E-05 9.9937E-05 9.9937E-05 9.9937E-05 9.9937E-05 0.940207 0.0590931
9.9964E-05 0.530595 0.0714519 0.137719 9.9964E-05 9.9964E-05 9.9964E-05 0.233166 0.0266678
9.9955E-05 0.603415 0.146932 0.196141 9.9955E-05 9.9955E-05 9.9955E-05 0.0530119 9.9955E-05
9.9955E-05 0.648553 9.9955E-05 0.0514541 9.9955E-05 0.0437482 9.9955E-05 0.255745 9.9955E-05
9.9946E-05 0.39715 9.9946E-05 9.9946E-05 0.0601553 9.9946E-05 9.9946E-05 0.542095 9.9946E-05
9.9946E-05 0.94147 9.9946E-05 9.9946E-05 9.9946E-05 9.9946E-05 9.9946E-05 0.0202101 0.0377204
9.9955E-05 0.574778 0.329682 9.9955E-05 9.9955E-05 9.9955E-05 0.0332836 0.0617568 9.9955E-05
9.9964E-05 0.0434603 0.0705024 0.102517 9.9964E-05 0.0106918 9.9964E-05 0.772429 9.9964E-05
9.9964E-05 0.672765 9.9964E-05 9.9964E-05 0.0148754 0.156846 0.00129387 0.15382 9.9964E-05
9.99731E-05 0.014207 9.99731E-05 0.0904714 0.017937 0.0096717 0.0180056 9.99731E-05 0.849407
0.830134 0.0702718 9.9955E-05 0.0190075 9.9955E-05 9.9955E-05 9.9955E-05 9.9955E-05 0.0800872
0.753142 0.0949998 9.9946E-05 9.9946E-05 9.9946E-05 9.9946E-05 9.9946E-05 9.9946E-05 0.151259
9.9955E-05 9.9955E-05 0.0642063 9.9955E-05 0.120509 0.0840505 9.9955E-05 9.9955E-05 0.730734
9.9964E-05 9.9964E-05 0.0933814 0.00349154 0.00208913 0.269396 9.9964E-05 9.9964E-05 0.631242
9.993E-05 9.993E-05 9.993E-05 9.993E-05 9.993E-05 0.999201 9.993E-05 9.993E-05 9.993E-05
0.101762 9.99641E-05 9.99641E-05 9.99641E-05 0.53236 0.238573 9.99641E-05 0.0529402 0.0739645
0.202018 9.9964E-05 0.0321235 9.9964E-05 0.414478 0.271992 0.0789888 9.9964E-05 9.9964E-05
0.00243392 9.9964E-05 9.9964E-05 9.9964E-05 0.553571 0.0749836 9.9964E-05 0.00566669 0.362945
0.103839 9.9964E-05 9.9964E-05 9.9964E-05 0.17411 0.335281 0.00439007 9.9964E-05 0.381981
9.9955E-05 0.0426288 9.9955E-05 9.9955E-05 0.651544 9.9955E-05 9.9955E-05 0.0360756 0.269252
9.9937E-05 0.0285707 9.9937E-05 9.9937E-05 0.97073 9.9937E-05 9.9937E-05 9.9937E-05 9.9937E-05
9.99549E-05 9.99549E-05 0.0278804 9.99549E-05 0.536826 9.99549E-05 0.121411 9.99549E-05 0.313383
9.9973E-05 0.0188918 9.9973E-05 9.9973E-05 0.624083 0.0674554 0.0328378 0.033477 0.222955
9.99459E-05 9.99459E-05 9.99459E-05 9.99459E-05 0.570446 0.375362 9.99459E-05 0.0535927 9.99459E-05
9.9973E-05 9.9973E-05 0.0204923 0.0246123 0.740729 0.118957 0.0286534 9.9973E-05 0.0662561
9.9955E-05 0.0220391 9.9955E-05 9.9955E-05 0.646501 9.9955E-05 9.9955E-05 0.0164794 0.314481
9.9955E-05 0.058568 9.9955E-05 9.9955E-05 0.626522 9.9955E-05 9.9955E-05 0.00287357 0.311537
0.194971 9.9964E-05 0.0404744 9.9964E-05 0.510464 9.9964E-05 0.0378235 9.9964E-05 0.215867
0.29625 9.9973E-05 0.0152561 0.12512 0.0177127 0.177466 9.9973E-05 9.9973E-05 0.367894
0.418443 9.9964E-05 9.9964E-05 9.9964E-05 0.0931433 0.00403562 0.0134035 9.9964E-05 0.470575
0.424379 9.9955E-05 9.9955E-05 9.9955E-05 9.9955E-05 0.0267257 0.10619 9.9955E-05 0.442205
0.541004 9.9937E-05 9.9937E-05 9.9937E-05 9.9937E-05 9.9937E-05 9.9937E-05 9.9937E-05 0.458296
9.9946E-05 9.9946E-05 9.9946E-05 9.9946E-05 9.9946E-05 0.22745 9.9946E-05 0.0230903 0.74886
9.9946E-05 9.9946E-05 9.9946E-05 0.126573 9.9946E-05 9.9946E-05 0.0506491 9.9946E-05 0.822178
0.0403144 9.9964E-05 9.9964E-05 0.178108 9.9964E-05 0.000227289 0.0982168 9.9964E-05 0.682734
9.9955E-05 9.9955E-05 0.026194 0.0337195 9.9955E-05 0.0105348 9.9955E-05 9.9955E-05 0.929052
9.9964E-05 0.033764 9.9964E-05 9.9964E-05 0.00689536 0.055503 0.0502234 9.9964E-05 0.853214
0.0295382 9.9955E-05 9.9955E-05 9.9955E-05 0.206888 9.9955E-05 0.0355829 9.9955E-05 0.727491
0.00844172 9.9955E-05 9.9955E-05 9.9955E-05 0.00522616 9.9955E-05 0.140429 9.9955E-05 0.845404
0.0698602 9.9946E-05 9.9946E-05 9.9946E-05 9.9946E-05 9.9946E-05 0.0869536 9.9946E-05 0.842587
0.270693 9.9973E-05 9.9973E-05 0.0387953 0.323211 0.106956 0.00856593 9.9973E-05 0.251479
0.360766 0.0407411 9.9964E-05 0.12958 0.0450374 9.9964E-05 9.9964E-05 9.9964E-05 0.423475
0.0958613 9.9973E-05 9.9973E-05 0.00664065 0.162464 0.0959751 0.0948436 9.9973E-05 0.543915
9.99551E-05 9.99551E-05 9.99551E-05 9.99551E-05 0.118267 0.106917 0.0965378 9.99551E-05 0.677778
0.04622 9.99641E-05 9.99641E-05 0.0262009 0.0407398 0.113201 9.99641E-05 9.99641E-05 0.773238
0.0422306 9.9955E-05 9.9955E-05 9.9955E-05 9.9955E-05 0.00819408 0.0865629 9.9955E-05 0.862513
9.99459E-05 9.99459E-05 9.99459E-05 9.99459E-05 0.162363 0.133755 9.99459E-05 9.99459E-05 0.703282
0.521776 9.9955E-05 9.9955E-05 9.9955E-05 9.9955E-05 0.0143873 0.235039 9.9955E-05 0.228297
0.507807 9.9973E-05 9.9973E-05 9.9973E-05 0.0243271 0.059628 0.0591206 0.0132141 0.335603
0.37234 9.9955E-05 9.9955E-05 9.9955E-05 9.9955E-05 9.9955E-05 0.00736898 0.0392177 0.580574
0.0834955 9.99461E-05 9.99461E-05 9.99461E-05 0.139199 9.99461E-05 9.99461E-05 9.99461E-05 0.776705
0.0476233 0.00884737 9.9982E-05 0.0114873 0.134209 9.9982E-05 0.03985 0.0530253 0.704758
0.0978643 9.9955E-05 9.9955E-05 9.9955E-05 0.0786462 9.9955E-05 0.159417 9.9955E-05 0.663572
0.0815063 9.9964E-05 9.9964E-05 0.0410081 0.0177165 9.9964E-05 9.9964E-05 0.0255051 0.833864
9.9955E-05 0.12693 0.0859315 9.9955E-05 9.9955E-05 9.9955E-05 0.228077 9.9955E-05 0.558562
9.9946E-05 0.24767 9.9946E-05 9.9946E-05 9.9946E-05 9.9946E-05 9.9946E-05 0.125709 0.626022
0.144088 9.9946E-05 9.9946E-05 9.9946E-05 9.9946E-05 0.10927 9.9946E-05 9.9946E-05 0.746042
0.629228 9.99459E-05 9.99459E-05 9.99459E-05 9.99459E-05 0.0779999 9.99459E-05 9.99459E-05 0.292172
0.331269 9.9955E-05 9.9955E-05 9.9955E-05 9.9955E-05 0.075084 0.139392 9.9955E-05 0.453755
0.503113 9.9955E-05 9.9955E-05 9.9955E-05 0.0251718 9.9955E-05 0.0967391 9.9955E-05 0.374476
0.888187 9.9955E-05 9.9955E-05 0.0424409 9.9955E-05 0.0250225 9.9955E-05 9.9955E-05 0.0438498
0.060652 9.9946E-05 9.9946E-05 9.9946E-05 9.9946E-05 0.0892375 9.9946E-05 9.9946E-05 0.849511
0.592474 9.9955E-05 9.9955E-05 9.9955E-05 0.0548396 9.9955E-05 0.0332948 9.9955E-05 0.318892
0.280758 9.9955E-05 0.0262774 9.9955E-05 0.14615 9.9955E-05 9.9955E-05 9.9955E-05 0.546314
0.286083 9.9964E-05 9.9964E-05 9.9964E-05 0.148306 0.104943 0.0439778 9.9964E-05 0.41629
0.406453 9.9955E-05 9.9955E-05 9.9955E-05 9.9955E-05 0.0323204 9.9955E-05 0.0463878 0.514339
0.148769 9.9946E-05 9.9946E-05 9.9946E-05 9.9946E-05 0.0708673 9.9946E-05 0.779764 9.9946E-05
0.0535497 0.336736 0.0318251 9.9955E-05 9.9955E-05 9.9955E-05 9.9955E-05 0.577389 9.9955E-05
0.0341929 0.19362 0.109537 0.033832 9.9973E-05 0.102136 9.9973E-05 0.526382 9.9973E-05
0.043023 0.624069 9.99549E-05 9.99549E-05 9.99549E-05 0.147905 9.99549E-05 0.184504 9.99549E-05
0.0605293 0.679325 0.0608367 9.9973E-05 9.9973E-05 0.109041 9.9973E-05 0.0671133 0.022854
9.9955E-05 0.769972 0.0180502 9.9955E-05 9.9955E-05 0.0100314 9.9955E-05 0.201446 9.9955E-05
0.0745885 0.292332 0.257386 9.9964E-05 0.0163173 9.9964E-05 9.9964E-05 0.358976 9.9964E-05
9.9964E-05 0.0835186 0.173242 9.9964E-05 9.9964E-05 0.0557689 9.9964E-05 0.661514 0.0255573
0.0136922 9.99461E-05 9.99461E-05 9.99461E-05 9.99461E-05 0.305983 9.99461E-05 0.679725 9.99461E-05
9.99639E-05 0.580569 0.200192 9.99639E-05 9.99639E-05 0.0456002 9.99639E-05 0.102292 0.0709472
9.99372E-05 0.943727 9.99372E-05 0.055573 9.99372E-05 9.99372E-05 9.99372E-05 9.99372E-05 9.99372E-05
9.99371E-05 0.935651 9.99371E-05 0.0636491 9.99371E-05 9.99371E-05 9.99371E-05 9.99371E-05 9.99371E-05
9.99461E-05 0.78375 0.173755 9.99461E-05 0.0418957 9.99461E-05 9.99461E-05 9.99461E-05 9.99461E-05
