9.9991E-05 0.246686 0.408331 0.0668036 0.278079
9.9991E-05 0.191106 0.0945207 0.444726 0.269548
9.9991E-05 0.47999 0.324499 0.157201 0.0382091
0.0100106 0.409691 0.427354 0.0643772 0.0885674
0.0210065 0.73109 0.223355 9.9991E-05 0.0244485
9.9982E-05 0.37762 0.503639 9.9982E-05 0.118541
0.473602 9.9973E-05 9.9973E-05 0.526098 9.9973E-05
0.553541 0.0788182 0.0311241 0.241921 0.0945953
0.637447 9.9973E-05 9.9973E-05 0.362253 9.9973E-05
0.62875 9.9973E-05 9.9973E-05 0.37095 9.9973E-05
0.545648 9.99729E-05 9.99729E-05 0.454052 9.99729E-05
0.514406 9.99729E-05 9.99729E-05 0.485294 9.99729E-05
0.768747 9.9973E-05 9.9973E-05 0.230953 9.9973E-05
0.830938 9.9982E-05 9.9982E-05 0.132109 0.0367533
0.577293 9.9973E-05 9.9973E-05 0.422407 9.9973E-05
0.50039 9.9982E-05 9.9982E-05 0.480922 0.0184888
9.999E-05 0.272066 0.569639 0.096094 0.062101
0.0337803 0.0453695 0.489721 0.431029 9.9991E-05
0.0357827 0.0919715 0.745581 0.126565 9.9991E-05
0.083029 0.249697 0.667074 9.9982E-05 9.9982E-05
9.9982E-05 0.271864 0.510855 0.21708 9.9982E-05
9.9982E-05 0.0112865 0.813784 0.17473 9.9982E-05
0.0167308 0.0421225 0.459167 0.189782 0.292197
0.0497467 0.0869818 0.507335 9.9991E-05 0.355837
0.0360498 9.9982E-05 0.755947 9.9982E-05 0.207803
9.9973E-05 9.9973E-05 0.743898 9.9973E-05 0.255802
0.122984 0.337316 0.539499 9.9982E-05 9.9982E-05
0.101095 0.472677 0.426028 9.9982E-05 9.9982E-05
0.00815008 0.404785 0.195794 0.182267 0.209005
0.0308936 0.352068 0.245815 0.273994 0.0972288
9.9982E-05 0.0733468 0.355566 0.570887 9.9982E-05
0.0249983 0.466506 0.262134 0.246262 9.9991E-05
9.9982E-05 0.349417 0.468362 0.182021 9.9982E-05
0.0473316 9.9982E-05 0.719496 9.9982E-05 0.232972
9.9982E-05 9.9982E-05 0.579328 0.360748 0.0597238
0.0401656 0.206687 0.596739 0.145619 0.0107889
0.25518 0.00140727 0.529508 0.213804 9.9991E-05
0.0917953 0.13734 0.668852 0.0726444 0.0293688
0.0445428 9.9991E-05 0.680462 0.133531 0.141364
0.0202055 0.1449 0.794413 0.0403815 9.9991E-05
9.9982E-05 9.9982E-05 0.390839 0.013066 0.595895
0.0861864 0.333234 0.336191 9.9991E-05 0.244289
0.0803863 0.37236 0.439536 0.107618 9.9991E-05
0.168137 0.0939238 0.192074 9.9991E-05 0.545765
9.9991E-05 0.133878 0.581652 0.00394035 0.28043
9.9991E-05 0.0430073 0.774613 0.0739671 0.108312
0.0653429 9.9982E-05 0.576632 0.357825 9.9982E-05
9.9982E-05 0.17052 0.190752 0.638528 9.9982E-05
9.9982E-05 0.0711825 0.15964 0.768977 9.9982E-05
9.9991E-05 0.113202 0.256925 0.478823 0.15095
9.9982E-05 0.0593499 0.486115 0.454335 9.9982E-05
0.0975738 9.9991E-05 0.447055 0.0897655 0.365506
0.0599173 0.0638813 0.677951 0.19815 9.9991E-05
0.0223206 9.9991E-05 0.615376 0.0231377 0.339066
0.0284562 9.9991E-05 0.608708 0.030587 0.332148
0.0396374 0.197199 0.762963 9.9982E-05 9.9982E-05
0.570203 9.9991E-05 0.148272 0.15052 0.130904
0.733238 9.9991E-05 0.131387 0.0846637 0.0506105
0.946639 0.0502858 0.00287492 9.9982E-05 9.9982E-05
0.735316 9.9982E-05 9.9982E-05 0.167291 0.0971929
0.843699 9.9982E-05 9.9982E-05 0.152979 0.00312246
0.754359 0.0207743 0.052486 0.153783 0.0185974
0.180415 9.99729E-05 9.99729E-05 0.819286 9.99729E-05
0.440247 9.9982E-05 0.0626835 0.496869 9.9982E-05
0.623572 0.0125894 9.9982E-05 0.363638 9.9982E-05
0.763535 9.9973E-05 9.9973E-05 0.236165 9.9973E-05
0.582632 0.00355359 0.148337 0.265378 9.9991E-05
0.906495 9.99821E-05 0.0678916 9.99821E-05 0.0254133
0.555247 9.9982E-05 0.0408847 0.403669 9.9982E-05
0.728642 9.9991E-05 0.0596498 0.17638 0.0352286
0.44813 0.0616991 9.9982E-05 0.489971 9.9982E-05
0.770396 0.00200713 0.0855655 0.141932 9.9991E-05
0.516626 0.0340627 9.9982E-05 0.449111 9.9982E-05
0.80555 0.0887076 0.0302587 0.0753836 9.9991E-05
0.803945 9.9973E-05 0.195755 9.9973E-05 9.9973E-05
0.831943 0.0342328 0.0613608 0.0723636 9.9991E-05
0.765975 0.0555496 9.9982E-05 0.178275 9.9982E-05
0.991689 0.0080107 9.9973E-05 9.9973E-05 9.9973E-05
0.885199 9.9982E-05 9.9982E-05 0.110266 0.00433559
0.531305 9.99729E-05 9.99729E-05 0.468395 9.99729E-05
0.792057 0.0542504 0.0599119 0.0936805 9.9991E-05
0.0215817 0.775412 0.120353 9.9991E-05 0.0825532
0.0590099 0.0162368 0.0149295 9.9991E-05 0.909724
0.0888745 0.153136 9.9982E-05 9.9982E-05 0.75779
0.0636466 0.878097 0.0314263 0.0267301 9.9991E-05
9.9973E-05 0.769074 9.9973E-05 0.230626 9.9973E-05
9.99821E-05 0.12343 9.99821E-05 0.770764 0.105606
0.00614587 0.52368 0.0855676 0.324194 0.0604126
9.9991E-05 0.454768 0.11835 0.29381 0.132972
9.9982E-05 0.834952 0.0227052 0.142142 9.9982E-05
9.9982E-05 0.671907 9.9982E-05 0.258173 0.0697196
0.0951992 0.881589 0.0230116 9.9982E-05 9.9982E-05
0.0217713 0.632252 0.345777 9.9982E-05 9.9982E-05
9.9973E-05 0.7018 0.2979 9.9973E-05 9.9973E-05
0.046183 0.692674 0.179318 0.0817241 9.9991E-05
9.9982E-05 0.494441 0.108975 0.396384 9.9982E-05
9.9982E-05 0.550987 0.324724 0.124089 9.9982E-05
0.0844901 0.762516 0.152794 9.9982E-05 9.9982E-05
0.0484871 0.724166 0.227147 9.9982E-05 9.9982E-05
9.9991E-05 0.57034 0.202699 0.0309849 0.195876
9.9991E-05 0.458683 0.105378 0.140601 0.295237
9.9982E-05 0.515387 0.0204575 9.9982E-05 0.463956
9.9982E-05 0.423698 0.0590311 9.9982E-05 0.517071
9.9991E-05 0.429736 0.000860627 0.00234636 0.566957
9.9973E-05 0.799058 9.9973E-05 0.200642 9.9973E-05
9.9973E-05 0.816707 0.182993 9.9973E-05 9.9973E-05
9.9982E-05 0.633011 0.267223 9.9982E-05 0.0995663
0.0143258 0.948145 9.9982E-05 0.037329 9.9982E-05
0.0215787 0.921874 9.9982E-05 0.0563471 9.9982E-05
9.9991E-05 0.850128 0.0620598 0.031595 0.0561173
0.0230757 0.747577 0.0902108 9.9991E-05 0.139037
9.9973E-05 0.845253 9.9973E-05 9.9973E-05 0.154448
9.9982E-05 0.483149 0.207728 9.9982E-05 0.308923
0.0208357 0.536211 0.107966 0.0122789 0.322709
9.9991E-05 0.658152 0.0701296 0.128951 0.142668
9.9991E-05 0.793765 0.073325 0.0539516 0.0788588
0.00869234 0.808453 9.9982E-05 9.9982E-05 0.182655
9.9982E-05 0.853393 0.0127356 9.9982E-05 0.133671
9.9982E-05 0.842447 9.9982E-05 0.0975082 0.0598444
9.9982E-05 0.22844 9.9982E-05 0.0362694 0.735091
9.9982E-05 0.355691 9.9982E-05 0.0999991 0.54411
0.0152848 0.54598 9.9991E-05 0.0154569 0.423178
9.9973E-05 0.870742 9.9973E-05 9.9973E-05 0.128958
0.0893366 0.820811 0.0794785 0.0024231 0.0079504
0.0579288 0.749478 0.0272438 9.9991E-05 0.165249
0.000925748 0.877729 9.9991E-05 0.0350038 0.0862417
0.295326 0.611391 9.9982E-05 9.9982E-05 0.0930837
0.337581 0.592408 9.9982E-05 9.9982E-05 0.0698113
9.9982E-05 0.752611 9.9982E-05 0.093411 0.153778
9.9982E-05 0.31627 9.9982E-05 0.0719591 0.611571
9.9982E-05 0.481628 9.9982E-05 0.0950336 0.423138
0.0223502 0.410485 9.9982E-05 9.9982E-05 0.566965
9.9982E-05 0.0314539 9.9982E-05 0.0403339 0.928012
9.9982E-05 0.837222 9.9982E-05 0.0149406 0.147637
9.9982E-05 0.361956 9.9982E-05 0.0151404 0.622703
9.9982E-05 0.651658 0.00836322 9.9982E-05 0.339779
9.9991E-05 0.500437 0.0881176 0.0781605 0.333185
9.9982E-05 0.507 9.9982E-05 0.0520919 0.440708
0.373832 9.9982E-05 9.9982E-05 0.590492 0.0354758
0.690377 0.0431295 9.9982E-05 0.266294 9.9982E-05
0.620729 9.9982E-05 9.9982E-05 0.353466 0.0256051
0.783584 0.0259284 9.9991E-05 0.101015 0.0893719
0.83212 0.140514 9.9982E-05 0.0271663 9.9982E-05
0.955938 0.0437624 9.9973E-05 9.9973E-05 9.9973E-05
0.689117 9.9982E-05 9.9982E-05 0.273563 0.0371199
0.534622 9.99729E-05 9.99729E-05 0.465078 9.99729E-05
0.137333 9.99731E-05 9.99731E-05 0.862367 9.99731E-05
0.803552 0.0917395 9.9982E-05 0.104508 9.9982E-05
0.971881 9.99731E-05 0.027819 9.99731E-05 9.99731E-05
0.927252 9.9973E-05 0.0724478 9.9973E-05 9.9973E-05
0.940517 0.0101687 0.0491147 9.9982E-05 9.9982E-05
