0.0138696 9.9991E-05 0.290308 0.480824 0.207038 0.00786096
0.242185 9.9991E-05 0.123006 0.0844306 0.392604 0.157674
0.0272858 9.9991E-05 0.429548 0.324796 0.0635004 0.154771
9.999E-05 0.00367247 0.285593 0.406086 0.131934 0.172614
9.9973E-05 0.0164473 0.780368 0.202885 9.9973E-05 9.9973E-05
9.9982E-05 9.9982E-05 0.421161 0.41079 0.0676777 0.100171
0.918214 9.9973E-05 9.9973E-05 9.9973E-05 0.0425535 0.0389328
0.543022 0.234187 0.018313 9.9991E-05 0.165374 0.0390035
0.746752 0.200536 0.0345745 9.9982E-05 0.0179375 9.9982E-05
0.757688 0.174282 9.9982E-05 0.0542053 0.0136248 9.9982E-05
0.920015 0.046952 9.9973E-05 9.9973E-05 0.0327327 9.9973E-05
0.895299 0.00921729 0.0744307 0.0208531 9.9982E-05 9.9982E-05
0.60836 0.39124 9.9964E-05 9.9964E-05 9.9964E-05 9.9964E-05
0.614233 0.362304 9.9982E-05 0.00153092 0.0217325 9.9982E-05
0.750721 0.190928 9.9982E-05 0.00405312 9.9982E-05 0.054098
0.956589 9.99641E-05 9.99641E-05 9.99641E-05 0.043011 9.99641E-05
9.9982E-05 0.0249757 0.303695 0.478727 9.9982E-05 0.192402
9.9982E-05 0.0962907 0.0453767 0.14865 9.9982E-05 0.709483
0.0566589 0.0257014 0.061059 0.665184 9.9991E-05 0.191296
9.9982E-05 0.0995951 0.235756 0.52694 9.9982E-05 0.137509
9.9982E-05 0.00833808 0.248745 0.26079 9.9982E-05 0.481927
9.9982E-05 0.0438056 0.031428 0.498895 9.9982E-05 0.425672
0.20557 9.9982E-05 0.0253153 0.526198 0.242717 9.9982E-05
9.9973E-05 9.9973E-05 0.193418 0.63306 0.173222 9.9973E-05
9.99641E-05 9.99641E-05 0.139063 0.860537 9.99641E-05 9.99641E-05
9.9973E-05 9.9973E-05 0.105668 0.724006 0.170026 9.9973E-05
9.9973E-05 0.11376 0.395626 0.490313 9.9973E-05 9.9973E-05
9.9973E-05 0.082156 0.475835 0.441709 9.9973E-05 9.9973E-05
9.9982E-05 0.0940605 0.276599 9.9982E-05 0.33503 0.294111
9.999E-05 0.060012 0.197395 0.0939584 0.178139 0.470395
0.115905 9.9982E-05 0.0836557 0.171292 9.9982E-05 0.628947
0.122424 9.9982E-05 0.434136 0.126373 9.9982E-05 0.316867
9.9973E-05 9.9973E-05 0.344354 0.319834 9.9973E-05 0.335512
0.06251 9.9973E-05 9.9973E-05 0.860071 0.0771194 9.9973E-05
0.236535 9.9982E-05 9.9982E-05 0.650323 0.110175 0.00276657
0.0341601 0.0197242 0.255571 0.530465 9.9991E-05 0.15998
0.167806 0.202025 0.00422821 0.476441 9.9991E-05 0.1494
0.12588 0.0462372 0.155897 0.671786 9.9982E-05 9.9982E-05
0.0488273 0.048582 9.9991E-05 0.629172 0.116069 0.15725
9.9982E-05 0.0604021 0.0957545 0.69456 9.9982E-05 0.149083
9.9973E-05 9.9973E-05 9.9973E-05 0.387976 0.565606 0.0461183
9.9991E-05 0.0813414 0.348986 0.35114 0.159276 0.0591574
9.9982E-05 0.114566 0.373192 0.347688 9.9982E-05 0.164355
9.9982E-05 0.168368 0.0870909 0.236964 0.507377 9.9982E-05
9.9982E-05 9.9982E-05 0.150865 0.548588 0.248264 0.0520843
9.9973E-05 9.9973E-05 0.149483 0.609724 9.9973E-05 0.240492
9.9973E-05 0.110194 9.9973E-05 0.24185 9.9973E-05 0.647655
0.0635137 9.9973E-05 9.9973E-05 9.9973E-05 0.151308 0.784879
9.9964E-05 9.9964E-05 9.9964E-05 9.9964E-05 0.101244 0.898356
9.9973E-05 9.9973E-05 9.9973E-05 0.0102954 0.330743 0.658662
9.9982E-05 0.0394392 0.00310154 0.172052 9.9982E-05 0.785207
0.0447874 0.0715694 9.9991E-05 0.426352 0.303753 0.153438
9.9973E-05 0.10183 9.9973E-05 0.465388 9.9973E-05 0.432482
9.9982E-05 0.0548628 9.9982E-05 0.645078 0.253181 0.0466783
9.9982E-05 0.058178 9.9982E-05 0.573777 0.281694 0.0861515
9.9982E-05 0.0991509 0.199066 0.649266 9.9982E-05 0.0523175
0.396371 0.266422 9.9982E-05 0.247611 0.0893962 9.9982E-05
0.375422 0.475191 9.9982E-05 0.10961 0.0395774 9.9982E-05
9.9973E-05 0.899627 0.000432937 9.9973E-05 0.0996406 9.9973E-05
0.260113 0.548743 9.9982E-05 9.9982E-05 0.151574 0.0393699
0.367394 0.580226 9.9973E-05 9.9973E-05 0.05208 9.9973E-05
0.0708792 0.665174 9.9973E-05 9.9973E-05 9.9973E-05 0.263647
0.786517 9.9973E-05 9.9973E-05 9.9973E-05 0.0331267 0.180056
0.796835 0.0259466 0.0715437 0.0909385 9.9991E-05 0.0146365
0.779851 0.169741 0.0501072 9.9973E-05 9.9973E-05 9.9973E-05
0.634917 0.338865 9.9982E-05 0.0241935 9.9982E-05 0.00182392
0.556902 0.265791 0.00130371 0.175803 9.9982E-05 9.9982E-05
0.244085 0.656591 9.99731E-05 0.0990238 9.99731E-05 9.99731E-05
0.721945 0.152767 9.9973E-05 0.124988 9.9973E-05 9.9973E-05
0.57915 0.380628 9.9982E-05 0.0106319 0.0293897 9.9982E-05
0.754659 0.0207973 0.117242 0.107102 9.9982E-05 9.9982E-05
0.39686 0.40157 0.0573584 0.144012 9.9982E-05 9.9982E-05
0.898159 0.0168874 0.0642485 0.0205056 9.9982E-05 9.9982E-05
0.164186 0.674638 0.0329968 9.9982E-05 9.9982E-05 0.127979
0.120133 0.676406 9.9982E-05 0.181249 9.9982E-05 0.0220124
0.0662201 0.735083 9.9973E-05 9.9973E-05 9.9973E-05 0.198397
0.369962 0.546415 0.0777413 9.9982E-05 9.9982E-05 0.00568121
0.0223625 0.949392 0.027946 9.9973E-05 9.9973E-05 9.9973E-05
0.34099 0.649221 9.9973E-05 9.9973E-05 0.00948912 9.9973E-05
0.717592 0.159653 9.9973E-05 9.9973E-05 9.9973E-05 0.122455
0.128714 0.675827 9.9973E-05 9.9973E-05 9.9973E-05 0.195159
9.9991E-05 0.0252634 0.850774 0.0648194 0.0489186 0.0101246
9.9973E-05 0.0896368 0.0144299 9.9973E-05 0.895633 9.9973E-05
9.9973E-05 0.109332 0.171802 9.9973E-05 0.718565 9.9973E-05
9.9973E-05 0.0181983 0.838334 9.9973E-05 9.9973E-05 0.143168
9.9973E-05 9.9973E-05 0.51943 9.9973E-05 0.161052 0.319218
9.99641E-05 9.99641E-05 9.99641E-05 9.99641E-05 0.349188 0.650413
0.117333 9.9982E-05 0.458546 9.9982E-05 0.214568 0.209352
0.116157 9.9991E-05 0.280303 0.081203 0.339737 0.182499
9.9964E-05 9.9964E-05 0.801616 9.9964E-05 9.9964E-05 0.197985
9.9973E-05 9.9973E-05 0.531762 9.9973E-05 0.258707 0.20923
9.9982E-05 0.137976 0.830338 0.029606 9.9982E-05 0.00187985
9.9982E-05 0.0121661 0.636554 0.317661 9.9982E-05 0.0334192
0.0102013 9.9982E-05 0.686487 0.252906 9.9982E-05 0.0502057
9.9991E-05 0.0433972 0.643533 0.176748 0.00219958 0.134022
0.00837804 9.9973E-05 0.382935 9.9973E-05 9.9973E-05 0.608387
9.9973E-05 9.9973E-05 0.528589 0.228711 9.9973E-05 0.242401
9.9982E-05 0.0534998 0.807805 0.130349 9.9982E-05 0.00814659
9.9973E-05 0.035918 0.723766 0.240016 9.9973E-05 9.9973E-05
0.0354992 9.9982E-05 0.564349 0.249859 0.150092 9.9982E-05
9.9973E-05 9.9973E-05 0.340794 9.9973E-05 0.393118 0.265789
9.9973E-05 9.9973E-05 0.493255 9.9973E-05 0.431117 0.0753276
9.9982E-05 9.9982E-05 0.400056 0.0435424 0.529802 0.0264
9.9973E-05 9.9973E-05 0.4611 9.9973E-05 0.534732 0.00386826
0.0174867 9.9982E-05 0.689671 9.9982E-05 0.0641054 0.228537
9.9982E-05 9.9982E-05 0.835844 0.071457 0.0422734 0.0502262
9.9982E-05 9.9982E-05 0.621206 0.154699 0.0917804 0.132114
0.0153715 0.00750887 0.852973 9.9991E-05 0.0450697 0.0789774
0.012806 9.9973E-05 0.860116 9.9973E-05 9.9973E-05 0.126778
0.0123493 9.9982E-05 0.885288 0.0257689 0.0763943 9.9982E-05
9.9982E-05 0.00465242 0.825683 0.148616 0.0208492 9.9982E-05
9.9973E-05 9.9973E-05 0.833915 0.00845306 0.157332 9.9973E-05
9.9982E-05 9.9982E-05 0.420896 0.15335 0.260752 0.164802
9.9982E-05 0.0724508 0.484135 9.9982E-05 0.367168 0.0760469
9.9982E-05 9.9982E-05 0.655192 0.0538423 0.170379 0.120387
9.99731E-05 9.99731E-05 0.826272 9.99731E-05 0.0631585 0.110269
9.9973E-05 9.9973E-05 0.749856 9.9973E-05 0.191499 0.0583455
9.9973E-05 9.9973E-05 0.802462 0.000420937 0.196817 9.9973E-05
9.9973E-05 9.9973E-05 0.753013 9.9973E-05 0.152354 0.0943333
0.0371074 9.9982E-05 0.19347 0.0622141 0.707009 9.9982E-05
0.0153459 9.9982E-05 0.38521 9.9982E-05 0.586015 0.0132291
0.00741438 0.0318845 0.562787 9.9982E-05 0.397714 9.9982E-05
9.9964E-05 9.9964E-05 0.913577 9.9964E-05 0.0860234 9.9964E-05
0.0767349 0.00871016 0.825126 0.0304617 0.0588669 9.9991E-05
9.9982E-05 0.0379686 0.782033 0.0228076 0.156991 9.9982E-05
0.0204023 9.9982E-05 0.802399 9.9982E-05 0.147712 0.0292866
0.10325 0.139263 0.591139 0.0865334 0.0797141 9.9991E-05
0.111292 0.286616 0.586345 9.9982E-05 0.015547 9.9982E-05
9.9973E-05 9.9973E-05 0.668561 9.9973E-05 0.185679 0.145461
9.9973E-05 9.9973E-05 0.262698 9.9973E-05 0.674721 0.062282
0.0983987 9.9973E-05 0.484668 9.9973E-05 0.416634 9.9973E-05
9.9973E-05 0.0183709 0.353836 9.9973E-05 0.627493 9.9973E-05
9.9973E-05 9.9973E-05 0.0252447 9.9973E-05 0.907528 0.0669272
9.9982E-05 0.0115671 0.755753 9.9982E-05 0.159421 0.0730584
9.9973E-05 9.9973E-05 0.376404 0.0178888 0.605408 9.9973E-05
9.9973E-05 9.9973E-05 0.647498 0.0215252 0.330677 9.9973E-05
9.9982E-05 9.9982E-05 0.50932 0.0165423 0.310425 0.163512
0.00263879 9.9982E-05 0.444462 9.9982E-05 0.522175 0.0305244
0.684677 0.0899573 9.9982E-05 9.9982E-05 0.141865 0.0833002
0.539839 0.399765 9.9973E-05 9.9973E-05 0.0600962 9.9973E-05
0.602741 0.231056 9.9982E-05 9.9982E-05 0.0374777 0.128526
0.144152 0.680657 0.00601832 9.9991E-05 0.0824047 0.0866685
0.150418 0.693382 0.121483 9.9982E-05 9.9982E-05 0.0345172
0.177435 0.785033 9.9973E-05 9.9973E-05 9.9973E-05 0.0372321
0.580022 0.313093 0.0266831 0.0135333 0.0665687 9.9991E-05
0.844751 0.10617 0.0487799 9.9973E-05 9.9973E-05 9.9973E-05
0.754408 9.99731E-05 9.99731E-05 9.99731E-05 0.182489 0.0628028
0.210071 0.695878 0.0545781 9.9982E-05 9.9982E-05 0.0392727
9.99641E-05 0.951359 9.99641E-05 0.0482414 9.99641E-05 9.99641E-05
9.9964E-05 0.96553 9.9964E-05 0.0340699 9.9964E-05 9.9964E-05
9.9973E-05 0.951578 0.0332551 9.9973E-05 9.9973E-05 0.0148669
