0.0107258 0.186295 0.465364 0.0331061 9.9991E-05 0.304409
0.132803 0.404407 0.0386856 0.279827 9.9991E-05 0.144178
0.135724 0.145476 0.275569 0.0225033 9.9991E-05 0.420628
0.141064 0.151738 0.360976 9.9991E-05 0.0273534 0.318769
9.9964E-05 9.9964E-05 0.21038 9.9964E-05 9.9964E-05 0.78922
0.056403 0.0337488 0.453677 9.9982E-05 9.9982E-05 0.455971
0.0563703 0.0389932 9.9973E-05 0.904337 9.9973E-05 9.9973E-05
0.0376786 0.0497811 0.027985 0.583966 0.188445 0.112144
9.9982E-05 0.0499241 9.9982E-05 0.681369 0.266591 0.00191595
9.9973E-05 9.9973E-05 0.0467824 0.772391 0.180526 9.9973E-05
9.9973E-05 0.0385892 9.9973E-05 0.896517 0.0645938 9.9973E-05
9.9973E-05 9.9973E-05 0.0160772 0.898696 9.9973E-05 0.0849273
9.9964E-05 9.9964E-05 9.9964E-05 0.55594 0.44366 9.9964E-05
9.9973E-05 9.9973E-05 0.048057 0.571931 0.379712 9.9973E-05
0.058212 0.0157403 9.9991E-05 0.755831 0.155488 0.0146283
9.99731E-05 0.0388449 9.99731E-05 0.916798 0.0440568 9.99731E-05
0.216364 9.9973E-05 0.398354 9.9973E-05 9.9973E-05 0.384982
0.719368 9.9982E-05 0.135496 9.9982E-05 0.0675991 0.0773375
0.219734 9.9982E-05 0.673546 9.9982E-05 0.0579364 0.0485843
0.155927 9.9982E-05 0.541013 9.9982E-05 0.0724897 0.23037
0.551603 9.9982E-05 0.177621 9.9982E-05 0.0105327 0.260043
0.439238 9.9982E-05 0.503446 9.9982E-05 0.0403295 0.0167866
9.9982E-05 0.158817 0.566503 0.206504 9.9982E-05 0.0679764
9.9973E-05 0.175497 0.60722 9.9973E-05 9.9973E-05 0.216984
9.99641E-05 9.99641E-05 0.812394 9.99641E-05 9.99641E-05 0.187206
9.9973E-05 0.135321 0.708623 9.9973E-05 9.9973E-05 0.155756
0.0199611 9.9982E-05 0.478749 9.9982E-05 0.12066 0.38043
9.997E-05 9.997E-05 0.417448 9.997E-05 0.091703 0.490549
0.302332 0.30069 0.0250767 9.9991E-05 0.0331967 0.338604
0.476624 0.115895 0.0247686 0.0229709 0.0570776 0.302664
0.695966 9.9982E-05 0.0587323 0.137549 9.9982E-05 0.107553
0.395995 9.9991E-05 0.0319018 0.073203 0.021368 0.477432
0.349998 9.9973E-05 0.283186 9.9973E-05 9.9973E-05 0.366515
9.9973E-05 0.0871851 0.861466 0.0510488 9.9973E-05 9.9973E-05
9.9973E-05 0.137039 0.62748 0.235181 9.9973E-05 9.9973E-05
0.1666 9.9991E-05 0.48812 0.0520949 0.0109671 0.282118
0.150422 9.999E-05 0.377554 0.204181 0.21525 0.0524929
9.998E-05 9.998E-05 0.66647 0.124034 0.0330524 0.176243
0.160482 0.156878 0.606895 0.0227486 0.0528967 9.9991E-05
0.163624 9.9991E-05 0.660367 0.00376719 0.056227 0.115915
0.0648963 0.577776 0.357028 9.9973E-05 9.9973E-05 9.9973E-05
0.0770086 0.178965 0.266064 9.9991E-05 0.074931 0.402932
0.209648 9.998E-05 0.264753 9.998E-05 0.124918 0.400481
9.9982E-05 0.453345 0.218043 9.9982E-05 0.175194 0.153218
0.0740896 0.11153 0.475225 9.9982E-05 9.9982E-05 0.338955
0.201781 9.9973E-05 0.607962 9.9973E-05 9.9973E-05 0.189957
0.695202 9.9973E-05 0.199909 9.9973E-05 0.104589 9.9973E-05
0.783722 0.173318 9.9973E-05 0.0426602 9.9973E-05 9.9973E-05
0.868567 0.131033 9.9964E-05 9.9964E-05 9.9964E-05 9.9964E-05
0.578072 0.398983 0.0226453 9.9973E-05 9.9973E-05 9.9973E-05
0.776856 9.9982E-05 0.156704 9.9982E-05 0.0336078 0.0326318
0.194733 0.360909 0.330796 9.9982E-05 0.113361 9.9982E-05
0.451665 0.0405093 0.366938 9.9991E-05 0.111142 0.0296456
0.135956 0.245801 0.542072 9.9982E-05 0.0759706 9.9982E-05
0.122989 0.324736 0.481271 9.9982E-05 0.070805 9.9982E-05
0.10824 9.9982E-05 0.571878 9.9982E-05 0.0991497 0.220532
9.9982E-05 0.13631 0.173427 0.373843 0.316221 9.9982E-05
9.9973E-05 9.9973E-05 0.19717 0.349561 0.452969 9.9973E-05
9.9982E-05 0.0718527 9.9982E-05 0.0417488 0.873962 0.0122367
0.0289098 0.129823 9.998E-05 0.330871 0.510197 9.998E-05
9.9982E-05 0.00148066 9.9982E-05 0.426728 0.556494 0.0150973
0.206829 0.0484068 9.9982E-05 0.126315 0.61825 9.9982E-05
0.16787 0.0729891 9.9973E-05 0.758841 9.9973E-05 9.9973E-05
0.0681893 9.9991E-05 0.10096 0.78264 0.00519099 0.0429198
9.9973E-05 9.9973E-05 9.9973E-05 0.786537 0.166727 0.0464358
9.9973E-05 9.9973E-05 0.0171583 0.607862 0.37468 9.9973E-05
9.9982E-05 9.9982E-05 0.179803 0.52747 0.28492 0.00760741
9.99731E-05 9.99731E-05 0.12091 0.232884 0.645906 9.99731E-05
9.9973E-05 9.9973E-05 0.131193 0.694804 0.173703 9.9973E-05
9.9973E-05 9.9973E-05 0.042863 0.54172 0.415117 9.9973E-05
9.9991E-05 0.0498603 0.120734 0.761417 0.0420333 0.0258552
9.9982E-05 9.9982E-05 0.0801823 0.380312 0.46357 0.0757362
9.9982E-05 9.9982E-05 0.0050848 0.900376 0.0245476 0.0697915
0.112853 9.9982E-05 9.9982E-05 0.178883 0.657534 0.0505297
0.0762279 9.9982E-05 0.0982441 0.0766261 0.748702 9.9982E-05
0.148254 9.9982E-05 0.0176428 0.1008 0.733104 9.9982E-05
9.9973E-05 9.9973E-05 9.9973E-05 0.371369 0.521145 0.107187
0.035083 9.9964E-05 9.9964E-05 9.9964E-05 0.964517 9.9964E-05
9.9973E-05 0.018304 9.9973E-05 0.370949 0.610447 9.9973E-05
0.107474 9.9973E-05 9.9973E-05 0.719276 0.17295 9.9973E-05
0.149542 9.9991E-05 0.00923698 0.151954 0.668581 0.0205858
0.0212691 0.0275267 0.0402447 9.9991E-05 0.0194174 0.891442
9.9973E-05 0.785944 9.9973E-05 9.9973E-05 0.079162 0.134595
9.9973E-05 0.6831 9.9973E-05 9.9973E-05 0.107856 0.208744
0.168252 9.9973E-05 9.9973E-05 9.9973E-05 0.0281814 0.803267
0.249799 0.138563 9.9973E-05 9.9973E-05 9.9973E-05 0.611338
0.556554 0.426652 9.99731E-05 0.016494 9.99731E-05 9.99731E-05
0.196962 0.221885 9.99821E-05 0.13157 9.99821E-05 0.449382
0.175294 0.306618 0.0549029 0.12259 9.9991E-05 0.340495
0.211726 0.0144288 9.9982E-05 0.00767595 9.9982E-05 0.765969
0.14746 0.348706 9.9973E-05 9.9973E-05 9.9973E-05 0.503535
9.9982E-05 9.9982E-05 0.00601339 0.0520526 0.0766834 0.865051
0.0355066 9.998E-05 0.220133 9.998E-05 0.0742466 0.669914
0.0296349 9.9982E-05 0.276737 0.0199137 9.9982E-05 0.673514
0.125847 9.9991E-05 0.185896 0.0347203 0.012063 0.641374
0.554982 9.9973E-05 9.9973E-05 0.0494305 9.9973E-05 0.395288
0.220525 9.997E-05 0.205905 9.997E-05 9.997E-05 0.57327
9.9982E-05 9.9982E-05 0.07719 0.0148738 0.0815285 0.826208
0.0158314 9.998E-05 0.168829 9.998E-05 0.0737259 0.741413
9.9982E-05 0.117491 0.23162 0.0445724 9.9982E-05 0.606117
0.183389 0.438358 9.9973E-05 9.9973E-05 9.9973E-05 0.377953
0.0376646 0.370239 0.0168224 9.9982E-05 9.9982E-05 0.575074
0.0108582 0.585727 0.0519157 9.9991E-05 0.0184296 0.332969
9.996E-05 0.530145 9.996E-05 9.996E-05 9.996E-05 0.469455
0.158967 0.0437779 9.9982E-05 0.0369346 9.9982E-05 0.760121
0.0633507 0.00472407 0.0778527 9.9982E-05 9.9982E-05 0.853873
0.0639225 0.105368 0.166872 9.9982E-05 9.9982E-05 0.663638
0.105098 0.0318104 9.9973E-05 9.9973E-05 9.9973E-05 0.862792
0.0743528 0.0269243 9.9991E-05 0.0277903 0.0126718 0.858161
9.9982E-05 0.0753718 0.00749889 0.016755 9.9982E-05 0.900174
9.9973E-05 0.048317 0.0872185 9.9973E-05 9.9973E-05 0.864165
9.9964E-05 0.19023 9.9964E-05 9.9964E-05 9.9964E-05 0.80937
0.144062 0.249483 0.0983161 9.9982E-05 9.9982E-05 0.507939
0.0964217 0.301722 9.9982E-05 9.9982E-05 0.0510973 0.550559
0.121635 0.185702 0.038891 0.001676 9.9991E-05 0.651996
0.0953552 0.0600586 9.99731E-05 9.99731E-05 9.99731E-05 0.844286
0.0505239 0.183504 9.9973E-05 9.9973E-05 9.9973E-05 0.765672
0.000806274 0.203671 0.0218918 9.9991E-05 0.000510163 0.773021
0.0626247 0.18736 9.9973E-05 9.9973E-05 9.9973E-05 0.749716
9.9982E-05 0.675149 0.0559458 0.030174 9.9982E-05 0.238531
9.9973E-05 0.60449 9.9973E-05 0.00321463 9.9973E-05 0.391995
9.9982E-05 0.432428 9.9982E-05 0.0160739 0.0113403 0.539958
9.9964E-05 0.0634387 9.9964E-05 9.9964E-05 9.9964E-05 0.936161
9.9991E-05 0.128238 0.0196505 0.0313856 0.0587189 0.761907
9.9991E-05 0.168054 0.0777654 0.0293197 0.0011523 0.723609
0.00237481 0.143847 9.9982E-05 0.0575813 9.9982E-05 0.795997
9.9991E-05 0.0123802 0.139017 0.11911 0.1086 0.620791
9.9982E-05 0.0169491 9.9982E-05 0.136569 0.233755 0.612528
0.0789089 0.217236 9.997E-05 9.997E-05 9.997E-05 0.703555
0.0121088 0.690332 9.9973E-05 9.9973E-05 9.9973E-05 0.29726
9.997E-05 0.418056 9.997E-05 0.0717306 9.997E-05 0.509914
9.9982E-05 0.539041 0.0653928 0.017733 9.9982E-05 0.377633
0.0558455 0.897106 0.0164463 9.9982E-05 9.9982E-05 0.0304022
0.05519 0.195021 9.9973E-05 9.9973E-05 9.9973E-05 0.749489
9.9973E-05 0.655029 0.0210159 9.9973E-05 9.9973E-05 0.323655
9.9973E-05 0.306171 0.00561219 9.9973E-05 9.9973E-05 0.687917
0.121063 0.367507 0.0417675 9.9982E-05 9.9982E-05 0.469462
9.9973E-05 0.502797 9.9973E-05 0.0202104 9.9973E-05 0.476693
0.0686718 0.178116 9.9982E-05 0.663063 0.0899496 9.9982E-05
0.0205087 9.9982E-05 9.9982E-05 0.572616 0.388742 0.017933
0.126967 0.0373614 9.9982E-05 0.540425 0.295047 9.9982E-05
0.0721808 0.117721 9.9982E-05 0.158456 0.651442 9.9982E-05
0.00408955 0.0571126 9.9991E-05 0.12961 0.724886 0.084202
0.0276645 9.9982E-05 9.9982E-05 0.212921 0.749672 0.00954298
9.9973E-05 0.0866287 9.9973E-05 0.526363 0.386708 9.9973E-05
9.9973E-05 9.9973E-05 9.9973E-05 0.832526 0.133241 0.0339333
9.99641E-05 0.223295 9.99641E-05 0.776305 9.99641E-05 9.99641E-05
9.9973E-05 9.9973E-05 9.9973E-05 0.276899 0.626206 0.0965951
9.99641E-05 9.99641E-05 0.0314723 9.99641E-05 0.968128 9.99641E-05
9.99641E-05 9.99641E-05 0.0604561 9.99641E-05 0.939144 9.99641E-05
0.0301083 9.9982E-05 0.0166198 9.9982E-05 0.924899 0.0281727
