0.441852 0.280937 9.99549E-05 9.99549E-05 9.99549E-05 0.235322 9.99549E-05 9.99549E-05 0.0413899
0.255093 0.237886 9.9964E-05 0.15624 9.9964E-05 0.100215 9.9964E-05 0.250166 9.9964E-05
0.242261 0.237098 9.9982E-05 0.0125334 0.103828 0.256823 0.0378787 0.109379 9.9982E-05
0.125232 0.0142517 0.025158 0.0313317 0.242984 0.530339 9.9982E-05 9.9982E-05 0.0305039
0.0548378 0.456175 9.9964E-05 9.9964E-05 0.193783 0.103705 0.1911 9.9964E-05 9.9964E-05
0.246869 0.0390147 9.9964E-05 9.9964E-05 0.262766 0.430769 0.0201812 9.9964E-05 9.9964E-05
9.9955E-05 9.9955E-05 9.9955E-05 0.0976428 9.9955E-05 0.0268536 9.9955E-05 0.253326 0.621678
9.9964E-05 0.0928522 9.9964E-05 0.0231797 9.9964E-05 9.9964E-05 0.213669 0.152561 0.517339
9.9955E-05 9.9955E-05 9.9955E-05 0.0367249 0.0653175 9.9955E-05 9.9955E-05 0.104505 0.792953
9.9955E-05 9.9955E-05 9.9955E-05 0.00856848 9.9955E-05 0.0812452 9.9955E-05 0.0428702 0.866816
9.99549E-05 9.99549E-05 9.99549E-05 0.0243203 9.99549E-05 0.0149149 9.99549E-05 0.32586 0.634405
9.99549E-05 0.000779201 9.99549E-05 9.99549E-05 9.99549E-05 9.99549E-05 0.0810825 0.615749 0.301889
9.9973E-05 0.0142404 0.132896 9.9973E-05 0.00665974 9.9973E-05 0.00625917 0.110288 0.729357
9.99461E-05 9.99461E-05 9.99461E-05 9.99461E-05 0.00209697 9.99461E-05 0.113846 9.99461E-05 0.883457
9.995E-05 9.995E-05 9.995E-05 0.0434242 9.995E-05 0.0763063 9.995E-05 0.206404 0.673366
9.99551E-05 9.99551E-05 9.99551E-05 0.0427642 9.99551E-05 9.99551E-05 0.0254024 0.460264 0.47107
0.00646553 0.193587 9.9973E-05 0.0161067 0.0874119 9.9973E-05 0.621295 0.0748346 9.9973E-05
9.9964E-05 9.9964E-05 0.0254642 0.363089 9.9964E-05 0.222182 0.299591 0.0892732 9.9964E-05
0.287442 9.9973E-05 0.0173222 0.11613 0.157636 9.9973E-05 0.408932 0.0122371 9.9973E-05
9.9955E-05 9.9955E-05 9.9955E-05 9.9955E-05 0.20618 0.199641 0.585479 9.9955E-05 0.00820048
9.99639E-05 0.0313552 9.99639E-05 0.253868 9.99639E-05 0.347554 0.307012 9.99639E-05 0.0598104
9.99549E-05 9.99549E-05 9.99549E-05 0.0920262 9.99549E-05 0.398093 0.470919 9.99549E-05 0.0384628
0.424895 0.125655 9.9964E-05 9.9964E-05 0.020184 9.9964E-05 0.254649 0.174218 9.9964E-05
0.634004 0.258883 0.0387734 9.9955E-05 9.9955E-05 9.9955E-05 0.0678397 9.9955E-05 9.9955E-05
0.513044 9.9946E-05 9.9946E-05 9.9946E-05 0.114907 9.9946E-05 0.37145 9.9946E-05 9.9946E-05
0.238789 0.0311492 9.9955E-05 9.9955E-05 9.9955E-05 0.474913 0.25465 9.9955E-05 9.9955E-05
9.9946E-05 0.177588 9.9946E-05 9.9946E-05 0.00422573 9.9946E-05 0.817587 9.9946E-05 9.9946E-05
0.0843482 0.194748 9.9973E-05 9.9973E-05 0.163985 0.0421616 0.452885 9.9973E-05 0.0615729
9.996E-05 0.495111 9.996E-05 0.0884137 9.996E-05 0.293302 0.0016409 9.996E-05 0.121132
9.9964E-05 0.260487 9.9964E-05 0.26551 9.9964E-05 0.273907 0.0507361 9.9964E-05 0.14896
9.9946E-05 9.9946E-05 9.9946E-05 0.0623986 9.9946E-05 0.63865 9.9946E-05 0.298352 9.9946E-05
9.99639E-05 0.0532695 9.99639E-05 9.99639E-05 0.14591 0.514022 0.0961441 0.190255 9.99639E-05
9.99549E-05 9.99549E-05 9.99549E-05 9.99549E-05 0.0551051 0.750361 0.115565 0.0784698 9.99549E-05
0.842875 9.99549E-05 9.99549E-05 9.99549E-05 9.99549E-05 0.0229929 0.0827772 9.99549E-05 0.050855
0.782657 9.99459E-05 9.99459E-05 9.99459E-05 9.99459E-05 9.99459E-05 0.00823794 0.208505 9.99459E-05
0.137621 0.0747419 9.9973E-05 9.9973E-05 0.0815631 0.202999 0.402083 0.100693 9.9973E-05
0.421356 9.9982E-05 0.229711 0.0356977 0.0943108 0.0356831 0.0217388 0.161302 9.9982E-05
0.411514 9.9964E-05 0.0182492 9.9964E-05 0.171839 9.9964E-05 0.362485 0.0355122 9.9964E-05
0.594011 9.9964E-05 0.0653066 0.172399 9.9964E-05 0.0896942 0.0781902 9.9964E-05 9.9964E-05
0.205881 9.9973E-05 9.9973E-05 0.0238028 0.0936106 0.129723 0.543979 9.9973E-05 0.00270372
0.343205 0.107542 9.9955E-05 0.101774 9.9955E-05 0.446979 9.9955E-05 9.9955E-05 9.9955E-05
0.132119 0.192534 0.11506 9.9973E-05 0.253975 0.301877 9.9973E-05 0.00413402 9.9973E-05
0.144772 9.9964E-05 0.144738 0.05278 0.30605 0.351261 9.9964E-05 9.9964E-05 9.9964E-05
0.357537 0.331144 0.0881211 9.9964E-05 0.179081 9.9964E-05 9.9964E-05 9.9964E-05 0.0437163
0.0768675 0.0784331 9.9955E-05 9.9955E-05 9.9955E-05 0.819115 9.9955E-05 9.9955E-05 0.0250841
0.19484 9.9946E-05 0.0121453 9.9946E-05 9.9946E-05 0.792415 9.9946E-05 9.9946E-05 9.9946E-05
9.9955E-05 9.9955E-05 0.035929 0.432447 9.9955E-05 9.9955E-05 0.500074 0.0310496 9.9955E-05
9.99459E-05 9.99459E-05 9.99459E-05 0.640256 9.99459E-05 9.99459E-05 0.197663 0.161481 9.99459E-05
9.9946E-05 9.9946E-05 9.9946E-05 0.876097 9.9946E-05 9.9946E-05 0.0587877 0.0645156 9.9946E-05
0.1511 0.0376495 9.99549E-05 0.794604 9.99549E-05 9.99549E-05 0.0161464 9.99549E-05 9.99549E-05
9.99549E-05 9.99549E-05 9.99549E-05 0.550105 9.99549E-05 0.152176 0.237839 9.99549E-05 0.05938
0.295238 0.174542 9.9964E-05 0.191977 9.9964E-05 9.9964E-05 0.220535 9.9964E-05 0.117308
0.0748782 9.9964E-05 0.0450968 0.284935 9.9964E-05 0.10527 0.48942 9.9964E-05 9.9964E-05
0.37676 0.05125 9.9964E-05 0.108021 9.9964E-05 0.0933504 0.370218 9.9964E-05 9.9964E-05
0.341517 0.0750932 9.99729E-05 0.0873745 9.99729E-05 0.0956897 0.339614 9.99729E-05 0.0604117
0.0559349 0.0355029 0.0401902 9.9964E-05 9.9964E-05 0.432294 0.435678 9.9964E-05 9.9964E-05
0.343776 9.9955E-05 0.132706 9.9955E-05 0.000336259 9.9955E-05 9.9955E-05 9.9955E-05 0.522683
0.146186 0.0491548 0.263985 9.9955E-05 9.9955E-05 9.9955E-05 9.9955E-05 9.9955E-05 0.540175
0.0162903 0.0625994 0.910671 9.9955E-05 9.9955E-05 9.9955E-05 0.00993929 9.9955E-05 9.9955E-05
9.9964E-05 9.9964E-05 0.469846 9.9964E-05 9.9964E-05 0.126122 0.0298901 0.185914 0.187827
9.9955E-05 9.9955E-05 0.611598 9.9955E-05 0.0253316 9.9955E-05 9.9955E-05 0.297967 0.0646034
9.996E-05 0.00225325 0.675608 0.09369 9.996E-05 0.0895278 9.996E-05 0.138521 9.996E-05
9.99459E-05 9.99459E-05 9.99459E-05 0.180951 9.99459E-05 9.99459E-05 9.99459E-05 0.777411 0.0410389
9.99459E-05 9.99459E-05 0.0877695 9.99459E-05 9.99459E-05 9.99459E-05 0.140701 0.77093 9.99459E-05
9.99549E-05 9.99549E-05 0.034324 9.99549E-05 0.128777 9.99549E-05 9.99549E-05 0.264361 0.572038
0.0460826 9.9946E-05 0.0605199 9.9946E-05 9.9946E-05 9.9946E-05 9.9946E-05 9.9946E-05 0.892798
0.119773 9.9973E-05 0.0823502 9.9973E-05 0.0250019 9.9973E-05 0.0753609 0.169639 0.527575
0.138858 9.99461E-05 0.412632 9.99461E-05 9.99461E-05 9.99461E-05 9.99461E-05 9.99461E-05 0.44791
0.139303 9.9955E-05 0.179152 9.9955E-05 9.9955E-05 9.9955E-05 9.9955E-05 0.424871 0.256174
0.00341952 9.9964E-05 0.241829 9.9964E-05 9.9964E-05 9.9964E-05 0.131675 0.301274 0.321403
0.0678149 9.9964E-05 0.133998 9.9964E-05 9.9964E-05 9.9964E-05 0.0733659 0.662845 0.0615765
0.022807 9.9973E-05 0.297399 9.9973E-05 0.050358 9.9973E-05 0.110335 0.166957 0.351844
9.995E-05 9.995E-05 0.0750054 9.995E-05 9.995E-05 9.995E-05 0.090877 0.717502 0.116116
9.9955E-05 9.9955E-05 0.601493 9.9955E-05 9.9955E-05 9.9955E-05 0.156336 0.199249 0.0424223
0.0407439 9.9964E-05 0.540325 9.9964E-05 9.9964E-05 0.0289034 0.179566 9.9964E-05 0.210062
9.9964E-05 9.9964E-05 0.742954 0.106979 9.9964E-05 9.9964E-05 0.0214224 0.090325 0.0379199
9.9964E-05 9.9964E-05 0.522027 9.9964E-05 0.138922 9.9964E-05 0.0017266 0.268724 0.0682013
9.9937E-05 9.9937E-05 0.939614 9.9937E-05 0.0596863 9.9937E-05 9.9937E-05 9.9937E-05 9.9937E-05
0.0641302 9.9955E-05 0.508454 9.9955E-05 9.9955E-05 9.9955E-05 9.9955E-05 0.0265365 0.40038
9.996E-05 9.996E-05 0.167064 0.0400363 9.996E-05 9.996E-05 0.0639984 0.521286 0.207216
9.9955E-05 9.9955E-05 0.692061 0.0733331 9.9955E-05 0.142951 9.9955E-05 9.9955E-05 0.0911549
9.99551E-05 0.713818 0.0575604 9.99551E-05 9.99551E-05 0.00427292 0.223849 9.99551E-05 9.99551E-05
0.21047 0.660179 0.00290384 0.118859 9.9973E-05 0.00631057 9.9973E-05 0.00097784 9.9973E-05
0.174668 0.683895 0.0437821 9.99551E-05 9.99551E-05 9.99551E-05 9.99551E-05 0.0971545 9.99551E-05
9.996E-05 0.506173 9.996E-05 0.0297125 0.311189 9.996E-05 0.0913122 9.996E-05 0.0612137
9.99639E-05 0.521788 9.99639E-05 0.244848 0.0864386 9.99639E-05 0.0364196 9.99639E-05 0.110106
9.99461E-05 0.11131 9.99461E-05 0.810653 9.99461E-05 9.99461E-05 9.99461E-05 0.0774376 9.99461E-05
0.0163241 0.0822167 9.9982E-05 0.245067 0.519841 0.0857548 9.9982E-05 0.0449689 0.00562798
0.135625 0.0215457 9.9973E-05 0.269533 0.469665 0.0623676 9.9973E-05 9.9973E-05 0.0409647
9.9955E-05 0.183565 9.9955E-05 0.0976816 0.548075 0.170178 9.9955E-05 9.9955E-05 9.9955E-05
0.0246803 0.261082 9.9964E-05 0.239483 0.459221 9.9964E-05 9.9964E-05 0.0151338 9.9964E-05
9.99551E-05 0.0172466 9.99551E-05 0.00169553 0.97392 9.99551E-05 9.99551E-05 9.99551E-05 0.00663785
9.9946E-05 9.9946E-05 9.9946E-05 9.9946E-05 0.848432 0.127342 0.023627 9.9946E-05 9.9946E-05
9.99639E-05 0.0966545 9.99639E-05 9.99639E-05 0.583438 0.251469 0.0197274 9.99639E-05 0.0483105
0.0505263 9.9973E-05 9.9973E-05 0.0650049 0.824531 0.0353047 0.0130998 0.011233 9.9973E-05
9.99549E-05 9.99549E-05 9.99549E-05 0.356977 0.419007 0.21577 9.99549E-05 9.99549E-05 0.00774576
0.0284206 9.9955E-05 9.9955E-05 0.0703472 0.585038 0.315694 9.9955E-05 9.9955E-05 9.9955E-05
0.0113315 0.10651 9.9955E-05 9.9955E-05 0.856562 9.9955E-05 9.9955E-05 9.9955E-05 0.025097
0.0488989 9.9946E-05 9.9946E-05 9.9946E-05 0.89517 9.9946E-05 0.0553313 9.9946E-05 9.9946E-05
0.103627 0.223841 9.996E-05 9.996E-05 0.526969 0.110699 9.996E-05 9.996E-05 0.0344636
0.0754173 0.533037 9.9973E-05 0.238817 0.0519438 9.9973E-05 0.0405165 9.9973E-05 0.0599684
0.0036148 0.667316 9.9955E-05 0.0105697 9.9955E-05 0.317999 9.9955E-05 9.9955E-05 9.9955E-05
0.183019 0.696951 9.9946E-05 0.119431 9.9946E-05 9.9946E-05 9.9946E-05 9.9946E-05 9.9946E-05
0.0911762 0.805208 9.9964E-05 0.0718846 9.9964E-05 9.9964E-05 0.0109501 0.0203814 9.9964E-05
9.9964E-05 0.625771 0.0061075 0.181947 0.13619 9.9964E-05 9.9964E-05 9.9964E-05 0.0495842
9.9964E-05 0.673517 9.9964E-05 9.9964E-05 0.0365968 0.059972 0.227727 9.9964E-05 0.00178661
0.0243321 0.628334 9.9964E-05 0.0200577 0.0183667 9.9964E-05 0.30851 9.9964E-05 9.9964E-05
9.9955E-05 0.743066 9.9955E-05 9.9955E-05 0.0754589 9.9955E-05 0.166698 9.9955E-05 0.0142779
9.9964E-05 0.593255 0.0371064 9.9964E-05 0.285021 0.01913 0.0650871 9.9964E-05 9.9964E-05
9.99549E-05 0.606173 9.99549E-05 9.99549E-05 0.270312 0.0575629 0.065452 9.99549E-05 9.99549E-05
0.00828046 0.666885 0.0138169 9.9973E-05 0.124484 0.0937544 0.092479 9.9973E-05 9.9973E-05
0.02571 0.775008 9.9955E-05 9.9955E-05 0.154166 9.9955E-05 0.0446163 9.9955E-05 9.9955E-05
9.99459E-05 0.470688 9.99459E-05 0.0352506 9.99459E-05 0.493462 9.99459E-05 9.99459E-05 9.99459E-05
9.9964E-05 0.577311 0.0282986 0.0907967 0.161678 9.9964E-05 0.141516 9.9964E-05 9.9964E-05
0.0227513 0.554145 9.9982E-05 0.00521636 0.134105 0.21566 0.0548008 0.0131218 9.9982E-05
0.019655 0.614697 9.99641E-05 0.0416194 0.263278 9.99641E-05 0.0603511 9.99641E-05 9.99641E-05
9.9964E-05 0.725183 9.9964E-05 0.0105611 0.0371349 0.186729 9.9964E-05 9.9964E-05 0.0399928
9.9955E-05 0.76018 0.00550144 9.9955E-05 0.126135 9.9955E-05 0.107684 9.9955E-05 9.9955E-05
9.99549E-05 0.577502 9.99549E-05 0.0840443 0.308378 0.0295755 9.99549E-05 9.99549E-05 9.99549E-05
0.375155 0.576675 9.9955E-05 0.00176237 9.9955E-05 9.9955E-05 9.9955E-05 0.0459076 9.9955E-05
0.205086 0.670675 9.9964E-05 0.0249483 0.00158426 9.9964E-05 9.9964E-05 0.0973062 9.9964E-05
0.0783474 0.705918 9.9964E-05 9.9964E-05 0.113914 9.9964E-05 0.0215264 0.0798934 9.9964E-05
9.9964E-05 0.686706 0.00960909 9.9964E-05 0.197339 0.0953289 0.0106172 9.9964E-05 9.9964E-05
9.9973E-05 0.512367 0.00119258 9.9973E-05 0.290888 0.0114744 0.164164 0.019614 9.9973E-05
0.15933 0.553947 9.9946E-05 9.9946E-05 0.286124 9.9946E-05 9.9946E-05 9.9946E-05 9.9946E-05
9.99549E-05 0.708685 9.99549E-05 9.99549E-05 0.167729 9.99549E-05 0.108717 0.0143689 9.99549E-05
0.0173023 0.450147 0.0989856 9.9973E-05 0.155364 9.9973E-05 0.133695 9.9973E-05 0.144206
9.99639E-05 0.460018 0.285185 9.99639E-05 0.116788 9.99639E-05 0.0740724 0.0635363 9.99639E-05
9.9964E-05 0.786955 9.9964E-05 0.064734 0.0890849 9.9964E-05 0.0143074 0.0445191 9.9964E-05
0.167647 0.64167 9.99549E-05 0.184986 0.00519665 9.99549E-05 9.99549E-05 9.99549E-05 9.99549E-05
0.268559 0.656362 9.9955E-05 9.9955E-05 0.00178433 9.9955E-05 9.9955E-05 0.0727952 9.9955E-05
0.249988 0.718302 9.9955E-05 9.9955E-05 0.0202505 9.9955E-05 9.9955E-05 9.9955E-05 0.0109596
0.208198 0.597495 9.9946E-05 0.193707 9.9946E-05 9.9946E-05 9.9946E-05 9.9946E-05 9.9946E-05
9.9964E-05 0.825516 0.0504313 0.0351341 0.0101499 0.078369 9.9964E-05 9.9964E-05 9.9964E-05
0.162239 0.685635 9.9955E-05 0.110009 9.9955E-05 0.0416167 9.9955E-05 9.9955E-05 9.9955E-05
0.00629901 0.751246 9.9964E-05 9.9964E-05 0.054241 0.149423 9.9964E-05 9.9964E-05 0.0383914
0.0501486 0.559872 9.99639E-05 0.0894666 0.025009 0.275104 9.99639E-05 9.99639E-05 9.99639E-05
9.9946E-05 0.84345 9.9946E-05 0.0162088 9.9946E-05 9.9946E-05 9.9946E-05 0.139742 9.9946E-05
9.9955E-05 0.0665196 0.108939 0.0320351 9.9955E-05 9.9955E-05 9.9955E-05 0.792007 9.9955E-05
0.0262775 9.9964E-05 0.382482 9.9964E-05 0.0298571 9.9964E-05 9.9964E-05 0.358535 0.202448
9.99549E-05 9.99549E-05 0.323978 0.144876 9.99549E-05 9.99549E-05 9.99549E-05 0.351568 0.179079
9.99639E-05 9.99639E-05 0.608348 0.101601 9.99639E-05 0.113254 9.99639E-05 0.0881749 0.0882215
9.996E-05 0.086969 0.678776 9.996E-05 0.0277565 9.996E-05 9.996E-05 0.11357 0.0925284
9.9955E-05 9.9955E-05 0.819966 9.9955E-05 9.9955E-05 0.0590868 9.9955E-05 0.0793084 0.0411388
0.0431332 0.0071972 0.359789 9.9964E-05 9.9964E-05 9.9964E-05 9.9964E-05 0.447155 0.142326
9.9955E-05 9.9955E-05 0.207577 9.9955E-05 0.0180208 9.9955E-05 9.9955E-05 0.682088 0.0918151
9.99372E-05 9.99372E-05 9.99372E-05 0.0787035 9.99372E-05 9.99372E-05 9.99372E-05 0.920597 9.99372E-05
9.9964E-05 0.105603 0.710345 0.00180945 9.9964E-05 9.9964E-05 9.9964E-05 0.168927 0.0129157
9.99461E-05 9.99461E-05 0.771637 9.99461E-05 9.99461E-05 9.99461E-05 0.0958048 9.99461E-05 0.131958
0.0510319 9.99461E-05 0.946328 9.99461E-05 9.99461E-05 9.99461E-05 0.00204083 9.99461E-05 9.99461E-05
9.99551E-05 9.99551E-05 0.779859 9.99551E-05 0.020102 9.99551E-05 0.104788 9.99551E-05 0.0947516
