0.161183 0.424519 9.9991E-05 0.414199
0.54052 0.112764 9.9991E-05 0.346616
0.2026 0.365565 9.9991E-05 0.431736
0.113257 0.467193 0.0281357 0.391414
9.999E-05 0.206532 0.0662344 0.727134
0.00733975 0.570422 9.9991E-05 0.422138
0.519592 9.9982E-05 0.480208 9.9982E-05
0.309704 0.0500492 0.544765 0.0954819
0.353386 9.9982E-05 0.646414 9.9982E-05
0.36209 9.9982E-05 0.63771 9.9982E-05
0.468346 9.9982E-05 0.531454 9.9982E-05
0.470927 9.9982E-05 0.528873 9.9982E-05
0.203581 9.9982E-05 0.796219 9.9982E-05
0.210487 9.9982E-05 0.789313 9.9982E-05
0.435014 9.9982E-05 0.564786 9.9982E-05
0.515471 9.9982E-05 0.484329 9.9982E-05
0.104891 0.5628 0.0270382 0.30527
0.390338 0.559669 0.0394441 0.0105489
0.135223 0.797031 0.0676466 9.9991E-05
9.9991E-05 0.759276 0.0993981 0.141226
0.233687 0.569469 0.0130028 0.183841
0.173829 0.811356 0.0147153 9.9991E-05
0.236955 0.541252 0.0286672 0.193126
0.00406398 0.585297 0.0721269 0.338513
9.9991E-05 0.786106 0.0746989 0.139095
0.0110246 0.815228 9.9991E-05 0.173648
9.9991E-05 0.611835 0.14246 0.245604
9.9991E-05 0.484491 0.134855 0.380554
0.261626 0.174528 0.0270113 0.536835
0.297258 0.274622 0.0490378 0.379083
0.54011 0.45969 9.9982E-05 9.9982E-05
0.232823 0.351101 0.0692623 0.346814
0.151365 0.527896 9.9991E-05 0.320639
0.106266 0.865704 0.0279307 9.9991E-05
0.380274 0.619526 9.9982E-05 9.9982E-05
0.0942175 0.645005 0.0463801 0.214398
0.18287 0.503648 0.30345 0.0100319
0.081072 0.746019 0.117551 0.0553577
0.249772 0.690934 0.0315243 0.02777
0.0517301 0.825177 0.0601844 0.0629082
0.246865 0.423083 9.9991E-05 0.329952
0.0394172 0.392247 0.0814491 0.486887
0.0508489 0.490355 0.134662 0.324134
0.0662072 0.211316 0.155043 0.567434
0.085524 0.558318 9.9991E-05 0.356058
0.083944 0.757218 9.9991E-05 0.158738
0.35765 0.557791 0.0844588 9.9991E-05
0.621246 0.308155 0.00194457 0.068654
0.734517 0.173499 9.9991E-05 0.0918839
0.544836 0.185371 9.9991E-05 0.269692
0.452705 0.547095 9.9982E-05 9.9982E-05
0.288989 0.525808 0.0372178 0.147985
0.227502 0.734407 0.0379915 9.9991E-05
0.159163 0.825903 9.9991E-05 0.014834
0.203732 0.724341 0.0164475 0.0554791
9.9991E-05 0.817729 0.0541315 0.12804
0.255872 0.190607 0.531429 0.0220928
0.115608 0.116821 0.714428 0.0531429
9.9982E-05 9.9982E-05 0.942766 0.0570343
0.208597 0.0514608 0.739842 9.9991E-05
0.155251 9.9982E-05 0.844549 9.9982E-05
0.142408 0.0876776 0.754354 0.0155605
0.791658 9.9982E-05 0.208142 9.9982E-05
0.458949 0.0729674 0.467983 9.9991E-05
0.347177 9.9982E-05 0.652623 9.9982E-05
0.229982 9.9982E-05 0.769818 9.9982E-05
0.245421 0.130633 0.623846 9.9991E-05
0.00144758 0.0715902 0.926862 9.9991E-05
0.394228 0.0439512 0.56172 9.9991E-05
0.252469 9.9982E-05 0.747331 9.9982E-05
0.477173 0.0506592 0.45989 0.0122771
0.114039 0.0912765 0.794585 9.9991E-05
0.454306 9.9982E-05 0.545494 9.9982E-05
0.0666993 0.0385119 0.841484 0.0533047
9.9982E-05 0.192101 0.807699 9.9982E-05
0.0747809 0.113413 0.811707 9.9991E-05
0.152274 0.0126575 0.786551 0.0485178
9.9982E-05 9.9982E-05 0.987615 0.0121849
0.103982 9.9982E-05 0.895818 9.9982E-05
0.422456 9.9982E-05 0.577344 9.9982E-05
0.0966595 0.0625043 0.821861 0.018975
9.9991E-05 0.101282 0.0944352 0.804183
0.232205 0.0211683 0.00814685 0.738479
0.163195 9.9991E-05 0.0657169 0.770988
9.9991E-05 0.0771583 0.0917054 0.831036
0.180199 0.0481328 0.0341983 0.73747
0.743341 9.99821E-05 9.99821E-05 0.256459
0.278395 0.0938374 0.0636497 0.564118
0.287705 0.159135 9.9991E-05 0.55306
0.113136 0.127389 0.0293325 0.730143
0.2563 9.9982E-05 9.9982E-05 0.7435
9.9991E-05 0.0594449 0.1849 0.755555
9.9991E-05 0.393361 0.0622244 0.544315
9.9991E-05 0.330477 0.0465704 0.622853
0.05488 0.245614 0.0736962 0.625809
0.400174 0.202859 0.00313444 0.393832
0.140915 0.381402 9.9991E-05 0.477582
9.9991E-05 0.190455 0.118511 0.690934
9.9991E-05 0.288998 0.0935899 0.617312
0.0668367 0.283685 0.0266286 0.62285
0.196856 0.116233 9.9991E-05 0.686811
0.072154 0.0631592 9.9991E-05 0.864587
0.0879375 0.0693746 9.9991E-05 0.842588
0.160249 9.9982E-05 9.9982E-05 0.839551
0.122699 9.9991E-05 0.0605031 0.816697
9.9991E-05 0.140457 0.0199145 0.839529
9.9991E-05 0.264489 0.0145024 0.720909
9.9991E-05 0.0051429 0.078318 0.916439
9.9982E-05 9.9982E-05 0.108151 0.891649
9.9991E-05 0.00354245 0.0605372 0.93582
9.9991E-05 0.106664 0.0549946 0.838241
9.9982E-05 0.042667 9.9982E-05 0.957133
0.0868675 0.229965 9.9991E-05 0.683067
0.0696463 0.0653339 0.0726521 0.792368
0.138494 0.0585426 9.9991E-05 0.802864
0.0574484 0.102876 0.011481 0.828194
0.0546952 0.0213195 0.0225617 0.901424
9.9991E-05 0.0295378 0.0180429 0.952319
0.0902127 0.0172008 0.00645384 0.886133
0.273779 9.9982E-05 9.9982E-05 0.726021
0.233882 9.9982E-05 9.9982E-05 0.765918
0.146251 9.9991E-05 0.0170007 0.836648
9.9982E-05 9.9982E-05 0.0106954 0.989105
9.9991E-05 0.0690199 0.125657 0.805223
9.9991E-05 0.0300802 0.0817396 0.88808
9.9991E-05 0.00876517 0.0666676 0.924467
9.9991E-05 0.013489 0.334168 0.652243
9.9982E-05 9.9982E-05 0.369186 0.630614
0.116788 9.9982E-05 9.9982E-05 0.883012
0.259195 9.9982E-05 9.9982E-05 0.740605
0.233298 9.9982E-05 9.9982E-05 0.766502
0.190679 9.9982E-05 9.9982E-05 0.809121
0.34237 0.00230472 9.9991E-05 0.655225
0.00517568 9.9991E-05 0.0293921 0.965332
0.182228 0.0228967 9.9991E-05 0.794775
0.0417714 0.0353886 0.00958756 0.913252
0.161585 0.0893135 9.9991E-05 0.749002
0.18117 9.9982E-05 9.9982E-05 0.81863
0.560449 9.9991E-05 0.408215 0.0312364
0.30925 9.9991E-05 0.688414 0.0022358
0.396433 0.00851118 0.594956 9.9991E-05
0.14038 0.00337842 0.743551 0.112691
0.0252022 9.9991E-05 0.81906 0.155638
0.0343232 9.9991E-05 0.9581 0.00747642
0.281687 9.9991E-05 0.710569 0.00764379
0.449018 9.9982E-05 0.550782 9.9982E-05
0.861035 9.9982E-05 0.138766 9.9982E-05
0.0672973 9.9991E-05 0.825008 0.107595
9.99821E-05 0.0615346 0.938265 9.99821E-05
9.9982E-05 0.0620933 0.937707 9.9982E-05
9.9991E-05 0.0124965 0.976061 0.0113428
