0.189281 9.9982E-05 0.195671 0.35481 0.0269967 0.233041 9.9982E-05
0.0356896 0.130483 9.9982E-05 0.244069 0.211737 0.377822 9.9982E-05
0.246029 0.0317812 0.135669 0.425452 0.0493018 0.111667 9.9991E-05
0.00115855 0.0999643 0.00129764 0.688925 9.9991E-05 0.152423 0.0561315
0.579341 9.9964E-05 0.131491 0.288769 9.9964E-05 9.9964E-05 9.9964E-05
0.126827 9.9973E-05 0.134747 0.642046 9.9973E-05 0.0960813 9.9973E-05
9.9955E-05 0.0976001 9.9955E-05 9.9955E-05 0.9019 9.9955E-05 9.9955E-05
0.105097 0.0200387 0.14989 9.9982E-05 0.644466 9.9982E-05 0.0803081
9.9973E-05 9.9973E-05 9.9973E-05 0.0533229 0.745846 0.00610906 0.194422
9.9964E-05 9.9964E-05 0.107167 9.9964E-05 0.856228 9.9964E-05 0.0362046
9.9964E-05 9.9964E-05 9.9964E-05 0.0697993 0.928679 9.9964E-05 0.00112191
0.0606874 9.9964E-05 0.0672637 9.9964E-05 0.871649 9.9964E-05 9.9964E-05
0.0263192 9.9964E-05 9.9964E-05 9.9964E-05 0.615698 9.9964E-05 0.357583
9.9964E-05 9.9964E-05 0.0760284 9.9964E-05 0.572294 9.9964E-05 0.351278
9.9973E-05 0.0652102 9.9973E-05 0.0617761 0.801324 9.9973E-05 0.0713902
9.99641E-05 0.025137 9.99641E-05 9.99641E-05 0.938668 0.0357947 9.99641E-05
0.305081 0.115898 0.578621 9.9964E-05 9.9964E-05 9.9964E-05 9.9964E-05
0.0221437 0.572222 0.32926 0.0283989 9.9982E-05 9.9982E-05 0.0477756
9.9973E-05 0.120208 0.65917 0.200239 0.0200819 9.9973E-05 9.9973E-05
0.246236 0.0222791 0.555466 0.142075 9.9982E-05 9.9982E-05 0.0337445
0.290963 0.375494 0.302618 0.0306257 9.9973E-05 9.9973E-05 9.9973E-05
9.9973E-05 0.343381 0.531227 0.105441 9.9973E-05 9.9973E-05 0.0196513
0.0582062 9.9982E-05 0.431776 0.118393 0.166765 0.22466 9.9982E-05
0.108786 9.9982E-05 0.513472 0.0750187 9.9982E-05 0.301777 0.000745875
9.9964E-05 9.9964E-05 0.66614 0.212101 9.9964E-05 0.121359 9.9964E-05
9.9964E-05 9.9964E-05 0.531953 0.284372 9.9964E-05 0.183275 9.9964E-05
0.356557 9.9964E-05 0.613093 9.9964E-05 9.9964E-05 9.9964E-05 0.0299508
0.401722 9.9982E-05 0.461046 0.106745 0.000937385 9.9982E-05 0.0293503
0.40938 0.254048 0.161746 9.9982E-05 0.0500146 0.124611 9.9982E-05
0.343617 0.407563 0.171403 9.9982E-05 0.0421123 9.9982E-05 0.0351046
9.9964E-05 0.456011 9.9964E-05 0.389779 0.15381 9.9964E-05 9.9964E-05
0.271496 0.232895 0.0860803 0.283244 0.126085 9.9982E-05 9.9982E-05
0.131472 0.177575 0.199259 0.491394 9.9973E-05 9.9973E-05 9.9973E-05
9.9973E-05 9.9973E-05 0.569684 0.216727 0.0359567 0.177332 9.9973E-05
9.9982E-05 0.0101009 0.463383 0.134289 0.188936 0.203092 9.9982E-05
0.191695 0.072609 0.563336 0.133417 0.0387429 9.9982E-05 9.9982E-05
9.9982E-05 0.114364 0.308588 0.252803 0.150404 9.9982E-05 0.173642
0.0890522 9.9991E-05 0.619687 0.153844 0.0737335 0.0613384 0.00224521
9.999E-05 0.115188 0.514864 0.191115 0.0328435 0.105687 0.0402027
0.0397031 0.077274 0.665129 0.217594 9.9973E-05 9.9973E-05 9.9973E-05
9.9964E-05 9.9964E-05 0.0578776 0.397544 9.9964E-05 0.544179 9.9964E-05
0.199768 0.0268159 0.130664 0.405691 9.9991E-05 0.158674 0.0782875
0.0995408 0.0995824 0.0768724 0.566908 9.9982E-05 9.9982E-05 0.156896
9.9973E-05 9.9973E-05 0.0784601 0.282372 9.9973E-05 0.486829 0.152038
9.9964E-05 9.9964E-05 0.206542 0.604448 9.9964E-05 0.18861 9.9964E-05
9.9964E-05 0.101294 0.251204 0.647102 9.9964E-05 9.9964E-05 9.9964E-05
9.9964E-05 0.500107 0.445074 9.9964E-05 9.9964E-05 9.9964E-05 0.0544184
9.9982E-05 0.761172 0.140476 9.9982E-05 0.0312792 0.0424295 0.024443
9.9955E-05 0.98208 0.0174199 9.9955E-05 9.9955E-05 9.9955E-05 9.9955E-05
9.9964E-05 0.68193 0.111842 9.9964E-05 9.9964E-05 0.205828 9.9964E-05
9.99639E-05 0.636755 0.322875 9.99639E-05 9.99639E-05 9.99639E-05 0.0399708
9.9982E-05 0.0661046 0.449518 9.9982E-05 0.0697657 0.382075 0.0323364
0.050503 0.327315 0.567592 9.9973E-05 9.9973E-05 9.9973E-05 0.05429
9.9964E-05 9.9964E-05 0.645998 9.9964E-05 9.9964E-05 0.347194 0.00640775
9.99639E-05 0.0183646 0.632662 9.99639E-05 9.99639E-05 0.348574 9.99639E-05
0.15465 9.9973E-05 0.543419 0.25348 9.9973E-05 9.9973E-05 0.0481513
9.9973E-05 9.9973E-05 0.169016 9.9973E-05 0.509571 0.121337 0.199776
0.0267777 9.9973E-05 0.187574 9.9973E-05 0.454232 9.9973E-05 0.331116
9.9955E-05 9.9955E-05 9.9955E-05 9.9955E-05 9.9955E-05 0.0905456 0.908955
9.9964E-05 9.9964E-05 9.9964E-05 9.9964E-05 0.344367 0.178338 0.476896
9.9964E-05 9.9964E-05 9.9964E-05 9.9964E-05 0.371591 0.0394433 0.588566
9.9973E-05 0.159423 9.9973E-05 9.9973E-05 0.0918937 0.0618496 0.686534
9.99639E-05 0.284043 9.99639E-05 9.99639E-05 0.691289 0.0242681 9.99639E-05
0.00761322 9.9973E-05 0.0407247 0.133317 0.818045 9.9973E-05 9.9973E-05
0.00779821 9.9973E-05 9.9973E-05 0.0901168 0.782434 9.9973E-05 0.119351
9.9964E-05 9.9964E-05 0.0128574 9.9964E-05 0.665027 9.9964E-05 0.321716
0.023954 9.9982E-05 0.19324 0.000921317 0.613976 9.9982E-05 0.167709
9.99641E-05 9.99641E-05 0.134064 9.99641E-05 0.271092 9.99641E-05 0.594444
9.9973E-05 9.9973E-05 9.9973E-05 0.117491 0.708243 0.0243837 0.149583
9.9964E-05 9.9964E-05 0.172419 9.9964E-05 0.583443 9.9964E-05 0.243738
0.00976253 9.9973E-05 0.0914221 0.116749 0.781767 9.9973E-05 9.9973E-05
9.9964E-05 9.9964E-05 0.212705 9.9964E-05 0.496891 9.9964E-05 0.290004
0.0764901 9.9964E-05 0.029999 9.9964E-05 0.893111 9.9964E-05 9.9964E-05
0.0710646 0.0392664 0.0228272 9.9982E-05 0.252439 9.9982E-05 0.614203
9.9973E-05 0.0508974 0.169646 9.9973E-05 0.100342 9.9973E-05 0.678815
0.00371226 0.097515 0.0458295 0.00900606 0.116402 9.9991E-05 0.727435
9.9964E-05 9.9964E-05 9.9964E-05 0.110724 0.408566 9.9964E-05 0.48031
0.00105854 9.9964E-05 9.9964E-05 0.0147955 9.9964E-05 9.9964E-05 0.983746
9.9964E-05 9.9964E-05 9.9964E-05 9.9964E-05 0.350565 0.0241811 0.624854
9.9973E-05 0.0895243 0.0785828 9.9973E-05 0.721166 9.9973E-05 0.110426
9.9973E-05 0.138896 9.9973E-05 0.0779873 0.0520149 9.9973E-05 0.730802
0.809584 9.99821E-05 0.0958446 0.031518 9.99821E-05 0.051534 0.0113194
0.0324753 9.9964E-05 9.9964E-05 9.9964E-05 9.9964E-05 0.88429 0.0828346
0.162199 9.9964E-05 9.9964E-05 9.9964E-05 9.9964E-05 0.739012 0.0983888
0.757536 0.0871814 9.9973E-05 0.117273 9.9973E-05 9.9973E-05 0.0377094
0.667564 0.310836 0.0120735 9.9973E-05 0.00922671 9.9973E-05 9.9973E-05
9.99551E-05 0.811068 9.99551E-05 9.99551E-05 9.99551E-05 0.188433 9.99551E-05
0.0704043 0.123462 9.9982E-05 0.545907 0.062468 0.197558 9.9982E-05
9.9973E-05 0.121509 9.9973E-05 0.56735 0.0708988 0.239942 9.9973E-05
0.46764 0.114517 9.9964E-05 0.417443 9.9964E-05 9.9964E-05 9.9964E-05
0.389978 0.238301 9.9973E-05 0.132205 9.9973E-05 0.239217 9.9973E-05
0.327268 9.9964E-05 9.9964E-05 0.610774 9.9964E-05 9.9964E-05 0.0615584
0.121894 9.9964E-05 9.9964E-05 0.855503 9.9964E-05 9.9964E-05 0.0222027
0.356147 9.9973E-05 0.0197978 0.616705 9.9973E-05 9.9973E-05 0.00705016
0.341764 0.0587524 9.9991E-05 0.576987 0.00905392 0.0107887 0.00255463
9.99639E-05 0.42487 9.99639E-05 0.57304 0.00168979 9.99639E-05 9.99639E-05
0.221056 0.110291 0.0599812 0.608372 9.9973E-05 9.9973E-05 9.9973E-05
0.446583 9.9964E-05 9.9964E-05 0.515033 9.9964E-05 9.9964E-05 0.0379838
0.332649 9.9982E-05 0.0184098 0.627358 0.00850615 9.9982E-05 0.0128776
0.313099 9.9982E-05 0.0707159 0.418623 0.0299087 0.167453 9.9982E-05
0.432414 0.230993 0.0608943 0.0193721 9.9982E-05 0.256126 9.9982E-05
0.525988 0.0312928 9.9973E-05 0.0997447 9.9973E-05 0.342674 9.9973E-05
0.426212 0.0469963 0.0332507 0.009353 9.9982E-05 0.483989 9.9982E-05
0.454647 0.0300167 9.9964E-05 9.9964E-05 9.9964E-05 0.514937 9.9964E-05
0.739751 0.241526 9.9964E-05 9.9964E-05 0.0183229 9.9964E-05 9.9964E-05
0.834179 0.011204 0.154217 9.9964E-05 9.9964E-05 9.9964E-05 9.9964E-05
0.699759 0.048887 0.230893 9.9973E-05 9.9973E-05 0.020161 9.9973E-05
0.945044 0.0248542 0.013495 9.9973E-05 0.0163065 9.9973E-05 9.9973E-05
0.869007 0.0439492 9.9973E-05 0.0545183 9.9973E-05 9.9973E-05 0.0322259
0.808041 9.9973E-05 9.9973E-05 0.159892 0.00094537 0.0308217 9.9973E-05
0.828193 9.9973E-05 0.0768414 0.0456967 9.9973E-05 0.0489688 9.9973E-05
0.855737 9.9964E-05 9.9964E-05 0.0085726 9.9964E-05 0.13529 9.9964E-05
0.380394 0.110732 9.9973E-05 0.265448 9.9973E-05 0.243126 9.9973E-05
0.495959 0.0768896 0.0613062 0.0610078 9.9991E-05 0.250737 0.0540006
0.560382 0.0883428 9.9982E-05 0.200066 0.0186109 0.132399 9.9982E-05
0.779655 0.0641558 0.0171609 0.125097 9.9982E-05 0.0137313 9.9982E-05
0.802104 0.0683423 9.99731E-05 0.0245759 9.99731E-05 0.104678 9.99731E-05
0.851222 9.9973E-05 0.0223485 9.9973E-05 9.9973E-05 0.124459 0.00167054
0.733524 0.102308 9.9973E-05 0.0795752 9.9973E-05 0.0842922 9.9973E-05
0.230928 9.9973E-05 0.0192476 9.9973E-05 0.0386783 0.710846 9.9973E-05
0.280185 0.00740187 9.9973E-05 0.0770859 9.9973E-05 0.635027 9.9973E-05
0.553523 9.9973E-05 9.9973E-05 0.00947782 9.9973E-05 0.430939 0.00576003
0.768735 9.9964E-05 9.9964E-05 0.124792 9.9964E-05 0.106073 9.9964E-05
0.736704 9.9982E-05 0.0403404 0.142387 0.0448683 9.9982E-05 0.0355002
0.688256 9.9982E-05 0.00744759 0.11414 9.9982E-05 0.175924 0.0140329
0.855884 0.00407495 0.0320745 9.9982E-05 0.0218758 0.0858906 9.9982E-05
0.589007 9.9982E-05 0.157234 9.9982E-05 0.154279 0.0178736 0.0814065
0.643859 9.9964E-05 9.9964E-05 9.9964E-05 0.127545 9.9964E-05 0.228196
0.739205 0.132694 9.9964E-05 9.9964E-05 9.9964E-05 0.127701 9.9964E-05
0.332003 0.0843871 9.99639E-05 9.99639E-05 9.99639E-05 0.58321 9.99639E-05
0.434016 9.9973E-05 9.9973E-05 0.0886861 0.0368309 0.440167 9.9973E-05
0.395922 9.9973E-05 9.9973E-05 0.0920251 0.0121186 0.499634 9.9973E-05
0.0181631 0.139269 0.0262684 9.9973E-05 9.9973E-05 0.815999 9.9973E-05
0.856433 0.129301 9.9964E-05 9.9964E-05 9.9964E-05 0.0138664 9.9964E-05
0.377011 0.00351908 9.9973E-05 0.0758125 9.9973E-05 0.543358 9.9973E-05
0.638659 9.9964E-05 9.9964E-05 0.0528789 9.9964E-05 0.308062 9.9964E-05
0.404672 0.104205 9.9973E-05 0.174496 9.9973E-05 0.316327 9.9973E-05
0.556866 0.0756173 9.9964E-05 9.9964E-05 9.9964E-05 0.367117 9.9964E-05
9.9973E-05 0.117407 9.9973E-05 9.9973E-05 0.652313 0.169274 0.0607061
0.0440211 0.0309027 9.9982E-05 0.00242794 0.539047 9.9982E-05 0.383401
9.9973E-05 0.15816 9.9973E-05 9.9973E-05 0.549916 0.0224737 0.26915
9.99729E-05 0.104404 9.99729E-05 9.99729E-05 0.153494 0.104688 0.637114
0.0971405 9.9982E-05 9.9982E-05 0.0213156 0.214723 0.0114433 0.655177
0.0029041 0.06737 9.9973E-05 9.9973E-05 0.13954 9.9973E-05 0.789886
9.9964E-05 9.9964E-05 9.9964E-05 9.9964E-05 0.499829 0.145792 0.353978
0.00706817 0.0342158 9.9982E-05 0.0452491 0.827318 9.9982E-05 0.0859495
9.99641E-05 0.247078 9.99641E-05 9.99641E-05 0.646933 0.105589 9.99641E-05
0.0860818 0.0524129 9.9973E-05 9.9973E-05 0.218801 9.9973E-05 0.642404
9.99551E-05 9.99551E-05 0.0655081 9.99551E-05 9.99551E-05 9.99551E-05 0.933992
9.9955E-05 9.9955E-05 0.0477663 9.9955E-05 9.9955E-05 9.9955E-05 0.951734
0.0440723 0.0100886 0.026219 9.9973E-05 9.9973E-05 9.9973E-05 0.91932
