0.280601 9.9991E-05 0.425535 0.0447384 0.243822 0.00520345
0.131435 9.9991E-05 0.0597947 0.211252 0.380759 0.216659
0.336646 9.9991E-05 0.282586 0.16849 0.165824 0.0463542
0.532947 0.000758942 0.257753 0.203278 9.9991E-05 0.00516287
0.762675 9.9973E-05 0.138082 9.9973E-05 0.0989435 9.9973E-05
0.48199 9.9982E-05 0.389555 0.117052 0.0112038 9.9982E-05
9.9973E-05 9.9973E-05 9.9973E-05 0.0913414 0.0157877 0.892571
0.00853588 0.260582 0.0337435 9.9991E-05 0.181679 0.515359
9.9973E-05 0.247076 9.9973E-05 9.9973E-05 0.0401563 0.712467
9.9973E-05 0.162544 0.0965326 9.9973E-05 9.9973E-05 0.740624
9.9973E-05 0.0899928 9.9973E-05 9.9973E-05 0.0302556 0.879452
0.0616537 0.0171943 0.0498376 9.9982E-05 9.9982E-05 0.871114
0.0256624 0.369501 9.9973E-05 9.9973E-05 9.9973E-05 0.604537
9.99731E-05 0.462083 0.00998807 9.99731E-05 9.99731E-05 0.527629
9.9982E-05 0.177878 9.9982E-05 0.0721512 0.00196585 0.747805
9.99731E-05 0.0536955 9.99731E-05 9.99731E-05 0.0384374 0.907567
0.292545 9.9982E-05 0.461926 0.195671 0.0496588 9.9982E-05
9.998E-05 0.109034 0.147874 0.652202 0.0906903 9.998E-05
0.0971025 0.0709766 0.629713 0.202008 9.9982E-05 9.9982E-05
0.293322 0.0914782 0.475611 0.13939 9.9982E-05 9.9982E-05
0.273344 0.037586 0.194018 0.494852 9.9982E-05 9.9982E-05
0.0423927 0.0427272 0.481686 0.432994 9.998E-05 9.998E-05
0.0681288 9.9982E-05 0.515727 9.9982E-05 0.220246 0.195699
0.117941 0.0173483 0.644032 9.9982E-05 0.220479 9.9982E-05
0.153947 9.99641E-05 0.845653 9.99641E-05 9.99641E-05 9.99641E-05
0.221155 9.9982E-05 0.610972 0.0627921 0.104881 9.9982E-05
0.364039 0.109222 0.526438 9.9973E-05 9.9973E-05 9.9973E-05
0.487759 0.0570818 0.454859 9.9973E-05 9.9973E-05 9.9973E-05
0.215337 0.0639256 9.9982E-05 0.277211 0.443327 9.9982E-05
0.231491 0.099094 0.0315565 0.403085 0.197404 0.0373703
0.140689 9.998E-05 0.0883287 0.657245 9.998E-05 0.113537
0.4987 0.0153256 0.0440938 0.372559 9.9991E-05 0.0692213
0.467443 9.9973E-05 0.198947 0.333309 9.9973E-05 9.9973E-05
9.9973E-05 9.9973E-05 0.909664 9.9973E-05 0.0609115 0.0291243
9.9973E-05 9.9973E-05 0.763862 9.9973E-05 0.0306093 0.205229
0.270011 9.9982E-05 0.519342 0.179374 9.9982E-05 0.0310732
0.0399103 0.215607 0.434852 0.187833 9.999E-05 0.121698
0.172423 0.0550751 0.687981 0.00909931 9.9991E-05 0.0753217
9.9991E-05 0.0888779 0.566025 0.192685 0.143296 0.00901622
0.123551 0.053396 0.66899 0.153863 9.9982E-05 9.9982E-05
0.108478 9.9982E-05 0.358027 0.131399 0.401896 9.9982E-05
0.413906 0.0823817 0.265027 0.0956931 0.142892 9.999E-05
0.440409 0.103508 0.273289 0.182595 9.9982E-05 9.9982E-05
0.185668 0.127662 0.25819 9.9982E-05 0.42828 9.9982E-05
0.377822 9.9982E-05 0.4284 0.111822 0.0817566 9.9982E-05
0.294447 9.9973E-05 0.50168 0.203573 9.9973E-05 9.9973E-05
9.997E-05 0.0968146 0.251845 0.65104 9.997E-05 9.997E-05
9.9982E-05 0.0357413 9.9982E-05 0.778072 0.140665 0.0453212
9.9964E-05 9.9964E-05 9.9964E-05 0.904222 0.0953782 9.9964E-05
9.9973E-05 9.9973E-05 0.0404885 0.642611 0.316601 9.9973E-05
0.0281542 0.0527718 0.156417 0.762457 9.998E-05 9.998E-05
9.9991E-05 0.0430498 0.419735 0.185639 0.302134 0.0493409
9.9982E-05 0.113802 0.41966 0.424762 0.0415757 9.9982E-05
9.9982E-05 0.0245001 0.654349 0.145966 0.174985 9.9982E-05
9.9982E-05 0.0248015 0.624781 0.144994 0.205224 9.9982E-05
0.312608 0.0963739 0.528575 0.0622431 9.9982E-05 9.9982E-05
9.9982E-05 0.290144 0.216682 9.9982E-05 0.113246 0.379729
0.038996 0.400563 0.148324 9.9991E-05 0.0358168 0.3762
0.020013 0.936954 9.9973E-05 9.9973E-05 0.0427329 9.9973E-05
9.999E-05 0.467827 0.0113367 0.0177014 0.0936445 0.409391
9.9964E-05 0.510584 9.9964E-05 9.9964E-05 9.9964E-05 0.489016
9.9973E-05 0.627906 9.9973E-05 0.194762 9.9973E-05 0.177032
9.99639E-05 9.99639E-05 9.99639E-05 0.224633 9.99639E-05 0.774967
0.0963506 0.000275312 0.0873758 9.9982E-05 9.9982E-05 0.815798
0.0788304 0.16281 9.997E-05 9.997E-05 9.997E-05 0.75806
9.9964E-05 0.33922 9.9964E-05 9.9964E-05 9.9964E-05 0.66038
0.0122621 0.263505 0.157225 9.9982E-05 9.9982E-05 0.566807
9.99731E-05 0.639763 0.0943294 9.99731E-05 9.99731E-05 0.265607
9.997E-05 0.180082 0.157719 9.997E-05 9.997E-05 0.661899
9.9982E-05 0.311032 0.10218 9.9982E-05 0.0120778 0.574511
0.0535924 9.9973E-05 0.150373 9.9973E-05 9.9973E-05 0.795735
0.0484164 0.453076 0.0618585 9.9982E-05 9.9982E-05 0.436449
0.0813939 0.0258074 9.9973E-05 9.9973E-05 9.9973E-05 0.892499
0.0233373 0.61708 9.9982E-05 0.127924 9.9982E-05 0.231459
0.015034 0.704673 0.105316 0.053741 9.9991E-05 0.121136
9.9973E-05 0.708548 9.9973E-05 0.167741 9.9973E-05 0.123411
0.0869657 0.488266 9.997E-05 9.997E-05 9.997E-05 0.424468
0.0536285 0.945972 9.9964E-05 9.9964E-05 9.9964E-05 9.9964E-05
9.9973E-05 0.637865 9.9973E-05 9.9973E-05 0.0184826 0.343353
9.998E-05 0.139422 0.00331605 0.086684 9.998E-05 0.770378
9.9973E-05 0.728695 9.9973E-05 0.138107 9.9973E-05 0.132898
0.603536 0.0436785 0.0589883 0.000539441 0.293158 9.9991E-05
9.9964E-05 0.104595 9.9964E-05 9.9964E-05 0.895005 9.9964E-05
0.0180161 0.130973 9.9973E-05 9.9973E-05 0.850711 9.9973E-05
0.691236 0.0511338 9.9982E-05 0.0763056 0.181125 9.9982E-05
0.410447 0.0314389 9.998E-05 0.218844 0.33907 9.998E-05
9.99731E-05 9.99731E-05 9.99731E-05 0.641193 0.341388 0.0171198
0.456495 9.998E-05 9.998E-05 0.240136 0.222604 0.0805652
0.3865 9.9991E-05 0.0240082 0.243006 0.23718 0.109206
0.826836 9.9973E-05 9.9973E-05 0.169443 0.00342038 9.9973E-05
0.415663 9.9973E-05 9.9973E-05 0.218454 0.365583 9.9973E-05
0.891873 0.0370527 9.9973E-05 9.9973E-05 9.9973E-05 0.0707747
0.808365 0.0128101 0.133772 0.0448532 9.9982E-05 9.9982E-05
0.801417 9.9973E-05 0.160142 0.0381408 9.9973E-05 9.9973E-05
0.770925 9.9982E-05 0.11627 0.0797207 9.9982E-05 0.0328848
0.43424 9.997E-05 9.997E-05 0.559999 9.997E-05 0.00546154
0.629093 9.9973E-05 0.14959 0.221018 9.9973E-05 9.9973E-05
0.912391 0.0238836 0.0457133 9.9982E-05 9.9982E-05 0.017812
0.798418 0.0168435 0.178425 9.9982E-05 9.9982E-05 0.00611401
0.629457 9.998E-05 0.162882 9.998E-05 0.159883 0.0475784
0.236558 9.9982E-05 0.0275159 0.207054 0.528672 9.9982E-05
0.375967 9.997E-05 9.997E-05 0.0274517 0.596281 9.997E-05
0.106574 0.0133071 0.0772048 9.9982E-05 0.802714 9.9982E-05
0.309805 9.9973E-05 9.9973E-05 0.0410412 0.648854 9.9973E-05
0.627244 9.9982E-05 9.9982E-05 0.156093 0.210637 0.00582572
0.66324 9.9982E-05 0.0344386 0.0549552 0.247166 9.9982E-05
0.407252 0.0279737 0.157397 0.0752368 0.332041 9.999E-05
0.659459 0.00723677 9.9982E-05 0.0329817 0.300122 9.9982E-05
0.633752 0.0502775 9.9982E-05 0.0313934 0.284377 9.9982E-05
0.787517 9.9964E-05 9.9964E-05 9.9964E-05 0.212083 9.9964E-05
0.667731 9.9973E-05 0.0892918 9.9973E-05 0.242677 9.9973E-05
0.588948 9.9964E-05 9.9964E-05 9.9964E-05 0.410652 9.9964E-05
0.435621 9.998E-05 0.0722163 0.171309 0.320653 9.998E-05
0.387199 0.0713669 9.9982E-05 0.109549 0.431685 9.9982E-05
0.547999 9.9982E-05 0.0410545 0.076939 0.333807 9.9982E-05
0.538757 0.0210125 0.0265925 0.0491684 0.364369 9.9991E-05
0.499316 9.9973E-05 9.9973E-05 0.0528314 0.447552 9.9973E-05
0.515364 0.0281624 9.9973E-05 9.9973E-05 0.456174 9.9973E-05
0.693799 9.997E-05 9.997E-05 0.0768646 0.229036 9.997E-05
9.997E-05 9.997E-05 0.152387 9.997E-05 0.797513 0.0498006
0.241289 9.9982E-05 0.00674499 0.0125207 0.739246 9.9982E-05
0.373989 0.0308197 9.9973E-05 9.9973E-05 0.594891 9.9973E-05
0.737081 9.9964E-05 9.9964E-05 9.9964E-05 0.262519 9.9964E-05
0.707126 0.0550285 0.0297161 0.0157391 0.186099 0.00629077
0.629883 9.9973E-05 0.123005 9.9973E-05 0.246813 9.9973E-05
0.641165 0.00993511 9.9982E-05 0.0136677 0.335032 9.9982E-05
0.371206 0.212923 0.105433 9.9991E-05 0.277318 0.0330202
0.472171 0.259582 9.998E-05 9.998E-05 0.146884 0.121163
0.547416 9.9973E-05 9.9973E-05 0.0748259 0.377458 9.9973E-05
0.110463 9.9973E-05 9.9973E-05 0.0833572 0.80588 9.9973E-05
0.395284 9.9973E-05 9.9973E-05 9.9973E-05 0.539043 0.0653725
0.244912 9.9973E-05 0.0388215 9.9973E-05 0.715967 9.9973E-05
9.9964E-05 9.9964E-05 9.9964E-05 0.109806 0.889794 9.9964E-05
0.611731 9.9973E-05 9.9973E-05 0.0766511 0.311318 9.9973E-05
0.271379 9.9991E-05 0.0182649 0.0100023 0.68226 0.0179934
0.546767 9.9982E-05 9.9982E-05 0.00839043 0.444172 0.000470677
0.378519 9.9973E-05 9.9973E-05 0.174761 0.44642 9.9973E-05
0.273076 9.9982E-05 9.9982E-05 0.0163616 0.681916 0.0284457
9.998E-05 0.0572495 9.998E-05 0.112038 0.165518 0.664995
0.0119227 0.36096 9.9982E-05 9.9982E-05 0.0262447 0.600673
9.9982E-05 0.266521 9.9982E-05 0.108935 0.00151175 0.622832
9.9982E-05 0.652254 9.9982E-05 0.121456 0.129699 0.0963911
0.105346 0.645498 9.9982E-05 0.0226252 9.9982E-05 0.22633
9.9973E-05 0.791137 9.9973E-05 0.00567056 9.9973E-05 0.202893
0.0162274 0.338701 9.9982E-05 9.9982E-05 0.0575263 0.587345
0.0623233 0.0835518 9.9973E-05 9.9973E-05 9.9973E-05 0.853825
9.99731E-05 9.99731E-05 9.99731E-05 0.123476 0.0729909 0.803233
0.0296239 0.636884 9.9982E-05 9.9982E-05 0.0544984 0.278794
9.99641E-05 0.938816 0.0607837 9.99641E-05 9.99641E-05 9.99641E-05
9.9964E-05 0.951476 0.0481239 9.9964E-05 9.9964E-05 9.9964E-05
0.0803667 0.919233 9.99641E-05 9.99641E-05 9.99641E-05 9.99641E-05
