0.00584931 9.9973E-05 9.9973E-05 0.163368 0.0316321 0.0944571 0.591232 9.9973E-05 0.0928546 0.0203066
9.9955E-05 9.9955E-05 0.0352541 0.0407495 0.14565 9.9955E-05 0.436019 9.9955E-05 0.341828 9.9955E-05
9.9955E-05 9.9955E-05 9.9955E-05 9.9955E-05 9.9955E-05 0.0847337 0.747705 0.0116316 0.128776 0.0266532
9.9955E-05 9.9955E-05 0.00942052 0.209024 9.9955E-05 9.9955E-05 0.735998 0.0346127 0.0104449 9.9955E-05
9.9955E-05 0.0614808 9.9955E-05 9.9955E-05 9.9955E-05 0.0530984 0.659183 0.0170977 9.9955E-05 0.20864
9.9946E-05 9.9946E-05 9.9946E-05 0.0130048 9.9946E-05 0.0537087 0.86974 0.0629469 9.9946E-05 9.9946E-05
0.701468 9.99459E-05 0.0993231 9.99459E-05 0.0128813 9.99459E-05 9.99459E-05 9.99459E-05 0.185728 9.99459E-05
0.60094 9.9973E-05 0.0169735 9.9973E-05 0.0480162 0.0637423 9.9973E-05 0.0184332 0.0697809 0.181813
0.881468 0.0836658 9.9937E-05 9.9937E-05 0.0341664 9.9937E-05 9.9937E-05 9.9937E-05 9.9937E-05 9.9937E-05
0.90296 9.9937E-05 0.0333595 0.0629809 9.9937E-05 9.9937E-05 9.9937E-05 9.9937E-05 9.9937E-05 9.9937E-05
0.737503 9.99369E-05 9.99369E-05 9.99369E-05 9.99369E-05 9.99369E-05 0.0776663 9.99369E-05 0.184131 9.99369E-05
0.458206 9.99459E-05 9.99459E-05 9.99459E-05 9.99459E-05 0.0826204 9.99459E-05 9.99459E-05 0.415916 0.0426581
0.703891 9.99551E-05 9.99551E-05 0.0218433 9.99551E-05 9.99551E-05 9.99551E-05 0.189928 0.0552629 0.0285757
0.809669 0.0130482 9.99461E-05 9.99461E-05 9.99461E-05 0.0499922 9.99461E-05 0.126691 9.99461E-05 9.99461E-05
0.834635 9.9955E-05 0.0310979 9.9955E-05 0.0221846 9.9955E-05 0.0683901 9.9955E-05 0.0431922 9.9955E-05
0.697875 9.99461E-05 0.0401612 9.99461E-05 0.0643637 9.99461E-05 9.99461E-05 9.99461E-05 0.197 9.99461E-05
9.99639E-05 0.115175 0.163197 9.99639E-05 0.0404528 0.477938 0.00262921 9.99639E-05 9.99639E-05 0.200207
9.9955E-05 9.9955E-05 0.623945 0.10625 9.9955E-05 0.0925336 0.10125 0.0755215 9.9955E-05 9.9955E-05
9.9937E-05 0.188636 0.205796 9.9937E-05 9.9937E-05 0.604869 9.9937E-05 9.9937E-05 9.9937E-05 9.9937E-05
9.9973E-05 0.152397 0.167691 0.115153 9.9973E-05 0.425888 0.0261084 0.0548098 9.9973E-05 0.0576528
0.00200707 9.99549E-05 0.457376 0.141296 9.99549E-05 0.121051 9.99549E-05 9.99549E-05 9.99549E-05 0.277769
9.99459E-05 9.99459E-05 0.429321 0.245479 9.99459E-05 0.304651 9.99459E-05 0.0199492 9.99459E-05 9.99459E-05
9.9955E-05 9.9955E-05 9.9955E-05 9.9955E-05 0.0814592 0.493714 0.154697 9.9955E-05 0.21184 0.0577902
9.9973E-05 0.0545496 9.9973E-05 0.0572409 0.136067 0.555793 0.0528965 9.9973E-05 0.0168446 0.126309
9.99461E-05 0.0946601 9.99461E-05 0.0520668 9.99461E-05 0.741889 0.110784 9.99461E-05 9.99461E-05 9.99461E-05
9.9946E-05 9.9946E-05 9.9946E-05 0.532198 9.9946E-05 0.231856 0.213384 9.9946E-05 9.9946E-05 0.0219623
9.99369E-05 9.99369E-05 9.99369E-05 9.99369E-05 9.99369E-05 0.60797 9.99369E-05 0.0632829 9.99369E-05 0.328048
0.0313599 0.168367 9.9964E-05 0.0270102 9.9964E-05 0.447976 9.9964E-05 0.0031822 9.9964E-05 0.321705
0.0806661 9.9973E-05 0.194994 0.069336 0.170554 0.0407744 0.0451135 9.9973E-05 9.9973E-05 0.398262
0.107338 9.99461E-05 0.362816 0.181066 9.99461E-05 9.99461E-05 9.99461E-05 9.99461E-05 9.99461E-05 0.348181
9.9955E-05 0.0750966 0.297813 0.0305051 9.9955E-05 9.9955E-05 0.244495 9.9955E-05 0.35159 9.9955E-05
0.00830799 0.198377 0.192226 9.9982E-05 9.9982E-05 0.0114662 0.319456 0.00821828 0.154227 0.107522
9.9964E-05 0.117857 0.211336 0.0504051 9.9964E-05 0.0811211 0.527778 9.9964E-05 0.0111028 9.9964E-05
0.0292856 9.9964E-05 9.9964E-05 0.0985668 0.000131931 0.614175 0.252778 9.9964E-05 0.00466342 9.9964E-05
9.99459E-05 9.99459E-05 9.99459E-05 9.99459E-05 0.0480643 0.575703 0.0331801 9.99459E-05 0.342453 9.99459E-05
9.9964E-05 0.0742337 0.0982314 0.0390097 9.9964E-05 0.527855 9.9964E-05 9.9964E-05 0.0252831 0.234987
9.9964E-05 0.196257 9.9964E-05 0.0148208 9.9964E-05 0.335304 0.00470041 0.157534 0.290984 9.9964E-05
9.9964E-05 0.129609 0.0155276 9.9964E-05 9.9964E-05 0.604704 0.159453 0.0430881 0.0472182 9.9964E-05
0.00609532 0.0391206 0.165929 0.186853 0.0734957 0.499266 0.00110773 9.9982E-05 0.0279333 9.9982E-05
0.00548671 0.205579 0.130195 9.9955E-05 9.9955E-05 0.645857 9.9955E-05 9.9955E-05 9.9955E-05 0.0123821
9.9928E-05 9.9928E-05 9.9928E-05 0.71213 0.28707 9.9928E-05 9.9928E-05 9.9928E-05 9.9928E-05 9.9928E-05
9.994E-05 0.11827 9.994E-05 0.595342 9.994E-05 9.994E-05 9.994E-05 0.0635273 9.994E-05 0.222261
9.99549E-05 0.218166 0.11302 0.479869 9.99549E-05 9.99549E-05 9.99549E-05 0.119223 9.99549E-05 0.0692237
9.99549E-05 0.141134 9.99549E-05 0.245048 0.428558 0.0708518 9.99549E-05 0.113909 9.99549E-05 9.99549E-05
9.9928E-05 9.9928E-05 9.9928E-05 0.920356 9.9928E-05 9.9928E-05 9.9928E-05 9.9928E-05 9.9928E-05 0.0788449
9.9955E-05 9.9955E-05 0.00265265 0.784094 9.9955E-05 0.00419001 0.199592 0.00897168 9.9955E-05 9.9955E-05
9.9937E-05 9.9937E-05 0.677556 9.9937E-05 9.9937E-05 0.252057 9.9937E-05 0.0696866 9.9937E-05 9.9937E-05
9.9937E-05 9.9937E-05 0.741059 9.9937E-05 0.176375 9.9937E-05 9.9937E-05 9.9937E-05 0.081866 9.9937E-05
9.9937E-05 9.9937E-05 0.81519 9.9937E-05 0.111419 9.9937E-05 9.9937E-05 9.9937E-05 0.0726912 9.9937E-05
9.9946E-05 9.9946E-05 0.621612 0.0745697 0.275595 9.9946E-05 9.9946E-05 9.9946E-05 9.9946E-05 0.0276238
9.99549E-05 9.99549E-05 0.761398 0.0916945 9.99549E-05 0.12668 9.99549E-05 0.00907854 9.99549E-05 0.01065
0.0985963 9.9955E-05 0.134217 0.109473 0.296746 0.360467 9.9955E-05 9.9955E-05 9.9955E-05 9.9955E-05
9.9955E-05 9.9955E-05 0.449537 9.9955E-05 9.9955E-05 0.395926 0.0366447 0.0468028 9.9955E-05 0.07059
9.9946E-05 9.9946E-05 0.0655731 0.223808 0.220371 0.489648 9.9946E-05 9.9946E-05 9.9946E-05 9.9946E-05
0.0257829 9.99549E-05 0.115178 0.0888645 0.272607 0.497068 9.99549E-05 9.99549E-05 9.99549E-05 9.99549E-05
9.9973E-05 0.0941948 0.018941 0.272852 9.9973E-05 0.398053 0.0946551 0.0374263 9.9973E-05 0.0835774
0.435544 9.9964E-05 9.9964E-05 9.9964E-05 0.0536637 0.201922 0.0472833 0.120847 0.14034 9.9964E-05
0.577021 9.9955E-05 9.9955E-05 0.0960226 9.9955E-05 0.0637221 9.9955E-05 0.18992 9.9955E-05 0.072814
9.9946E-05 9.9946E-05 9.9946E-05 9.9946E-05 0.0778757 0.0089301 0.0535791 0.859015 9.9946E-05 9.9946E-05
0.236397 9.99549E-05 0.0686111 9.99549E-05 0.130932 9.99549E-05 9.99549E-05 0.481932 0.0816287 9.99549E-05
0.112296 9.99459E-05 9.99459E-05 9.99459E-05 0.0251481 9.99459E-05 9.99459E-05 0.619971 0.241985 9.99459E-05
9.99549E-05 9.99549E-05 0.172335 9.99549E-05 0.0231208 9.99549E-05 0.0315835 0.654057 0.118404 9.99549E-05
0.0549622 9.99369E-05 0.10047 9.99369E-05 9.99369E-05 9.99369E-05 9.99369E-05 9.99369E-05 0.843868 9.99369E-05
0.00965827 9.99549E-05 9.99549E-05 9.99549E-05 9.99549E-05 0.0421628 0.037797 0.195686 0.714196 9.99549E-05
0.622569 0.109625 9.99459E-05 9.99459E-05 9.99459E-05 9.99459E-05 9.99459E-05 0.0568814 0.210325 9.99459E-05
0.86214 9.9955E-05 0.04543 9.9955E-05 9.9955E-05 0.0211365 9.9955E-05 0.0688564 0.00193768 9.9955E-05
0.493686 9.9964E-05 9.9964E-05 0.114763 9.9964E-05 0.123945 9.9964E-05 0.119302 0.147133 0.000770188
0.461366 9.99372E-05 9.99372E-05 9.99372E-05 9.99372E-05 0.117425 9.99372E-05 0.420508 9.99372E-05 9.99372E-05
0.20544 9.9946E-05 9.9946E-05 9.9946E-05 9.9946E-05 0.105799 9.9946E-05 0.171597 0.516564 9.9946E-05
0.324746 9.9946E-05 9.9946E-05 9.9946E-05 9.9946E-05 0.119011 9.9946E-05 0.328611 0.227032 9.9946E-05
0.0891769 9.9955E-05 9.9955E-05 9.9955E-05 9.9955E-05 0.0846744 9.9955E-05 0.151594 0.666273 0.00778279
0.360922 9.9955E-05 9.9955E-05 9.9955E-05 9.9955E-05 0.12512 9.9955E-05 0.321715 0.121271 0.0704723
0.127358 9.99549E-05 9.99549E-05 9.99549E-05 9.99549E-05 0.0406007 9.99549E-05 0.169293 0.639971 0.0222782
0.0769602 0.0150103 0.110112 9.9964E-05 9.9964E-05 9.9964E-05 9.9964E-05 0.661802 0.0837544 0.0519619
0.174195 9.9955E-05 9.9955E-05 0.046131 9.9955E-05 0.182065 9.9955E-05 0.566898 0.0302109 9.9955E-05
9.9946E-05 9.9946E-05 0.0723057 0.0608712 9.9946E-05 9.9946E-05 9.9946E-05 0.733997 0.132226 9.9946E-05
0.00973368 0.109058 9.99459E-05 9.99459E-05 9.99459E-05 9.99459E-05 9.99459E-05 0.579955 0.300653 9.99459E-05
9.9928E-05 9.9928E-05 9.9928E-05 9.9928E-05 9.9928E-05 9.9928E-05 0.0775323 0.921668 9.9928E-05 9.9928E-05
0.341526 9.9946E-05 9.9946E-05 9.9946E-05 0.00894136 9.9946E-05 9.9946E-05 0.553745 0.0951881 9.9946E-05
0.144884 9.99549E-05 0.065731 9.99549E-05 9.99549E-05 0.0111646 9.99549E-05 0.261889 0.515832 9.99549E-05
0.0964464 9.9955E-05 0.103389 0.11714 9.9955E-05 9.9955E-05 9.9955E-05 0.661159 0.0213656 9.9955E-05
9.99551E-05 9.99551E-05 0.00760171 0.0459051 9.99551E-05 9.99551E-05 0.296692 0.0352287 9.99551E-05 0.614073
9.9937E-05 9.9937E-05 9.9937E-05 9.9937E-05 0.822644 9.9937E-05 0.0732994 0.103357 9.9937E-05 9.9937E-05
9.9946E-05 0.000527394 9.9946E-05 9.9946E-05 0.799029 9.9946E-05 9.9946E-05 0.115541 9.9946E-05 0.0843026
0.0234535 0.227316 0.103718 9.9964E-05 9.9964E-05 9.9964E-05 0.112223 0.00256795 9.9964E-05 0.530322
0.0159094 9.9946E-05 0.291801 0.00586424 9.9946E-05 9.9946E-05 9.9946E-05 9.9946E-05 9.9946E-05 0.685826
9.99372E-05 9.99372E-05 0.499609 9.99372E-05 0.262908 9.99372E-05 9.99372E-05 9.99372E-05 0.236784 9.99372E-05
9.99551E-05 0.537958 0.01441 0.119419 0.221106 9.99551E-05 9.99551E-05 9.99551E-05 0.106607 9.99551E-05
0.0823339 0.34032 0.103411 0.0339967 0.194759 9.996E-05 0.244779 9.996E-05 9.996E-05 9.996E-05
9.9964E-05 0.508442 0.0784764 0.0121157 0.0310615 9.9964E-05 0.11095 9.9964E-05 9.9964E-05 0.258554
9.99549E-05 0.486164 0.0808469 9.99549E-05 0.299354 9.99549E-05 9.99549E-05 9.99549E-05 0.0371449 0.0959898
9.9946E-05 0.919704 9.9946E-05 9.9946E-05 0.0191028 9.9946E-05 9.9946E-05 0.0186063 9.9946E-05 0.0419869
9.9937E-05 0.915682 9.9937E-05 0.0300267 9.9937E-05 0.0535916 9.9937E-05 9.9937E-05 9.9937E-05 9.9937E-05
0.0389049 0.361077 9.99459E-05 9.99459E-05 9.99459E-05 9.99459E-05 0.551747 9.99459E-05 9.99459E-05 0.0476714
9.9964E-05 0.801167 0.00626594 9.9964E-05 0.0153015 0.0614199 0.094823 9.9964E-05 0.0206233 9.9964E-05
9.99459E-05 0.501785 0.385063 9.99459E-05 9.99459E-05 9.99459E-05 0.106346 9.99459E-05 0.00620646 9.99459E-05
9.9946E-05 0.556703 0.102876 0.0576944 9.9946E-05 9.9946E-05 0.282127 9.9946E-05 9.9946E-05 9.9946E-05
9.99369E-05 0.769579 9.99369E-05 0.0726478 9.99369E-05 9.99369E-05 9.99369E-05 9.99369E-05 9.99369E-05 0.157073
9.9946E-05 0.725398 9.9946E-05 9.9946E-05 9.9946E-05 0.0759255 0.0690959 9.9946E-05 9.9946E-05 0.128981
0.0171689 0.463935 9.99729E-05 0.161838 0.143687 0.0414003 0.0443557 9.99729E-05 9.99729E-05 0.127316
0.00988352 0.0851725 0.181554 0.028943 0.249443 0.0224269 0.0193138 9.9982E-05 9.9982E-05 0.403063
9.9946E-05 9.9946E-05 9.9946E-05 0.0293872 0.257222 9.9946E-05 0.391249 9.9946E-05 9.9946E-05 0.321543
9.9955E-05 9.9955E-05 0.0184825 9.9955E-05 0.412207 0.0844352 0.139228 9.9955E-05 9.9955E-05 0.345148
9.9946E-05 0.074959 9.9946E-05 0.0561516 0.531605 9.9946E-05 9.9946E-05 9.9946E-05 9.9946E-05 0.336685
9.9946E-05 0.0341652 0.144185 9.9946E-05 9.9946E-05 9.9946E-05 9.9946E-05 9.9946E-05 0.0465858 0.774464
9.9946E-05 9.9946E-05 9.9946E-05 0.0395804 9.9946E-05 0.0402966 0.152094 9.9946E-05 9.9946E-05 0.767429
9.9946E-05 9.9946E-05 0.0555146 9.9946E-05 9.9946E-05 0.121095 0.336483 9.9946E-05 9.9946E-05 0.486308
0.00316084 0.00609455 0.037605 9.99551E-05 9.99551E-05 0.00134162 9.99551E-05 9.99551E-05 9.99551E-05 0.951298
9.9937E-05 9.9937E-05 9.9937E-05 9.9937E-05 9.9937E-05 9.9937E-05 0.229971 0.0278739 9.9937E-05 0.741456
9.99459E-05 0.10679 9.99459E-05 9.99459E-05 0.010053 9.99459E-05 0.440671 9.99459E-05 9.99459E-05 0.441886
9.9946E-05 9.9946E-05 9.9946E-05 0.0246386 9.9946E-05 0.0724132 0.21035 9.9946E-05 9.9946E-05 0.691999
9.9946E-05 0.0291847 9.9946E-05 9.9946E-05 0.101733 9.9946E-05 0.196049 9.9946E-05 9.9946E-05 0.672433
9.99549E-05 9.99549E-05 0.0407458 0.1076 0.118797 9.99549E-05 0.558276 9.99549E-05 9.99549E-05 0.174081
9.9964E-05 0.1419 0.0777229 9.9964E-05 0.306738 9.9964E-05 0.0565439 0.0384539 9.9964E-05 0.378241
9.9946E-05 9.9946E-05 9.9946E-05 9.9946E-05 0.146255 9.9946E-05 0.581387 9.9946E-05 0.0184616 0.253296
9.99551E-05 0.245113 0.0233759 9.99551E-05 0.105001 0.0575685 9.99551E-05 9.99551E-05 9.99551E-05 0.568442
9.99551E-05 0.0237419 0.0404976 0.172803 0.0334347 9.99551E-05 9.99551E-05 9.99551E-05 9.99551E-05 0.729023
9.9946E-05 0.0616383 9.9946E-05 9.9946E-05 0.113502 0.0804853 9.9946E-05 9.9946E-05 9.9946E-05 0.743774
9.99639E-05 0.164949 0.0450859 0.0488757 0.0603262 9.99639E-05 9.99639E-05 9.99639E-05 0.0192304 0.661133
9.9955E-05 9.9955E-05 9.9955E-05 9.9955E-05 0.721021 0.101964 0.0377932 9.9955E-05 0.0540029 0.0847189
9.9964E-05 0.175946 9.9964E-05 9.9964E-05 0.682815 9.9964E-05 0.111979 0.00594837 0.0085937 0.0143182
9.9955E-05 0.161781 9.9955E-05 9.9955E-05 0.508659 9.9955E-05 0.172497 0.0312362 9.9955E-05 0.125327
9.9946E-05 9.9946E-05 9.9946E-05 0.0374055 0.0326325 9.9946E-05 0.302914 9.9946E-05 9.9946E-05 0.626448
0.00130656 0.163502 9.9973E-05 9.9973E-05 0.110375 0.0337439 0.261022 0.0572324 9.9973E-05 0.372519
9.9964E-05 0.120375 9.9964E-05 9.9964E-05 0.162206 0.0143747 0.248553 0.0307751 9.9964E-05 0.423316
9.9964E-05 0.156816 0.0100022 9.9964E-05 0.113714 0.00203359 9.9964E-05 9.9964E-05 0.00754163 0.709493
0.117997 9.9955E-05 9.9955E-05 9.9955E-05 9.9955E-05 0.187781 0.0448234 0.0728408 9.9955E-05 0.576059
9.9946E-05 0.0237447 9.9946E-05 9.9946E-05 9.9946E-05 9.9946E-05 9.9946E-05 0.283365 0.0937906 0.5985
9.994E-05 0.129721 0.0518947 9.994E-05 0.203907 9.994E-05 9.994E-05 9.994E-05 9.994E-05 0.613878
9.99549E-05 0.071771 0.0499148 9.99549E-05 0.652448 9.99549E-05 0.0213811 9.99549E-05 9.99549E-05 0.203986
9.9964E-05 0.0710706 9.9964E-05 0.0443474 0.386301 9.9964E-05 0.0732131 9.9964E-05 0.0720118 0.352656
9.9955E-05 0.0339207 9.9955E-05 0.120741 0.404187 9.9955E-05 0.100856 9.9955E-05 9.9955E-05 0.339796
9.9955E-05 9.9955E-05 0.0635514 0.108263 0.791846 9.9955E-05 0.0253209 9.9955E-05 9.9955E-05 0.0105189
9.9937E-05 9.9937E-05 0.0649984 0.0567953 9.9937E-05 9.9937E-05 9.9937E-05 9.9937E-05 9.9937E-05 0.877507
0.0334567 0.0172897 9.9955E-05 0.12209 0.477689 9.9955E-05 9.9955E-05 9.9955E-05 9.9955E-05 0.348975
9.9946E-05 9.9946E-05 9.9946E-05 0.156601 0.188175 9.9946E-05 0.0960027 9.9946E-05 9.9946E-05 0.558621
9.99459E-05 9.99459E-05 0.0641433 9.99459E-05 0.252219 9.99459E-05 0.545474 9.99459E-05 9.99459E-05 0.137565
9.9937E-05 9.9937E-05 9.9937E-05 9.9937E-05 0.324441 9.9937E-05 9.9937E-05 9.9937E-05 0.0823168 0.592543
9.994E-05 9.994E-05 0.00338448 9.994E-05 0.102291 9.994E-05 9.994E-05 0.210755 0.682971 9.994E-05
0.277777 9.99459E-05 9.99459E-05 9.99459E-05 9.99459E-05 9.99459E-05 0.0709353 0.387565 0.263123 9.99459E-05
0.258859 9.99549E-05 0.0388348 0.0632554 9.99549E-05 9.99549E-05 9.99549E-05 0.288296 0.350254 9.99549E-05
0.137058 9.9973E-05 0.0593839 0.00288474 0.0882319 9.9973E-05 0.0408248 0.606697 0.0646196 9.9973E-05
0.146967 0.151669 9.9955E-05 9.9955E-05 0.0462046 9.9955E-05 9.9955E-05 0.622458 0.0322008 9.9955E-05
0.163117 9.9955E-05 0.0351886 9.9955E-05 9.9955E-05 9.9955E-05 0.0333346 0.712022 0.0558377 9.9955E-05
0.223068 9.9955E-05 9.9955E-05 9.9955E-05 0.0430584 0.0333161 9.9955E-05 0.368873 0.331185 9.9955E-05
0.217593 0.00332778 9.9955E-05 9.9955E-05 9.9955E-05 9.9955E-05 9.9955E-05 0.223668 0.549791 0.00511981
9.99201E-05 9.99201E-05 9.99201E-05 9.99201E-05 9.99201E-05 9.99201E-05 9.99201E-05 9.99201E-05 0.999101 9.99201E-05
0.14372 9.99459E-05 9.99459E-05 9.99459E-05 9.99459E-05 9.99459E-05 9.99459E-05 0.617814 0.0986204 0.139246
9.99282E-05 9.99282E-05 9.99282E-05 9.99282E-05 9.99282E-05 0.108911 9.99282E-05 0.89029 9.99282E-05 9.99282E-05
9.99371E-05 9.99371E-05 9.99371E-05 0.0280301 9.99371E-05 0.0508143 9.99371E-05 0.920456 9.99371E-05 9.99371E-05
0.0822693 0.00538087 9.99551E-05 9.99551E-05 9.99551E-05 0.0398909 9.99551E-05 0.808213 9.99551E-05 0.0637461
