9.99549E-05 9.99549E-05 0.0352078 0.0603865 9.99549E-05 9.99549E-05 9.99549E-05 0.488568 0.122795 0.292544
0.107104 9.9973E-05 0.0189008 0.230005 9.9973E-05 9.9973E-05 0.0982419 0.190726 0.27252 0.0822011
0.000952086 9.9964E-05 0.152603 0.146538 9.9964E-05 0.0983382 9.9964E-05 0.290951 9.9964E-05 0.310218
9.9973E-05 9.9973E-05 0.500196 0.0655491 9.9973E-05 0.062296 0.0494304 0.140895 0.129689 0.0516446
9.9946E-05 0.0259541 0.12182 9.9946E-05 9.9946E-05 9.9946E-05 9.9946E-05 0.164137 9.9946E-05 0.687489
9.9955E-05 9.9955E-05 0.421483 9.9955E-05 9.9955E-05 0.116114 9.9955E-05 0.250328 0.0466595 0.164916
0.149512 9.9955E-05 9.9955E-05 0.00426283 9.9955E-05 0.0409415 0.779756 9.9955E-05 0.025028 9.9955E-05
0.0190625 0.0284247 9.9964E-05 9.9964E-05 9.9964E-05 0.149048 0.640898 9.9964E-05 0.0369196 0.125248
9.9946E-05 9.9946E-05 0.0511726 0.0157928 0.130768 9.9946E-05 0.801667 9.9946E-05 9.9946E-05 9.9946E-05
9.9946E-05 9.9946E-05 9.9946E-05 9.9946E-05 0.0494346 0.0711021 0.861712 0.0171521 9.9946E-05 9.9946E-05
0.145322 9.9937E-05 0.00185464 9.9937E-05 9.9937E-05 9.9937E-05 0.852123 9.9937E-05 9.9937E-05 9.9937E-05
0.539661 9.99459E-05 9.99459E-05 9.99459E-05 9.99459E-05 9.99459E-05 0.360127 0.0446391 9.99459E-05 0.0549737
0.17079 0.300414 9.9946E-05 9.9946E-05 9.9946E-05 9.9946E-05 0.522748 9.9946E-05 9.9946E-05 0.00544823
9.9937E-05 0.236001 9.9937E-05 9.9937E-05 9.9937E-05 0.0117525 0.751547 9.9937E-05 9.9937E-05 9.9937E-05
9.9955E-05 9.9955E-05 0.0348596 0.00228812 9.9955E-05 9.9955E-05 0.947914 0.00923623 9.9955E-05 0.00520201
0.174781 9.99461E-05 9.99461E-05 0.0143485 9.99461E-05 9.99461E-05 0.801088 9.99461E-05 0.00918216 9.99461E-05
0.0360633 9.9946E-05 9.9946E-05 9.9946E-05 9.9946E-05 0.309275 9.9946E-05 0.271827 9.9946E-05 0.382236
0.00698301 9.9955E-05 9.9955E-05 0.11573 9.9955E-05 0.677483 0.0245804 9.9955E-05 0.174724 9.9955E-05
0.00660844 0.0231526 0.222676 0.00710045 9.9964E-05 0.318713 9.9964E-05 0.42135 9.9964E-05 9.9964E-05
9.99549E-05 0.0599059 0.215944 9.99549E-05 9.99549E-05 0.406642 9.99549E-05 0.144002 9.99549E-05 0.173007
9.99549E-05 9.99549E-05 0.0349781 0.107177 9.99549E-05 0.555408 0.0212093 9.99549E-05 9.99549E-05 0.280728
9.9937E-05 9.9937E-05 0.162486 9.9937E-05 9.9937E-05 0.817294 0.0195199 9.9937E-05 9.9937E-05 9.9937E-05
0.134824 9.9946E-05 9.9946E-05 9.9946E-05 9.9946E-05 9.9946E-05 9.9946E-05 0.627403 0.0420155 0.195157
9.9937E-05 9.9937E-05 9.9937E-05 9.9937E-05 9.9937E-05 9.9937E-05 9.9937E-05 0.631948 0.110465 0.256888
9.99461E-05 0.0074531 0.114239 9.99461E-05 9.99461E-05 9.99461E-05 9.99461E-05 0.788239 9.99461E-05 0.0894683
9.9946E-05 9.9946E-05 0.301044 9.9946E-05 9.9946E-05 0.279623 9.9946E-05 0.26175 0.156983 9.9946E-05
9.9946E-05 0.0849875 9.9946E-05 9.9946E-05 9.9946E-05 0.25981 9.9946E-05 0.282313 9.9946E-05 0.372289
9.9955E-05 0.0766466 0.125613 9.9955E-05 9.9955E-05 0.0802372 9.9955E-05 0.304735 9.9955E-05 0.412269
9.995E-05 9.995E-05 9.995E-05 0.109371 9.995E-05 0.290213 0.0538005 9.995E-05 0.204044 0.342071
9.99551E-05 9.99551E-05 9.99551E-05 0.16634 9.99551E-05 0.355695 0.110454 9.99551E-05 0.0938922 0.273119
0.28374 9.9946E-05 0.218536 0.21705 9.9946E-05 0.280073 9.9946E-05 9.9946E-05 9.9946E-05 9.9946E-05
0.155376 9.994E-05 0.241901 9.994E-05 9.994E-05 0.320084 9.994E-05 9.994E-05 9.994E-05 0.28204
0.0132954 9.9955E-05 0.369972 9.9955E-05 9.9955E-05 0.406186 9.9955E-05 9.9955E-05 0.0596437 0.150403
9.9946E-05 9.9946E-05 9.9946E-05 9.9946E-05 9.9946E-05 9.9946E-05 0.0114114 0.897402 0.0446255 0.0459614
0.117259 9.99369E-05 9.99369E-05 0.123201 9.99369E-05 9.99369E-05 9.99369E-05 0.758841 9.99369E-05 9.99369E-05
0.0339929 9.9955E-05 0.110666 9.9955E-05 9.9955E-05 0.235501 9.9955E-05 0.386575 9.9955E-05 0.232766
0.171489 0.255808 0.124661 0.150887 9.9964E-05 0.00577397 9.9964E-05 0.290981 9.9964E-05 9.9964E-05
0.0220708 0.0676629 0.0410197 9.9964E-05 9.9964E-05 0.0723296 9.9964E-05 0.646586 9.9964E-05 0.149931
9.9964E-05 0.111699 0.0344037 0.178566 9.9964E-05 0.133096 9.9964E-05 0.502543 0.0392919 9.9964E-05
9.9955E-05 9.9955E-05 0.218492 9.9955E-05 0.0134369 0.307217 9.9955E-05 0.450167 9.9955E-05 0.0101876
9.9955E-05 9.9955E-05 0.352401 0.0332804 9.9955E-05 0.0436584 9.9955E-05 0.0940061 0.476155 9.9955E-05
9.9955E-05 0.0940063 0.511287 0.00555232 9.9955E-05 0.103714 9.9955E-05 9.9955E-05 0.28494 9.9955E-05
9.9964E-05 0.171057 0.572059 0.132556 9.9964E-05 0.0872053 9.9964E-05 0.015778 0.0209445 9.9964E-05
9.9955E-05 0.0491561 0.266683 9.9955E-05 0.0737643 9.9955E-05 9.9955E-05 0.0663075 0.543589 9.9955E-05
9.9946E-05 9.9946E-05 0.443442 9.9946E-05 9.9946E-05 0.244181 0.0147717 9.9946E-05 0.297006 9.9946E-05
9.9955E-05 9.9955E-05 0.486652 0.0384328 9.9955E-05 0.267822 9.9955E-05 0.196516 0.0100773 9.9955E-05
0.0987034 9.9937E-05 9.9937E-05 0.0633511 9.9937E-05 0.837246 9.9937E-05 9.9937E-05 9.9937E-05 9.9937E-05
0.140326 9.99459E-05 9.99459E-05 0.348973 9.99459E-05 0.398675 9.99459E-05 9.99459E-05 0.111426 9.99459E-05
0.00021244 9.9937E-05 9.9937E-05 0.688701 9.9937E-05 0.310387 9.9937E-05 9.9937E-05 9.9937E-05 9.9937E-05
9.99459E-05 9.99459E-05 9.99459E-05 0.698598 9.99459E-05 0.162918 9.99459E-05 0.112972 0.0249128 9.99459E-05
9.99369E-05 9.99369E-05 9.99369E-05 0.369868 9.99369E-05 0.587062 0.0423705 9.99369E-05 9.99369E-05 9.99369E-05
9.9946E-05 9.9946E-05 9.9946E-05 9.9946E-05 9.9946E-05 0.371642 0.0994559 0.16019 0.368113 9.9946E-05
9.9955E-05 9.9955E-05 9.9955E-05 0.084867 0.0488898 0.60775 9.9955E-05 0.119656 9.9955E-05 0.138337
9.9955E-05 0.053025 0.0523326 9.9955E-05 9.9955E-05 0.316865 9.9955E-05 0.296285 0.280993 9.9955E-05
9.99369E-05 9.99369E-05 9.99369E-05 9.99369E-05 9.99369E-05 0.376364 9.99369E-05 0.281571 0.341366 9.99369E-05
9.9955E-05 0.0455428 0.27404 9.9955E-05 9.9955E-05 0.404866 9.9955E-05 0.146603 9.9955E-05 0.12845
0.0149071 9.9955E-05 9.9955E-05 0.00124325 0.418837 9.9955E-05 0.186953 0.37756 9.9955E-05 9.9955E-05
9.9955E-05 0.250026 9.9955E-05 9.9955E-05 0.23819 9.9955E-05 0.312898 0.130775 9.9955E-05 0.0676112
9.9955E-05 0.494973 9.9955E-05 9.9955E-05 0.464314 9.9955E-05 0.0019904 0.00653728 9.9955E-05 0.0316853
9.9955E-05 9.9955E-05 9.9955E-05 9.9955E-05 0.754922 0.0662266 0.0948742 0.0250015 0.058476 9.9955E-05
0.106232 0.130502 0.00833986 9.9955E-05 0.696412 9.9955E-05 0.0580141 9.9955E-05 9.9955E-05 9.9955E-05
0.000232903 9.9937E-05 9.9937E-05 9.9937E-05 0.877409 0.121659 9.9937E-05 9.9937E-05 9.9937E-05 9.9937E-05
0.771022 9.99369E-05 9.99369E-05 0.202595 9.99369E-05 9.99369E-05 0.0256837 9.99369E-05 9.99369E-05 9.99369E-05
0.834251 0.0776302 9.99459E-05 9.99459E-05 9.99459E-05 0.0786306 9.99459E-05 9.99459E-05 9.99459E-05 0.00888831
0.339112 0.0379461 0.0683181 9.9964E-05 0.123308 9.9964E-05 0.428798 0.00211784 9.9964E-05 9.9964E-05
0.0178962 0.0940534 9.9955E-05 9.9955E-05 0.327749 9.9955E-05 0.504746 0.055055 9.9955E-05 9.9955E-05
0.289535 0.368233 9.9964E-05 0.0637222 9.9964E-05 0.0262436 0.171831 0.0800354 9.9964E-05 9.9964E-05
9.99371E-05 0.590935 9.99371E-05 9.99371E-05 9.99371E-05 9.99371E-05 0.294308 0.114058 9.99371E-05 9.99371E-05
0.600553 0.159035 9.9946E-05 9.9946E-05 9.9946E-05 9.9946E-05 0.152193 0.087619 9.9946E-05 9.9946E-05
0.349988 0.284076 9.9955E-05 9.9955E-05 0.154174 9.9955E-05 0.0827681 0.128494 9.9955E-05 9.9955E-05
0.64554 0.103616 0.00609815 9.9964E-05 9.9964E-05 9.9964E-05 0.0914192 0.152185 9.9964E-05 0.000741471
0.259089 0.365023 9.99549E-05 9.99549E-05 0.196877 9.99549E-05 0.0354823 0.143029 9.99549E-05 9.99549E-05
0.8154 0.0604132 9.9946E-05 9.9946E-05 9.9946E-05 9.9946E-05 0.0807341 9.9946E-05 9.9946E-05 0.0428525
0.17734 0.368674 9.99459E-05 9.99459E-05 0.350721 0.102664 9.99459E-05 9.99459E-05 9.99459E-05 9.99459E-05
0.144618 0.757603 0.0117092 9.9964E-05 9.9964E-05 0.0533533 9.9964E-05 0.0222761 9.9964E-05 0.0100412
0.13285 0.36121 0.0146483 9.9955E-05 0.442646 0.0481458 9.9955E-05 9.9955E-05 9.9955E-05 9.9955E-05
0.331056 0.328317 0.049138 9.99459E-05 0.290889 9.99459E-05 9.99459E-05 9.99459E-05 9.99459E-05 9.99459E-05
9.9928E-05 0.489039 9.9928E-05 9.9928E-05 0.510162 9.9928E-05 9.9928E-05 9.9928E-05 9.9928E-05 9.9928E-05
9.9946E-05 0.155409 9.9946E-05 9.9946E-05 0.645929 9.9946E-05 0.179509 0.0185542 9.9946E-05 9.9946E-05
0.574277 9.9937E-05 9.9937E-05 9.9937E-05 0.313636 0.111387 9.9937E-05 9.9937E-05 9.9937E-05 9.9937E-05
9.99551E-05 0.045009 0.0592489 0.00732788 0.841664 0.0462501 9.99551E-05 9.99551E-05 9.99551E-05 9.99551E-05
9.99641E-05 0.0160043 0.0514533 9.99641E-05 9.99641E-05 0.106101 9.99641E-05 0.0185768 0.0589347 0.74853
9.9955E-05 0.0521075 9.9955E-05 9.9955E-05 0.00916243 0.0931526 9.9955E-05 9.9955E-05 0.844212 0.000865532
9.9937E-05 0.0873881 9.9937E-05 9.9937E-05 9.9937E-05 9.9937E-05 9.9937E-05 9.9937E-05 0.807513 0.104399
9.9964E-05 0.0714262 0.00977099 0.128924 9.9964E-05 9.9964E-05 0.00337852 0.00526199 9.9964E-05 0.780838
9.99459E-05 9.99459E-05 9.99459E-05 0.292136 9.99459E-05 0.0504198 0.0639738 9.99459E-05 9.99459E-05 0.59287
9.99201E-05 9.99201E-05 9.99201E-05 0.999101 9.99201E-05 9.99201E-05 9.99201E-05 9.99201E-05 9.99201E-05 9.99201E-05
0.0356925 9.99641E-05 0.526188 0.323536 9.99641E-05 9.99641E-05 0.0444698 9.99641E-05 0.041522 0.0281922
9.9955E-05 9.9955E-05 0.418767 0.241964 9.9955E-05 9.9955E-05 0.0892315 0.00901084 0.240527 9.9955E-05
0.0306935 9.9955E-05 0.497991 0.111337 9.9955E-05 9.9955E-05 9.9955E-05 9.9955E-05 0.0281509 0.331327
9.99459E-05 9.99459E-05 0.293395 0.3541 9.99459E-05 9.99459E-05 9.99459E-05 9.99459E-05 0.118749 0.233156
9.9937E-05 9.9937E-05 0.788681 9.9937E-05 0.0263106 9.9937E-05 9.9937E-05 9.9937E-05 9.9937E-05 0.184309
9.9946E-05 0.0223497 0.969246 9.9946E-05 9.9946E-05 9.9946E-05 9.9946E-05 0.00259793 9.9946E-05 0.00520705
9.99459E-05 9.99459E-05 0.422235 9.99459E-05 9.99459E-05 9.99459E-05 0.064492 0.102893 9.99459E-05 0.409781
9.99549E-05 9.99549E-05 0.557977 0.139696 0.0531302 9.99549E-05 9.99549E-05 0.0470773 9.99549E-05 0.20162
9.99639E-05 9.99639E-05 0.493545 0.35606 0.00292872 0.0698259 0.064822 9.99639E-05 9.99639E-05 0.0124187
9.99549E-05 9.99549E-05 0.622832 0.151651 0.0514059 9.99549E-05 9.99549E-05 0.0991776 9.99549E-05 0.0744332
9.9946E-05 9.9946E-05 0.674406 9.9946E-05 0.0253565 9.9946E-05 0.0431327 9.9946E-05 9.9946E-05 0.256505
0.0554834 9.9946E-05 0.595463 9.9946E-05 9.9946E-05 9.9946E-05 9.9946E-05 0.0248807 9.9946E-05 0.323574
9.99549E-05 9.99549E-05 0.506337 9.99549E-05 9.99549E-05 9.99549E-05 0.0257442 0.0909823 0.228059 0.148378
9.99639E-05 9.99639E-05 9.99639E-05 0.300561 9.99639E-05 0.0168917 0.0403582 0.0779779 0.155116 0.408695
9.9946E-05 9.9946E-05 9.9946E-05 0.0140133 9.9946E-05 0.0516519 9.9946E-05 9.9946E-05 0.399013 0.534722
9.9955E-05 9.9955E-05 9.9955E-05 0.0685299 9.9955E-05 0.000828167 9.9955E-05 0.084781 0.395828 0.449533
0.0135085 9.9937E-05 9.9937E-05 9.9937E-05 9.9937E-05 9.9937E-05 9.9937E-05 9.9937E-05 0.614014 0.371778
9.99369E-05 9.99369E-05 9.99369E-05 0.255727 0.0152403 9.99369E-05 9.99369E-05 9.99369E-05 9.99369E-05 0.728333
9.9937E-05 9.9937E-05 9.9937E-05 9.9937E-05 9.9937E-05 0.0520774 9.9937E-05 0.0431746 9.9937E-05 0.904048
9.9946E-05 9.9946E-05 9.9946E-05 0.0256276 9.9946E-05 0.101565 9.9946E-05 0.153676 9.9946E-05 0.718531
9.99461E-05 0.00182412 9.99461E-05 0.0461283 9.99461E-05 0.02531 9.99461E-05 9.99461E-05 9.99461E-05 0.926138
9.9946E-05 0.00425583 9.9946E-05 0.0838789 9.9946E-05 9.9946E-05 9.9946E-05 0.0615804 9.9946E-05 0.849685
0.00830781 9.9955E-05 0.140431 9.9955E-05 9.9955E-05 9.9955E-05 0.0150269 9.9955E-05 0.0519664 0.783768
9.9946E-05 9.9946E-05 0.0446848 9.9946E-05 9.9946E-05 9.9946E-05 9.9946E-05 0.0787102 0.103917 0.772088
9.99371E-05 9.99371E-05 9.99371E-05 9.99371E-05 9.99371E-05 9.99371E-05 9.99371E-05 0.0630148 0.0463163 0.889969
9.99639E-05 9.99639E-05 0.121466 0.130073 9.99639E-05 0.0322182 9.99639E-05 0.0737772 0.249257 0.392808
9.9955E-05 0.00671649 0.101586 9.9955E-05 9.9955E-05 0.167274 9.9955E-05 9.9955E-05 0.337633 0.386291
9.9955E-05 9.9955E-05 0.0618005 0.131042 9.9955E-05 9.9955E-05 9.9955E-05 0.154384 0.0726311 0.579642
9.99641E-05 9.99641E-05 0.164866 0.097554 9.99641E-05 0.014724 9.99641E-05 0.0182292 0.0294411 0.674786
9.99461E-05 9.99461E-05 0.0753253 0.103126 9.99461E-05 9.99461E-05 9.99461E-05 9.99461E-05 0.0872127 0.733736
9.9946E-05 9.9946E-05 9.9946E-05 9.9946E-05 9.9946E-05 0.00846348 9.9946E-05 0.0357757 0.118781 0.83638
9.99369E-05 9.99369E-05 0.134744 0.167849 9.99369E-05 9.99369E-05 9.99369E-05 9.99369E-05 9.99369E-05 0.696707
9.9946E-05 9.9946E-05 9.9946E-05 0.0181271 9.9946E-05 9.9946E-05 9.9946E-05 0.140862 0.6741 0.166311
0.0539316 9.9955E-05 0.0750584 0.0384495 9.9955E-05 9.9955E-05 9.9955E-05 9.9955E-05 0.632892 0.199169
0.0448751 9.9955E-05 9.9955E-05 0.0457066 9.9955E-05 9.9955E-05 9.9955E-05 0.000626726 0.331334 0.576958
9.9937E-05 9.9937E-05 0.12581 9.9937E-05 9.9937E-05 9.9937E-05 9.9937E-05 9.9937E-05 0.121625 0.751866
0.0185424 0.0713203 0.136584 9.9964E-05 9.9964E-05 9.9964E-05 9.9964E-05 0.0190032 0.0728976 0.681252
0.000223413 9.9973E-05 0.109519 0.0247366 0.0162135 9.9973E-05 9.9973E-05 0.113591 0.0682892 0.667127
0.032213 9.9946E-05 0.0232037 9.9946E-05 9.9946E-05 9.9946E-05 9.9946E-05 9.9946E-05 0.0979372 0.846046
9.9946E-05 9.9946E-05 9.9946E-05 9.9946E-05 0.147497 9.9946E-05 0.0759939 0.185853 9.9946E-05 0.590057
9.9937E-05 0.0114059 9.9937E-05 9.9937E-05 0.343928 9.9937E-05 9.9937E-05 9.9937E-05 9.9937E-05 0.643966
9.9937E-05 9.9937E-05 9.9937E-05 0.098482 9.9937E-05 9.9937E-05 9.9937E-05 9.9937E-05 0.185026 0.715792
9.99369E-05 9.99369E-05 9.99369E-05 0.0945102 9.99369E-05 9.99369E-05 9.99369E-05 9.99369E-05 0.660432 0.244358
0.0338459 9.9964E-05 0.0704345 0.0364845 9.9964E-05 9.9964E-05 9.9964E-05 0.0838537 0.393391 0.38159
9.9955E-05 9.9955E-05 0.0146728 0.0685041 9.9955E-05 9.9955E-05 9.9955E-05 0.0924367 0.465915 0.357971
9.9946E-05 9.9946E-05 9.9946E-05 0.0893849 9.9946E-05 9.9946E-05 9.9946E-05 0.012382 0.850694 0.0469397
9.9937E-05 9.9937E-05 9.9937E-05 0.0992097 9.9937E-05 9.9937E-05 9.9937E-05 9.9937E-05 0.0903634 0.809727
9.9955E-05 9.9955E-05 0.114006 0.0277522 9.9955E-05 9.9955E-05 0.00515511 9.9955E-05 0.626164 0.226423
9.9946E-05 9.9946E-05 0.111569 9.9946E-05 9.9946E-05 9.9946E-05 0.018728 9.9946E-05 0.318482 0.550622
9.99639E-05 9.99639E-05 0.0736725 0.154287 9.99639E-05 0.0118476 9.99639E-05 0.0486496 0.309266 0.401878
0.0560539 9.9946E-05 9.9946E-05 0.060879 9.9946E-05 9.9946E-05 9.9946E-05 9.9946E-05 0.363761 0.518707
0.661321 9.9946E-05 9.9946E-05 0.044895 0.149404 9.9946E-05 9.9946E-05 9.9946E-05 0.14378 9.9946E-05
0.264845 9.9955E-05 0.00873364 9.9955E-05 0.709089 9.9955E-05 0.00408613 0.0127466 9.9955E-05 9.9955E-05
0.209404 9.9946E-05 9.9946E-05 0.0863251 0.607891 9.9946E-05 0.0957801 9.9946E-05 9.9946E-05 9.9946E-05
9.9964E-05 0.0816707 0.0644922 0.0742991 0.774492 9.9964E-05 0.00313587 9.9964E-05 0.00151053 9.9964E-05
9.9946E-05 0.194699 0.0551847 9.9946E-05 0.695842 9.9946E-05 9.9946E-05 9.9946E-05 9.9946E-05 0.053675
9.9928E-05 0.218989 9.9928E-05 9.9928E-05 0.780212 9.9928E-05 9.9928E-05 9.9928E-05 9.9928E-05 9.9928E-05
0.346425 0.249063 9.9955E-05 9.9955E-05 0.133588 9.9955E-05 0.198368 9.9955E-05 0.0720553 9.9955E-05
0.598673 0.057115 0.00400047 9.9964E-05 0.0865025 9.9964E-05 0.221938 9.9964E-05 9.9964E-05 0.0313712
0.827751 9.99282E-05 9.99282E-05 0.17145 9.99282E-05 9.99282E-05 9.99282E-05 9.99282E-05 9.99282E-05 9.99282E-05
0.0683224 0.416608 9.99549E-05 9.99549E-05 0.305824 9.99549E-05 0.10426 9.99549E-05 9.99549E-05 0.104486
9.99201E-05 0.999101 9.99201E-05 9.99201E-05 9.99201E-05 9.99201E-05 9.99201E-05 9.99201E-05 9.99201E-05 9.99201E-05
9.9928E-05 0.675249 9.9928E-05 9.9928E-05 0.323952 9.9928E-05 9.9928E-05 9.9928E-05 9.9928E-05 9.9928E-05
9.9946E-05 0.888295 0.0202132 0.000912882 9.9946E-05 9.9946E-05 0.089979 9.9946E-05 9.9946E-05 9.9946E-05
