0.0502956 0.410385 9.99639E-05 9.99639E-05 9.99639E-05 0.225459 9.99639E-05 0.162675 0.149761 0.00102517
0.201103 9.9964E-05 9.9964E-05 0.0484322 9.9964E-05 0.313568 0.0926962 9.9964E-05 0.107527 0.236274
0.281336 0.196223 9.9964E-05 0.0830063 9.9964E-05 9.9964E-05 9.9964E-05 0.0466024 0.303805 0.0886283
0.0586223 0.164805 0.0243058 0.0580948 9.9964E-05 0.161545 9.9964E-05 9.9964E-05 0.532227 9.9964E-05
0.206406 0.146325 9.9946E-05 9.9946E-05 9.9946E-05 9.9946E-05 9.9946E-05 0.378388 0.268282 9.9946E-05
0.142567 0.239909 9.9946E-05 0.0391292 9.9946E-05 9.9946E-05 9.9946E-05 9.9946E-05 0.577795 9.9946E-05
9.9946E-05 9.9946E-05 9.9946E-05 0.0777505 9.9946E-05 0.0357209 0.838537 9.9946E-05 9.9946E-05 0.0473914
0.00319734 0.0243382 9.9964E-05 0.0857382 0.0602371 9.9964E-05 0.640226 0.185864 9.9964E-05 9.9964E-05
9.9937E-05 9.9937E-05 0.146034 9.9937E-05 9.9937E-05 9.9937E-05 0.789825 9.9937E-05 0.0634417 9.9937E-05
9.9946E-05 0.0730342 0.114743 9.9946E-05 9.9946E-05 0.0102875 0.801336 9.9946E-05 9.9946E-05 9.9946E-05
0.0378087 9.9946E-05 9.9946E-05 9.9946E-05 9.9946E-05 9.9946E-05 0.877123 9.9946E-05 0.01937 0.0650985
9.99549E-05 0.0192551 0.0607307 9.99549E-05 9.99549E-05 9.99549E-05 0.428388 0.0873928 9.99549E-05 0.403733
9.9946E-05 9.9946E-05 9.9946E-05 9.9946E-05 0.339454 9.9946E-05 0.579778 0.0412748 9.9946E-05 0.0388943
9.99371E-05 9.99371E-05 9.99371E-05 0.0053853 0.233198 9.99371E-05 0.760717 9.99371E-05 9.99371E-05 9.99371E-05
9.9964E-05 9.9964E-05 0.091832 0.0666666 9.9964E-05 0.0121219 0.782816 9.9964E-05 0.0421308 0.00403307
0.0545025 9.99371E-05 9.99371E-05 9.99371E-05 9.99371E-05 9.99371E-05 0.876904 9.99371E-05 9.99371E-05 0.0678937
0.228886 0.345487 9.99549E-05 0.219674 0.0110436 9.99549E-05 9.99549E-05 0.194409 9.99549E-05 9.99549E-05
0.196538 9.9955E-05 9.9955E-05 0.749067 0.0184625 9.9955E-05 0.0150225 9.9955E-05 0.0204096 9.9955E-05
9.9946E-05 0.52886 9.9946E-05 0.261211 0.0580061 9.9946E-05 9.9946E-05 9.9946E-05 0.151322 9.9946E-05
9.9955E-05 0.386146 9.9955E-05 0.181608 0.0782717 9.9955E-05 9.9955E-05 0.241886 0.111588 9.9955E-05
9.99459E-05 0.0947253 9.99459E-05 0.542186 9.99459E-05 9.99459E-05 9.99459E-05 0.337592 0.024897 9.99459E-05
9.9955E-05 0.284165 0.0235666 0.531145 9.9955E-05 9.9955E-05 9.9955E-05 0.0870192 0.0736047 9.9955E-05
0.170183 0.531132 9.9964E-05 9.9964E-05 9.9964E-05 0.0184424 0.000492939 0.104263 9.9964E-05 0.175086
0.233586 0.59754 9.9946E-05 9.9946E-05 9.9946E-05 9.9946E-05 9.9946E-05 0.146112 9.9946E-05 0.022162
0.103084 0.804508 9.99461E-05 9.99461E-05 9.99461E-05 9.99461E-05 9.99461E-05 0.0752331 0.0165744 9.99461E-05
9.9955E-05 0.562713 9.9955E-05 0.011256 9.9955E-05 0.136666 9.9955E-05 0.0969687 0.191897 9.9955E-05
0.0898631 0.409195 9.9955E-05 0.02529 0.110973 9.9955E-05 9.9955E-05 0.364179 9.9955E-05 9.9955E-05
9.9955E-05 0.465997 9.9955E-05 9.9955E-05 0.0178253 9.9955E-05 0.0303454 0.439533 0.0458 9.9955E-05
9.9946E-05 9.9946E-05 9.9946E-05 0.236198 9.9946E-05 0.300397 0.0859994 0.376806 9.9946E-05 9.9946E-05
9.995E-05 9.995E-05 9.995E-05 0.266285 0.0419262 0.379556 0.0852657 0.226467 9.995E-05 9.995E-05
9.9937E-05 9.9937E-05 9.9937E-05 0.394081 9.9937E-05 9.9937E-05 9.9937E-05 9.9937E-05 0.316599 0.288621
9.9964E-05 9.9964E-05 0.00465389 0.250249 9.9964E-05 9.9964E-05 0.0191552 0.287494 0.336148 0.1019
9.9946E-05 0.113989 9.9946E-05 0.289478 9.9946E-05 9.9946E-05 9.9946E-05 0.127542 0.468392 9.9946E-05
0.106586 0.850709 9.9946E-05 9.9946E-05 9.9946E-05 0.0245747 0.0175305 9.9946E-05 9.9946E-05 9.9946E-05
0.0157454 0.637216 9.9946E-05 9.9946E-05 9.9946E-05 0.0367917 9.9946E-05 9.9946E-05 9.9946E-05 0.309647
9.9946E-05 0.462258 9.9946E-05 0.160218 9.9946E-05 9.9946E-05 9.9946E-05 0.319551 9.9946E-05 0.0573735
0.0018008 0.295534 9.9964E-05 0.0553879 0.217158 9.9964E-05 9.9964E-05 9.9964E-05 0.153438 0.276281
0.0983944 0.535868 9.9973E-05 0.0688032 0.0779549 9.9973E-05 9.9973E-05 0.0201219 0.143684 0.054874
9.9946E-05 0.502824 9.9946E-05 0.0651041 0.0939511 0.337521 9.9946E-05 9.9946E-05 9.9946E-05 9.9946E-05
9.9955E-05 0.6098 0.0463644 0.140362 9.9955E-05 9.9955E-05 9.9955E-05 0.12582 0.0771538 9.9955E-05
9.9937E-05 0.186886 9.9937E-05 9.9937E-05 9.9937E-05 0.633877 9.9937E-05 9.9937E-05 0.178538 9.9937E-05
9.9955E-05 0.133138 9.9955E-05 9.9955E-05 0.137493 0.326467 9.9955E-05 0.0881121 0.31429 9.9955E-05
9.996E-05 0.0878223 9.996E-05 0.123522 0.132064 0.0974966 9.996E-05 0.00842928 0.550267 9.996E-05
0.35102 0.0842093 0.05164 9.9964E-05 0.127274 0.227368 9.9964E-05 9.9964E-05 0.158088 9.9964E-05
9.99461E-05 0.314492 9.99461E-05 0.0369799 9.99461E-05 0.236125 9.99461E-05 9.99461E-05 0.411804 9.99461E-05
9.9946E-05 0.303358 9.9946E-05 0.0837454 9.9946E-05 0.0853776 9.9946E-05 9.9946E-05 0.526919 9.9946E-05
9.9946E-05 0.1378 0.0407163 0.809445 0.0114387 9.9946E-05 9.9946E-05 9.9946E-05 9.9946E-05 9.9946E-05
0.103168 9.9946E-05 9.9946E-05 0.697844 9.9946E-05 0.0775129 9.9946E-05 9.9946E-05 9.9946E-05 0.120875
9.9937E-05 9.9937E-05 9.9937E-05 0.680716 9.9937E-05 0.213004 9.9937E-05 9.9937E-05 9.9937E-05 0.105581
9.9928E-05 9.9928E-05 9.9928E-05 0.380374 9.9928E-05 0.618826 9.9928E-05 9.9928E-05 9.9928E-05 9.9928E-05
9.9964E-05 0.0299942 9.9964E-05 0.81574 0.0262471 9.9964E-05 0.0167331 0.0431473 0.0677389 9.9964E-05
0.181512 0.283144 0.0895552 0.211979 9.9964E-05 0.199607 0.0338025 9.9964E-05 9.9964E-05 9.9964E-05
9.9946E-05 0.292611 0.0518271 0.552591 9.9946E-05 9.9946E-05 9.9946E-05 0.102371 9.9946E-05 9.9946E-05
0.0749751 0.497494 9.9955E-05 0.169431 0.0530852 0.204515 9.9955E-05 9.9955E-05 9.9955E-05 9.9955E-05
0.00314454 0.552381 0.0300701 0.141367 9.99549E-05 0.272537 9.99549E-05 9.99549E-05 9.99549E-05 9.99549E-05
9.99549E-05 0.428936 9.99549E-05 0.127884 0.103816 9.99549E-05 9.99549E-05 0.17016 0.168705 9.99549E-05
9.995E-05 0.232924 0.40055 9.995E-05 9.995E-05 0.117414 0.166929 9.995E-05 9.995E-05 0.0816828
9.9955E-05 0.111996 0.162668 9.9955E-05 0.329198 9.9955E-05 0.301098 0.0945394 9.9955E-05 9.9955E-05
0.0488857 9.9937E-05 0.51358 9.9937E-05 0.436835 9.9937E-05 9.9937E-05 9.9937E-05 9.9937E-05 9.9937E-05
9.9964E-05 0.033599 0.707349 0.0422996 9.9964E-05 0.0258295 0.175787 9.9964E-05 9.9964E-05 0.0147354
0.0314184 9.9946E-05 0.808542 9.9946E-05 9.9946E-05 9.9946E-05 0.104841 9.9946E-05 9.9946E-05 0.0545987
9.9937E-05 9.9937E-05 0.808946 0.176564 9.9937E-05 9.9937E-05 9.9937E-05 0.0137902 9.9937E-05 9.9937E-05
9.99459E-05 9.99459E-05 9.99459E-05 0.0851756 9.99459E-05 0.0305517 0.0478329 9.99459E-05 9.99459E-05 0.83584
9.99549E-05 0.00888485 9.99549E-05 0.0108982 0.199823 9.99549E-05 9.99549E-05 9.99549E-05 0.0263659 0.753528
9.9946E-05 9.9946E-05 0.28635 9.9946E-05 9.9946E-05 9.9946E-05 0.396635 9.9946E-05 0.0259548 0.290461
9.9946E-05 0.0431124 0.370729 9.9946E-05 0.0368266 9.9946E-05 0.548733 9.9946E-05 9.9946E-05 9.9946E-05
9.9964E-05 0.147256 0.0872622 9.9964E-05 0.225514 9.9964E-05 0.276859 0.0248547 9.9964E-05 0.237854
9.99371E-05 0.0984649 9.99371E-05 9.99371E-05 0.569115 9.99371E-05 0.331721 9.99371E-05 9.99371E-05 9.99371E-05
9.9955E-05 0.04824 0.041851 9.9955E-05 0.264604 9.9955E-05 0.0303285 9.9955E-05 9.9955E-05 0.614476
9.9955E-05 0.106147 0.253389 9.9955E-05 0.17717 9.9955E-05 0.288315 9.9955E-05 9.9955E-05 0.174479
9.9946E-05 0.0724796 9.9946E-05 9.9946E-05 0.212289 9.9946E-05 9.9946E-05 0.0167823 9.9946E-05 0.69785
9.9964E-05 0.0952146 0.143185 9.9964E-05 0.408653 9.9964E-05 0.0832109 0.00519676 9.9964E-05 0.26414
9.9955E-05 9.9955E-05 0.139701 9.9955E-05 0.0868767 9.9955E-05 0.0148492 0.0117757 9.9955E-05 0.746298
0.010713 9.9973E-05 0.344904 0.0759402 0.423098 9.9973E-05 0.0141277 0.0431895 9.9973E-05 0.0877278
9.9937E-05 9.9937E-05 9.9937E-05 0.0840775 0.74647 9.9937E-05 9.9937E-05 9.9937E-05 9.9937E-05 0.168753
9.9955E-05 9.9955E-05 0.572984 0.0630889 0.257562 9.9955E-05 9.9955E-05 9.9955E-05 0.0118916 0.0939733
9.99459E-05 9.99459E-05 0.37629 9.99459E-05 0.312321 9.99459E-05 9.99459E-05 9.99459E-05 0.0622905 0.248499
9.9928E-05 9.9928E-05 0.648205 9.9928E-05 0.350996 9.9928E-05 9.9928E-05 9.9928E-05 9.9928E-05 9.9928E-05
9.9946E-05 0.0295837 0.632223 9.9946E-05 0.105416 9.9946E-05 0.232178 9.9946E-05 9.9946E-05 9.9946E-05
9.99459E-05 9.99459E-05 0.404417 0.0857263 9.99459E-05 9.99459E-05 0.0300551 9.99459E-05 9.99459E-05 0.479202
9.99551E-05 9.99551E-05 0.873268 0.0485764 0.0407432 0.0148987 9.99551E-05 9.99551E-05 0.0220135 9.99551E-05
0.169501 0.0372907 9.99641E-05 0.0233488 0.0104597 9.99641E-05 9.99641E-05 0.687254 0.0717458 9.99641E-05
0.784892 9.9955E-05 0.0223886 0.0144271 9.9955E-05 0.148706 0.0290859 9.9955E-05 9.9955E-05 9.9955E-05
0.777426 9.9946E-05 0.0138665 9.9946E-05 0.0643544 0.143754 9.9946E-05 9.9946E-05 9.9946E-05 9.9946E-05
0.155297 9.9964E-05 9.9964E-05 0.0398899 0.00108615 9.9964E-05 0.060954 0.529749 0.212624 9.9964E-05
9.99459E-05 9.99459E-05 9.99459E-05 0.0844401 9.99459E-05 0.337237 0.0430196 0.534704 9.99459E-05 9.99459E-05
9.99371E-05 9.99371E-05 9.99371E-05 0.225861 9.99371E-05 0.52417 9.99371E-05 9.99371E-05 9.99371E-05 0.249269
0.0323205 9.99551E-05 9.99551E-05 9.99551E-05 9.99551E-05 0.231946 0.00493182 9.99551E-05 0.575386 0.154916
0.012804 9.9955E-05 9.9955E-05 9.9955E-05 9.9955E-05 0.42717 0.0865177 9.9955E-05 0.424836 0.0481725
9.9946E-05 9.9946E-05 9.9946E-05 9.9946E-05 9.9946E-05 0.105561 9.9946E-05 0.24545 0.62479 0.0235989
0.0741758 9.9955E-05 9.9955E-05 9.9955E-05 9.9955E-05 0.314138 9.9955E-05 0.306094 0.218786 0.0863065
9.99461E-05 9.99461E-05 0.0355417 9.99461E-05 9.99461E-05 9.99461E-05 9.99461E-05 0.211648 0.737291 0.0149198
9.9937E-05 0.0500526 9.9937E-05 9.9937E-05 0.0434176 9.9937E-05 9.9937E-05 9.9937E-05 0.90583 9.9937E-05
9.99459E-05 0.107182 9.99459E-05 9.99459E-05 9.99459E-05 9.99459E-05 0.0172393 0.271435 0.603544 9.99459E-05
0.00384777 0.0137916 0.0312802 0.0216908 9.9973E-05 9.9973E-05 9.9973E-05 0.133859 0.715234 0.0799966
9.99459E-05 9.99459E-05 9.99459E-05 0.279844 9.99459E-05 0.0555681 9.99459E-05 9.99459E-05 0.609012 0.0549755
9.9964E-05 0.0691962 0.0133395 0.065557 9.9964E-05 0.133548 9.9964E-05 0.0609631 0.656996 9.9964E-05
9.9946E-05 9.9946E-05 9.9946E-05 9.9946E-05 0.0688686 0.0207205 9.9946E-05 0.226412 0.683399 9.9946E-05
9.9955E-05 0.0822774 9.9955E-05 9.9955E-05 0.00101983 9.9955E-05 9.9955E-05 0.19593 0.703817 0.0164559
9.99459E-05 0.146548 9.99459E-05 9.99459E-05 9.99459E-05 0.179373 9.99459E-05 0.137547 0.535932 9.99459E-05
9.99459E-05 0.00154073 9.99459E-05 0.0771724 9.99459E-05 0.520303 9.99459E-05 0.400384 9.99459E-05 9.99459E-05
0.324958 9.9955E-05 9.9955E-05 0.0231239 9.9955E-05 0.216661 9.9955E-05 0.276521 0.158236 9.9955E-05
0.265968 0.0637384 9.9946E-05 9.9946E-05 9.9946E-05 0.301144 9.9946E-05 0.36855 9.9946E-05 9.9946E-05
0.191046 9.99369E-05 9.99369E-05 9.99369E-05 9.99369E-05 0.527018 9.99369E-05 0.281236 9.99369E-05 9.99369E-05
0.130351 9.9964E-05 9.9964E-05 0.12147 9.9964E-05 0.0183062 9.9964E-05 0.648719 0.00565024 0.075104
9.99281E-05 0.109941 9.99281E-05 9.99281E-05 9.99281E-05 9.99281E-05 9.99281E-05 0.889259 9.99281E-05 9.99281E-05
9.9946E-05 0.1968 9.9946E-05 0.0477872 9.9946E-05 0.0409953 9.9946E-05 0.713818 9.9946E-05 9.9946E-05
9.99371E-05 9.99371E-05 9.99371E-05 0.0181536 9.99371E-05 9.99371E-05 9.99371E-05 0.975851 9.99371E-05 0.00529561
0.048383 9.9955E-05 9.9955E-05 0.0407512 9.9955E-05 9.9955E-05 9.9955E-05 0.783076 0.10655 0.0207406
0.246683 9.99369E-05 9.99369E-05 9.99369E-05 9.99369E-05 9.99369E-05 9.99369E-05 0.498837 0.25378 9.99369E-05
0.23238 0.0674451 9.9946E-05 9.9946E-05 9.9946E-05 9.9946E-05 9.9946E-05 0.581773 0.117802 9.9946E-05
0.322961 9.9937E-05 9.9937E-05 9.9937E-05 9.9937E-05 9.9937E-05 9.9937E-05 0.611992 0.0643474 9.9937E-05
9.99549E-05 0.0348307 9.99549E-05 0.022946 9.99549E-05 0.333212 9.99549E-05 0.314664 0.293847 9.99549E-05
0.304212 9.9964E-05 0.0151632 0.114206 9.9964E-05 0.0582736 9.9964E-05 0.347187 0.160558 9.9964E-05
0.448475 0.0333711 9.9955E-05 0.0450914 9.9955E-05 9.9955E-05 9.9955E-05 0.258268 0.214295 9.9955E-05
0.23602 9.99551E-05 9.99551E-05 0.0217355 9.99551E-05 9.99551E-05 9.99551E-05 0.542083 0.168591 0.0310702
9.99281E-05 9.99281E-05 9.99281E-05 9.99281E-05 9.99281E-05 0.278727 9.99281E-05 0.720474 9.99281E-05 9.99281E-05
0.175695 9.9946E-05 9.9946E-05 9.9946E-05 9.9946E-05 0.0616268 9.9946E-05 0.742743 9.9946E-05 0.0193349
9.99369E-05 9.99369E-05 9.99369E-05 9.99369E-05 9.99369E-05 0.215456 9.99369E-05 0.652978 0.130866 9.99369E-05
0.950295 0.00359497 9.9937E-05 9.9937E-05 9.9937E-05 9.9937E-05 9.9937E-05 9.9937E-05 9.9937E-05 0.0454107
0.880679 9.9946E-05 9.9946E-05 9.9946E-05 9.9946E-05 0.0144717 9.9946E-05 9.9946E-05 0.0699019 0.0343478
0.821333 9.9946E-05 0.0242799 9.9946E-05 9.9946E-05 9.9946E-05 9.9946E-05 0.073343 0.0804445 9.9946E-05
0.287344 9.9937E-05 9.9937E-05 9.9937E-05 9.9937E-05 9.9937E-05 9.9937E-05 0.539809 0.172147 9.9937E-05
0.21954 9.9964E-05 9.9964E-05 9.9964E-05 0.0860058 0.0191023 9.9964E-05 0.538715 0.13426 0.00197647
0.336207 0.0615557 0.0267069 9.995E-05 9.995E-05 9.995E-05 9.995E-05 0.447636 0.127395 9.995E-05
0.269769 9.995E-05 0.00948419 0.0374478 9.995E-05 9.995E-05 9.995E-05 0.598686 0.0841135 9.995E-05
9.9946E-05 0.160356 0.176414 9.9946E-05 9.9946E-05 9.9946E-05 0.0465993 0.61603 9.9946E-05 9.9946E-05
9.9955E-05 9.9955E-05 0.315145 9.9955E-05 0.0112213 9.9955E-05 9.9955E-05 0.608787 0.0210577 0.0432885
0.200862 9.9946E-05 9.9946E-05 0.0497137 9.9946E-05 0.0998828 9.9946E-05 0.648942 9.9946E-05 9.9946E-05
0.291457 9.99369E-05 9.99369E-05 9.99369E-05 9.99369E-05 0.477534 9.99369E-05 0.23031 9.99369E-05 9.99369E-05
0.287536 0.0068171 9.9973E-05 9.9973E-05 9.9973E-05 0.26853 0.0317895 0.313725 0.0254025 0.0658995
0.338807 0.0212477 0.00338459 9.9955E-05 9.9955E-05 0.413744 9.9955E-05 0.222316 9.9955E-05 9.9955E-05
0.280174 9.99279E-05 9.99279E-05 9.99279E-05 9.99279E-05 0.719026 9.99279E-05 9.99279E-05 9.99279E-05 9.99279E-05
9.99279E-05 9.99279E-05 9.99279E-05 9.99279E-05 9.99279E-05 0.310419 9.99279E-05 0.688782 9.99279E-05 9.99279E-05
0.0705884 9.9937E-05 9.9937E-05 9.9937E-05 9.9937E-05 0.640725 9.9937E-05 0.287987 9.9937E-05 9.9937E-05
0.282921 9.99459E-05 9.99459E-05 9.99459E-05 9.99459E-05 0.174961 9.99459E-05 0.432568 0.10895 9.99459E-05
0.314786 9.995E-05 9.995E-05 0.0893595 9.995E-05 0.174172 9.995E-05 0.266961 0.154222 9.995E-05
0.171036 9.9946E-05 9.9946E-05 9.9946E-05 9.9946E-05 0.3542 9.9946E-05 0.447409 9.9946E-05 0.0267546
0.115827 9.9946E-05 0.257857 0.0111659 9.9946E-05 9.9946E-05 9.9946E-05 9.9946E-05 9.9946E-05 0.614551
0.00253456 9.9946E-05 0.724213 9.9946E-05 9.9946E-05 9.9946E-05 0.0377039 9.9946E-05 9.9946E-05 0.234949
9.9955E-05 9.9955E-05 0.60277 0.0398311 9.9955E-05 0.0728555 0.0366568 9.9955E-05 9.9955E-05 0.247387
0.061669 9.9955E-05 0.810915 9.9955E-05 9.9955E-05 0.0781765 0.00383051 9.9955E-05 0.0449091 9.9955E-05
0.0530478 9.9946E-05 0.803559 9.9946E-05 0.0661147 9.9946E-05 9.9946E-05 9.9946E-05 0.0766784 9.9946E-05
9.9928E-05 9.9928E-05 0.910595 9.9928E-05 0.0886052 9.9928E-05 9.9928E-05 9.9928E-05 9.9928E-05 9.9928E-05
0.0589613 9.9955E-05 0.204436 9.9955E-05 0.231605 9.9955E-05 0.170821 9.9955E-05 9.9955E-05 0.333677
9.9946E-05 9.9946E-05 0.135979 9.9946E-05 0.0714123 9.9946E-05 0.270602 9.9946E-05 9.9946E-05 0.521407
9.99282E-05 9.99282E-05 9.99282E-05 9.99282E-05 9.99282E-05 0.0704167 9.99282E-05 9.99282E-05 9.99282E-05 0.928784
0.0486961 9.996E-05 0.354089 9.996E-05 0.384712 9.996E-05 0.136749 0.0451633 9.996E-05 0.0301912
9.99201E-05 9.99201E-05 9.99201E-05 9.99201E-05 0.999101 9.99201E-05 9.99201E-05 9.99201E-05 9.99201E-05 9.99201E-05
9.9937E-05 0.0258641 0.348414 9.9937E-05 0.625023 9.9937E-05 9.9937E-05 9.9937E-05 9.9937E-05 9.9937E-05
9.9946E-05 9.9946E-05 9.9946E-05 0.0392748 0.935232 9.9946E-05 0.00058295 0.0243102 9.9946E-05 9.9946E-05
