0.0981456 9.99549E-05 9.99549E-05 9.99549E-05 0.25263 0.465112 0.00165503 0.181958 9.99549E-05 9.99549E-05
0.305204 9.9964E-05 0.252802 9.9964E-05 0.0212201 0.211062 0.1115 9.9964E-05 0.0978126 9.9964E-05
0.211605 0.00815986 0.0419365 0.116608 0.288283 0.327205 0.00590228 9.9973E-05 9.9973E-05 9.9973E-05
0.230799 9.9964E-05 0.0431295 0.284444 9.9964E-05 0.0894863 9.9964E-05 0.330946 9.9964E-05 0.0207947
0.166997 0.0035463 9.9955E-05 0.146259 0.500377 0.182321 9.9955E-05 9.9955E-05 9.9955E-05 9.9955E-05
0.134725 0.0416268 9.9964E-05 0.302305 0.0745157 0.185888 9.9964E-05 0.260539 9.9964E-05 9.9964E-05
9.9946E-05 9.9946E-05 0.0252287 9.9946E-05 9.9946E-05 9.9946E-05 0.0258898 0.0685188 0.879763 9.9946E-05
9.9946E-05 0.218241 0.00481281 9.9946E-05 0.120934 9.9946E-05 9.9946E-05 9.9946E-05 0.655412 9.9946E-05
9.9946E-05 9.9946E-05 9.9946E-05 0.0560543 9.9946E-05 9.9946E-05 9.9946E-05 0.0314491 0.800928 0.110969
9.9946E-05 0.00268288 9.9946E-05 9.9946E-05 9.9946E-05 9.9946E-05 9.9946E-05 0.101465 0.757822 0.137431
0.056187 9.9955E-05 0.049779 9.9955E-05 9.9955E-05 0.0156493 9.9955E-05 0.0480944 0.829791 9.9955E-05
9.9955E-05 0.0168283 0.0306377 9.9955E-05 0.0709468 0.0283649 9.9955E-05 9.9955E-05 0.852723 9.9955E-05
9.99461E-05 0.00447681 9.99461E-05 9.99461E-05 9.99461E-05 9.99461E-05 9.99461E-05 0.0670288 0.573094 0.3548
9.99371E-05 0.170589 9.99371E-05 9.99371E-05 9.99371E-05 9.99371E-05 9.99371E-05 9.99371E-05 0.605406 0.223306
0.140006 9.9946E-05 9.9946E-05 9.9946E-05 9.9946E-05 9.9946E-05 9.9946E-05 0.00125895 0.773434 0.0847018
9.99371E-05 0.0429198 0.0472887 9.99371E-05 9.99371E-05 9.99371E-05 9.99371E-05 9.99371E-05 0.909092 9.99371E-05
0.0568317 0.589522 0.099764 0.0845006 0.168882 9.99549E-05 9.99549E-05 9.99549E-05 9.99549E-05 9.99549E-05
0.341695 0.44383 9.9946E-05 9.9946E-05 9.9946E-05 9.9946E-05 0.213144 9.9946E-05 9.9946E-05 0.000732056
9.99459E-05 0.453513 9.99459E-05 0.175587 9.99459E-05 0.253172 0.117128 9.99459E-05 9.99459E-05 9.99459E-05
9.99459E-05 0.703347 9.99459E-05 0.182816 0.0773498 9.99459E-05 9.99459E-05 0.0358874 9.99459E-05 9.99459E-05
0.104723 0.375587 9.99549E-05 9.99549E-05 0.216514 9.99549E-05 0.185311 0.117364 9.99549E-05 9.99549E-05
0.0923666 0.510665 9.99459E-05 9.99459E-05 9.99459E-05 9.99459E-05 0.0941426 0.302226 9.99459E-05 9.99459E-05
0.0490351 9.9964E-05 0.142438 0.0889346 0.0385118 0.568467 9.9964E-05 9.9964E-05 0.112214 9.9964E-05
9.9946E-05 9.9946E-05 0.0208376 9.9946E-05 0.224174 0.671633 9.9946E-05 0.0827556 9.9946E-05 9.9946E-05
9.9946E-05 0.172629 9.9946E-05 0.149219 9.9946E-05 0.599582 9.9946E-05 0.0779707 9.9946E-05 9.9946E-05
9.9964E-05 0.272174 0.0296868 0.0404894 0.00184883 0.0190806 9.9964E-05 0.636321 9.9964E-05 9.9964E-05
9.9937E-05 0.621526 9.9937E-05 9.9937E-05 0.275974 0.101801 9.9937E-05 9.9937E-05 9.9937E-05 9.9937E-05
9.9973E-05 0.372882 9.9973E-05 0.140454 0.288115 0.103917 9.9973E-05 0.0669098 0.0270597 0.000361889
0.256391 0.125779 0.187534 9.9964E-05 0.333853 9.9964E-05 0.0582731 0.0377704 9.9964E-05 9.9964E-05
0.223862 0.182611 0.0407819 9.9973E-05 0.218822 9.9973E-05 0.165947 0.103398 0.0642788 9.9973E-05
0.999101 9.99201E-05 9.99201E-05 9.99201E-05 9.99201E-05 9.99201E-05 9.99201E-05 9.99201E-05 9.99201E-05 9.99201E-05
0.787014 0.0307244 9.99459E-05 0.0445092 0.137152 9.99459E-05 9.99459E-05 9.99459E-05 9.99459E-05 9.99459E-05
0.691465 0.0549562 9.99549E-05 0.128258 0.101219 9.99549E-05 9.99549E-05 0.0236012 9.99549E-05 9.99549E-05
9.99369E-05 0.0671594 9.99369E-05 9.99369E-05 9.99369E-05 0.753796 9.99369E-05 0.178345 9.99369E-05 9.99369E-05
0.000299842 9.99459E-05 9.99459E-05 9.99459E-05 9.99459E-05 0.871707 0.109335 9.99459E-05 0.0180584 9.99459E-05
0.0819161 0.460646 9.9973E-05 0.114782 0.131398 0.178533 0.00183528 9.9973E-05 0.030589 9.9973E-05
0.142782 9.99459E-05 9.99459E-05 9.99459E-05 9.99459E-05 0.503785 0.0901464 9.99459E-05 9.99459E-05 0.262686
9.9955E-05 0.348129 0.0173109 0.177922 9.9955E-05 0.410165 9.9955E-05 9.9955E-05 9.9955E-05 0.0459735
0.063517 0.143364 9.9964E-05 9.9964E-05 9.9964E-05 0.349419 0.16479 0.228264 9.9964E-05 0.050247
0.0882125 0.493663 9.99549E-05 0.133055 9.99549E-05 0.26852 9.99549E-05 0.0160506 9.99549E-05 9.99549E-05
9.9937E-05 9.9937E-05 0.329553 0.0249197 9.9937E-05 9.9937E-05 9.9937E-05 0.644828 9.9937E-05 9.9937E-05
9.9955E-05 9.9955E-05 0.048054 0.0957737 0.241868 9.9955E-05 9.9955E-05 0.525731 9.9955E-05 0.0880731
0.110954 9.99639E-05 9.99639E-05 0.176884 0.0470179 9.99639E-05 0.0941074 0.456573 9.99639E-05 0.114064
9.9955E-05 0.0136539 0.456047 0.190009 9.9955E-05 9.9955E-05 9.9955E-05 0.19968 9.9955E-05 0.14011
9.99201E-05 9.99201E-05 9.99201E-05 9.99201E-05 9.99201E-05 9.99201E-05 9.99201E-05 0.999101 9.99201E-05 9.99201E-05
0.124404 0.00524345 9.9946E-05 9.9946E-05 9.9946E-05 0.0778959 9.9946E-05 0.791857 9.9946E-05 9.9946E-05
0.0606744 0.564879 9.9946E-05 9.9946E-05 9.9946E-05 9.9946E-05 0.303998 9.9946E-05 0.0698484 9.9946E-05
0.117081 0.270095 0.0349061 9.99549E-05 9.99549E-05 9.99549E-05 0.529717 9.99549E-05 0.0477005 9.99549E-05
0.0740922 0.089144 0.00390647 9.9946E-05 9.9946E-05 9.9946E-05 0.832258 9.9946E-05 9.9946E-05 9.9946E-05
9.99459E-05 0.167852 0.0706737 9.99459E-05 9.99459E-05 9.99459E-05 0.688226 0.0726488 9.99459E-05 9.99459E-05
9.99459E-05 0.394595 9.99459E-05 9.99459E-05 9.99459E-05 9.99459E-05 0.571473 0.0317762 9.99459E-05 0.00155588
9.9955E-05 0.470795 0.353222 9.9955E-05 9.9955E-05 0.00154394 9.9955E-05 0.0870048 0.0869347 9.9955E-05
9.9946E-05 0.672668 9.9946E-05 9.9946E-05 0.0339067 0.051321 0.241504 9.9946E-05 9.9946E-05 9.9946E-05
9.9937E-05 0.623665 0.276601 9.9937E-05 9.9937E-05 9.9937E-05 9.9937E-05 0.0990346 9.9937E-05 9.9937E-05
0.0141166 0.62913 0.313825 9.99459E-05 9.99459E-05 0.0423286 9.99459E-05 9.99459E-05 9.99459E-05 9.99459E-05
0.0792383 0.549058 9.996E-05 0.0538963 0.102315 9.996E-05 9.996E-05 0.206487 9.996E-05 0.00860631
9.9955E-05 9.9955E-05 0.0434172 9.9955E-05 9.9955E-05 0.327406 9.9955E-05 0.0346488 0.369709 0.224319
9.9955E-05 9.9955E-05 9.9955E-05 9.9955E-05 0.0143241 0.212235 9.9955E-05 0.057392 0.289707 0.425842
9.9937E-05 9.9937E-05 0.0643524 9.9937E-05 9.9937E-05 0.0415203 9.9937E-05 9.9937E-05 9.9937E-05 0.893428
9.9955E-05 0.0114879 0.120167 9.9955E-05 9.9955E-05 9.9955E-05 9.9955E-05 0.0344424 0.373084 0.46032
9.9955E-05 0.00181677 0.0589206 0.0166112 9.9955E-05 9.9955E-05 9.9955E-05 9.9955E-05 0.397026 0.525126
0.11268 0.0483944 0.0331528 9.9964E-05 9.9964E-05 9.9964E-05 0.0496942 9.9964E-05 0.119712 0.635967
0.0218303 9.99459E-05 9.99459E-05 9.99459E-05 9.99459E-05 0.0763414 0.289137 9.99459E-05 0.612092 9.99459E-05
0.165869 0.0218916 9.9955E-05 0.0786984 9.9955E-05 0.0454604 9.9955E-05 9.9955E-05 0.687581 9.9955E-05
9.9946E-05 9.9946E-05 9.9946E-05 0.127781 9.9946E-05 0.0326627 9.9946E-05 9.9946E-05 0.785305 0.0536519
9.9946E-05 9.9946E-05 9.9946E-05 9.9946E-05 9.9946E-05 0.0826666 9.9946E-05 0.00152738 0.622453 0.292754
9.9946E-05 9.9946E-05 9.9946E-05 9.9946E-05 9.9946E-05 0.126739 9.9946E-05 0.110632 0.515165 0.246864
9.99372E-05 9.99372E-05 9.99372E-05 9.99372E-05 9.99372E-05 0.193336 9.99372E-05 9.99372E-05 0.221521 0.584443
0.065136 9.9946E-05 9.9946E-05 9.9946E-05 9.9946E-05 0.216925 9.9946E-05 9.9946E-05 0.580428 0.136912
9.9946E-05 0.0522808 9.9946E-05 9.9946E-05 9.9946E-05 0.0770379 9.9946E-05 9.9946E-05 0.562115 0.307966
9.9946E-05 9.9946E-05 9.9946E-05 0.0899574 9.9946E-05 0.205469 0.0187635 9.9946E-05 0.685211 9.9946E-05
9.9937E-05 9.9937E-05 9.9937E-05 9.9937E-05 9.9937E-05 0.210907 9.9937E-05 9.9937E-05 0.417035 0.371359
0.0183452 9.9946E-05 9.9946E-05 9.9946E-05 0.0234051 0.14155 9.9946E-05 9.9946E-05 0.8161 9.9946E-05
0.0605104 0.153031 9.9946E-05 9.9946E-05 9.9946E-05 9.9946E-05 9.9946E-05 9.9946E-05 0.212956 0.572903
0.0957367 0.124805 9.9964E-05 9.9964E-05 9.9964E-05 0.0385536 9.9964E-05 0.0112457 0.101951 0.627308
9.9955E-05 0.0634868 9.9955E-05 9.9955E-05 9.9955E-05 0.00527219 0.111332 9.9955E-05 0.0776947 0.741715
9.9937E-05 9.9937E-05 9.9937E-05 0.137954 9.9937E-05 9.9937E-05 9.9937E-05 9.9937E-05 0.329121 0.532226
9.9928E-05 9.9928E-05 9.9928E-05 0.0234128 9.9928E-05 9.9928E-05 9.9928E-05 9.9928E-05 9.9928E-05 0.975788
9.9946E-05 9.9946E-05 0.028525 9.9946E-05 9.9946E-05 0.0824453 9.9946E-05 9.9946E-05 0.27168 0.61675
9.99459E-05 0.0548431 9.99459E-05 9.99459E-05 9.99459E-05 9.99459E-05 0.130303 9.99459E-05 0.701677 0.112577
9.9946E-05 9.9946E-05 9.9946E-05 9.9946E-05 9.9946E-05 9.9946E-05 0.12935 0.133187 0.0119225 0.72494
9.99551E-05 0.0587305 9.99551E-05 9.99551E-05 0.84176 9.99551E-05 0.0228226 0.0643898 9.99551E-05 0.0117978
9.9946E-05 0.00690447 0.875605 9.9946E-05 9.9946E-05 9.9946E-05 9.9946E-05 0.0163556 9.9946E-05 0.100535
9.9955E-05 0.0386172 0.738924 0.0316781 0.109373 9.9955E-05 9.9955E-05 9.9955E-05 9.9955E-05 0.0809079
9.9964E-05 0.0158019 9.9964E-05 0.102616 0.709484 0.0135227 0.10405 9.9964E-05 9.9964E-05 0.054126
9.99459E-05 0.0174858 9.99459E-05 9.99459E-05 0.593776 9.99459E-05 0.301916 0.0862224 9.99459E-05 9.99459E-05
9.99281E-05 9.99281E-05 0.0792695 9.99281E-05 9.99281E-05 9.99281E-05 0.919931 9.99281E-05 9.99281E-05 9.99281E-05
9.99551E-05 9.99551E-05 0.130163 0.481873 9.99551E-05 9.99551E-05 0.215068 0.132302 0.0400948 9.99551E-05
9.9964E-05 9.9964E-05 0.213696 0.438037 9.9964E-05 0.0691662 0.207493 0.0468444 0.0243642 9.9964E-05
0.0726412 9.9955E-05 9.9955E-05 0.504146 0.320203 9.9955E-05 0.090878 0.0116322 9.9955E-05 9.9955E-05
9.99459E-05 9.99459E-05 0.245113 0.386509 0.131987 9.99459E-05 0.235792 9.99459E-05 9.99459E-05 9.99459E-05
9.99371E-05 9.99371E-05 9.99371E-05 0.956754 9.99371E-05 9.99371E-05 9.99371E-05 9.99371E-05 0.0335026 0.00904371
9.9937E-05 0.0967921 9.9937E-05 0.86079 9.9937E-05 9.9937E-05 9.9937E-05 0.0417187 9.9937E-05 9.9937E-05
0.0960515 9.99549E-05 9.99549E-05 0.525543 0.246669 0.129375 9.99549E-05 0.00186189 9.99549E-05 9.99549E-05
0.0385869 0.0279502 0.0909629 0.774685 9.9964E-05 0.00599105 0.0614239 9.9964E-05 9.9964E-05 9.9964E-05
0.284201 9.99459E-05 9.99459E-05 0.391801 9.99459E-05 9.99459E-05 0.305337 0.0180622 9.99459E-05 9.99459E-05
0.160075 9.9955E-05 9.9955E-05 0.609269 9.9955E-05 0.037125 0.0937554 0.0992756 9.9955E-05 9.9955E-05
9.9946E-05 9.9946E-05 9.9946E-05 0.72914 0.174762 9.9946E-05 9.9946E-05 0.0772483 0.0182507 9.9946E-05
9.9946E-05 0.0731663 9.9946E-05 0.767648 0.0895101 0.0690758 9.9946E-05 9.9946E-05 9.9946E-05 9.9946E-05
9.99639E-05 9.99639E-05 0.130938 0.428718 0.167538 0.022516 9.99639E-05 0.184623 0.0652672 9.99639E-05
9.99549E-05 0.0480415 0.176365 9.99549E-05 0.397542 9.99549E-05 0.272456 0.105095 9.99549E-05 9.99549E-05
0.0745155 9.9946E-05 0.284694 9.9946E-05 0.51643 9.9946E-05 9.9946E-05 0.123761 9.9946E-05 9.9946E-05
9.9964E-05 0.0272582 0.479415 0.0536479 0.331129 0.0563261 0.0518236 9.9964E-05 9.9964E-05 9.9964E-05
0.00336633 0.0239307 0.522545 0.0460528 0.373787 9.9973E-05 9.9973E-05 0.0247015 0.00531746 9.9973E-05
9.99279E-05 9.99279E-05 9.99279E-05 9.99279E-05 0.764584 9.99279E-05 0.234616 9.99279E-05 9.99279E-05 9.99279E-05
9.9946E-05 0.0514972 9.9946E-05 9.9946E-05 0.833015 0.0379764 9.9946E-05 0.0769112 9.9946E-05 9.9946E-05
9.9955E-05 0.143529 0.0159725 9.9955E-05 0.639818 0.147909 0.0522716 9.9955E-05 9.9955E-05 9.9955E-05
9.99371E-05 0.0522837 9.99371E-05 9.99371E-05 0.926707 9.99371E-05 9.99371E-05 9.99371E-05 0.0203098 9.99371E-05
0.0462547 9.9964E-05 9.9964E-05 0.015498 0.823442 0.0744943 0.0134142 9.9964E-05 9.9964E-05 0.026497
0.028392 9.9955E-05 0.0198854 0.19844 0.720259 0.0325234 9.9955E-05 9.9955E-05 9.9955E-05 9.9955E-05
9.9955E-05 9.9955E-05 9.9955E-05 0.011773 0.841167 0.0991495 9.9955E-05 0.0465186 9.9955E-05 0.000892599
9.9946E-05 9.9946E-05 0.131632 0.065189 0.775517 0.0270628 9.9946E-05 9.9946E-05 9.9946E-05 9.9946E-05
0.180242 9.995E-05 0.133792 9.995E-05 0.432578 9.995E-05 0.0325676 0.22032 9.995E-05 9.995E-05
9.9955E-05 0.200477 0.327401 0.181395 0.266001 9.9955E-05 0.0242269 9.9955E-05 9.9955E-05 9.9955E-05
0.205997 9.9946E-05 0.145531 9.9946E-05 0.525123 0.122749 9.9946E-05 9.9946E-05 9.9946E-05 9.9946E-05
0.0606769 0.0560706 0.089054 0.0903144 0.661395 0.00249988 0.0228184 0.016971 9.9982E-05 9.9982E-05
9.99461E-05 9.99461E-05 9.99461E-05 0.0123503 0.800567 9.99461E-05 0.0145363 0.171947 9.99461E-05 9.99461E-05
9.9955E-05 0.0779304 0.149446 9.9955E-05 0.755505 0.00779777 0.00882157 9.9955E-05 9.9955E-05 9.9955E-05
9.99549E-05 9.99549E-05 0.0204172 0.100077 0.694476 9.99549E-05 0.12003 0.0644993 9.99549E-05 9.99549E-05
9.9937E-05 9.9937E-05 0.647426 9.9937E-05 0.177982 0.173892 9.9937E-05 9.9937E-05 9.9937E-05 9.9937E-05
9.9946E-05 9.9946E-05 0.623384 0.191673 0.174482 9.9946E-05 0.00986058 9.9946E-05 9.9946E-05 9.9946E-05
9.9955E-05 0.0169324 0.427751 0.132766 0.410122 9.9955E-05 9.9955E-05 9.9955E-05 9.9955E-05 0.011928
9.9946E-05 9.9946E-05 0.0372009 0.0905771 0.76057 9.9946E-05 9.9946E-05 0.111052 9.9946E-05 9.9946E-05
0.0711005 0.0143649 0.045015 0.169983 0.625811 0.0474829 9.9982E-05 9.9982E-05 0.0234981 0.00254448
9.99459E-05 9.99459E-05 0.132562 0.153924 0.5724 0.140514 9.99459E-05 9.99459E-05 9.99459E-05 9.99459E-05
9.9955E-05 0.0606758 0.110919 0.00102761 0.807616 9.9955E-05 9.9955E-05 9.9955E-05 0.0192616 9.9955E-05
9.9946E-05 9.9946E-05 9.9946E-05 9.9946E-05 0.520029 0.281989 9.9946E-05 9.9946E-05 0.0342994 0.163082
9.9946E-05 0.00343578 9.9946E-05 9.9946E-05 0.604447 9.9946E-05 9.9946E-05 9.9946E-05 0.126969 0.264548
0.0820855 9.9946E-05 0.13881 9.9946E-05 0.720293 9.9946E-05 0.0582121 9.9946E-05 9.9946E-05 9.9946E-05
0.0307023 9.99549E-05 0.608666 0.0456816 0.243406 9.99549E-05 0.0710444 9.99549E-05 9.99549E-05 9.99549E-05
9.9964E-05 9.9964E-05 0.327421 9.9964E-05 0.506514 0.10617 0.00356801 0.0168798 0.0390465 9.9964E-05
9.9946E-05 9.9946E-05 0.476126 9.9946E-05 0.355455 0.0779909 9.9946E-05 0.0898288 9.9946E-05 9.9946E-05
0.04178 9.9955E-05 0.760177 9.9955E-05 0.0740839 9.9955E-05 0.0514488 0.0720108 9.9955E-05 9.9955E-05
9.9955E-05 9.9955E-05 0.00676215 9.9955E-05 0.89832 9.9955E-05 0.0762953 0.00875863 9.9955E-05 0.00936443
9.9955E-05 9.9955E-05 0.596529 0.0154151 0.270817 9.9955E-05 9.9955E-05 0.115864 0.000875253 9.9955E-05
0.0321068 9.9946E-05 0.176567 9.9946E-05 0.659727 9.9946E-05 9.9946E-05 0.131 9.9946E-05 9.9946E-05
0.203987 9.99549E-05 0.29757 9.99549E-05 0.439881 0.0185636 0.0394984 9.99549E-05 9.99549E-05 9.99549E-05
9.9946E-05 9.9946E-05 0.363571 9.9946E-05 0.570583 9.9946E-05 0.0251502 9.9946E-05 0.0400964 9.9946E-05
0.0266816 9.9955E-05 0.20359 9.9955E-05 9.9955E-05 9.9955E-05 0.078155 9.9955E-05 0.613237 0.0778372
9.9964E-05 9.9964E-05 0.010433 0.0429849 9.9964E-05 0.00388758 0.032707 9.9964E-05 0.555697 0.353891
9.9946E-05 9.9946E-05 9.9946E-05 9.9946E-05 9.9946E-05 9.9946E-05 0.161344 0.0650254 0.503576 0.269455
0.0531144 9.99639E-05 0.137441 9.99639E-05 9.99639E-05 9.99639E-05 0.0483421 0.0122995 0.0806292 0.667774
9.9964E-05 9.9964E-05 0.0383358 0.121151 0.0361408 9.9964E-05 0.0172752 9.9964E-05 0.105869 0.680828
0.0311235 9.9955E-05 9.9955E-05 9.9955E-05 0.00722457 9.9955E-05 9.9955E-05 0.010618 0.14964 0.800894
0.0438425 9.9955E-05 0.0568293 0.00792163 9.9955E-05 9.9955E-05 9.9955E-05 9.9955E-05 0.602282 0.288625
9.9946E-05 9.9946E-05 9.9946E-05 0.0727681 9.9946E-05 9.9946E-05 0.0837569 9.9946E-05 0.702485 0.140391
9.99371E-05 9.99371E-05 0.119745 9.99371E-05 9.99371E-05 9.99371E-05 0.286314 9.99371E-05 0.593242 9.99371E-05
0.0167545 9.9955E-05 0.0127861 9.9955E-05 0.105621 9.9955E-05 9.9955E-05 9.9955E-05 0.241416 0.622923
9.99282E-05 0.128659 9.99282E-05 9.99282E-05 9.99282E-05 9.99282E-05 9.99282E-05 9.99282E-05 9.99282E-05 0.870542
9.99371E-05 0.10557 9.99371E-05 9.99371E-05 9.99371E-05 9.99371E-05 0.00717252 9.99371E-05 9.99371E-05 0.886558
0.0253681 0.0819164 9.99461E-05 9.99461E-05 0.032213 9.99461E-05 9.99461E-05 9.99461E-05 9.99461E-05 0.859903
