9.99549E-05 0.0627285 9.99549E-05 0.267836 0.581337 9.99549E-05 0.0875986 9.99549E-05 9.99549E-05
9.99639E-05 0.0715035 9.99639E-05 0.216182 0.300469 0.229825 9.99639E-05 9.99639E-05 0.181621
0.069535 9.9973E-05 9.9973E-05 0.268177 0.319009 0.0840444 0.189221 9.9973E-05 0.0697143
0.0651887 9.9964E-05 9.9964E-05 9.9964E-05 0.270366 0.148082 0.500105 0.0158586 9.9964E-05
0.0501407 9.9973E-05 0.0144308 0.455705 0.177184 9.9973E-05 0.284792 0.0174474 9.9973E-05
0.136183 9.9964E-05 9.9964E-05 0.0349561 0.370117 0.0212695 0.437075 9.9964E-05 9.9964E-05
9.9946E-05 0.775346 9.9946E-05 9.9946E-05 9.9946E-05 0.0131548 9.9946E-05 9.9946E-05 0.210899
0.166538 0.685024 0.0296653 0.118273 9.9955E-05 9.9955E-05 9.9955E-05 9.9955E-05 9.9955E-05
9.9964E-05 0.825652 0.116967 9.9964E-05 0.00738076 0.0295141 0.0200862 9.9964E-05 9.9964E-05
9.9946E-05 0.859107 9.9946E-05 9.9946E-05 0.0154414 9.9946E-05 9.9946E-05 0.124852 9.9946E-05
9.9946E-05 0.824144 9.9946E-05 9.9946E-05 0.0671345 9.9946E-05 9.9946E-05 9.9946E-05 0.108122
9.9964E-05 0.404411 0.0275334 0.0460502 9.9964E-05 9.9964E-05 9.9964E-05 0.0322423 0.489363
9.9964E-05 0.601776 0.060391 9.9964E-05 9.9964E-05 9.9964E-05 0.0185083 0.294962 0.0239623
0.0162045 0.707568 9.9946E-05 9.9946E-05 9.9946E-05 9.9946E-05 9.9946E-05 0.275628 9.9946E-05
9.9955E-05 0.932028 9.9955E-05 9.9955E-05 9.9955E-05 0.0015454 0.0570666 9.9955E-05 0.00885985
9.99461E-05 0.802432 9.99461E-05 0.0238626 9.99461E-05 9.99461E-05 9.99461E-05 9.99461E-05 0.173106
0.611801 9.9955E-05 9.9955E-05 0.298704 9.9955E-05 9.9955E-05 0.0635014 9.9955E-05 0.0254944
0.642931 0.0243672 9.9964E-05 0.0154691 9.9964E-05 0.286922 9.9964E-05 9.9964E-05 0.0299108
0.486552 9.9973E-05 9.9973E-05 9.9973E-05 0.306464 0.0055031 0.130244 0.0629386 0.00799782
0.608433 9.9955E-05 9.9955E-05 0.107652 9.9955E-05 9.9955E-05 0.193178 0.0902371 9.9955E-05
0.560269 0.0260994 9.9964E-05 0.168958 9.9964E-05 0.143969 0.100304 9.9964E-05 9.9964E-05
0.796888 0.0336018 9.9964E-05 9.9964E-05 0.00683757 0.0410307 0.121242 9.9964E-05 9.9964E-05
0.0927285 0.00165936 9.9973E-05 0.136001 0.529675 9.9973E-05 0.0484565 9.9973E-05 0.191179
9.9946E-05 9.9946E-05 9.9946E-05 0.21904 0.705784 9.9946E-05 9.9946E-05 0.0745761 9.9946E-05
0.146152 9.9955E-05 9.9955E-05 9.9955E-05 0.690569 9.9955E-05 0.083498 0.0792818 9.9955E-05
0.369672 9.9955E-05 9.9955E-05 0.0505438 0.370501 9.9955E-05 0.208783 9.9955E-05 9.9955E-05
0.517693 9.9973E-05 0.0182419 0.288547 0.107384 9.9973E-05 0.00206335 0.0657711 9.9973E-05
0.240768 9.9964E-05 9.9964E-05 0.278401 0.118906 9.9964E-05 0.228675 0.13285 9.9964E-05
0.184303 0.134335 9.9955E-05 0.512781 9.9955E-05 0.168081 9.9955E-05 9.9955E-05 9.9955E-05
0.227668 0.105481 9.9964E-05 0.309005 9.9964E-05 0.270065 9.9964E-05 0.0873813 9.9964E-05
0.249939 9.995E-05 9.995E-05 9.995E-05 9.995E-05 0.182375 0.246874 9.995E-05 0.320313
0.30503 9.99549E-05 9.99549E-05 0.193918 9.99549E-05 9.99549E-05 0.312619 9.99549E-05 0.187933
0.39734 9.9955E-05 9.9955E-05 0.10508 9.9955E-05 9.9955E-05 0.457939 9.9955E-05 0.0391408
0.040784 0.0326768 0.0198502 9.99639E-05 0.884884 9.99639E-05 9.99639E-05 0.0214056 9.99639E-05
9.9937E-05 9.9937E-05 9.9937E-05 9.9937E-05 0.743501 9.9937E-05 9.9937E-05 9.9937E-05 0.2558
0.458181 9.9964E-05 9.9964E-05 0.123333 0.171024 9.9964E-05 0.15483 9.9964E-05 0.0922317
0.0882891 9.9982E-05 0.0143915 9.9982E-05 0.319352 0.0952178 0.047362 0.265135 0.170052
0.282104 9.9973E-05 0.0853168 0.0467775 0.498359 9.9973E-05 0.0737276 9.9973E-05 0.0134154
0.206213 9.9955E-05 9.9955E-05 9.9955E-05 0.488544 0.189187 9.9955E-05 0.115557 9.9955E-05
0.524621 0.0191959 0.00184875 9.9964E-05 0.25549 9.9964E-05 0.198444 9.9964E-05 9.9964E-05
9.9946E-05 9.9946E-05 9.9946E-05 9.9946E-05 0.47597 0.257237 0.266193 9.9946E-05 9.9946E-05
0.0221705 9.9982E-05 0.0204523 0.233736 0.222764 0.0702809 0.359855 0.0705405 9.9982E-05
0.01999 9.99639E-05 9.99639E-05 9.99639E-05 0.112485 0.192483 0.50555 0.169091 9.99639E-05
9.9973E-05 0.0383066 0.115733 0.24416 0.397158 0.00480772 0.199536 9.9973E-05 9.9973E-05
0.173599 0.0222418 9.9973E-05 0.0723886 0.275262 0.0172759 0.438933 9.9973E-05 9.9973E-05
0.222302 9.9964E-05 9.9964E-05 9.9964E-05 0.284193 0.0782499 0.348236 0.0666198 9.9964E-05
0.734814 9.9946E-05 9.9946E-05 9.9946E-05 9.9946E-05 0.139017 9.9946E-05 9.9946E-05 0.12557
0.392191 9.99459E-05 9.99459E-05 9.99459E-05 9.99459E-05 0.493968 9.99459E-05 9.99459E-05 0.113242
0.241492 9.9946E-05 9.9946E-05 9.9946E-05 9.9946E-05 0.714522 9.9946E-05 9.9946E-05 0.0433859
0.211357 9.99549E-05 9.99549E-05 0.0116539 0.0628278 0.713662 9.99549E-05 9.99549E-05 9.99549E-05
0.507027 9.99459E-05 9.99459E-05 9.99459E-05 9.99459E-05 0.462163 9.99459E-05 0.0302104 9.99459E-05
0.385241 0.141152 9.9964E-05 0.227277 0.195424 0.0505067 9.9964E-05 9.9964E-05 9.9964E-05
0.739566 9.9964E-05 0.0353714 0.0598533 0.049228 0.115582 9.9964E-05 9.9964E-05 9.9964E-05
0.531457 9.9964E-05 9.9964E-05 0.122861 0.295802 0.00988746 9.9964E-05 0.0395925 9.9964E-05
0.485195 0.0839426 9.9955E-05 0.107649 0.322714 9.9955E-05 9.9955E-05 9.9955E-05 9.9955E-05
0.510442 9.9964E-05 9.9964E-05 0.0546493 0.0914067 9.9964E-05 0.298684 0.0444178 9.9964E-05
9.9973E-05 0.257307 0.149641 9.9973E-05 0.269907 0.0130048 9.9973E-05 0.1314 0.178441
9.9973E-05 0.31473 9.9973E-05 0.0385009 0.0782634 0.0127037 9.9973E-05 0.533515 0.0219871
9.9946E-05 9.9946E-05 0.798958 9.9946E-05 0.0230826 9.9946E-05 9.9946E-05 0.177359 9.9946E-05
0.0187191 0.276336 0.538723 9.9964E-05 0.0442722 9.9964E-05 9.9964E-05 9.9964E-05 0.12155
9.9964E-05 0.129636 0.680232 9.9964E-05 9.9964E-05 9.9964E-05 0.0153403 0.0035829 0.170809
0.096575 9.9955E-05 0.753241 0.00376937 9.9955E-05 9.9955E-05 9.9955E-05 9.9955E-05 0.145915
9.99369E-05 9.99369E-05 9.99369E-05 9.99369E-05 9.99369E-05 0.103769 9.99369E-05 9.99369E-05 0.895532
0.0252089 9.99639E-05 0.0309121 9.99639E-05 9.99639E-05 9.99639E-05 0.0726595 0.0979282 0.772891
9.99549E-05 0.396673 9.99549E-05 9.99549E-05 9.99549E-05 9.99549E-05 0.072514 0.20357 0.326743
9.9955E-05 0.525582 0.0455583 9.9955E-05 9.9955E-05 9.9955E-05 9.9955E-05 0.355776 0.0725846
9.99549E-05 0.0908085 9.99549E-05 9.99549E-05 9.99549E-05 0.0865466 9.99549E-05 0.561981 0.260165
9.99461E-05 0.168572 9.99461E-05 9.99461E-05 0.0510065 9.99461E-05 9.99461E-05 0.779822 9.99461E-05
9.9955E-05 0.0223941 9.9955E-05 9.9955E-05 0.0316825 9.9955E-05 9.9955E-05 0.309818 0.635606
9.9964E-05 0.242747 0.212571 9.9964E-05 0.00936562 9.9964E-05 9.9964E-05 0.247263 0.287654
9.9964E-05 0.137794 9.9964E-05 9.9964E-05 0.0267725 9.9964E-05 0.0631812 0.147434 0.624419
0.0315558 0.109543 0.164247 9.9973E-05 0.0373255 9.9973E-05 9.9973E-05 0.373212 0.283817
9.99549E-05 9.99549E-05 0.0434943 0.0109694 9.99549E-05 9.99549E-05 9.99549E-05 0.123747 0.821289
0.116347 0.0609789 0.469253 9.9964E-05 9.9964E-05 9.9964E-05 9.9964E-05 0.240515 0.112506
0.121054 9.99459E-05 9.99459E-05 9.99459E-05 9.99459E-05 9.99459E-05 9.99459E-05 0.806603 0.0717431
0.0268106 9.9964E-05 0.570141 9.9964E-05 9.9964E-05 0.0451982 9.9964E-05 0.272229 0.0852214
9.99549E-05 9.99549E-05 0.417419 9.99549E-05 9.99549E-05 9.99549E-05 0.0594705 0.236812 0.285799
9.9937E-05 9.9937E-05 0.767383 9.9937E-05 9.9937E-05 9.9937E-05 9.9937E-05 0.231918 9.9937E-05
9.9964E-05 0.25788 0.614731 9.9964E-05 0.067573 9.9964E-05 9.9964E-05 0.0417146 0.0177016
0.0424479 0.0553909 0.287293 9.9955E-05 9.9955E-05 9.9955E-05 9.9955E-05 9.9955E-05 0.614368
9.9973E-05 0.00518118 0.812748 9.9973E-05 0.0680302 0.0840266 9.9973E-05 0.00103017 0.0286845
0.123951 9.99551E-05 0.0305559 0.741849 9.99551E-05 9.99551E-05 0.103145 9.99551E-05 9.99551E-05
9.99641E-05 0.00685929 0.0600054 0.59506 0.202945 0.13473 9.99641E-05 9.99641E-05 9.99641E-05
9.99731E-05 0.0339874 0.0336092 0.738348 0.141568 0.00344515 9.99731E-05 9.99731E-05 0.0487424
0.0147612 9.9964E-05 9.9964E-05 0.682308 9.9964E-05 0.0370616 0.135952 0.129517 9.9964E-05
0.100151 0.0760995 9.996E-05 0.573394 9.996E-05 0.21954 0.0304156 9.996E-05 9.996E-05
9.99371E-05 9.99371E-05 9.99371E-05 9.99371E-05 9.99371E-05 0.984488 9.99371E-05 9.99371E-05 0.0148123
9.996E-05 0.0340954 9.996E-05 0.0933847 9.996E-05 0.298726 0.515433 9.996E-05 0.0579611
9.9964E-05 0.0752659 9.9964E-05 0.0996704 0.124852 0.338782 0.361029 9.9964E-05 9.9964E-05
9.9946E-05 9.9946E-05 9.9946E-05 0.323272 9.9946E-05 0.124779 0.55135 9.9946E-05 9.9946E-05
9.99459E-05 9.99459E-05 9.99459E-05 0.405561 9.99459E-05 0.33553 0.258309 9.99459E-05 9.99459E-05
9.9946E-05 9.9946E-05 0.0440154 0.104912 9.9946E-05 9.9946E-05 0.850473 9.9946E-05 9.9946E-05
0.0422247 9.9946E-05 9.9946E-05 9.9946E-05 9.9946E-05 9.9946E-05 0.946346 0.0108297 9.9946E-05
0.0315881 0.058421 9.996E-05 0.222353 0.0708462 9.996E-05 0.616392 9.996E-05 9.996E-05
0.0318732 9.9982E-05 0.0175272 0.129858 0.0686718 0.0505768 0.674846 9.9982E-05 0.0264465
9.99459E-05 0.0707447 9.99459E-05 9.99459E-05 9.99459E-05 0.402571 0.526085 9.99459E-05 9.99459E-05
0.0179748 0.0582515 9.9964E-05 9.9964E-05 0.109145 0.127688 0.686541 9.9964E-05 9.9964E-05
9.995E-05 0.0482645 9.995E-05 0.148458 9.995E-05 0.00323285 0.799545 9.995E-05 9.995E-05
0.0156662 9.9964E-05 9.9964E-05 0.138284 9.9964E-05 9.9964E-05 0.794314 0.0136488 0.037688
9.9955E-05 0.0634935 9.9955E-05 0.306563 0.146858 9.9955E-05 0.482586 9.9955E-05 9.9955E-05
0.107274 0.0544618 9.996E-05 0.538865 0.0544896 0.24451 9.996E-05 9.996E-05 9.996E-05
9.9955E-05 9.9955E-05 9.9955E-05 0.739206 0.205985 0.0523022 0.00200675 9.9955E-05 9.9955E-05
9.99461E-05 9.99461E-05 9.99461E-05 0.710711 0.222572 0.0661172 9.99461E-05 9.99461E-05 9.99461E-05
9.9955E-05 0.00470586 9.9955E-05 0.748603 0.138414 0.107778 9.9955E-05 9.9955E-05 9.9955E-05
9.996E-05 0.00752525 0.0310688 0.667707 9.996E-05 0.220214 0.0730848 9.996E-05 9.996E-05
0.114281 9.9955E-05 9.9955E-05 0.74289 9.9955E-05 9.9955E-05 0.0938947 0.0484339 9.9955E-05
0.270948 9.9946E-05 9.9946E-05 0.619702 0.10875 9.9946E-05 9.9946E-05 9.9946E-05 9.9946E-05
0.0521219 9.9955E-05 9.9955E-05 0.835268 9.9955E-05 9.9955E-05 0.0276938 0.0844161 9.9955E-05
0.0306797 9.9973E-05 0.0388026 0.743081 0.00514864 9.9973E-05 0.135167 0.0468212 9.9973E-05
0.0248263 9.9964E-05 9.9964E-05 0.648012 0.0135924 9.9964E-05 0.308215 0.00495389 9.9964E-05
9.9955E-05 9.9955E-05 9.9955E-05 0.71394 0.0614364 9.9955E-05 0.17478 0.0493445 9.9955E-05
9.9946E-05 9.9946E-05 9.9946E-05 0.841031 0.0912388 9.9946E-05 0.0671307 9.9946E-05 9.9946E-05
0.039504 9.9964E-05 9.9964E-05 0.47682 0.202141 0.159493 0.121642 9.9964E-05 9.9964E-05
0.181124 9.9964E-05 0.0499818 0.715405 9.9964E-05 0.0407893 0.012301 9.9964E-05 9.9964E-05
0.0515375 9.9964E-05 9.9964E-05 0.543455 0.127879 0.117834 0.158894 9.9964E-05 9.9964E-05
0.0561683 9.9973E-05 9.9973E-05 0.654306 0.00526713 0.00746488 0.243275 9.9973E-05 0.033218
9.99641E-05 0.0129457 9.99641E-05 0.724815 9.99641E-05 0.0434462 0.187466 0.0309271 9.99641E-05
0.0545166 9.9964E-05 0.0309842 0.824919 0.00897018 9.9964E-05 0.0802106 9.9964E-05 9.9964E-05
9.99459E-05 9.99459E-05 9.99459E-05 0.596508 9.99459E-05 0.113089 0.289803 9.99459E-05 9.99459E-05
9.9955E-05 9.9955E-05 9.9955E-05 0.552054 0.349932 0.0932756 9.9955E-05 9.9955E-05 0.00423903
9.9946E-05 9.9946E-05 9.9946E-05 0.54121 0.254678 0.203512 9.9946E-05 9.9946E-05 9.9946E-05
9.99551E-05 9.99551E-05 9.99551E-05 0.80421 0.118196 0.0188612 9.99551E-05 9.99551E-05 0.058233
9.99461E-05 9.99461E-05 9.99461E-05 0.753713 0.0157335 9.99461E-05 0.229953 9.99461E-05 9.99461E-05
9.99549E-05 9.99549E-05 9.99549E-05 0.646639 0.0206358 9.99549E-05 0.204224 0.128002 9.99549E-05
9.9955E-05 9.9955E-05 0.0360949 0.632062 0.210441 9.9955E-05 0.120902 9.9955E-05 9.9955E-05
0.0263422 9.9964E-05 0.0169851 0.8326 9.9964E-05 9.9964E-05 0.10415 9.9964E-05 0.0195224
9.9964E-05 0.110616 0.141776 0.515951 0.185497 9.9964E-05 9.9964E-05 0.0457599 9.9964E-05
9.9964E-05 9.9964E-05 0.336464 0.551585 9.9964E-05 9.9964E-05 0.0664469 0.0209843 0.0241202
0.030621 9.9955E-05 9.9955E-05 0.898571 9.9955E-05 0.0344173 9.9955E-05 9.9955E-05 0.0358912
9.99459E-05 9.99459E-05 9.99459E-05 0.618664 0.15939 0.221346 9.99459E-05 9.99459E-05 9.99459E-05
9.9964E-05 0.0466865 9.9964E-05 0.628836 0.231736 0.0351775 9.9964E-05 9.9964E-05 0.0571647
9.9946E-05 9.9946E-05 9.9946E-05 0.621928 0.295563 0.0819092 9.9946E-05 9.9946E-05 9.9946E-05
9.9946E-05 9.9946E-05 9.9946E-05 0.529722 0.220229 0.249449 9.9946E-05 9.9946E-05 9.9946E-05
9.9953E-05 9.9953E-05 9.9953E-05 0.899321 9.9953E-05 0.0496525 9.9953E-05 0.0504273 9.9953E-05
9.9946E-05 9.9946E-05 9.9946E-05 0.675448 0.212015 0.111937 9.9946E-05 9.9946E-05 9.9946E-05
9.9955E-05 0.0421589 9.9955E-05 0.740276 0.057051 9.9955E-05 0.160014 9.9955E-05 9.9955E-05
0.000420885 9.9964E-05 9.9964E-05 0.620269 0.142394 0.169427 0.0670895 9.9964E-05 9.9964E-05
9.99461E-05 9.99461E-05 9.99461E-05 0.868476 9.99461E-05 0.0422799 9.99461E-05 9.99461E-05 0.0886447
9.9955E-05 9.9955E-05 0.183443 0.0848623 9.9955E-05 0.0376514 9.9955E-05 9.9955E-05 0.693544
9.9964E-05 0.156287 0.544249 9.9964E-05 0.0499085 9.9964E-05 0.00191664 9.9964E-05 0.247239
0.00774382 0.174936 0.377509 9.9973E-05 9.9973E-05 0.13314 9.9973E-05 0.0203572 0.286014
9.99639E-05 0.116028 0.698149 9.99639E-05 0.0468687 0.121579 0.0169753 9.99639E-05 9.99639E-05
9.9982E-05 0.0879752 0.720298 0.0545356 0.000399698 0.0448575 0.0686243 0.0231093 9.9982E-05
9.9946E-05 0.100879 0.868238 9.9946E-05 9.9946E-05 9.9946E-05 9.9946E-05 0.0302826 9.9946E-05
9.9964E-05 0.220903 0.244077 9.9964E-05 9.9964E-05 9.9964E-05 0.0249482 0.158406 0.351266
9.9964E-05 0.163462 0.247526 9.9964E-05 9.9964E-05 9.9964E-05 0.0127036 0.0212663 0.554642
9.99372E-05 9.99372E-05 9.99372E-05 9.99372E-05 9.99372E-05 0.118052 9.99372E-05 9.99372E-05 0.881249
9.9964E-05 0.22992 0.57079 0.0579194 9.9964E-05 9.9964E-05 9.9964E-05 0.124818 0.0161526
9.99371E-05 9.99371E-05 0.218227 9.99371E-05 9.99371E-05 9.99371E-05 9.99371E-05 0.781073 9.99371E-05
0.0161931 9.99461E-05 0.660919 9.99461E-05 9.99461E-05 9.99461E-05 9.99461E-05 0.322288 9.99461E-05
9.9955E-05 0.0468447 0.492092 9.9955E-05 9.9955E-05 9.9955E-05 0.0195956 0.440968 9.9955E-05
