0.0177255 0.389748 0.0439813 0.151533 9.9991E-05 0.187264 0.209648
0.149055 0.0405035 0.224889 0.121719 9.9991E-05 0.392173 0.0715603
0.0442471 0.285496 0.0611334 0.158745 9.9991E-05 0.07179 0.378489
0.0373079 0.141283 9.9991E-05 0.610684 0.0193975 0.167397 0.0238301
9.9964E-05 0.203848 9.9964E-05 0.139387 9.9964E-05 9.9964E-05 0.656365
9.9973E-05 0.292961 9.9973E-05 0.472622 9.9973E-05 0.0796954 0.154422
0.0584728 9.9964E-05 0.922557 9.9964E-05 9.9964E-05 0.0185704 9.9964E-05
0.0583125 0.0498295 0.556766 9.9991E-05 0.18159 0.0114713 0.141931
9.9973E-05 9.9973E-05 0.718674 0.0462139 0.225826 0.00898644 9.9973E-05
9.9964E-05 0.0736859 0.720333 9.9964E-05 0.205581 9.9964E-05 9.9964E-05
9.9982E-05 0.00152426 0.83992 0.0162783 0.0925279 0.0495496 9.9982E-05
9.9973E-05 0.0370608 0.899048 9.9973E-05 0.016906 9.9973E-05 0.0466852
9.9964E-05 9.9964E-05 0.616363 0.0110244 0.372212 9.9964E-05 9.9964E-05
9.99641E-05 9.99641E-05 0.543638 9.99641E-05 0.416362 0.0396002 9.99641E-05
0.0870574 9.9964E-05 0.736812 9.9964E-05 0.175731 9.9964E-05 9.9964E-05
9.99641E-05 9.99641E-05 0.937479 9.99641E-05 0.0331168 0.0290039 9.99641E-05
0.171104 0.493774 9.9964E-05 9.9964E-05 9.9964E-05 9.9964E-05 0.334723
0.621329 0.19457 9.9973E-05 9.9973E-05 0.0756767 9.9973E-05 0.108125
0.189576 0.626041 0.0212062 0.134091 0.028886 9.9982E-05 9.9982E-05
0.103396 0.451933 9.9982E-05 0.139739 0.0603898 9.9982E-05 0.244342
0.420495 0.268876 9.9982E-05 0.0272933 0.0238529 9.9982E-05 0.259284
0.353841 0.482076 9.9973E-05 0.153508 0.0102751 9.9973E-05 9.9973E-05
9.9973E-05 0.508393 0.174571 9.9973E-05 9.9973E-05 0.251772 0.0649643
9.9964E-05 0.626689 9.9964E-05 9.9964E-05 9.9964E-05 0.170165 0.202746
9.99641E-05 0.857884 9.99641E-05 9.99641E-05 9.99641E-05 0.0873171 0.0543992
9.9973E-05 0.549366 9.9973E-05 0.312299 9.9973E-05 0.117683 0.0203528
9.9964E-05 0.517983 9.9964E-05 9.9964E-05 0.105314 9.9964E-05 0.376303
9.9973E-05 0.429075 9.9973E-05 0.145415 0.0511586 9.9973E-05 0.374051
0.284283 0.0206818 0.0374908 9.9991E-05 0.0418822 0.191701 0.423861
0.44866 0.0596754 0.00604469 0.0625887 0.0551296 0.118668 0.249234
0.484314 0.0226709 0.153281 0.339434 9.9973E-05 9.9973E-05 9.9973E-05
0.187294 0.0747834 0.147364 0.298128 9.9982E-05 9.9982E-05 0.29223
0.259635 0.166647 9.9973E-05 0.40786 9.9973E-05 9.9973E-05 0.165558
9.9973E-05 0.802216 0.0223083 0.0629531 9.9973E-05 0.112222 9.9973E-05
9.9964E-05 0.567218 0.265139 9.9964E-05 9.9964E-05 0.167243 9.9964E-05
0.108474 0.520898 0.0779692 0.00953224 9.9982E-05 9.9982E-05 0.282927
0.0655048 0.369654 0.196589 0.198411 0.169641 9.9982E-05 9.9982E-05
9.9982E-05 0.724988 0.104061 0.0276567 0.0244771 9.9982E-05 0.118617
0.16765 0.527265 0.0226704 0.125673 0.0226826 0.133959 9.9991E-05
0.14943 0.621722 9.9973E-05 0.181094 9.9973E-05 9.9973E-05 0.0474548
9.9964E-05 0.0751142 9.9964E-05 0.451108 9.9964E-05 0.473378 9.9964E-05
0.00173864 0.188467 9.9991E-05 0.454371 0.0516521 0.172969 0.130702
0.134795 0.112404 9.9982E-05 0.624779 0.102357 9.9982E-05 0.0254645
9.9973E-05 0.164144 9.9973E-05 0.200996 0.139401 0.495159 9.9973E-05
9.99641E-05 0.221746 9.99641E-05 0.606639 9.99641E-05 0.171214 9.99641E-05
0.0872579 0.31116 9.9964E-05 0.601183 9.9964E-05 9.9964E-05 9.9964E-05
0.660698 0.293847 9.9964E-05 9.9964E-05 0.0450544 9.9964E-05 9.9964E-05
0.755707 9.9982E-05 0.0461682 9.9982E-05 0.0140663 0.177417 0.00644087
0.885525 9.9955E-05 9.9955E-05 9.9955E-05 9.9955E-05 0.113975 9.9955E-05
0.69363 9.9964E-05 9.9964E-05 0.0138979 9.9964E-05 0.292072 9.9964E-05
0.715828 0.153049 9.9973E-05 0.0926373 0.0381858 9.9973E-05 9.9973E-05
0.186665 0.399828 0.0201822 9.9982E-05 0.0480992 0.345025 9.9982E-05
0.426307 0.436555 9.9973E-05 9.9973E-05 0.0947843 9.9973E-05 0.0420535
0.0999218 0.575448 9.9973E-05 9.9973E-05 0.034701 0.289629 9.9973E-05
0.131283 0.60028 9.9973E-05 9.9973E-05 0.00690661 0.26123 9.9973E-05
0.00629473 0.568883 9.9982E-05 0.248442 0.0414992 9.9982E-05 0.13468
9.9973E-05 0.180334 0.367314 9.9973E-05 0.290324 0.161728 9.9973E-05
9.9982E-05 0.111788 0.365845 9.9982E-05 0.464505 0.028471 0.0291915
9.9973E-05 0.0167201 9.9973E-05 9.9973E-05 0.911118 0.0386913 0.0331707
0.023909 0.00650061 0.251654 9.9982E-05 0.582082 0.135655 9.9982E-05
9.9964E-05 9.9964E-05 0.362921 9.9964E-05 0.604619 0.0320599 9.9964E-05
0.149147 9.9982E-05 0.124415 9.9982E-05 0.679572 0.0441153 0.00255103
0.214884 9.99639E-05 0.749334 9.99639E-05 9.99639E-05 0.0353831 9.99639E-05
0.0110098 0.0876028 0.814021 0.0582633 0.0141002 9.9991E-05 0.0149026
9.9964E-05 9.9964E-05 0.721298 0.0963137 0.181988 9.9964E-05 9.9964E-05
9.9955E-05 9.9955E-05 0.546876 9.9955E-05 0.452624 9.9955E-05 9.9955E-05
9.9982E-05 0.13867 0.575539 0.0306219 0.242616 9.9982E-05 0.0123534
9.99641E-05 0.080634 0.271668 9.99641E-05 0.647298 9.99641E-05 9.99641E-05
9.9973E-05 0.126845 0.651819 9.9973E-05 0.195714 0.0253213 9.9973E-05
9.9964E-05 0.138215 0.518862 9.9964E-05 0.342523 9.9964E-05 9.9964E-05
9.9982E-05 0.187152 0.734645 9.9982E-05 0.0288723 0.0304582 0.0186724
9.9973E-05 0.128893 0.390599 9.9973E-05 0.448133 9.9973E-05 0.0320754
9.9973E-05 0.0455339 0.871299 9.9973E-05 0.0122024 9.9973E-05 0.0706645
0.100128 9.9973E-05 0.158276 9.9973E-05 0.680973 9.9973E-05 0.0603228
0.0477626 0.147717 0.116967 9.9973E-05 0.687253 9.9973E-05 9.9973E-05
0.157385 9.9964E-05 0.0975694 9.9964E-05 0.744646 9.9964E-05 9.9964E-05
9.9964E-05 9.9964E-05 0.365478 0.088971 0.545151 9.9964E-05 9.9964E-05
9.9955E-05 9.9955E-05 9.9955E-05 9.9955E-05 0.94681 9.9955E-05 0.0526903
9.9964E-05 9.9964E-05 0.258937 9.9964E-05 0.692213 0.0484502 9.9964E-05
0.106077 0.0193294 0.716684 9.9973E-05 0.15761 9.9973E-05 9.9973E-05
0.113758 9.9973E-05 0.0487164 0.0841722 0.753053 9.9973E-05 9.9973E-05
0.0591948 0.0672331 9.9982E-05 0.0158362 0.0329183 9.9982E-05 0.824618
9.9973E-05 9.9973E-05 9.9973E-05 0.0197513 0.103015 0.811888 0.0650461
9.9964E-05 9.9964E-05 9.9964E-05 9.9964E-05 0.102503 0.701944 0.195154
0.111369 9.9973E-05 9.9973E-05 0.106505 0.0170026 9.9973E-05 0.764824
0.300799 9.9973E-05 9.9973E-05 0.0458432 9.9973E-05 0.0492636 0.603795
0.603687 9.99641E-05 0.0117088 9.99641E-05 9.99641E-05 0.384204 9.99641E-05
0.0555212 9.9973E-05 0.0710293 0.578717 9.9973E-05 0.294433 9.9973E-05
0.0895096 9.9973E-05 0.0581241 0.471889 9.9973E-05 0.380177 9.9973E-05
0.0661433 9.9973E-05 9.9973E-05 0.53159 9.9973E-05 0.000751555 0.401216
0.139647 9.9973E-05 9.9973E-05 0.211643 9.9973E-05 0.316435 0.331975
9.9964E-05 9.9964E-05 9.9964E-05 0.596476 0.0397064 9.9964E-05 0.363417
9.9973E-05 0.0567323 9.9973E-05 0.875894 0.00443871 9.9973E-05 0.0626346
9.9973E-05 0.0874165 9.9973E-05 0.492021 0.00771153 9.9973E-05 0.412551
0.00519662 0.0372655 0.0472885 0.54448 9.9982E-05 9.9982E-05 0.365569
0.341655 9.99639E-05 0.0117264 0.646219 9.99639E-05 9.99639E-05 9.99639E-05
0.107234 0.0319806 0.0131025 0.709076 9.9982E-05 9.9982E-05 0.138408
9.9964E-05 9.9964E-05 9.9964E-05 0.628272 0.0284301 9.9964E-05 0.342898
9.9973E-05 0.0542111 9.9973E-05 0.554223 0.0127308 9.9973E-05 0.378535
9.9973E-05 0.0936987 9.9973E-05 0.514323 9.9973E-05 0.146338 0.24534
0.220811 0.0221237 9.9982E-05 0.0410172 9.9982E-05 0.264071 0.451776
0.0203786 9.9973E-05 9.9973E-05 0.0314922 9.9973E-05 0.372526 0.575303
0.0405575 0.0796599 9.997E-05 9.997E-05 9.997E-05 0.404345 0.475138
0.0267075 0.0458944 9.9973E-05 9.9973E-05 9.9973E-05 0.434538 0.49256
0.15754 9.9964E-05 0.0262847 9.9964E-05 9.9964E-05 9.9964E-05 0.815775
0.0525133 0.105994 9.9964E-05 9.9964E-05 9.9964E-05 9.9964E-05 0.841093
0.0814891 0.196212 9.9973E-05 9.9973E-05 9.9973E-05 0.00907546 0.712923
0.0461195 9.9964E-05 0.033953 9.9964E-05 9.9964E-05 9.9964E-05 0.919528
0.085164 9.9973E-05 9.9973E-05 0.0541507 0.0169688 9.9973E-05 0.843417
9.9964E-05 9.9964E-05 9.9964E-05 0.166815 9.9964E-05 0.0286961 0.804089
9.9973E-05 0.147931 9.9973E-05 0.0214372 9.9973E-05 0.0158446 0.814487
9.9964E-05 0.0107451 9.9964E-05 9.9964E-05 9.9964E-05 0.0855878 0.903267
0.124526 0.00631072 9.9982E-05 0.271268 9.9982E-05 0.215677 0.382018
0.0582801 9.9982E-05 9.9982E-05 0.0726535 0.0574275 0.297066 0.514373
0.0256702 0.0394093 9.9982E-05 0.184303 9.9982E-05 0.203214 0.547203
0.0820076 0.06744 9.9982E-05 0.0794737 9.9982E-05 0.07376 0.697119
0.0685985 9.99731E-05 9.99731E-05 0.0565912 9.99731E-05 0.115185 0.759325
9.9964E-05 0.0344425 9.9964E-05 9.9964E-05 9.9964E-05 0.0984691 0.866689
0.0924965 9.9973E-05 9.9973E-05 0.101057 9.9973E-05 0.0940799 0.712066
9.9964E-05 0.0517021 9.9964E-05 9.9964E-05 9.9964E-05 0.669042 0.278856
9.9964E-05 9.9964E-05 9.9964E-05 0.048741 9.9964E-05 0.59668 0.354179
9.9973E-05 9.9973E-05 0.0212379 9.9973E-05 0.00899353 0.42155 0.547919
9.9964E-05 9.9964E-05 9.9964E-05 0.116954 9.9964E-05 0.071164 0.811482
9.9991E-05 0.0309437 0.0675383 0.14218 0.00566845 0.0217284 0.731841
9.9982E-05 0.0683189 9.9982E-05 0.0597548 0.00967591 0.155887 0.706163
9.9964E-05 9.9964E-05 0.0567334 9.9964E-05 9.9964E-05 0.036592 0.906275
9.9973E-05 0.140762 0.0721323 9.9973E-05 0.151416 9.9973E-05 0.63539
9.9964E-05 9.9964E-05 0.0893013 9.9964E-05 0.250453 9.9964E-05 0.659845
0.10721 9.9964E-05 9.9964E-05 9.9964E-05 9.9964E-05 0.118582 0.773808
0.0443025 9.99639E-05 9.99639E-05 9.99639E-05 9.99639E-05 0.554884 0.400413
9.9973E-05 9.9973E-05 0.0652211 0.0707039 9.9973E-05 0.435801 0.427974
9.9982E-05 0.0241698 9.9982E-05 0.0440669 0.00803419 0.509189 0.41434
0.0902614 9.9964E-05 9.9964E-05 9.9964E-05 9.9964E-05 0.749711 0.159627
0.109549 9.9964E-05 9.9964E-05 9.9964E-05 9.9964E-05 0.0596843 0.830367
9.9964E-05 9.9964E-05 9.9964E-05 0.0771508 9.9964E-05 0.521689 0.400761
9.9964E-05 9.9964E-05 9.9964E-05 0.087362 9.9964E-05 0.272769 0.639469
0.0991782 0.0214956 9.9982E-05 0.14509 9.9982E-05 0.262613 0.471422
9.9964E-05 9.9964E-05 0.0485513 9.9964E-05 9.9964E-05 0.388615 0.562434
0.0931608 9.9973E-05 0.624395 9.9973E-05 0.100703 0.181441 9.9973E-05
9.9982E-05 9.9982E-05 0.513434 0.00971895 0.443461 0.00277051 0.030415
0.0898862 9.9973E-05 0.594748 0.047564 0.267502 9.9973E-05 9.9973E-05
0.0796681 9.9982E-05 0.087084 0.056998 0.686728 0.089322 9.9982E-05
0.00563406 9.9982E-05 0.159225 0.0628338 0.684074 9.9982E-05 0.0880329
0.0241128 9.9964E-05 0.13531 9.9964E-05 0.840177 9.9964E-05 9.9964E-05
9.9973E-05 9.9973E-05 0.559445 0.0241986 0.367814 0.0482419 9.9973E-05
9.9964E-05 9.9964E-05 0.798771 9.9964E-05 0.134192 9.9964E-05 0.0666377
0.00189253 9.99641E-05 0.776238 9.99641E-05 9.99641E-05 0.221469 9.99641E-05
9.9964E-05 9.9964E-05 0.267943 9.9964E-05 0.627217 9.9964E-05 0.10444
9.99551E-05 0.089488 9.99551E-05 9.99551E-05 0.910012 9.99551E-05 9.99551E-05
9.9955E-05 0.0407946 9.9955E-05 9.9955E-05 0.958706 9.9955E-05 9.9955E-05
9.9973E-05 0.0298625 9.9973E-05 0.0373421 0.893014 9.9973E-05 0.039481
