0.410389 9.9991E-05 0.00438395 0.00699743 0.197846 0.134449 0.245834
0.00172512 9.9991E-05 0.15308 0.275221 0.0458366 0.121496 0.402541
0.210983 9.9991E-05 0.107056 0.0248837 0.173858 0.356245 0.126875
0.162738 0.0147485 0.045542 9.9982E-05 9.9982E-05 0.593048 0.183724
0.118704 9.9964E-05 9.9964E-05 9.9964E-05 0.56639 0.314507 9.9964E-05
0.250915 9.9982E-05 0.0195287 9.9982E-05 0.0261486 0.553863 0.149346
9.9964E-05 9.9964E-05 0.0459563 0.926853 9.9964E-05 9.9964E-05 0.0267908
0.0565138 0.164569 0.0329925 0.586139 0.159586 9.9982E-05 9.9982E-05
9.9973E-05 0.210087 9.9973E-05 0.748588 9.9973E-05 0.026016 0.0150096
0.0343003 0.177975 0.00729451 0.78013 9.9973E-05 9.9973E-05 9.9973E-05
9.9964E-05 0.0839332 9.9964E-05 0.872315 9.9964E-05 9.9964E-05 0.0433516
0.0438585 0.0217562 9.9973E-05 0.873114 0.060971 9.9973E-05 9.9973E-05
9.996E-05 0.407885 9.996E-05 0.590117 0.00159791 9.996E-05 9.996E-05
0.0525604 0.391541 9.99641E-05 0.555499 9.99641E-05 9.99641E-05 9.99641E-05
0.0025613 0.192941 0.0179763 0.7389 9.9982E-05 9.9982E-05 0.0474209
9.99641E-05 0.0178043 9.99641E-05 0.924007 9.99641E-05 9.99641E-05 0.0577892
0.48939 9.9964E-05 0.186226 9.9964E-05 0.323985 9.9964E-05 9.9964E-05
0.226814 0.0455052 0.649876 9.9973E-05 0.077505 9.9973E-05 9.9973E-05
0.610262 0.0433211 0.208488 9.9982E-05 9.9982E-05 0.12738 0.01035
0.46903 0.0864174 0.131282 9.9982E-05 0.143192 0.169878 9.9982E-05
0.249393 0.0143977 0.447325 9.9982E-05 0.243259 0.0454256 9.9982E-05
0.482782 0.0246378 0.347313 9.9973E-05 9.9973E-05 0.144967 9.9973E-05
0.549587 9.9973E-05 9.9973E-05 0.187007 0.0965217 9.9973E-05 0.166585
0.620392 9.9964E-05 9.9964E-05 9.9964E-05 0.216596 9.9964E-05 0.162612
0.815492 9.9973E-05 9.9973E-05 9.9973E-05 0.0888223 0.0833675 0.0120184
0.53756 9.9973E-05 9.9973E-05 9.9973E-05 0.00640899 0.276305 0.179426
0.530374 0.0784951 9.9964E-05 9.9964E-05 0.390731 9.9964E-05 9.9964E-05
0.456801 0.070451 9.9973E-05 9.9973E-05 0.394571 0.0778777 9.9973E-05
9.9982E-05 0.0191503 0.276183 0.0738864 0.388323 9.9982E-05 0.242257
0.0856657 0.0449801 0.432102 9.9991E-05 0.257966 0.0281829 0.151003
9.9964E-05 9.9964E-05 0.479532 0.15804 9.9964E-05 0.362028 9.9964E-05
0.0778195 9.9982E-05 0.283512 0.0641703 0.178014 0.396284 9.9982E-05
0.180868 9.9973E-05 0.240897 9.9973E-05 0.0795357 0.498399 9.9973E-05
0.775106 9.9973E-05 9.9973E-05 0.0413007 9.9973E-05 0.0231527 0.160141
0.620315 9.9964E-05 9.9964E-05 0.235912 9.9964E-05 9.9964E-05 0.143373
0.562593 9.9982E-05 0.151293 0.0366833 0.217248 0.0319823 9.9982E-05
0.394333 0.167204 0.0782794 0.204348 9.9982E-05 0.155635 9.9982E-05
0.679983 0.0114709 9.9982E-05 0.0965362 0.111838 0.099971 9.9982E-05
0.575713 0.0685755 0.140425 0.00149702 9.9991E-05 0.0412984 0.172391
0.677318 0.0108797 0.131997 9.9982E-05 0.0188643 0.16074 9.9982E-05
0.148397 9.997E-05 0.0147752 9.997E-05 9.997E-05 0.243842 0.592685
0.239693 0.0642022 9.9982E-05 9.9982E-05 0.142103 0.362767 0.191035
0.138089 0.103341 0.102941 9.9982E-05 0.0947202 0.560709 9.9982E-05
0.0887293 0.164773 9.9973E-05 9.9973E-05 9.9973E-05 0.212809 0.533389
0.287048 9.9964E-05 9.9964E-05 9.9964E-05 9.9964E-05 0.512056 0.200497
0.348487 9.9973E-05 0.123973 9.9973E-05 9.9973E-05 0.503324 0.0239158
0.31187 0.0644411 0.623289 9.9964E-05 9.9964E-05 9.9964E-05 9.9964E-05
9.9973E-05 9.9973E-05 0.771745 0.0323124 9.9973E-05 0.0110992 0.184543
9.9955E-05 9.9955E-05 0.888231 9.9955E-05 9.9955E-05 9.9955E-05 0.111269
0.0300229 9.9964E-05 0.643689 9.9964E-05 9.9964E-05 9.9964E-05 0.325888
0.170469 0.0331338 0.771571 9.9973E-05 0.0245267 9.9973E-05 9.9973E-05
0.408031 0.0926054 0.152863 9.9973E-05 9.9973E-05 9.9973E-05 0.346201
0.47165 0.0564776 0.398084 9.9973E-05 0.0734887 9.9973E-05 9.9973E-05
0.597288 0.0413004 0.0567325 9.9973E-05 9.9973E-05 9.9973E-05 0.304379
0.582372 0.0163045 0.105825 9.9973E-05 9.9973E-05 9.9973E-05 0.295199
0.56429 0.070016 0.0543733 9.9982E-05 0.0755728 0.235548 9.9982E-05
0.208006 0.274502 9.9973E-05 0.373546 9.9973E-05 9.9973E-05 0.143647
0.12202 0.492517 9.9982E-05 0.328478 0.0269731 9.9982E-05 0.0298112
0.0391604 0.890564 9.9973E-05 0.00287716 9.9973E-05 9.9973E-05 0.0670988
9.9973E-05 0.540932 0.0168029 0.292677 9.9973E-05 9.9973E-05 0.149289
9.9964E-05 0.615798 9.9964E-05 0.382648 9.9964E-05 9.9964E-05 0.00115439
9.9982E-05 0.653489 0.204214 0.103744 0.015071 9.9982E-05 0.0232814
9.996E-05 9.996E-05 0.192236 0.764785 9.996E-05 9.996E-05 0.0425788
0.0310841 0.0513463 0.0015174 0.791616 0.00901033 0.115326 9.9991E-05
9.9964E-05 0.182507 9.9964E-05 0.744051 9.9964E-05 0.073043 9.9964E-05
9.9964E-05 0.408087 0.00936987 0.582144 9.9964E-05 9.9964E-05 9.9964E-05
0.157313 0.306799 9.9973E-05 0.504748 0.0308411 9.9973E-05 9.9973E-05
0.123024 0.655234 9.99641E-05 0.221342 9.99641E-05 9.99641E-05 9.99641E-05
0.0883098 0.166528 9.9973E-05 0.677768 9.9973E-05 9.9973E-05 0.0670943
0.0814275 0.368217 9.9964E-05 0.549956 9.9964E-05 9.9964E-05 9.9964E-05
0.179753 0.00748991 9.9973E-05 0.761472 0.0509845 9.9973E-05 9.9973E-05
0.0997604 0.447899 9.9973E-05 0.421028 0.0310129 9.9973E-05 9.9973E-05
0.0303786 0.0628731 9.9973E-05 0.841893 0.0645554 9.9973E-05 9.9973E-05
9.9973E-05 0.656742 0.0991859 0.190068 0.053704 9.9973E-05 9.9973E-05
0.165573 0.702574 9.9964E-05 0.131453 9.9964E-05 9.9964E-05 9.9964E-05
9.99639E-05 0.765254 0.198831 0.0355145 9.99639E-05 9.99639E-05 9.99639E-05
9.9964E-05 0.501805 9.9964E-05 0.357148 9.9964E-05 0.140647 9.9964E-05
9.995E-05 0.9994 9.995E-05 9.995E-05 9.995E-05 9.995E-05 9.995E-05
9.9964E-05 0.677551 9.9964E-05 0.272797 9.9964E-05 9.9964E-05 0.0492522
0.016637 0.189433 0.115015 0.678616 9.997E-05 9.997E-05 9.997E-05
9.9973E-05 0.67946 0.11051 0.0974931 9.9973E-05 0.112237 9.9973E-05
0.0772568 9.99641E-05 9.99641E-05 9.99641E-05 0.875953 0.0463908 9.99641E-05
9.9964E-05 0.109783 9.9964E-05 9.9964E-05 0.0251472 9.9964E-05 0.86467
9.9964E-05 0.108161 9.9964E-05 9.9964E-05 0.174066 9.9964E-05 0.717373
9.9973E-05 0.0224707 0.112848 9.9973E-05 0.794211 0.0701705 9.9973E-05
9.9964E-05 9.9964E-05 0.333214 9.9964E-05 0.585215 9.9964E-05 0.0811711
9.99641E-05 9.99641E-05 0.645911 0.0101199 9.99641E-05 9.99641E-05 0.343569
9.9973E-05 9.9973E-05 0.0969757 0.0970524 9.9973E-05 0.548123 0.257549
9.9973E-05 9.9973E-05 0.0930762 0.0730366 9.9973E-05 0.47375 0.359838
9.9973E-05 9.9973E-05 0.0707655 9.9973E-05 0.345487 0.562285 0.0211632
9.997E-05 9.997E-05 0.154984 9.997E-05 0.376887 0.172573 0.295257
9.9964E-05 0.0337785 9.9964E-05 9.9964E-05 0.202649 0.763172 9.9964E-05
0.0582491 9.9955E-05 9.9955E-05 9.9955E-05 9.9955E-05 0.941251 9.9955E-05
0.104991 9.99639E-05 9.99639E-05 9.99639E-05 0.310953 0.583656 9.99639E-05
9.9991E-05 0.0180748 0.023961 0.00448707 0.152196 0.771578 0.029603
9.99549E-05 9.99549E-05 0.409238 9.99549E-05 9.99549E-05 0.590262 9.99549E-05
0.0574218 9.9982E-05 0.142766 9.9982E-05 0.0493567 0.672005 0.0782505
9.9973E-05 0.017618 9.9973E-05 0.0199573 0.254508 0.707617 9.9973E-05
0.0751922 0.0170474 9.9973E-05 9.9973E-05 0.250781 0.656679 9.9973E-05
0.0323647 9.9982E-05 9.9982E-05 0.0432948 0.176992 0.552716 0.194432
0.00577521 9.9982E-05 0.218136 9.9982E-05 0.404667 0.00328683 0.367935
9.9973E-05 9.9973E-05 0.0203176 9.9973E-05 0.49206 0.0661905 0.421132
0.0863494 9.997E-05 0.00747321 9.997E-05 0.42851 9.997E-05 0.477368
0.00499367 9.9973E-05 0.0104171 9.9973E-05 0.481473 9.9973E-05 0.502816
9.9964E-05 9.9964E-05 0.201912 0.0179573 0.779731 9.9964E-05 9.9964E-05
0.124128 9.9964E-05 0.0331474 9.9964E-05 0.842325 9.9964E-05 9.9964E-05
0.179866 9.997E-05 0.0828862 9.997E-05 0.68349 9.997E-05 0.0534581
9.9964E-05 9.9964E-05 0.0593162 0.00922486 0.931059 9.9964E-05 9.9964E-05
9.9982E-05 0.0100547 0.0932833 0.000652391 0.872171 0.0236386 9.9982E-05
9.996E-05 9.996E-05 9.996E-05 9.996E-05 0.724658 0.216668 0.0582743
0.126426 9.9973E-05 9.9973E-05 9.9973E-05 0.789503 0.0470794 0.0366919
9.9964E-05 9.9964E-05 9.9964E-05 9.9964E-05 0.802107 0.0355967 0.161897
0.0812872 9.9982E-05 0.0984937 9.9982E-05 0.349229 0.190147 0.280642
9.9982E-05 0.0722416 0.0476039 9.9982E-05 0.439783 0.108888 0.331284
0.0220599 9.9982E-05 0.107196 9.9982E-05 0.5322 0.159967 0.178378
0.0377912 9.99731E-05 0.0865204 9.99731E-05 0.829045 0.0463436 9.99731E-05
9.9973E-05 9.9973E-05 0.0555656 9.9973E-05 0.781327 0.0268245 0.135983
0.0379591 9.9964E-05 9.9964E-05 9.9964E-05 0.866526 9.9964E-05 0.0951153
9.997E-05 9.997E-05 0.0611773 9.997E-05 0.720331 0.1255 0.0926913
0.071049 9.997E-05 9.997E-05 0.0519861 0.233444 9.997E-05 0.643221
9.9982E-05 9.9982E-05 0.00522799 0.0124577 0.369526 0.0617342 0.550854
9.9973E-05 9.9973E-05 9.9973E-05 0.0479751 0.564723 0.0126201 0.374381
9.9964E-05 9.9964E-05 9.9964E-05 9.9964E-05 0.803344 0.133986 0.06227
0.0255353 0.0249095 9.9991E-05 0.0309102 0.701886 0.174853 0.0418068
0.0487619 9.9982E-05 9.9982E-05 0.0123255 0.669941 0.11306 0.155712
9.9982E-05 9.9982E-05 0.00654279 0.0402512 0.84975 0.0183445 0.0849114
0.184674 0.151532 9.9973E-05 0.0445958 0.618899 9.9973E-05 9.9973E-05
9.9964E-05 0.290292 9.9964E-05 0.0995822 0.609726 9.9964E-05 9.9964E-05
9.9964E-05 9.9964E-05 0.119432 9.9964E-05 0.782255 9.9964E-05 0.097913
9.99639E-05 9.99639E-05 0.0657962 9.99639E-05 0.297961 9.99639E-05 0.635843
9.997E-05 9.997E-05 9.997E-05 0.073785 0.488207 0.026171 0.411537
9.9964E-05 0.0202816 9.9964E-05 9.9964E-05 0.376499 9.9964E-05 0.60282
0.0201112 9.997E-05 0.0406259 9.997E-05 0.0792521 9.997E-05 0.859711
9.9964E-05 9.9964E-05 0.113492 9.9964E-05 0.789899 9.9964E-05 0.0962095
9.9973E-05 9.9973E-05 0.0160894 9.9973E-05 0.360806 0.0349622 0.587843
9.9964E-05 9.9964E-05 9.9964E-05 9.9964E-05 0.623316 0.0789567 0.297328
9.9973E-05 9.9973E-05 0.117227 9.9973E-05 0.40703 0.150421 0.325022
9.9973E-05 9.9973E-05 0.0230798 0.0233832 0.577724 9.9973E-05 0.375513
9.997E-05 0.0847698 0.0453161 0.700881 9.997E-05 9.997E-05 0.168733
9.9982E-05 0.42992 0.00970027 0.477344 9.9982E-05 0.0407086 0.0421273
9.9973E-05 0.299417 0.126669 0.529745 9.9973E-05 9.9973E-05 0.0438687
9.99729E-05 0.685578 0.0225517 0.120109 9.99729E-05 9.99729E-05 0.171461
9.9982E-05 0.70293 9.9982E-05 0.152675 0.0511762 0.0846605 0.00835835
9.9973E-05 0.811729 0.00994404 0.170661 9.9973E-05 9.9973E-05 0.00736592
9.9982E-05 0.367621 9.9982E-05 0.540406 0.0249241 0.020574 0.0462745
9.9973E-05 0.148299 9.9973E-05 0.823491 0.0024991 0.0254105 9.9973E-05
9.99641E-05 9.99641E-05 0.0555355 0.782918 9.99641E-05 9.99641E-05 0.161146
9.9973E-05 0.635165 0.000515115 0.277988 0.0860316 9.9973E-05 9.9973E-05
0.0549729 0.944527 9.99551E-05 9.99551E-05 9.99551E-05 9.99551E-05 9.99551E-05
0.0347948 0.963823 9.9964E-05 9.9964E-05 9.9964E-05 0.000982306 9.9964E-05
9.9973E-05 0.957897 0.00773964 9.9973E-05 0.0186243 0.015439 9.9973E-05
