9.9973E-05 0.146839 9.9973E-05 0.394736 9.9973E-05 0.458125
9.9982E-05 0.456504 0.0790748 0.377842 9.9982E-05 0.0863788
9.999E-05 0.191223 0.0157584 0.444467 0.000734541 0.347717
9.9982E-05 9.9982E-05 0.172703 0.319954 0.0655873 0.441556
9.9973E-05 9.9973E-05 9.9973E-05 0.661321 0.0532552 0.285124
9.9982E-05 9.9982E-05 0.0239972 0.375048 0.0192226 0.581532
0.485957 0.384385 0.129358 9.99729E-05 9.99729E-05 9.99729E-05
0.536459 0.212449 0.0969699 0.131459 0.022563 9.9991E-05
0.650276 0.257527 0.0826132 9.9982E-05 0.00938458 9.9982E-05
0.687798 0.221778 0.0901243 9.9973E-05 9.9973E-05 9.9973E-05
0.523779 0.461006 0.0149151 9.99729E-05 9.99729E-05 9.99729E-05
0.248775 0.634535 9.9982E-05 0.00546531 0.111025 9.9982E-05
0.690339 0.190682 9.9973E-05 9.9973E-05 0.118679 9.9973E-05
0.896289 0.0340021 0.0694088 9.9973E-05 9.9973E-05 9.9973E-05
0.530048 0.333296 0.115512 9.9982E-05 0.0209439 9.9982E-05
0.446611 0.527718 0.0253702 9.9973E-05 9.9973E-05 9.9973E-05
9.999E-05 0.0828419 0.0941019 0.248933 0.00329246 0.570731
9.9973E-05 9.9973E-05 0.58031 9.9973E-05 0.131272 0.288118
0.0714022 0.0104145 0.163257 9.9991E-05 0.0410068 0.71382
0.0148024 9.9991E-05 0.112933 0.0741833 0.0586394 0.739342
0.0564394 9.9982E-05 0.443644 0.0671104 9.9982E-05 0.432606
0.017104 9.9982E-05 0.333271 9.9982E-05 0.0492119 0.600214
9.9973E-05 0.311593 9.9973E-05 0.143527 9.9973E-05 0.54458
9.9973E-05 0.119983 9.9973E-05 0.231964 9.9973E-05 0.647753
0.0546138 0.0351533 9.9982E-05 0.0640495 9.9982E-05 0.845983
0.0114569 9.9982E-05 0.0169913 0.199689 9.9982E-05 0.771663
9.9973E-05 9.9973E-05 9.9973E-05 0.221218 0.179305 0.599177
0.104155 9.9982E-05 9.9982E-05 0.324852 0.0104853 0.560308
0.104965 9.9982E-05 0.294501 0.529767 9.9982E-05 0.0705678
0.148873 9.9982E-05 0.450299 0.296978 9.9982E-05 0.10365
9.9982E-05 0.325744 0.379034 0.00520779 9.9982E-05 0.289814
9.999E-05 0.155467 0.185827 0.300282 0.0678338 0.29049
9.9982E-05 0.0173203 0.252021 0.280825 9.9982E-05 0.449634
0.0102198 0.119916 9.9973E-05 9.9973E-05 9.9973E-05 0.869564
9.9964E-05 0.41455 9.9964E-05 9.9964E-05 9.9964E-05 0.58505
9.9991E-05 0.106959 0.0541709 0.167413 0.0551635 0.616194
9.9973E-05 0.31466 9.9973E-05 9.9973E-05 0.210375 0.474665
9.9982E-05 0.179112 9.9982E-05 0.0382636 0.0679108 0.714513
0.0235091 0.102041 0.208136 9.9982E-05 9.9982E-05 0.666114
9.9982E-05 9.9982E-05 0.156341 0.0156097 0.0744681 0.753381
9.9982E-05 0.0424688 0.195475 0.325104 9.9982E-05 0.436752
9.9982E-05 9.9982E-05 0.0996743 0.41105 0.115348 0.373727
0.00746426 9.9991E-05 0.132071 0.246345 0.183686 0.430333
0.0663312 0.118035 9.9991E-05 0.517774 0.0651062 0.232654
0.0400387 9.9982E-05 0.0765796 0.319401 9.9982E-05 0.56378
9.9982E-05 9.9982E-05 0.168908 0.0922635 0.0395716 0.699057
9.9973E-05 9.9973E-05 0.53433 9.9973E-05 0.162686 0.302684
9.9991E-05 0.159097 0.709935 0.0290028 0.0790678 0.0227968
9.9964E-05 0.0984027 0.901197 9.9964E-05 9.9964E-05 9.9964E-05
9.9973E-05 9.9973E-05 0.801327 0.145662 9.9973E-05 0.0527117
0.0812987 9.9982E-05 0.680661 9.9982E-05 0.00152563 0.236314
0.0952545 0.0575324 0.226596 0.150207 9.9991E-05 0.47031
0.00460365 9.9982E-05 0.409679 9.9982E-05 0.0990555 0.486462
0.0303202 0.0255567 0.151596 0.0479857 9.9991E-05 0.744441
0.0143778 0.0778707 0.141208 0.0518772 9.9991E-05 0.714567
9.9982E-05 9.9982E-05 0.00377417 0.0877456 0.096062 0.812218
0.332415 0.25565 9.9991E-05 0.0262307 0.182117 0.203487
0.725409 0.0574659 9.9991E-05 0.0510092 0.082323 0.083693
0.189746 9.9973E-05 9.9973E-05 0.0343997 0.775555 9.9973E-05
0.152439 0.201808 0.0622345 9.9991E-05 0.560281 0.0231372
0.0914776 0.19648 9.9973E-05 9.9973E-05 0.711743 9.9973E-05
9.9973E-05 0.093144 0.123998 9.9973E-05 0.782558 9.9973E-05
0.0116994 0.896805 0.0911955 9.9973E-05 9.9973E-05 9.9973E-05
0.0696743 0.677018 9.9982E-05 9.9982E-05 0.183956 0.0691519
0.442193 0.384064 9.9982E-05 0.0239672 0.149576 9.9982E-05
0.752834 0.174064 0.0364421 9.9982E-05 0.0364602 9.9982E-05
0.417089 0.283345 9.9982E-05 9.9982E-05 0.168302 0.131065
0.69926 0.00205655 9.9982E-05 9.9982E-05 0.256803 0.0416809
0.275469 0.539391 9.9982E-05 9.9982E-05 0.172484 0.0124566
0.325037 0.329593 9.9973E-05 9.9973E-05 0.345069 9.9973E-05
0.186546 0.630075 9.9982E-05 9.9982E-05 0.0935363 0.089643
0.355387 0.221198 9.9991E-05 0.00651437 0.339258 0.0775428
0.112976 0.680432 9.9973E-05 9.9973E-05 0.206292 9.9973E-05
0.203567 0.118556 0.0196346 0.0191269 0.639015 9.9991E-05
0.462311 9.9973E-05 9.9973E-05 9.9973E-05 0.377795 0.159594
0.070179 0.0565161 0.0497857 9.9991E-05 0.807589 0.0158301
0.103881 0.209941 9.9982E-05 0.0239668 0.662012 9.9982E-05
0.0883016 9.9964E-05 9.9964E-05 9.9964E-05 0.911299 9.9964E-05
0.446206 0.120342 9.9973E-05 9.9973E-05 0.433152 9.9973E-05
0.140772 0.55893 0.0340691 9.9982E-05 0.266029 9.9982E-05
0.18024 0.0240589 0.146438 9.9982E-05 0.649064 9.9982E-05
9.99731E-05 9.99731E-05 9.99731E-05 0.757544 0.125674 0.116482
9.9982E-05 0.144075 0.0741343 0.762441 9.9982E-05 0.0191495
9.9973E-05 0.20238 9.9973E-05 0.784856 0.0124635 9.9973E-05
0.124772 9.9982E-05 0.0617279 0.811946 9.9982E-05 0.00135367
0.104901 9.9973E-05 0.27876 0.616039 9.9973E-05 9.9973E-05
9.99731E-05 0.273321 0.58726 0.139119 9.99731E-05 9.99731E-05
0.0329458 0.104533 0.233689 0.553556 0.0420799 0.0331966
9.9991E-05 0.131766 0.24345 0.469859 0.0275538 0.127271
9.9982E-05 9.9982E-05 0.163426 0.697003 0.0751394 0.0642318
9.9973E-05 0.110658 0.198423 0.690619 9.9973E-05 9.9973E-05
9.9973E-05 9.9973E-05 9.9973E-05 0.705294 0.193086 0.10132
9.9973E-05 9.9973E-05 9.9973E-05 0.500005 0.121638 0.378057
0.0696399 9.9991E-05 0.017086 0.58325 0.0182183 0.311705
9.9991E-05 0.0216972 0.0232306 0.567595 0.126811 0.260567
9.9982E-05 9.9982E-05 0.535428 0.334431 0.0926082 0.0373334
9.9982E-05 9.9982E-05 0.200216 0.435016 0.0645993 0.29997
9.9973E-05 9.9973E-05 9.9973E-05 0.693148 0.148039 0.158513
9.9982E-05 0.0220199 9.9982E-05 0.588401 0.129532 0.259848
0.0196017 0.0599371 9.9982E-05 0.618751 9.9982E-05 0.30151
0.0640873 9.9982E-05 0.265021 0.615403 9.9982E-05 0.0552887
9.9973E-05 9.9973E-05 0.132634 0.855298 9.9973E-05 0.0117685
0.00959607 9.9982E-05 0.13916 0.793032 9.9982E-05 0.058012
9.9973E-05 0.0927057 0.0486081 0.858386 9.9973E-05 9.9973E-05
9.9982E-05 0.000605743 0.224908 0.705941 0.0683454 9.9982E-05
0.0491531 9.9973E-05 9.9973E-05 0.806284 9.9973E-05 0.144263
0.0634232 9.9982E-05 0.0563605 0.671838 9.9982E-05 0.208179
0.0793875 9.9973E-05 0.0281341 0.892178 9.9973E-05 9.9973E-05
0.0754453 9.9991E-05 0.0494497 0.824728 0.0351173 0.0151596
0.00673764 9.9982E-05 9.9982E-05 0.877825 0.0385707 0.076667
9.9973E-05 9.9973E-05 9.9973E-05 0.788215 0.0431362 0.168349
9.9973E-05 9.9973E-05 9.9973E-05 0.957147 0.0070636 0.0354891
9.9973E-05 9.9973E-05 0.176401 0.629983 9.9973E-05 0.193317
9.9973E-05 9.9973E-05 0.0998284 0.776777 0.123094 9.9973E-05
9.9982E-05 0.0638224 0.0660719 0.730508 9.9982E-05 0.139398
9.9982E-05 9.9982E-05 0.0439464 0.87244 0.0397783 0.0436358
0.066651 9.9973E-05 0.0958196 0.83723 9.9973E-05 9.9973E-05
9.9973E-05 9.9973E-05 9.9973E-05 0.908152 0.0842917 0.0072562
9.9973E-05 9.9973E-05 0.0806575 0.88494 0.0341024 9.9973E-05
9.99641E-05 0.258833 9.99641E-05 0.740767 9.99641E-05 9.99641E-05
9.9964E-05 0.221358 9.9964E-05 0.778242 9.9964E-05 9.9964E-05
9.9973E-05 0.147305 9.9973E-05 0.833022 0.0193725 9.9973E-05
9.9973E-05 9.9973E-05 9.9973E-05 0.92808 0.022492 0.0491279
0.066787 9.9982E-05 9.9982E-05 0.80976 0.0518808 0.0713718
9.9982E-05 0.051445 9.9982E-05 0.824791 0.0762274 0.0473364
9.9982E-05 0.00650752 9.9982E-05 0.916152 0.0673118 0.00982874
0.181452 9.9982E-05 9.9982E-05 0.633109 0.109851 0.075388
0.0544542 0.0191295 9.9982E-05 0.593524 0.332693 9.9982E-05
9.9973E-05 0.0515143 0.104365 0.843821 9.9973E-05 9.9973E-05
9.9973E-05 0.0517511 0.173238 0.774711 9.9973E-05 9.9973E-05
9.9973E-05 0.180722 9.9973E-05 0.814434 9.9973E-05 0.00454405
0.0543518 0.0725878 9.9973E-05 0.872761 9.9973E-05 9.9973E-05
9.9973E-05 0.100687 0.19233 0.706684 9.9973E-05 9.9973E-05
0.0596078 9.9973E-05 0.0774569 0.862635 9.9973E-05 9.9973E-05
0.0315123 0.02481 0.121955 0.818992 9.9991E-05 0.00263063
0.0699687 9.9964E-05 9.9964E-05 0.929631 9.9964E-05 9.9964E-05
9.9982E-05 0.00179967 0.176062 0.735704 9.9982E-05 0.0862348
9.9973E-05 0.146516 0.0261155 0.827068 9.9973E-05 9.9973E-05
9.9973E-05 0.749115 9.9973E-05 0.0166742 0.233911 9.9973E-05
0.071293 0.365936 9.9982E-05 0.00739739 0.555173 9.9982E-05
0.226753 0.34252 0.116026 9.9982E-05 0.314502 9.9982E-05
0.0283687 0.0366482 0.129266 0.0421652 0.763452 9.9991E-05
0.152356 0.0591414 0.0114175 0.0985306 0.678455 9.9991E-05
0.119 0.034274 0.00836976 9.9982E-05 0.838156 9.9982E-05
0.25395 0.401202 9.9982E-05 0.0088913 0.335756 9.9982E-05
0.126887 0.638375 9.9973E-05 9.9973E-05 0.234438 9.9973E-05
9.996E-05 0.9995 9.996E-05 9.996E-05 9.996E-05 9.996E-05
0.177731 0.124278 9.9982E-05 0.0738709 0.62392 9.9982E-05
0.546833 9.99731E-05 9.99731E-05 9.99731E-05 0.449157 0.00371001
0.100378 9.9973E-05 9.9973E-05 9.9973E-05 0.891894 0.00742801
0.382102 9.9973E-05 9.9973E-05 9.9973E-05 0.602242 0.0153562
