9.9982E-05 0.00641343 9.9982E-05 0.204978 0.230846 0.0746339 0.482929
0.201177 0.0744916 9.9991E-05 0.445104 0.114731 0.0574575 0.106939
0.00732465 0.0937881 9.9991E-05 0.117832 0.31329 0.227733 0.239932
9.998E-05 0.0379795 0.019874 0.169806 9.998E-05 0.611833 0.160307
9.9964E-05 9.9964E-05 9.9964E-05 9.9964E-05 0.573158 0.191167 0.235275
9.997E-05 0.0548086 9.997E-05 9.997E-05 0.127544 0.488477 0.32887
0.865919 0.124275 9.9964E-05 0.0094064 9.9964E-05 9.9964E-05 9.9964E-05
0.530456 0.134702 0.159339 9.9982E-05 0.169645 9.9982E-05 0.00565846
0.737787 9.997E-05 0.223033 0.00480691 9.997E-05 0.0340727 9.997E-05
0.693304 0.0697252 0.183512 9.9973E-05 9.9973E-05 9.9973E-05 0.0531588
0.906482 9.9973E-05 0.0267081 0.0444172 9.9973E-05 0.022093 9.9973E-05
0.878981 9.9964E-05 9.9964E-05 9.9964E-05 0.0795385 9.9964E-05 0.0410808
0.604649 9.9964E-05 0.392928 9.9964E-05 0.00202291 9.9964E-05 9.9964E-05
0.54907 9.99641E-05 0.399299 9.99641E-05 9.99641E-05 9.99641E-05 0.0512312
0.763428 0.0857827 0.127517 0.0229724 9.9973E-05 9.9973E-05 9.9973E-05
0.916272 9.99731E-05 0.0170549 0.0551179 0.0112551 9.99731E-05 9.99731E-05
9.9964E-05 0.25423 9.9964E-05 9.9964E-05 0.357689 9.9964E-05 0.387681
9.998E-05 0.705645 0.0477897 0.0413859 0.124994 9.998E-05 0.079985
9.998E-05 0.30764 0.0558999 0.0250409 9.998E-05 0.0970907 0.514129
9.998E-05 0.212999 0.077296 9.998E-05 0.188939 0.130065 0.3905
9.997E-05 0.554213 9.997E-05 9.997E-05 0.283922 0.0124637 0.149102
9.997E-05 0.532516 9.997E-05 9.997E-05 0.0010838 0.125321 0.34078
0.176813 9.9973E-05 9.9973E-05 0.121468 0.149361 9.9973E-05 0.552058
9.9973E-05 9.9973E-05 0.0055506 0.074636 0.233786 9.9973E-05 0.685727
9.99551E-05 9.99551E-05 9.99551E-05 9.99551E-05 0.116303 9.99551E-05 0.883197
9.998E-05 0.0618638 9.998E-05 0.0620748 0.122264 0.160033 0.593564
9.997E-05 0.0583982 0.0847025 9.997E-05 0.400396 9.997E-05 0.456204
9.9973E-05 9.9973E-05 0.0696705 9.9973E-05 0.439059 0.0489025 0.442068
9.9982E-05 0.294494 0.0354677 0.213101 0.453641 9.9982E-05 0.00309589
0.0937773 0.361328 9.9991E-05 0.109017 0.307322 0.0964786 0.0319769
0.139303 0.47136 9.9964E-05 9.9964E-05 9.9964E-05 0.388938 9.9964E-05
0.13448 0.245177 9.9973E-05 9.9973E-05 0.256831 0.363212 9.9973E-05
9.9973E-05 0.263684 9.9973E-05 9.9973E-05 0.146672 0.475485 0.11386
0.025279 9.9964E-05 9.9964E-05 0.0877047 9.9964E-05 9.9964E-05 0.886616
0.19437 9.9964E-05 9.9964E-05 0.146658 9.9964E-05 9.9964E-05 0.658572
0.0332292 0.181559 9.9982E-05 9.9982E-05 0.238897 0.0579465 0.488168
0.15798 0.0694747 0.213613 9.9982E-05 9.9982E-05 0.158479 0.400253
0.0500277 0.051043 0.0500422 9.9991E-05 0.165515 0.0705872 0.612684
9.998E-05 0.150757 0.060846 0.190996 9.998E-05 0.0381595 0.559041
9.998E-05 0.180885 0.0151683 9.998E-05 0.0839052 0.173985 0.545857
9.9964E-05 9.9964E-05 9.9964E-05 0.521505 9.9964E-05 0.319085 0.159011
9.998E-05 9.998E-05 0.0909597 0.165201 0.195121 0.377955 0.170564
9.998E-05 0.141756 0.104692 9.998E-05 0.0535422 0.549306 0.150504
9.9973E-05 9.9973E-05 0.120019 0.440129 9.9973E-05 0.219776 0.219775
9.9982E-05 0.0522114 9.9982E-05 0.128841 0.0817672 0.41035 0.32663
9.997E-05 0.110527 9.997E-05 0.0328682 9.997E-05 0.515381 0.340925
9.9964E-05 0.814579 0.0466352 9.9964E-05 9.9964E-05 9.9964E-05 0.138386
9.9964E-05 0.743323 9.9964E-05 0.245936 9.9964E-05 0.0103406 9.9964E-05
9.9955E-05 0.72331 9.9955E-05 0.27619 9.9955E-05 9.9955E-05 9.9955E-05
9.996E-05 0.525607 9.996E-05 0.472241 9.996E-05 0.00175157 9.996E-05
9.998E-05 0.808877 0.0164781 9.998E-05 0.081941 0.0555183 0.0369855
9.9973E-05 0.224243 0.0833543 0.330266 9.9973E-05 9.9973E-05 0.361836
9.9973E-05 0.532041 0.0785685 9.9973E-05 0.0957921 9.9973E-05 0.293299
9.9991E-05 0.17687 0.0360367 0.243908 0.00876875 0.0285339 0.505782
9.9973E-05 0.180988 0.0245502 0.255687 9.9973E-05 9.9973E-05 0.538475
9.998E-05 0.124353 0.0713097 9.998E-05 0.0934412 0.209816 0.500879
0.396156 9.9973E-05 0.27189 0.112538 9.9973E-05 9.9973E-05 0.219116
0.327846 9.9973E-05 0.415616 9.9973E-05 0.107978 9.9973E-05 0.14826
9.9964E-05 9.9964E-05 0.898097 0.0340159 0.0674869 9.9964E-05 9.9964E-05
0.316624 0.0384159 0.523144 0.121516 9.9973E-05 9.9973E-05 9.9973E-05
0.318466 9.9964E-05 0.625438 0.0556963 9.9964E-05 9.9964E-05 9.9964E-05
0.115354 0.186175 0.652693 0.0454781 9.9973E-05 9.9973E-05 9.9973E-05
0.730027 0.141572 9.99639E-05 0.128001 9.99639E-05 9.99639E-05 9.99639E-05
0.770465 0.0593858 0.00728901 9.9982E-05 9.9982E-05 0.0996111 0.0630496
0.771275 9.9964E-05 0.152622 9.9964E-05 9.9964E-05 0.0757033 9.9964E-05
0.585565 0.0133797 0.357669 9.9973E-05 9.9973E-05 9.9973E-05 0.0430864
0.512918 9.9973E-05 0.3002 9.9973E-05 0.0441706 9.9973E-05 0.142411
0.254539 9.99641E-05 0.637829 9.99641E-05 9.99641E-05 9.99641E-05 0.107232
0.623439 9.9973E-05 0.195146 0.107422 9.9973E-05 9.9973E-05 0.0736933
0.546665 9.9964E-05 0.360312 9.9964E-05 9.9964E-05 9.9964E-05 0.0926227
0.790782 9.9973E-05 0.0109903 9.9973E-05 0.0457099 9.9973E-05 0.152218
0.373423 9.997E-05 0.45393 9.997E-05 0.0476186 9.997E-05 0.124728
0.907392 9.9964E-05 9.9964E-05 9.9964E-05 0.0855779 9.9964E-05 0.00662989
0.212005 0.111601 0.62192 9.9973E-05 0.0541738 9.9973E-05 9.9973E-05
0.131092 0.0835107 0.666479 9.9973E-05 9.9973E-05 9.9973E-05 0.118617
0.124263 0.110133 0.736451 9.997E-05 9.997E-05 0.0288529 9.997E-05
0.347954 9.9964E-05 0.504841 9.9964E-05 9.9964E-05 0.146805 9.9964E-05
9.9955E-05 9.9955E-05 0.958798 9.9955E-05 9.9955E-05 0.0407021 9.9955E-05
0.326685 0.0127827 0.6432 0.017032 9.9973E-05 9.9973E-05 9.9973E-05
0.742411 0.151664 0.0669326 9.997E-05 9.997E-05 9.997E-05 0.0386924
0.188666 0.0744869 0.618932 9.9973E-05 9.9973E-05 0.117616 9.9973E-05
9.997E-05 0.0462414 0.0118545 9.997E-05 0.893712 9.997E-05 0.0478917
9.996E-05 9.996E-05 0.0799419 0.664415 0.255244 9.996E-05 9.996E-05
9.996E-05 9.996E-05 0.0724139 0.59622 0.330967 9.996E-05 9.996E-05
0.0722017 0.0603968 9.997E-05 9.997E-05 0.778518 0.0885835 9.997E-05
9.9973E-05 0.234367 9.9973E-05 0.138751 0.534293 0.0922887 9.9973E-05
0.0601618 0.388027 9.99641E-05 0.551412 9.99641E-05 9.99641E-05 9.99641E-05
0.0677195 0.0702532 9.9973E-05 0.248031 9.9973E-05 0.613697 9.9973E-05
0.106078 0.00980032 9.997E-05 0.328708 9.997E-05 0.555114 9.997E-05
9.9973E-05 0.0604038 9.9973E-05 0.070431 0.298348 0.570517 9.9973E-05
9.997E-05 0.0134585 9.997E-05 0.422087 0.233284 0.330871 9.997E-05
9.9964E-05 9.9964E-05 0.035506 9.9964E-05 0.151267 0.812827 9.9964E-05
9.9955E-05 9.9955E-05 9.9955E-05 9.9955E-05 9.9955E-05 0.931205 0.068295
9.99639E-05 9.99639E-05 9.99639E-05 9.99639E-05 0.357086 0.546123 0.096391
0.0163363 9.999E-05 0.000661753 0.0730436 0.102164 0.747481 0.0602136
9.99549E-05 0.323843 9.99549E-05 9.99549E-05 9.99549E-05 0.675658 9.99549E-05
9.9973E-05 0.136531 9.9973E-05 0.016013 9.9973E-05 0.743344 0.103812
9.9973E-05 9.9973E-05 0.0422147 9.9973E-05 0.290932 0.664823 0.00173049
9.9973E-05 9.9973E-05 0.0132215 9.9973E-05 0.258536 0.676715 0.0512282
0.0114154 9.998E-05 9.998E-05 0.144888 0.204196 0.511687 0.127613
9.9973E-05 0.152945 9.9973E-05 0.380175 0.381399 0.0851804 9.9973E-05
9.998E-05 0.0364751 9.998E-05 0.296366 0.648369 0.0133298 0.00526026
9.9973E-05 0.0324104 9.9973E-05 0.388614 0.516335 9.9973E-05 0.062341
9.996E-05 9.996E-05 9.996E-05 0.457932 0.493762 9.996E-05 0.0479062
0.00582918 0.164556 9.9973E-05 0.0520499 0.777265 9.9973E-05 9.9973E-05
9.996E-05 0.0518726 9.996E-05 9.996E-05 0.851442 9.996E-05 0.0962854
9.9964E-05 0.100697 9.9964E-05 9.9964E-05 0.746651 9.9964E-05 0.152252
0.00700579 0.056803 9.996E-05 9.996E-05 0.935791 9.996E-05 9.996E-05
0.0451645 0.0281186 9.997E-05 9.997E-05 0.85739 0.0690271 9.997E-05
9.9973E-05 9.9973E-05 9.9973E-05 0.019714 0.767299 0.201096 0.011591
9.9964E-05 9.9964E-05 9.9964E-05 9.9964E-05 0.881101 0.0266033 0.0918955
9.9964E-05 9.9964E-05 9.9964E-05 0.0472466 0.905976 9.9964E-05 0.0463779
9.9973E-05 0.0868754 9.9973E-05 0.246108 0.442364 0.224353 9.9973E-05
9.998E-05 0.105584 0.0154432 0.214555 0.583738 0.08048 9.998E-05
9.9982E-05 0.0417455 9.9982E-05 0.177393 0.601144 0.135258 0.0442598
9.9982E-05 0.0727579 9.9982E-05 0.0765141 0.670901 0.128478 0.0511497
9.997E-05 0.0312167 9.997E-05 0.146333 0.759974 0.0621764 9.997E-05
9.998E-05 0.0185732 0.00825365 0.10326 0.844748 9.998E-05 0.0249657
9.9973E-05 0.0288278 9.9973E-05 0.115145 0.688404 0.167323 9.9973E-05
9.9964E-05 9.9964E-05 9.9964E-05 0.565447 0.335863 9.9964E-05 0.0982906
9.9964E-05 9.9964E-05 9.9964E-05 0.547038 0.415644 0.036918 9.9964E-05
0.0248807 9.997E-05 9.997E-05 0.336615 0.60344 0.0347639 9.997E-05
9.9964E-05 9.9964E-05 9.9964E-05 0.0220131 0.771836 0.205752 9.9964E-05
0.0374094 9.999E-05 0.0331266 0.0371417 0.668415 0.197564 0.0262429
9.9982E-05 9.9982E-05 0.022178 0.106667 0.648052 0.145319 0.077584
0.0214592 9.9973E-05 9.9973E-05 0.060439 0.861679 0.0561226 9.9973E-05
0.101957 9.997E-05 0.118608 9.997E-05 0.609936 9.997E-05 0.169199
0.18005 9.9973E-05 0.204382 0.0019386 0.613329 9.9973E-05 9.9973E-05
9.9964E-05 0.0627742 9.9964E-05 0.207947 0.728879 9.9964E-05 9.9964E-05
9.99639E-05 0.0286303 9.99639E-05 0.584959 0.386011 9.99639E-05 9.99639E-05
0.0382513 9.998E-05 9.998E-05 0.405048 0.481764 0.0416367 0.0331001
9.9973E-05 9.9973E-05 9.9973E-05 0.492733 0.433864 0.0154807 0.0576228
9.9964E-05 9.9964E-05 9.9964E-05 0.780029 0.200714 9.9964E-05 0.0188575
9.9973E-05 0.0404343 0.00179553 0.135263 0.822207 9.9973E-05 9.9973E-05
9.9964E-05 9.9964E-05 9.9964E-05 0.543558 0.386674 0.0693686 9.9964E-05
9.9964E-05 9.9964E-05 9.9964E-05 0.265544 0.647923 0.0861338 9.9964E-05
9.998E-05 0.0464067 9.998E-05 0.341573 0.482397 0.125464 0.00396002
0.011294 9.996E-05 9.996E-05 0.387148 0.601158 9.996E-05 9.996E-05
0.665706 0.0755282 0.0781911 0.180275 9.9973E-05 9.9973E-05 9.9973E-05
0.576503 0.0154293 0.395346 0.0124209 9.9973E-05 9.9973E-05 9.9973E-05
0.53276 0.104822 0.28099 0.0811282 9.9973E-05 9.9973E-05 9.9973E-05
0.0640789 0.041292 0.705972 0.182172 9.998E-05 0.00628562 9.998E-05
0.142569 0.00625467 0.695811 0.0743536 0.00308139 0.0778298 9.999E-05
0.161665 0.021883 0.807683 0.00828721 0.000281565 9.9982E-05 9.9982E-05
0.533141 9.9973E-05 0.36147 0.0950953 9.9973E-05 0.0099936 9.9973E-05
0.807066 9.997E-05 0.137627 9.997E-05 0.0141874 0.0408195 9.997E-05
0.740717 9.99551E-05 9.99551E-05 0.258784 9.99551E-05 9.99551E-05 9.99551E-05
0.209164 9.9964E-05 0.670415 9.9964E-05 0.120021 9.9964E-05 9.9964E-05
9.99551E-05 9.99551E-05 0.956185 9.99551E-05 9.99551E-05 9.99551E-05 0.0433155
9.99551E-05 9.99551E-05 0.910497 9.99551E-05 9.99551E-05 9.99551E-05 0.0890032
9.997E-05 0.021873 0.93007 9.997E-05 0.0454197 0.00233729 9.997E-05
