0.027423 0.0773426 9.99639E-05 0.0250385 0.26293 9.99639E-05 0.0661367 9.99639E-05 9.99639E-05 0.54073
0.352162 9.99549E-05 9.99549E-05 9.99549E-05 0.122085 9.99549E-05 0.134783 9.99549E-05 0.0884096 0.302061
0.175145 0.150277 9.9964E-05 9.9964E-05 0.315121 0.00573003 9.9964E-05 0.020199 9.9964E-05 0.333128
0.0595836 0.562969 9.9973E-05 0.0506036 9.9973E-05 0.00626601 0.151203 0.0327024 9.9973E-05 0.136373
9.9946E-05 0.0901029 9.9946E-05 9.9946E-05 0.607672 9.9946E-05 9.9946E-05 0.124962 9.9946E-05 0.176663
9.9964E-05 0.438298 9.9964E-05 0.0499652 0.103419 9.9964E-05 0.0476984 0.0277872 9.9964E-05 0.332432
0.0747167 9.9955E-05 0.135849 0.0486483 9.9955E-05 9.9955E-05 0.046954 9.9955E-05 0.693332 9.9955E-05
9.9955E-05 9.9955E-05 0.0208202 9.9955E-05 0.0542531 9.9955E-05 0.0423297 0.243741 0.638357 9.9955E-05
0.0406704 0.0679023 9.9946E-05 9.9946E-05 9.9946E-05 0.0230469 9.9946E-05 9.9946E-05 0.867781 9.9946E-05
9.9955E-05 9.9955E-05 0.167131 0.107059 9.9955E-05 9.9955E-05 0.00794051 9.9955E-05 0.697008 0.0203618
0.138625 9.99459E-05 0.0251123 9.99459E-05 9.99459E-05 9.99459E-05 9.99459E-05 9.99459E-05 0.783555 0.0521088
0.0303102 9.9964E-05 0.667681 9.9964E-05 0.0623361 9.9964E-05 9.9964E-05 0.00536443 0.213481 0.020427
9.9946E-05 0.0174557 0.157886 9.9946E-05 9.9946E-05 0.156333 9.9946E-05 9.9946E-05 0.667726 9.9946E-05
9.9937E-05 9.9937E-05 9.9937E-05 9.9937E-05 9.9937E-05 0.124609 9.9937E-05 0.0645236 0.810168 9.9937E-05
0.0710083 0.0315538 0.0444979 0.0743703 9.9964E-05 9.9964E-05 9.9964E-05 9.9964E-05 0.773661 0.00450854
0.115415 9.9946E-05 0.00592705 9.9946E-05 9.9946E-05 9.9946E-05 0.0122741 9.9946E-05 0.865784 9.9946E-05
0.0936248 9.9946E-05 9.9946E-05 9.9946E-05 0.198725 9.9946E-05 0.0329205 0.67413 9.9946E-05 9.9946E-05
0.151788 9.9973E-05 0.00403682 0.580083 0.0634431 0.0260519 0.00178005 0.172518 9.9973E-05 9.9973E-05
9.9964E-05 0.100011 0.0352402 0.226653 9.9964E-05 9.9964E-05 0.0299024 0.287309 9.9964E-05 0.320484
9.9955E-05 0.185247 9.9955E-05 0.110325 0.0527001 0.0235233 9.9955E-05 0.627706 9.9955E-05 9.9955E-05
9.99639E-05 0.0841713 9.99639E-05 0.566683 0.23654 9.99639E-05 9.99639E-05 0.102828 0.00128311 0.00809404
9.99369E-05 0.112083 9.99369E-05 0.512098 9.99369E-05 9.99369E-05 9.99369E-05 0.375119 9.99369E-05 9.99369E-05
0.0916828 9.9964E-05 0.0763007 9.9964E-05 0.118166 9.9964E-05 0.0371209 0.0563159 9.9964E-05 0.620013
9.9946E-05 9.9946E-05 9.9946E-05 9.9946E-05 0.23053 9.9946E-05 0.0474019 0.0160836 9.9946E-05 0.705385
9.99371E-05 9.99371E-05 9.99371E-05 9.99371E-05 0.103991 9.99371E-05 9.99371E-05 0.137006 9.99371E-05 0.758303
9.9955E-05 0.191046 9.9955E-05 0.0644092 9.9955E-05 9.9955E-05 0.218829 0.327527 9.9955E-05 0.197688
9.9937E-05 9.9937E-05 0.0165139 9.9937E-05 0.167196 9.9937E-05 9.9937E-05 0.815591 9.9937E-05 9.9937E-05
9.9955E-05 0.0381742 9.9955E-05 9.9955E-05 0.320771 9.9955E-05 9.9955E-05 0.578764 0.0250229 0.036768
9.9946E-05 9.9946E-05 9.9946E-05 0.344197 0.350554 9.9946E-05 0.229307 9.9946E-05 0.075343 9.9946E-05
0.0106943 0.0670702 9.99641E-05 0.484916 0.231669 9.99641E-05 0.125182 9.99641E-05 0.080068 9.99641E-05
0.549354 0.108792 9.99459E-05 9.99459E-05 9.99459E-05 0.0128545 9.99459E-05 0.3284 9.99459E-05 9.99459E-05
0.238371 0.130463 9.99549E-05 9.99549E-05 0.216626 9.99549E-05 9.99549E-05 0.412099 0.00194166 9.99549E-05
0.188851 0.300795 9.99459E-05 9.99459E-05 0.0793285 9.99459E-05 9.99459E-05 0.430426 9.99459E-05 9.99459E-05
9.9946E-05 0.007087 9.9946E-05 9.9946E-05 9.9946E-05 9.9946E-05 9.9946E-05 0.0464621 0.0210798 0.924771
0.237985 9.99369E-05 0.0218608 9.99369E-05 9.99369E-05 9.99369E-05 9.99369E-05 9.99369E-05 9.99369E-05 0.739455
0.076219 9.9964E-05 0.0684217 9.9964E-05 0.127089 9.9964E-05 0.0237104 0.63099 9.9964E-05 0.0731694
0.235545 9.99459E-05 9.99459E-05 9.99459E-05 9.99459E-05 0.287414 9.99459E-05 0.163731 9.99459E-05 0.312709
0.0286064 9.9964E-05 0.00245661 9.9964E-05 0.0803682 0.0220455 9.9964E-05 0.383591 9.9964E-05 0.482532
0.0502284 9.9973E-05 9.9973E-05 0.175695 9.9973E-05 0.0444049 0.147031 0.146112 0.0104456 0.425783
0.041271 0.0846858 9.9955E-05 0.00689187 9.9955E-05 9.9955E-05 9.9955E-05 0.732954 9.9955E-05 0.133698
9.9946E-05 0.336902 9.9946E-05 0.00809732 9.9946E-05 9.9946E-05 0.544505 9.9946E-05 9.9946E-05 0.109896
9.9955E-05 0.420478 9.9955E-05 9.9955E-05 0.124511 0.0791685 0.210986 0.164356 9.9955E-05 9.9955E-05
0.053043 0.518052 9.9973E-05 0.123554 0.099004 0.0881174 9.9973E-05 0.000463382 9.9973E-05 0.117466
9.9964E-05 0.214721 0.00297935 9.9964E-05 9.9964E-05 0.121906 0.52266 0.118783 9.9964E-05 0.0185509
9.9946E-05 0.508348 9.9946E-05 0.124272 9.9946E-05 9.9946E-05 0.196394 9.9946E-05 9.9946E-05 0.170386
0.00322827 0.551427 9.9955E-05 0.147144 9.9955E-05 9.9955E-05 9.9955E-05 0.0733869 9.9955E-05 0.224314
9.9937E-05 9.9937E-05 0.135618 0.724367 9.9937E-05 9.9937E-05 9.9937E-05 0.139316 9.9937E-05 9.9937E-05
0.24329 9.99459E-05 0.128844 0.46843 9.99459E-05 9.99459E-05 0.158837 9.99459E-05 9.99459E-05 9.99459E-05
0.463974 9.99369E-05 9.99369E-05 0.483743 9.99369E-05 9.99369E-05 0.0515833 9.99369E-05 9.99369E-05 9.99369E-05
0.185864 0.0182377 9.99549E-05 0.469223 0.0244234 9.99549E-05 0.301752 9.99549E-05 9.99549E-05 9.99549E-05
0.109202 0.0177071 9.99639E-05 0.769513 0.0393874 9.99639E-05 9.99639E-05 9.99639E-05 0.0166831 0.0471078
9.9955E-05 9.9955E-05 9.9955E-05 0.254132 9.9955E-05 9.9955E-05 0.323702 0.12261 0.0954245 0.203632
9.9955E-05 9.9955E-05 9.9955E-05 0.574257 9.9955E-05 0.0350957 0.0556373 0.189684 9.9955E-05 0.144826
9.9946E-05 9.9946E-05 9.9946E-05 0.0969225 9.9946E-05 9.9946E-05 0.322013 0.485039 9.9946E-05 0.0954265
9.99459E-05 9.99459E-05 9.99459E-05 9.99459E-05 9.99459E-05 9.99459E-05 0.341372 0.591817 0.049943 0.0162689
9.9955E-05 0.184457 9.9955E-05 9.9955E-05 0.00433851 0.0173708 0.0217718 0.771562 9.9955E-05 9.9955E-05
9.9955E-05 9.9955E-05 0.368162 9.9955E-05 9.9955E-05 0.113908 0.0578882 9.9955E-05 0.167122 0.29242
9.9955E-05 9.9955E-05 0.00917866 9.9955E-05 0.0442704 0.30479 9.9955E-05 9.9955E-05 0.455767 0.185494
0.0371134 9.9955E-05 9.9955E-05 9.9955E-05 9.9955E-05 0.883456 0.0253372 0.0241306 0.0294629 9.9955E-05
9.99549E-05 9.99549E-05 0.380931 0.0668787 9.99549E-05 0.357249 0.146996 9.99549E-05 0.0474468 9.99549E-05
9.9946E-05 9.9946E-05 0.501232 9.9946E-05 9.9946E-05 0.445259 0.00668136 9.9946E-05 0.0462279 9.9946E-05
9.9955E-05 9.9955E-05 0.370614 0.0780847 9.9955E-05 0.454844 0.0444166 0.0515406 9.9955E-05 9.9955E-05
0.411269 9.99278E-05 0.587932 9.99278E-05 9.99278E-05 9.99278E-05 9.99278E-05 9.99278E-05 9.99278E-05 9.99278E-05
0.105012 0.0127706 0.777385 9.9946E-05 9.9946E-05 9.9946E-05 9.9946E-05 0.104232 9.9946E-05 9.9946E-05
9.9937E-05 0.0832229 0.554329 9.9937E-05 9.9937E-05 9.9937E-05 9.9937E-05 9.9937E-05 0.361749 9.9937E-05
9.9955E-05 9.9955E-05 0.329087 0.0772921 9.9955E-05 0.166075 9.9955E-05 9.9955E-05 0.418407 0.00863902
9.9973E-05 0.0446161 0.402625 0.0391491 9.9973E-05 0.0809746 9.9973E-05 0.0244074 0.277177 0.130751
9.99371E-05 9.99371E-05 9.99371E-05 9.99371E-05 9.99371E-05 0.495483 9.99371E-05 9.99371E-05 0.34611 0.157708
0.195406 9.9955E-05 0.322687 9.9955E-05 9.9955E-05 0.157217 9.9955E-05 9.9955E-05 0.179926 0.144265
9.99461E-05 9.99461E-05 0.68915 9.99461E-05 9.99461E-05 0.136727 9.99461E-05 9.99461E-05 0.112923 0.0605998
0.112021 9.9955E-05 0.635636 9.9955E-05 0.0781671 9.9955E-05 9.9955E-05 9.9955E-05 0.0562238 0.117452
9.9946E-05 9.9946E-05 0.625507 9.9946E-05 0.0282043 0.238697 9.9946E-05 9.9946E-05 9.9946E-05 0.106992
0.0643459 9.9946E-05 0.872322 9.9946E-05 0.0521569 9.9946E-05 9.9946E-05 9.9946E-05 9.9946E-05 0.0105754
9.9955E-05 9.9955E-05 0.388623 0.0431906 0.00118572 0.463541 9.9955E-05 0.10296 9.9955E-05 9.9955E-05
9.9964E-05 9.9964E-05 0.0691382 0.0936251 9.9964E-05 0.603794 9.9964E-05 0.0893424 0.128537 0.0151631
9.9946E-05 0.00151396 0.305633 0.0991735 9.9946E-05 0.59308 9.9946E-05 9.9946E-05 9.9946E-05 9.9946E-05
9.9937E-05 0.111539 0.572822 9.9937E-05 9.9937E-05 0.31494 9.9937E-05 9.9937E-05 9.9937E-05 9.9937E-05
9.9937E-05 0.0662115 0.0321357 9.9937E-05 9.9937E-05 0.900953 9.9937E-05 9.9937E-05 9.9937E-05 9.9937E-05
9.9955E-05 9.9955E-05 0.184529 0.0140007 9.9955E-05 0.525843 9.9955E-05 9.9955E-05 0.226955 0.0481727
9.9928E-05 9.9928E-05 0.834685 0.164515 9.9928E-05 9.9928E-05 9.9928E-05 9.9928E-05 9.9928E-05 9.9928E-05
0.00413405 0.0490942 0.141194 0.160387 9.9955E-05 0.644691 9.9955E-05 9.9955E-05 9.9955E-05 9.9955E-05
9.99551E-05 9.99551E-05 9.99551E-05 0.0911957 0.78458 0.0111808 9.99551E-05 0.0475267 9.99551E-05 0.0650168
9.9937E-05 9.9937E-05 9.9937E-05 9.9937E-05 0.0312299 0.0687972 0.899273 9.9937E-05 9.9937E-05 9.9937E-05
9.9937E-05 9.9937E-05 9.9937E-05 9.9937E-05 0.179678 0.0880608 0.731561 9.9937E-05 9.9937E-05 9.9937E-05
9.9946E-05 0.135455 9.9946E-05 0.101344 0.726716 9.9946E-05 9.9946E-05 9.9946E-05 0.0358863 9.9946E-05
9.9955E-05 0.067384 9.9955E-05 0.256708 0.512326 9.9955E-05 0.112287 9.9955E-05 0.0507949 9.9955E-05
0.896889 9.9928E-05 9.9928E-05 9.9928E-05 0.102312 9.9928E-05 9.9928E-05 9.9928E-05 9.9928E-05 9.9928E-05
0.185612 0.573186 9.99641E-05 0.00367034 0.0431772 9.99641E-05 0.161523 9.99641E-05 0.0324321 9.99641E-05
0.158603 0.463713 9.996E-05 9.996E-05 0.0203839 9.996E-05 0.192103 9.996E-05 0.0712027 0.093594
0.102697 0.522371 9.9937E-05 9.9937E-05 0.374233 9.9937E-05 9.9937E-05 9.9937E-05 9.9937E-05 9.9937E-05
0.296804 0.165078 9.99459E-05 9.99459E-05 0.448005 9.99459E-05 0.0895128 9.99459E-05 9.99459E-05 9.99459E-05
9.9946E-05 0.767658 0.0161756 9.9946E-05 0.187655 0.0279116 9.9946E-05 9.9946E-05 9.9946E-05 9.9946E-05
9.9937E-05 0.826959 9.9937E-05 9.9937E-05 0.0557948 9.9937E-05 9.9937E-05 0.116546 9.9937E-05 9.9937E-05
9.99459E-05 0.484665 9.99459E-05 9.99459E-05 0.284485 9.99459E-05 9.99459E-05 9.99459E-05 0.0421539 0.188096
0.0830386 0.644833 9.99549E-05 9.99549E-05 0.20699 9.99549E-05 9.99549E-05 0.063701 9.99549E-05 0.000937675
0.217383 0.612959 9.99369E-05 0.168958 9.99369E-05 9.99369E-05 9.99369E-05 9.99369E-05 9.99369E-05 9.99369E-05
0.0375508 0.622709 9.9982E-05 0.0972352 0.0839588 9.9982E-05 0.0449605 0.0512936 0.00169712 0.0603951
9.9937E-05 0.652979 0.044423 9.9937E-05 0.301898 9.9937E-05 9.9937E-05 9.9937E-05 9.9937E-05 9.9937E-05
9.9964E-05 0.563324 0.0176505 9.9964E-05 0.285583 0.0170325 9.9964E-05 0.0222482 9.9964E-05 0.0937615
9.9973E-05 0.499896 0.0182095 9.9973E-05 0.146024 9.9973E-05 0.231873 0.00954255 0.00578778 0.0883669
0.0383331 0.0521453 9.9955E-05 0.206353 0.381132 9.9955E-05 0.321537 9.9955E-05 9.9955E-05 9.9955E-05
9.9946E-05 0.0461572 9.9946E-05 0.0668249 0.488405 9.9946E-05 0.398013 9.9946E-05 9.9946E-05 9.9946E-05
9.9946E-05 9.9946E-05 9.9946E-05 0.07453 0.446652 9.9946E-05 0.440767 9.9946E-05 9.9946E-05 0.037451
9.9937E-05 9.9937E-05 9.9937E-05 9.9937E-05 0.439576 9.9937E-05 0.486695 0.0730293 9.9937E-05 9.9937E-05
0.123017 0.0133145 9.99549E-05 0.12172 0.711914 9.99549E-05 9.99549E-05 9.99549E-05 0.0295346 9.99549E-05
9.9937E-05 9.9937E-05 9.9937E-05 0.139088 0.778899 9.9937E-05 9.9937E-05 9.9937E-05 9.9937E-05 0.0813141
9.9946E-05 9.9946E-05 9.9946E-05 0.175543 0.658053 9.9946E-05 0.000826105 9.9946E-05 9.9946E-05 0.164978
9.99371E-05 9.99371E-05 0.00977929 0.0969171 0.892604 9.99371E-05 9.99371E-05 9.99371E-05 9.99371E-05 9.99371E-05
0.0504085 9.9964E-05 9.9964E-05 0.0240748 0.833524 0.0460307 9.9964E-05 0.00274501 9.9964E-05 0.0428176
0.0151127 0.128623 9.9964E-05 9.9964E-05 0.778661 9.9964E-05 0.0281909 0.0146363 9.9964E-05 0.0343764
9.9937E-05 9.9937E-05 9.9937E-05 9.9937E-05 0.804728 0.0193627 9.9937E-05 9.9937E-05 9.9937E-05 0.175209
9.9937E-05 9.9937E-05 9.9937E-05 9.9937E-05 0.881615 9.9937E-05 0.0383947 9.9937E-05 9.9937E-05 0.0792902
0.0572151 0.153006 9.9964E-05 0.0492913 0.459434 9.9964E-05 0.216135 9.9964E-05 9.9964E-05 0.0645199
9.9955E-05 0.108936 9.9955E-05 0.135178 0.412871 9.9955E-05 0.300602 0.0419143 9.9955E-05 9.9955E-05
0.131665 0.079528 9.9964E-05 9.9964E-05 0.603516 9.9964E-05 0.0472587 0.0470238 9.9964E-05 0.0906087
9.99461E-05 0.0747071 9.99461E-05 0.0768172 0.758887 9.99461E-05 9.99461E-05 9.99461E-05 9.99461E-05 0.0889895
9.99461E-05 0.0578766 9.99461E-05 0.078085 0.7348 9.99461E-05 0.128639 9.99461E-05 9.99461E-05 9.99461E-05
0.00758914 9.9955E-05 9.9955E-05 0.0197772 0.847288 9.9955E-05 0.0746278 0.0502181 9.9955E-05 9.9955E-05
0.092582 0.127549 0.00472176 9.99639E-05 0.737555 9.99639E-05 0.0108392 0.0263528 9.99639E-05 9.99639E-05
0.095857 9.9946E-05 9.9946E-05 9.9946E-05 0.269699 9.9946E-05 0.462171 9.9946E-05 9.9946E-05 0.171673
0.112897 9.9946E-05 9.9946E-05 9.9946E-05 0.413821 9.9946E-05 0.454113 9.9946E-05 9.9946E-05 0.0185694
0.0786075 9.9964E-05 0.0156363 9.9964E-05 0.58331 0.00440174 0.289962 0.027683 9.9964E-05 9.9964E-05
9.99371E-05 0.168233 9.99371E-05 9.99371E-05 0.71123 9.99371E-05 0.119838 9.99371E-05 9.99371E-05 9.99371E-05
0.0584872 0.0285846 9.9982E-05 9.9982E-05 0.71124 0.0313842 0.0127141 0.127751 0.026355 0.00328432
0.0353122 9.9937E-05 9.9937E-05 9.9937E-05 0.764241 9.9937E-05 9.9937E-05 9.9937E-05 9.9937E-05 0.199748
0.0283136 9.9955E-05 0.0162139 9.9955E-05 0.823945 9.9955E-05 0.0519533 0.0790744 9.9955E-05 9.9955E-05
9.9955E-05 9.9955E-05 0.00355284 9.9955E-05 0.533606 0.0913105 9.9955E-05 9.9955E-05 0.118422 0.252609
9.9955E-05 9.9955E-05 0.124083 9.9955E-05 0.5551 0.245761 9.9955E-05 0.0609245 0.0136322 9.9955E-05
0.0912361 9.9946E-05 9.9946E-05 0.0280252 0.753746 9.9946E-05 0.126393 9.9946E-05 9.9946E-05 9.9946E-05
0.0795392 9.99369E-05 9.99369E-05 9.99369E-05 0.345564 9.99369E-05 0.574198 9.99369E-05 9.99369E-05 9.99369E-05
0.0615157 9.9955E-05 0.0252511 9.9955E-05 0.46672 9.9955E-05 0.267055 9.9955E-05 9.9955E-05 0.178959
9.9955E-05 0.00141808 9.9955E-05 9.9955E-05 0.445779 9.9955E-05 0.474625 9.9955E-05 0.00305563 0.0746224
0.0525047 9.99459E-05 9.99459E-05 9.99459E-05 0.126695 9.99459E-05 0.814753 9.99459E-05 9.99459E-05 0.00544834
9.9937E-05 9.9937E-05 9.9937E-05 0.0791792 0.832328 9.9937E-05 0.0877934 9.9937E-05 9.9937E-05 9.9937E-05
9.9964E-05 0.0791266 0.0541139 0.00222152 0.322452 9.9964E-05 0.535315 9.9964E-05 9.9964E-05 0.00637122
9.9955E-05 0.0530914 9.9955E-05 9.9955E-05 0.604205 9.9955E-05 0.281076 0.0444019 0.0167258 9.9955E-05
0.145934 0.121335 9.99639E-05 9.99639E-05 0.403993 9.99639E-05 0.284369 0.000898588 9.99639E-05 0.0430716
0.0978641 9.9937E-05 9.9937E-05 9.9937E-05 0.566234 9.9937E-05 0.335202 9.9937E-05 9.9937E-05 9.9937E-05
0.24363 9.9946E-05 0.61598 9.9946E-05 9.9946E-05 0.0610201 0.0787708 9.9946E-05 9.9946E-05 9.9946E-05
9.9946E-05 9.9946E-05 0.6912 0.0156783 9.9946E-05 0.245329 0.0471929 9.9946E-05 9.9946E-05 9.9946E-05
9.9955E-05 9.9955E-05 0.755413 0.109256 9.9955E-05 0.0716473 0.0507307 9.9955E-05 0.0124535 9.9955E-05
0.0118949 9.99639E-05 0.246297 0.0664026 0.0306477 0.523996 0.120361 9.99639E-05 9.99639E-05 9.99639E-05
0.100478 0.00562748 0.0820373 9.9964E-05 0.0767107 0.665066 9.9964E-05 9.9964E-05 0.0696802 9.9964E-05
0.00929672 9.9955E-05 0.217228 0.00280341 9.9955E-05 0.749701 0.0204719 9.9955E-05 9.9955E-05 9.9955E-05
0.0507666 9.9964E-05 0.288791 9.9964E-05 9.9964E-05 0.248762 0.0637863 0.0334323 0.314062 9.9964E-05
0.137765 9.9946E-05 0.537262 9.9946E-05 9.9946E-05 0.0437537 9.9946E-05 9.9946E-05 0.280619 9.9946E-05
0.578579 9.9937E-05 0.330042 9.9937E-05 9.9937E-05 9.9937E-05 9.9937E-05 9.9937E-05 0.090679 9.9937E-05
0.0470492 9.99639E-05 0.13619 9.99639E-05 0.0705188 0.557058 9.99639E-05 0.0122258 0.176558 9.99639E-05
9.99282E-05 9.99282E-05 9.99282E-05 9.99282E-05 9.99282E-05 0.943906 9.99282E-05 0.0552948 9.99282E-05 9.99282E-05
9.9937E-05 9.9937E-05 9.9937E-05 0.00547299 9.9937E-05 0.964836 9.9937E-05 9.9937E-05 9.9937E-05 0.0289917
9.9937E-05 9.9937E-05 9.9937E-05 9.9937E-05 9.9937E-05 0.856132 9.9937E-05 0.0429693 0.100199 9.9937E-05
