0.497645 9.99639E-05 9.99639E-05 0.0580567 9.99639E-05 0.0875914 0.216416 0.00250865 0.137383 9.99639E-05
0.396974 0.00243801 9.9955E-05 9.9955E-05 0.261123 0.309248 9.9955E-05 0.0297168 9.9955E-05 9.9955E-05
0.626658 9.9964E-05 9.9964E-05 0.0773916 0.0821563 0.011817 0.142924 9.9964E-05 9.9964E-05 0.0586535
0.639848 9.9964E-05 0.0462794 9.9964E-05 0.0010033 9.9964E-05 9.9964E-05 0.0126857 0.228734 0.0710494
0.467117 9.9946E-05 9.9946E-05 0.388194 9.9946E-05 9.9946E-05 0.093035 9.9946E-05 9.9946E-05 0.0510545
0.527792 9.9946E-05 9.9946E-05 9.9946E-05 9.9946E-05 9.9946E-05 0.154079 9.9946E-05 0.162672 0.154858
9.99459E-05 0.105259 9.99459E-05 9.99459E-05 0.165278 0.026768 9.99459E-05 0.702096 9.99459E-05 9.99459E-05
9.9973E-05 0.0708652 0.056007 0.122818 0.0227005 0.054334 0.0554434 0.617532 9.9973E-05 9.9973E-05
9.9928E-05 9.9928E-05 9.9928E-05 9.9928E-05 9.9928E-05 9.9928E-05 9.9928E-05 0.896871 9.9928E-05 0.10233
9.9946E-05 0.0109772 9.9946E-05 9.9946E-05 0.0105219 9.9946E-05 9.9946E-05 0.917757 0.0601443 9.9946E-05
0.00298169 9.99459E-05 9.99459E-05 9.99459E-05 0.145074 0.0728476 9.99459E-05 0.778497 9.99459E-05 9.99459E-05
9.99549E-05 9.99549E-05 0.0324513 0.00529073 0.492502 9.99549E-05 0.0503867 0.41887 9.99549E-05 9.99549E-05
9.9964E-05 9.9964E-05 0.183793 0.010038 0.0237151 9.9964E-05 9.9964E-05 0.72124 0.0500623 0.0107523
9.99461E-05 9.99461E-05 0.13457 0.0104135 9.99461E-05 9.99461E-05 9.99461E-05 0.825405 9.99461E-05 0.0290113
0.0878867 0.0227064 9.9946E-05 9.9946E-05 0.0463027 9.9946E-05 9.9946E-05 0.842504 9.9946E-05 9.9946E-05
9.99371E-05 9.99371E-05 9.99371E-05 9.99371E-05 0.21018 0.0616931 9.99371E-05 0.727427 9.99371E-05 9.99371E-05
0.101784 0.139919 9.9955E-05 0.272493 9.9955E-05 9.9955E-05 0.485162 9.9955E-05 9.9955E-05 0.000142216
0.190909 0.542917 0.0770008 9.9955E-05 9.9955E-05 9.9955E-05 0.110239 9.9955E-05 0.0784345 9.9955E-05
9.99549E-05 0.231964 0.0024275 9.99549E-05 9.99549E-05 9.99549E-05 0.525177 9.99549E-05 0.0717564 0.168175
0.0142627 0.18678 0.0680836 0.0896556 9.9973E-05 9.9973E-05 0.358229 9.9973E-05 0.137978 0.144712
9.99639E-05 0.4628 0.0188621 0.237488 9.99639E-05 9.99639E-05 0.0606844 0.043478 0.176288 9.99639E-05
0.0540646 0.378368 0.0131257 9.99549E-05 9.99549E-05 9.99549E-05 0.239103 9.99549E-05 0.31484 9.99549E-05
0.170603 9.9946E-05 9.9946E-05 9.9946E-05 0.153697 0.147802 0.527299 9.9946E-05 9.9946E-05 9.9946E-05
9.9946E-05 9.9946E-05 9.9946E-05 0.181191 9.9946E-05 0.133976 0.562453 9.9946E-05 0.121779 9.9946E-05
9.99461E-05 9.99461E-05 9.99461E-05 0.0675141 9.99461E-05 9.99461E-05 0.754459 9.99461E-05 0.116783 0.0606437
0.152671 9.9937E-05 9.9937E-05 9.9937E-05 9.9937E-05 9.9937E-05 0.206843 9.9937E-05 0.639787 9.9937E-05
9.9946E-05 0.0133429 0.0937395 0.374468 9.9946E-05 9.9946E-05 0.51785 9.9946E-05 9.9946E-05 9.9946E-05
9.9964E-05 9.9964E-05 0.0390359 0.351675 9.9964E-05 9.9964E-05 0.410167 0.0263707 0.100482 0.0718697
0.168445 0.211121 9.9955E-05 0.387466 9.9955E-05 0.132026 9.9955E-05 0.100442 9.9955E-05 9.9955E-05
0.372288 0.276273 9.9964E-05 0.168352 9.9964E-05 0.0312349 9.9964E-05 0.144947 0.00650522 9.9964E-05
0.622731 0.0662964 9.9937E-05 9.9937E-05 0.310273 9.9937E-05 9.9937E-05 9.9937E-05 9.9937E-05 9.9937E-05
0.730017 0.0113936 0.0293692 0.00901175 0.15562 9.9964E-05 9.9964E-05 9.9964E-05 9.9964E-05 0.0641883
0.963304 0.0115757 0.00116824 9.9955E-05 0.0108659 9.9955E-05 0.0125861 9.9955E-05 9.9955E-05 9.9955E-05
0.0336079 9.9955E-05 9.9955E-05 9.9955E-05 9.9955E-05 0.0463787 0.737502 0.0094907 0.172521 9.9955E-05
9.99369E-05 9.99369E-05 9.99369E-05 9.99369E-05 0.265449 0.0838892 0.649962 9.99369E-05 9.99369E-05 9.99369E-05
0.134484 0.0979954 9.9964E-05 0.117105 0.0428692 9.9964E-05 0.5216 9.9964E-05 9.9964E-05 0.0855464
9.9964E-05 0.013105 0.155955 9.9964E-05 0.247672 9.9964E-05 0.4319 9.9964E-05 0.0273642 0.123604
0.0123216 0.039708 0.0157669 0.00972589 0.0197524 9.9973E-05 0.73133 9.9973E-05 9.9973E-05 0.171095
0.0765277 0.16266 9.9964E-05 9.9964E-05 9.9964E-05 0.0812586 0.543078 0.0298045 0.106272 9.9964E-05
0.264546 0.0775617 0.014516 9.9955E-05 9.9955E-05 9.9955E-05 0.567634 9.9955E-05 9.9955E-05 0.0752431
9.9928E-05 9.9928E-05 9.9928E-05 9.9928E-05 9.9928E-05 0.326404 9.9928E-05 9.9928E-05 0.672797 9.9928E-05
9.9955E-05 9.9955E-05 0.068449 0.192737 9.9955E-05 0.0809548 9.9955E-05 9.9955E-05 0.568946 0.088414
9.99459E-05 0.0806377 0.0854863 9.99459E-05 9.99459E-05 9.99459E-05 9.99459E-05 9.99459E-05 0.539359 0.293917
9.9964E-05 9.9964E-05 0.0713108 9.9964E-05 9.9964E-05 0.424078 0.120107 0.039421 0.156576 0.188108
9.9937E-05 9.9937E-05 9.9937E-05 0.0332788 9.9937E-05 0.00523077 9.9937E-05 9.9937E-05 0.960791 9.9937E-05
0.133939 9.9937E-05 0.00509905 9.9937E-05 9.9937E-05 9.9937E-05 9.9937E-05 9.9937E-05 0.860263 9.9937E-05
9.99369E-05 0.653949 0.101396 9.99369E-05 9.99369E-05 9.99369E-05 0.243956 9.99369E-05 9.99369E-05 9.99369E-05
0.0504153 0.669941 9.99549E-05 9.99549E-05 0.110623 0.163922 9.99549E-05 9.99549E-05 9.99549E-05 0.00459971
9.9937E-05 0.800437 9.9937E-05 9.9937E-05 0.0734502 0.125413 9.9937E-05 9.9937E-05 9.9937E-05 9.9937E-05
9.9937E-05 0.679576 9.9937E-05 9.9937E-05 9.9937E-05 0.294557 9.9937E-05 9.9937E-05 9.9937E-05 0.0251673
0.0110757 0.778197 0.0262505 0.0149271 9.99639E-05 9.99639E-05 0.0435791 9.99639E-05 0.125571 9.99639E-05
9.9955E-05 0.185828 9.9955E-05 9.9955E-05 9.9955E-05 0.275407 0.346106 0.0787389 0.11342 9.9955E-05
0.0878148 0.442522 0.095614 0.0411238 9.9955E-05 9.9955E-05 0.332426 9.9955E-05 9.9955E-05 9.9955E-05
9.9955E-05 0.117979 0.00374462 9.9955E-05 9.9955E-05 0.220468 0.461683 9.9955E-05 0.195626 9.9955E-05
0.127051 0.0852437 9.99639E-05 9.99639E-05 9.99639E-05 0.229755 0.500415 0.00731508 0.0498201 9.99639E-05
0.373156 9.99549E-05 0.0990849 9.99549E-05 9.99549E-05 9.99549E-05 0.293354 9.99549E-05 0.223641 0.0102649
0.0129162 9.9964E-05 0.252256 9.9964E-05 0.0891268 0.128785 0.144134 0.372382 9.9964E-05 9.9964E-05
9.9946E-05 9.9946E-05 0.266026 0.0323958 9.9946E-05 9.9946E-05 0.17614 0.524839 9.9946E-05 9.9946E-05
0.042061 9.9946E-05 0.889324 9.9946E-05 9.9946E-05 0.0228092 0.0452061 9.9946E-05 9.9946E-05 9.9946E-05
9.9955E-05 0.0496663 0.49968 9.9955E-05 0.0791872 0.115177 9.9955E-05 0.25579 9.9955E-05 9.9955E-05
9.99459E-05 9.99459E-05 0.64783 9.99459E-05 0.209859 0.0362307 9.99459E-05 0.105481 9.99459E-05 9.99459E-05
0.0917527 0.0689179 0.660769 9.99549E-05 0.173407 0.00465371 9.99549E-05 9.99549E-05 9.99549E-05 9.99549E-05
9.99279E-05 0.134906 9.99279E-05 9.99279E-05 0.864294 9.99279E-05 9.99279E-05 9.99279E-05 9.99279E-05 9.99279E-05
0.0156951 9.99459E-05 0.171276 9.99459E-05 0.740898 9.99459E-05 0.0715312 9.99459E-05 9.99459E-05 9.99459E-05
9.994E-05 9.994E-05 0.0494052 9.994E-05 0.290761 9.994E-05 9.994E-05 0.577166 9.994E-05 0.0820685
9.9937E-05 0.0246049 0.134368 9.9937E-05 9.9937E-05 9.9937E-05 9.9937E-05 0.840328 9.9937E-05 9.9937E-05
9.9955E-05 9.9955E-05 0.182974 9.9955E-05 0.160454 9.9955E-05 0.0642827 0.416098 0.175692 9.9955E-05
9.99372E-05 9.99372E-05 0.442818 9.99372E-05 9.99372E-05 9.99372E-05 0.126863 0.429619 9.99372E-05 9.99372E-05
9.9946E-05 9.9946E-05 0.255629 9.9946E-05 0.476481 9.9946E-05 0.0921536 0.175137 9.9946E-05 9.9946E-05
9.9946E-05 9.9946E-05 0.359091 9.9946E-05 0.194197 9.9946E-05 0.157914 0.288197 9.9946E-05 9.9946E-05
9.9955E-05 9.9955E-05 0.0842513 9.9955E-05 0.599323 9.9955E-05 0.18025 0.124602 9.9955E-05 0.0110741
9.9955E-05 9.9955E-05 0.40548 0.0359178 0.24653 9.9955E-05 0.109787 0.201785 9.9955E-05 9.9955E-05
9.99549E-05 9.99549E-05 0.169398 0.00500475 0.71575 9.99549E-05 0.0316789 0.0776687 9.99549E-05 9.99549E-05
9.9973E-05 0.0391581 0.679733 0.0474996 0.152456 9.9973E-05 9.9973E-05 0.028911 0.00600231 0.0459396
9.9955E-05 0.0168163 0.709563 9.9955E-05 9.9955E-05 9.9955E-05 0.0801295 0.0862751 0.106717 9.9955E-05
9.99549E-05 0.0784528 0.772483 0.000142142 0.12119 9.99549E-05 9.99549E-05 9.99549E-05 0.0272318 9.99549E-05
9.9937E-05 9.9937E-05 0.592635 9.9937E-05 0.302451 9.9937E-05 9.9937E-05 9.9937E-05 9.9937E-05 0.104214
0.0613852 9.99371E-05 0.937007 9.99371E-05 9.99371E-05 9.99371E-05 9.99371E-05 9.99371E-05 9.99371E-05 0.000907964
9.9964E-05 0.0394626 0.582964 9.9964E-05 0.023343 0.00514658 0.027293 0.321391 9.9964E-05 9.9964E-05
9.99459E-05 0.0990716 0.226599 9.99459E-05 0.504437 9.99459E-05 9.99459E-05 0.169293 9.99459E-05 9.99459E-05
9.9955E-05 0.104032 0.662831 9.9955E-05 0.106267 9.9955E-05 9.9955E-05 0.0270626 0.0993071 9.9955E-05
9.99551E-05 0.0304396 0.00161121 0.777365 9.99551E-05 9.99551E-05 0.0292278 9.99551E-05 0.160856 9.99551E-05
0.0420744 9.9946E-05 0.101587 0.0128989 9.9946E-05 0.84284 9.9946E-05 9.9946E-05 9.9946E-05 9.9946E-05
9.9937E-05 9.9937E-05 0.102022 0.150081 9.9937E-05 0.747197 9.9937E-05 9.9937E-05 9.9937E-05 9.9937E-05
9.9946E-05 0.12209 9.9946E-05 0.691178 9.9946E-05 9.9946E-05 9.9946E-05 0.0757714 9.9946E-05 0.110361
9.9964E-05 0.265891 9.9964E-05 0.573417 9.9964E-05 0.0299732 9.9964E-05 0.0745705 0.0155571 0.0401912
9.99371E-05 0.439074 9.99371E-05 9.99371E-05 0.225493 0.334734 9.99371E-05 9.99371E-05 9.99371E-05 9.99371E-05
9.99551E-05 0.079074 9.99551E-05 9.99551E-05 0.0994675 0.182968 9.99551E-05 9.99551E-05 0.0677213 0.570269
0.144921 0.0778348 9.9964E-05 9.9964E-05 0.00396466 0.287696 9.9964E-05 0.0665601 9.9964E-05 0.418624
0.125503 0.0890224 9.9964E-05 0.153708 9.9964E-05 0.0615838 9.9964E-05 9.9964E-05 0.033892 0.535891
9.99459E-05 0.0797937 9.99459E-05 0.162354 9.99459E-05 0.308358 9.99459E-05 9.99459E-05 9.99459E-05 0.448895
9.99201E-05 9.99201E-05 9.99201E-05 9.99201E-05 9.99201E-05 9.99201E-05 9.99201E-05 9.99201E-05 9.99201E-05 0.999101
0.0873263 9.9946E-05 9.9946E-05 9.9946E-05 9.9946E-05 9.9946E-05 0.00839663 9.9946E-05 0.0605485 0.843129
0.472009 9.99459E-05 9.99459E-05 0.103817 9.99459E-05 9.99459E-05 0.0179674 9.99459E-05 9.99459E-05 0.405607
0.127522 9.9955E-05 9.9955E-05 9.9955E-05 0.0394748 0.00720334 0.0253843 9.9955E-05 9.9955E-05 0.799916
0.201088 0.324579 9.99459E-05 9.99459E-05 0.0219345 9.99459E-05 9.99459E-05 9.99459E-05 9.99459E-05 0.451799
0.482186 0.0324505 9.9955E-05 9.9955E-05 9.9955E-05 9.9955E-05 0.00688485 9.9955E-05 0.0016214 0.476358
9.9955E-05 9.9955E-05 9.9955E-05 0.177832 9.9955E-05 9.9955E-05 0.0049559 0.0267998 0.0273054 0.762607
9.9937E-05 9.9937E-05 9.9937E-05 0.176138 9.9937E-05 9.9937E-05 0.116585 9.9937E-05 9.9937E-05 0.706577
0.0842734 9.9973E-05 9.9973E-05 0.121424 9.9973E-05 0.161634 0.0428381 0.0168024 0.13305 0.439679
9.99459E-05 0.219036 9.99459E-05 0.36594 9.99459E-05 0.315553 9.99459E-05 9.99459E-05 9.99459E-05 0.0988718
0.274585 9.9946E-05 9.9946E-05 0.431323 9.9946E-05 0.265803 9.9946E-05 9.9946E-05 0.0276893 9.9946E-05
9.9955E-05 0.0401366 9.9955E-05 0.416211 9.9955E-05 0.404508 0.102325 9.9955E-05 9.9955E-05 0.0363192
0.0105094 0.0051585 9.9964E-05 0.406707 9.9964E-05 0.497811 9.9964E-05 9.9964E-05 0.0297207 0.0496934
9.9937E-05 0.176036 9.9937E-05 0.761134 0.0621305 9.9937E-05 9.9937E-05 9.9937E-05 9.9937E-05 9.9937E-05
0.0568429 0.0392663 9.9955E-05 0.79149 9.9955E-05 9.9955E-05 0.0417181 9.9955E-05 0.0701827 9.9955E-05
0.168844 0.0893115 9.9946E-05 0.565294 9.9946E-05 9.9946E-05 0.175951 9.9946E-05 9.9946E-05 9.9946E-05
9.99371E-05 0.0781837 9.99371E-05 0.91626 9.99371E-05 9.99371E-05 9.99371E-05 0.00485701 9.99371E-05 9.99371E-05
0.0824943 0.0529002 0.00168258 0.839393 9.9964E-05 9.9964E-05 9.9964E-05 0.0189297 9.9964E-05 0.00420074
0.311868 9.9937E-05 9.9937E-05 0.592413 9.9937E-05 9.9937E-05 9.9937E-05 9.9937E-05 9.9937E-05 0.095019
0.0792938 9.9964E-05 9.9964E-05 0.758754 0.00919941 0.0061971 0.0778236 9.9964E-05 0.0683319 9.9964E-05
0.0376234 9.9964E-05 9.9964E-05 0.857086 9.9964E-05 0.0569949 0.0149132 9.9964E-05 0.00211294 0.03087
0.580118 9.99459E-05 9.99459E-05 0.195638 9.99459E-05 0.161824 9.99459E-05 9.99459E-05 0.0618205 9.99459E-05
0.0418767 0.119495 0.0381353 0.391305 9.9964E-05 0.250279 9.9964E-05 9.9964E-05 9.9964E-05 0.158509
0.521506 9.9937E-05 9.9937E-05 0.333271 9.9937E-05 0.144523 9.9937E-05 9.9937E-05 9.9937E-05 9.9937E-05
9.99551E-05 0.0635417 9.99551E-05 0.637912 9.99551E-05 9.99551E-05 0.0400632 9.99551E-05 0.0822052 0.175778
9.99461E-05 0.0552512 9.99461E-05 0.786486 9.99461E-05 0.0335486 9.99461E-05 9.99461E-05 0.124115 9.99461E-05
9.9937E-05 9.9937E-05 9.9937E-05 0.821044 9.9937E-05 0.079954 0.0983024 9.9937E-05 9.9937E-05 9.9937E-05
9.99549E-05 0.069571 9.99549E-05 0.621177 9.99549E-05 0.120831 9.99549E-05 9.99549E-05 0.0276412 0.16028
9.9946E-05 9.9946E-05 9.9946E-05 0.19836 0.00259842 0.665514 0.132928 9.9946E-05 9.9946E-05 9.9946E-05
9.9955E-05 9.9955E-05 9.9955E-05 0.229971 0.0311401 0.579631 0.00866009 9.9955E-05 9.9955E-05 0.150098
0.0122737 9.9964E-05 9.9964E-05 0.469477 0.0510895 0.373739 0.0306127 9.9964E-05 9.9964E-05 0.0624082
0.137207 9.9955E-05 9.9955E-05 0.777069 9.9955E-05 0.0281087 9.9955E-05 9.9955E-05 0.0397052 0.01741
0.176356 9.9982E-05 0.0613013 0.564795 0.0336034 0.0403746 0.0222091 0.0059701 9.9982E-05 0.095191
9.9955E-05 9.9955E-05 9.9955E-05 0.694013 0.0256886 0.0767865 0.0871354 9.9955E-05 9.9955E-05 0.115877
0.0508696 9.9955E-05 9.9955E-05 0.776483 0.0340517 0.0708371 9.9955E-05 9.9955E-05 9.9955E-05 0.0672586
9.9946E-05 9.9946E-05 0.0635233 0.602004 9.9946E-05 9.9946E-05 0.168341 0.165533 9.9946E-05 9.9946E-05
9.9964E-05 9.9964E-05 0.26284 0.576436 0.0961406 0.0306442 9.9964E-05 0.00795267 9.9964E-05 0.0255865
9.9946E-05 0.117295 9.9946E-05 0.671435 9.9946E-05 0.177075 9.9946E-05 9.9946E-05 9.9946E-05 0.0335942
0.0918945 0.0484107 9.99549E-05 0.211555 9.99549E-05 0.592814 9.99549E-05 9.99549E-05 9.99549E-05 0.0548256
0.00719817 9.9964E-05 9.9964E-05 0.442336 0.0710573 0.413183 9.9964E-05 9.9964E-05 0.0465332 0.0192916
9.9955E-05 9.9955E-05 9.9955E-05 0.38313 9.9955E-05 0.450347 0.0001926 9.9955E-05 0.118668 0.0471625
0.18404 0.0160174 9.9937E-05 9.9937E-05 9.9937E-05 0.799243 9.9937E-05 9.9937E-05 9.9937E-05 9.9937E-05
0.0277511 0.111727 9.99459E-05 0.787851 9.99459E-05 0.0720708 9.99459E-05 9.99459E-05 9.99459E-05 9.99459E-05
0.0255245 0.000908914 9.9973E-05 0.259502 9.9973E-05 0.552405 9.9973E-05 0.00446678 0.0748454 0.0820479
0.0286609 9.99549E-05 9.99549E-05 0.625563 9.99549E-05 0.211215 9.99549E-05 9.99549E-05 0.130647 0.00341439
0.46708 9.99369E-05 9.99369E-05 0.233451 9.99369E-05 0.298769 9.99369E-05 9.99369E-05 9.99369E-05 9.99369E-05
9.9937E-05 9.9937E-05 9.9937E-05 0.493052 0.0699964 0.436252 9.9937E-05 9.9937E-05 9.9937E-05 9.9937E-05
9.9946E-05 0.0468174 0.183307 9.9946E-05 0.670552 0.0987245 9.9946E-05 9.9946E-05 9.9946E-05 9.9946E-05
0.058003 9.99459E-05 0.420026 9.99459E-05 0.308345 9.99459E-05 9.99459E-05 0.213026 9.99459E-05 9.99459E-05
9.99549E-05 0.0814761 0.299156 9.99549E-05 0.334986 9.99549E-05 9.99549E-05 0.259276 0.0246057 9.99549E-05
0.0572027 9.99639E-05 0.675335 9.99639E-05 0.0656097 0.1034 9.99639E-05 0.082362 9.99639E-05 0.0156901
9.9955E-05 9.9955E-05 0.634526 9.9955E-05 0.101526 0.0136823 9.9955E-05 0.101787 9.9955E-05 0.147979
0.0353998 9.9955E-05 0.846501 9.9955E-05 0.0619708 0.0220008 9.9955E-05 0.0336279 9.9955E-05 9.9955E-05
9.9955E-05 9.9955E-05 0.353534 9.9955E-05 0.347053 0.0171988 9.9955E-05 0.235847 9.9955E-05 0.0458671
9.9946E-05 9.9946E-05 0.191499 9.9946E-05 0.543045 9.9946E-05 9.9946E-05 0.247439 9.9946E-05 0.0174166
9.99282E-05 9.99282E-05 9.99282E-05 9.99282E-05 0.985462 0.0137385 9.99282E-05 9.99282E-05 9.99282E-05 9.99282E-05
9.9946E-05 9.9946E-05 0.67814 0.0789885 0.147461 9.9946E-05 9.9946E-05 0.0948106 9.9946E-05 9.9946E-05
9.99372E-05 9.99372E-05 0.889974 9.99372E-05 9.99372E-05 9.99372E-05 0.072028 0.0372989 9.99372E-05 9.99372E-05
9.99281E-05 9.99281E-05 0.926935 9.99281E-05 9.99281E-05 9.99281E-05 0.0722659 9.99281E-05 9.99281E-05 9.99281E-05
9.99461E-05 9.99461E-05 0.8485 9.99461E-05 9.99461E-05 9.99461E-05 0.0016075 0.100891 9.99461E-05 0.0484019
