0.76415 9.9991E-05 0.23575
0.471902 9.9991E-05 0.527998
0.744134 0.0328774 0.222989
0.745609 0.0970672 0.157324
0.920793 0.0791065 9.9991E-05
0.915846 0.0840537 9.9991E-05
9.999E-05 0.371851 0.628049
0.137274 0.509192 0.353535
9.9991E-05 0.617916 0.381984
9.9991E-05 0.555118 0.444782
9.9991E-05 0.500263 0.499637
9.9991E-05 0.493906 0.505994
9.9991E-05 0.755334 0.244566
9.9991E-05 0.779788 0.220112
9.9991E-05 0.517933 0.481967
9.9991E-05 0.471403 0.528497
0.743786 0.137066 0.119148
0.415802 0.151061 0.433138
0.567134 0.214234 0.218632
0.722473 0.267999 0.0095286
0.591256 0.130729 0.278016
0.5438 0.192689 0.263511
0.587398 0.108644 0.303958
0.784915 0.164772 0.0503135
0.711073 0.251065 0.0378619
0.807492 0.144803 0.0477047
0.698949 0.300951 9.9991E-05
0.775322 0.224578 9.9991E-05
0.704393 0.0420003 0.253606
0.59153 0.0972123 0.311258
0.361667 0.0172677 0.621066
0.643942 0.114144 0.241914
0.760657 0.0142961 0.225047
0.639605 0.200735 0.15966
0.394579 0.0751139 0.530307
0.66745 0.170647 0.161903
0.355138 0.415387 0.229475
0.594827 0.246999 0.158174
0.508208 0.181274 0.310518
0.663331 0.237703 0.0989655
0.732744 9.9991E-05 0.267156
0.787739 0.150853 0.0614079
0.707901 0.231353 0.0607451
0.697408 0.203338 0.0992532
0.817955 0.0617091 0.120336
0.712803 0.140967 0.14623
0.298635 0.191129 0.510236
0.326736 0.00650405 0.66676
0.184757 9.9991E-05 0.815143
0.457814 9.9991E-05 0.542086
0.404581 0.0920366 0.503382
0.551034 0.158699 0.290267
0.529799 0.206016 0.264185
0.613075 0.143536 0.243389
0.60724 0.125373 0.267387
0.756332 0.243568 9.9991E-05
0.130463 0.559794 0.309743
0.0786003 0.746526 0.174874
0.0709563 0.928944 9.9991E-05
0.00544035 0.710531 0.284029
9.9991E-05 0.843534 0.156366
0.0497301 0.751274 0.198996
9.9991E-05 0.138807 0.861093
0.0286457 0.426229 0.545125
9.9991E-05 0.571028 0.428872
9.9991E-05 0.711751 0.288149
0.0425667 0.632392 0.325041
9.9991E-05 0.951824 0.048076
9.9991E-05 0.497648 0.502252
9.9991E-05 0.733801 0.266099
0.065604 0.455104 0.479292
0.00824142 0.808175 0.183583
9.9991E-05 0.464301 0.535599
0.100869 0.844923 0.0542077
0.0945216 0.90173 0.00374862
0.0302427 0.84537 0.124387
9.9991E-05 0.810227 0.189673
0.0117913 0.988109 9.9991E-05
9.9991E-05 0.842438 0.157462
9.9991E-05 0.489042 0.510858
0.049351 0.855952 0.094697
0.912319 0.0875815 9.9991E-05
0.797953 9.9991E-05 0.201947
0.827856 0.0471583 0.124985
0.911823 0.088077 9.9991E-05
0.835762 0.000474486 0.163764
0.251873 9.9991E-05 0.748027
0.672264 0.025458 0.302278
0.663954 0.0284811 0.307565
0.846406 0.073091 0.0805028
0.759481 9.9991E-05 0.240419
0.813594 0.186306 9.9991E-05
0.84348 0.15642 9.9991E-05
0.894898 0.105002 9.9991E-05
0.828428 0.114372 0.0571996
0.596416 0.0161266 0.387457
0.828223 0.0529386 0.118838
0.864981 0.134919 9.9991E-05
0.874064 0.125836 9.9991E-05
0.882009 0.0653661 0.0526247
0.782884 9.9991E-05 0.217016
0.966203 9.9991E-05 0.0336967
0.893474 9.9991E-05 0.106426
0.839871 9.9991E-05 0.160029
0.829947 0.0184779 0.151575
0.974385 0.0255148 9.9991E-05
0.942237 0.0576629 9.9991E-05
0.944563 0.0553369 9.9991E-05
0.913984 0.085916 9.9991E-05
0.9998 9.999E-05 9.999E-05
0.972005 0.0278955 9.9991E-05
0.9998 9.999E-05 9.999E-05
0.864408 9.9991E-05 0.135492
0.886859 0.0590056 0.0541355
0.894959 9.9991E-05 0.104941
0.95319 0.00140541 0.0454043
0.963298 0.00826975 0.0284327
0.97947 0.0204305 9.9991E-05
0.948693 0.0023184 0.0489891
0.772966 9.9991E-05 0.226934
0.802365 9.9991E-05 0.197535
0.86895 9.9991E-05 0.13095
0.985143 0.0147572 9.9991E-05
0.873102 0.126798 9.9991E-05
0.936229 0.0636709 9.9991E-05
0.933853 0.0475792 0.0185677
0.688069 0.311831 9.9991E-05
0.600291 0.399609 9.9991E-05
0.881543 9.9991E-05 0.118357
0.786444 9.9991E-05 0.213456
0.800831 9.9991E-05 0.199069
0.854308 9.9991E-05 0.145592
0.696396 9.9991E-05 0.303504
0.989643 0.0102572 9.9991E-05
0.843651 9.9991E-05 0.156249
0.989215 9.9991E-05 0.0106853
0.866209 9.9991E-05 0.133691
0.850418 9.9991E-05 0.149482
9.9991E-05 0.394671 0.605229
9.9991E-05 0.681218 0.318682
9.9991E-05 0.568711 0.431189
0.112849 0.752095 0.135055
0.125786 0.838561 0.035653
9.9991E-05 0.958356 0.041544
9.9991E-05 0.641702 0.358198
9.9991E-05 0.495881 0.504019
9.9991E-05 0.0718117 0.928088
0.0707823 0.848211 0.0810066
9.999E-05 0.9998 9.999E-05
9.999E-05 0.9998 9.999E-05
0.0282516 0.971648 9.9991E-05
