9.9991E-05 0.387581 0.182869 0.42945
9.9991E-05 0.363447 0.492836 0.143617
9.999E-05 0.399819 0.160644 0.439437
0.0143086 0.354877 0.125197 0.505618
0.0519142 0.650031 9.9991E-05 0.297955
9.9982E-05 0.389666 9.9982E-05 0.610134
0.43777 9.9982E-05 0.56203 9.9982E-05
0.530793 0.124306 0.335963 0.00893818
0.647632 9.9982E-05 0.352168 9.9982E-05
0.618147 9.9991E-05 0.364115 0.0176373
0.500255 9.9982E-05 0.499545 9.9982E-05
0.496215 0.0480112 0.455674 9.9991E-05
0.792064 9.9982E-05 0.207736 9.9982E-05
0.781703 9.9991E-05 0.218 0.000196559
0.594714 9.9982E-05 0.405086 9.9982E-05
0.499239 9.9982E-05 0.500561 9.9982E-05
0.0318866 0.287548 0.116689 0.563876
0.0475808 0.0676329 0.436181 0.448606
0.0700228 9.9991E-05 0.156942 0.772935
0.114205 0.135381 0.00780813 0.742606
0.0141155 0.212047 0.239396 0.534442
0.0407645 9.9991E-05 0.185436 0.773699
0.0138233 0.126773 0.283418 0.575986
0.100897 0.308895 9.9991E-05 0.590108
0.0655242 0.10647 0.0248859 0.80312
9.9991E-05 0.192529 0.0226158 0.784756
0.149084 0.265043 9.9991E-05 0.585773
0.136975 0.374243 9.9991E-05 0.488682
0.0347654 0.562351 0.225645 0.177238
0.0540847 0.339939 0.320147 0.285829
9.9991E-05 0.0032845 0.553594 0.443022
0.0690731 0.36008 0.259853 0.310994
9.9991E-05 0.274306 0.181712 0.543882
0.0324057 9.9991E-05 0.11372 0.853774
9.9982E-05 9.9982E-05 0.40901 0.59079
0.0538744 0.198265 0.13578 0.612081
0.307017 9.9991E-05 0.222318 0.470564
0.12778 0.0940931 0.0975552 0.680572
0.0132602 9.9991E-05 0.265055 0.721585
0.044521 0.0381274 0.0779472 0.839404
9.9991E-05 0.282181 0.256622 0.461097
0.0874227 0.464342 0.0528998 0.395335
0.136544 0.321548 0.0639416 0.477966
0.154261 0.526782 0.124804 0.194153
9.9991E-05 0.333264 0.0877909 0.578845
9.9991E-05 0.118971 0.126188 0.754741
0.0555547 9.9991E-05 0.411418 0.532928
9.9991E-05 0.129631 0.653728 0.216541
9.9991E-05 0.0954057 0.753125 0.151369
9.9991E-05 0.253035 0.54227 0.204594
0.0232861 9.9991E-05 0.466702 0.509912
0.0459435 0.148477 0.320042 0.485538
0.0576692 9.9991E-05 0.257802 0.684429
0.00147726 0.0547703 0.190292 0.753461
9.9991E-05 0.0377977 0.257771 0.704331
0.0946103 0.109263 9.9991E-05 0.796027
0.519525 0.0408729 0.288406 0.151196
0.726462 0.0607762 0.105313 0.107449
0.909111 0.0906893 9.9982E-05 9.9982E-05
0.713303 9.9991E-05 0.231683 0.0549135
0.815644 9.9982E-05 0.184156 9.9982E-05
0.726488 0.0041212 0.178016 0.0913749
0.192785 9.9982E-05 0.807015 9.9982E-05
0.476519 0.00761505 0.476057 0.0398094
0.629555 9.9982E-05 0.370245 9.9982E-05
0.741345 9.9982E-05 0.258455 9.9982E-05
0.604664 9.9991E-05 0.283713 0.111523
0.894623 9.99821E-05 9.99821E-05 0.105177
0.511089 9.9991E-05 0.447531 0.0412803
0.724853 9.9982E-05 0.274947 9.9982E-05
0.492018 9.9991E-05 0.430386 0.0774967
0.732299 9.9991E-05 0.186311 0.0812895
0.481312 9.9982E-05 0.518488 9.9982E-05
0.845615 0.0551693 0.0991156 9.9991E-05
0.818066 9.9991E-05 0.00605879 0.175775
0.804845 9.9991E-05 0.0844862 0.110568
0.802001 0.0254829 0.172416 9.9991E-05
0.988304 0.0114962 9.9982E-05 9.9982E-05
0.828385 9.9982E-05 0.171415 9.9982E-05
0.52965 9.9982E-05 0.47015 9.9982E-05
0.816206 9.9991E-05 0.0854827 0.098211
0.053058 0.782582 9.9991E-05 0.16426
9.9991E-05 0.716363 0.266516 0.0170214
0.00753503 0.810742 0.181623 9.9991E-05
0.125079 0.834622 0.0163844 0.0239151
0.0151499 0.720117 0.185555 0.0791783
9.99821E-05 0.301618 0.698182 9.99821E-05
0.0596796 0.588769 0.264352 0.0871995
0.00319516 0.453136 0.344748 0.198921
0.062914 0.773796 0.0673724 0.0959174
9.9982E-05 0.778412 0.221388 9.9982E-05
0.182937 0.699464 9.9991E-05 0.117499
0.0695219 0.495079 9.9991E-05 0.435299
0.0627525 0.569789 9.9991E-05 0.367359
0.0675695 0.620203 0.0445438 0.267684
9.9991E-05 0.369906 0.397346 0.232648
9.99925E-05 0.459061 0.134609 0.406231
0.146582 0.695302 9.9991E-05 0.158015
0.100809 0.609327 9.9991E-05 0.289764
0.0557296 0.62289 0.0423421 0.279038
9.9991E-05 0.649975 0.212366 0.137559
9.9991E-05 0.877254 0.0403878 0.0822582
9.9991E-05 0.825752 0.079704 0.0944439
9.9982E-05 0.846435 0.153366 9.9982E-05
0.0589028 0.820021 0.120977 9.9991E-05
0.0509214 0.770602 9.9991E-05 0.178376
0.015595 0.660418 9.9991E-05 0.323887
0.0683614 0.931439 9.9982E-05 9.9982E-05
0.109669 0.835801 9.9991E-05 0.0544304
0.0356865 0.902627 9.9991E-05 0.0615866
0.0525543 0.792277 9.9991E-05 0.155068
0.0123043 0.936887 9.9991E-05 0.0507091
9.9991E-05 0.639633 0.12084 0.239427
0.085643 0.778228 0.0958247 0.0403044
9.9991E-05 0.763737 0.127126 0.109037
0.0308467 0.824546 0.0547363 0.0898714
0.0461677 0.92561 0.0249372 0.00328534
0.0606824 0.932962 9.9991E-05 0.00625548
0.0265749 0.8954 0.0511243 0.0269006
9.9982E-05 0.715787 0.284013 9.9982E-05
9.9982E-05 0.766907 0.232893 9.9982E-05
0.00978417 0.806741 0.174284 0.00919129
0.026659 0.949084 9.9991E-05 0.024157
0.13617 0.799525 9.9991E-05 0.0642046
0.106688 0.849806 9.9991E-05 0.0434062
0.070298 0.929502 9.9982E-05 9.9982E-05
0.31878 0.604622 9.9991E-05 0.0764982
0.406833 0.592967 9.9982E-05 9.9982E-05
9.9982E-05 0.897717 0.102083 9.9982E-05
9.9982E-05 0.777391 0.222409 9.9982E-05
9.9982E-05 0.779306 0.220494 9.9982E-05
9.9982E-05 0.846521 0.153279 9.9982E-05
9.9982E-05 0.654321 0.345479 9.9982E-05
0.063627 0.928899 0.00737406 9.9991E-05
9.9982E-05 0.797472 0.202328 9.9982E-05
0.0287324 0.886817 0.0287894 0.0556609
9.9991E-05 0.73722 0.167465 0.0952145
9.9982E-05 0.835844 0.163956 9.9982E-05
0.390044 9.9982E-05 0.609756 9.9982E-05
0.682087 9.9982E-05 0.317713 9.9982E-05
0.604073 9.9991E-05 0.392155 0.00367152
0.737023 0.096863 0.148978 0.0171355
0.786912 0.153038 0.0599497 9.9991E-05
0.944662 0.00352118 0.0517167 9.9991E-05
0.695378 9.9982E-05 0.304422 9.9982E-05
0.549952 9.9982E-05 0.449848 9.9982E-05
0.111676 9.9982E-05 0.888124 9.9982E-05
0.799095 0.0916801 0.109125 9.9991E-05
0.939848 9.9982E-05 9.9982E-05 0.0599517
0.918544 9.9982E-05 9.9982E-05 0.0812557
0.917392 9.9982E-05 9.9982E-05 0.0824077
