9.9982E-05 0.00612522 0.457585 0.317607 0.186645 0.0152469 9.9982E-05 0.0165916
9.9982E-05 0.212304 0.15774 0.0752487 0.355941 0.00794427 9.9982E-05 0.190621
9.9982E-05 0.17169 0.25285 0.453595 0.00285312 9.9982E-05 0.0688727 0.049939
0.00941896 0.22872 0.366489 0.344925 9.9973E-05 9.9973E-05 0.0501459 9.9973E-05
9.9946E-05 9.9946E-05 0.192317 0.807084 9.9946E-05 9.9946E-05 9.9946E-05 9.9946E-05
9.9973E-05 0.0488299 0.407941 0.431416 0.00472104 9.9973E-05 0.106792 9.9973E-05
9.9973E-05 0.00901727 9.9973E-05 9.9973E-05 0.047272 0.625191 0.0438997 0.27432
9.9973E-05 9.9973E-05 9.9973E-05 0.0451027 0.12738 0.628993 0.159353 0.0388714
9.99549E-05 0.125078 9.99549E-05 9.99549E-05 9.99549E-05 0.873057 9.99549E-05 0.00136591
9.9973E-05 9.9973E-05 0.0574467 9.9973E-05 0.0293908 0.797357 0.0437029 0.0718024
9.9964E-05 0.111191 9.9964E-05 9.9964E-05 0.00405181 0.746082 9.9964E-05 0.138275
9.99639E-05 9.99639E-05 0.0279569 0.0384344 9.99639E-05 0.349957 9.99639E-05 0.583252
0.176384 9.9964E-05 9.9964E-05 0.018536 9.9964E-05 0.71483 9.9964E-05 0.0898502
0.0614664 9.99641E-05 9.99641E-05 0.0057669 9.99641E-05 0.876099 0.0562677 9.99641E-05
9.9964E-05 0.126941 9.9964E-05 9.9964E-05 9.9964E-05 0.816271 0.00762988 0.0487581
9.9955E-05 9.9955E-05 9.9955E-05 9.9955E-05 0.100801 0.582051 9.9955E-05 0.316648
9.9964E-05 9.9964E-05 0.142217 0.345436 0.100334 9.9964E-05 0.411613 9.9964E-05
0.0483296 0.0539493 9.9964E-05 9.9964E-05 0.129455 9.9964E-05 0.767866 9.9964E-05
0.0492759 0.0027312 0.512187 0.0737179 9.9973E-05 9.9973E-05 0.361788 9.9973E-05
0.0444773 9.9964E-05 0.247845 0.311315 9.9964E-05 9.9964E-05 0.395963 9.9964E-05
9.9964E-05 0.0810834 9.9964E-05 0.348641 9.9964E-05 0.0127326 0.557144 9.9964E-05
9.9955E-05 9.9955E-05 0.200356 0.127333 9.9955E-05 9.9955E-05 0.671812 9.9955E-05
9.9964E-05 9.9964E-05 0.438867 0.154909 0.151787 9.9964E-05 9.9964E-05 0.254037
0.0156912 9.9973E-05 0.663003 0.138447 0.1563 9.9973E-05 9.9973E-05 0.0262581
9.99551E-05 9.99551E-05 0.763249 0.231524 9.99551E-05 0.00472752 9.99551E-05 9.99551E-05
9.9964E-05 9.9964E-05 0.528985 0.156666 0.120946 9.9964E-05 0.193004 9.9964E-05
0.0629262 9.9964E-05 0.215518 0.451346 9.9964E-05 9.9964E-05 0.26981 9.9964E-05
0.00492633 9.9973E-05 0.303266 0.526827 9.9973E-05 0.103183 0.0614978 9.9973E-05
9.9973E-05 0.0709371 9.9973E-05 0.234101 0.361351 0.0462862 0.287025 9.9973E-05
9.9973E-05 0.20406 9.9973E-05 0.268047 0.0793054 0.0919209 0.356367 9.9973E-05
9.9964E-05 0.269706 9.9964E-05 0.089716 9.9964E-05 9.9964E-05 0.424334 0.215844
9.9964E-05 0.0372242 9.9964E-05 0.476653 9.9964E-05 9.9964E-05 0.359264 0.126459
9.9964E-05 0.0176073 0.116887 0.423922 9.9964E-05 9.9964E-05 0.441184 9.9964E-05
9.9955E-05 9.9955E-05 0.910873 9.9955E-05 0.031125 0.0575025 9.9955E-05 9.9955E-05
9.99549E-05 0.0737076 0.666792 9.99549E-05 9.99549E-05 9.99549E-05 9.99549E-05 0.259001
9.9964E-05 9.9964E-05 0.28291 0.324333 9.9964E-05 9.9964E-05 0.341171 0.0511858
0.250973 0.153334 0.433253 9.9964E-05 9.9964E-05 9.9964E-05 9.9964E-05 0.162041
0.0691527 9.9973E-05 0.598235 0.137472 9.9973E-05 9.9973E-05 0.155373 0.0394672
0.0709245 0.180551 0.572593 9.9982E-05 0.0494698 0.00490915 0.121353 9.9982E-05
0.0102967 9.9964E-05 0.457808 0.184999 9.9964E-05 9.9964E-05 0.346497 9.9964E-05
9.9955E-05 0.235762 0.419733 9.9955E-05 0.344005 9.9955E-05 9.9955E-05 9.9955E-05
0.0736653 0.183105 0.359949 0.332214 0.0507664 9.9973E-05 9.9973E-05 9.9973E-05
0.137897 0.217665 0.324229 0.296561 9.9973E-05 9.9973E-05 0.0233472 9.9973E-05
0.153949 9.9964E-05 0.290411 0.06163 0.49361 9.9964E-05 9.9964E-05 9.9964E-05
9.9973E-05 0.0579026 0.465736 0.240701 0.145419 9.9973E-05 0.0899412 9.9973E-05
0.00130122 0.186356 0.571786 0.11481 9.9973E-05 9.9973E-05 0.125447 9.9973E-05
9.9955E-05 9.9955E-05 9.9955E-05 9.9955E-05 0.00276857 9.9955E-05 0.951235 0.0454966
9.9964E-05 0.276626 9.9964E-05 9.9964E-05 0.152325 9.9964E-05 0.490005 0.0806441
9.9964E-05 0.506194 9.9964E-05 9.9964E-05 0.0462614 9.9964E-05 0.405172 0.0419729
9.9964E-05 0.588056 0.0287753 9.9964E-05 0.154479 9.9964E-05 0.22829 9.9964E-05
9.99639E-05 0.270709 9.99639E-05 0.0340365 9.99639E-05 0.00557173 0.689282 9.99639E-05
9.9964E-05 9.9964E-05 0.209178 9.9964E-05 0.364113 0.0864795 0.33983 9.9964E-05
0.029331 9.9973E-05 0.187967 0.0853663 0.0623775 9.9973E-05 0.634658 9.9973E-05
0.0269412 9.9964E-05 0.41772 9.9964E-05 0.260595 9.9964E-05 0.294344 9.9964E-05
0.0251161 9.996E-05 0.369047 9.996E-05 0.294941 9.996E-05 0.310496 9.996E-05
0.0430769 9.9964E-05 0.328852 0.295966 9.9964E-05 9.9964E-05 0.331706 9.9964E-05
0.0961408 9.9973E-05 0.241677 9.9973E-05 0.0661678 0.450393 9.9973E-05 0.145322
0.235863 9.9964E-05 0.119991 0.0513897 9.9964E-05 0.592356 9.9964E-05 9.9964E-05
0.856949 9.9955E-05 9.9955E-05 9.9955E-05 0.0814523 0.0610988 9.9955E-05 9.9955E-05
0.410057 9.9973E-05 9.9973E-05 9.9973E-05 0.0778528 0.207879 0.0948443 0.209067
0.578914 9.9964E-05 9.9964E-05 9.9964E-05 0.00808729 0.149174 9.9964E-05 0.263425
0.623092 9.9955E-05 9.9955E-05 9.9955E-05 9.9955E-05 9.9955E-05 0.135911 0.240498
9.99459E-05 0.114175 9.99459E-05 9.99459E-05 9.99459E-05 9.99459E-05 9.99459E-05 0.885225
0.0578397 9.9973E-05 0.00813896 0.0735372 9.9973E-05 9.9973E-05 0.00413617 0.856048
0.0214931 0.00451006 9.9973E-05 0.0602691 9.9973E-05 0.586858 9.9973E-05 0.32657
0.0843384 9.9955E-05 9.9955E-05 9.9955E-05 9.9955E-05 0.822678 9.9955E-05 0.0924837
0.137392 0.00856009 0.134161 0.0027942 9.9991E-05 0.496995 0.0403327 0.179664
0.372678 9.99551E-05 0.140932 9.99551E-05 9.99551E-05 0.48589 9.99551E-05 9.99551E-05
0.118013 9.9964E-05 0.140229 9.9964E-05 9.9964E-05 0.250359 9.9964E-05 0.490999
0.352892 9.9964E-05 9.9964E-05 9.9964E-05 0.00692166 0.266764 9.9964E-05 0.373023
0.0405641 9.9973E-05 0.072727 0.0727527 9.9973E-05 0.16597 9.9973E-05 0.647687
0.386526 9.9973E-05 0.0280748 0.0518764 9.9973E-05 0.238632 9.9973E-05 0.294592
0.0392032 9.9964E-05 9.9964E-05 0.0293884 9.9964E-05 0.122862 9.9964E-05 0.808147
0.661975 9.9964E-05 9.9964E-05 9.9964E-05 9.9964E-05 0.0490112 0.12667 0.161945
0.61521 9.9964E-05 0.112869 9.9964E-05 9.9964E-05 0.199177 0.0723441 9.9964E-05
0.718076 0.0315635 9.9964E-05 9.9964E-05 9.9964E-05 9.9964E-05 0.0562277 0.193733
0.567979 9.9955E-05 9.9955E-05 0.0653655 9.9955E-05 9.9955E-05 9.9955E-05 0.366156
0.923003 0.0220226 9.9955E-05 0.0544743 9.9955E-05 9.9955E-05 9.9955E-05 9.9955E-05
0.544531 9.9973E-05 0.00412579 9.9973E-05 0.00263816 0.322428 9.9973E-05 0.125977
0.145679 9.9964E-05 9.9964E-05 9.9964E-05 9.9964E-05 0.0938504 0.0791215 0.680949
0.728082 0.126145 0.00794979 9.9982E-05 9.9982E-05 0.0293077 0.0183839 0.089932
0.0195325 9.99641E-05 9.99641E-05 0.804364 0.109891 9.99641E-05 0.0658131 9.99641E-05
0.132238 9.9946E-05 9.9946E-05 9.9946E-05 0.867162 9.9946E-05 9.9946E-05 9.9946E-05
0.151566 9.9955E-05 9.9955E-05 0.00803949 0.839894 9.9955E-05 9.9955E-05 9.9955E-05
9.9955E-05 0.169536 9.9955E-05 0.762816 9.9955E-05 0.0671485 9.9955E-05 9.9955E-05
9.9973E-05 0.252219 9.9973E-05 0.49633 0.110704 0.0389021 0.101545 9.9973E-05
9.994E-05 0.9993 9.994E-05 9.994E-05 9.994E-05 9.994E-05 9.994E-05 9.994E-05
9.9973E-05 0.459455 0.0939703 0.321762 0.0644191 0.0600932 9.9973E-05 9.9973E-05
0.00504794 0.512082 0.19106 0.273124 0.0097467 0.00874005 9.9982E-05 9.9982E-05
0.0240725 0.264792 0.00259996 0.703101 9.9973E-05 0.00513475 9.9973E-05 9.9973E-05
9.99549E-05 0.429579 9.99549E-05 0.421341 0.14858 9.99549E-05 9.99549E-05 9.99549E-05
0.0860419 0.166808 0.0192793 0.727471 9.9964E-05 9.9964E-05 9.9964E-05 9.9964E-05
0.0141755 0.121719 0.277844 0.585862 9.9964E-05 9.9964E-05 9.9964E-05 9.9964E-05
9.99639E-05 0.0909483 0.220087 0.678582 9.99639E-05 0.00998229 9.99639E-05 9.99639E-05
0.0323991 0.193309 0.166353 0.607539 9.99639E-05 9.99639E-05 9.99639E-05 9.99639E-05
9.99639E-05 0.484097 9.99639E-05 0.331726 9.99639E-05 0.00271563 0.181062 9.99639E-05
9.996E-05 0.288801 0.23076 0.479203 9.996E-05 9.996E-05 0.000836558 9.996E-05
0.0433038 0.1456 0.106217 0.70448 9.9964E-05 9.9964E-05 9.9964E-05 9.9964E-05
0.0191762 0.0935473 0.199378 0.687498 9.9964E-05 9.9964E-05 9.9964E-05 9.9964E-05
9.99729E-05 0.0707105 0.288002 0.486601 0.130639 0.0237473 9.99729E-05 9.99729E-05
9.9982E-05 0.166458 0.0119148 0.263824 0.41791 0.0217424 0.117951 9.9982E-05
9.9964E-05 9.9964E-05 0.0194813 0.45556 0.445844 9.9964E-05 0.078715 9.9964E-05
9.9964E-05 9.9964E-05 0.106981 0.260863 0.56737 9.9964E-05 0.0643865 9.9964E-05
9.9964E-05 9.9964E-05 9.9964E-05 0.3897 0.604848 0.00218158 0.0028708 9.9964E-05
9.9964E-05 0.233375 9.9964E-05 0.704309 0.042383 9.9964E-05 9.9964E-05 0.019534
9.9955E-05 9.9955E-05 9.9955E-05 0.827587 0.0681318 9.9955E-05 0.103781 9.9955E-05
9.9964E-05 9.9964E-05 0.0606254 0.5895 0.175271 9.9964E-05 0.174204 9.9964E-05
9.9955E-05 9.9955E-05 9.9955E-05 0.814792 0.128085 9.9955E-05 0.0566237 9.9955E-05
0.00476936 0.0662022 9.9982E-05 0.8341 0.0801076 0.00504798 0.00957254 9.9982E-05
9.9964E-05 9.9964E-05 9.9964E-05 0.83077 0.157629 9.9964E-05 0.0103837 0.000817464
0.00098279 9.9964E-05 0.0678776 0.794789 0.13595 9.9964E-05 9.9964E-05 9.9964E-05
9.9946E-05 9.9946E-05 9.9946E-05 0.761077 0.238323 9.9946E-05 9.9946E-05 9.9946E-05
9.99729E-05 0.143082 0.145253 0.415755 0.219546 9.99729E-05 0.0760641 9.99729E-05
0.0122217 9.9964E-05 9.9964E-05 0.454206 0.339864 9.9964E-05 0.193309 9.9964E-05
9.9973E-05 0.0812112 0.0307177 0.621023 0.217399 9.9973E-05 0.04935 9.9973E-05
9.99731E-05 0.0442487 9.99731E-05 0.739612 0.153864 9.99731E-05 0.0513226 0.010652
9.99551E-05 0.128447 9.99551E-05 0.652684 0.21837 9.99551E-05 9.99551E-05 9.99551E-05
9.9973E-05 0.0202033 9.9973E-05 0.738823 0.213132 9.9973E-05 0.0217165 0.00582498
9.99549E-05 0.153569 9.99549E-05 0.696655 0.149276 9.99549E-05 9.99549E-05 9.99549E-05
9.9964E-05 9.9964E-05 0.0939307 0.11615 0.73129 9.9964E-05 9.9964E-05 0.0582292
9.9964E-05 0.0662436 9.9964E-05 0.254681 0.657798 9.9964E-05 9.9964E-05 0.0208776
9.9964E-05 0.0171689 9.9964E-05 0.482787 0.463678 9.9964E-05 9.9964E-05 0.0359667
9.9946E-05 9.9946E-05 9.9946E-05 0.734295 0.265105 9.9946E-05 9.9946E-05 9.9946E-05
9.9964E-05 9.9964E-05 0.0124318 0.775079 0.12547 0.0866196 9.9964E-05 9.9964E-05
9.9973E-05 0.0124842 0.107087 0.666302 0.19153 9.9973E-05 9.9973E-05 0.0222964
9.996E-05 9.996E-05 9.996E-05 0.756494 0.197057 9.996E-05 0.035292 0.0107578
0.0462691 9.9973E-05 0.0541835 0.583501 0.125981 0.189765 9.9973E-05 9.9973E-05
0.231107 9.9973E-05 9.9973E-05 0.579295 0.0608061 0.0402381 9.9973E-05 0.0882539
9.9964E-05 0.0555284 9.9964E-05 0.597443 0.31486 9.9964E-05 0.0317685 9.9964E-05
9.9964E-05 0.0892524 9.9964E-05 0.176833 0.727587 9.9964E-05 0.00592825 9.9964E-05
9.9964E-05 9.9964E-05 0.0215034 0.392625 0.512245 9.9964E-05 9.9964E-05 0.073227
9.9964E-05 0.0519598 0.0890644 0.310613 0.547963 9.9964E-05 9.9964E-05 9.9964E-05
9.9955E-05 9.9955E-05 0.029083 9.9955E-05 0.874955 9.9955E-05 0.0954621 9.9955E-05
0.0136535 0.0234986 9.9964E-05 0.718266 0.244182 9.9964E-05 9.9964E-05 9.9964E-05
9.9973E-05 0.0094762 0.06626 0.283528 0.628569 0.0118666 9.9973E-05 9.9973E-05
9.9955E-05 0.000741863 9.9955E-05 0.622236 0.376522 9.9955E-05 9.9955E-05 9.9955E-05
9.9973E-05 0.127783 0.0170403 0.419531 0.370504 9.9973E-05 0.0648417 9.9973E-05
9.9964E-05 0.0125023 9.9964E-05 0.410519 0.508306 9.9964E-05 9.9964E-05 0.0682728
0.126412 0.00258863 9.9964E-05 9.9964E-05 0.134765 9.9964E-05 9.9964E-05 0.735835
0.434605 9.9964E-05 9.9964E-05 9.9964E-05 0.00900302 0.0720157 9.9964E-05 0.483977
0.250163 0.0379326 9.9973E-05 9.9973E-05 9.9973E-05 0.251313 0.0697427 0.39055
0.628982 0.115105 9.9982E-05 9.9982E-05 0.045013 0.133781 0.0566432 0.0202754
0.751616 0.105891 9.9982E-05 0.0285916 0.0157676 0.064221 9.9982E-05 0.0337125
0.819571 0.00699861 9.9964E-05 9.9964E-05 9.9964E-05 0.056699 9.9964E-05 0.116332
0.275615 9.9964E-05 9.9964E-05 9.9964E-05 0.051184 0.302981 9.9964E-05 0.36982
0.195692 9.9964E-05 0.0137189 9.9964E-05 9.9964E-05 0.142742 9.9964E-05 0.647447
9.99461E-05 0.174186 9.99461E-05 9.99461E-05 9.99461E-05 9.99461E-05 9.99461E-05 0.825214
0.604742 0.0714769 9.9982E-05 0.0571782 0.0178283 0.172852 9.9982E-05 0.0757223
0.887517 9.99551E-05 0.0483391 9.99551E-05 9.99551E-05 0.0636437 9.99551E-05 9.99551E-05
0.94041 9.99461E-05 0.0589906 9.99461E-05 9.99461E-05 9.99461E-05 9.99461E-05 9.99461E-05
0.819842 9.9973E-05 0.0169102 0.0163207 9.9973E-05 0.116345 0.0302823 9.9973E-05
