9.99459E-05 0.15777 0.429272 9.99459E-05 9.99459E-05 0.0967026 9.99459E-05 9.99459E-05 9.99459E-05 0.315656
0.190305 9.9964E-05 0.198011 0.00917351 0.167435 0.290333 9.9964E-05 9.9964E-05 9.9964E-05 0.144343
0.0386564 0.277535 0.270991 9.9982E-05 0.0606822 0.0163348 0.0266605 0.0495112 9.9982E-05 0.259429
9.9955E-05 9.9955E-05 9.9955E-05 9.9955E-05 0.00615023 0.0828667 9.9955E-05 0.135496 0.0440989 0.730888
9.9955E-05 0.56661 0.152562 9.9955E-05 9.9955E-05 9.9955E-05 9.9955E-05 0.0664348 0.0206408 0.193252
9.9946E-05 0.0884436 0.267634 9.9946E-05 9.9946E-05 9.9946E-05 9.9946E-05 0.141231 9.9946E-05 0.502092
0.0556919 9.9946E-05 9.9946E-05 0.738164 0.164644 0.0409007 9.9946E-05 9.9946E-05 9.9946E-05 9.9946E-05
9.9955E-05 0.0851603 9.9955E-05 0.636071 0.0757776 0.0496915 0.1528 9.9955E-05 9.9955E-05 9.9955E-05
0.0221777 9.9946E-05 9.9946E-05 0.909272 9.9946E-05 0.0108144 9.9946E-05 0.0571366 9.9946E-05 9.9946E-05
0.0159524 9.9946E-05 0.0104448 0.883362 9.9946E-05 9.9946E-05 9.9946E-05 9.9946E-05 9.9946E-05 0.0896406
9.9946E-05 9.9946E-05 0.0169551 0.782926 0.134932 0.0645863 9.9946E-05 9.9946E-05 9.9946E-05 9.9946E-05
9.99459E-05 0.0328614 9.99459E-05 0.368652 0.521937 9.99459E-05 0.0759504 9.99459E-05 9.99459E-05 9.99459E-05
9.99551E-05 0.00649161 9.99551E-05 0.711627 0.0603641 9.99551E-05 9.99551E-05 0.0107922 0.210225 9.99551E-05
9.99371E-05 9.99371E-05 9.99371E-05 0.798374 9.99371E-05 9.99371E-05 0.0959671 9.99371E-05 0.104959 9.99371E-05
0.0684069 9.9973E-05 0.0125056 0.827135 0.0562604 0.00454608 9.9973E-05 0.0259218 9.9973E-05 0.00492405
9.99371E-05 9.99371E-05 9.99371E-05 0.681701 0.260266 0.0573336 9.99371E-05 9.99371E-05 9.99371E-05 9.99371E-05
9.9955E-05 0.207213 9.9955E-05 9.9955E-05 0.0100631 0.0640447 0.646709 0.0714705 9.9955E-05 9.9955E-05
0.386622 9.9964E-05 9.9964E-05 0.0106005 0.0268105 9.9964E-05 0.35771 9.9964E-05 0.00443527 0.213422
0.0465602 9.9955E-05 0.256527 9.9955E-05 0.0462614 9.9955E-05 0.496266 0.153886 9.9955E-05 9.9955E-05
9.9946E-05 0.129091 9.9946E-05 9.9946E-05 9.9946E-05 9.9946E-05 0.644987 0.124512 9.9946E-05 0.100811
0.282805 0.152026 9.99549E-05 0.0409951 9.99549E-05 9.99549E-05 0.316282 9.99549E-05 9.99549E-05 0.207392
0.198399 9.99369E-05 9.99369E-05 9.99369E-05 9.99369E-05 9.99369E-05 0.512725 9.99369E-05 9.99369E-05 0.288176
0.0174062 0.14546 0.706898 9.9946E-05 0.129636 9.9946E-05 9.9946E-05 9.9946E-05 9.9946E-05 9.9946E-05
9.9946E-05 0.239033 0.701531 9.9946E-05 9.9946E-05 0.0423563 9.9946E-05 9.9946E-05 0.0164798 9.9946E-05
9.99461E-05 0.1112 0.706143 9.99461E-05 9.99461E-05 9.99461E-05 0.173765 9.99461E-05 0.00829273 9.99461E-05
9.9946E-05 9.9946E-05 0.065868 9.9946E-05 9.9946E-05 0.109474 0.301064 9.9946E-05 9.9946E-05 0.522995
9.9946E-05 0.325282 0.00785518 9.9946E-05 9.9946E-05 9.9946E-05 0.664064 9.9946E-05 0.00219904 9.9946E-05
9.9955E-05 0.345045 0.0668302 0.00957965 9.9955E-05 9.9955E-05 0.47423 0.103816 9.9955E-05 9.9955E-05
0.216328 0.356414 9.9964E-05 0.126956 9.9964E-05 0.107667 0.0777513 9.9964E-05 9.9964E-05 0.114485
0.309782 0.248141 9.9964E-05 0.146356 9.9964E-05 0.00375339 0.0771682 9.9964E-05 9.9964E-05 0.214398
0.154814 9.99369E-05 9.99369E-05 9.99369E-05 0.305258 9.99369E-05 9.99369E-05 9.99369E-05 9.99369E-05 0.539228
0.0218538 0.236476 9.99639E-05 9.99639E-05 0.227177 9.99639E-05 0.0819658 0.0521468 9.99639E-05 0.37998
0.032905 0.132446 9.9964E-05 9.9964E-05 0.0392291 9.9964E-05 0.173255 0.091133 9.9964E-05 0.530632
9.99459E-05 9.99459E-05 0.766635 0.0333252 9.99459E-05 9.99459E-05 0.0268905 9.99459E-05 9.99459E-05 0.172549
0.0613631 9.99369E-05 0.785682 9.99369E-05 0.152256 9.99369E-05 9.99369E-05 9.99369E-05 9.99369E-05 9.99369E-05
0.0266103 0.225407 0.223971 9.9964E-05 0.0268085 9.9964E-05 0.488328 0.00847474 9.9964E-05 9.9964E-05
0.00717407 9.9973E-05 0.326447 9.9973E-05 0.236386 9.9973E-05 0.118178 0.0715834 0.160761 0.0791709
9.9964E-05 0.0252351 0.462522 9.9964E-05 0.0276854 9.9964E-05 0.356202 0.0921781 0.0357778 9.9964E-05
0.153209 9.9973E-05 0.424092 0.0346103 9.9973E-05 0.0550072 0.185716 9.9973E-05 0.0189582 0.128107
0.0361455 0.0214715 0.230487 9.9955E-05 9.9955E-05 9.9955E-05 0.569256 0.142141 9.9955E-05 9.9955E-05
9.99281E-05 9.99281E-05 9.99281E-05 9.99281E-05 9.99281E-05 0.468053 9.99281E-05 9.99281E-05 9.99281E-05 0.531147
9.9964E-05 0.0726506 9.9964E-05 9.9964E-05 9.9964E-05 0.206624 0.118349 0.240238 0.0664664 0.295272
0.0786263 9.9955E-05 0.0366865 9.9955E-05 9.9955E-05 9.9955E-05 9.9955E-05 0.255926 0.12148 0.506781
9.9946E-05 9.9946E-05 9.9946E-05 9.9946E-05 9.9946E-05 0.513322 0.129584 0.230755 0.125739 9.9946E-05
9.99371E-05 9.99371E-05 9.99371E-05 0.0211908 9.99371E-05 0.155038 9.99371E-05 9.99371E-05 9.99371E-05 0.823071
9.9937E-05 9.9937E-05 0.0588987 9.9937E-05 9.9937E-05 9.9937E-05 9.9937E-05 9.9937E-05 0.0308275 0.909574
0.377024 9.9937E-05 9.9937E-05 9.9937E-05 0.0800307 9.9937E-05 0.542246 9.9937E-05 9.9937E-05 9.9937E-05
0.604003 9.99459E-05 9.99459E-05 9.99459E-05 0.13042 0.0585382 0.20644 9.99459E-05 9.99459E-05 9.99459E-05
0.887437 9.9946E-05 9.9946E-05 9.9946E-05 0.0484113 0.00384981 0.0597019 9.9946E-05 9.9946E-05 9.9946E-05
0.771792 0.0006817 0.155039 9.99459E-05 9.99459E-05 0.0718876 9.99459E-05 9.99459E-05 9.99459E-05 9.99459E-05
0.586783 9.99549E-05 9.99549E-05 0.069056 9.99549E-05 9.99549E-05 0.24861 9.99549E-05 0.00826818 0.0867834
0.00344218 9.9946E-05 9.9946E-05 0.128924 9.9946E-05 0.410004 0.45703 9.9946E-05 9.9946E-05 9.9946E-05
0.242076 9.9955E-05 0.131876 9.9955E-05 9.9955E-05 9.9955E-05 0.489447 9.9955E-05 0.0656997 0.070402
9.9928E-05 9.9928E-05 9.9928E-05 9.9928E-05 9.9928E-05 0.355915 0.643286 9.9928E-05 9.9928E-05 9.9928E-05
9.99459E-05 9.99459E-05 0.0371163 0.0368526 9.99459E-05 0.334061 0.59137 9.99459E-05 9.99459E-05 9.99459E-05
9.99459E-05 0.0735942 9.99459E-05 9.99459E-05 9.99459E-05 9.99459E-05 0.543009 9.99459E-05 0.0248109 0.357987
9.9955E-05 9.9955E-05 0.327437 0.391267 0.0759943 0.0222181 9.9955E-05 9.9955E-05 0.182584 9.9955E-05
9.9946E-05 0.00411489 0.159536 0.564114 9.9946E-05 9.9946E-05 9.9946E-05 9.9946E-05 0.271636 9.9946E-05
9.9937E-05 9.9937E-05 0.0513234 9.9937E-05 9.9937E-05 0.0646213 9.9937E-05 9.9937E-05 0.883356 9.9937E-05
9.9955E-05 9.9955E-05 9.9955E-05 0.284315 0.114467 0.142015 0.0456396 9.9955E-05 0.413063 9.9955E-05
9.99549E-05 9.99549E-05 9.99549E-05 0.140014 0.255839 0.0155665 9.99549E-05 0.00844166 0.579639 9.99549E-05
0.0737819 0.000408386 9.9964E-05 9.9964E-05 0.203773 0.00651708 9.9964E-05 9.9964E-05 0.665393 0.0497266
0.198473 9.99369E-05 9.99369E-05 0.0129705 0.787857 9.99369E-05 9.99369E-05 9.99369E-05 9.99369E-05 9.99369E-05
9.9946E-05 9.9946E-05 9.9946E-05 9.9946E-05 0.851809 9.9946E-05 0.0202451 9.9946E-05 0.0500989 0.0772468
9.9946E-05 9.9946E-05 9.9946E-05 0.593226 0.255189 9.9946E-05 9.9946E-05 0.128019 0.0229661 9.9946E-05
9.9937E-05 9.9937E-05 0.0894432 0.787431 9.9937E-05 9.9937E-05 9.9937E-05 9.9937E-05 0.122426 9.9937E-05
9.9973E-05 0.0404052 0.0675553 0.393597 0.237933 9.9973E-05 0.0638818 9.9973E-05 0.170371 0.0259564
9.99372E-05 9.99372E-05 0.150839 0.344277 9.99372E-05 9.99372E-05 9.99372E-05 9.99372E-05 0.504184 9.99372E-05
9.9946E-05 9.9946E-05 0.10952 0.17213 0.57428 9.9946E-05 9.9946E-05 9.9946E-05 0.14347 9.9946E-05
9.995E-05 9.995E-05 0.056794 0.267535 0.315173 9.995E-05 0.0477814 9.995E-05 0.312217 9.995E-05
9.9964E-05 0.00145501 0.0997553 0.226015 0.59809 9.9964E-05 0.0529825 0.0213015 9.9964E-05 9.9964E-05
9.9955E-05 0.0222646 0.183682 0.220112 0.206323 9.9955E-05 9.9955E-05 9.9955E-05 0.367118 9.9955E-05
9.9946E-05 0.0452577 9.9946E-05 0.0741063 0.799288 9.9946E-05 9.9946E-05 9.9946E-05 0.0807488 9.9946E-05
9.9955E-05 0.0360063 9.9955E-05 0.0477336 0.197183 9.9955E-05 0.131163 9.9955E-05 0.587414 9.9955E-05
9.9955E-05 9.9955E-05 9.9955E-05 0.168186 0.00360542 9.9955E-05 0.14451 9.9955E-05 0.618201 0.0649981
0.110674 9.99459E-05 9.99459E-05 9.99459E-05 0.139908 9.99459E-05 0.00844253 9.99459E-05 0.740375 9.99459E-05
9.9937E-05 9.9937E-05 9.9937E-05 9.9937E-05 0.402783 9.9937E-05 9.9937E-05 0.0527999 0.543718 9.9937E-05
9.99371E-05 0.0107843 9.99371E-05 9.99371E-05 0.0173662 9.99371E-05 9.99371E-05 9.99371E-05 0.97115 9.99371E-05
9.9946E-05 9.9946E-05 0.0524287 0.356093 0.0150338 9.9946E-05 9.9946E-05 9.9946E-05 0.575845 9.9946E-05
0.0803914 9.9964E-05 0.0127126 0.175233 0.563952 9.9964E-05 0.0149613 9.9964E-05 0.152351 9.9964E-05
0.147906 9.9955E-05 9.9955E-05 0.0141885 0.0609327 9.9955E-05 9.9955E-05 9.9955E-05 0.699259 0.0772136
0.0246261 0.799381 9.99551E-05 9.99551E-05 9.99551E-05 9.99551E-05 0.0938423 9.99551E-05 0.0351249 0.0465255
9.9955E-05 0.0667343 9.9955E-05 9.9955E-05 9.9955E-05 0.800361 0.0529138 9.9955E-05 0.0700589 0.0094318
9.9946E-05 0.132593 9.9946E-05 9.9946E-05 9.9946E-05 0.763271 0.034735 9.9946E-05 0.0688014 9.9946E-05
0.0914052 0.614366 9.9946E-05 0.106309 9.9946E-05 9.9946E-05 9.9946E-05 0.18732 9.9946E-05 9.9946E-05
0.351742 0.583166 9.99369E-05 0.0643924 9.99369E-05 9.99369E-05 9.99369E-05 9.99369E-05 9.99369E-05 9.99369E-05
0.848043 9.99371E-05 9.99371E-05 9.99371E-05 0.0138656 0.137392 9.99371E-05 9.99371E-05 9.99371E-05 9.99371E-05
0.192621 9.99461E-05 9.99461E-05 0.0316672 9.99461E-05 0.119748 9.99461E-05 0.655364 9.99461E-05 9.99461E-05
0.199595 9.9955E-05 0.0943082 0.0314148 9.9955E-05 0.206047 9.9955E-05 0.468135 9.9955E-05 9.9955E-05
0.0695693 0.298198 9.9955E-05 9.9955E-05 9.9955E-05 0.0410889 9.9955E-05 0.508582 9.9955E-05 0.0820621
0.23413 0.092059 9.99459E-05 9.99459E-05 9.99459E-05 0.256404 9.99459E-05 0.416808 9.99459E-05 9.99459E-05
9.99371E-05 0.00556089 9.99371E-05 9.99371E-05 9.99371E-05 9.99371E-05 9.99371E-05 0.974071 0.0196689 9.99371E-05
9.9937E-05 9.9937E-05 9.9937E-05 9.9937E-05 9.9937E-05 9.9937E-05 0.0610811 0.881935 9.9937E-05 0.0562846
9.99549E-05 0.272459 0.167724 0.000559609 9.99549E-05 9.99549E-05 9.99549E-05 0.353334 9.99549E-05 0.205424
0.0447481 0.0208008 0.0432239 9.9991E-05 0.00295642 0.0793695 0.0100377 0.750121 0.00973534 0.0389069
0.365024 9.99459E-05 9.99459E-05 0.00149133 9.99459E-05 9.99459E-05 9.99459E-05 0.36045 9.99459E-05 0.272434
0.122702 0.0437259 0.0819499 9.99549E-05 9.99549E-05 9.99549E-05 9.99549E-05 0.487837 9.99549E-05 0.263285
9.9937E-05 0.147938 9.9937E-05 0.0380271 9.9937E-05 9.9937E-05 9.9937E-05 0.813335 9.9937E-05 9.9937E-05
9.9946E-05 0.116765 0.0178068 9.9946E-05 9.9946E-05 9.9946E-05 0.106272 0.758556 9.9946E-05 9.9946E-05
9.9973E-05 0.137924 0.0427468 0.0345719 9.9973E-05 0.166241 0.0275104 0.513606 9.9973E-05 0.0771001
0.240582 0.353212 0.0860896 9.99639E-05 9.99639E-05 0.246389 0.0321801 0.0411478 9.99639E-05 9.99639E-05
0.00115125 0.444305 9.99459E-05 9.99459E-05 9.99459E-05 0.298888 9.99459E-05 9.99459E-05 9.99459E-05 0.255056
0.058386 0.416635 0.131462 9.9946E-05 9.9946E-05 0.392918 9.9946E-05 9.9946E-05 9.9946E-05 9.9946E-05
9.9946E-05 0.382467 9.9946E-05 9.9946E-05 9.9946E-05 0.549049 0.0307161 0.0371688 9.9946E-05 9.9946E-05
0.244538 0.742669 9.9946E-05 9.9946E-05 0.00365818 9.9946E-05 9.9946E-05 0.00853462 9.9946E-05 9.9946E-05
9.9946E-05 0.785945 0.0849277 9.9946E-05 9.9946E-05 9.9946E-05 0.049048 9.9946E-05 9.9946E-05 0.0794794
0.059189 0.659972 0.232772 9.9946E-05 9.9946E-05 9.9946E-05 0.0474672 9.9946E-05 9.9946E-05 9.9946E-05
0.052498 0.906668 9.99461E-05 0.0167723 9.99461E-05 9.99461E-05 0.0234624 9.99461E-05 9.99461E-05 9.99461E-05
0.0442708 0.797174 0.0755585 9.9955E-05 9.9955E-05 9.9955E-05 9.9955E-05 9.9955E-05 0.0386812 0.0438153
9.9964E-05 0.68668 0.0198166 0.0017214 9.9964E-05 0.0157683 9.9964E-05 0.120045 9.9964E-05 0.155569
9.9937E-05 0.807641 0.0463316 9.9937E-05 9.9937E-05 9.9937E-05 9.9937E-05 9.9937E-05 9.9937E-05 0.145328
9.9955E-05 0.852523 0.087653 9.9955E-05 9.9955E-05 0.0411983 9.9955E-05 0.0105448 9.9955E-05 0.00758135
0.0876227 0.335392 9.99459E-05 9.99459E-05 9.99459E-05 0.144442 9.99459E-05 9.99459E-05 9.99459E-05 0.431944
0.0177799 0.369443 9.9964E-05 9.9964E-05 9.9964E-05 0.328243 0.136801 0.117468 0.0298649 9.9964E-05
0.0724518 0.615986 0.104427 9.9955E-05 9.9955E-05 0.0718561 9.9955E-05 9.9955E-05 9.9955E-05 0.134779
0.0940062 0.605289 0.0941819 9.99461E-05 9.99461E-05 9.99461E-05 9.99461E-05 0.205923 9.99461E-05 9.99461E-05
0.0818927 0.751189 9.99551E-05 9.99551E-05 9.99551E-05 0.0400659 9.99551E-05 0.0448688 9.99551E-05 0.0814836
9.99461E-05 0.823099 0.0701303 9.99461E-05 9.99461E-05 0.0988124 9.99461E-05 9.99461E-05 0.00735814 9.99461E-05
0.151104 0.637948 9.99549E-05 0.00421812 9.99549E-05 0.00329295 9.99549E-05 0.202938 9.99549E-05 9.99549E-05
9.9937E-05 0.189763 0.23485 9.9937E-05 9.9937E-05 0.574687 9.9937E-05 9.9937E-05 9.9937E-05 9.9937E-05
9.9955E-05 0.20768 0.00206652 9.9955E-05 0.0338075 0.629047 9.9955E-05 0.126899 9.9955E-05 9.9955E-05
9.9964E-05 0.488553 0.0140432 9.9964E-05 0.0316712 0.411548 0.039961 0.0138244 9.9964E-05 9.9964E-05
9.9946E-05 0.783564 9.9946E-05 9.9946E-05 9.9946E-05 0.033702 9.9946E-05 0.0196366 9.9946E-05 0.162497
9.9991E-05 0.649573 0.0156553 0.0105272 0.011305 0.0378903 0.122075 0.118584 0.0121543 0.0221361
9.9955E-05 0.600946 0.126292 9.9955E-05 9.9955E-05 0.111653 9.9955E-05 0.141181 0.0194286 9.9955E-05
9.9955E-05 0.816944 9.9955E-05 9.9955E-05 0.0229459 0.0643602 0.0389287 0.056321 9.9955E-05 9.9955E-05
9.9946E-05 0.55436 0.208688 0.0984796 9.9946E-05 9.9946E-05 9.9946E-05 9.9946E-05 0.137872 9.9946E-05
9.9955E-05 0.600364 9.9955E-05 9.9955E-05 0.0971098 9.9955E-05 0.000343669 0.0118612 0.289821 9.9955E-05
0.0996687 0.750351 9.9946E-05 9.9946E-05 9.9946E-05 0.129935 9.9946E-05 0.0194451 9.9946E-05 9.9946E-05
0.103077 0.231931 0.000307391 9.99549E-05 9.99549E-05 0.610068 9.99549E-05 0.0541164 9.99549E-05 9.99549E-05
9.9955E-05 0.359318 0.0945248 9.9955E-05 0.0458151 0.382695 9.9955E-05 0.117148 9.9955E-05 9.9955E-05
9.9946E-05 0.363528 0.136258 9.9946E-05 9.9946E-05 0.490334 9.9946E-05 0.00928127 9.9946E-05 9.9946E-05
0.0716762 0.105678 9.9946E-05 9.9946E-05 9.9946E-05 0.768224 9.9946E-05 9.9946E-05 9.9946E-05 0.0538218
0.0955341 0.8341 9.9946E-05 9.9946E-05 9.9946E-05 0.0574854 9.9946E-05 9.9946E-05 9.9946E-05 0.0122813
0.0346669 0.332011 0.0991324 9.9964E-05 9.9964E-05 0.506205 9.9964E-05 0.000704728 9.9964E-05 0.0268804
9.99459E-05 0.614428 9.99459E-05 0.00360434 9.99459E-05 0.234802 9.99459E-05 9.99459E-05 9.99459E-05 0.146565
0.0508717 0.391736 0.0179477 9.9955E-05 9.9955E-05 0.283993 9.9955E-05 9.9955E-05 9.9955E-05 0.254952
9.9937E-05 0.542656 9.9937E-05 9.9937E-05 0.0780387 0.378606 9.9937E-05 9.9937E-05 9.9937E-05 9.9937E-05
0.0196144 9.9946E-05 9.9946E-05 9.9946E-05 0.758995 0.117245 9.9946E-05 9.9946E-05 0.103546 9.9946E-05
0.0205398 9.9955E-05 9.9955E-05 0.141633 0.429644 9.9955E-05 9.9955E-05 0.026379 0.381304 9.9955E-05
0.15528 9.99639E-05 9.99639E-05 0.287574 0.303841 0.023653 0.00449971 9.99639E-05 0.224752 9.99639E-05
0.0379817 9.99639E-05 9.99639E-05 0.122123 0.0719126 0.038276 9.99639E-05 9.99639E-05 0.612577 0.11673
0.0217884 9.9964E-05 9.9964E-05 0.102534 0.0385187 0.0586818 9.9964E-05 0.116816 0.661261 9.9964E-05
9.9955E-05 0.0187432 9.9955E-05 0.0523658 0.11057 9.9955E-05 9.9955E-05 9.9955E-05 0.773707 0.044114
9.9946E-05 9.9946E-05 9.9946E-05 0.19465 0.361497 0.0745781 9.9946E-05 9.9946E-05 0.368676 9.9946E-05
0.0044984 0.0116777 9.9955E-05 0.216166 0.648552 9.9955E-05 9.9955E-05 9.9955E-05 0.118606 9.9955E-05
0.0814339 9.99372E-05 9.99372E-05 9.99372E-05 0.855132 0.0627344 9.99372E-05 9.99372E-05 9.99372E-05 9.99372E-05
9.99459E-05 0.0922555 9.99459E-05 0.119286 0.154604 9.99459E-05 9.99459E-05 9.99459E-05 0.633255 9.99459E-05
9.99282E-05 9.99282E-05 9.99282E-05 9.99282E-05 9.99282E-05 9.99282E-05 0.0907943 9.99282E-05 0.908406 9.99282E-05
9.99281E-05 9.99281E-05 9.99281E-05 9.99281E-05 9.99281E-05 9.99281E-05 0.0824417 9.99281E-05 0.916759 9.99281E-05
9.99461E-05 9.99461E-05 9.99461E-05 0.103483 9.99461E-05 9.99461E-05 0.0661492 0.0187841 0.810984 9.99461E-05
