0.755903 0.0136343 0.230463
0.494629 9.9991E-05 0.505271
0.713714 0.0360105 0.250276
0.757537 0.0671676 0.175295
0.905002 0.0948976 9.9991E-05
0.854871 0.129164 0.0159651
9.999E-05 0.407252 0.592648
0.15793 0.498994 0.343076
9.9991E-05 0.634991 0.364909
9.9991E-05 0.612453 0.387447
9.9991E-05 0.504635 0.495265
0.0153595 0.490245 0.494396
9.9991E-05 0.774218 0.225682
9.9991E-05 0.773212 0.226688
9.9991E-05 0.552903 0.446997
9.9991E-05 0.491816 0.508084
0.714468 0.10375 0.181782
0.381651 0.135798 0.482551
0.508298 0.223992 0.267711
0.64874 0.2653 0.0859594
0.589034 0.110168 0.300798
0.509141 0.1665 0.324359
0.550978 0.105107 0.343915
0.743602 0.175598 0.0808002
0.71382 0.232184 0.0539956
0.809804 0.1073 0.0828957
0.734845 0.265055 9.9991E-05
0.745914 0.253986 9.9991E-05
0.726929 0.0341726 0.238899
0.581335 0.0794276 0.339237
0.312147 9.9991E-05 0.687753
0.608361 0.0768488 0.31479
0.728013 9.9991E-05 0.271887
0.600197 0.179526 0.220277
0.394757 0.0451451 0.560098
0.621405 0.14303 0.235566
0.330155 0.365534 0.304311
0.629804 0.228702 0.141493
0.531571 0.139952 0.328477
0.645797 0.221072 0.133131
0.711867 9.9991E-05 0.288033
0.762037 0.134942 0.103022
0.647646 0.22942 0.122934
0.717209 0.201557 0.081234
0.786601 0.0529056 0.160494
0.709391 0.103948 0.186661
0.279377 0.134288 0.586335
0.327767 9.9991E-05 0.672133
0.212002 9.9991E-05 0.787898
0.472471 9.9991E-05 0.527429
0.365964 0.0844421 0.549594
0.572863 0.135674 0.291463
0.527639 0.163937 0.308424
0.600453 0.141151 0.258396
0.557879 0.112632 0.329489
0.70898 0.238123 0.0528975
0.149904 0.553336 0.29676
0.108899 0.738126 0.152974
0.0387161 0.961184 9.9991E-05
0.014928 0.725733 0.259339
9.9991E-05 0.785534 0.214366
0.0767302 0.73549 0.18778
9.9991E-05 0.154836 0.845064
0.00944654 0.409938 0.580616
9.9991E-05 0.592643 0.407257
9.9991E-05 0.695154 0.304746
0.0233486 0.629015 0.347637
0.00231144 0.902794 0.0948946
9.9991E-05 0.511469 0.488431
9.9991E-05 0.747329 0.252571
0.0175242 0.42722 0.555256
0.0195646 0.767424 0.213011
9.9991E-05 0.477267 0.522633
0.0924251 0.834338 0.0732368
0.0684066 0.87556 0.0560337
0.0375552 0.845621 0.116823
9.9991E-05 0.777979 0.221921
9.999E-05 0.9998 9.999E-05
9.9991E-05 0.834014 0.165886
9.9991E-05 0.482846 0.517054
0.0455226 0.847481 0.106997
0.904285 0.0956154 9.9991E-05
0.794574 0.0297454 0.17568
0.824218 0.0717804 0.104001
0.887066 0.110253 0.00268071
0.8527 0.00947135 0.137829
0.285538 9.9991E-05 0.714362
0.691543 0.0443574 0.264099
0.674694 0.00694194 0.318364
0.878454 0.0663974 0.0551482
0.776017 9.9991E-05 0.223883
0.839395 0.160505 9.9991E-05
0.84345 0.15645 9.9991E-05
0.889923 0.109977 9.9991E-05
0.811421 0.11632 0.0722587
0.590656 9.9991E-05 0.409244
0.800014 0.0563315 0.143655
0.841294 0.158606 9.9991E-05
0.868799 0.131101 9.9991E-05
0.86616 0.0484771 0.0853632
0.826841 9.9991E-05 0.173059
0.940616 9.9991E-05 0.0592843
0.940542 9.9991E-05 0.0593578
0.858898 9.9991E-05 0.141002
0.838323 0.051804 0.109873
0.958918 0.0409821 9.9991E-05
0.931443 0.0683937 0.000163689
0.945672 0.0542276 9.9991E-05
0.914294 0.0856057 9.9991E-05
0.966989 0.0329114 9.9991E-05
0.94499 0.0549096 9.9991E-05
0.9998 9.999E-05 9.999E-05
0.828193 9.9991E-05 0.171707
0.871599 0.0704063 0.0579948
0.859083 9.9991E-05 0.140817
0.918471 0.0353409 0.0461885
0.972117 0.0188633 0.0090201
0.986375 0.0135253 9.9991E-05
0.9516 9.9991E-05 0.0483003
0.746376 9.9991E-05 0.253524
0.816518 9.9991E-05 0.183382
0.885541 9.9991E-05 0.114359
0.995207 0.00469283 9.9991E-05
0.881385 0.118515 9.9991E-05
0.928958 0.0709415 9.9991E-05
0.965601 0.0160119 0.0183871
0.695276 0.304624 9.9991E-05
0.595295 0.404605 9.9991E-05
0.924156 9.9991E-05 0.0757436
0.797832 9.9991E-05 0.202068
0.801833 9.9991E-05 0.198067
0.889795 9.9991E-05 0.110105
0.710116 9.9991E-05 0.289784
0.981164 0.0187358 9.9991E-05
0.859782 9.9991E-05 0.140118
0.95179 0.0198391 0.0283711
0.870814 9.9991E-05 0.129086
0.857721 9.9991E-05 0.142179
0.0214683 0.36864 0.609892
9.9991E-05 0.700298 0.299602
9.9991E-05 0.565898 0.434002
0.140443 0.744086 0.115471
0.107959 0.856894 0.0351468
0.0170136 0.903852 0.0791347
0.025779 0.677218 0.297003
9.9991E-05 0.517272 0.482628
9.9991E-05 0.0965718 0.903328
0.121286 0.818771 0.0599429
9.999E-05 0.9998 9.999E-05
9.999E-05 0.9998 9.999E-05
0.0512084 0.948692 9.9991E-05
