0.76794 0.0214473 0.210613
0.454323 9.9991E-05 0.545577
0.76449 0.0686848 0.166825
0.775663 0.129001 0.0953359
0.888144 0.111756 9.9991E-05
0.893639 0.106261 9.9991E-05
9.999E-05 0.426308 0.573592
0.112199 0.526121 0.36168
9.9991E-05 0.622886 0.377014
9.9991E-05 0.628846 0.371054
9.9991E-05 0.532812 0.467088
9.9991E-05 0.501495 0.498405
9.9991E-05 0.796964 0.202936
0.0129971 0.773139 0.213864
9.9991E-05 0.559723 0.440177
9.9991E-05 0.459668 0.540232
0.72053 0.132854 0.146617
0.424063 0.141657 0.434279
0.569141 0.251187 0.179672
0.712664 0.287236 9.9991E-05
0.602835 0.130101 0.267064
0.567544 0.207926 0.224529
0.570409 0.15062 0.278971
0.77424 0.196954 0.0288063
0.761449 0.238451 9.9991E-05
0.826082 0.121766 0.0521521
0.71208 0.28782 9.9991E-05
0.77489 0.22501 9.9991E-05
0.715648 0.0497723 0.23458
0.563385 0.0840612 0.352553
0.371494 0.0622936 0.566212
0.636835 0.108444 0.254721
0.750393 0.0553429 0.194264
0.64449 0.241035 0.114475
0.389542 0.141188 0.46927
0.664591 0.18312 0.152289
0.328422 0.434714 0.236864
0.629481 0.289588 0.0809312
0.570095 0.208347 0.221558
0.678452 0.242687 0.0788604
0.697151 9.9991E-05 0.302749
0.82012 0.166206 0.0136737
0.654073 0.295653 0.0502735
0.715967 0.184008 0.100025
0.82219 0.0717156 0.106094
0.720052 0.174659 0.105289
0.308441 0.196514 0.495046
0.328478 0.0116164 0.659906
0.214258 9.9991E-05 0.785642
0.443974 9.9991E-05 0.555926
0.399409 0.106669 0.493922
0.538282 0.153627 0.308091
0.550183 0.213855 0.235962
0.614167 0.190054 0.195779
0.598121 0.150378 0.2515
0.750735 0.249165 9.9991E-05
0.191694 0.549208 0.259098
0.100193 0.771228 0.12858
0.0686704 0.93123 9.9991E-05
0.0190709 0.699262 0.281667
9.9991E-05 0.838822 0.161078
0.0773713 0.734192 0.188437
9.9991E-05 0.20473 0.79517
0.0359032 0.437094 0.527002
9.9991E-05 0.630432 0.369468
9.9991E-05 0.748546 0.251354
0.0249947 0.668837 0.306168
0.0291166 0.925037 0.0458462
9.9991E-05 0.538882 0.461018
9.9991E-05 0.755681 0.244219
0.0221717 0.46967 0.508158
0.0559626 0.743758 0.200279
9.9991E-05 0.532969 0.466931
0.0773811 0.844334 0.0782851
0.0833027 0.916597 9.9991E-05
0.0230473 0.868337 0.108616
0.0232375 0.793397 0.183365
0.0215864 0.978314 9.9991E-05
9.9991E-05 0.853554 0.146346
9.9991E-05 0.500787 0.499113
0.0544871 0.833781 0.111732
0.931736 0.0681639 9.9991E-05
0.749156 9.9991E-05 0.250744
0.77699 0.0308077 0.192202
0.892164 0.0909808 0.0168549
0.794944 0.00183547 0.20322
0.246014 9.9991E-05 0.753886
0.653537 0.0476495 0.298814
0.638771 0.031328 0.329901
0.851808 0.0564306 0.0917619
0.74366 9.9991E-05 0.25624
0.82332 0.17658 9.9991E-05
0.855949 0.143951 9.9991E-05
0.888648 0.111252 9.9991E-05
0.829018 0.111974 0.0590083
0.60077 0.0235772 0.375652
0.83046 0.0652098 0.104331
0.855976 0.143924 9.9991E-05
0.830379 0.169521 9.9991E-05
0.857649 0.070321 0.0720297
0.806457 9.9991E-05 0.193443
0.915563 9.9991E-05 0.0843373
0.901402 9.9991E-05 0.0984981
0.828679 9.9991E-05 0.171221
0.837715 0.00804727 0.154238
0.961575 0.0383254 9.9991E-05
0.944981 0.0530695 0.00194978
0.964884 0.0350163 9.9991E-05
0.933719 0.0661807 9.9991E-05
0.961616 0.0382835 9.9991E-05
0.94708 0.05282 9.9991E-05
0.9998 9.999E-05 9.999E-05
0.885995 9.9991E-05 0.113905
0.859599 0.0462695 0.0941319
0.869854 9.9991E-05 0.130046
0.932255 0.0271755 0.0405692
0.940654 0.00120405 0.0581419
0.9998 9.999E-05 9.999E-05
0.905587 9.9991E-05 0.0943127
0.724932 9.9991E-05 0.274968
0.781207 9.9991E-05 0.218693
0.864069 9.9991E-05 0.135831
0.9998 9.999E-05 9.999E-05
0.879309 0.119775 0.000915744
0.935485 0.0644147 9.9991E-05
0.95452 0.0309364 0.0145441
0.669438 0.330462 9.9991E-05
0.611025 0.388875 9.9991E-05
0.868025 9.9991E-05 0.131875
0.772037 9.9991E-05 0.227863
0.775905 9.9991E-05 0.223995
0.849349 9.9991E-05 0.150551
0.695571 9.9991E-05 0.304329
0.969431 0.0304693 9.9991E-05
0.829185 9.9991E-05 0.170715
0.982064 9.9991E-05 0.0178357
0.84902 9.9991E-05 0.15088
0.791572 9.9991E-05 0.208328
9.9991E-05 0.395126 0.604774
9.9991E-05 0.687062 0.312838
9.9991E-05 0.585278 0.414622
0.173971 0.754998 0.071031
0.147167 0.852733 9.9991E-05
9.9991E-05 0.941884 0.0580158
0.0203555 0.700135 0.27951
9.9991E-05 0.546566 0.453334
9.9991E-05 0.122318 0.877582
0.08731 0.806052 0.106638
9.999E-05 0.9998 9.999E-05
9.999E-05 0.9998 9.999E-05
0.0508397 0.94906 9.9991E-05
