0.186753 0.411788 0.175063 9.9973E-05 9.9973E-05 0.189349 9.9973E-05 0.0367472
0.135362 0.0211883 0.288764 0.0574786 9.9982E-05 0.113242 9.9982E-05 0.383766
0.219813 0.125738 0.0607611 0.050438 9.9982E-05 0.364406 9.9982E-05 0.178644
0.590859 0.170376 0.174962 0.0301426 0.0333606 9.9973E-05 9.9973E-05 9.9973E-05
0.164113 0.212157 9.9955E-05 9.9955E-05 9.9955E-05 0.62323 9.9955E-05 9.9955E-05
0.533424 0.256961 0.103059 9.9964E-05 9.9964E-05 0.106156 9.9964E-05 9.9964E-05
9.996E-05 9.996E-05 0.0456076 0.0709277 0.779546 9.996E-05 9.996E-05 0.103519
9.999E-05 0.00601151 0.0415885 0.0994245 0.648846 0.145455 0.0324178 0.0261571
0.0770493 9.9946E-05 9.9946E-05 9.9946E-05 0.922351 9.9946E-05 9.9946E-05 9.9946E-05
9.9973E-05 0.00823681 0.00388003 0.0474907 0.904092 9.9973E-05 9.9973E-05 0.0360009
9.99549E-05 9.99549E-05 0.0329971 9.99549E-05 0.754023 9.99549E-05 9.99549E-05 0.21248
9.997E-05 0.0436382 9.997E-05 9.997E-05 0.448111 0.020012 0.0300899 0.457849
9.9964E-05 9.9964E-05 9.9964E-05 9.9964E-05 0.742226 0.03054 0.183337 0.0434976
9.99641E-05 0.00259114 9.99641E-05 9.99641E-05 0.877912 0.00096803 0.118129 9.99641E-05
9.9955E-05 9.9955E-05 9.9955E-05 0.131731 0.786852 9.9955E-05 9.9955E-05 0.0809171
9.99641E-05 9.99641E-05 0.0308325 0.0272739 0.716748 9.99641E-05 9.99641E-05 0.224746
9.9973E-05 0.47156 9.9973E-05 0.165707 9.9973E-05 0.334539 0.020603 0.00729111
0.0845561 0.117109 0.0178963 0.646425 0.0577982 0.0686264 0.0074893 9.9991E-05
0.112883 0.582852 9.9964E-05 0.243918 9.9964E-05 9.9964E-05 0.0599474 9.9964E-05
0.186101 0.351483 9.9973E-05 0.198552 9.9973E-05 0.16197 0.101594 9.9973E-05
0.0873867 0.111263 9.9973E-05 0.535915 9.9973E-05 0.255589 0.00954641 9.9973E-05
0.158978 0.383365 9.99549E-05 0.457158 9.99549E-05 9.99549E-05 9.99549E-05 9.99549E-05
9.9964E-05 0.523384 0.0787677 9.9964E-05 9.9964E-05 0.185284 9.9964E-05 0.212164
9.9964E-05 0.642704 0.0750859 9.9964E-05 9.9964E-05 0.275185 9.9964E-05 0.00662509
0.0785225 0.808203 9.99551E-05 9.99551E-05 9.99551E-05 0.112775 9.99551E-05 9.99551E-05
0.322884 0.474605 0.174984 9.9964E-05 9.9964E-05 0.0271263 9.9964E-05 9.9964E-05
9.996E-05 0.502165 9.996E-05 0.0208647 9.996E-05 0.398645 0.0779248 9.996E-05
0.107609 0.41521 9.997E-05 9.997E-05 0.0176042 0.402189 0.0570879 9.997E-05
9.9964E-05 9.9964E-05 0.184994 0.292196 0.0936304 0.42878 9.9964E-05 9.9964E-05
0.0706323 9.9973E-05 0.139603 0.332777 0.143044 0.313643 9.9973E-05 9.9973E-05
0.350047 9.9955E-05 9.9955E-05 0.270252 9.9955E-05 9.9955E-05 9.9955E-05 0.379201
0.322746 0.0121271 9.9982E-05 0.185518 9.9982E-05 0.296094 0.000395284 0.18292
0.410955 0.171358 9.9964E-05 0.260762 9.9964E-05 0.156525 9.9964E-05 9.9964E-05
0.0452765 0.814711 0.0888262 9.9964E-05 0.0507866 9.9964E-05 9.9964E-05 9.9964E-05
9.99549E-05 0.666596 0.0122706 9.99549E-05 9.99549E-05 9.99549E-05 9.99549E-05 0.320634
0.123515 0.472652 9.9973E-05 0.0988062 9.9973E-05 0.214404 9.9973E-05 0.0903233
0.15331 0.355858 9.9964E-05 9.9964E-05 9.9964E-05 9.9964E-05 0.215183 0.27525
9.997E-05 0.670949 9.997E-05 0.0355903 9.997E-05 0.153743 0.0762386 0.0631794
0.118883 0.507874 0.163689 0.132842 0.0569178 9.9982E-05 0.0195944 9.9982E-05
0.170252 0.623516 9.9973E-05 0.173664 9.9973E-05 0.0203585 0.0119089 9.9973E-05
0.331505 0.15733 0.510666 9.9955E-05 9.9955E-05 9.9955E-05 9.9955E-05 9.9955E-05
0.357992 0.154223 0.280407 9.9973E-05 9.9973E-05 0.0977761 0.109302 9.9973E-05
0.655644 0.0838035 9.9973E-05 0.114238 9.9973E-05 0.0215555 0.124459 9.9973E-05
0.0953825 0.138436 0.586913 9.9964E-05 9.9964E-05 9.9964E-05 0.178869 9.9964E-05
0.605602 0.169138 0.182284 0.00763734 0.035039 9.9973E-05 9.9973E-05 9.9973E-05
0.557124 0.342663 9.9955E-05 0.0997131 9.9955E-05 9.9955E-05 9.9955E-05 9.9955E-05
9.9955E-05 0.218377 9.9955E-05 0.740757 9.9955E-05 9.9955E-05 0.0403661 9.9955E-05
9.9955E-05 9.9955E-05 0.163963 0.702218 9.9955E-05 9.9955E-05 9.9955E-05 0.133319
9.995E-05 9.995E-05 0.139874 0.721 9.995E-05 9.995E-05 9.995E-05 0.138627
0.00132465 9.9955E-05 0.35936 0.638815 9.9955E-05 9.9955E-05 9.9955E-05 9.9955E-05
0.0742112 0.0887182 9.9973E-05 0.794039 0.026506 0.0162252 9.9973E-05 9.9973E-05
9.997E-05 0.368597 0.311591 0.247459 0.0449512 9.997E-05 0.0271013 9.997E-05
9.9964E-05 0.361722 9.9964E-05 0.503218 9.9964E-05 0.0615207 0.0731397 9.9964E-05
9.9964E-05 0.553493 0.271384 0.149261 9.9964E-05 9.9964E-05 0.025463 9.9964E-05
9.99639E-05 0.56717 0.267252 0.147496 0.0176819 9.99639E-05 9.99639E-05 9.99639E-05
0.16526 0.454599 9.9973E-05 0.101834 9.9973E-05 0.177063 0.100944 9.9973E-05
9.9973E-05 0.242829 0.103518 9.9973E-05 0.512277 9.9973E-05 0.126706 0.0143698
9.9973E-05 0.0673349 0.0635086 9.9973E-05 0.597352 0.0183193 0.253186 9.9973E-05
9.9955E-05 0.00377849 0.0768096 9.9955E-05 9.9955E-05 9.9955E-05 0.918912 9.9955E-05
9.9973E-05 9.9973E-05 0.102258 0.0585297 0.233036 9.9973E-05 0.519958 0.0859185
9.9964E-05 9.9964E-05 0.0281119 9.9964E-05 0.157208 9.9964E-05 0.594253 0.220027
0.00404109 9.9973E-05 0.0383008 0.13327 9.9973E-05 9.9973E-05 0.688656 0.135432
9.99549E-05 9.99549E-05 9.99549E-05 0.105872 0.088841 9.99549E-05 9.99549E-05 0.804787
9.99549E-05 0.0491693 9.99549E-05 9.99549E-05 9.99549E-05 9.99549E-05 0.249685 0.700646
0.0401717 9.9964E-05 9.9964E-05 9.9964E-05 0.689789 9.9964E-05 0.046706 0.222933
9.9955E-05 9.9955E-05 9.9955E-05 0.0405985 0.824702 9.9955E-05 0.1342 9.9955E-05
9.9964E-05 0.141749 9.9964E-05 9.9964E-05 0.504024 9.9964E-05 0.218674 0.135154
9.99551E-05 0.11348 9.99551E-05 9.99551E-05 0.433376 9.99551E-05 0.452644 9.99551E-05
9.9964E-05 0.0439255 9.9964E-05 9.9964E-05 0.256156 9.9964E-05 0.214916 0.484602
9.9964E-05 0.0818548 9.9964E-05 9.9964E-05 0.39463 9.9964E-05 0.337456 0.185659
9.997E-05 0.117805 9.997E-05 9.997E-05 0.170276 0.0402524 0.119721 0.551646
9.997E-05 0.136243 9.997E-05 9.997E-05 0.268403 0.0192731 0.453963 0.121818
9.997E-05 0.0157061 9.997E-05 9.997E-05 0.177141 0.0210744 0.178259 0.60752
9.997E-05 9.997E-05 9.997E-05 0.071363 0.0736801 0.0203842 0.707618 0.126654
9.9955E-05 0.156961 9.9955E-05 9.9955E-05 0.223322 9.9955E-05 0.619218 9.9955E-05
9.9955E-05 9.9955E-05 9.9955E-05 0.141318 9.9955E-05 9.9955E-05 0.761072 0.0971112
0.055123 9.9964E-05 9.9964E-05 9.9964E-05 0.0341927 9.9964E-05 0.630474 0.27981
0.0108072 9.9955E-05 9.9955E-05 9.9955E-05 9.9955E-05 0.0138172 0.974876 9.9955E-05
9.9973E-05 0.0131143 0.0240141 9.9973E-05 0.386572 9.9973E-05 0.524676 0.0513234
9.99639E-05 9.99639E-05 9.99639E-05 0.0806438 0.201896 9.99639E-05 0.255459 0.461602
0.121719 9.997E-05 9.997E-05 0.121813 0.0621589 9.997E-05 0.685253 0.00875603
0.051292 0.0571285 9.99731E-05 0.0539868 9.99731E-05 0.807257 0.0300356 9.99731E-05
9.9955E-05 9.9955E-05 0.782195 9.9955E-05 9.9955E-05 0.103755 0.11355 9.9955E-05
9.9955E-05 9.9955E-05 0.683783 9.9955E-05 9.9955E-05 0.222326 0.0933907 9.9955E-05
0.0694586 9.996E-05 9.996E-05 0.0852161 0.0871305 0.757795 9.996E-05 9.996E-05
0.0513247 9.997E-05 0.0690266 0.280638 0.0506257 0.548085 9.997E-05 9.997E-05
9.99551E-05 9.99551E-05 0.335805 0.34628 9.99551E-05 9.99551E-05 9.99551E-05 0.317415
0.638459 9.99551E-05 0.190949 9.99551E-05 9.99551E-05 9.99551E-05 9.99551E-05 0.170092
0.488356 9.997E-05 0.321074 0.0791967 0.0624591 9.997E-05 9.997E-05 0.0486137
0.497964 9.9973E-05 0.0505131 0.0362316 9.9973E-05 0.369089 9.9973E-05 0.0459023
0.234357 9.997E-05 0.322058 0.0187742 9.997E-05 0.298036 9.997E-05 0.126475
0.725821 9.9955E-05 9.9955E-05 9.9955E-05 9.9955E-05 0.206708 0.0669716 9.9955E-05
0.908611 0.0372041 9.9964E-05 9.9964E-05 9.9964E-05 0.0353712 0.0184139 9.9964E-05
0.542463 0.0828307 9.99639E-05 9.99639E-05 0.0119642 0.362342 9.99639E-05 9.99639E-05
0.673905 0.00581118 0.0680406 9.9982E-05 9.9982E-05 0.167441 0.010759 0.0738436
0.645783 9.99549E-05 9.99549E-05 0.2884 9.99549E-05 9.99549E-05 9.99549E-05 0.0653174
0.716256 0.047496 0.00893293 0.07995 0.0308012 0.116364 9.998E-05 9.998E-05
0.670193 9.9964E-05 9.9964E-05 9.9964E-05 0.0151236 0.257573 0.0567101 9.9964E-05
0.567327 0.0921805 9.997E-05 9.997E-05 9.997E-05 0.310036 0.00239842 0.027758
0.462452 0.084007 0.174253 9.998E-05 0.0279127 0.243969 9.998E-05 0.00720704
0.0848548 9.997E-05 0.412791 0.198998 0.0235176 0.279539 9.997E-05 9.997E-05
0.143572 9.9964E-05 0.353231 0.0394257 9.9964E-05 0.463371 9.9964E-05 9.9964E-05
9.9964E-05 0.0145444 0.494737 0.0451518 9.9964E-05 0.445166 9.9964E-05 9.9964E-05
9.996E-05 9.996E-05 0.571422 0.00435612 0.000628926 0.423193 9.996E-05 9.996E-05
9.9964E-05 9.9964E-05 9.9964E-05 0.184823 0.00336974 0.769794 9.9964E-05 0.0416134
9.9955E-05 0.0927144 9.9955E-05 0.0321608 9.9955E-05 0.874625 9.9955E-05 9.9955E-05
9.9955E-05 0.164092 9.9955E-05 0.109122 9.9955E-05 0.726286 9.9955E-05 9.9955E-05
9.99461E-05 9.99461E-05 9.99461E-05 0.105954 9.99461E-05 0.893447 9.99461E-05 9.99461E-05
0.0390745 9.9982E-05 9.9982E-05 0.0886411 0.0306457 0.831503 0.00741266 0.002523
0.205101 0.0356831 0.0288621 9.997E-05 9.997E-05 0.722452 9.997E-05 0.00760191
0.0400934 0.0918253 9.9964E-05 9.9964E-05 9.9964E-05 0.861021 0.00666042 9.9964E-05
9.9955E-05 0.0252569 0.097153 9.9955E-05 9.9955E-05 0.87709 9.9955E-05 9.9955E-05
0.287357 9.99639E-05 0.265356 0.11744 9.99639E-05 0.329447 9.99639E-05 9.99639E-05
0.132757 9.997E-05 0.270767 0.123487 9.997E-05 0.419689 0.0529991 9.997E-05
0.220847 0.0265798 0.113811 0.031211 9.9982E-05 0.571315 9.9982E-05 0.0360367
0.117342 0.015724 9.997E-05 0.0393918 9.997E-05 0.798879 9.997E-05 0.0283634
0.0602111 9.99641E-05 0.132981 0.0465188 9.99641E-05 0.75989 9.99641E-05 9.99641E-05
9.9964E-05 0.0341636 0.0953901 0.013262 9.9964E-05 0.856785 9.9964E-05 9.9964E-05
0.160324 9.9973E-05 0.0908631 0.0532395 9.9973E-05 0.680049 9.9973E-05 0.0152251
9.996E-05 0.0293798 0.505707 9.996E-05 9.996E-05 0.348942 9.996E-05 0.115572
0.0212856 9.9964E-05 0.569715 9.9964E-05 9.9964E-05 0.310952 9.9964E-05 0.0976472
9.9964E-05 9.9964E-05 0.349441 9.9964E-05 9.9964E-05 0.547556 0.0148957 0.0877073
0.104508 9.9955E-05 0.0442989 9.9955E-05 9.9955E-05 0.850694 9.9955E-05 9.9955E-05
0.156119 0.0398907 0.0956976 9.999E-05 0.0101705 0.618121 0.0609164 0.0189853
0.0900076 0.0586038 0.136572 9.998E-05 9.998E-05 0.687733 0.0197856 0.00709845
0.0141076 9.997E-05 0.0742153 0.0217677 9.997E-05 0.863326 9.997E-05 0.0262834
9.9964E-05 0.160722 9.9964E-05 9.9964E-05 0.193563 0.607957 0.0373579 9.9964E-05
9.9964E-05 9.9964E-05 9.9964E-05 9.9964E-05 0.0308737 0.617702 0.276359 0.0746653
9.9964E-05 9.9964E-05 0.161553 0.116574 9.9964E-05 0.710455 9.9964E-05 0.0110178
9.99549E-05 9.99549E-05 0.678991 0.0325786 9.99549E-05 0.28793 9.99549E-05 9.99549E-05
0.00388642 0.00346795 0.378166 9.9982E-05 0.0300391 0.502725 9.9982E-05 0.0815158
0.0633571 9.9964E-05 0.53527 9.9964E-05 9.9964E-05 0.389205 9.9964E-05 0.0117676
9.9955E-05 9.9955E-05 0.791748 0.0773131 9.9955E-05 0.130439 9.9955E-05 9.9955E-05
9.9955E-05 9.9955E-05 0.0985031 0.0803146 9.9955E-05 0.820682 9.9955E-05 9.9955E-05
0.102902 9.9964E-05 0.66074 9.9964E-05 0.000447529 0.235511 9.9964E-05 9.9964E-05
0.110598 9.9955E-05 0.251321 9.9955E-05 9.9955E-05 0.637581 9.9955E-05 9.9955E-05
0.0915577 0.0128748 0.325683 0.0851644 9.998E-05 0.478675 9.998E-05 0.00584482
9.9955E-05 9.9955E-05 0.324284 9.9955E-05 9.9955E-05 0.575697 9.9955E-05 0.0995196
9.9964E-05 9.9964E-05 0.0182851 0.0156472 9.9964E-05 9.9964E-05 0.235569 0.730099
9.9964E-05 9.9964E-05 9.9964E-05 9.9964E-05 0.242226 0.0252426 0.43777 0.294362
0.0199152 9.998E-05 0.0269558 0.073085 0.241882 9.998E-05 0.292222 0.34574
0.0261279 9.998E-05 0.104702 0.0480574 0.202656 9.998E-05 0.581589 0.0366672
9.997E-05 9.997E-05 0.0419703 9.997E-05 0.0316447 0.0657863 0.776257 0.0840418
9.9955E-05 9.9955E-05 9.9955E-05 9.9955E-05 0.150851 9.9955E-05 0.808915 0.0397338
9.9964E-05 9.9964E-05 0.0238625 9.9964E-05 0.252524 9.9964E-05 0.360944 0.36227
9.99549E-05 9.99549E-05 9.99549E-05 9.99549E-05 0.207794 9.99549E-05 0.237423 0.554283
9.994E-05 9.994E-05 9.994E-05 9.994E-05 9.994E-05 9.994E-05 9.994E-05 0.9993
9.9964E-05 9.9964E-05 9.9964E-05 9.9964E-05 0.194954 0.0691457 0.659629 0.0758719
9.99551E-05 0.0941169 9.99551E-05 9.99551E-05 0.0340337 9.99551E-05 0.87135 9.99551E-05
9.99461E-05 0.0942208 9.99461E-05 9.99461E-05 9.99461E-05 9.99461E-05 0.905179 9.99461E-05
9.99551E-05 9.99551E-05 9.99551E-05 9.99551E-05 0.08536 0.0471438 0.866996 9.99551E-05
