9.9982E-05 9.9982E-05 0.446627 0.101634 0.451539
0.0965395 9.9991E-05 0.377932 0.413033 0.112396
0.0146166 0.000383964 0.451271 0.149 0.384729
0.128857 0.0219162 0.368653 0.0356238 0.444951
9.9982E-05 0.0910976 0.666589 9.9982E-05 0.242113
0.0248807 0.00192683 0.421612 9.9991E-05 0.55148
9.9973E-05 0.127855 9.9973E-05 0.871845 9.9973E-05
0.00526258 0.291057 0.0948649 0.545266 0.0635494
9.9982E-05 0.388028 0.00676582 0.605007 9.9982E-05
0.00647943 0.345218 9.9991E-05 0.619314 0.0288887
9.9982E-05 0.191642 9.9982E-05 0.807175 0.000983468
9.999E-05 0.155789 0.014496 0.76563 0.0639856
9.9973E-05 0.528178 9.9973E-05 0.471522 9.9973E-05
9.9973E-05 0.526945 9.9973E-05 0.472755 9.9973E-05
0.0253064 0.32135 9.9982E-05 0.653143 9.9982E-05
9.9973E-05 0.209614 9.9973E-05 0.790086 9.9973E-05
0.191853 0.0414022 0.264269 9.9991E-05 0.502376
0.660392 0.113854 0.0494332 9.9991E-05 0.17622
0.243539 0.0940329 9.9982E-05 9.9982E-05 0.662228
0.127678 0.125756 0.149515 9.9991E-05 0.59695
0.49031 0.0716541 0.144434 9.9991E-05 0.293502
0.405443 0.0709664 9.9982E-05 9.9982E-05 0.523391
9.9982E-05 9.9982E-05 0.18802 0.289795 0.521985
9.9982E-05 9.9982E-05 0.242487 0.0579423 0.69937
9.9982E-05 9.9982E-05 0.0715419 0.0419904 0.886268
0.0435482 9.9982E-05 0.226857 9.9982E-05 0.729395
9.9982E-05 0.176518 0.311487 9.9982E-05 0.511795
9.9982E-05 0.114429 0.365277 9.9982E-05 0.520094
0.262828 0.0149304 0.549053 0.107858 0.0653297
0.470257 0.081276 0.341532 0.0368503 0.0700847
0.538254 9.9991E-05 0.0398295 0.193231 0.228586
0.252997 0.0790102 0.376646 0.0998885 0.191458
0.316056 9.9982E-05 0.287203 9.9982E-05 0.396542
9.9973E-05 9.9973E-05 9.9973E-05 0.100239 0.899461
9.9973E-05 9.9973E-05 9.9973E-05 0.339184 0.660516
0.108799 0.0314582 0.179898 0.0850677 0.594778
0.106842 0.247195 9.9991E-05 0.195981 0.449882
9.9991E-05 0.0739512 0.0778364 0.102472 0.745641
0.231401 9.9982E-05 9.9982E-05 0.0979612 0.670438
0.171298 0.0591086 9.9982E-05 9.9982E-05 0.769393
0.180449 9.9991E-05 0.321428 0.0505001 0.447524
0.0689045 0.0919855 0.455879 9.9991E-05 0.383131
0.174026 0.153377 0.26737 9.9991E-05 0.405126
9.9991E-05 0.0970634 0.51674 0.121995 0.264101
0.0173579 9.9991E-05 0.341095 0.0436785 0.597769
0.162882 0.00270976 0.13517 9.9991E-05 0.699138
0.595929 0.112415 9.9982E-05 9.9982E-05 0.291456
0.87491 0.0322751 0.0406584 0.0509645 0.00119189
0.960181 9.9973E-05 9.9973E-05 0.0395192 9.9973E-05
0.746093 9.9982E-05 0.217769 9.9982E-05 0.035938
0.747481 0.0733383 9.9982E-05 9.9982E-05 0.178981
0.1664 9.9991E-05 0.119954 0.217236 0.496311
0.474758 0.0989091 9.9982E-05 9.9982E-05 0.426133
0.187152 9.9991E-05 0.104312 0.0222463 0.68619
0.173554 9.9991E-05 0.0570317 0.119229 0.650084
0.0501438 0.123621 0.128702 9.9991E-05 0.697433
9.9991E-05 0.266938 0.011413 0.482236 0.239314
9.9982E-05 0.560798 9.9982E-05 0.277292 0.16171
9.9982E-05 0.897799 0.0729139 0.0290871 9.9982E-05
0.0658364 0.564687 9.9991E-05 0.331556 0.0378202
9.9973E-05 0.65791 9.9973E-05 0.341791 9.9973E-05
0.133301 0.628927 0.0038117 0.233861 9.9991E-05
0.113471 9.9973E-05 9.9973E-05 0.886229 9.9973E-05
0.00542485 0.163064 9.9991E-05 0.71716 0.114251
9.9973E-05 0.369576 9.9973E-05 0.630124 9.9973E-05
9.9973E-05 0.505079 9.9973E-05 0.494621 9.9973E-05
9.9982E-05 0.370868 9.9982E-05 0.458322 0.17061
9.99821E-05 0.72742 9.99821E-05 0.188743 0.0836363
9.9982E-05 0.275617 9.9982E-05 0.638658 0.0855255
9.9982E-05 0.466465 9.9982E-05 0.484818 0.048517
9.9982E-05 0.166178 9.9982E-05 0.710365 0.123257
9.9982E-05 0.566835 9.9982E-05 0.333001 0.099964
9.9982E-05 0.154633 9.9982E-05 0.841102 0.00406551
0.112907 0.729639 0.0145119 0.142842 9.9991E-05
9.9982E-05 0.7618 9.9982E-05 0.0914941 0.146505
0.130984 0.777135 9.9982E-05 0.0916813 9.9982E-05
0.0408771 0.664282 0.0195072 0.275233 9.9991E-05
0.0272737 0.951147 0.0213789 9.9982E-05 9.9982E-05
9.9973E-05 0.659357 9.9973E-05 0.340343 9.9973E-05
0.0355539 0.262478 9.9982E-05 0.701768 9.9982E-05
0.130122 0.771576 9.9982E-05 0.0981022 9.9982E-05
9.9982E-05 0.0878558 0.80814 9.9982E-05 0.103804
9.9982E-05 9.9982E-05 0.737945 0.23574 0.0261155
9.99731E-05 9.99731E-05 0.822033 0.177667 9.99731E-05
0.0542337 0.110358 0.81923 9.9991E-05 0.0160783
0.297153 0.0293236 0.673323 9.9982E-05 9.9982E-05
0.636748 9.99821E-05 0.210776 0.152276 9.99821E-05
0.176947 0.0267062 0.526474 0.17448 0.0953928
0.239646 9.9991E-05 0.497272 0.146597 0.116385
0.171468 0.102776 0.706929 9.9991E-05 0.0187265
0.206869 9.9982E-05 0.751089 0.0418419 9.9982E-05
9.9982E-05 0.201715 0.744947 9.9982E-05 0.0531382
9.9982E-05 0.114863 0.528439 9.9982E-05 0.356498
0.00260868 0.0677688 0.607255 9.9991E-05 0.322268
0.118184 0.0898295 0.581362 9.9991E-05 0.210525
0.56676 0.0633133 0.363176 9.9991E-05 0.00665088
0.210958 0.0444022 0.441487 9.9991E-05 0.303052
9.9982E-05 0.157277 0.693363 9.9982E-05 0.149161
9.9982E-05 0.136273 0.606845 9.9982E-05 0.256682
9.9982E-05 9.9982E-05 0.594008 0.0847799 0.321012
0.310714 9.9991E-05 0.609318 0.0115245 0.0683429
0.0764605 9.9982E-05 0.894705 9.9982E-05 0.0286343
0.156371 9.9982E-05 0.830705 9.9982E-05 0.0127248
0.0964787 9.9982E-05 0.85608 0.0472416 9.9982E-05
0.192586 0.0612349 0.745979 9.9982E-05 9.9982E-05
9.9982E-05 0.0531901 0.789132 9.9982E-05 0.157478
0.101701 0.0379397 0.628996 9.9991E-05 0.231264
0.0132301 0.085798 0.900772 9.9982E-05 9.9982E-05
0.0052887 0.115393 0.879118 9.9982E-05 9.9982E-05
9.9982E-05 0.0574419 0.913293 9.9982E-05 0.0290651
9.9982E-05 0.0438172 0.835791 9.9982E-05 0.120192
9.9982E-05 0.0201402 0.960511 9.9982E-05 0.0191485
0.179752 9.9982E-05 0.654996 9.9982E-05 0.165052
0.177408 0.0751204 0.747271 9.9982E-05 9.9982E-05
0.0589295 9.9991E-05 0.777889 0.0561238 0.106958
0.0847651 0.0330682 0.841116 9.9991E-05 0.0409508
0.0741454 0.0468715 0.878783 9.9982E-05 9.9982E-05
9.9982E-05 0.0505514 0.92609 9.9982E-05 0.023159
0.100732 0.0214369 0.877631 9.9982E-05 9.9982E-05
9.9982E-05 9.9982E-05 0.783269 0.203068 0.0134637
9.9973E-05 9.9973E-05 0.866816 0.132884 9.9973E-05
9.9973E-05 9.9973E-05 0.860027 0.139673 9.9973E-05
9.9982E-05 0.0336466 0.929853 9.9982E-05 0.0363004
9.9991E-05 0.133455 0.787045 0.017149 0.0622506
9.9982E-05 0.0821939 0.834834 9.9982E-05 0.0827726
9.9982E-05 0.0603497 0.923779 0.015671 9.9982E-05
9.9991E-05 0.267888 0.583316 0.0257113 0.122984
9.9982E-05 0.31713 0.578436 0.104233 9.9982E-05
0.111066 9.9982E-05 0.882949 0.0057852 9.9982E-05
0.112327 9.9982E-05 0.797901 0.0895723 9.9982E-05
9.9982E-05 9.9982E-05 0.812866 0.185965 0.000969224
9.9982E-05 9.9982E-05 0.856816 0.122777 0.0202066
0.203215 9.9982E-05 0.704356 0.0922292 9.9982E-05
0.125857 0.0220721 0.851871 9.9982E-05 9.9982E-05
0.0736261 9.9991E-05 0.823795 0.0821776 0.0203013
9.9991E-05 0.00367894 0.865567 0.0264102 0.104243
0.15367 9.9982E-05 0.754506 9.9982E-05 0.0916249
9.9973E-05 9.9973E-05 0.861955 0.137745 9.9973E-05
0.0754858 0.134801 0.0882686 0.701345 9.9991E-05
9.9982E-05 0.510749 0.0254097 0.463642 9.9982E-05
0.0743245 0.412435 9.9982E-05 0.51304 9.9982E-05
0.0931894 0.659709 0.0751305 0.171871 9.9991E-05
0.0273384 0.686319 0.103116 0.183127 9.9991E-05
9.9973E-05 0.803097 9.9973E-05 0.196603 9.9973E-05
9.9982E-05 0.442504 0.0134866 0.543809 9.9982E-05
9.9973E-05 0.275252 9.9973E-05 0.724448 9.9973E-05
9.997E-05 9.997E-05 9.997E-05 0.9996 9.997E-05
0.0254275 0.662087 0.0588339 0.253552 9.9991E-05
9.99731E-05 0.96168 9.99731E-05 9.99731E-05 0.0380197
0.00634655 0.911584 9.9982E-05 9.9982E-05 0.0818699
0.00807301 0.924628 0.013253 9.9991E-05 0.0539456
