0.7752 0.2247 9.9991E-05
0.462743 0.537157 9.9991E-05
0.723561 0.193313 0.0831257
0.766284 0.137555 0.0961617
0.921762 9.9991E-05 0.078138
0.913237 0.0146594 0.072104
9.9991E-05 0.607079 0.392821
0.172109 0.315905 0.511986
9.9991E-05 0.39288 0.60702
9.9991E-05 0.414253 0.585647
9.9991E-05 0.520933 0.478967
9.9991E-05 0.525718 0.474182
9.9991E-05 0.248412 0.751488
9.9991E-05 0.204274 0.795626
9.9991E-05 0.468832 0.531068
9.9991E-05 0.539528 0.460372
0.705382 0.17885 0.115768
0.399565 0.506825 0.0936101
0.541326 0.236743 0.221931
0.690436 0.0693912 0.240173
0.598213 0.319378 0.082409
0.532125 0.32984 0.138035
0.5759 0.299899 0.124201
0.758326 0.0799396 0.161735
0.729392 0.0280268 0.242581
0.790573 0.0960982 0.113328
0.709065 9.9991E-05 0.290835
0.758161 9.9991E-05 0.24174
0.688411 0.273648 0.037941
0.594025 0.295016 0.110958
0.349035 0.646964 0.00400106
0.607215 0.285241 0.107544
0.72694 0.27296 9.9991E-05
0.619457 0.206555 0.173988
0.361592 0.598196 0.0402115
0.637843 0.204554 0.157603
0.323605 0.315587 0.360808
0.605085 0.158945 0.23597
0.509639 0.323621 0.16674
0.64145 0.137385 0.221165
0.703683 0.296217 9.9991E-05
0.782833 0.0679453 0.149222
0.660449 0.122479 0.217072
0.726664 0.0853277 0.188008
0.780511 0.189756 0.0297327
0.684631 0.190954 0.124415
0.277916 0.541688 0.180396
0.321629 0.678271 9.9991E-05
0.221892 0.778008 9.9991E-05
0.473676 0.526224 9.9991E-05
0.393434 0.560384 0.0461817
0.53585 0.3353 0.12885
0.497088 0.322601 0.18031
0.655639 0.231928 0.112433
0.559528 0.312961 0.127511
0.742862 0.0132282 0.243909
0.123618 0.354433 0.521949
0.0988055 0.17381 0.727384
0.0557104 9.9991E-05 0.94419
0.030567 0.266239 0.703194
9.9991E-05 0.187878 0.812022
0.0556393 0.199396 0.744964
9.9991E-05 0.874245 0.125655
0.0538398 0.54498 0.40118
9.9991E-05 0.426212 0.573688
9.9991E-05 0.289474 0.710426
0.026658 0.324004 0.649338
9.9991E-05 0.0702442 0.929656
9.9991E-05 0.490874 0.509026
9.9991E-05 0.3167 0.6832
0.0352304 0.517535 0.447235
0.0605318 0.20892 0.730548
9.9991E-05 0.537267 0.462633
0.04402 0.106681 0.849299
0.0740661 0.0420432 0.883891
0.0115015 0.16167 0.826829
9.9991E-05 0.212935 0.786965
0.0153052 9.9991E-05 0.984595
9.9991E-05 0.169445 0.830455
9.9991E-05 0.538721 0.461179
0.0935555 0.087825 0.818619
0.936555 9.9991E-05 0.0633452
0.800133 0.199767 9.9991E-05
0.832887 0.129676 0.0374369
0.895952 0.00871265 0.0953358
0.812963 0.186937 9.9991E-05
0.262458 0.737442 9.9991E-05
0.634263 0.322503 0.0432347
0.632616 0.359655 0.00772858
0.860998 0.100108 0.0388938
0.77074 0.22916 9.9991E-05
0.804991 9.9991E-05 0.194909
0.843174 9.9991E-05 0.156726
0.88054 0.0124794 0.10698
0.845405 0.0499125 0.104682
0.568033 0.431167 0.000799761
0.815253 0.128496 0.0562508
0.844918 9.9991E-05 0.154982
0.876205 9.9991E-05 0.123695
0.839197 0.0962978 0.0645054
0.812697 0.187203 9.9991E-05
0.920104 0.0797963 9.9991E-05
0.9277 0.0722003 9.9991E-05
0.838918 0.160982 9.9991E-05
0.85547 0.118021 0.0265088
0.959693 9.9991E-05 0.0402069
0.951695 9.9991E-05 0.048205
0.9312 9.9991E-05 0.0687001
0.92493 9.9991E-05 0.0749695
0.983967 9.9991E-05 0.0159327
0.955798 9.9991E-05 0.0441021
0.9998 9.999E-05 9.999E-05
0.859207 0.140693 9.9991E-05
0.8976 0.0351139 0.0672866
0.883152 0.116748 9.9991E-05
0.90666 0.0383635 0.0549763
0.974169 0.000424784 0.0254059
0.977279 9.9991E-05 0.0226207
0.94433 0.0555703 9.9991E-05
0.767377 0.232523 9.9991E-05
0.781136 0.218764 9.9991E-05
0.895362 0.104538 9.9991E-05
0.9998 9.999E-05 9.999E-05
0.883881 9.9991E-05 0.116019
0.929098 9.9991E-05 0.0708015
0.947114 0.00363277 0.0492532
0.701819 9.9991E-05 0.298081
0.62059 9.9991E-05 0.37931
0.924367 0.0755334 9.9991E-05
0.79653 0.20337 9.9991E-05
0.853924 0.145976 9.9991E-05
0.873311 0.126589 9.9991E-05
0.707707 0.292193 9.9991E-05
0.984115 9.9991E-05 0.0157853
0.8586 0.1413 9.9991E-05
0.958594 0.0289175 0.012488
0.84761 0.15229 9.9991E-05
0.846058 0.153842 9.9991E-05
9.9991E-05 0.687395 0.312505
9.9991E-05 0.36312 0.63678
9.9991E-05 0.464114 0.535786
0.0817232 0.192135 0.726141
0.0848073 0.0820499 0.833143
0.00113708 0.0556883 0.943175
9.9991E-05 0.318911 0.680989
9.9991E-05 0.519423 0.480477
9.9991E-05 0.936072 0.0638276
0.11016 0.0893354 0.800504
9.999E-05 9.999E-05 0.9998
9.999E-05 9.999E-05 0.9998
0.0116011 9.9991E-05 0.988299
