9.9991E-05 0.0500183 0.470242 0.0127527 0.14538 0.321507
9.999E-05 0.237249 0.120339 0.15249 0.357448 0.132374
9.999E-05 0.0344439 0.353666 0.143362 0.0307071 0.437721
9.9982E-05 9.9982E-05 0.390347 0.20619 0.0120848 0.391178
9.9964E-05 9.9964E-05 0.226949 9.9964E-05 9.9964E-05 0.772652
9.9973E-05 9.9973E-05 0.482433 0.0889545 9.9973E-05 0.428313
9.9973E-05 0.933275 9.9973E-05 0.0271534 0.0392718 9.9973E-05
0.177512 0.571532 0.0407744 0.0184991 0.125452 0.06623
0.226142 0.728242 9.9973E-05 9.9973E-05 0.045316 9.9973E-05
0.212554 0.735684 0.0445328 0.00702947 9.9982E-05 9.9982E-05
0.0635286 0.885102 9.9973E-05 9.9973E-05 0.0510691 9.9973E-05
0.025362 0.910316 9.9973E-05 9.9973E-05 9.9973E-05 0.0640221
0.377507 0.616764 9.9973E-05 9.9973E-05 9.9973E-05 0.00542911
0.399248 0.552781 0.047671 9.9973E-05 9.9973E-05 9.9973E-05
0.143097 0.808419 9.9982E-05 0.0167041 0.0315796 9.9982E-05
0.0715925 0.859195 9.99731E-05 9.99731E-05 0.0689124 9.99731E-05
0.0145206 9.9991E-05 0.487863 0.16198 0.0170241 0.318512
0.0968572 9.9982E-05 0.179543 0.663511 9.9982E-05 0.0598889
0.0400496 9.9982E-05 0.742146 0.207883 0.00972163 9.9982E-05
0.110559 9.9982E-05 0.53814 0.0935932 9.9982E-05 0.257508
0.0297528 9.9982E-05 0.230269 0.467447 9.9982E-05 0.272331
0.0546876 9.9973E-05 0.548112 0.3969 9.9973E-05 9.9973E-05
9.9982E-05 0.21118 0.489472 9.9982E-05 0.220166 0.0789818
0.0124921 9.9982E-05 0.626812 9.9982E-05 0.243865 0.116631
9.9982E-05 0.0349228 0.840031 9.9982E-05 0.0782021 0.0466442
9.9973E-05 9.9973E-05 0.714744 9.9973E-05 0.130277 0.154679
0.15142 9.9982E-05 0.474529 0.0411882 9.9982E-05 0.332663
0.0964453 9.9973E-05 0.441409 9.9973E-05 9.9973E-05 0.461846
0.0360944 0.0214985 0.0261566 0.305656 0.24964 0.360954
0.056896 0.0327913 0.106439 0.483698 0.0310309 0.289144
9.9982E-05 0.113447 0.191576 0.600105 9.9982E-05 0.0946719
9.9982E-05 0.129387 0.117658 0.29965 9.9982E-05 0.453104
9.9973E-05 9.9973E-05 0.305348 0.319196 9.9973E-05 0.375156
9.9973E-05 0.0690913 0.863853 9.9973E-05 0.0667555 9.9973E-05
9.9973E-05 0.239881 0.645043 9.9973E-05 0.114776 9.9973E-05
9.9982E-05 0.131977 0.542431 0.101285 9.9982E-05 0.224107
0.217925 0.132903 0.448954 0.200018 9.9982E-05 9.9982E-05
0.00468895 0.155656 0.680999 9.9982E-05 9.9982E-05 0.158456
0.0272512 0.048625 0.586533 0.178055 0.159436 9.9991E-05
0.0658476 9.9982E-05 0.683129 0.142054 9.9982E-05 0.108769
9.9973E-05 9.9973E-05 0.384411 0.114896 0.500393 9.9973E-05
0.0707932 9.9991E-05 0.304753 0.0862027 0.147574 0.390577
0.117213 9.9982E-05 0.324547 0.204765 9.9982E-05 0.353275
0.178672 9.9982E-05 0.231004 9.9982E-05 0.509791 0.0803318
9.9982E-05 9.9982E-05 0.527524 0.107102 0.0847401 0.280434
9.9973E-05 9.9973E-05 0.59029 0.206603 9.9973E-05 0.202807
0.127983 9.9973E-05 0.245723 0.625994 9.9973E-05 9.9973E-05
0.0121265 0.0322435 9.9982E-05 0.800072 0.155358 9.9982E-05
9.9964E-05 9.9964E-05 9.9964E-05 0.882612 0.116988 9.9964E-05
9.9973E-05 9.9973E-05 0.0152948 0.65769 0.326715 9.9973E-05
0.0396941 9.9982E-05 0.222831 0.723605 9.9982E-05 0.0136694
0.062153 0.0333013 0.43156 0.167983 0.304903 9.9991E-05
0.100869 9.99735E-05 0.446945 0.451886 9.99735E-05 9.99735E-05
0.0595118 9.9982E-05 0.580178 0.0639714 0.296138 9.9982E-05
0.0501037 9.9982E-05 0.582148 0.0782322 0.289316 9.9982E-05
0.0983946 9.9982E-05 0.630893 0.0866201 9.9982E-05 0.183892
0.24459 0.438598 0.233814 9.9982E-05 0.082798 9.9982E-05
0.478687 0.388746 0.120738 9.9982E-05 0.0116288 9.9982E-05
0.919515 9.9973E-05 0.00124094 9.9973E-05 0.0789444 9.9973E-05
0.536013 0.282456 9.9982E-05 0.0582908 0.123041 9.9982E-05
0.57401 0.392482 9.9973E-05 9.9973E-05 0.0332078 9.9973E-05
0.666224 0.145092 9.9982E-05 0.172319 0.0161644 9.9982E-05
9.9973E-05 0.76879 9.9973E-05 0.190429 0.0404812 9.9973E-05
0.0667234 0.748648 0.0628974 0.0285724 9.9991E-05 0.0930592
0.123801 0.812955 9.9973E-05 9.9973E-05 9.9973E-05 0.0629437
0.380272 0.619328 9.9964E-05 9.9964E-05 9.9964E-05 9.9964E-05
0.265878 0.574694 0.113852 9.9982E-05 9.9982E-05 0.0453768
0.652007 0.235632 0.112062 9.99731E-05 9.99731E-05 9.99731E-05
0.166423 0.702688 0.112907 9.9982E-05 0.017782 9.9982E-05
0.393879 0.554751 0.0510709 9.9973E-05 9.9973E-05 9.9973E-05
9.9973E-05 0.80375 0.106047 9.9973E-05 9.9973E-05 0.089903
0.437337 0.460516 0.099618 9.9982E-05 9.9982E-05 0.0023293
0.0396633 0.861088 9.9973E-05 9.9973E-05 9.9973E-05 0.0989484
0.662513 0.240946 9.9982E-05 0.0544747 9.9982E-05 0.0418662
0.700977 0.11752 0.16836 0.0129439 9.9982E-05 9.9982E-05
0.722329 0.133001 9.9973E-05 0.14437 9.9973E-05 9.9973E-05
0.577257 0.305131 9.9982E-05 0.0590844 9.9982E-05 0.0583271
0.950328 9.9964E-05 9.9964E-05 9.9964E-05 9.9964E-05 0.0492717
0.644677 0.324981 9.9973E-05 9.9973E-05 0.0300426 9.9973E-05
0.149596 0.763674 9.9973E-05 0.08643 9.9973E-05 9.9973E-05
0.70547 0.107344 9.9973E-05 0.186887 9.9973E-05 9.9973E-05
0.0253801 9.9991E-05 0.0924403 0.020541 0.0427296 0.818809
0.114929 9.9973E-05 9.9973E-05 9.9973E-05 0.858968 0.0258033
0.103815 9.9973E-05 9.9973E-05 9.9973E-05 0.747144 0.148742
0.0204753 0.0415854 9.9982E-05 0.108062 9.9982E-05 0.829678
9.9973E-05 9.9973E-05 9.9973E-05 0.318813 0.0962756 0.584612
9.99641E-05 9.99641E-05 9.99641E-05 0.690894 0.308707 9.99641E-05
9.9982E-05 0.142771 9.9982E-05 0.223495 0.180132 0.453401
9.9991E-05 0.112832 0.108179 0.202619 0.25286 0.32341
0.00454604 9.9982E-05 9.9982E-05 0.197271 0.028258 0.769725
9.9973E-05 9.9973E-05 9.9973E-05 0.218939 0.293589 0.487173
0.0726964 0.0362609 0.0467445 0.00363071 9.9991E-05 0.840567
0.0335425 9.9973E-05 0.314032 9.9973E-05 9.9973E-05 0.652126
9.9982E-05 0.0101984 0.269382 0.0279871 9.9982E-05 0.692233
0.0278362 0.0275824 0.226214 0.119218 9.9991E-05 0.599049
9.9973E-05 0.023516 9.9973E-05 0.573191 9.9973E-05 0.402993
9.9973E-05 9.9973E-05 0.247554 0.247256 9.9973E-05 0.504891
0.0705975 0.0177408 0.134942 9.9982E-05 9.9982E-05 0.77652
0.0472422 0.00889058 0.212647 9.9982E-05 9.9982E-05 0.73102
9.9982E-05 0.0481769 0.243728 9.9982E-05 0.154885 0.55301
9.9982E-05 9.9982E-05 0.018978 0.262038 0.3669 0.351884
9.9982E-05 9.9982E-05 0.0196544 0.0424876 0.459734 0.477924
9.9982E-05 9.9982E-05 0.0158072 0.04034 0.554686 0.388966
9.9973E-05 9.9973E-05 0.00914161 9.9973E-05 0.593737 0.396822
9.9973E-05 9.9973E-05 9.9973E-05 0.231275 0.0462712 0.722154
9.9973E-05 9.9973E-05 0.0564187 0.0547066 9.9973E-05 0.888575
9.9982E-05 9.9982E-05 0.196223 0.106592 0.072749 0.624236
9.9973E-05 0.00687041 9.9973E-05 0.0880054 9.9973E-05 0.904824
0.00616627 0.0146176 9.9991E-05 0.0770054 0.0157379 0.886373
9.9991E-05 0.00158006 0.0380608 0.0172073 0.12368 0.819371
0.0067856 9.9982E-05 0.0719899 9.9982E-05 0.0807754 0.840249
9.9964E-05 9.9964E-05 9.9964E-05 9.9964E-05 0.15166 0.847941
9.9982E-05 9.9982E-05 0.169255 0.182611 0.191682 0.456251
0.0625123 9.9982E-05 9.9982E-05 0.113164 0.32848 0.495644
9.9991E-05 0.00291841 0.0348297 0.150472 0.130815 0.680864
9.9982E-05 9.9982E-05 0.0190867 0.0847388 0.114986 0.780988
0.000986341 9.9982E-05 9.9982E-05 0.0620565 0.205711 0.731047
0.0109189 9.9973E-05 9.9973E-05 9.9973E-05 0.25011 0.738672
9.9973E-05 9.9973E-05 9.9973E-05 0.091284 0.117 0.791416
9.9982E-05 0.0443785 0.0250353 9.9982E-05 0.731573 0.198813
9.9973E-05 0.0136457 9.9973E-05 9.9973E-05 0.663694 0.322361
0.0256632 9.9982E-05 9.9982E-05 0.0105656 0.394744 0.568827
9.9964E-05 9.9964E-05 9.9964E-05 9.9964E-05 0.0859901 0.91361
0.0385844 0.02306 0.114966 0.0191248 0.0514418 0.752823
0.0138256 9.9982E-05 0.0789998 9.9982E-05 0.0915872 0.815387
9.9982E-05 0.0376846 9.9982E-05 0.0250257 0.0973228 0.839767
0.211288 0.067415 0.0423679 9.9991E-05 0.0917191 0.58711
0.271513 0.113759 9.9982E-05 9.9982E-05 0.0629086 0.551619
9.9973E-05 9.9973E-05 9.9973E-05 0.120823 0.238232 0.640645
9.9973E-05 9.9973E-05 9.9973E-05 0.0679065 0.629607 0.302186
9.9973E-05 0.0759781 9.9973E-05 9.9973E-05 0.475472 0.44825
9.9973E-05 0.0209404 9.9973E-05 9.9973E-05 0.584563 0.394196
9.9973E-05 9.9973E-05 0.000758975 0.118157 0.880784 9.9973E-05
9.9973E-05 9.9973E-05 9.9973E-05 0.0795693 0.156709 0.763422
9.9991E-05 0.0177259 0.0248048 0.0550553 0.651159 0.251155
9.9973E-05 9.9973E-05 0.0116181 9.9973E-05 0.308349 0.679733
9.9982E-05 9.9982E-05 0.0614292 0.16475 0.296692 0.476929
9.9982E-05 0.0258277 9.9982E-05 0.0213044 0.461841 0.490827
0.0703102 0.705517 9.9982E-05 0.0352839 0.188689 9.9982E-05
0.434987 0.506643 9.9982E-05 9.9982E-05 0.04059 0.0175798
0.236411 0.621163 9.9973E-05 0.142126 9.9973E-05 9.9973E-05
0.639389 0.143642 9.9982E-05 0.0858105 0.130959 9.9982E-05
0.687579 0.147596 9.9982E-05 0.0488725 9.9982E-05 0.115753
0.812371 0.180432 9.9982E-05 0.00676041 0.000236712 9.9982E-05
0.313295 0.60978 9.9973E-05 9.9973E-05 0.0766251 9.9973E-05
0.10554 0.859143 9.9973E-05 9.9973E-05 9.9973E-05 0.0350167
9.99731E-05 0.732305 9.99731E-05 0.085721 0.181674 9.99731E-05
0.676606 0.213324 9.9991E-05 0.0255104 0.00720891 0.0772506
0.922196 9.99641E-05 0.0774045 9.99641E-05 9.99641E-05 9.99641E-05
0.961192 9.9973E-05 0.00527998 9.9973E-05 0.0332276 9.9973E-05
0.931717 9.9973E-05 0.012555 9.9973E-05 9.9973E-05 0.0554281
