0.481898 0.413048 0.072918 0.0320364 9.9991E-05
0.110545 0.400449 0.351997 0.136909 9.9991E-05
0.31427 0.444402 0.111419 0.129809 9.9991E-05
0.421955 0.373889 9.9991E-05 0.171365 0.0326907
0.254352 0.68146 9.9982E-05 9.9982E-05 0.0639877
0.525893 0.36538 9.9991E-05 0.0791627 0.0294642
9.9982E-05 9.9982E-05 0.926548 0.0638063 0.00944551
0.0447006 0.134089 0.62239 9.9991E-05 0.198721
0.000540795 0.0225565 0.721951 9.9991E-05 0.254852
0.0319428 9.9982E-05 0.683641 9.9982E-05 0.284216
9.9973E-05 9.9973E-05 0.886404 9.9973E-05 0.113296
0.0106128 0.0258313 0.866753 9.9991E-05 0.096703
9.9973E-05 9.9973E-05 0.537704 9.9973E-05 0.461996
0.0225437 9.9982E-05 0.503874 9.9982E-05 0.473382
0.00217153 9.9991E-05 0.729018 0.0404958 0.228215
9.99731E-05 9.99731E-05 0.884324 9.99731E-05 0.115376
0.555154 0.265161 0.0147874 0.156276 0.00862116
0.250908 0.00103218 9.9991E-05 0.628846 0.119114
0.746966 9.9991E-05 0.0139495 0.182111 0.0568739
0.704745 0.0596641 9.9991E-05 0.118703 0.116787
0.366932 0.136749 9.9991E-05 0.413194 0.0830255
0.589734 9.9982E-05 9.9982E-05 0.309237 0.100829
0.571349 0.175919 0.252533 9.9982E-05 9.9982E-05
0.695147 0.230519 0.0741342 9.9982E-05 9.9982E-05
0.941894 0.0244241 0.0334821 9.9982E-05 9.9982E-05
0.811768 0.171335 9.9982E-05 0.0166971 9.9982E-05
0.545427 0.295465 9.9982E-05 9.9982E-05 0.158908
0.501612 0.373735 9.9982E-05 9.9982E-05 0.124453
0.067468 0.526034 9.9991E-05 0.351084 0.0553148
0.158003 0.340818 9.9991E-05 0.420017 0.0810618
0.281193 0.00709898 0.131057 0.580551 9.9991E-05
0.295372 0.319551 0.13106 0.228767 0.0252503
0.453789 0.262926 9.9982E-05 0.283085 9.9982E-05
0.836169 9.9973E-05 0.163531 9.9973E-05 9.9973E-05
0.654311 9.9982E-05 0.337486 0.0080023 9.9982E-05
0.645503 0.117989 0.0936367 0.114205 0.0286661
0.453889 9.9991E-05 0.231547 0.0983266 0.216137
0.714104 0.115288 0.105026 9.9991E-05 0.0654821
0.660022 9.9991E-05 0.0647083 0.250404 0.024766
0.781564 9.9982E-05 9.9982E-05 0.144196 0.0740402
0.462861 0.332004 9.9982E-05 0.204935 9.9982E-05
0.373045 0.430806 9.9991E-05 0.0966959 0.0993531
0.413784 0.259465 9.9991E-05 0.163386 0.163265
0.327083 0.459615 0.1128 9.9991E-05 0.100402
0.659704 0.334263 0.00583262 9.9982E-05 9.9982E-05
0.720642 0.0849504 9.9991E-05 0.162364 0.0319438
0.335373 9.9982E-05 9.9982E-05 0.561717 0.10271
0.0416174 0.0382774 0.0143405 0.83418 0.0715851
9.9973E-05 9.9973E-05 0.00535444 0.994346 9.9973E-05
0.073034 0.183529 9.9982E-05 0.743238 9.9982E-05
0.218107 9.9982E-05 9.9982E-05 0.679675 0.102019
0.546191 0.138206 0.170313 0.145191 9.9991E-05
0.522167 9.9982E-05 9.9982E-05 0.36395 0.113684
0.761349 0.00858897 0.00718229 0.201844 0.0210355
0.691997 0.036002 0.0608422 0.211059 9.9991E-05
0.765153 0.129594 9.9991E-05 0.013226 0.091927
0.233927 9.9982E-05 0.481248 9.9982E-05 0.284626
0.0808795 0.00225814 0.347664 9.9991E-05 0.569098
0.0065891 0.0660888 0.0609824 9.9991E-05 0.86624
0.0799803 9.9991E-05 0.363536 0.051106 0.505278
9.9973E-05 9.9973E-05 0.392088 9.9973E-05 0.607612
0.0107446 0.00315724 0.200218 0.131851 0.654029
9.9973E-05 9.9973E-05 0.786393 0.213307 9.9973E-05
0.114445 0.0331135 0.74568 9.9991E-05 0.106662
9.9982E-05 0.00879681 0.702999 9.9982E-05 0.288004
9.9973E-05 9.9973E-05 0.581887 9.9973E-05 0.417813
0.158546 9.9982E-05 0.508836 9.9982E-05 0.332419
0.0709508 9.99821E-05 0.281147 9.99821E-05 0.647702
0.0866606 9.9982E-05 0.779997 9.9982E-05 0.133143
0.0706264 9.9982E-05 0.511566 9.9982E-05 0.417608
0.110936 0.00149422 0.815257 9.9991E-05 0.0722125
0.0702281 0.0186499 0.38784 9.9991E-05 0.523182
9.9982E-05 0.0494798 0.881003 9.9982E-05 0.0693168
9.9982E-05 9.9982E-05 0.199846 0.111082 0.688873
0.185338 9.9982E-05 0.135308 9.9982E-05 0.679154
9.9982E-05 9.9982E-05 0.105219 0.144428 0.750152
0.017424 0.0204698 0.372307 0.00288202 0.586917
9.9973E-05 0.0217823 9.9973E-05 9.9973E-05 0.977918
9.9973E-05 9.9973E-05 0.351717 9.9973E-05 0.647983
9.9982E-05 9.9982E-05 0.741883 0.0549708 0.202946
9.9982E-05 9.9982E-05 0.0915031 0.159985 0.748312
0.11912 0.809243 9.9982E-05 9.9982E-05 0.0714373
0.0445428 0.726255 0.211795 0.0173066 9.9991E-05
9.99731E-05 0.813742 0.185958 9.99731E-05 9.99731E-05
0.0296656 0.811953 9.9991E-05 0.0523133 0.105968
9.9982E-05 0.680832 9.9982E-05 0.28315 0.0358179
9.99821E-05 0.155198 0.0454113 0.799191 9.99821E-05
0.0546864 0.535363 0.105099 0.25304 0.0518121
0.111723 0.532247 0.152912 0.203017 9.9991E-05
0.0234902 0.752957 9.9991E-05 0.149368 0.0740853
9.9982E-05 0.700033 0.011114 0.288653 9.9982E-05
0.0937428 0.716161 9.9982E-05 9.9982E-05 0.189896
0.410218 0.486118 9.9982E-05 9.9982E-05 0.103464
0.34758 0.596718 9.9982E-05 9.9982E-05 0.0555025
0.238672 0.55427 9.9991E-05 0.0931586 0.113799
0.0947496 0.361843 9.9991E-05 0.495979 0.0473275
0.377673 0.435647 9.9991E-05 0.156152 0.0304286
0.1613 0.688339 9.9982E-05 9.9982E-05 0.150161
0.296973 0.570619 9.9982E-05 9.9982E-05 0.132209
0.298597 0.622771 0.0784319 9.9982E-05 9.9982E-05
0.0670252 0.641963 9.9982E-05 0.290812 9.9982E-05
0.0184753 0.901874 9.9982E-05 0.079451 9.9982E-05
0.0184691 0.83293 9.9982E-05 0.148401 9.9982E-05
0.0047798 0.856394 0.0574549 0.0812716 9.9991E-05
9.9982E-05 0.787634 9.9982E-05 0.165652 0.0465145
0.10629 0.839261 9.9982E-05 9.9982E-05 0.0542498
0.216778 0.683774 9.9991E-05 0.0476789 0.0516695
9.9982E-05 0.868172 9.9982E-05 0.00304993 0.128578
9.9982E-05 0.850572 9.9982E-05 0.0484767 0.100751
0.0463347 0.910745 9.9982E-05 9.9982E-05 0.0427199
0.101581 0.849649 9.9982E-05 9.9982E-05 0.0485705
0.0357053 0.956723 9.9982E-05 9.9982E-05 0.00737143
0.179419 0.654198 9.9982E-05 0.166183 9.9982E-05
0.00539434 0.792879 9.9991E-05 0.129178 0.0724485
0.129239 0.783187 0.0267115 0.0607621 9.9991E-05
0.100958 0.822514 9.9991E-05 0.0310212 0.0454071
0.0125081 0.848237 9.9991E-05 0.106698 0.0324574
9.9973E-05 0.960767 9.9973E-05 9.9973E-05 0.0389333
9.9982E-05 0.876701 9.9982E-05 0.0954943 0.0276045
0.0222928 0.759342 0.218165 9.9982E-05 9.9982E-05
9.9982E-05 0.83885 0.0952821 0.0656675 9.9982E-05
0.00205293 0.892926 0.104821 9.9982E-05 9.9982E-05
0.00598624 0.978763 9.9982E-05 9.9982E-05 0.015051
0.0613109 0.801267 9.9982E-05 9.9982E-05 0.137222
0.0808877 0.833629 0.0283669 9.9991E-05 0.0570161
9.9982E-05 0.941485 9.9982E-05 0.00107676 0.0572378
0.123121 0.602889 0.037818 9.9991E-05 0.236073
9.9982E-05 0.614314 0.0504639 9.9982E-05 0.335022
9.9973E-05 0.898342 9.9973E-05 0.101359 9.9973E-05
9.9982E-05 0.828729 0.0191626 0.151909 9.9982E-05
9.9973E-05 0.861899 0.137801 9.9973E-05 9.9973E-05
9.9973E-05 0.924344 0.0753566 9.9973E-05 9.9973E-05
9.9982E-05 0.719198 0.00745889 0.273143 9.9982E-05
9.9982E-05 0.892057 9.9982E-05 0.0509526 0.0567907
9.9982E-05 0.847341 0.077274 0.0751854 9.9982E-05
0.00852922 0.94264 0.0486307 9.9982E-05 9.9982E-05
0.048434 0.759519 9.9982E-05 0.191847 9.9982E-05
9.9982E-05 0.871787 0.0629759 0.065037 9.9982E-05
9.9991E-05 0.0566758 0.732348 0.166817 0.0440593
9.9982E-05 0.00102024 0.55958 9.9982E-05 0.4392
9.9982E-05 9.9982E-05 0.580895 0.0958137 0.323091
9.9991E-05 0.0863854 0.21106 0.071199 0.631255
9.9991E-05 0.0937056 0.129323 0.0472764 0.729595
9.9982E-05 9.9982E-05 0.198208 0.00547495 0.796117
0.0218047 9.9982E-05 0.641329 9.9982E-05 0.336666
9.9982E-05 0.0114381 0.806089 9.9982E-05 0.182272
9.99731E-05 9.99731E-05 0.813782 0.185918 9.99731E-05
9.9982E-05 0.0727033 0.286974 9.9982E-05 0.640123
0.062828 9.99731E-05 9.99731E-05 9.99731E-05 0.936872
0.0394229 9.9973E-05 9.9973E-05 9.9973E-05 0.960277
0.0434848 0.00615393 0.00687803 0.00765518 0.935828
