0.343306 9.9973E-05 0.393521 0.0830135 9.9973E-05 0.17986 9.9973E-05
0.100588 0.217332 0.0798442 0.201842 0.0383763 0.361917 9.9991E-05
0.386039 0.145238 0.270233 0.0984477 9.9982E-05 0.0998423 9.9982E-05
0.393409 9.9982E-05 0.30493 0.169898 9.9982E-05 0.0979927 0.0335695
0.794686 9.9964E-05 0.166704 9.9964E-05 9.9964E-05 9.9964E-05 0.0382094
0.447791 9.9973E-05 0.434522 0.0962992 9.9973E-05 0.0210882 9.9973E-05
9.9973E-05 0.105116 9.9973E-05 0.128052 0.743534 0.0229984 9.9973E-05
0.0583133 0.0439731 0.0385262 0.0201097 0.666786 0.117004 0.0552879
0.0240202 0.0242356 9.9982E-05 0.00306935 0.932721 0.0157541 9.9982E-05
9.9973E-05 0.0295817 0.047199 0.017391 0.905528 9.9973E-05 9.9973E-05
9.9973E-05 0.145674 9.9973E-05 0.0120301 0.772641 0.0693557 9.9973E-05
0.0126418 0.470141 0.0266653 9.9982E-05 0.488425 9.9982E-05 0.00192652
0.0211008 0.0429021 9.9973E-05 9.9973E-05 0.756343 9.9973E-05 0.179355
9.99551E-05 9.99551E-05 9.99551E-05 9.99551E-05 0.930092 9.99551E-05 0.0694086
9.9964E-05 9.9964E-05 9.9964E-05 0.0988102 0.892406 0.00838363 9.9964E-05
9.99641E-05 0.178098 9.99641E-05 9.99641E-05 0.75996 0.0615422 9.99641E-05
0.337501 0.0276581 0.428132 0.201084 9.9991E-05 0.00540732 0.000117696
0.0358641 9.9973E-05 0.179249 0.668721 9.9973E-05 9.9973E-05 0.115867
0.0315279 0.0540753 0.663147 0.175914 9.9982E-05 9.9982E-05 0.0751354
0.261535 9.9973E-05 0.481489 0.161851 9.9973E-05 9.9973E-05 0.0948247
0.229187 9.9973E-05 0.254483 0.482601 0.0334289 9.9973E-05 9.9973E-05
9.99639E-05 9.99639E-05 0.500405 0.452739 9.99639E-05 9.99639E-05 0.0464571
0.0525139 0.223395 0.525872 9.9973E-05 9.9973E-05 0.19792 9.9973E-05
0.114638 0.0384374 0.616316 9.9982E-05 9.9982E-05 0.228634 0.00177527
0.0716881 9.99641E-05 0.89067 9.99641E-05 9.99641E-05 0.0372424 9.99641E-05
0.16878 9.9973E-05 0.653324 0.038839 9.9973E-05 0.138757 9.9973E-05
0.365422 9.9973E-05 0.531394 0.0050796 9.9973E-05 9.9973E-05 0.0978042
0.431322 9.9973E-05 0.497103 9.9973E-05 0.0557349 9.9973E-05 0.0155405
0.359064 9.9982E-05 0.0328171 0.288615 0.0991913 0.220113 9.9982E-05
0.303189 9.9982E-05 0.0368809 0.425053 0.157989 0.0766888 9.9982E-05
0.0643602 0.291151 0.159433 0.484756 9.9973E-05 9.9973E-05 9.9973E-05
0.4691 0.10834 0.0947722 0.293643 9.9982E-05 9.9982E-05 0.0339441
0.389795 9.9964E-05 0.28516 0.324645 9.9964E-05 9.9964E-05 9.9964E-05
9.9973E-05 0.012882 0.84058 9.9973E-05 0.0276323 0.118605 9.9973E-05
9.9964E-05 0.338289 0.613859 9.9964E-05 9.9964E-05 0.0474521 9.9964E-05
0.228973 0.0602212 0.552708 0.157797 9.9973E-05 9.9973E-05 9.9973E-05
9.9973E-05 0.293378 0.415402 0.0986822 9.9973E-05 9.9973E-05 0.192238
0.156825 0.136227 0.676465 9.9973E-05 9.9973E-05 9.9973E-05 0.0301839
9.9982E-05 0.0383185 0.538966 0.185005 9.9982E-05 0.148709 0.0888018
0.077853 9.9982E-05 0.716857 0.161059 0.0123688 9.9982E-05 0.0316622
9.9964E-05 9.9964E-05 0.3749 0.0840848 9.9964E-05 0.540615 9.9964E-05
0.38561 9.9982E-05 0.311556 0.0378117 9.9982E-05 0.166563 0.0982593
0.364308 9.9973E-05 0.334321 0.162599 9.9973E-05 9.9973E-05 0.138472
0.0188529 9.9973E-05 0.298768 9.9973E-05 9.9973E-05 0.540238 0.141841
0.268857 9.9982E-05 0.514079 0.0229787 0.0339405 0.159944 9.9982E-05
0.222345 9.9973E-05 0.582528 0.173388 9.9973E-05 9.9973E-05 0.0214395
9.996E-05 9.996E-05 0.251472 0.657788 9.996E-05 9.996E-05 0.0903403
9.9973E-05 0.0450821 9.9973E-05 0.807922 9.9973E-05 0.0984719 0.0482236
9.9964E-05 0.0319731 9.9964E-05 0.915565 9.9964E-05 0.0520617 9.9964E-05
9.9964E-05 9.9964E-05 0.00988986 0.685234 9.9964E-05 0.304477 9.9964E-05
9.9973E-05 9.9973E-05 0.195204 0.77412 0.0208315 9.9973E-05 0.00954377
9.9973E-05 9.9973E-05 0.370556 0.187471 0.139399 0.302274 9.9973E-05
0.0138242 9.9973E-05 0.435071 0.473216 9.9973E-05 9.9973E-05 0.0775889
9.9973E-05 9.9973E-05 0.639486 0.0980563 9.9973E-05 0.255627 0.00653058
9.9973E-05 9.9973E-05 0.575383 0.107218 0.0880996 0.229 9.9973E-05
0.213932 9.9973E-05 0.613842 0.112873 9.9973E-05 9.9973E-05 0.0590534
9.9982E-05 0.188193 0.17942 9.9982E-05 0.316104 0.0999145 0.216168
0.0435175 9.9982E-05 0.134972 9.9982E-05 0.5039 0.0151442 0.302267
0.0180289 9.9982E-05 0.0220066 9.9982E-05 0.0242452 0.0580917 0.877428
9.9991E-05 0.114864 0.0399908 0.0316603 0.339915 0.0770639 0.396406
9.9973E-05 0.196548 9.9973E-05 9.9973E-05 0.256282 0.00444222 0.542427
9.9964E-05 0.181212 9.9964E-05 0.16111 9.9964E-05 9.9964E-05 0.657278
9.9964E-05 0.834826 9.9964E-05 0.155301 0.00947322 9.9964E-05 9.9964E-05
9.9973E-05 0.792824 0.0832068 9.9973E-05 0.00902189 9.9973E-05 0.114648
0.0551804 0.298012 9.9973E-05 9.9973E-05 0.574422 9.9973E-05 0.0720854
9.9964E-05 0.0459327 9.9964E-05 9.9964E-05 0.8527 9.9964E-05 0.100967
0.000648755 0.249365 0.134504 9.9982E-05 0.41194 9.9982E-05 0.203343
9.99641E-05 9.99641E-05 0.110552 9.99641E-05 0.400696 9.99641E-05 0.488352
9.997E-05 0.52492 0.0966336 9.997E-05 0.190649 9.997E-05 0.187497
9.997E-05 0.321554 0.082304 9.997E-05 0.260989 9.997E-05 0.334853
0.020625 0.685469 0.128907 9.998E-05 0.0620525 9.998E-05 0.102746
0.0128825 0.280625 0.0647686 9.9982E-05 0.16378 9.9982E-05 0.477744
0.000260052 0.746425 9.9973E-05 9.9973E-05 0.13615 9.9973E-05 0.116865
0.00252108 0.104436 9.9982E-05 0.153059 0.0818077 9.9982E-05 0.657977
9.9973E-05 9.9973E-05 0.156669 0.0153178 0.213375 9.9973E-05 0.614339
9.9964E-05 0.169324 9.9964E-05 0.127387 9.9964E-05 9.9964E-05 0.702889
0.0179712 0.401791 9.9964E-05 9.9964E-05 9.9964E-05 9.9964E-05 0.579838
0.0513135 9.9955E-05 9.9955E-05 9.9955E-05 9.9955E-05 9.9955E-05 0.948187
9.9982E-05 0.0440116 0.00623811 9.9982E-05 0.379262 0.0414429 0.528846
9.9973E-05 0.554924 9.9973E-05 0.0574658 0.237353 9.9973E-05 0.149957
0.00638521 0.124253 9.9973E-05 0.117483 9.9973E-05 9.9973E-05 0.751578
0.806659 9.99821E-05 0.128179 0.00937112 9.99821E-05 0.0385146 0.0170759
9.9955E-05 9.9955E-05 9.9955E-05 9.9955E-05 9.9955E-05 0.86865 0.13085
0.104493 9.9964E-05 9.9964E-05 9.9964E-05 9.9964E-05 0.769616 0.125491
0.827511 9.9973E-05 9.9973E-05 0.112106 0.05093 9.9973E-05 0.0091533
0.572665 9.9973E-05 9.9973E-05 0.298783 0.0540366 0.0742149 9.9973E-05
9.996E-05 0.17583 9.996E-05 0.54649 9.996E-05 0.27728 9.996E-05
0.45189 0.13395 9.99821E-05 0.192525 9.99821E-05 0.214307 0.00712869
0.350909 0.0318605 0.0524124 0.21147 0.0795094 0.273739 9.9991E-05
0.807486 0.0623424 9.9964E-05 0.129771 9.9964E-05 9.9964E-05 9.9964E-05
0.520943 0.0763836 9.9973E-05 0.16406 9.9973E-05 0.238314 9.9973E-05
0.844649 0.0591337 0.00535019 9.9973E-05 9.9973E-05 9.9973E-05 0.0905673
0.692651 9.9964E-05 0.26303 9.9964E-05 9.9964E-05 9.9964E-05 0.0439188
0.725705 9.9973E-05 0.188309 0.0449935 0.0406919 9.9973E-05 9.9973E-05
0.655516 0.100547 0.169578 0.0740595 9.9973E-05 9.9973E-05 9.9973E-05
0.397197 0.0429596 9.9973E-05 0.542949 0.0165941 9.9973E-05 9.9973E-05
0.528413 9.9973E-05 0.225037 0.245991 0.000259348 9.9973E-05 9.9973E-05
0.813603 0.0360239 0.0967555 0.0016603 0.000985355 9.9991E-05 0.0508722
0.707018 0.0602364 0.198672 9.9973E-05 9.9973E-05 9.9973E-05 0.0337732
0.608634 0.0245269 0.182483 9.9982E-05 0.0476177 0.136539 9.9982E-05
0.372503 9.9982E-05 0.0172701 0.271029 0.00669305 0.332304 9.9982E-05
0.54064 9.9964E-05 9.9964E-05 0.0981904 9.9964E-05 0.36077 9.9964E-05
0.378347 9.9973E-05 0.015281 0.0388955 9.9973E-05 0.567177 9.9973E-05
0.447204 9.9973E-05 9.9973E-05 0.0310734 0.0110225 0.5104 9.9973E-05
0.756376 0.0498504 9.9973E-05 0.177324 9.9973E-05 0.0161498 9.9973E-05
0.798094 9.9973E-05 0.108004 0.0499117 9.9973E-05 0.0436902 9.9973E-05
0.620901 9.9973E-05 0.174363 0.105655 9.9973E-05 0.0987813 9.9973E-05
0.889186 9.9973E-05 9.9973E-05 0.0824856 0.00748411 0.0205445 9.9973E-05
0.853123 0.0308083 9.9982E-05 0.0650602 9.9982E-05 0.0376259 0.0131832
0.906428 0.0125127 0.0100307 9.9973E-05 9.9973E-05 0.0707283 9.9973E-05
0.772885 9.9964E-05 0.143929 9.9964E-05 9.9964E-05 0.0827864 9.9964E-05
0.814771 9.9955E-05 9.9955E-05 9.9955E-05 9.9955E-05 0.184729 9.9955E-05
0.480408 9.9973E-05 0.128325 0.178771 9.9973E-05 0.212196 9.9973E-05
0.528849 9.9973E-05 9.9973E-05 0.148618 9.9973E-05 0.271921 0.0503126
0.624013 9.9973E-05 0.0571691 0.0938911 9.9973E-05 0.224627 9.9973E-05
0.742192 0.040235 0.0236425 0.0622523 9.9982E-05 0.131478 9.9982E-05
0.742494 9.99641E-05 9.99641E-05 0.0769132 9.99641E-05 0.180192 9.99641E-05
0.735182 9.997E-05 0.024337 9.997E-05 9.997E-05 0.227449 0.0127321
0.843012 9.99639E-05 9.99639E-05 0.0900361 9.99639E-05 0.0665525 9.99639E-05
0.16836 0.0902978 9.9964E-05 9.9964E-05 9.9964E-05 0.740942 9.9964E-05
0.29192 0.0788959 9.9964E-05 9.9964E-05 9.9964E-05 0.628785 9.9964E-05
0.516731 0.0490126 9.9964E-05 9.9964E-05 9.9964E-05 0.433856 9.9964E-05
0.873746 9.9955E-05 9.9955E-05 9.9955E-05 9.9955E-05 0.125755 9.9955E-05
0.807415 0.067565 0.0769323 9.9991E-05 0.0191357 0.00326982 0.0255822
0.729886 0.03316 0.078609 9.9982E-05 9.9982E-05 0.146837 0.011308
0.819727 0.0424341 9.9982E-05 0.0232732 0.00512861 0.109238 9.9982E-05
0.564361 9.9982E-05 0.0572351 9.9982E-05 0.179715 0.100147 0.098342
0.610034 0.081796 9.9982E-05 9.9982E-05 0.0178046 0.0111203 0.279045
0.707413 9.9964E-05 9.9964E-05 0.115062 9.9964E-05 0.177125 9.9964E-05
0.264559 9.9973E-05 9.9973E-05 0.0767909 0.0162261 0.642125 9.9973E-05
0.502209 0.0759242 9.9964E-05 9.9964E-05 9.9964E-05 0.421467 9.9964E-05
0.3731 9.9973E-05 0.0138388 9.9973E-05 0.0109077 0.601853 9.9973E-05
9.9955E-05 9.9955E-05 9.9955E-05 0.14086 9.9955E-05 0.85864 9.9955E-05
0.785283 9.996E-05 9.996E-05 0.107366 9.996E-05 0.106952 9.996E-05
0.370251 9.9973E-05 9.9973E-05 0.0367767 0.0130704 0.579602 9.9973E-05
0.668543 9.9964E-05 9.9964E-05 9.9964E-05 0.0328574 0.2982 9.9964E-05
0.469037 9.9973E-05 0.0189149 0.168295 9.9973E-05 0.343453 9.9973E-05
0.440265 0.0266904 9.9973E-05 0.0315999 9.9973E-05 0.501144 9.9973E-05
9.9973E-05 0.76765 9.9973E-05 0.0153207 9.9973E-05 0.0914587 0.125271
9.9973E-05 0.367853 9.9973E-05 9.9973E-05 0.219275 0.0325809 0.379991
9.9973E-05 0.294671 9.9973E-05 0.120205 0.368661 9.9973E-05 0.216163
9.999E-05 0.0290993 0.000689683 0.0871627 0.1702 0.134314 0.578435
0.123625 0.0542922 9.9991E-05 0.0289653 0.117679 0.0139192 0.66142
9.9973E-05 0.0526274 9.9973E-05 0.0275518 0.17018 9.9973E-05 0.749341
9.9973E-05 0.248455 9.9973E-05 9.9973E-05 0.433268 0.0472013 0.270776
9.9964E-05 0.629737 9.9964E-05 9.9964E-05 0.207783 9.9964E-05 0.16208
9.99551E-05 0.956026 9.99551E-05 9.99551E-05 9.99551E-05 0.0434747 9.99551E-05
0.0925177 0.0378666 9.9982E-05 0.0308586 0.233651 9.9982E-05 0.604907
9.99551E-05 9.99551E-05 0.119584 9.99551E-05 9.99551E-05 9.99551E-05 0.879916
9.99551E-05 9.99551E-05 0.0353848 9.99551E-05 9.99551E-05 9.99551E-05 0.964115
0.0211961 9.9973E-05 0.0322339 9.9973E-05 0.0916309 9.9973E-05 0.854639
