0.357088 0.489677 9.9982E-05 0.100675 0.05236 9.9982E-05
0.301728 0.11228 0.195423 0.118557 0.271912 9.9991E-05
0.324716 0.30429 0.0449162 0.26829 0.0576874 9.9991E-05
0.115237 0.275233 0.10279 0.506114 0.000525959 9.9991E-05
0.448707 0.18121 9.9982E-05 0.349744 9.9982E-05 0.0201389
0.164965 0.320017 9.9973E-05 0.514718 9.9973E-05 9.9973E-05
9.9964E-05 9.9964E-05 0.0477536 9.9964E-05 0.951847 9.9964E-05
0.172749 0.0931156 0.00284102 9.999E-05 0.535765 0.19543
9.9973E-05 9.9973E-05 9.9973E-05 0.040541 0.713137 0.246022
9.9973E-05 0.0707509 9.9973E-05 9.9973E-05 0.741345 0.187604
0.00285401 9.9982E-05 9.9982E-05 0.00252216 0.899906 0.0945174
0.037786 0.0432895 9.9982E-05 9.9982E-05 0.860706 0.0580185
9.9964E-05 9.9964E-05 9.9964E-05 9.9964E-05 0.537456 0.462144
9.9973E-05 0.0539404 9.9973E-05 9.9973E-05 0.501724 0.444035
0.0123905 0.0171711 0.0392084 9.9991E-05 0.718432 0.212698
0.023586 9.99731E-05 9.99731E-05 9.99731E-05 0.902287 0.0738268
0.240848 0.502189 0.122703 0.0907616 9.9991E-05 0.0433987
0.0326165 0.284519 0.571764 0.0160939 9.9991E-05 0.0949068
9.998E-05 0.657967 0.121534 0.126149 9.998E-05 0.0941503
0.000831615 0.534996 0.104608 0.257898 9.9991E-05 0.101566
0.126957 0.327722 0.352104 0.107556 9.9991E-05 0.0855609
9.9982E-05 0.541853 0.276562 0.149347 9.9982E-05 0.0320384
0.243324 0.522534 9.9973E-05 9.9973E-05 0.233841 9.9973E-05
0.311745 0.687855 9.9964E-05 9.9964E-05 9.9964E-05 9.9964E-05
0.13663 0.817449 9.9982E-05 0.0438212 9.9982E-05 0.00189949
0.131538 0.639942 9.9973E-05 0.22822 9.9973E-05 9.9973E-05
0.269905 0.584369 9.9973E-05 9.9973E-05 9.9973E-05 0.145426
0.239441 0.401699 9.9982E-05 0.265229 9.9982E-05 0.093431
0.496329 0.113209 0.315504 9.9982E-05 9.9982E-05 0.0747571
0.368617 0.120078 0.38663 0.0156429 9.9991E-05 0.108932
9.9982E-05 0.0415898 0.44565 0.372506 0.140054 9.9982E-05
0.0997774 0.0812829 0.187182 0.484704 0.146954 9.9991E-05
0.0446854 0.250172 0.209507 0.495436 9.9982E-05 9.9982E-05
0.0183165 0.890634 9.9982E-05 0.0336754 0.0571736 9.9982E-05
9.9973E-05 0.705016 0.0533112 9.9973E-05 0.241373 9.9973E-05
0.162232 0.534487 0.123345 0.115039 0.0530424 0.0118535
9.9991E-05 0.386994 0.116178 0.16073 0.0977235 0.238274
0.0513467 0.67393 9.9991E-05 0.112725 0.0541505 0.107748
9.9982E-05 0.650161 0.199607 0.0886176 9.9982E-05 0.0614151
9.9982E-05 0.700109 0.105369 0.162483 9.9982E-05 0.0318392
0.107132 0.348458 0.155813 0.388397 9.9982E-05 9.9982E-05
0.280352 0.244154 0.0465031 0.369596 9.9991E-05 0.0592954
9.998E-05 0.158271 0.12129 0.620952 9.998E-05 0.0992864
0.344533 0.230019 9.999E-05 0.305328 0.0375785 0.0824418
0.161495 0.436731 9.99731E-05 0.401474 9.99731E-05 9.99731E-05
9.9973E-05 0.477898 0.129523 0.392279 9.9973E-05 9.9973E-05
9.9973E-05 0.31097 0.56114 9.9973E-05 9.9973E-05 0.12759
0.109214 0.0436347 0.746566 9.9991E-05 0.0600007 0.040485
9.996E-05 9.996E-05 0.9995 9.996E-05 9.996E-05 9.996E-05
0.166134 0.116393 0.717172 9.9973E-05 9.9973E-05 9.9973E-05
9.9982E-05 0.225331 0.644766 0.043806 9.9982E-05 0.085897
0.213472 0.533484 0.141385 9.999E-05 0.0968059 0.0147535
9.9973E-05 0.526602 0.347765 9.9973E-05 9.9973E-05 0.125334
0.103319 0.737755 0.143899 9.9982E-05 9.9982E-05 0.0148272
0.095027 0.736424 0.136688 9.9982E-05 0.0316615 9.9982E-05
0.00861767 0.641216 9.9982E-05 0.25969 9.9982E-05 0.0902759
0.0395373 0.249526 9.9982E-05 9.9982E-05 0.475033 0.235704
0.0184497 0.169564 9.9982E-05 9.9982E-05 0.375584 0.436203
0.0593827 9.9973E-05 9.9973E-05 9.9973E-05 0.0105257 0.929792
0.0181317 0.0767152 0.0270832 9.9991E-05 0.437383 0.440587
9.9973E-05 9.9973E-05 9.9973E-05 0.0145454 0.463412 0.521742
9.9982E-05 9.9982E-05 0.179871 0.00543022 0.174767 0.639731
9.99639E-05 9.99639E-05 0.210821 9.99639E-05 0.788779 9.99639E-05
9.9982E-05 0.0706756 9.9982E-05 0.10529 0.784139 0.039695
9.9973E-05 9.9973E-05 9.9973E-05 0.0791333 0.71341 0.207157
9.9973E-05 0.00177312 9.9973E-05 9.9973E-05 0.599589 0.398338
9.9982E-05 0.159009 9.9982E-05 0.0375887 0.501916 0.301286
9.99731E-05 0.11761 9.99731E-05 9.99731E-05 0.239939 0.642152
9.9973E-05 0.147224 9.9973E-05 9.9973E-05 0.682406 0.17007
9.9973E-05 0.0790791 9.9973E-05 9.9973E-05 0.529465 0.391156
0.0396424 0.0935516 9.9991E-05 0.0322958 0.77413 0.0602806
9.9982E-05 0.118144 9.9982E-05 0.00582889 0.425953 0.449874
0.0630299 9.9973E-05 9.9973E-05 9.9973E-05 0.891672 0.0449977
0.0133687 9.9991E-05 0.106632 0.0523112 0.158521 0.669067
9.9973E-05 0.21328 9.9973E-05 9.9973E-05 0.0965969 0.689823
9.9991E-05 0.016131 0.107376 0.0114969 0.18401 0.680886
9.9973E-05 9.9973E-05 9.9973E-05 0.146939 0.31405 0.538712
9.9964E-05 9.9964E-05 9.9964E-05 0.0436892 9.9964E-05 0.955911
9.9973E-05 0.0340545 9.9973E-05 9.9973E-05 0.32348 0.642165
9.9982E-05 0.0518422 0.0952754 9.9982E-05 0.688082 0.1646
9.998E-05 9.998E-05 0.118405 0.032708 0.180812 0.667875
0.723161 0.0348787 9.9982E-05 0.143811 9.9982E-05 0.0979491
0.763273 0.0579852 0.0662052 9.9982E-05 0.112336 9.9982E-05
0.831777 0.0331282 9.998E-05 9.998E-05 0.0889506 0.0459445
0.557607 9.998E-05 0.0338905 0.334883 9.998E-05 0.0734194
0.653893 9.9982E-05 0.268886 0.0341797 9.9982E-05 0.0428413
0.17346 9.99731E-05 0.793104 9.99731E-05 0.0331361 9.99731E-05
0.217772 9.9982E-05 0.250634 0.439216 0.0921776 9.9982E-05
0.232307 9.9982E-05 0.193415 0.477717 0.0963612 9.9982E-05
0.261541 9.9973E-05 0.0770901 0.661069 9.9973E-05 9.9973E-05
0.460419 9.9973E-05 0.24737 0.291911 9.9973E-05 9.9973E-05
0.0782175 9.997E-05 9.997E-05 0.886933 9.997E-05 0.0345495
9.9964E-05 0.109068 9.9964E-05 0.890532 9.9964E-05 9.9964E-05
0.293545 0.143097 9.9982E-05 0.557664 9.9982E-05 0.00549438
0.143753 0.0372035 0.0582445 0.749984 0.0107143 9.9991E-05
9.9964E-05 9.9964E-05 0.377423 0.622177 9.9964E-05 9.9964E-05
0.0666902 0.141308 0.159152 0.616957 0.0157928 9.999E-05
0.189989 9.997E-05 9.997E-05 0.777564 9.997E-05 0.0321464
0.180673 0.0989113 9.998E-05 0.71196 9.998E-05 0.00825571
0.391955 0.126297 9.9982E-05 0.462528 0.0190205 9.9982E-05
0.644527 0.0812029 0.27397 9.9973E-05 9.9973E-05 9.9973E-05
0.82613 0.0974615 0.037036 0.0391721 9.9982E-05 9.9982E-05
0.782721 0.155831 0.0611477 9.9973E-05 9.9973E-05 9.9973E-05
0.85267 0.0381761 0.0946338 0.0141881 0.000231865 9.9991E-05
0.670982 9.9982E-05 0.128769 0.148292 9.9982E-05 0.0517565
0.754544 0.146565 9.9982E-05 0.0605674 9.9982E-05 0.0381239
0.6863 0.285095 9.9973E-05 9.9973E-05 9.9973E-05 0.0283048
0.874278 9.9973E-05 9.9973E-05 0.0428846 9.9973E-05 0.0825378
0.776621 0.00584857 9.9982E-05 0.136467 9.9982E-05 0.0808638
0.656735 0.00688517 9.9982E-05 0.312501 9.9982E-05 0.0236789
0.650456 0.0789184 9.998E-05 0.23534 9.998E-05 0.0350861
0.867267 0.019896 9.9973E-05 0.112538 9.9973E-05 9.9973E-05
0.569941 0.147888 0.121476 0.160495 9.9982E-05 9.9982E-05
0.639102 9.998E-05 0.0997204 0.181135 9.998E-05 0.0798421
0.617889 0.0548065 0.0742634 0.248906 0.0040352 9.999E-05
0.685102 0.0515365 0.0334815 0.21837 9.9991E-05 0.011411
0.793034 9.9982E-05 0.0470835 0.112535 9.9982E-05 0.0471475
0.910755 9.9973E-05 9.9973E-05 0.0615265 9.9973E-05 0.0274188
0.644569 9.997E-05 0.0763111 0.27882 9.997E-05 9.997E-05
0.765923 0.117596 9.997E-05 9.997E-05 0.116181 9.997E-05
0.765851 9.9982E-05 0.0858069 0.117265 0.0308774 9.9982E-05
0.830828 0.0135814 0.0452267 0.061279 0.0454675 0.0036176
0.721105 9.9973E-05 9.9973E-05 0.272873 9.9973E-05 0.00572175
0.631729 0.0458611 9.998E-05 0.260571 9.998E-05 0.0616385
0.692623 0.047409 9.9982E-05 0.226438 9.9982E-05 0.0333294
0.796539 9.9973E-05 9.9973E-05 0.158323 9.9973E-05 0.0448383
0.574552 0.155472 9.9982E-05 9.9982E-05 0.0318408 0.237936
0.580583 9.9982E-05 9.9982E-05 0.045205 0.0252377 0.348775
0.801953 9.9973E-05 0.0987625 0.0989844 9.9973E-05 9.9973E-05
0.856203 0.010854 0.112048 9.9982E-05 0.0206955 9.9982E-05
0.731905 0.0238849 9.998E-05 0.12026 0.12375 9.998E-05
0.796236 0.0978225 9.9982E-05 0.0345168 0.0712247 9.9982E-05
0.702602 0.0836425 0.213456 9.9973E-05 9.9973E-05 9.9973E-05
0.886367 9.9982E-05 0.0314261 0.0307786 9.9982E-05 0.0512286
0.821802 0.093263 0.0788837 9.9982E-05 0.00585107 9.9982E-05
0.754341 0.0358526 9.9973E-05 0.209506 9.9973E-05 9.9973E-05
0.625432 0.0439555 0.165601 0.164812 9.9982E-05 9.9982E-05
0.904571 9.9964E-05 9.9964E-05 9.9964E-05 0.0950296 9.9964E-05
0.136464 9.9982E-05 0.104387 9.9982E-05 0.752301 0.00664863
0.0302061 9.9991E-05 0.00148941 0.00352261 0.607725 0.356957
9.9973E-05 9.9973E-05 0.133647 9.9973E-05 0.588409 0.277645
0.0246623 9.999E-05 0.135222 0.0244553 0.160127 0.655433
0.0104177 9.999E-05 0.051472 0.0927339 0.153486 0.69179
9.9973E-05 9.9973E-05 0.0419929 9.9973E-05 0.179609 0.778098
0.0398982 0.00747533 9.9991E-05 0.0312569 0.537635 0.383634
9.9973E-05 9.9973E-05 9.9973E-05 0.0292323 0.830857 0.139611
9.99641E-05 9.99641E-05 0.204873 9.99641E-05 0.794727 9.99641E-05
0.0991622 9.9973E-05 9.9973E-05 9.9973E-05 0.245939 0.654599
9.99641E-05 0.0661219 9.99641E-05 9.99641E-05 9.99641E-05 0.933478
9.99641E-05 0.0551221 9.99641E-05 9.99641E-05 9.99641E-05 0.944478
9.99641E-05 9.99641E-05 9.99641E-05 0.0710002 9.99641E-05 0.9286
