9.9991E-05 0.457108 0.182858 0.359934
9.9991E-05 0.12267 0.499644 0.377586
0.0164487 0.408204 0.137389 0.437958
0.0329901 0.472526 0.107361 0.387123
0.0435827 0.262562 9.9991E-05 0.693756
9.9982E-05 0.611471 9.9982E-05 0.388329
0.439999 9.9982E-05 0.559801 9.9982E-05
0.548371 0.00112321 0.314547 0.135959
0.66279 9.9982E-05 0.33701 9.9982E-05
0.639411 0.0223301 0.338159 9.9991E-05
0.51126 9.9982E-05 0.48854 9.9982E-05
0.51636 9.9991E-05 0.476952 0.00658749
0.783946 9.9982E-05 0.215854 9.9982E-05
0.812512 9.9982E-05 0.187288 9.9982E-05
0.563689 9.9982E-05 0.436111 9.9982E-05
0.505335 9.9982E-05 0.494465 9.9982E-05
0.0289932 0.64992 0.0819715 0.239115
0.0575751 0.442611 0.429748 0.0700656
0.100417 0.771344 0.128139 9.9991E-05
0.0998477 0.75688 9.9991E-05 0.143172
0.0608638 0.51752 0.215802 0.205814
9.9982E-05 0.807584 0.192216 9.9982E-05
0.0440961 0.489336 0.278087 0.18848
0.0734873 0.578108 9.9991E-05 0.348305
0.0767862 0.827517 9.9991E-05 0.0955964
9.9991E-05 0.775021 0.0526116 0.172267
0.136626 0.612855 9.9991E-05 0.250419
0.10994 0.494433 9.9991E-05 0.395526
9.9991E-05 0.241159 0.254976 0.503764
0.0645859 0.238472 0.311079 0.385863
9.9991E-05 0.419674 0.563351 0.0168751
0.050744 0.318298 0.262075 0.368883
9.9991E-05 0.533356 0.196117 0.270426
0.0403794 0.860426 0.0990943 9.9991E-05
9.9982E-05 0.626386 0.373414 9.9982E-05
0.0285308 0.688957 0.131971 0.150541
0.318394 0.481772 0.199734 9.9991E-05
0.121529 0.677185 0.118992 0.0822944
0.107332 0.639929 0.194681 0.0580574
0.0584019 0.844203 0.0759403 0.0214545
9.9991E-05 0.464966 0.266729 0.268206
0.0650404 0.363039 0.0809757 0.490945
0.157563 0.446033 0.0744145 0.32199
0.163278 0.223215 0.0665981 0.546909
9.9991E-05 0.55832 0.135699 0.305881
9.9991E-05 0.711178 0.153549 0.135173
0.0546351 0.567384 0.377881 9.9991E-05
9.9991E-05 0.260662 0.607081 0.132157
9.9991E-05 0.23522 0.758616 0.00606376
9.9991E-05 0.280952 0.487057 0.231891
0.00346074 0.548827 0.447612 9.9991E-05
0.0601541 0.522682 0.252833 0.164331
0.0578971 0.725685 0.216318 9.9991E-05
0.00383427 0.757811 0.168425 0.0699298
9.9991E-05 0.706626 0.237261 0.0560131
0.0540618 0.83337 9.9991E-05 0.112468
0.553571 0.168047 0.27564 0.0027428
0.704067 0.121667 0.0884367 0.0858295
0.926258 0.0251966 9.9991E-05 0.0484451
0.699957 0.0826082 0.217335 9.9991E-05
0.807933 9.9982E-05 0.191867 9.9982E-05
0.729585 0.0400999 0.191816 0.0384998
0.206458 9.9982E-05 0.793342 9.9982E-05
0.486475 0.020693 0.492732 9.9991E-05
0.61947 9.9982E-05 0.38033 9.9982E-05
0.750845 9.9982E-05 0.248955 9.9982E-05
0.644081 0.0916836 0.264136 9.9991E-05
0.898114 0.0945621 0.00722415 9.9991E-05
0.570204 0.0100537 0.419643 9.9991E-05
0.737998 0.0301509 0.231751 9.9991E-05
0.467862 0.0612893 0.433922 0.036927
0.778957 0.0634519 0.146994 0.0105969
0.518279 9.9982E-05 0.481521 9.9982E-05
0.872693 0.0330923 0.0546718 0.0395433
0.835242 0.164558 9.9982E-05 9.9982E-05
0.840128 0.0699096 0.0898624 9.9991E-05
0.84235 9.9991E-05 0.144397 0.013153
0.969475 9.9982E-05 9.9982E-05 0.0303247
0.884736 9.9982E-05 0.115064 9.9982E-05
0.543678 9.9982E-05 0.456122 9.9982E-05
0.778875 0.106817 0.106522 0.00778532
0.0733082 0.0913653 9.9991E-05 0.835226
0.00523251 0.0414436 0.237007 0.716317
0.0495909 9.9991E-05 0.166275 0.784034
0.0870134 0.0593287 9.9991E-05 0.853558
0.0602964 0.0118916 0.159406 0.768406
9.9982E-05 9.9982E-05 0.728547 0.271253
0.0560084 0.0609539 0.304731 0.578307
9.9991E-05 0.152445 0.313067 0.534388
0.0745918 0.0701091 0.0548633 0.800436
9.9982E-05 9.9982E-05 0.252291 0.747509
0.153923 0.0684493 9.9991E-05 0.777528
0.0959935 0.383174 9.9991E-05 0.520732
0.0398268 0.345069 9.9991E-05 0.615004
0.0725736 0.25156 0.0582325 0.617634
0.0192828 0.209255 0.374663 0.396799
9.9991E-05 0.383628 0.14017 0.476101
0.154315 0.149376 9.9991E-05 0.696209
0.0864474 0.305763 9.9991E-05 0.60769
0.0475138 0.217538 0.0683825 0.666566
9.9991E-05 0.10786 0.194415 0.697625
9.9991E-05 0.0826188 0.0657031 0.851578
9.9991E-05 0.0371169 0.108615 0.854169
9.9982E-05 9.9982E-05 0.173623 0.826177
0.0537619 9.9991E-05 0.159383 0.786755
0.0412345 0.131128 9.9991E-05 0.827537
0.00527409 0.28678 9.9991E-05 0.707846
0.0668141 9.9982E-05 9.9982E-05 0.932986
0.128022 0.0322574 9.9991E-05 0.83962
0.0450613 0.0503131 9.9991E-05 0.904526
0.0622356 0.0968483 9.9991E-05 0.840816
0.0120818 0.0178298 9.9991E-05 0.969988
9.9991E-05 0.203505 0.109307 0.687089
0.0695353 0.11058 0.0677583 0.752127
9.9991E-05 0.146335 0.102504 0.751061
0.0567522 0.0332771 0.0182918 0.891679
0.0567023 0.00649231 9.9991E-05 0.936705
0.00180485 0.0390786 9.9991E-05 0.959017
0.00603501 0.0109674 0.0577269 0.925271
9.9982E-05 9.9982E-05 0.274684 0.725116
9.9982E-05 9.9982E-05 0.237211 0.762589
0.0293225 9.9991E-05 0.121398 0.849179
0.0205716 9.9982E-05 9.9982E-05 0.979228
0.133168 0.0861296 9.9991E-05 0.780602
0.0799056 0.0517604 9.9991E-05 0.868234
0.0721061 9.9982E-05 9.9982E-05 0.927694
0.319979 0.0698969 9.9991E-05 0.610024
0.412024 9.9982E-05 9.9982E-05 0.587776
9.9982E-05 9.9982E-05 0.110848 0.888952
9.9982E-05 9.9982E-05 0.234584 0.765216
9.9982E-05 9.9982E-05 0.239545 0.760256
9.9982E-05 9.9982E-05 0.156886 0.842914
9.9982E-05 9.9982E-05 0.311944 0.687856
0.0244809 9.9991E-05 0.0105028 0.964916
9.9982E-05 9.9982E-05 0.183766 0.816034
0.0337099 0.0216057 0.019156 0.925528
9.9991E-05 0.114846 0.160299 0.724756
9.9982E-05 9.9982E-05 0.186183 0.813618
0.370424 9.9991E-05 0.612452 0.0170246
0.718439 9.9982E-05 0.281362 9.9982E-05
0.612676 9.9982E-05 0.387124 9.9982E-05
0.736708 9.9991E-05 0.129957 0.133235
0.782583 9.9991E-05 0.0650528 0.152265
0.930363 9.9991E-05 0.0392899 0.0302469
0.693812 9.9991E-05 0.298222 0.00786579
0.548129 9.9982E-05 0.451671 9.9982E-05
0.0915842 9.9982E-05 0.908216 9.9982E-05
0.80243 9.9991E-05 0.109046 0.0884236
0.947936 0.0518643 9.99821E-05 9.99821E-05
0.944525 0.0552747 9.9982E-05 9.9982E-05
0.963703 0.036097 9.9982E-05 9.9982E-05
