9.9991E-05 0.39005 0.0118902 0.510189 0.0877703
9.999E-05 0.411508 0.162672 0.0733672 0.352353
9.999E-05 0.444079 0.0393602 0.385186 0.131275
0.032433 0.322488 0.170784 0.474196 9.9991E-05
0.0336895 0.63351 9.9982E-05 0.3326 9.9982E-05
0.0163366 0.36543 0.0891024 0.529031 9.9991E-05
0.0983021 9.9982E-05 0.0635321 9.9982E-05 0.837966
0.264723 0.141184 9.9982E-05 9.9982E-05 0.593893
0.324723 0.0120125 9.9982E-05 9.9982E-05 0.663064
0.30821 9.9982E-05 9.9982E-05 0.00275431 0.688835
0.194035 0.010144 0.00510629 0.0013235 0.789392
0.118399 0.0175137 9.9991E-05 0.00439633 0.859591
0.456771 9.9973E-05 9.9973E-05 9.9973E-05 0.542929
0.492901 9.9982E-05 9.9982E-05 0.0103184 0.496581
0.294775 9.9982E-05 0.0244356 9.9982E-05 0.68059
0.186696 9.99731E-05 9.99731E-05 9.99731E-05 0.813004
0.0372794 0.23421 0.140268 0.562914 0.0253297
0.122357 9.9982E-05 0.610629 0.266814 9.9982E-05
0.0919465 9.9982E-05 0.232355 0.675499 9.9982E-05
0.109018 0.0674126 0.167236 0.656233 9.9991E-05
0.0742498 0.165103 0.406767 0.353781 9.9991E-05
0.0568105 9.9982E-05 0.306862 0.636127 9.9982E-05
9.9982E-05 0.142376 9.9982E-05 0.563391 0.294033
9.9982E-05 0.232372 9.9982E-05 0.711978 0.0554506
9.9982E-05 0.0380292 9.9982E-05 0.89495 0.066821
9.9982E-05 0.101376 0.0752198 0.823204 9.9982E-05
0.141617 0.265254 9.9982E-05 0.592929 9.9982E-05
0.114502 0.357582 9.9982E-05 0.527717 9.9982E-05
0.0568667 0.579444 0.263123 0.0572885 0.0432775
0.135956 0.292749 0.448084 0.123111 9.9991E-05
9.9982E-05 9.9982E-05 0.482633 0.320996 0.196171
0.0376234 0.351559 0.216847 0.283131 0.11084
9.9982E-05 0.257533 0.2392 0.503067 9.9982E-05
9.9973E-05 9.9973E-05 9.9973E-05 0.869097 0.130603
9.9973E-05 9.9973E-05 9.9973E-05 0.60993 0.389771
0.0142694 0.111409 0.159729 0.62538 0.0892133
0.20245 9.9991E-05 0.0541519 0.504353 0.238946
0.0468759 0.0844364 9.9991E-05 0.699757 0.16883
0.000940451 0.0186386 0.189701 0.623938 0.166783
0.0362119 9.9991E-05 0.135734 0.815574 0.0123797
9.9982E-05 0.311213 0.212383 0.476204 9.9982E-05
0.131304 0.430943 0.0852328 0.35242 9.9991E-05
0.162173 0.291349 0.194366 0.352012 9.9991E-05
0.112241 0.529815 9.9991E-05 0.232659 0.125185
9.9991E-05 0.30944 0.0543508 0.583514 0.0525951
9.9982E-05 0.0556483 0.213158 0.730994 9.9982E-05
0.1458 9.9982E-05 0.545586 0.308414 9.9982E-05
0.0390087 0.060194 0.758456 0.043503 0.0988385
9.997E-05 9.997E-05 0.9996 9.997E-05 9.997E-05
9.9982E-05 0.165265 0.781016 0.0535182 9.9982E-05
0.0709703 9.9982E-05 0.678965 0.249865 9.9982E-05
9.9991E-05 0.136663 0.167801 0.519545 0.175891
0.0722314 9.9982E-05 0.423082 0.504487 9.9982E-05
0.0361632 0.0693654 0.211944 0.682427 9.9991E-05
9.9991E-05 0.101618 0.144343 0.642965 0.110974
0.0920492 0.0840551 0.0148584 0.808937 9.9991E-05
0.277864 9.9982E-05 9.9982E-05 0.232805 0.489131
0.523414 0.0171078 9.9991E-05 0.110299 0.34908
0.882155 0.0771953 9.9982E-05 9.9982E-05 0.0404502
0.499493 9.9991E-05 0.0340048 0.06926 0.397142
0.586259 9.9973E-05 9.9973E-05 9.9973E-05 0.413441
0.648913 0.0118783 0.106271 0.0123535 0.220584
9.9973E-05 9.9973E-05 0.143538 9.9973E-05 0.856163
0.145718 9.9982E-05 9.9982E-05 0.112945 0.741137
0.300615 9.9973E-05 9.9973E-05 9.9973E-05 0.699085
0.483217 9.9982E-05 9.9982E-05 0.00285488 0.513728
0.337362 9.9982E-05 9.9982E-05 0.142802 0.519636
0.705521 9.9982E-05 9.9982E-05 0.101739 0.19254
0.22951 9.9982E-05 9.9982E-05 0.0790162 0.691274
0.434583 9.9973E-05 9.9973E-05 9.9973E-05 0.565117
0.113723 9.9982E-05 9.9982E-05 0.119059 0.767018
0.513068 9.9982E-05 9.9982E-05 0.125403 0.361329
0.0991407 9.9982E-05 9.9982E-05 0.00949804 0.891161
0.698914 0.0357656 0.0352185 9.9991E-05 0.230001
0.736224 9.9991E-05 0.0019845 0.147002 0.114689
0.746097 9.9991E-05 0.122461 0.0596616 0.0716807
0.607119 0.0238358 9.9982E-05 9.9982E-05 0.368845
0.969614 9.9973E-05 0.0300861 9.9973E-05 9.9973E-05
0.689376 9.9973E-05 9.9973E-05 9.9973E-05 0.310324
0.22551 9.9982E-05 0.044584 9.9982E-05 0.729706
0.753502 9.9982E-05 0.133685 9.9982E-05 0.112614
0.0985265 0.778921 9.9982E-05 0.122353 9.9982E-05
9.9982E-05 0.759515 0.0474931 9.9982E-05 0.192792
0.00394309 0.824337 9.9982E-05 9.9982E-05 0.17152
0.120957 0.809245 0.0695977 9.9982E-05 9.9982E-05
0.0524312 0.662817 0.284552 9.9982E-05 9.9982E-05
9.99821E-05 0.180999 0.656632 9.99821E-05 0.162169
9.9991E-05 0.545004 0.225372 0.107525 0.121999
9.9991E-05 0.488934 0.225991 0.11076 0.174215
0.079421 0.662398 0.230342 0.0277398 9.9991E-05
9.9973E-05 0.716192 0.283508 9.9973E-05 9.9973E-05
0.150113 0.715215 9.9982E-05 0.134472 9.9982E-05
0.0850489 0.434743 9.9982E-05 0.480008 9.9982E-05
0.0544378 0.587446 0.000124247 0.357891 9.9991E-05
0.09212 0.555342 0.0458918 0.300072 0.00657423
0.0430122 0.339909 0.495252 0.0914162 0.0304104
0.0521893 0.421898 0.128604 0.384199 0.0131096
0.134711 0.682599 9.9982E-05 0.182489 9.9982E-05
0.100488 0.609327 9.9982E-05 0.289985 9.9982E-05
9.9982E-05 0.588513 9.9982E-05 0.323645 0.0876427
9.9982E-05 0.627069 0.306555 0.0661766 9.9982E-05
9.9982E-05 0.877051 0.091891 0.0308579 9.9982E-05
9.9982E-05 0.808834 0.129548 0.0614178 9.9982E-05
9.9973E-05 0.859886 0.139814 9.9973E-05 9.9973E-05
0.0450673 0.761746 0.142695 9.9991E-05 0.0503912
0.0523182 0.848827 9.9982E-05 0.0986545 9.9982E-05
0.0463983 0.624249 0.0790062 0.250247 9.9991E-05
0.0897936 0.905566 0.00444072 9.9982E-05 9.9982E-05
0.115823 0.835464 0.00751507 0.0410981 9.9991E-05
0.0352331 0.872005 9.9982E-05 0.0925622 9.9982E-05
0.0395549 0.802303 9.9982E-05 0.157942 9.9982E-05
0.0498394 0.949861 9.9973E-05 9.9973E-05 9.9973E-05
9.9982E-05 0.591059 0.177135 0.231606 9.9982E-05
0.078328 0.764785 0.141471 0.0153166 9.9991E-05
9.9991E-05 0.75432 0.0632212 0.109357 0.0730018
0.0807482 0.834128 0.0356942 0.0493291 9.9991E-05
0.0539765 0.85847 0.087353 9.9982E-05 9.9982E-05
0.0342533 0.912474 9.9982E-05 0.0530727 9.9982E-05
0.0325202 0.885096 0.0749822 0.00730193 9.9991E-05
9.9982E-05 0.813765 9.9982E-05 0.00417226 0.181863
9.9982E-05 0.820961 0.0796805 9.9982E-05 0.099159
9.99731E-05 0.903059 9.99731E-05 9.99731E-05 0.0966411
0.0552596 0.93917 9.9982E-05 0.00537 9.9982E-05
0.128664 0.797894 9.9982E-05 0.0732415 9.9982E-05
0.0615745 0.830683 9.9982E-05 0.107543 9.9982E-05
0.0572437 0.915071 0.0258238 9.9991E-05 0.00176201
0.256616 0.613036 9.9991E-05 0.127959 0.00228914
0.321718 0.595651 9.9982E-05 9.9982E-05 0.0824318
9.9973E-05 0.880915 0.118785 9.9973E-05 9.9973E-05
9.9982E-05 0.775761 0.188179 9.9982E-05 0.0358598
9.9973E-05 0.823046 9.9973E-05 9.9973E-05 0.176654
9.9973E-05 0.874126 9.9973E-05 9.9973E-05 0.125574
9.9982E-05 0.734778 0.260039 9.9982E-05 0.00498254
0.0431392 0.878968 0.0776928 9.9982E-05 9.9982E-05
9.9991E-05 0.824933 0.105419 0.00132419 0.0682237
0.0238681 0.918428 9.9982E-05 0.0575041 9.9982E-05
9.9982E-05 0.699353 0.127314 0.173133 9.9982E-05
9.9982E-05 0.875967 0.0260232 9.9982E-05 0.0978098
0.135084 0.0738236 0.0875255 9.9991E-05 0.703467
0.4701 9.9982E-05 0.0362218 9.9982E-05 0.493478
0.365542 9.9982E-05 0.140165 9.9982E-05 0.494093
0.629798 0.0253104 0.125739 9.9991E-05 0.219053
0.732067 0.094911 0.00952315 9.9991E-05 0.163398
0.836728 9.9973E-05 9.9973E-05 9.9973E-05 0.162972
0.388758 9.9982E-05 9.9982E-05 0.0537836 0.557259
0.241475 9.9973E-05 9.9973E-05 9.9973E-05 0.758225
9.99731E-05 9.99731E-05 0.0880167 9.99731E-05 0.911683
0.685004 0.0634318 9.9982E-05 9.9982E-05 0.251365
0.975459 9.99731E-05 9.99731E-05 0.0242413 9.99731E-05
0.973175 9.9973E-05 9.9973E-05 0.0265249 9.9973E-05
0.949762 9.9991E-05 0.0244474 0.0254091 0.000281978
