0.213197 0.183623 9.998E-05 0.00590667 0.429728 9.998E-05 0.167345
0.00213876 0.435563 0.0383285 0.247205 0.0647317 9.9991E-05 0.211933
0.253647 0.121021 0.0619321 0.0303609 0.271743 9.9991E-05 0.261196
9.9982E-05 0.195895 0.0236936 9.9982E-05 0.181826 0.0220188 0.576366
0.612022 9.9973E-05 9.9973E-05 9.9973E-05 0.216668 0.000632625 0.170378
0.0621763 0.0537537 0.0459982 9.9982E-05 0.322809 9.9982E-05 0.515063
9.9964E-05 0.0486231 0.064585 0.886392 9.9964E-05 9.9964E-05 9.9964E-05
0.16744 0.0275022 0.0909668 0.54384 0.00845678 0.161694 9.9991E-05
9.9973E-05 0.0320585 9.9973E-05 0.737782 9.9973E-05 0.204123 0.025737
9.9973E-05 9.9973E-05 0.0058894 0.752928 0.0705674 0.170316 9.9973E-05
9.9964E-05 0.0340098 9.9964E-05 0.895242 9.9964E-05 0.0703486 9.9964E-05
0.073401 9.9964E-05 9.9964E-05 0.863611 0.0625881 9.9964E-05 9.9964E-05
0.00833343 9.9964E-05 9.9964E-05 0.607556 9.9964E-05 0.38371 9.9964E-05
9.9964E-05 9.9964E-05 9.9964E-05 0.533368 0.0472105 0.419022 9.9964E-05
9.9982E-05 0.00388315 0.0262776 0.79316 0.035297 0.141182 9.9982E-05
9.99641E-05 0.0614905 9.99641E-05 0.890091 9.99641E-05 0.048019 9.99641E-05
0.375535 9.9964E-05 0.188278 9.9964E-05 0.435787 9.9964E-05 9.9964E-05
0.103184 0.0341552 0.674753 9.9991E-05 0.111965 0.069782 0.00606133
9.9973E-05 9.9973E-05 0.215762 9.9973E-05 0.63707 0.0267408 0.120127
0.136099 9.9982E-05 0.142904 9.9982E-05 0.37963 0.0864375 0.254729
0.313931 9.9982E-05 0.46726 9.9982E-05 0.132039 0.0195805 0.0669895
0.020381 9.9982E-05 0.490365 9.9982E-05 0.33443 0.0395711 0.115053
0.140345 0.169894 9.9973E-05 0.151119 0.538342 9.9973E-05 9.9973E-05
0.243964 0.139612 9.9964E-05 9.9964E-05 0.616023 9.9964E-05 9.9964E-05
0.115039 9.99641E-05 9.99641E-05 9.99641E-05 0.858307 9.99641E-05 0.0262534
0.108087 0.0820681 0.0610651 9.9982E-05 0.531563 9.9982E-05 0.217017
0.384581 9.9973E-05 0.00434089 9.9973E-05 0.527217 0.0835615 9.9973E-05
0.386426 9.9973E-05 9.9973E-05 9.9973E-05 0.470622 0.0349326 0.107719
0.441619 0.224594 0.25637 0.00650811 0.0307321 0.0400771 9.9991E-05
0.240981 0.168817 0.428783 0.016579 9.9991E-05 0.060824 0.0839149
9.9964E-05 9.9964E-05 0.446734 0.157264 9.9964E-05 9.9964E-05 0.395602
0.218871 9.9982E-05 0.232426 0.124792 0.0332745 9.9982E-05 0.390437
0.102551 9.9973E-05 0.253604 9.9973E-05 0.161286 9.9973E-05 0.482258
9.9964E-05 0.0904871 9.9964E-05 0.0152874 0.893826 9.9964E-05 9.9964E-05
9.996E-05 0.140557 9.996E-05 0.173347 0.685696 9.996E-05 9.996E-05
0.224242 9.9982E-05 0.163465 0.0396268 0.483103 9.9982E-05 0.0893632
9.9982E-05 9.9982E-05 0.113485 0.135004 0.398134 0.18795 0.165227
0.165748 9.9991E-05 0.025881 0.0631102 0.66104 0.0468291 0.0372918
9.999E-05 0.182984 0.125642 0.0407463 0.543562 0.010013 0.0969521
0.0688414 9.9982E-05 0.188647 9.9982E-05 0.638125 0.0007179 0.103469
9.9964E-05 0.489914 9.9964E-05 9.9964E-05 0.129434 9.9964E-05 0.380252
0.130045 0.175117 9.9982E-05 9.9982E-05 0.203727 0.0672314 0.423681
9.9973E-05 9.9973E-05 0.0971987 9.9973E-05 0.153885 0.114532 0.634085
9.9973E-05 0.497461 9.9973E-05 9.9973E-05 0.100965 0.170575 0.230698
9.99641E-05 0.18615 9.99641E-05 9.99641E-05 0.276359 9.99641E-05 0.537091
9.9973E-05 0.00484278 0.0777379 9.9973E-05 0.395704 9.9973E-05 0.521416
9.9964E-05 9.9964E-05 0.745951 9.9964E-05 0.208467 0.0451814 9.9964E-05
0.000596782 0.202609 0.727834 0.0305359 9.9982E-05 9.9982E-05 0.0382248
9.9955E-05 0.215755 0.783745 9.9955E-05 9.9955E-05 9.9955E-05 9.9955E-05
0.00846474 0.393344 0.586752 9.9973E-05 9.9973E-05 9.9973E-05 0.0111394
0.0544474 9.9982E-05 0.819257 9.9982E-05 0.0703675 0.00632031 0.0494074
0.0526229 0.269437 0.164836 0.0415616 0.440243 0.031199 9.9991E-05
0.0742648 9.9973E-05 0.501694 9.9973E-05 0.351232 0.0725095 9.9973E-05
9.9973E-05 0.278209 0.134683 9.9973E-05 0.560548 0.0262593 9.9973E-05
9.99639E-05 0.275735 0.141121 9.99639E-05 0.582744 9.99639E-05 9.99639E-05
0.121788 9.9982E-05 0.106763 9.9982E-05 0.521244 0.0386897 0.211316
9.9973E-05 0.169024 9.9973E-05 0.330454 0.16901 0.331213 9.9973E-05
0.0893026 9.9973E-05 9.9973E-05 0.364156 0.0746929 0.471549 9.9973E-05
9.9964E-05 0.0495935 9.9964E-05 9.9964E-05 0.0457631 0.904244 9.9964E-05
9.9982E-05 0.129456 0.0652033 0.240288 0.0131656 0.551687 9.9982E-05
9.9964E-05 0.0341642 9.9964E-05 0.366235 9.9964E-05 0.599201 9.9964E-05
9.9982E-05 0.0278461 0.140649 0.235113 9.9982E-05 0.591495 0.00469685
9.99639E-05 0.0997318 0.100167 0.799702 9.99639E-05 9.99639E-05 9.99639E-05
9.9982E-05 9.9982E-05 0.00629795 0.758175 0.0845704 0.0651147 0.085642
0.000331141 9.9973E-05 9.9973E-05 0.752075 9.9973E-05 0.174357 0.0729368
9.9964E-05 9.9964E-05 0.0131149 0.582904 9.9964E-05 0.403582 9.9964E-05
0.0239232 9.9982E-05 0.00238367 0.473672 0.198437 0.301385 9.9982E-05
9.99641E-05 9.99641E-05 9.99641E-05 0.211967 0.13029 0.657344 9.99641E-05
9.9973E-05 0.0559874 9.9973E-05 0.662202 0.12781 0.153701 9.9973E-05
9.9964E-05 9.9964E-05 9.9964E-05 0.511851 0.130062 0.357687 9.9964E-05
0.0526392 9.9973E-05 9.9973E-05 0.779262 0.156552 9.9973E-05 0.011247
0.0807042 9.9973E-05 9.9973E-05 0.396195 0.0816045 0.441196 9.9973E-05
0.116683 9.9955E-05 9.9955E-05 0.882817 9.9955E-05 9.9955E-05 9.9955E-05
0.0605863 9.9973E-05 0.0748335 0.196939 9.9973E-05 0.667341 9.9973E-05
0.0323014 9.9982E-05 0.0736847 0.0715235 0.105885 0.716406 9.9982E-05
9.9973E-05 9.9973E-05 0.127514 0.113963 9.9973E-05 0.707679 0.0505444
9.996E-05 9.996E-05 9.996E-05 0.344332 9.996E-05 0.556643 0.098626
9.9955E-05 9.9955E-05 9.9955E-05 9.9955E-05 9.9955E-05 0.972289 0.0272115
9.9973E-05 0.00984651 9.9973E-05 0.328995 0.0221539 0.638704 9.9973E-05
9.9973E-05 9.9973E-05 0.128463 0.716018 0.015342 0.139877 9.9973E-05
9.9973E-05 9.9973E-05 0.127037 0.119253 9.9973E-05 0.683779 0.0696307
0.842564 0.0038012 0.0595972 9.9991E-05 0.0615833 0.00927822 0.0230757
0.130557 0.769282 9.9964E-05 9.9964E-05 9.9964E-05 0.0997612 9.9964E-05
0.251798 0.662274 9.9964E-05 9.9964E-05 9.9964E-05 0.0855286 9.9964E-05
0.809518 9.9973E-05 0.0826505 9.9973E-05 9.9973E-05 0.0335579 0.0739737
0.591816 0.126204 0.240478 9.9973E-05 9.9973E-05 9.9973E-05 0.0412022
9.99551E-05 0.529493 0.470007 9.99551E-05 9.99551E-05 9.99551E-05 9.99551E-05
9.9973E-05 0.234064 0.0117585 0.112672 9.9973E-05 9.9973E-05 0.641205
9.9973E-05 0.320139 0.000844612 0.10782 9.9973E-05 9.9973E-05 0.570897
0.360602 0.0317471 0.0593259 0.000778762 9.9982E-05 9.9982E-05 0.547346
0.282608 0.350829 0.0642483 9.997E-05 9.997E-05 9.997E-05 0.302015
0.22896 9.9964E-05 9.9964E-05 9.9964E-05 9.9964E-05 0.0308074 0.739832
0.00157094 9.9973E-05 9.9973E-05 9.9973E-05 0.0600793 0.00191635 0.936133
0.305026 9.99639E-05 9.99639E-05 9.99639E-05 0.120198 9.99639E-05 0.574376
0.23165 0.0227615 0.00500473 0.0179098 0.0309216 0.000979113 0.690773
9.99639E-05 9.99639E-05 0.323689 0.0318713 9.99639E-05 9.99639E-05 0.64404
0.0326148 0.0252213 0.0751129 0.00198738 0.119927 9.9991E-05 0.745037
0.343257 9.9964E-05 9.9964E-05 9.9964E-05 9.9964E-05 0.0345918 0.621751
0.255471 9.9973E-05 9.9973E-05 9.9973E-05 0.0241984 0.0303531 0.689678
0.217454 0.161342 9.998E-05 0.0111386 0.143632 9.998E-05 0.466234
0.419626 0.383586 0.173663 9.9973E-05 9.9973E-05 9.9973E-05 0.0228248
0.562065 0.347431 0.0222062 9.9973E-05 9.9973E-05 9.9973E-05 0.0679981
0.477604 0.436627 0.0229462 9.9973E-05 0.0625226 9.9973E-05 9.9973E-05
0.506859 0.491081 0.00165998 9.9964E-05 9.9964E-05 9.9964E-05 9.9964E-05
0.679488 0.106889 0.150143 0.0473043 9.9982E-05 9.9982E-05 0.0159753
0.866311 9.9964E-05 0.0453993 9.9964E-05 0.08789 9.9964E-05 9.9964E-05
0.696011 9.9964E-05 0.120142 9.9964E-05 0.183448 9.9964E-05 9.9964E-05
0.913307 9.9964E-05 0.0563245 0.0299688 9.9964E-05 9.9964E-05 9.9964E-05
0.792391 9.9973E-05 0.0787827 9.9973E-05 9.9973E-05 0.0266659 0.10186
0.773133 0.0276541 9.9973E-05 9.9973E-05 0.00607518 9.9973E-05 0.192838
0.793928 9.9964E-05 9.9964E-05 9.9964E-05 0.120866 9.9964E-05 0.0848059
0.890991 0.0949129 9.9964E-05 9.9964E-05 0.013696 9.9964E-05 9.9964E-05
0.35153 0.289189 0.0754767 9.9982E-05 0.0435808 9.9982E-05 0.240023
0.526011 0.222002 0.11846 9.9982E-05 9.9982E-05 0.0279509 0.105377
0.527529 0.252438 0.0641923 9.9982E-05 0.0496897 9.9982E-05 0.105951
0.733586 0.0668833 0.0527456 9.9982E-05 0.00146806 9.9982E-05 0.145117
0.650659 0.185907 0.0696847 9.9973E-05 9.9973E-05 9.9973E-05 0.0934485
0.843881 0.125698 0.030021 9.9964E-05 9.9964E-05 9.9964E-05 9.9964E-05
0.688438 0.132452 0.0158743 9.9973E-05 9.9973E-05 9.9973E-05 0.162936
0.312602 0.567213 9.9964E-05 9.9964E-05 0.119785 9.9964E-05 9.9964E-05
0.402183 0.550053 9.9964E-05 9.9964E-05 9.9964E-05 9.9964E-05 0.0473636
0.565411 0.39785 9.9973E-05 9.9973E-05 0.01608 0.0203592 9.9973E-05
0.796544 0.0446258 9.9964E-05 9.9964E-05 9.9964E-05 9.9964E-05 0.15843
0.649049 0.0504377 9.9982E-05 0.0681867 0.047301 9.9982E-05 0.184826
0.688015 0.121924 9.9982E-05 9.9982E-05 0.095308 0.00130571 0.0932477
0.880228 0.0731376 0.0117891 0.0345452 9.9973E-05 9.9973E-05 9.9973E-05
0.634013 9.9973E-05 9.9973E-05 0.0299974 0.16088 0.17481 9.9973E-05
0.627089 9.9964E-05 9.9964E-05 0.117724 9.9964E-05 0.254787 9.9964E-05
0.751477 0.165191 0.0829313 9.9964E-05 9.9964E-05 9.9964E-05 9.9964E-05
0.360134 0.63099 0.0084762 9.99639E-05 9.99639E-05 9.99639E-05 9.99639E-05
0.487603 0.375056 9.9973E-05 0.0500523 9.9973E-05 9.9973E-05 0.0869888
0.423151 0.518073 9.9964E-05 9.9964E-05 9.9964E-05 9.9964E-05 0.0583764
0.146593 0.794969 9.9964E-05 9.9964E-05 0.0580377 9.9964E-05 9.9964E-05
0.835821 0.100786 0.0629924 9.9964E-05 9.9964E-05 9.9964E-05 9.9964E-05
0.38132 0.556089 9.9973E-05 9.9973E-05 0.00668884 9.9973E-05 0.0556021
0.673609 0.232779 9.9964E-05 9.9964E-05 9.9964E-05 9.9964E-05 0.0932123
0.416455 0.346474 0.101902 9.99729E-05 9.99729E-05 9.99729E-05 0.134869
0.592693 0.396727 9.9964E-05 0.0101794 9.9964E-05 9.9964E-05 9.9964E-05
9.9982E-05 0.20301 0.00663795 0.691012 9.9982E-05 0.0915033 0.00763681
9.9973E-05 9.9973E-05 0.0749236 0.495377 9.9973E-05 0.426273 0.00312573
9.9982E-05 0.0592129 0.087246 0.56117 9.9982E-05 0.271734 0.0204376
9.9982E-05 0.149575 0.0454725 0.139684 9.9982E-05 0.653016 0.0120526
0.0814876 0.0278784 9.9982E-05 0.216624 9.9982E-05 0.651539 0.0222707
9.9964E-05 9.9964E-05 0.00858607 0.202693 9.9964E-05 0.788321 9.9964E-05
9.9982E-05 0.0561689 9.9982E-05 0.553012 0.0336292 0.337467 0.0195235
0.0588151 9.9964E-05 9.9964E-05 0.842659 9.9964E-05 0.0981261 9.9964E-05
9.99551E-05 0.226647 9.99551E-05 0.772853 9.99551E-05 9.99551E-05 9.99551E-05
0.0938588 9.9973E-05 0.0149924 0.253866 9.9973E-05 0.636983 9.9973E-05
9.99551E-05 9.99551E-05 9.99551E-05 9.99551E-05 0.0677421 0.931758 9.99551E-05
9.9955E-05 9.9955E-05 9.9955E-05 9.9955E-05 0.0542081 0.945292 9.9955E-05
0.0590254 9.99641E-05 0.0296419 9.99641E-05 9.99641E-05 0.910933 9.99641E-05
