0.305476 0.162185 0.48899 0.0216316 0.021617 9.9991E-05
0.121693 0.323679 0.113716 0.214155 0.226657 9.9991E-05
0.495252 9.9982E-05 0.298071 0.131967 0.07451 9.9982E-05
0.432239 0.0372804 0.373054 0.157226 9.9982E-05 9.9982E-05
0.753661 9.9973E-05 0.235079 9.9973E-05 0.0109593 9.9973E-05
0.434468 0.0165666 0.472554 0.0762116 9.9982E-05 9.9982E-05
9.9973E-05 0.0566565 9.9973E-05 0.0202912 0.922752 9.9973E-05
0.0416365 0.164375 0.000233798 0.0778641 0.45632 0.25957
9.9982E-05 0.0060556 9.9982E-05 0.0390118 0.729716 0.225016
9.9973E-05 9.9973E-05 0.0561855 9.9973E-05 0.742439 0.201075
9.9982E-05 0.017556 0.0386938 9.9982E-05 0.895042 0.0485086
0.050041 9.9973E-05 0.0506056 9.9973E-05 0.899053 9.9973E-05
9.9964E-05 9.9964E-05 9.9964E-05 9.9964E-05 0.622611 0.376989
9.9973E-05 9.9973E-05 0.0392794 9.9973E-05 0.514243 0.446178
9.9982E-05 0.0287587 9.9982E-05 0.0449057 0.748316 0.17782
9.99731E-05 0.0475901 9.99731E-05 9.99731E-05 0.883574 0.068536
0.369877 9.9991E-05 0.424904 0.197576 0.00221009 0.00533331
0.0399663 0.00619012 0.165716 0.704152 9.9991E-05 0.0838765
0.0327693 9.9982E-05 0.715775 0.188622 9.9982E-05 0.062634
0.311211 9.9982E-05 0.457176 0.128423 9.9982E-05 0.10299
0.281404 9.9982E-05 0.223382 0.485897 9.9982E-05 0.00911736
0.0333956 9.9982E-05 0.473181 0.450251 9.9982E-05 0.0429725
0.0934979 0.211338 0.494481 9.9982E-05 0.200483 9.9982E-05
0.162579 0.228654 0.583846 9.9982E-05 9.9982E-05 0.0247211
0.11356 0.0437697 0.834032 9.9991E-05 0.00392082 0.00461737
0.115093 0.146387 0.73822 9.9973E-05 9.9973E-05 9.9973E-05
0.407638 9.9973E-05 0.497598 9.9973E-05 9.9973E-05 0.0944645
0.426043 9.9973E-05 0.501146 9.9973E-05 9.9973E-05 0.0725109
0.322308 0.323871 9.9982E-05 0.271695 9.9982E-05 0.0819262
0.27552 0.143188 0.010926 0.492607 9.9991E-05 0.077659
0.118296 9.9982E-05 0.0906525 0.67068 0.120171 9.9982E-05
0.483405 9.9982E-05 0.0895204 0.362699 0.0641758 9.9982E-05
0.370487 9.9973E-05 0.319501 0.309712 9.9973E-05 9.9973E-05
9.9973E-05 0.0582414 0.891755 9.9973E-05 0.0497039 9.9973E-05
9.9973E-05 0.0332283 0.681585 9.9973E-05 0.284886 9.9973E-05
0.272378 9.9991E-05 0.515444 0.142823 0.0391778 0.0300771
0.0455068 9.9991E-05 0.417682 0.192206 0.0754139 0.269092
0.192521 9.9982E-05 0.677805 9.9982E-05 0.0836668 0.0458073
9.9991E-05 0.161186 0.563356 0.171833 0.0336867 0.0698385
0.104667 9.9982E-05 0.669149 0.188658 9.9982E-05 0.0373257
9.9973E-05 0.4893 0.459847 0.0505532 9.9973E-05 9.9973E-05
0.38525 0.117372 0.329532 0.0763681 9.9991E-05 0.0913783
0.391855 9.9982E-05 0.297863 0.19043 9.9982E-05 0.119652
0.140008 0.450034 0.252139 9.9982E-05 9.9982E-05 0.157619
0.297671 0.154342 0.51628 0.0315079 9.9982E-05 9.9982E-05
0.215888 9.9982E-05 0.603526 0.174014 9.9982E-05 0.00637156
9.9973E-05 9.9973E-05 0.192406 0.716417 9.9973E-05 0.0908772
0.00521658 0.138088 9.9982E-05 0.791544 0.0649516 9.9982E-05
9.9964E-05 0.123382 9.9964E-05 0.876218 9.9964E-05 9.9964E-05
9.9973E-05 0.362212 0.0397258 0.597762 9.9973E-05 9.9973E-05
0.0499853 9.9982E-05 0.106208 0.78314 9.9982E-05 0.0604669
9.9991E-05 0.35239 0.414293 0.120875 0.0739274 0.0384149
0.0300965 9.9982E-05 0.445777 0.42248 9.9982E-05 0.101446
9.9982E-05 0.266931 0.602281 0.0938587 9.9982E-05 0.0367288
9.9982E-05 0.266367 0.591942 0.130475 9.9982E-05 0.0110163
0.221733 9.9982E-05 0.611702 0.0947926 9.9982E-05 0.0715721
9.9982E-05 0.151686 0.176835 9.9982E-05 0.351738 0.319542
9.9982E-05 0.0820449 0.0972583 9.9982E-05 0.289565 0.530932
9.9982E-05 0.0268982 0.0462004 0.0203869 9.9982E-05 0.906315
9.9991E-05 0.127065 0.0168524 0.030156 0.267489 0.558337
9.9973E-05 0.0441942 9.9973E-05 9.9973E-05 0.331091 0.624415
9.9982E-05 0.0131595 9.9982E-05 0.19398 0.145361 0.6473
9.9973E-05 0.0586828 9.9973E-05 0.171727 0.769291 9.9973E-05
0.069739 9.9991E-05 0.06042 0.0597451 0.792517 0.0174786
0.0276975 9.9973E-05 9.9973E-05 9.9973E-05 0.803142 0.16886
9.9973E-05 9.9973E-05 0.0118688 9.9973E-05 0.634178 0.353653
9.9973E-05 9.9973E-05 0.162789 9.9973E-05 0.558825 0.278086
9.99731E-05 9.99731E-05 0.0636274 9.99731E-05 0.261105 0.674968
9.9973E-05 9.9973E-05 0.122348 9.9973E-05 0.711883 0.16547
9.9982E-05 0.0101814 0.0927436 9.9982E-05 0.519388 0.377487
0.155008 9.9973E-05 0.0534422 9.9973E-05 0.79125 9.9973E-05
0.0487733 9.9982E-05 0.0411266 9.9982E-05 0.43391 0.475991
0.108576 9.9973E-05 9.9973E-05 9.9973E-05 0.885039 0.00608534
0.0510247 9.9982E-05 9.9982E-05 0.081789 0.182199 0.684787
0.0160032 9.9991E-05 0.153025 0.0194259 0.105744 0.705701
9.9982E-05 9.9982E-05 0.0111367 0.146569 0.10665 0.735444
0.074849 9.9973E-05 9.9973E-05 9.9973E-05 0.329989 0.594862
0.0338732 9.9964E-05 9.9964E-05 9.9964E-05 9.9964E-05 0.965727
9.9973E-05 0.0289685 9.9973E-05 9.9973E-05 0.288072 0.68266
9.9982E-05 9.9982E-05 0.00260456 0.0910641 0.738877 0.167254
9.9973E-05 9.9973E-05 9.9973E-05 0.214401 0.0758758 0.709424
0.720984 0.153181 0.107893 0.00918139 9.9991E-05 0.00866019
9.9964E-05 0.887921 9.9964E-05 9.9964E-05 9.9964E-05 0.111679
0.1561 0.746847 9.9973E-05 9.9973E-05 9.9973E-05 0.0967538
0.801473 0.00506623 9.9982E-05 0.158507 9.9982E-05 0.0347539
0.561007 0.166484 9.9973E-05 0.272208 9.9973E-05 9.9973E-05
9.99641E-05 0.342348 9.99641E-05 0.657252 9.99641E-05 9.99641E-05
0.492821 0.133626 9.99821E-05 0.24792 0.125433 9.99821E-05
0.381687 0.269309 0.0389719 0.207683 0.102249 9.9991E-05
0.806113 9.9973E-05 9.9973E-05 0.182793 0.0107936 9.9973E-05
0.525192 0.278463 9.9973E-05 0.196045 9.9973E-05 9.9973E-05
0.854208 9.99731E-05 9.99731E-05 9.99731E-05 0.0169156 0.128576
0.678759 9.9982E-05 0.267343 0.0224895 9.9982E-05 0.0312088
0.718247 9.9982E-05 0.230996 0.040754 0.00980381 9.9982E-05
0.671155 9.9982E-05 0.141347 0.160355 9.9982E-05 0.0269426
0.445431 9.9973E-05 9.9973E-05 0.516963 0.0373057 9.9973E-05
0.559937 9.9973E-05 0.245042 0.194722 9.9973E-05 9.9973E-05
0.834081 9.9982E-05 0.0691534 9.9982E-05 0.0343209 0.0622447
0.768632 9.9973E-05 0.173431 9.9973E-05 9.9973E-05 0.0576368
0.5991 0.103916 0.257685 9.9982E-05 0.0390987 9.9982E-05
0.304477 0.423883 0.0841394 0.187301 9.9982E-05 9.9982E-05
0.536536 0.448238 0.0149264 9.9973E-05 9.9973E-05 9.9973E-05
0.389323 0.531449 0.0465935 0.0324347 9.9982E-05 9.9982E-05
0.421053 0.578547 9.9964E-05 9.9964E-05 9.9964E-05 9.9964E-05
0.718396 0.064803 9.9982E-05 0.190411 0.0261898 9.9982E-05
0.855718 0.0400088 0.0519017 0.0521717 9.9982E-05 9.9982E-05
0.645875 0.0973877 0.15618 0.0962568 9.9991E-05 0.00420022
0.828642 0.0815221 9.9982E-05 0.0620244 0.0276118 9.9982E-05
0.885329 0.0272098 9.9991E-05 0.0741549 0.00982236 0.00338434
0.865494 0.0998815 0.0343244 9.9973E-05 9.9973E-05 9.9973E-05
0.81535 0.0799277 0.104422 9.9973E-05 9.9973E-05 9.9973E-05
0.827367 0.172234 9.9964E-05 9.9964E-05 9.9964E-05 9.9964E-05
0.413793 0.285318 0.164371 0.136318 9.9982E-05 9.9982E-05
0.553443 0.270057 0.00357502 0.143919 9.9991E-05 0.0289059
0.600501 0.228417 0.0691237 0.101759 9.9982E-05 9.9982E-05
0.778297 0.129477 9.9973E-05 0.0919267 9.9973E-05 9.9973E-05
0.640084 0.226626 9.9973E-05 0.13299 9.9973E-05 9.9973E-05
0.75987 0.23973 9.9964E-05 9.9964E-05 9.9964E-05 9.9964E-05
0.749684 0.164691 9.9973E-05 0.0853252 9.9973E-05 9.9973E-05
0.215331 0.692147 0.0616679 9.9982E-05 0.030654 9.9982E-05
0.41294 0.575198 9.9982E-05 0.0113048 0.000357107 9.9982E-05
0.548 0.4516 9.9964E-05 9.9964E-05 9.9964E-05 9.9964E-05
0.884529 0.115071 9.9964E-05 9.9964E-05 9.9964E-05 9.9964E-05
0.805804 0.0696512 0.0431352 9.9982E-05 0.0812101 9.9982E-05
0.697052 0.176546 0.0983558 9.9982E-05 9.9982E-05 0.0278462
0.835742 0.131205 9.9982E-05 0.0269179 0.00593514 9.9982E-05
0.546346 0.151917 0.0848482 9.9982E-05 9.9982E-05 0.216689
0.598393 0.034595 9.9982E-05 9.9982E-05 0.143402 0.22341
0.644189 0.281591 9.9973E-05 0.0739207 9.9973E-05 9.9973E-05
0.283055 0.657715 9.9973E-05 0.0589303 9.9973E-05 9.9973E-05
0.51532 0.424889 9.9973E-05 9.9973E-05 0.059491 9.9973E-05
0.366354 0.613501 0.0198451 9.9973E-05 9.9973E-05 9.9973E-05
9.9973E-05 0.902967 0.00759946 0.0891338 9.9973E-05 9.9973E-05
0.7264 0.206802 9.9973E-05 0.0664987 9.9973E-05 9.9973E-05
0.334785 0.609682 0.034595 9.9982E-05 0.0207378 9.9982E-05
0.602903 0.394728 9.9973E-05 9.9973E-05 9.9973E-05 0.0020695
0.445864 0.385936 0.0395721 0.128428 9.9982E-05 9.9982E-05
0.460526 0.481115 9.9982E-05 0.0306333 0.0275263 9.9982E-05
9.9982E-05 0.144661 9.9982E-05 0.0817896 0.702445 0.0709045
0.0124708 9.9982E-05 9.9982E-05 0.000110531 0.54862 0.438599
9.9982E-05 0.047764 9.9982E-05 0.11613 0.577528 0.258378
9.9982E-05 0.124783 9.9982E-05 0.0592985 0.168533 0.647185
0.0846846 0.0231788 9.9991E-05 0.0380744 0.124762 0.729201
9.9973E-05 9.9973E-05 9.9973E-05 0.0136235 0.180183 0.805893
9.9982E-05 0.0820689 0.0129879 9.9982E-05 0.556084 0.348659
0.0417699 9.9973E-05 9.9973E-05 9.9973E-05 0.844472 0.113458
9.99731E-05 0.163023 9.99731E-05 0.0550254 0.781651 9.99731E-05
0.0745313 0.0124709 9.9991E-05 0.00501773 0.242364 0.665517
9.99641E-05 9.99641E-05 0.0739919 9.99641E-05 9.99641E-05 0.925608
9.9964E-05 9.9964E-05 0.053089 9.9964E-05 9.9964E-05 0.946511
0.0521975 9.9973E-05 9.9973E-05 0.0302547 9.9973E-05 0.917248
