0.152971 0.379191 0.467738 9.9991E-05
0.531981 0.354929 0.11299 9.9991E-05
0.170526 0.383268 0.446106 9.9991E-05
0.103441 0.41088 0.464806 0.0208724
9.999E-05 0.676424 0.275356 0.0481199
9.9982E-05 0.38819 0.611611 9.9982E-05
0.568264 9.9982E-05 9.9982E-05 0.431536
0.337165 0.112888 0.0103429 0.539605
0.388152 9.9982E-05 9.9982E-05 0.611648
0.413106 9.9982E-05 9.9982E-05 0.586694
0.495265 9.9982E-05 9.9982E-05 0.504535
0.492313 0.00388143 9.9991E-05 0.503706
0.247776 9.9982E-05 9.9982E-05 0.752024
0.22993 9.9991E-05 0.0136794 0.75629
0.438967 9.9982E-05 9.9982E-05 0.560833
0.502933 9.9982E-05 9.9982E-05 0.496867
0.0966081 0.292132 0.591587 0.0196731
0.414625 0.0692878 0.484022 0.0320649
0.105145 9.9991E-05 0.799323 0.0954319
9.9991E-05 0.190074 0.689788 0.120038
0.218887 0.181187 0.580372 0.0195535
0.147319 9.9991E-05 0.844355 0.0082254
0.301554 0.159262 0.503135 0.0360489
0.00653326 0.363695 0.554145 0.0756265
9.9991E-05 0.13356 0.819513 0.0468272
0.0152739 0.147546 0.83708 9.9991E-05
9.9991E-05 0.28207 0.565741 0.152089
9.9991E-05 0.37802 0.49665 0.125231
0.262085 0.53221 0.1762 0.0295045
0.308392 0.35496 0.267189 0.0694589
0.5455 9.9982E-05 0.4543 9.9982E-05
0.194157 0.346905 0.376197 0.082741
0.170867 0.258539 0.570494 9.9991E-05
0.125782 0.0521864 0.764317 0.0577145
0.415511 9.9982E-05 0.584289 9.9982E-05
0.126947 0.192751 0.609412 0.0708906
0.175252 9.9991E-05 0.5182 0.306448
0.109693 0.0932572 0.686747 0.110303
0.273969 9.9991E-05 0.697968 0.0279634
0.0774909 0.00898392 0.867459 0.0460666
0.228231 0.288325 0.483343 9.9991E-05
0.0454853 0.460705 0.423252 0.0705578
0.0339941 0.324502 0.494745 0.14676
0.0848027 0.528234 0.244708 0.142255
0.0921654 0.309745 0.59799 9.9991E-05
0.130788 0.112228 0.756884 9.9991E-05
0.346024 9.9991E-05 0.578367 0.0755085
0.625953 0.131576 0.242372 9.9991E-05
0.753273 0.0980982 0.148529 9.9991E-05
0.517315 0.236012 0.246573 9.9991E-05
0.444173 9.9991E-05 0.517676 0.0380508
0.262864 0.169777 0.53612 0.0312391
0.193256 9.9991E-05 0.72401 0.0826341
0.183992 0.0682069 0.723817 0.0239844
0.208628 0.0516957 0.739577 9.9991E-05
9.9991E-05 0.12363 0.800236 0.0760348
0.273357 0.0181824 0.184846 0.523615
0.141378 0.0831465 0.0615025 0.713973
9.9991E-05 0.0365585 0.0446638 0.918678
0.228832 9.9991E-05 0.0290651 0.742003
0.147239 9.9982E-05 9.9982E-05 0.852561
0.161355 0.0287484 0.0689292 0.740968
0.806117 9.9982E-05 9.9982E-05 0.193683
0.496128 9.9991E-05 0.0810701 0.422702
0.397806 9.9982E-05 9.9982E-05 0.601994
0.252599 9.9982E-05 9.9982E-05 0.747201
0.265155 9.9991E-05 0.103975 0.63077
0.0022449 9.9991E-05 0.0910802 0.906575
0.446976 9.9991E-05 0.00609866 0.546826
0.223987 9.9982E-05 9.9982E-05 0.775813
0.478311 0.00539772 0.048562 0.467729
0.172498 0.0184291 0.0508249 0.758248
0.501777 9.9982E-05 9.9982E-05 0.498023
0.0541759 0.0452629 0.0717278 0.828833
9.9982E-05 9.9982E-05 0.200625 0.799175
0.0803386 0.0205941 0.070088 0.828979
0.146569 0.0626812 9.9991E-05 0.79065
9.9982E-05 0.00911405 9.9982E-05 0.990686
0.124852 9.9982E-05 9.9982E-05 0.874948
0.468767 9.9982E-05 9.9982E-05 0.531033
0.0677608 0.0651213 0.0506293 0.816489
9.9991E-05 0.816997 0.110257 0.0726458
0.243542 0.756258 9.9982E-05 9.9982E-05
0.19164 0.764054 9.9991E-05 0.0442065
9.9991E-05 0.822144 0.0470767 0.13068
0.190561 0.714898 0.0567261 0.0378144
0.73822 0.26158 9.9982E-05 9.9982E-05
0.270514 0.577865 0.064635 0.0869858
0.316446 0.516257 0.162991 0.00430608
0.0539559 0.800053 0.0839338 0.0620578
0.249649 0.750151 9.9982E-05 9.9982E-05
9.9991E-05 0.727721 0.0972713 0.174908
9.9991E-05 0.478472 0.409113 0.112314
9.9991E-05 0.614417 0.332903 0.0525796
0.0520465 0.58433 0.299245 0.0643785
0.392841 0.383687 0.223372 9.9991E-05
0.126081 0.496087 0.377733 9.9991E-05
9.9991E-05 0.659807 0.19883 0.141264
9.9991E-05 0.610429 0.295255 0.0942159
0.0516462 0.633233 0.274214 0.0409066
0.204162 0.657198 0.13854 9.9991E-05
0.0733038 0.865799 0.0607969 9.9991E-05
0.0998948 0.822926 0.0770797 9.9991E-05
0.157766 0.842034 9.9982E-05 9.9982E-05
0.155347 0.81706 9.9991E-05 0.0274939
9.9991E-05 0.820924 0.168092 0.010884
9.9991E-05 0.709757 0.271579 0.0185642
9.9991E-05 0.916565 0.010279 0.0730563
0.00971094 0.855676 0.0229738 0.111639
9.9991E-05 0.917839 0.0472182 0.0348426
9.9991E-05 0.879091 0.051652 0.0691566
9.9991E-05 0.955045 0.0407772 0.00407755
0.114248 0.646313 0.239339 9.9991E-05
0.0444871 0.801715 0.079875 0.0739226
0.123186 0.754841 0.121872 9.9991E-05
9.9991E-05 0.858865 0.0930099 0.0480249
0.00183033 0.94256 0.0023966 0.0532132
9.9991E-05 0.957897 0.0055277 0.0364749
0.0784966 0.852943 0.0569658 0.0115943
0.239961 0.759839 9.9982E-05 9.9982E-05
0.221694 0.778106 9.9982E-05 9.9982E-05
0.147761 0.833392 9.9991E-05 0.0187474
9.9982E-05 0.983321 9.9982E-05 0.0164792
9.9991E-05 0.82033 0.0768598 0.10271
9.9991E-05 0.836179 0.089191 0.0745298
9.9991E-05 0.936132 0.0165742 0.0471935
9.9991E-05 0.660965 0.0384647 0.300471
9.9982E-05 0.596992 9.9982E-05 0.402808
0.0974314 0.902369 9.9982E-05 9.9982E-05
0.246093 0.753707 9.9982E-05 9.9982E-05
0.247677 0.752123 9.9982E-05 9.9982E-05
0.170125 0.829675 9.9982E-05 9.9982E-05
0.316624 0.683176 9.9982E-05 9.9982E-05
0.046401 0.950785 9.9991E-05 0.00271376
0.235694 0.764106 9.9982E-05 9.9982E-05
0.0552377 0.905534 0.0252141 0.0140137
0.137677 0.751818 0.110405 9.9991E-05
0.179894 0.819906 9.9982E-05 9.9982E-05
0.588579 0.0165255 9.9991E-05 0.394795
0.297664 9.9982E-05 9.9982E-05 0.702136
0.426522 9.9982E-05 9.9982E-05 0.573278
0.149028 0.0569213 0.0851825 0.708869
0.069001 0.108089 9.9991E-05 0.82281
0.0346957 0.018763 9.9991E-05 0.946441
0.326671 0.000408177 9.9991E-05 0.672821
0.465436 9.9982E-05 9.9982E-05 0.534365
0.900296 9.9982E-05 9.9982E-05 0.0995042
0.098316 0.108072 9.9991E-05 0.793512
9.99821E-05 9.99821E-05 0.0297288 0.970071
9.9982E-05 9.9982E-05 0.0753887 0.924411
9.9991E-05 0.0372306 0.035644 0.927025
