0.00607804 0.237532 0.75639
9.999E-05 0.5463 0.4536
0.0421842 0.196272 0.761544
0.120161 0.115906 0.763933
0.0750714 9.9991E-05 0.924829
0.128732 0.023173 0.848095
0.41801 0.58189 9.9991E-05
0.524834 0.342467 0.132699
0.624086 0.375814 9.9991E-05
0.595053 0.404847 9.9991E-05
0.525864 0.474036 9.9991E-05
0.524346 0.475554 9.9991E-05
0.763409 0.236491 9.9991E-05
0.77627 0.22363 9.9991E-05
0.592715 0.407185 9.9991E-05
0.491291 0.508609 9.9991E-05
0.114515 0.168181 0.717304
0.100928 0.464259 0.434813
0.244261 0.232082 0.523657
0.233131 0.0649831 0.701886
0.0909 0.318856 0.590244
0.166818 0.306436 0.526746
0.1239 0.333026 0.543074
0.16878 0.0524389 0.778781
0.234981 0.0234653 0.741554
0.127246 0.0515137 0.82124
0.297811 9.9991E-05 0.702089
0.250851 9.9991E-05 0.749049
0.0330036 0.241034 0.725962
0.0785635 0.332071 0.589365
0.0352824 0.635056 0.329662
0.0854987 0.26283 0.651671
0.0114777 0.250379 0.738143
0.215412 0.182325 0.602263
0.0902973 0.551052 0.358651
0.174532 0.188168 0.6373
0.385901 0.268208 0.34589
0.27012 0.139944 0.589936
0.154899 0.321364 0.523737
0.236721 0.149465 0.613814
9.9991E-05 0.313279 0.686621
0.143608 0.0761533 0.780239
0.211963 0.132876 0.655161
0.19509 0.0496857 0.755225
0.0127682 0.194859 0.792372
0.114789 0.203639 0.681572
0.159671 0.554683 0.285645
9.9991E-05 0.711417 0.288483
9.9991E-05 0.786943 0.212957
9.9991E-05 0.573413 0.426487
0.0636882 0.5925 0.343812
0.167557 0.320581 0.511861
0.202298 0.305025 0.492678
0.161829 0.189148 0.649022
0.186582 0.229609 0.58381
0.267988 9.9991E-05 0.731912
0.574709 0.267101 0.15819
0.771465 0.120018 0.108517
0.941542 9.9991E-05 0.0583583
0.693624 0.271359 0.0350175
0.833654 0.166246 9.9991E-05
0.722237 0.184344 0.0934189
0.20102 0.79888 9.9991E-05
0.452881 0.517913 0.0292066
0.598266 0.401634 9.9991E-05
0.717787 0.282113 9.9991E-05
0.635698 0.305366 0.0589361
0.959221 0.0406787 9.9991E-05
0.539653 0.460247 9.9991E-05
0.740276 0.259624 9.9991E-05
0.498642 0.477672 0.0236858
0.754239 0.191699 0.0540622
0.479507 0.520393 9.9991E-05
0.824691 0.0869014 0.0884074
0.895509 0.0075353 0.0969554
0.833781 0.153346 0.0128732
0.783908 0.196981 0.0191111
0.990654 9.9991E-05 0.00924558
0.87196 0.12794 9.9991E-05
0.503612 0.496288 9.9991E-05
0.806028 0.105355 0.0886169
0.0499485 9.9991E-05 0.949952
9.9991E-05 0.212298 0.787602
0.0244953 0.120743 0.854761
0.0796495 0.038139 0.882211
9.9991E-05 0.215574 0.784326
9.9991E-05 0.769303 0.230597
0.035683 0.295716 0.668601
9.9991E-05 0.335183 0.664717
0.0657405 0.0720144 0.862245
9.9991E-05 0.236598 0.763302
0.186466 9.9991E-05 0.813434
0.179525 9.9991E-05 0.820375
0.0951102 0.00605483 0.898835
0.121214 0.036761 0.842025
9.9991E-05 0.410457 0.589443
0.0729485 0.143059 0.783993
0.152492 9.9991E-05 0.847408
0.144023 9.9991E-05 0.855877
0.074477 0.0562158 0.869307
9.9991E-05 0.247559 0.752341
9.9991E-05 0.0435395 0.956361
9.9991E-05 0.101217 0.898683
9.9991E-05 0.142478 0.857422
0.0159547 0.190774 0.793271
0.0431946 9.9991E-05 0.956705
0.0239053 0.02495 0.951145
0.0430443 9.9991E-05 0.956856
0.0572229 9.9991E-05 0.942677
0.0159144 9.9991E-05 0.983986
0.0243269 9.9991E-05 0.975573
9.999E-05 9.999E-05 0.9998
9.9991E-05 0.117536 0.882364
0.0570068 0.076805 0.866188
9.9991E-05 0.101691 0.898209
0.00801762 0.060119 0.931863
0.00935707 0.0435767 0.947066
0.0128336 9.9991E-05 0.987066
0.0144251 0.0343314 0.951243
9.9991E-05 0.23611 0.76379
9.9991E-05 0.199775 0.800125
9.9991E-05 0.120399 0.879501
9.999E-05 9.999E-05 0.9998
0.0959234 9.9991E-05 0.903977
0.0714787 9.9991E-05 0.928421
0.0349721 9.9991E-05 0.964928
0.330375 9.9991E-05 0.669525
0.381342 9.9991E-05 0.618558
9.9991E-05 0.110949 0.888951
9.9991E-05 0.215533 0.784367
9.9991E-05 0.212137 0.787763
9.9991E-05 0.12218 0.87772
9.9991E-05 0.25386 0.74604
9.9991E-05 0.0181211 0.981779
9.9991E-05 0.151141 0.848759
9.9991E-05 0.0164035 0.983497
9.9991E-05 0.171837 0.828063
9.9991E-05 0.159972 0.839928
0.39118 0.590608 0.0182122
0.722283 0.277617 9.9991E-05
0.603647 0.396253 9.9991E-05
0.790058 0.13704 0.0729022
0.853059 0.0417136 0.105227
0.978839 0.0133195 0.00784103
0.703403 0.296497 9.9991E-05
0.527643 0.472257 9.9991E-05
0.109251 0.890649 9.9991E-05
0.831621 0.11073 0.0576488
0.9998 9.999E-05 9.999E-05
0.9998 9.999E-05 9.999E-05
0.946375 9.9991E-05 0.0535252
