9.9973E-05 0.0122561 0.181724 0.0841171 9.9973E-05 0.0710837 9.9973E-05 0.499986 0.150533
0.101028 9.9964E-05 0.0925906 0.322639 9.9964E-05 0.308397 9.9964E-05 0.174945 9.9964E-05
9.9973E-05 9.9973E-05 0.292317 0.141552 0.127256 0.0452246 9.9973E-05 0.262571 0.13078
9.9964E-05 0.0467377 9.9964E-05 0.011555 0.297321 0.0133183 9.9964E-05 0.630669 9.9964E-05
9.9955E-05 9.9955E-05 0.590808 9.9955E-05 0.186789 9.9955E-05 9.9955E-05 0.0502555 0.171648
9.9973E-05 9.9973E-05 0.0917612 9.9973E-05 0.250897 0.0353807 0.010191 0.5475 0.0639701
0.049503 0.697408 9.9955E-05 0.224737 9.9955E-05 0.027852 9.9955E-05 9.9955E-05 9.9955E-05
0.0931203 0.669797 0.146247 0.0478305 9.9973E-05 0.0151026 9.9973E-05 9.9973E-05 0.027603
9.9946E-05 0.91257 9.9946E-05 9.9946E-05 0.0744078 0.0124224 9.9946E-05 9.9946E-05 9.9946E-05
0.0494526 0.90424 9.9955E-05 9.9955E-05 9.9955E-05 0.00107043 9.9955E-05 0.0447374 9.9955E-05
9.99549E-05 0.715076 9.99549E-05 0.221543 9.99549E-05 0.0175003 9.99549E-05 0.0453806 9.99549E-05
9.99549E-05 0.484535 0.0123702 0.421085 9.99549E-05 9.99549E-05 9.99549E-05 9.99549E-05 0.0815105
9.9964E-05 0.762512 0.0170164 0.0307995 0.0153547 9.9964E-05 0.173918 9.9964E-05 9.9964E-05
9.99461E-05 0.880886 9.99461E-05 9.99461E-05 9.99461E-05 9.99461E-05 0.0957654 9.99461E-05 0.0227492
0.100398 0.767585 9.9946E-05 0.131417 9.9946E-05 9.9946E-05 9.9946E-05 9.9946E-05 9.9946E-05
0.0609505 0.701862 9.99551E-05 0.184027 9.99551E-05 0.0526613 9.99551E-05 9.99551E-05 9.99551E-05
0.148657 9.9955E-05 0.337233 9.9955E-05 0.0504159 9.9955E-05 9.9955E-05 9.9955E-05 0.463194
0.583248 9.9955E-05 9.9955E-05 9.9955E-05 9.9955E-05 0.0282431 0.0965033 0.291506 9.9955E-05
0.229943 9.9955E-05 9.9955E-05 9.9955E-05 0.204056 9.9955E-05 0.0127584 9.9955E-05 0.552743
0.155599 9.9973E-05 0.0981279 9.9973E-05 0.169693 9.9973E-05 0.0850229 0.166884 0.324373
0.482591 9.99729E-05 0.239037 9.99729E-05 0.0178013 9.99729E-05 0.0295729 0.149866 0.0808316
0.383174 9.99549E-05 9.99549E-05 9.99549E-05 9.99549E-05 9.99549E-05 0.0556576 0.352749 0.20792
9.9964E-05 9.9964E-05 0.159096 0.211399 0.00710644 0.08155 9.9964E-05 9.9964E-05 0.540449
9.9955E-05 9.9955E-05 0.199831 9.9955E-05 9.9955E-05 0.152795 9.9955E-05 0.0754854 0.57139
9.99551E-05 9.99551E-05 0.0894019 9.99551E-05 0.0854698 9.99551E-05 9.99551E-05 0.014044 0.810584
9.9955E-05 9.9955E-05 0.0683516 9.9955E-05 9.9955E-05 0.036972 9.9955E-05 0.687997 0.206179
0.00679768 9.9955E-05 0.36417 9.9955E-05 9.9955E-05 9.9955E-05 0.0843871 9.9955E-05 0.544146
9.9964E-05 0.0546828 0.411868 9.9964E-05 0.104088 9.9964E-05 0.0242803 9.9964E-05 0.404681
0.210348 0.101258 0.448267 9.9964E-05 9.9964E-05 0.157045 9.9964E-05 0.0826818 9.9964E-05
0.355784 0.129071 0.398001 9.99551E-05 9.99551E-05 9.99551E-05 9.99551E-05 0.116644 9.99551E-05
0.273951 9.9955E-05 9.9955E-05 0.353746 0.102489 9.9955E-05 9.9955E-05 0.269314 9.9955E-05
0.159292 9.9973E-05 0.208248 0.16924 0.28743 9.9973E-05 0.00832207 0.167168 9.9973E-05
0.17155 9.9973E-05 0.163494 0.0459027 0.193329 9.9973E-05 9.9973E-05 0.37191 0.0535147
9.995E-05 0.0301762 9.995E-05 9.995E-05 9.995E-05 0.0569311 9.995E-05 0.265907 0.646486
9.99459E-05 9.99459E-05 9.99459E-05 0.275838 9.99459E-05 0.0634018 9.99459E-05 9.99459E-05 0.66016
0.146699 9.9964E-05 0.225323 0.0588158 0.0903741 9.9964E-05 9.9964E-05 9.9964E-05 0.478389
9.9955E-05 9.9955E-05 9.9955E-05 0.238645 0.19534 9.9955E-05 0.188061 9.9955E-05 0.377454
0.0342218 9.9982E-05 0.0115621 0.0190915 0.238108 0.00576225 0.0452557 9.9982E-05 0.645799
0.147029 0.0761478 9.9973E-05 9.9973E-05 0.0706764 0.135692 9.9973E-05 0.116243 0.453911
0.14838 9.99459E-05 9.99459E-05 9.99459E-05 0.221002 9.99459E-05 9.99459E-05 9.99459E-05 0.630019
9.99371E-05 9.99371E-05 9.99371E-05 9.99371E-05 9.99371E-05 0.422277 9.99371E-05 0.577024 9.99371E-05
9.9964E-05 9.9964E-05 0.158176 9.9964E-05 0.0601807 0.169034 0.129958 0.482252 9.9964E-05
0.077464 9.9955E-05 9.9955E-05 9.9955E-05 0.312137 9.9955E-05 0.109974 0.499925 9.9955E-05
9.996E-05 9.996E-05 9.996E-05 9.996E-05 0.165307 0.524763 0.129534 0.0465662 0.13343
9.99461E-05 0.0200352 9.99461E-05 9.99461E-05 9.99461E-05 0.0715983 9.99461E-05 0.907767 9.99461E-05
9.9937E-05 9.9937E-05 9.9937E-05 9.9937E-05 9.9937E-05 9.9937E-05 0.0402498 0.959051 9.9937E-05
0.678509 9.9946E-05 9.9946E-05 9.9946E-05 9.9946E-05 9.9946E-05 0.077761 9.9946E-05 0.24313
0.714526 9.9964E-05 9.9964E-05 0.082738 0.0446648 0.151037 0.00663453 9.9964E-05 9.9964E-05
0.809714 9.9946E-05 9.9946E-05 0.0540068 9.9946E-05 0.13568 9.9946E-05 9.9946E-05 9.9946E-05
0.666932 9.9946E-05 9.9946E-05 9.9946E-05 0.0285231 0.303945 9.9946E-05 9.9946E-05 9.9946E-05
0.714096 0.0388323 9.99639E-05 9.99639E-05 9.99639E-05 9.99639E-05 0.0131134 0.188707 0.0448514
0.217686 0.0414557 9.9973E-05 9.9973E-05 9.9973E-05 0.288451 0.0202212 0.0210943 0.410792
0.432556 9.9964E-05 0.0839694 9.9964E-05 9.9964E-05 9.9964E-05 0.0695738 0.0341179 0.379383
0.0906309 9.9964E-05 9.9964E-05 9.9964E-05 9.9964E-05 0.248987 0.0367873 0.175234 0.447961
0.124308 0.0168899 9.99639E-05 9.99639E-05 9.99639E-05 0.214231 9.99639E-05 0.102026 0.542145
0.0431867 9.99639E-05 0.167901 9.99639E-05 9.99639E-05 9.99639E-05 0.123374 0.385785 0.279354
9.9973E-05 0.578591 9.9973E-05 0.0545998 0.0411813 0.0525536 0.0478543 9.9973E-05 0.22492
9.9964E-05 0.645713 0.052387 9.9964E-05 9.9964E-05 0.0164024 0.166127 9.9964E-05 0.118972
9.9955E-05 0.00769518 9.9955E-05 9.9955E-05 9.9955E-05 0.0755887 0.89205 9.9955E-05 0.0241665
0.0606265 0.215657 9.99639E-05 0.129284 9.99639E-05 0.111665 0.482367 9.99639E-05 9.99639E-05
9.99639E-05 0.133061 9.99639E-05 0.272417 0.00179964 0.002954 0.589368 9.99639E-05 9.99639E-05
0.100447 9.99549E-05 9.99549E-05 0.18491 9.99549E-05 9.99549E-05 0.686914 0.0272296 9.99549E-05
0.115134 0.038119 9.99459E-05 0.846148 9.99459E-05 9.99459E-05 9.99459E-05 9.99459E-05 9.99459E-05
9.99459E-05 9.99459E-05 9.99459E-05 0.715644 9.99459E-05 9.99459E-05 0.223743 9.99459E-05 0.060013
9.99549E-05 0.642284 9.99549E-05 0.241751 0.0961277 9.99549E-05 0.0193381 9.99549E-05 9.99549E-05
0.0350015 0.874464 9.9946E-05 9.9946E-05 9.9946E-05 9.9946E-05 0.0899348 9.9946E-05 9.9946E-05
9.9964E-05 0.541402 9.9964E-05 0.12635 9.9964E-05 9.9964E-05 0.159296 0.0528531 0.119699
9.99462E-05 0.416705 9.99462E-05 9.99462E-05 9.99462E-05 9.99462E-05 0.442206 9.99462E-05 0.140489
9.9955E-05 0.227109 9.9955E-05 0.526234 9.9955E-05 9.9955E-05 0.144669 9.9955E-05 0.101488
9.9955E-05 0.388756 9.9955E-05 0.206752 9.9955E-05 9.9955E-05 0.282264 9.9955E-05 0.121728
9.9955E-05 0.1335 9.9955E-05 0.590699 9.9955E-05 9.9955E-05 0.131543 9.9955E-05 0.143758
9.9964E-05 0.410581 0.0172813 0.105535 9.9964E-05 9.9964E-05 0.370228 9.9964E-05 0.0959749
9.996E-05 0.0869645 0.0449431 0.70495 9.996E-05 9.996E-05 0.159232 9.996E-05 0.00351076
0.0716234 0.0131572 0.0245023 0.181016 9.9964E-05 9.9964E-05 0.709301 9.9964E-05 9.9964E-05
0.00849338 0.217815 9.9973E-05 0.0123008 9.9973E-05 9.9973E-05 0.590619 0.0659614 0.104511
0.125285 9.99459E-05 9.99459E-05 0.140979 9.99459E-05 9.99459E-05 0.733137 9.99459E-05 9.99459E-05
9.9955E-05 0.0373292 9.9955E-05 0.31411 0.095654 9.9955E-05 0.552407 9.9955E-05 9.9955E-05
9.9955E-05 0.0256147 9.9955E-05 9.9955E-05 0.00529127 0.0246771 0.943917 9.9955E-05 9.9955E-05
9.9955E-05 0.380846 9.9955E-05 0.0649137 9.9955E-05 0.0455542 0.508187 9.9955E-05 9.9955E-05
0.0354822 0.175017 9.99639E-05 0.583396 9.99639E-05 9.99639E-05 0.192664 9.99639E-05 0.0130408
0.0850267 0.0628433 9.9964E-05 0.0473339 9.9964E-05 9.9964E-05 0.657413 0.146983 9.9964E-05
9.99461E-05 9.99461E-05 0.761373 9.99461E-05 9.99461E-05 9.99461E-05 0.0466985 0.191329 9.99461E-05
9.9955E-05 9.9955E-05 0.0985859 9.9955E-05 9.9955E-05 0.745215 0.0898283 0.0658705 9.9955E-05
9.9946E-05 9.9946E-05 0.164276 9.9946E-05 9.9946E-05 0.73155 0.103575 9.9946E-05 9.9946E-05
0.0696218 0.0535925 0.72933 9.9955E-05 0.146956 9.9955E-05 9.9955E-05 9.9955E-05 9.9955E-05
0.284994 0.033886 0.673145 9.9955E-05 9.9955E-05 0.00747533 9.9955E-05 9.9955E-05 9.9955E-05
0.358814 9.99461E-05 9.99461E-05 0.252502 9.99461E-05 0.388084 9.99461E-05 9.99461E-05 9.99461E-05
0.0760567 9.99641E-05 9.99641E-05 0.113866 0.566528 0.229443 9.99641E-05 0.0137053 9.99641E-05
0.128188 0.0585688 9.9964E-05 9.9964E-05 0.462574 0.307468 9.9964E-05 0.0428027 9.9964E-05
0.0853129 9.9964E-05 0.248318 9.9964E-05 0.514391 0.0670504 9.9964E-05 0.0845275 9.9964E-05
0.0989957 9.9955E-05 0.110945 9.9955E-05 0.415723 0.373837 9.9955E-05 9.9955E-05 9.9955E-05
9.99371E-05 9.99371E-05 9.99371E-05 9.99371E-05 0.97334 9.99371E-05 0.0259608 9.99371E-05 9.99371E-05
9.9946E-05 9.9946E-05 9.9946E-05 9.9946E-05 0.888027 9.9946E-05 9.9946E-05 0.101038 0.0103353
9.99639E-05 0.028465 0.25341 9.99639E-05 0.492219 9.99639E-05 9.99639E-05 0.204942 0.0205644
0.0666181 9.9955E-05 9.9955E-05 9.9955E-05 0.838325 0.0790384 9.9955E-05 9.9955E-05 0.0155182
0.374969 9.99549E-05 9.99549E-05 0.0185435 0.576287 9.99549E-05 9.99549E-05 0.0297011 9.99549E-05
0.13575 9.9964E-05 0.0354726 9.9964E-05 0.640779 9.9964E-05 9.9964E-05 0.129907 0.0576916
9.9946E-05 0.0317966 0.163421 9.9946E-05 0.804183 9.9946E-05 9.9946E-05 9.9946E-05 9.9946E-05
9.9946E-05 9.9946E-05 0.099875 9.9946E-05 0.806336 9.9946E-05 9.9946E-05 9.9946E-05 0.0931894
9.997E-05 0.0158002 0.142473 9.997E-05 0.435192 0.207866 9.997E-05 0.147321 0.0510475
0.259934 0.0144259 0.32115 9.99639E-05 0.0803345 0.323755 9.99639E-05 9.99639E-05 9.99639E-05
0.00848016 9.995E-05 0.525652 9.995E-05 9.995E-05 0.250984 9.995E-05 0.214383 9.995E-05
0.0163916 9.9955E-05 0.460016 9.9955E-05 9.9955E-05 0.428666 9.9955E-05 9.9955E-05 0.0944263
0.0264756 9.9946E-05 0.429297 9.9946E-05 9.9946E-05 0.543628 9.9946E-05 9.9946E-05 9.9946E-05
0.124497 9.9955E-05 0.72146 0.105306 0.0482361 9.9955E-05 9.9955E-05 9.9955E-05 9.9955E-05
0.0104189 9.9955E-05 0.886385 9.9955E-05 9.9955E-05 9.9955E-05 9.9955E-05 0.0462538 0.0564422
0.110682 9.9946E-05 0.707304 9.9946E-05 9.9946E-05 9.9946E-05 9.9946E-05 9.9946E-05 0.181413
0.0539788 0.00372865 0.941693 9.99461E-05 9.99461E-05 9.99461E-05 9.99461E-05 9.99461E-05 9.99461E-05
0.0139676 0.0234443 0.820683 0.0151363 0.10404 9.9973E-05 9.9973E-05 9.9973E-05 0.0224287
9.9946E-05 9.9946E-05 0.661808 9.9946E-05 0.2722 9.9946E-05 9.9946E-05 0.0653924 9.9946E-05
9.9946E-05 9.9946E-05 0.8238 9.9946E-05 9.9946E-05 9.9946E-05 9.9946E-05 0.15774 0.017861
9.9955E-05 9.9955E-05 0.794962 9.9955E-05 0.0587566 0.126867 9.9955E-05 9.9955E-05 0.0189152
0.0553308 9.99549E-05 0.418604 9.99549E-05 9.99549E-05 0.114666 9.99549E-05 0.4109 9.99549E-05
0.111303 9.996E-05 0.356554 9.996E-05 0.192329 0.278215 0.0611996 9.996E-05 9.996E-05
9.9964E-05 9.9964E-05 0.552561 0.034133 0.126404 0.113481 9.9964E-05 0.17302 9.9964E-05
0.0844372 9.99731E-05 0.707835 9.99731E-05 0.127853 0.0379188 9.99731E-05 0.0225827 0.0190729
0.0851192 9.99641E-05 0.793046 9.99641E-05 0.0142831 0.094838 9.99641E-05 0.0123134 9.99641E-05
0.00311115 9.9955E-05 0.82759 9.9955E-05 9.9955E-05 0.0927403 9.9955E-05 9.9955E-05 0.0760587
0.0493572 9.99639E-05 0.656902 0.00413206 0.180994 0.108215 9.99639E-05 9.99639E-05 9.99639E-05
9.995E-05 9.995E-05 0.235156 0.0512966 9.995E-05 0.672432 9.995E-05 9.995E-05 0.040616
9.9946E-05 9.9946E-05 0.101957 9.9946E-05 0.173608 0.723835 9.9946E-05 9.9946E-05 9.9946E-05
9.9964E-05 9.9964E-05 0.396008 0.0383801 0.130712 0.395714 9.9964E-05 9.9964E-05 0.0387856
9.9955E-05 9.9955E-05 0.819109 9.9955E-05 0.0653997 0.00876518 9.9955E-05 0.106226 9.9955E-05
9.998E-05 0.068676 0.572343 0.0114928 0.244906 0.0440305 0.0105737 9.998E-05 0.0477779
9.9964E-05 9.9964E-05 0.513151 9.9964E-05 0.217391 0.168069 0.0223166 9.9964E-05 0.0786727
0.00209768 9.9964E-05 0.786383 0.0285374 0.117839 0.0647432 9.9964E-05 9.9964E-05 9.9964E-05
9.9955E-05 0.205211 0.630602 9.9955E-05 9.9955E-05 9.9955E-05 0.0244885 9.9955E-05 0.139199
9.9964E-05 0.0249035 0.577438 0.108961 0.0262862 9.9964E-05 0.262011 9.9964E-05 9.9964E-05
0.0833439 9.9964E-05 0.66405 0.0217786 0.0490206 0.181407 9.9964E-05 9.9964E-05 9.9964E-05
0.0869706 9.99549E-05 0.231736 9.99549E-05 0.0349028 0.64589 9.99549E-05 9.99549E-05 9.99549E-05
9.997E-05 0.0209917 0.407446 0.0802032 0.0517723 0.426781 9.997E-05 0.0125059 9.997E-05
9.9955E-05 0.0366092 0.240406 9.9955E-05 0.0816678 0.640818 9.9955E-05 9.9955E-05 9.9955E-05
0.0625767 9.99549E-05 0.0647521 9.99549E-05 9.99549E-05 0.784768 9.99549E-05 0.0874032 9.99549E-05
0.105871 9.9946E-05 0.849016 9.9946E-05 9.9946E-05 0.0445132 9.9946E-05 9.9946E-05 9.9946E-05
9.9964E-05 0.0200466 0.296893 9.9964E-05 0.0293693 0.598942 9.9964E-05 0.0543497 9.9964E-05
9.9946E-05 9.9946E-05 0.61052 9.9946E-05 9.9946E-05 0.187802 9.9946E-05 0.201078 9.9946E-05
0.0425973 9.9955E-05 0.447832 9.9955E-05 9.9955E-05 0.260645 9.9955E-05 0.248425 9.9955E-05
9.9946E-05 9.9946E-05 0.559267 0.0925939 9.9946E-05 0.34754 9.9946E-05 9.9946E-05 9.9946E-05
0.0146415 9.9955E-05 9.9955E-05 0.70434 9.9955E-05 0.0899362 0.190583 9.9955E-05 9.9955E-05
9.9955E-05 0.20986 9.9955E-05 0.340189 9.9955E-05 9.9955E-05 0.431775 0.0176762 9.9955E-05
0.0692122 0.340485 9.9964E-05 0.314759 9.9964E-05 0.0288812 0.246263 9.9964E-05 9.9964E-05
0.00239802 0.0838707 9.998E-05 0.111318 0.00804464 0.119716 0.633036 0.0414177 9.998E-05
0.00202807 0.0740927 9.9973E-05 0.0677411 0.109291 0.0570275 0.68952 9.9973E-05 9.9973E-05
9.9964E-05 0.100607 0.00407556 0.0964155 9.9964E-05 9.9964E-05 0.788172 0.0103299 9.9964E-05
9.9964E-05 0.187793 9.9964E-05 0.37613 9.9964E-05 0.0576097 0.375707 0.0023612 9.9964E-05
9.9946E-05 0.251757 9.9946E-05 0.560655 9.9946E-05 9.9946E-05 0.186988 9.9946E-05 9.9946E-05
9.993E-05 9.993E-05 9.993E-05 0.999201 9.993E-05 9.993E-05 9.993E-05 9.993E-05 9.993E-05
9.99549E-05 0.160323 0.0724858 0.125953 9.99549E-05 9.99549E-05 0.640739 9.99549E-05 9.99549E-05
9.99462E-05 0.027795 9.99462E-05 9.99462E-05 9.99462E-05 9.99462E-05 0.866724 9.99462E-05 0.104881
9.99371E-05 9.99371E-05 9.99371E-05 9.99371E-05 9.99371E-05 9.99371E-05 0.915077 9.99371E-05 0.0842238
9.99461E-05 0.110681 0.0466637 9.99461E-05 9.99461E-05 9.99461E-05 0.842056 9.99461E-05 9.99461E-05
