0.0167217 0.0248793 9.9982E-05 0.182682 0.393009 0.246533 0.135975 9.9982E-05
0.048573 0.23053 9.9991E-05 0.0928415 0.0174267 0.368837 0.13713 0.104561
9.9982E-05 0.117187 9.9982E-05 0.290688 0.218496 0.126587 0.209101 0.0377421
9.9964E-05 9.9964E-05 0.022856 9.9964E-05 0.207823 0.192218 0.576703 9.9964E-05
9.9955E-05 9.9955E-05 9.9955E-05 0.642438 0.219788 9.9955E-05 0.137273 9.9955E-05
9.9973E-05 9.9973E-05 9.9973E-05 0.162375 0.323567 0.0162409 0.476242 0.0212753
0.691167 0.214614 9.9955E-05 9.9955E-05 9.9955E-05 9.9955E-05 9.9955E-05 0.0937197
0.700516 0.0414888 9.9973E-05 0.176396 0.0068312 9.9973E-05 9.9973E-05 0.0744674
0.865942 0.0749717 9.9964E-05 9.9964E-05 9.9964E-05 0.0161952 0.0424909 9.9964E-05
0.83027 0.0719716 9.9973E-05 9.9973E-05 0.0639578 0.00220872 9.9973E-05 0.0312918
0.694139 0.237753 9.99549E-05 9.99549E-05 9.99549E-05 0.0676087 9.99549E-05 9.99549E-05
0.307602 0.595566 0.0524187 0.0343826 0.00973094 9.9973E-05 9.9973E-05 9.9973E-05
0.688441 0.102543 0.208517 9.9955E-05 9.9955E-05 9.9955E-05 9.9955E-05 9.9955E-05
0.886811 9.9955E-05 0.102138 9.9955E-05 0.0105509 9.9955E-05 9.9955E-05 9.9955E-05
0.792791 0.121216 9.9955E-05 9.9955E-05 9.9955E-05 9.9955E-05 9.9955E-05 0.0854929
0.646906 0.268357 9.9964E-05 9.9964E-05 9.9964E-05 0.0658114 9.9964E-05 0.0185263
9.9955E-05 9.9955E-05 9.9955E-05 0.335296 0.476581 9.9955E-05 9.9955E-05 0.187624
9.9982E-05 9.9982E-05 0.0884461 0.0814284 0.167445 0.0143581 0.00543384 0.642689
9.9973E-05 0.00737315 0.0619577 9.9973E-05 0.644408 9.9973E-05 0.111703 0.174258
9.997E-05 9.997E-05 0.0578201 0.152627 0.510148 9.997E-05 0.130739 0.148366
0.0319173 9.9973E-05 9.9973E-05 0.243227 0.213829 9.9973E-05 0.0140828 0.496644
9.99639E-05 9.99639E-05 0.0227983 9.99639E-05 0.449015 9.99639E-05 0.121022 0.406765
9.9964E-05 0.191582 9.9964E-05 0.0583511 0.549553 0.200114 9.9964E-05 9.9964E-05
9.9964E-05 0.0313515 9.9964E-05 0.190278 0.589498 0.188473 9.9964E-05 9.9964E-05
0.00233485 9.99641E-05 9.99641E-05 0.111142 0.882223 9.99641E-05 0.00389969 9.99641E-05
9.9964E-05 9.9964E-05 9.9964E-05 0.0491489 0.579119 0.152197 0.219135 9.9964E-05
9.9955E-05 9.9955E-05 0.0909043 0.388964 0.519632 9.9955E-05 9.9955E-05 9.9955E-05
0.00791396 9.9964E-05 0.0579002 0.435356 0.49843 9.9964E-05 9.9964E-05 9.9964E-05
0.133846 9.9973E-05 9.9973E-05 0.434102 0.00754224 0.187354 9.9973E-05 0.236855
0.152766 9.9982E-05 9.9982E-05 0.216468 0.0390127 0.10959 0.0904878 0.391476
9.9955E-05 0.267069 9.9955E-05 9.9955E-05 9.9955E-05 9.9955E-05 0.365252 0.367179
9.99729E-05 0.150206 9.99729E-05 0.290179 0.0184263 9.99729E-05 0.314023 0.226866
9.9964E-05 9.9964E-05 9.9964E-05 0.1379 0.161247 9.9964E-05 0.457622 0.242831
9.9955E-05 0.0376815 9.9955E-05 9.9955E-05 0.843801 0.118017 9.9955E-05 9.9955E-05
9.99549E-05 0.299106 9.99549E-05 9.99549E-05 0.594932 0.105462 9.99549E-05 9.99549E-05
9.9973E-05 0.0887662 9.9973E-05 0.285632 0.514135 9.9973E-05 0.00433166 0.106836
9.9973E-05 0.274208 0.141523 9.9973E-05 0.358455 9.9973E-05 0.1953 0.0302146
9.9964E-05 0.0969938 0.0183087 0.177458 0.70684 9.9964E-05 9.9964E-05 9.9964E-05
0.0584644 9.9973E-05 9.9973E-05 9.9973E-05 0.584512 0.146933 0.0783349 0.131456
9.9973E-05 9.9973E-05 0.0244675 0.0930945 0.627637 9.9973E-05 0.127737 0.126764
9.9955E-05 9.9955E-05 9.9955E-05 9.9955E-05 0.113147 0.499641 0.386713 9.9955E-05
9.9973E-05 9.9973E-05 0.100993 0.162599 0.120117 0.221243 0.394748 9.9973E-05
9.9973E-05 9.9973E-05 0.1162 0.0714879 0.187924 9.9973E-05 0.541509 0.0825795
9.9964E-05 9.9964E-05 0.179678 9.9964E-05 0.120271 0.583782 0.115869 9.9964E-05
0.0263212 9.9964E-05 9.9964E-05 9.9964E-05 0.229876 0.167471 0.575932 9.9964E-05
9.9955E-05 9.9955E-05 9.9955E-05 9.9955E-05 0.367571 9.9955E-05 0.588366 0.0435638
9.9955E-05 9.9955E-05 0.0948282 9.9955E-05 0.246772 9.9955E-05 9.9955E-05 0.6579
9.996E-05 0.107457 9.996E-05 0.00395062 9.996E-05 0.14328 9.996E-05 0.744912
9.9955E-05 0.0379598 9.9955E-05 9.9955E-05 9.9955E-05 0.107475 9.9955E-05 0.854066
9.9946E-05 9.9946E-05 9.9946E-05 9.9946E-05 9.9946E-05 0.367309 9.9946E-05 0.632091
0.0417904 9.9964E-05 9.9964E-05 9.9964E-05 0.13828 9.9964E-05 0.05511 0.764419
0.084866 9.9973E-05 0.0248393 9.9973E-05 0.373143 0.323671 9.9973E-05 0.193181
9.9964E-05 9.9964E-05 0.0709155 0.0153182 0.435229 9.9964E-05 9.9964E-05 0.478137
9.9973E-05 9.9973E-05 0.0353468 9.9973E-05 0.605744 0.246412 0.00365947 0.108537
9.99549E-05 9.99549E-05 9.99549E-05 9.99549E-05 0.581509 0.279936 9.99549E-05 0.138056
9.997E-05 9.997E-05 0.0677436 0.130478 0.538843 9.997E-05 0.185462 0.0771734
0.356065 0.156041 0.178723 9.9973E-05 0.201871 0.107 9.9973E-05 9.9973E-05
0.553445 9.9964E-05 0.242373 0.0784345 0.125347 9.9964E-05 9.9964E-05 9.9964E-05
0.126051 0.00897469 0.789463 9.9973E-05 9.9973E-05 0.0224177 0.0527941 9.9973E-05
0.129354 0.210563 0.503012 9.9973E-05 9.9973E-05 0.106742 9.9973E-05 0.0500281
0.0496769 0.301474 0.636303 9.9964E-05 9.9964E-05 0.0121464 9.9964E-05 9.9964E-05
9.996E-05 0.233491 0.595531 0.00737044 9.996E-05 9.996E-05 9.996E-05 0.163207
9.9946E-05 0.876125 9.9946E-05 9.9946E-05 9.9946E-05 9.9946E-05 9.9946E-05 0.123275
9.9964E-05 0.815902 0.110838 9.9964E-05 0.0314878 9.9964E-05 0.0413727 9.9964E-05
0.551517 0.330644 0.05727 9.9964E-05 9.9964E-05 9.9964E-05 0.0601694 9.9964E-05
0.753562 0.0920229 0.153916 9.9955E-05 9.9955E-05 9.9955E-05 9.9955E-05 9.9955E-05
0.370721 0.245159 0.186932 9.9973E-05 0.186528 9.9973E-05 0.0103609 9.9973E-05
0.476601 9.99551E-05 0.46122 9.99551E-05 0.0616796 9.99551E-05 9.99551E-05 9.99551E-05
0.244671 0.496094 0.130696 9.9964E-05 0.128139 9.9964E-05 9.9964E-05 9.9964E-05
0.200405 0.372579 0.377916 9.9964E-05 0.0487005 9.9964E-05 9.9964E-05 9.9964E-05
0.106239 0.687683 0.0428007 0.0138093 0.149168 9.9973E-05 9.9973E-05 9.9973E-05
0.264197 0.268297 0.377635 0.0389891 0.0505819 9.997E-05 9.997E-05 9.997E-05
0.0261202 0.812992 0.110447 0.0500413 9.9964E-05 9.9964E-05 9.9964E-05 9.9964E-05
0.0863351 0.1328 0.655423 0.0622703 9.9973E-05 9.9973E-05 9.9973E-05 0.0628723
0.148182 0.0697244 0.620082 9.9964E-05 0.161612 9.9964E-05 9.9964E-05 9.9964E-05
9.9964E-05 0.199222 0.659777 9.9964E-05 9.9964E-05 9.9964E-05 0.0497749 0.0908264
9.9955E-05 0.341182 0.559953 9.9955E-05 9.9955E-05 9.9955E-05 0.0983661 9.9955E-05
9.9955E-05 0.0293591 0.932927 9.9955E-05 9.9955E-05 9.9955E-05 0.0372137 9.9955E-05
0.31246 0.095665 0.563772 9.9964E-05 9.9964E-05 0.0277029 9.9964E-05 9.9964E-05
0.0138678 0.648628 0.241252 9.9964E-05 9.9964E-05 9.9964E-05 9.9964E-05 0.0958519
0.0502848 0.0396411 0.653758 9.9973E-05 9.9973E-05 9.9973E-05 0.121348 0.134669
9.99731E-05 9.99731E-05 0.0269661 0.819523 0.00159051 9.99731E-05 0.0785857 0.073035
9.9955E-05 9.9955E-05 0.0821832 0.128015 9.9955E-05 0.789302 9.9955E-05 9.9955E-05
9.9955E-05 9.9955E-05 0.112273 0.179624 9.9955E-05 0.707604 9.9955E-05 9.9955E-05
0.059866 9.9964E-05 9.9964E-05 0.716036 9.9964E-05 9.9964E-05 0.133281 0.0904166
0.0836709 9.9973E-05 9.9973E-05 0.549646 9.9973E-05 0.07698 0.0502981 0.239105
9.99551E-05 0.132641 9.99551E-05 9.99551E-05 9.99551E-05 0.365888 9.99551E-05 0.500971
0.0682458 0.054215 9.9973E-05 0.0469243 9.9973E-05 0.254692 0.575623 9.9973E-05
0.0830616 9.9964E-05 9.9964E-05 9.9964E-05 9.9964E-05 0.351188 0.549687 0.0156633
9.9964E-05 0.0193088 9.9964E-05 0.39029 9.9964E-05 9.9964E-05 0.555555 0.0344459
9.9973E-05 0.0813368 9.9973E-05 0.382479 9.9973E-05 0.250775 0.199019 0.0860899
9.9955E-05 9.9955E-05 0.073065 0.248324 9.9955E-05 9.9955E-05 0.678111 9.9955E-05
9.9964E-05 9.9964E-05 0.0144631 0.0496048 0.086779 9.9964E-05 0.848753 9.9964E-05
0.032536 9.99639E-05 9.99639E-05 0.358487 0.113344 9.99639E-05 0.495233 9.99639E-05
9.9973E-05 0.0502259 9.9973E-05 0.31963 0.0778376 9.9973E-05 0.551337 0.000669604
9.99549E-05 0.00598444 9.99549E-05 9.99549E-05 9.99549E-05 9.99549E-05 0.662984 0.330531
0.034361 9.9982E-05 9.9982E-05 0.0894102 0.0427868 0.0211528 0.728518 0.0835708
0.0733578 9.9955E-05 9.9955E-05 0.328524 9.9955E-05 9.9955E-05 0.597618 9.9955E-05
9.9973E-05 0.00920543 0.00641288 0.378151 0.107013 9.9973E-05 0.498918 9.9973E-05
0.0122819 9.9973E-05 9.9973E-05 0.296926 0.111367 0.127743 0.451383 9.9973E-05
0.0625449 9.9982E-05 9.9982E-05 0.401932 0.00555064 0.330001 0.0174 0.182371
9.9964E-05 9.9964E-05 9.9964E-05 0.498935 9.9964E-05 0.327587 0.124867 0.0482114
9.9964E-05 9.9964E-05 9.9964E-05 0.463574 0.0703968 0.42456 9.9964E-05 0.0410698
9.9955E-05 9.9955E-05 9.9955E-05 0.46224 9.9955E-05 0.533375 9.9955E-05 0.00388524
9.9964E-05 0.0496942 9.9964E-05 0.765225 9.9964E-05 9.9964E-05 0.00597865 0.178702
9.9955E-05 9.9955E-05 9.9955E-05 0.824584 0.108817 9.9955E-05 9.9955E-05 0.0660993
9.9964E-05 9.9964E-05 9.9964E-05 0.665205 0.218626 0.0220341 9.9964E-05 0.0937352
0.0222012 9.995E-05 9.995E-05 0.890703 9.995E-05 9.995E-05 9.995E-05 0.0865959
9.9982E-05 0.0102065 0.0139689 0.829231 0.0257153 9.9982E-05 0.0526168 0.0680612
9.9955E-05 9.9955E-05 9.9955E-05 0.805976 9.9955E-05 0.0588886 0.134636 9.9955E-05
9.9955E-05 9.9955E-05 9.9955E-05 0.811118 0.113579 9.9955E-05 0.0748034 9.9955E-05
9.9964E-05 9.9964E-05 9.9964E-05 0.915757 0.013369 0.056397 0.0140775 9.9964E-05
9.9973E-05 9.9973E-05 9.9973E-05 0.408639 0.00612648 0.219108 0.272481 0.0933453
9.9973E-05 9.9973E-05 0.0541109 0.51175 9.9973E-05 0.241018 0.0965738 0.0962473
9.9973E-05 9.9973E-05 9.9973E-05 0.538465 0.0456706 0.144942 0.20452 0.0661036
9.99731E-05 0.040751 9.99731E-05 0.712815 9.99731E-05 0.0692688 0.146743 0.0301228
9.99641E-05 9.99641E-05 9.99641E-05 0.677634 9.99641E-05 0.15254 0.122139 0.0472872
9.9955E-05 9.9955E-05 9.9955E-05 0.833133 0.0229485 0.143419 9.9955E-05 9.9955E-05
9.99639E-05 9.99639E-05 9.99639E-05 0.656796 9.99639E-05 0.139562 0.163189 0.040053
9.9964E-05 0.0501446 9.9964E-05 0.266648 0.0265012 0.656307 9.9964E-05 9.9964E-05
9.9964E-05 0.0478764 9.9964E-05 0.353487 9.9964E-05 0.598119 0.000118425 9.9964E-05
9.9964E-05 0.0536442 9.9964E-05 0.615658 9.9964E-05 0.327135 0.00316353 9.9964E-05
9.9946E-05 9.9946E-05 9.9946E-05 0.824605 9.9946E-05 9.9946E-05 0.174795 9.9946E-05
0.0173554 0.0288918 0.0640077 0.7129 0.0484941 0.00575536 0.122496 9.9991E-05
9.9973E-05 0.0120004 9.9973E-05 0.761005 0.0384342 0.0957533 0.0925074 9.9973E-05
9.9964E-05 0.0570965 9.9964E-05 0.902487 9.9964E-05 9.9964E-05 0.0238816 0.0161349
0.161426 9.9964E-05 0.0533973 0.65363 0.131147 9.9964E-05 9.9964E-05 9.9964E-05
9.9955E-05 0.112255 0.300697 0.586548 9.9955E-05 9.9955E-05 9.9955E-05 9.9955E-05
9.9955E-05 9.9955E-05 9.9955E-05 0.755909 9.9955E-05 0.153239 9.9955E-05 0.0903526
9.99549E-05 9.99549E-05 9.99549E-05 0.347881 9.99549E-05 0.603857 9.99549E-05 0.0477618
0.0170312 0.0696435 9.9973E-05 0.456836 9.9973E-05 0.407076 0.0491126 9.9973E-05
0.00115267 9.9973E-05 0.0239805 0.402483 9.9973E-05 0.555793 0.0162904 9.9973E-05
9.9964E-05 9.9964E-05 9.9964E-05 0.136857 0.0315242 0.776811 9.9964E-05 0.0544078
9.9955E-05 9.9955E-05 9.9955E-05 0.822575 9.9955E-05 0.0886487 9.9955E-05 0.0882767
0.00430759 9.9964E-05 9.9964E-05 0.350646 9.9964E-05 0.573399 0.0712475 9.9964E-05
0.00791041 9.9964E-05 9.9964E-05 0.603298 9.9964E-05 0.261593 0.126799 9.9964E-05
9.9964E-05 9.9964E-05 9.9964E-05 0.545136 9.9964E-05 0.239927 0.0913397 0.123197
9.9964E-05 0.037458 9.9964E-05 0.596139 9.9964E-05 0.348494 9.9964E-05 0.017509
0.00307309 0.710887 0.125519 9.9973E-05 9.9973E-05 0.109871 9.9973E-05 0.0503505
0.0992427 0.436316 0.432736 9.9973E-05 9.9973E-05 0.000332956 0.0310724 9.9973E-05
0.122915 0.442539 0.312025 9.9973E-05 9.9973E-05 0.0156819 9.9973E-05 0.106539
0.00193547 0.191713 0.630713 9.9982E-05 9.9982E-05 0.077354 0.0604239 0.037661
0.0736961 0.133641 0.67211 0.0526181 9.9973E-05 9.9973E-05 0.0676343 9.9973E-05
0.0311837 0.167304 0.768268 0.032845 9.9964E-05 9.9964E-05 9.9964E-05 9.9964E-05
0.212546 0.397881 0.341853 9.9973E-05 0.00203561 0.0453851 9.9973E-05 9.9973E-05
0.186355 0.649341 0.163804 9.9955E-05 9.9955E-05 9.9955E-05 9.9955E-05 9.9955E-05
9.99462E-05 0.893557 9.99462E-05 9.99462E-05 9.99462E-05 0.105843 9.99462E-05 9.99462E-05
0.138515 0.132413 0.634595 0.0940774 9.9964E-05 9.9964E-05 9.9964E-05 9.9964E-05
0.0490588 9.99551E-05 0.880804 9.99551E-05 0.0696373 9.99551E-05 9.99551E-05 9.99551E-05
9.9946E-05 9.9946E-05 0.939351 9.9946E-05 0.060049 9.9946E-05 9.9946E-05 9.9946E-05
0.128428 9.9964E-05 0.823478 0.0257244 9.9964E-05 9.9964E-05 0.0219695 9.9964E-05
