9.9991E-05 0.512636 0.487264
0.0315796 0.532557 0.435864
9.999E-05 0.464449 0.535451
0.0178056 0.498213 0.483981
0.0513529 0.0949654 0.853682
9.999E-05 0.441687 0.558213
0.710021 0.289879 9.9991E-05
0.667665 0.169199 0.163136
0.841788 0.0775283 0.0806835
0.804854 0.195046 9.9991E-05
0.725176 0.274724 9.9991E-05
0.731942 0.214384 0.0536744
0.951538 0.0381695 0.0102927
0.922964 0.0769359 9.9991E-05
0.77249 0.22741 9.9991E-05
0.798161 0.201739 9.9991E-05
0.06583 0.493404 0.440766
0.0672154 0.806864 0.125921
0.0866408 0.789148 0.124211
0.0822617 0.596015 0.321724
0.0661123 0.667265 0.266623
0.0124131 0.862594 0.124992
0.0808577 0.587137 0.332006
0.0689167 0.42815 0.502933
0.0645262 0.574722 0.360751
9.9991E-05 0.601904 0.397996
0.144197 0.349552 0.506251
0.134731 0.252039 0.61323
0.0861159 0.326873 0.587012
0.07897 0.477586 0.443444
0.0454151 0.904633 0.0499515
0.0922315 0.423997 0.483771
9.9991E-05 0.568164 0.431736
0.0597668 0.744133 0.1961
0.0280353 0.971865 9.9991E-05
0.0473648 0.607233 0.345402
0.308337 0.618782 0.0728817
0.118732 0.599978 0.28129
0.0524814 0.769559 0.177959
0.0422872 0.708464 0.249249
9.9991E-05 0.542772 0.457128
0.0589493 0.331386 0.609665
0.134383 0.406997 0.45862
0.201128 0.138669 0.660203
9.9991E-05 0.477431 0.522469
9.9991E-05 0.675964 0.323936
0.0879839 0.911916 9.9991E-05
0.107283 0.768379 0.124338
9.9991E-05 0.955145 0.0447547
9.9991E-05 0.704921 0.294979
0.0882003 0.858821 0.0529787
0.10913 0.576055 0.314815
0.0618024 0.806576 0.131622
0.0146654 0.741473 0.243861
0.0395409 0.703768 0.256691
0.0715141 0.547017 0.381469
0.670531 0.240729 0.0887404
0.804174 0.106406 0.0894199
0.953965 9.9991E-05 0.0459345
0.854456 0.145444 9.9991E-05
0.980281 9.9991E-05 0.0196194
0.845782 0.110853 0.0433651
0.467766 0.532134 9.9991E-05
0.606324 0.393576 9.9991E-05
0.814948 0.147586 0.0374661
0.895873 0.104027 9.9991E-05
0.736752 0.256443 0.00680529
0.963675 0.0362249 9.9991E-05
0.681245 0.318655 9.9991E-05
0.906286 0.0936143 9.9991E-05
0.620825 0.3348 0.0443758
0.877084 0.120992 0.00192425
0.726203 0.209739 0.0640579
0.909092 0.0198274 0.0710809
0.839507 0.160393 9.9991E-05
0.894206 0.0990281 0.00676605
0.89828 0.0373046 0.0644151
0.957658 9.9991E-05 0.0422419
0.985016 0.0148844 9.9991E-05
0.719641 0.280259 9.9991E-05
0.885462 0.0803256 0.0342124
0.0667526 0.00537951 0.927868
0.0548806 0.134274 0.810845
0.0865441 9.9991E-05 0.913356
0.102974 0.0104581 0.886568
0.081096 0.137395 0.781509
0.0331754 0.536195 0.430629
0.0660907 0.243454 0.690455
0.0579937 0.346976 0.59503
0.0739939 0.0850278 0.840978
9.9991E-05 0.167183 0.832717
0.157904 9.9991E-05 0.841996
0.0447226 0.245582 0.709695
0.0237179 0.222485 0.753797
0.0577903 0.222482 0.719727
0.0584767 0.496659 0.444864
0.0225863 0.363191 0.614222
0.146857 0.0265718 0.826572
0.0760663 0.134622 0.789311
0.0553198 0.169078 0.775602
9.9991E-05 0.271214 0.728686
9.9991E-05 0.0815402 0.91836
9.9991E-05 0.100711 0.899189
9.9991E-05 0.040156 0.959744
0.100727 9.9991E-05 0.899173
0.000454151 0.068594 0.930952
9.9991E-05 0.211969 0.787931
0.0456364 9.9991E-05 0.954264
0.0807966 9.9991E-05 0.919103
0.0116695 9.9991E-05 0.988231
0.0592282 9.9991E-05 0.940672
9.999E-05 9.999E-05 0.9998
9.9991E-05 0.294851 0.705049
0.0859422 0.0388159 0.875242
9.9991E-05 0.185641 0.814259
9.9991E-05 0.143392 0.856508
0.0263187 9.9991E-05 0.973581
0.0103525 9.9991E-05 0.989547
0.0319952 9.9991E-05 0.967905
9.9991E-05 0.179621 0.820279
0.00612515 0.117073 0.876802
0.019663 0.0285769 0.95176
9.999E-05 9.999E-05 0.9998
0.105358 0.0378924 0.856749
0.0573607 9.9991E-05 0.942539
0.0339829 9.9991E-05 0.965917
0.314937 9.9991E-05 0.684963
0.361118 9.9991E-05 0.638782
0.0014409 9.9991E-05 0.998459
9.9991E-05 0.151896 0.848004
0.048194 0.0534185 0.898387
0.0224632 0.0686649 0.908872
9.9991E-05 0.282736 0.717164
0.0108942 9.9991E-05 0.989006
9.9991E-05 0.0989253 0.900975
0.0222554 9.9991E-05 0.977645
9.9991E-05 0.195523 0.804377
0.0293983 9.9991E-05 0.970502
0.585624 0.299044 0.115332
0.852694 0.0703289 0.0769766
0.777501 0.217678 0.0048204
0.830659 0.0631312 0.106209
0.838755 9.9991E-05 0.161145
0.985152 9.9991E-05 0.0147476
0.814881 0.0992986 0.0858209
0.805841 0.139821 0.0543385
0.487793 0.512107 9.99911E-05
0.872234 9.9991E-05 0.127666
0.9998 9.999E-05 9.999E-05
0.985358 9.9991E-05 0.0145416
0.943489 9.9991E-05 0.0564115
