0.00206505 0.54096 0.11236 9.9982E-05 9.9982E-05 0.344416
9.9982E-05 0.193769 0.451844 0.0815705 9.9982E-05 0.272617
0.0572357 0.388763 0.141272 9.9991E-05 0.0166981 0.395932
0.0226255 0.44035 0.0806109 9.999E-05 0.0405992 0.415715
9.9973E-05 0.288844 9.9973E-05 9.9973E-05 0.0373892 0.673467
0.124236 0.470157 9.9973E-05 9.9973E-05 9.9973E-05 0.405307
0.0602404 9.9973E-05 0.203373 0.736087 9.9973E-05 9.9973E-05
0.167315 9.9973E-05 9.9973E-05 0.720145 9.9973E-05 0.11224
9.998E-05 9.998E-05 0.107612 0.851333 0.0163894 0.0244659
0.0977477 9.9973E-05 0.0118529 0.890099 9.9973E-05 9.9973E-05
9.997E-05 0.0251511 0.215526 0.759023 9.997E-05 9.997E-05
9.998E-05 0.0188653 0.172308 0.7587 9.998E-05 0.0499267
9.9973E-05 9.9973E-05 9.9973E-05 0.874817 0.0936302 0.0312525
0.0298178 9.99731E-05 9.99731E-05 0.896126 0.0737566 9.99731E-05
0.0333492 9.999E-05 0.118243 0.74594 0.0915441 0.0108244
0.020975 9.9973E-05 0.181882 0.796843 9.9973E-05 9.9973E-05
0.382423 0.331066 9.9982E-05 0.00106712 9.9982E-05 0.285244
0.803749 9.9982E-05 0.0401501 9.9982E-05 0.0455446 0.110356
0.326779 0.596991 0.016509 9.998E-05 0.0595211 9.998E-05
0.344821 0.443368 9.9982E-05 9.9982E-05 0.0667751 0.144836
0.658938 0.0640981 9.9982E-05 0.00281736 9.9982E-05 0.273946
0.660037 0.339563 9.9964E-05 9.9964E-05 9.9964E-05 9.9964E-05
0.0176597 0.559103 0.171163 0.0987206 9.9991E-05 0.153254
9.9982E-05 0.737313 0.0364868 0.0196191 9.9982E-05 0.206381
9.997E-05 0.907293 9.997E-05 0.0463062 9.997E-05 0.0461007
0.102807 0.699458 9.9973E-05 9.9973E-05 9.9973E-05 0.197436
0.176833 0.389012 9.9982E-05 9.9982E-05 0.111898 0.322057
9.9982E-05 0.46082 9.9982E-05 0.0934996 0.0213952 0.424086
0.278306 9.998E-05 0.069448 0.090483 9.998E-05 0.561563
0.421304 9.9982E-05 0.0218122 0.130159 9.9982E-05 0.426525
0.464952 0.132319 0.34975 9.9991E-05 0.0343944 0.0184846
0.409888 0.0905617 0.0143105 0.0328749 0.040176 0.412189
0.442169 0.227607 9.9973E-05 9.9973E-05 9.9973E-05 0.329924
9.9973E-05 0.905623 0.0313275 0.0627493 9.9973E-05 9.9973E-05
9.99639E-05 0.626816 0.372784 9.99639E-05 9.99639E-05 9.99639E-05
0.234615 0.451604 9.9982E-05 0.10861 9.9982E-05 0.204971
9.9973E-05 0.469265 0.220664 9.9973E-05 0.309772 9.9973E-05
0.0962571 0.648141 0.011467 0.0530757 0.106116 0.0849432
0.141124 0.641821 0.175401 9.9982E-05 0.0414539 9.9982E-05
0.322242 0.558082 9.9982E-05 9.9982E-05 0.037027 0.0824487
9.9973E-05 0.45856 0.311765 9.9973E-05 9.9973E-05 0.229375
9.998E-05 0.310452 0.105263 9.998E-05 0.112741 0.471345
0.129183 0.382961 0.0522533 9.999E-05 0.136283 0.299219
9.998E-05 0.297192 0.151804 9.998E-05 0.138052 0.412752
0.149068 0.510376 0.00172274 9.9982E-05 9.9982E-05 0.338634
0.185422 0.623133 0.0448028 9.9982E-05 9.9982E-05 0.146443
0.887493 0.0348537 9.9973E-05 9.9973E-05 0.0773535 9.9973E-05
0.672298 9.9973E-05 0.254715 9.9973E-05 9.9973E-05 0.0726867
0.550255 9.9964E-05 0.449345 9.9964E-05 9.9964E-05 9.9964E-05
0.429614 9.9973E-05 0.320396 9.9973E-05 9.9973E-05 0.24969
0.840058 0.00681373 0.113248 9.9982E-05 9.9982E-05 0.0396809
0.307942 0.367916 0.0645868 0.0657003 9.999E-05 0.193755
0.687663 0.225487 9.998E-05 9.998E-05 0.0441449 0.0425051
0.264194 0.582777 0.0160323 9.9991E-05 0.0212038 0.115694
0.367637 0.464825 0.00764142 0.0519227 9.9991E-05 0.107873
0.25748 0.538526 9.998E-05 9.998E-05 0.0666072 0.137186
9.999E-05 0.27862 0.0236956 0.666784 0.0247225 0.00607758
9.9973E-05 0.181439 9.9973E-05 0.71683 0.10143 9.9973E-05
9.997E-05 0.00409869 9.997E-05 9.997E-05 0.938472 0.0571298
0.147179 9.9982E-05 0.085449 0.286984 0.480188 9.9982E-05
9.9973E-05 9.9973E-05 0.0946854 0.347311 0.557703 9.9973E-05
0.20601 9.9973E-05 0.0775578 9.9973E-05 0.716132 9.9973E-05
0.025334 9.99729E-05 0.565224 0.409142 9.99729E-05 9.99729E-05
0.0413428 0.0647471 0.270391 0.476413 0.147006 9.999E-05
9.9982E-05 0.0341365 0.0975497 0.843586 9.9982E-05 0.0245277
0.0146993 9.9973E-05 9.9973E-05 0.957739 0.0272614 9.9973E-05
0.060534 0.143547 9.9991E-05 0.772079 0.0105698 0.0131709
9.997E-05 0.080788 9.997E-05 0.480212 0.4387 9.997E-05
9.998E-05 0.113455 0.252385 0.485572 0.148389 9.998E-05
9.9982E-05 0.0833353 0.016567 0.737616 0.162281 9.9982E-05
9.998E-05 0.108574 0.30216 0.535105 0.0539604 9.998E-05
9.9982E-05 0.129676 9.9982E-05 0.695706 0.167532 0.0068868
9.9982E-05 0.0183055 0.234488 0.718765 9.9982E-05 0.0282415
0.155671 9.998E-05 9.998E-05 0.24795 0.566044 0.030135
0.0423409 0.111856 9.998E-05 0.28941 0.556193 9.998E-05
0.125121 9.998E-05 0.0641063 0.079109 0.731464 9.998E-05
9.9982E-05 9.9982E-05 0.0824851 0.386418 0.498254 0.0326424
9.9964E-05 9.9964E-05 9.9964E-05 9.9964E-05 0.973881 0.0257193
9.9973E-05 9.9973E-05 0.0338321 0.391523 0.574345 9.9973E-05
0.130049 9.998E-05 0.17427 0.60629 0.0891911 9.998E-05
0.201729 9.9973E-05 0.048387 9.9973E-05 0.749584 9.9973E-05
0.0778006 0.073404 9.998E-05 9.998E-05 0.0574909 0.791105
9.9982E-05 0.0162692 0.256362 9.9982E-05 0.0416973 0.685472
9.9973E-05 9.9973E-05 0.200709 9.9973E-05 0.0707345 0.728256
0.130834 9.998E-05 9.998E-05 0.0414808 0.0245919 0.802893
0.254586 9.998E-05 0.054885 0.00890526 9.998E-05 0.681424
0.0762805 9.9973E-05 0.78252 9.9973E-05 9.9973E-05 0.140899
0.00492815 0.0775399 0.34134 9.9991E-05 0.0895007 0.486592
9.998E-05 0.254687 0.285057 9.998E-05 0.0341637 0.425893
0.0698383 9.998E-05 0.0991093 9.998E-05 0.0732021 0.75765
9.9973E-05 0.00236339 0.315648 9.9973E-05 9.9973E-05 0.681689
9.9973E-05 0.126863 9.9973E-05 9.9973E-05 0.154934 0.717903
9.997E-05 0.403744 9.997E-05 9.997E-05 0.0682095 0.527747
0.0440361 0.305757 9.9982E-05 9.9982E-05 0.0439698 0.606037
9.9982E-05 0.286992 0.0612896 9.9982E-05 0.100086 0.551432
0.364069 9.998E-05 0.204839 9.998E-05 0.0277666 0.403126
0.131017 0.297392 0.0862388 9.999E-05 0.035286 0.449966
9.997E-05 0.198515 9.997E-05 9.997E-05 0.103622 0.697563
9.997E-05 0.296346 9.997E-05 9.997E-05 0.108381 0.594974
9.998E-05 0.335617 0.0435318 0.0431436 9.998E-05 0.577507
0.165837 9.9973E-05 0.138477 9.9973E-05 9.9973E-05 0.695386
0.075814 0.0388285 0.0474587 9.998E-05 9.998E-05 0.837699
0.0446472 0.0404353 0.148751 9.9982E-05 9.9982E-05 0.765966
9.9964E-05 9.9964E-05 0.175416 9.9964E-05 9.9964E-05 0.824184
0.104399 9.9982E-05 0.0632488 0.0507815 9.9982E-05 0.78137
0.140708 0.0305652 9.998E-05 0.00880562 9.998E-05 0.819721
0.181795 0.09143 9.9973E-05 9.9973E-05 9.9973E-05 0.726475
0.0949733 9.997E-05 9.997E-05 0.0409323 9.997E-05 0.863794
0.0260608 0.00172507 9.999E-05 0.0299865 0.0454586 0.896669
0.00990719 0.0651608 9.9973E-05 9.9973E-05 9.9973E-05 0.924632
9.9973E-05 0.103464 9.9973E-05 9.9973E-05 0.0346313 0.861605
9.9982E-05 0.0108111 0.00842103 9.9982E-05 0.00484424 0.975724
0.140241 0.128689 0.0696617 9.998E-05 9.998E-05 0.661208
0.156362 9.998E-05 0.0198339 9.998E-05 0.0503354 0.773268
0.0299822 0.143362 0.0966837 9.9982E-05 9.9982E-05 0.729772
0.0884037 0.0530897 0.0229913 9.999E-05 0.00838828 0.827027
0.0723296 9.997E-05 9.997E-05 0.0120221 9.997E-05 0.915348
0.0208253 0.00145579 9.998E-05 9.998E-05 0.0348676 0.942651
0.0436317 9.9973E-05 0.0771758 9.9973E-05 9.9973E-05 0.878893
9.9973E-05 0.0453582 0.310242 9.9973E-05 9.9973E-05 0.6441
9.9973E-05 0.0385027 0.269425 9.9973E-05 9.9973E-05 0.691773
9.9973E-05 9.9973E-05 0.152991 9.9973E-05 0.0191875 0.827522
9.997E-05 0.0217335 9.997E-05 9.997E-05 0.0205247 0.957442
9.9982E-05 0.0433991 9.9982E-05 0.0832116 0.0594775 0.813712
9.998E-05 0.106095 0.0215936 9.998E-05 0.0585721 0.813539
0.0358658 9.997E-05 9.997E-05 0.0539466 9.997E-05 0.909888
9.9982E-05 0.147973 9.9982E-05 0.279865 0.0219693 0.549993
9.997E-05 9.997E-05 9.997E-05 0.144306 0.273002 0.582392
0.093223 9.9973E-05 0.0554131 9.9973E-05 9.9973E-05 0.851064
9.9964E-05 9.9964E-05 0.271541 9.9964E-05 9.9964E-05 0.728059
9.9973E-05 0.0942395 0.217602 9.9973E-05 9.9973E-05 0.687858
9.997E-05 0.0864121 0.214486 9.997E-05 9.997E-05 0.698802
9.9973E-05 0.0325467 0.361439 9.9973E-05 9.9973E-05 0.605715
0.0690264 9.997E-05 9.997E-05 0.00361752 9.997E-05 0.927056
9.9973E-05 0.066165 0.192807 9.9973E-05 9.9973E-05 0.740728
9.998E-05 0.0551767 0.0167602 0.0228939 9.998E-05 0.904969
0.0425058 0.129354 0.132184 9.998E-05 9.998E-05 0.695757
9.9964E-05 9.9964E-05 0.205072 9.9964E-05 9.9964E-05 0.794529
9.99729E-05 9.99729E-05 0.507642 0.177618 0.31444 9.99729E-05
0.0433315 9.998E-05 0.1244 0.436122 0.395946 9.998E-05
0.0326689 9.998E-05 0.221287 0.51881 0.227035 9.998E-05
0.0355553 9.9991E-05 0.174164 0.00779688 0.74179 0.0405946
9.999E-05 0.00431804 0.0546605 0.0976572 0.741416 0.101848
0.00579781 9.9991E-05 0.0199443 0.106673 0.847007 0.0204786
9.9982E-05 0.0423043 0.194629 0.448686 0.314181 9.9982E-05
9.99729E-05 9.99729E-05 0.282441 0.488884 0.228375 9.99729E-05
9.9964E-05 9.9964E-05 0.704166 0.295434 9.9964E-05 9.9964E-05
9.9982E-05 9.9982E-05 0.0283725 0.195967 0.691191 0.0842693
9.99641E-05 0.0605217 9.99641E-05 9.99641E-05 0.939078 9.99641E-05
9.9964E-05 0.0423558 9.9964E-05 9.9964E-05 0.957244 9.9964E-05
0.0173766 0.00234536 9.9991E-05 0.0651757 0.8848 0.0302026
