0.190477 9.9991E-05 0.329905 0.384154 0.095364
0.232178 9.9991E-05 0.219415 0.0454411 0.502866
0.0219635 9.9991E-05 0.570767 0.226684 0.180486
0.0151614 9.9991E-05 0.526715 0.330381 0.127643
0.0883048 0.0216657 0.774698 0.115232 9.9991E-05
9.9973E-05 9.9973E-05 0.598265 0.401435 9.9973E-05
9.9973E-05 0.329695 9.9973E-05 9.9973E-05 0.670005
0.131449 0.439936 9.9991E-05 0.0575561 0.370959
9.9973E-05 0.522448 9.9973E-05 9.9973E-05 0.477252
9.9982E-05 0.512968 9.9982E-05 0.0225952 0.464237
9.9973E-05 0.412484 9.9973E-05 9.9973E-05 0.587216
9.9982E-05 0.399407 0.0161503 9.9982E-05 0.584243
9.9973E-05 0.694078 9.9973E-05 9.9973E-05 0.305622
9.9973E-05 0.713116 9.9973E-05 9.9973E-05 0.286584
9.9973E-05 0.460035 9.9973E-05 9.9973E-05 0.539665
0.00851841 0.393303 9.9982E-05 9.9982E-05 0.597979
0.137014 0.0382027 0.25385 0.570833 9.9991E-05
0.131452 0.0326548 0.0489959 0.4954 0.291497
9.9991E-05 0.0764441 0.102805 0.759426 0.061225
9.9982E-05 0.0996086 0.335511 0.56468 9.9982E-05
0.0254314 9.9991E-05 0.300921 0.463757 0.209791
9.999E-05 0.028712 0.0649004 0.77623 0.130057
0.15773 0.00266048 0.189141 0.414274 0.236195
0.171021 0.0350998 0.313521 0.480258 9.9991E-05
9.9982E-05 0.0703539 0.31279 0.616656 9.9982E-05
0.116079 9.9982E-05 0.181204 0.702517 9.9982E-05
0.00105447 0.142259 0.318336 0.538251 9.9991E-05
0.00745698 0.0854911 0.444019 0.462933 9.9991E-05
0.584361 0.0827742 0.0763348 0.177505 0.0790245
0.334901 0.0624717 0.106967 0.276412 0.219248
9.9982E-05 9.9982E-05 0.252311 0.251023 0.496466
9.9982E-05 9.9982E-05 0.518648 0.195195 0.285957
9.9982E-05 9.9982E-05 0.480204 0.396354 0.123242
9.9991E-05 0.0440338 0.117988 0.814411 0.0234675
9.9982E-05 9.9982E-05 0.0346442 0.629567 0.335588
0.10293 0.00728439 0.218426 0.584439 0.08692
9.9991E-05 0.261404 0.163415 0.390821 0.18426
0.00162533 0.109184 0.276128 0.553477 0.0595859
0.186524 0.0537572 9.9991E-05 0.630296 0.129323
9.9982E-05 0.0599084 0.1573 0.782591 9.9982E-05
0.383557 9.9991E-05 0.114845 0.435668 0.0658295
0.297754 0.0814659 0.333024 0.287656 9.9991E-05
9.9991E-05 0.102364 0.516381 0.303802 0.0773535
0.45954 0.188533 0.152092 0.199735 9.9991E-05
0.082818 9.9991E-05 0.394939 0.458327 0.0638162
9.9982E-05 9.9982E-05 0.355331 0.596046 0.0484227
9.9982E-05 0.0231825 9.9982E-05 0.655627 0.32099
0.197842 9.9982E-05 9.9982E-05 0.268412 0.533546
0.215597 9.9982E-05 9.9982E-05 0.173563 0.61064
0.41921 9.9982E-05 9.9982E-05 0.243675 0.336916
9.9982E-05 9.9982E-05 0.120718 0.469112 0.40997
0.312313 0.0680205 9.9991E-05 0.53507 0.0844967
0.102947 0.0872441 9.9991E-05 0.728695 0.0810141
0.209115 0.0500366 9.9982E-05 0.740648 9.9982E-05
0.238363 0.0348283 9.9982E-05 0.726609 9.9982E-05
9.9982E-05 0.0723378 0.232902 0.69456 9.9982E-05
0.0649219 0.486944 9.9991E-05 0.168297 0.279737
0.0689826 0.63467 9.9991E-05 0.0756479 0.2206
0.0598439 0.919672 0.0202837 9.9982E-05 9.9982E-05
0.036667 0.648202 9.9991E-05 0.0663992 0.248632
9.9973E-05 0.734362 9.9973E-05 9.9973E-05 0.265338
0.0456222 0.680992 9.9991E-05 0.0633055 0.20998
9.9973E-05 0.042709 9.9973E-05 9.9973E-05 0.956991
9.9982E-05 0.29883 0.122861 9.9982E-05 0.578109
9.9982E-05 0.485469 0.012676 9.9982E-05 0.501655
9.9973E-05 0.664505 9.9973E-05 9.9973E-05 0.335195
9.9991E-05 0.544241 0.00773738 0.117416 0.330506
9.99821E-05 0.880489 9.99821E-05 0.0302552 0.0890556
9.9982E-05 0.458884 9.9982E-05 0.0139975 0.526919
9.9973E-05 0.66862 9.9973E-05 9.9973E-05 0.33108
9.9982E-05 0.349326 0.112649 9.9982E-05 0.537825
9.9991E-05 0.667515 0.0535723 0.0500373 0.228775
9.9982E-05 0.399544 0.00589484 9.9982E-05 0.594361
9.9982E-05 0.764738 0.0406532 9.9982E-05 0.194409
9.9991E-05 0.794094 0.0436175 0.135617 0.0265716
9.9982E-05 0.800023 9.9982E-05 0.0409995 0.158778
9.9982E-05 0.682723 0.0722586 9.9982E-05 0.244818
9.9973E-05 0.979646 0.0200537 9.9973E-05 9.9973E-05
9.9973E-05 0.790855 9.9973E-05 9.9973E-05 0.208845
9.99729E-05 0.40715 9.99729E-05 9.99729E-05 0.59255
9.9991E-05 0.758974 0.0306996 0.00253634 0.20769
0.3612 0.0352421 0.51718 0.0862775 9.9991E-05
0.88479 0.0447461 9.9982E-05 0.0702637 9.9982E-05
0.885906 0.113794 9.9973E-05 9.9973E-05 9.9973E-05
0.310131 0.0641181 0.625551 9.9982E-05 9.9982E-05
0.530197 0.0308305 0.297805 0.0782679 0.0628998
0.418521 9.99731E-05 9.99731E-05 9.99731E-05 0.581179
0.0965092 9.99821E-05 0.584985 9.99821E-05 0.318306
0.157429 9.9982E-05 0.532866 9.9982E-05 0.309504
0.114284 9.9982E-05 0.747382 9.9982E-05 0.138134
0.439748 9.9982E-05 0.401968 9.9982E-05 0.158084
9.9982E-05 0.0821856 0.902785 9.9982E-05 0.0148293
9.9982E-05 0.0183984 0.892083 0.0893188 9.9982E-05
9.9982E-05 9.9982E-05 0.796961 0.198074 0.00476505
9.9982E-05 9.9982E-05 0.755476 0.122848 0.121476
9.9973E-05 9.9973E-05 0.622192 9.9973E-05 0.377508
9.9982E-05 9.9982E-05 0.637642 0.187009 0.17515
9.9982E-05 0.0410692 0.93149 9.9982E-05 0.0272405
9.9991E-05 0.0460098 0.856297 0.0622676 0.0353251
0.129964 9.9991E-05 0.671663 0.119311 0.0789622
0.654986 9.9991E-05 0.0790009 0.199782 0.0661313
0.654023 9.9982E-05 0.291716 0.0540614 9.9982E-05
0.825078 0.0138571 0.0448989 0.116066 9.9991E-05
0.845013 9.9973E-05 0.154687 9.9973E-05 9.9973E-05
0.422188 0.00072826 0.454271 9.9991E-05 0.122712
0.377269 9.9982E-05 0.531842 0.0906893 9.9982E-05
0.410024 0.0340454 0.325018 0.230813 9.9991E-05
0.436937 0.0383179 0.524545 9.9982E-05 9.9982E-05
0.37687 0.0422542 0.560325 0.02045 9.9991E-05
0.283642 9.9973E-05 0.716058 9.9973E-05 9.9973E-05
0.305116 0.0144558 0.651706 0.0286216 9.9991E-05
0.434594 9.9973E-05 0.565106 9.9973E-05 9.9973E-05
0.396745 9.9991E-05 0.408939 0.186803 0.00741325
0.528984 0.0598312 0.330537 0.0805479 9.9991E-05
0.324027 9.9991E-05 0.599233 0.0149092 0.0617313
0.390757 0.00937417 0.599306 9.9991E-05 0.000463494
0.583678 0.00951874 0.399169 0.0075335 9.9991E-05
0.581289 0.0145522 0.403959 9.9982E-05 9.9982E-05
0.39731 9.9973E-05 0.60239 9.9973E-05 9.9973E-05
0.743251 9.9982E-05 0.13708 9.9982E-05 0.119469
0.635613 9.9982E-05 0.301039 9.9982E-05 0.0631479
0.599218 9.9982E-05 0.361442 9.9982E-05 0.0391395
0.332624 9.9973E-05 0.667076 9.9973E-05 9.9973E-05
0.381732 0.0698758 0.490657 0.0576349 9.9991E-05
0.345799 0.0487185 0.605283 9.9982E-05 9.9982E-05
0.47133 0.0149153 0.513554 9.9982E-05 9.9982E-05
0.402684 0.301499 0.277584 0.0181332 9.9991E-05
0.32529 0.339166 0.335344 9.9982E-05 9.9982E-05
0.587287 9.9973E-05 0.412413 9.9973E-05 9.9973E-05
0.863728 9.9982E-05 0.0660235 9.9982E-05 0.0700489
0.499629 9.9982E-05 0.380463 9.9982E-05 0.119709
0.781173 0.0411719 0.168091 9.9991E-05 0.00946379
0.900287 9.9982E-05 9.9982E-05 0.0634393 0.0360737
0.628888 0.0111267 0.359785 9.9982E-05 9.9982E-05
0.737992 9.9991E-05 0.17465 0.0581406 0.0291173
0.533599 9.9973E-05 0.466101 9.9973E-05 9.9973E-05
0.5325 9.9991E-05 0.36695 0.0671343 0.0333161
0.852711 0.0224813 0.109561 9.9991E-05 0.015147
0.0387111 0.280842 9.9982E-05 9.9982E-05 0.680247
9.9982E-05 0.574239 0.0409539 9.9982E-05 0.384607
0.0252516 0.451842 9.9991E-05 0.0270987 0.495708
0.0753122 0.723497 0.0307489 9.9991E-05 0.170342
0.0281 0.779543 0.0848554 9.9991E-05 0.107402
9.9973E-05 0.895992 9.9973E-05 9.9973E-05 0.103708
0.000623186 0.606352 0.0257749 9.9991E-05 0.36715
9.99729E-05 0.405693 9.99729E-05 9.99729E-05 0.594008
9.997E-05 9.997E-05 9.997E-05 9.997E-05 0.9996
0.0942278 0.744905 0.00231118 9.9991E-05 0.158456
9.99731E-05 0.991192 9.99731E-05 0.00850855 9.99731E-05
9.9973E-05 0.943991 9.9973E-05 0.0557088 9.9973E-05
9.9982E-05 0.896951 0.0573617 0.0454872 9.9982E-05
