0.255249 0.237285 0.0176955 9.9991E-05 0.00646423 0.446164 0.0370425
0.125491 0.385554 0.243207 9.9982E-05 0.170273 0.0752749 9.9982E-05
0.431362 0.092987 0.103339 9.9982E-05 0.0798557 0.292256 9.9982E-05
0.346893 0.0952477 9.9982E-05 9.9982E-05 0.096854 0.426967 0.0338382
0.739456 9.9964E-05 9.9964E-05 0.00573416 9.9964E-05 0.25441 9.9964E-05
0.387241 0.0318572 9.9973E-05 9.9973E-05 0.0716925 0.50891 9.9973E-05
9.9964E-05 9.9964E-05 0.191511 9.9964E-05 0.160884 9.9964E-05 0.647205
0.0817237 0.0817191 0.0297031 0.0383523 0.124003 9.9991E-05 0.644399
0.0241625 0.0143518 0.0668652 9.9982E-05 0.0499652 9.9982E-05 0.844455
9.9982E-05 0.0195736 0.0704826 9.9982E-05 0.074704 0.0373569 0.797683
9.9973E-05 0.0509455 0.159073 9.9973E-05 0.023126 9.9973E-05 0.766556
0.051002 9.9982E-05 0.549092 0.0152995 9.9982E-05 0.0170274 0.367379
0.0407415 9.9973E-05 0.0912487 0.197286 9.9973E-05 9.9973E-05 0.670424
9.99641E-05 9.99641E-05 9.99641E-05 0.0230636 9.99641E-05 0.0404321 0.936104
9.9964E-05 9.9964E-05 0.0880151 9.9964E-05 0.116173 9.9964E-05 0.795412
9.9973E-05 0.056166 0.309765 9.9973E-05 0.0311283 9.9973E-05 0.602641
0.318661 9.9973E-05 0.0712405 9.9973E-05 0.190995 0.418803 9.9973E-05
9.9973E-05 0.02136 9.9973E-05 0.128249 0.672496 0.177595 9.9973E-05
0.0372621 9.9982E-05 0.0984444 0.0147092 0.127452 0.721933 9.9982E-05
0.230973 9.9973E-05 9.9973E-05 0.107567 0.181412 0.479748 9.9973E-05
0.267535 9.9982E-05 9.9982E-05 0.00792253 0.512492 0.195026 0.0168244
9.9964E-05 9.9964E-05 9.9964E-05 0.0280065 0.451915 0.519679 9.9964E-05
0.104032 0.184432 0.237398 9.9973E-05 9.9973E-05 0.473837 9.9973E-05
0.118764 0.201123 0.0445195 0.0108982 9.9982E-05 0.624495 9.9982E-05
0.124117 0.0378218 9.9973E-05 9.9973E-05 9.9973E-05 0.796544 0.0412172
0.0685342 0.139583 9.9973E-05 9.9973E-05 0.0808104 0.710773 9.9973E-05
0.334695 9.9964E-05 9.9964E-05 0.163995 9.9964E-05 0.50091 9.9964E-05
0.416735 9.9973E-05 9.9973E-05 0.0239854 9.9973E-05 0.449258 0.109721
0.346849 0.234363 9.9982E-05 9.9982E-05 0.328631 0.0220554 0.0679016
0.250399 0.139596 9.9982E-05 9.9982E-05 0.410647 0.0794571 0.119701
0.130876 9.9973E-05 0.275569 9.9973E-05 0.417302 0.175953 9.9973E-05
0.446181 9.9982E-05 0.165541 0.00233082 0.266274 0.119473 9.9982E-05
0.349553 9.9964E-05 9.9964E-05 9.9964E-05 0.294651 0.355396 9.9964E-05
9.9964E-05 0.111862 9.9964E-05 9.9964E-05 9.9964E-05 0.816649 0.071089
9.996E-05 0.0355586 0.352539 9.996E-05 9.996E-05 0.611503 9.996E-05
0.269999 9.9982E-05 0.0719073 0.0171774 0.16191 0.478806 9.9982E-05
0.0289872 9.9982E-05 0.318836 0.181685 0.0353279 0.434963 9.9982E-05
0.0660726 0.0198882 0.155134 0.0393891 9.9982E-05 0.719316 9.9982E-05
9.999E-05 0.1878 0.00771219 0.0761817 0.149214 0.531891 0.047101
0.139958 9.9973E-05 9.9973E-05 0.0481447 0.150482 0.661115 9.9973E-05
9.9964E-05 0.550076 9.9964E-05 9.9964E-05 0.0702859 0.379239 9.9964E-05
0.377804 0.191226 9.9982E-05 0.0802314 0.00851545 0.342023 9.9982E-05
0.330602 9.9973E-05 9.9973E-05 0.147506 0.153898 0.367694 9.9973E-05
0.0369419 0.570361 9.9973E-05 0.159305 9.9973E-05 0.233092 9.9973E-05
0.157462 0.174175 9.9973E-05 9.9973E-05 0.0694339 0.598629 9.9973E-05
0.162501 0.0017874 9.9982E-05 0.010378 0.170282 0.654852 9.9982E-05
9.997E-05 9.997E-05 0.00645838 0.0971982 0.700907 0.195136 9.997E-05
9.9964E-05 0.154994 0.107817 9.9964E-05 0.73679 9.9964E-05 9.9964E-05
9.9964E-05 0.0868817 0.0741558 9.9964E-05 0.838563 9.9964E-05 9.9964E-05
9.9955E-05 0.297844 9.9955E-05 9.9955E-05 0.701656 9.9955E-05 9.9955E-05
9.99639E-05 9.99639E-05 9.99639E-05 0.022893 0.790547 0.18616 9.99639E-05
9.9973E-05 0.324086 9.9973E-05 9.9973E-05 0.140811 0.409496 0.125308
0.0214824 9.9973E-05 9.9973E-05 0.0795524 0.430746 0.467919 9.9973E-05
9.997E-05 0.252065 9.997E-05 0.057471 0.0455355 0.644629 9.997E-05
9.9982E-05 0.278442 9.9982E-05 0.00826356 0.0504283 0.602147 0.0605186
0.216547 9.997E-05 9.997E-05 0.0623211 0.067627 0.653205 9.997E-05
0.012834 0.0921935 0.186609 0.12323 9.9991E-05 0.15883 0.426203
0.0645357 9.9973E-05 9.9973E-05 0.212061 9.9973E-05 0.0962383 0.626865
0.00173636 0.0695789 9.997E-05 0.869014 9.997E-05 9.997E-05 0.0593708
9.9982E-05 0.104242 0.174066 0.418084 0.0434309 9.9982E-05 0.259978
9.9964E-05 9.9964E-05 0.224953 0.626733 9.9964E-05 9.9964E-05 0.147914
9.997E-05 0.0256451 0.180105 0.639524 0.154426 9.997E-05 9.997E-05
9.9955E-05 9.9955E-05 0.877457 9.9955E-05 0.122043 9.9955E-05 9.9955E-05
0.0227071 9.9973E-05 0.80446 0.12979 9.9973E-05 0.0427429 9.9973E-05
0.0434743 9.9973E-05 0.341925 0.0432092 9.9973E-05 9.9973E-05 0.571092
9.9964E-05 9.9964E-05 0.095376 0.0739856 9.9964E-05 9.9964E-05 0.830239
0.000265157 9.9982E-05 0.248816 0.156197 9.9982E-05 0.13826 0.456262
9.99641E-05 9.99641E-05 9.99641E-05 0.382721 9.99641E-05 0.0731153 0.543764
9.9973E-05 9.9973E-05 0.554604 0.118093 9.9973E-05 0.0694333 0.25757
9.9964E-05 9.9964E-05 0.374621 0.394728 9.9964E-05 9.9964E-05 0.23025
0.0857698 9.9982E-05 0.696501 0.0651983 9.9982E-05 0.0605686 0.091762
0.0429837 9.9982E-05 0.307117 0.42939 9.9982E-05 0.042655 0.177655
0.0106872 9.9973E-05 0.764156 0.073994 9.9973E-05 9.9973E-05 0.150863
0.0108014 9.998E-05 0.184752 0.704471 0.0620075 9.998E-05 0.0377686
9.9973E-05 9.9973E-05 0.0678499 0.64086 9.9973E-05 0.143881 0.147109
9.9964E-05 9.9964E-05 0.196879 0.712039 0.0906825 9.9964E-05 9.9964E-05
0.0276569 9.996E-05 0.392849 0.579095 9.996E-05 9.996E-05 9.996E-05
0.0562651 9.9964E-05 0.00290336 0.940432 9.9964E-05 9.9964E-05 9.9964E-05
9.9973E-05 0.0234662 0.0796679 0.555685 9.9973E-05 9.9973E-05 0.340881
9.9973E-05 9.9973E-05 0.672631 0.174537 0.0448396 9.9973E-05 0.107693
9.9964E-05 9.9964E-05 0.107207 0.748244 0.144149 9.9964E-05 9.9964E-05
0.759633 0.0669071 9.998E-05 0.0415673 0.0395504 0.0921427 9.998E-05
0.0152833 0.866597 9.9964E-05 0.11772 9.9964E-05 9.9964E-05 9.9964E-05
0.0828489 0.79701 9.9964E-05 0.119742 9.9964E-05 9.9964E-05 9.9964E-05
0.781788 9.9964E-05 9.9964E-05 9.9964E-05 0.169789 9.9964E-05 0.0480232
0.530059 0.112241 9.997E-05 9.997E-05 0.336518 9.997E-05 0.0208819
9.99641E-05 0.38448 0.0956922 9.99641E-05 0.519428 9.99641E-05 9.99641E-05
0.432227 0.182447 0.109605 0.0124693 0.232765 0.0240659 0.00642152
0.299449 0.329476 0.0256079 9.999E-05 0.216452 0.0694389 0.0594755
0.78467 9.9964E-05 0.0396869 9.9964E-05 0.175243 9.9964E-05 9.9964E-05
0.47564 0.2938 0.0486599 9.997E-05 0.1816 9.997E-05 9.997E-05
0.80277 9.9973E-05 0.0511676 0.142467 9.9973E-05 9.9973E-05 0.00329607
0.615274 9.9964E-05 9.9964E-05 0.0463394 9.9964E-05 0.337987 9.9964E-05
0.689924 9.997E-05 9.997E-05 9.997E-05 0.0505815 0.223191 0.0360037
0.63258 9.9982E-05 0.0887404 0.003775 0.0881421 0.186562 9.9982E-05
0.446526 9.9964E-05 0.053926 9.9964E-05 0.499148 9.9964E-05 9.9964E-05
0.517813 9.9964E-05 9.9964E-05 9.9964E-05 0.229443 0.252345 9.9964E-05
0.815767 9.9973E-05 0.0227373 0.058633 9.9973E-05 0.102563 9.9973E-05
0.716328 9.9964E-05 0.0790771 9.9964E-05 9.9964E-05 0.204195 9.9964E-05
0.534261 0.127997 0.0746854 9.9982E-05 9.9982E-05 0.260448 0.00240927
0.360713 0.373829 9.998E-05 9.998E-05 0.219655 0.0319126 0.0136907
0.51744 0.367618 9.9973E-05 9.9973E-05 0.0907114 0.023931 9.9973E-05
0.370952 0.548458 9.9973E-05 9.9973E-05 0.0352977 0.0449923 9.9973E-05
0.424592 0.552492 9.9964E-05 9.9964E-05 0.0225159 9.9964E-05 9.9964E-05
0.7294 0.0716702 0.0166238 9.9973E-05 0.182006 9.9973E-05 9.9973E-05
0.909079 0.000191778 9.9973E-05 9.9973E-05 0.0690112 0.0214184 9.9973E-05
0.620561 0.108385 9.9973E-05 9.9973E-05 0.0946419 0.176112 9.9973E-05
0.835771 0.0561567 9.9973E-05 9.9973E-05 0.0961745 9.9973E-05 0.0115982
0.890537 0.00847084 0.0201647 9.9982E-05 0.0497373 9.9982E-05 0.0308898
0.842961 0.0703023 0.0308727 9.9973E-05 9.9973E-05 0.055564 9.9973E-05
0.843514 0.0752444 9.9973E-05 0.026134 9.9973E-05 0.0548079 9.9973E-05
0.818204 0.181297 9.9955E-05 9.9955E-05 9.9955E-05 9.9955E-05 9.9955E-05
0.440829 0.232599 9.9973E-05 9.9973E-05 0.165997 0.160275 9.9973E-05
0.51173 0.284208 9.997E-05 0.0444289 0.159334 9.997E-05 9.997E-05
0.665262 0.175455 9.9973E-05 9.9973E-05 0.122772 0.0362108 9.9973E-05
0.804458 0.0505568 0.0113095 9.99731E-05 0.133375 9.99731E-05 9.99731E-05
0.727029 0.184894 9.9964E-05 9.9964E-05 0.0876768 9.9964E-05 9.9964E-05
0.748859 0.218646 9.9964E-05 0.0320949 9.9964E-05 9.9964E-05 9.9964E-05
0.733006 0.1608 9.99639E-05 9.99639E-05 0.105794 9.99639E-05 9.99639E-05
0.190234 0.70575 0.0612332 9.997E-05 9.997E-05 0.0424835 9.997E-05
0.323252 0.599601 0.0767474 9.9964E-05 9.9964E-05 9.9964E-05 9.9964E-05
0.549005 0.405483 0.0448099 0.00040227 9.997E-05 9.997E-05 9.997E-05
0.867453 0.132047 9.9955E-05 9.9955E-05 9.9955E-05 9.9955E-05 9.9955E-05
0.837463 0.0194289 0.0269856 9.998E-05 9.998E-05 0.0507465 0.0651763
0.720945 0.176858 0.0443285 0.014418 9.998E-05 0.0432507 9.998E-05
0.850372 0.0988798 0.0240782 9.997E-05 0.0263698 9.997E-05 9.997E-05
0.614936 0.0381243 9.9982E-05 0.0804408 9.9982E-05 0.0664899 0.199809
0.606783 9.9973E-05 0.100213 0.244329 9.9973E-05 9.9973E-05 0.0483755
0.664467 0.186453 9.9964E-05 9.9964E-05 0.14868 9.9964E-05 9.9964E-05
0.231142 0.678153 9.996E-05 9.996E-05 0.0903054 9.996E-05 9.996E-05
0.501732 0.41852 0.0793481 9.9964E-05 9.9964E-05 9.9964E-05 9.9964E-05
0.418151 0.568033 9.9964E-05 0.0134169 9.9964E-05 9.9964E-05 9.9964E-05
9.9964E-05 0.829127 9.9964E-05 9.9964E-05 0.125473 0.0449998 9.9964E-05
0.7609 0.171893 9.9964E-05 9.9964E-05 0.0668069 9.9964E-05 9.9964E-05
0.365818 0.574156 9.9973E-05 9.9973E-05 0.0444357 9.9973E-05 0.0152906
0.736194 0.246447 9.9973E-05 9.9973E-05 9.9973E-05 0.00511672 0.0119426
0.465308 0.31956 9.997E-05 9.997E-05 0.159094 0.055738 9.997E-05
0.47635 0.45673 0.0665196 9.9964E-05 9.9964E-05 9.9964E-05 9.9964E-05
9.997E-05 0.106792 0.717363 0.168809 0.00673604 9.997E-05 9.997E-05
9.9973E-05 0.0120696 0.4341 0.412033 9.9973E-05 9.9973E-05 0.141498
9.998E-05 0.0117744 0.381303 0.276603 0.116412 9.998E-05 0.213708
9.998E-05 0.132168 0.0256468 0.640521 0.0870429 9.998E-05 0.114422
0.0852116 0.0374688 0.0719296 0.752243 9.998E-05 9.998E-05 0.0529474
9.9973E-05 9.9973E-05 0.083524 0.815965 0.00496371 9.9973E-05 0.0952474
9.9973E-05 0.0416998 0.339107 0.326808 9.9973E-05 9.9973E-05 0.292085
9.9964E-05 9.9964E-05 0.64539 0.160746 9.9964E-05 9.9964E-05 0.193464
9.99552E-05 0.0622583 0.937242 9.99552E-05 9.99552E-05 9.99552E-05 9.99552E-05
0.0853706 9.998E-05 0.0950162 0.601608 0.0442767 9.998E-05 0.173529
9.996E-05 9.996E-05 9.996E-05 0.854817 9.996E-05 0.0462467 0.0985361
9.99551E-05 9.99551E-05 9.99551E-05 0.951824 9.99551E-05 0.0476767 9.99551E-05
0.00345882 9.9973E-05 9.9973E-05 0.887662 9.9973E-05 0.0507735 0.0578055
