0.493771 0.156418 9.9991E-05 0.349712
0.182282 0.495599 9.9991E-05 0.322019
0.422533 0.164931 9.9991E-05 0.412436
0.46556 0.112972 0.0386011 0.382867
0.274475 9.9991E-05 0.0400532 0.685371
0.594807 9.9982E-05 9.9982E-05 0.404993
9.9982E-05 0.516039 0.483761 9.9982E-05
0.0767343 0.301361 0.522239 0.0996655
9.9982E-05 0.342222 0.657578 9.9982E-05
9.9982E-05 0.337696 0.662104 9.9982E-05
9.9982E-05 0.446284 0.553516 9.9982E-05
9.99819E-05 0.425625 0.574175 9.99819E-05
9.9982E-05 0.199279 0.800521 9.9982E-05
0.0312308 0.121642 0.847028 9.9991E-05
9.9982E-05 0.394151 0.60565 9.9982E-05
9.9982E-05 0.469172 0.530629 9.9982E-05
0.579624 0.092668 0.0245275 0.303181
0.485044 0.429073 0.0396624 0.0462199
0.794078 0.148872 0.0569501 9.9991E-05
0.745457 9.9991E-05 0.0993524 0.15509
0.533444 0.247831 0.0305143 0.18821
0.814214 0.178753 0.00693313 9.9991E-05
0.535553 0.306585 0.0175329 0.140329
0.595805 0.00584242 0.0676406 0.330712
0.800455 0.0105106 0.0575307 0.131503
0.78673 0.0283755 9.9991E-05 0.184795
0.595082 9.9991E-05 0.130195 0.274623
0.498619 9.9991E-05 0.140742 0.360539
0.151182 0.233723 0.0527811 0.562314
0.275079 0.328098 0.0531449 0.343678
0.427453 0.557609 9.9991E-05 0.0148373
0.363877 0.246104 0.040424 0.349596
0.504933 0.173999 9.9991E-05 0.320968
0.865729 0.106334 0.0278369 9.9991E-05
0.60473 0.39507 9.9982E-05 9.9982E-05
0.641498 0.147402 0.0248192 0.186281
0.501964 0.212922 0.285014 9.9991E-05
0.660906 0.106423 0.126736 0.105935
0.747326 0.215744 0.0368304 9.9991E-05
0.802606 0.0695231 0.0760008 0.0518699
0.412424 0.269061 9.9991E-05 0.318415
0.377396 0.0722256 0.053508 0.496871
0.468099 0.0879787 0.124041 0.319881
0.192145 0.0806038 0.160614 0.566637
0.563831 0.112657 9.9991E-05 0.323412
0.713484 0.164129 9.9991E-05 0.122287
0.558625 0.350002 0.0912732 9.9991E-05
0.240969 0.627971 9.9991E-05 0.13096
0.17006 0.791893 9.9991E-05 0.0379472
0.216327 0.518394 9.9991E-05 0.265178
0.547428 0.42328 0.0291918 9.9991E-05
0.575312 0.257461 0.0307591 0.136468
0.700856 0.236575 0.0624688 9.9991E-05
0.698502 0.186434 0.0306788 0.0843844
0.759466 0.203839 0.0125332 0.0241625
0.859996 9.9991E-05 0.0351691 0.104735
0.201203 0.266119 0.532578 9.9991E-05
0.110163 0.0956319 0.76529 0.028915
9.9982E-05 9.9982E-05 0.953723 0.0460772
0.0446138 0.213156 0.74213 9.9991E-05
9.9982E-05 0.178775 0.821025 9.9982E-05
9.9991E-05 0.152605 0.775553 0.0717423
9.9982E-05 0.769381 0.230419 9.9982E-05
0.0656829 0.452782 0.481435 9.9991E-05
9.9982E-05 0.357816 0.641984 9.9982E-05
9.9982E-05 0.246701 0.753099 9.9982E-05
0.0961974 0.260722 0.642981 9.9991E-05
0.12028 9.99821E-05 0.87952 9.99821E-05
0.0205361 0.43368 0.545684 9.9991E-05
9.9982E-05 0.241958 0.757842 9.9982E-05
0.103698 0.428656 0.467545 9.9991E-05
0.130995 0.116526 0.73312 0.0193585
9.9991E-05 0.453451 0.53733 0.00911876
9.9991E-05 0.0692909 0.858163 0.0724458
0.205629 9.9982E-05 0.794171 9.9982E-05
0.063765 0.107899 0.828236 9.9991E-05
9.9991E-05 0.162919 0.791623 0.0453571
9.9982E-05 9.9982E-05 0.974763 0.025037
9.9982E-05 0.102073 0.897727 9.9982E-05
9.9982E-05 0.434471 0.565329 9.9982E-05
0.0777194 0.0925776 0.807073 0.0226297
0.185621 9.9991E-05 0.0372554 0.777024
0.0363456 0.199806 0.0157055 0.748142
9.9991E-05 0.148926 0.0615332 0.789441
0.0537626 0.00439702 0.111117 0.830724
0.0560519 0.168658 0.0204554 0.754835
9.9982E-05 0.768416 9.9982E-05 0.231384
0.099483 0.27983 0.0508139 0.569873
0.151324 0.31909 0.0131181 0.516468
0.102601 0.0807361 0.0508619 0.765801
9.9982E-05 0.242289 9.9982E-05 0.757511
0.0819607 9.9991E-05 0.159551 0.758388
0.460795 9.9991E-05 0.0532204 0.485885
0.336244 9.9991E-05 0.0369155 0.626741
0.283344 0.053997 0.0864318 0.576227
0.234549 0.378886 9.9991E-05 0.386465
0.429632 0.104224 9.9991E-05 0.466044
0.182753 9.9991E-05 0.12347 0.693677
0.298283 9.9991E-05 0.0944037 0.607214
0.268252 0.0736201 0.0295647 0.628564
0.138597 0.219417 9.9991E-05 0.641885
0.0726541 0.0582199 9.9991E-05 0.869026
0.0497282 0.110128 9.9991E-05 0.840044
9.9982E-05 0.134085 9.9982E-05 0.865715
9.9991E-05 0.175628 0.0386482 0.785624
0.106163 9.9991E-05 0.0390949 0.854642
0.298067 9.9982E-05 9.9982E-05 0.701733
9.9982E-05 9.9982E-05 0.0574402 0.94236
0.0126603 9.9991E-05 0.0911618 0.896078
0.105135 9.9991E-05 0.0156312 0.879134
0.0975768 9.9991E-05 0.0516359 0.850687
0.00215065 9.9991E-05 0.00965944 0.98809
0.254894 0.114229 9.9991E-05 0.630777
0.0576287 0.0805522 0.0636204 0.798199
0.0866334 0.124681 9.9991E-05 0.788585
0.0613055 0.0473142 0.020644 0.870736
0.0348637 0.0441854 0.0518099 0.869141
0.0303806 9.9991E-05 0.0267359 0.942784
0.00602933 0.0506454 0.0227624 0.920563
9.9982E-05 0.286738 9.9982E-05 0.713062
9.9982E-05 0.246641 9.9982E-05 0.753159
9.9991E-05 0.149192 0.00139471 0.849313
0.0312831 9.9991E-05 0.0173298 0.951287
0.119363 9.9991E-05 0.0864879 0.794049
0.0406803 9.9991E-05 0.0842052 0.875015
9.9982E-05 9.9982E-05 0.0698744 0.929926
0.0499893 9.9991E-05 0.331224 0.618687
9.9982E-05 9.9982E-05 0.383347 0.616453
9.9982E-05 0.128119 9.9982E-05 0.871681
9.9982E-05 0.232955 9.9982E-05 0.766845
9.9982E-05 0.216252 9.9982E-05 0.783548
9.9982E-05 0.141299 9.9982E-05 0.858501
9.9982E-05 0.335938 9.9982E-05 0.663862
9.9991E-05 0.0141876 0.0321464 0.953566
9.9982E-05 0.213722 9.9982E-05 0.786078
0.0490148 0.0201132 0.00357491 0.927297
0.149894 0.147871 9.9991E-05 0.702136
9.9982E-05 0.170727 9.9982E-05 0.829073
9.9991E-05 0.551415 0.437453 0.0110314
9.9982E-05 0.25504 0.74476 9.9982E-05
9.9982E-05 0.404229 0.595571 9.9982E-05
0.00584462 0.144188 0.737535 0.112432
9.9991E-05 0.0406936 0.808459 0.150748
9.9982E-05 9.9982E-05 0.966947 0.0328527
9.9991E-05 0.273107 0.721664 0.00512888
9.9982E-05 0.440627 0.559174 9.9982E-05
9.9982E-05 0.858245 0.141555 9.9982E-05
9.9991E-05 0.068421 0.822673 0.108806
0.0603618 9.99821E-05 0.939438 9.99821E-05
0.045378 9.9982E-05 0.954422 9.9982E-05
0.0553373 9.9991E-05 0.926071 0.0184921
