0.458609 0.164146 0.377144 9.9991E-05
0.10436 0.537256 0.358284 9.9991E-05
0.404286 0.161976 0.433638 9.9991E-05
0.477339 0.0867017 0.401174 0.0347861
0.216348 9.9991E-05 0.74033 0.0432224
0.611958 9.9982E-05 0.387842 9.9982E-05
9.9982E-05 0.543789 9.9982E-05 0.456011
0.0293371 0.360198 0.103623 0.506842
9.9982E-05 0.363881 9.9982E-05 0.635919
9.9982E-05 0.350217 9.9982E-05 0.649583
9.9982E-05 0.482574 9.9982E-05 0.517226
0.0133167 0.466571 9.9991E-05 0.520013
9.9982E-05 0.193906 9.9982E-05 0.805894
0.00118072 0.184041 9.9991E-05 0.814679
9.9982E-05 0.458618 9.9982E-05 0.541182
9.9982E-05 0.504255 9.9982E-05 0.495545
0.603387 0.0932224 0.288751 0.0146401
0.515055 0.397406 0.0471716 0.040367
0.773226 0.101448 0.00429679 0.121029
0.792587 9.9991E-05 0.120266 0.0870476
0.577068 0.226472 0.153887 0.0425728
0.793969 0.172984 9.9991E-05 0.0329463
0.500307 0.255658 0.17805 0.0659845
0.610759 9.9991E-05 0.316355 0.0727861
0.804656 9.9991E-05 0.113556 0.0816874
0.795838 0.0117337 0.192328 9.9991E-05
0.5598 9.9991E-05 0.255829 0.184271
0.489558 9.9991E-05 0.38036 0.129983
0.177022 0.271483 0.524491 0.0270044
0.295691 0.311889 0.342129 0.0502917
0.4559 0.5439 9.9982E-05 9.9982E-05
0.367085 0.202349 0.363279 0.067286
0.528431 0.22661 0.244859 9.9991E-05
0.87003 0.0911787 9.9991E-05 0.0386915
0.641209 0.358591 9.9982E-05 9.9982E-05
0.662014 0.167012 0.143369 0.0276054
0.500218 0.221301 9.9991E-05 0.278381
0.652235 0.0756291 0.130799 0.141337
0.702291 0.240858 0.020084 0.036767
0.865054 0.0478003 0.00571656 0.0814289
0.452699 0.245024 0.302177 9.9991E-05
0.438752 0.0461239 0.43921 0.0759132
0.479512 0.0505109 0.312398 0.15758
0.220479 0.100107 0.543485 0.135929
0.606389 0.0727287 0.320782 9.9991E-05
0.792667 0.111117 0.0961153 9.9991E-05
0.54892 0.379529 9.9991E-05 0.0714508
0.236858 0.641406 0.117835 0.00390125
0.151317 0.779388 0.0691947 9.9991E-05
0.240002 0.493891 0.266008 9.9991E-05
0.523943 0.463715 9.9991E-05 0.012242
0.498209 0.240126 0.163286 0.0983792
0.717803 0.2325 9.9991E-05 0.0495966
0.756707 0.117111 0.102788 0.0233949
0.735945 0.212389 0.0515659 9.9991E-05
0.798845 9.9991E-05 0.12826 0.0727955
0.210099 0.236784 0.0185879 0.534528
0.133379 0.0768863 0.0415366 0.748198
0.00205434 9.9991E-05 0.0797187 0.918127
0.0702976 0.246508 9.9991E-05 0.683094
9.9982E-05 0.157243 9.9982E-05 0.842557
0.0558605 0.139657 0.0314484 0.773035
9.9982E-05 0.781313 9.9982E-05 0.218487
0.0651281 0.458494 9.9991E-05 0.476278
9.9991E-05 0.377284 0.00378039 0.618836
9.9982E-05 0.236135 9.9982E-05 0.763665
0.127874 0.265011 9.9991E-05 0.607015
0.0639355 9.99821E-05 9.99821E-05 0.935865
0.0366691 0.417469 9.9991E-05 0.545762
9.9982E-05 0.230893 9.9982E-05 0.768907
0.0421692 0.451355 0.0158927 0.490583
0.0548352 0.149199 0.0352482 0.760718
9.9991E-05 0.462191 0.000402597 0.537306
0.0465378 0.0648541 0.0391112 0.849497
0.200195 9.9982E-05 9.9982E-05 0.799606
0.0516583 0.0838722 9.9991E-05 0.864369
9.9991E-05 0.158553 0.00648632 0.834861
9.9982E-05 9.9982E-05 0.0221689 0.977631
9.9982E-05 0.123739 9.9982E-05 0.876061
9.9982E-05 0.446168 9.9982E-05 0.553632
0.085455 0.125047 0.0118406 0.777657
0.12024 9.9991E-05 0.85238 0.0272793
0.0315487 0.214022 0.75433 9.9991E-05
9.9991E-05 0.162349 0.822056 0.0154946
0.039734 0.0193861 0.810129 0.130751
0.0591365 0.223603 0.713082 0.00417815
9.9982E-05 0.743171 0.256629 9.9982E-05
0.107801 0.31514 0.556646 0.0204136
0.198328 0.316081 0.485491 9.9991E-05
0.115268 0.0864882 0.769196 0.0290477
9.9982E-05 0.2669 0.7329 9.9982E-05
0.0814763 9.9991E-05 0.741358 0.177066
0.398197 9.9991E-05 0.519982 0.0817204
0.342229 9.9991E-05 0.610678 0.0469932
0.277207 0.057338 0.585616 0.0798396
0.192975 0.367747 0.439178 9.9991E-05
0.443316 0.130885 0.425698 9.9991E-05
0.141315 9.9991E-05 0.714376 0.144209
0.265796 9.9991E-05 0.627468 0.106637
0.273395 0.0683072 0.607927 0.0503706
0.0825651 0.236344 0.680991 9.9991E-05
0.068609 0.0519239 0.879367 9.9991E-05
0.0651325 0.110485 0.824283 9.9991E-05
9.9982E-05 0.161975 0.837825 9.9982E-05
9.9991E-05 0.178731 0.785312 0.0358575
0.150539 9.9991E-05 0.829752 0.0196093
0.283942 9.9982E-05 0.715858 9.9982E-05
0.0164414 0.0192318 0.89271 0.0716173
0.036159 0.00263369 0.87682 0.0843876
0.0170436 9.9991E-05 0.933851 0.0490058
0.0822078 9.9991E-05 0.847976 0.0697158
0.00711568 9.9982E-05 0.992684 9.9982E-05
0.262923 0.0956715 0.641305 9.9991E-05
0.0224707 0.12032 0.793477 0.0637316
0.0952066 0.154734 0.74996 9.9991E-05
0.100432 0.0493852 0.810016 0.0401669
0.0557708 0.0390068 0.887906 0.0173161
9.9991E-05 0.00314037 0.972117 0.0246427
9.9982E-05 0.0940835 0.905717 9.9982E-05
9.9982E-05 0.26127 0.73853 9.9982E-05
9.9982E-05 0.234932 0.764868 9.9982E-05
9.9991E-05 0.124382 0.86206 0.0134581
9.9982E-05 9.9982E-05 0.988327 0.0114733
0.0625919 9.9991E-05 0.794641 0.142667
0.0286724 9.9991E-05 0.862245 0.108983
0.00545438 9.9991E-05 0.94462 0.0498259
0.0973385 9.9991E-05 0.604315 0.298247
9.9982E-05 9.9982E-05 0.603886 0.395914
9.9982E-05 0.104297 0.895503 9.9982E-05
9.9982E-05 0.242733 0.757067 9.9982E-05
9.9982E-05 0.238889 0.760911 9.9982E-05
9.9982E-05 0.165104 0.834696 9.9982E-05
9.9982E-05 0.328968 0.670832 9.9982E-05
9.9991E-05 0.0241915 0.961213 0.0144953
9.9982E-05 0.230943 0.768857 9.9982E-05
0.0181406 0.032528 0.930137 0.0191943
0.128365 0.165289 0.706247 9.9991E-05
9.9982E-05 0.193605 0.806195 9.9982E-05
9.9991E-05 0.556267 0.0251314 0.418502
9.9982E-05 0.279515 9.9982E-05 0.720285
9.9982E-05 0.386773 9.9982E-05 0.613027
0.00179569 0.0914749 0.116333 0.790396
9.9991E-05 0.0667368 0.132655 0.800508
9.9982E-05 0.0330023 9.9982E-05 0.966798
9.9991E-05 0.29386 0.0140605 0.69198
9.9982E-05 0.445139 9.9982E-05 0.554661
9.9982E-05 0.871237 9.9982E-05 0.128563
9.9991E-05 0.0845467 0.102352 0.813001
0.0372697 9.99821E-05 9.99821E-05 0.96253
0.0602658 9.9982E-05 9.9982E-05 0.939534
0.0472093 9.9991E-05 0.00167349 0.951017
