0.172294 0.411806 0.415799 9.9991E-05
0.540932 0.0966988 0.362269 9.9991E-05
0.183316 0.359362 0.457222 9.9991E-05
0.119813 0.456781 0.418217 0.00518886
9.999E-05 0.231294 0.690322 0.078284
9.9982E-05 0.608468 0.391332 9.9982E-05
0.562222 9.9982E-05 9.9982E-05 0.437578
0.321355 0.0124962 0.127687 0.538461
0.371975 9.9982E-05 9.9982E-05 0.627825
0.386423 9.9982E-05 9.9982E-05 0.613377
0.460483 9.9982E-05 9.9982E-05 0.539317
0.459968 9.9982E-05 9.9982E-05 0.539832
0.252202 9.9982E-05 9.9982E-05 0.747598
0.190005 9.9982E-05 9.9982E-05 0.809795
0.412379 9.9982E-05 9.9982E-05 0.587421
0.481925 9.9982E-05 9.9982E-05 0.517875
0.0659444 0.579631 0.311823 0.042602
0.398978 0.461722 0.0886042 0.0506957
0.133133 0.801633 9.9991E-05 0.0651339
9.9991E-05 0.794195 0.124999 0.0807064
0.213229 0.579691 0.169699 0.0373806
0.157536 0.82524 9.9991E-05 0.0171242
0.228645 0.505752 0.222328 0.0432751
0.0174172 0.582603 0.316662 0.0833175
0.0147184 0.829887 0.120608 0.0347874
9.9982E-05 0.822431 0.177369 9.9982E-05
9.9991E-05 0.547392 0.301573 0.150935
9.9991E-05 0.490456 0.39594 0.113504
0.228691 0.208488 0.551352 0.0114693
0.30515 0.257406 0.38436 0.053084
0.559027 0.395267 0.0456056 9.9991E-05
0.223764 0.361226 0.377776 0.0372328
0.171148 0.53837 0.290382 9.9991E-05
0.135895 0.836982 9.9991E-05 0.0270228
0.386531 0.613269 9.9982E-05 9.9982E-05
0.122274 0.652045 0.172806 0.0528744
0.224739 0.466594 9.9991E-05 0.308567
0.0634127 0.665988 0.11517 0.155429
0.244335 0.724395 0.012445 0.0188245
0.0447515 0.846181 0.0675976 0.04147
0.192957 0.473744 0.333198 9.9991E-05
0.0660725 0.393833 0.465563 0.0745313
0.0806915 0.460655 0.335536 0.123118
0.111747 0.215288 0.500046 0.172919
0.0586349 0.60038 0.340885 9.9991E-05
0.0995062 0.763709 0.136685 9.9991E-05
0.378495 0.570658 9.9991E-05 0.0507475
0.634023 0.252836 0.113042 9.9991E-05
0.749988 0.186836 0.0630766 9.9991E-05
0.502993 0.241559 0.255349 9.9991E-05
0.461663 0.524071 9.9991E-05 0.0141656
0.254638 0.493539 0.203492 0.0483313
0.19348 0.693097 0.0306224 0.0828008
0.146928 0.732744 0.120229 9.9991E-05
0.187209 0.72407 0.0837081 0.00501288
9.9991E-05 0.83125 0.130814 0.0378358
0.259503 0.153993 0.0423785 0.544125
0.14842 0.0633922 0.00353631 0.784652
9.9991E-05 0.00191776 0.0602122 0.93777
0.214477 0.0540037 9.9991E-05 0.731419
0.172777 9.9982E-05 9.9982E-05 0.827023
0.159991 0.0536779 0.0266252 0.759705
0.776749 9.9982E-05 9.9982E-05 0.223051
0.468667 0.0627469 9.9991E-05 0.468486
0.366187 9.9982E-05 9.9982E-05 0.633613
0.260144 9.9982E-05 9.9982E-05 0.739656
0.249084 0.105567 9.9991E-05 0.645249
9.99821E-05 0.086739 9.99821E-05 0.913061
0.468224 0.0163394 9.9991E-05 0.515337
0.22182 0.0177566 9.9991E-05 0.760323
0.476591 0.0177909 0.0404992 0.465119
0.149625 0.102027 9.9991E-05 0.748248
0.466257 9.9991E-05 0.0136673 0.519976
0.104509 0.0300512 0.0361115 0.829329
9.9982E-05 0.187047 9.9982E-05 0.812753
0.121456 0.00393697 9.9991E-05 0.874507
0.19022 9.9991E-05 0.000841335 0.808839
9.998E-05 9.998E-05 9.998E-05 0.9997
0.116258 9.9982E-05 9.9982E-05 0.883542
0.451308 9.9982E-05 9.9982E-05 0.548492
0.0835949 0.0917162 9.9991E-05 0.824589
9.9991E-05 0.133459 0.801329 0.0651115
0.216494 0.0457574 0.737649 9.9991E-05
0.17327 9.9991E-05 0.771664 0.0549663
0.00622612 0.0495277 0.841202 0.103044
0.179537 0.0453573 0.755168 0.0199381
0.740907 9.9982E-05 0.258893 9.9982E-05
0.287694 0.0930582 0.569072 0.0501765
0.283477 0.11329 0.565057 0.0381759
0.0814175 0.0595927 0.787586 0.0714034
0.266149 9.9982E-05 0.733651 9.9982E-05
9.9991E-05 0.0669469 0.737913 0.19504
9.9991E-05 0.398426 0.522426 0.079048
9.9991E-05 0.339547 0.613796 0.0465571
0.0507082 0.302032 0.584103 0.0631564
0.348966 0.216539 0.434395 9.9991E-05
0.0904578 0.358145 0.520698 0.0306989
9.9991E-05 0.164381 0.697807 0.137712
9.9991E-05 0.274203 0.609186 0.116512
0.024023 0.263629 0.656187 0.0561612
0.216585 0.141199 0.642116 9.9991E-05
0.0420623 0.0471841 0.910654 9.9991E-05
0.101613 0.0950569 0.80323 9.9991E-05
0.187798 9.9982E-05 0.812002 9.9982E-05
0.151115 9.9991E-05 0.804821 0.0439636
9.9991E-05 0.137019 0.824277 0.0386047
0.0105958 0.287368 0.68562 0.0164168
9.9982E-05 9.9982E-05 0.921949 0.0778507
9.9991E-05 0.0638529 0.847255 0.0887921
9.9991E-05 0.0519447 0.901344 0.0466112
9.9991E-05 0.0953199 0.867165 0.0374147
9.9982E-05 0.015196 0.984604 9.9982E-05
0.120112 0.237399 0.642389 9.9991E-05
0.0719336 0.0834909 0.788098 0.0564772
0.118647 0.112322 0.768931 9.9991E-05
0.0321727 0.0860687 0.847712 0.0340464
0.0357271 0.0316624 0.904137 0.0284735
9.9991E-05 0.00255877 0.956163 0.0411782
0.0724146 0.0276065 0.895312 0.00466742
0.27304 9.9982E-05 0.72676 9.9982E-05
0.259459 9.9982E-05 0.740341 9.9982E-05
0.125611 9.9991E-05 0.857192 0.0170974
9.9991E-05 0.0166117 0.964256 0.0190328
9.9991E-05 0.0796162 0.811666 0.108618
9.9991E-05 0.0253245 0.898207 0.0763681
9.9982E-05 9.9982E-05 0.949532 0.0502677
9.9991E-05 0.0276588 0.642128 0.330113
9.9982E-05 9.9982E-05 0.612509 0.387291
0.0905452 9.9982E-05 0.909255 9.9982E-05
0.222192 9.9982E-05 0.777608 9.9982E-05
0.235544 9.9982E-05 0.764256 9.9982E-05
0.142153 9.9982E-05 0.857647 9.9982E-05
0.335929 9.9982E-05 0.663871 9.9982E-05
9.9982E-05 9.9982E-05 0.947553 0.052247
0.222065 9.9982E-05 0.777735 9.9982E-05
0.0368982 0.0403639 0.918417 0.00432135
0.131516 0.136595 0.731789 9.9991E-05
0.147528 9.9982E-05 0.852272 9.9982E-05
0.590278 9.9991E-05 0.0313496 0.378273
0.303282 9.9982E-05 9.9982E-05 0.696518
0.419941 9.9982E-05 9.9982E-05 0.579859
0.11811 0.0740468 0.0418424 0.766001
0.0404614 9.9991E-05 0.137666 0.821772
0.0347502 9.9991E-05 0.00981621 0.955334
0.302992 9.9982E-05 9.9982E-05 0.696808
0.447561 9.9982E-05 9.9982E-05 0.552239
0.870626 9.9982E-05 9.9982E-05 0.129174
0.106813 9.9991E-05 0.081778 0.811309
9.99821E-05 0.0600994 9.99821E-05 0.939701
9.9982E-05 0.0346785 9.9982E-05 0.965121
9.9991E-05 0.0358358 0.00675071 0.957314
