0.0210057 9.9991E-05 0.287525 0.481547 0.034556 0.0190345 0.156232
0.164463 9.9982E-05 0.156967 0.0832355 9.9982E-05 0.332377 0.262758
0.044034 9.9982E-05 0.420208 0.315729 9.9982E-05 0.17505 0.0447785
0.125262 0.0132801 0.405176 0.408459 9.9991E-05 0.018886 0.0288366
9.9964E-05 0.00359708 0.785029 0.210974 9.9964E-05 9.9964E-05 9.9964E-05
0.0605825 9.9973E-05 0.470646 0.436806 9.9973E-05 9.9973E-05 0.0316659
0.143153 9.9973E-05 9.9973E-05 9.9973E-05 0.775925 0.0559655 0.0246566
0.0704548 9.9991E-05 0.0746231 0.0115878 0.733073 0.000269661 0.109892
9.9964E-05 9.9964E-05 0.0583063 9.9964E-05 0.933769 0.00752463 9.9964E-05
0.0480929 9.9964E-05 9.9964E-05 0.0127363 0.938771 9.9964E-05 9.9964E-05
9.9964E-05 9.9964E-05 9.9964E-05 9.9964E-05 0.831715 0.128509 0.0393759
9.99729E-05 0.0211552 0.0302904 9.99729E-05 0.443378 0.504876 9.99729E-05
9.9973E-05 0.198955 0.024926 9.9973E-05 0.756257 0.0195627 9.9973E-05
9.9964E-05 0.0520872 9.9964E-05 0.0272923 0.920221 9.9964E-05 9.9964E-05
0.0860953 9.9964E-05 9.9964E-05 9.9964E-05 0.852489 0.0610158 9.9964E-05
9.99641E-05 9.99641E-05 9.99641E-05 9.99641E-05 0.748239 0.174261 0.0771
0.150718 9.9973E-05 0.319411 0.459538 9.9973E-05 0.0700331 9.9973E-05
0.638404 0.0839464 0.0338381 0.191733 9.9991E-05 0.016852 0.0351261
0.195416 0.0536015 0.0190296 0.667967 9.9982E-05 0.0637859 9.9982E-05
0.198843 0.109864 0.188492 0.502501 9.9973E-05 9.9973E-05 9.9973E-05
0.505739 0.0132185 0.252097 0.228645 9.9973E-05 9.9973E-05 9.9973E-05
0.423772 0.0246636 9.9964E-05 0.551165 9.9964E-05 9.9964E-05 9.9964E-05
9.9973E-05 9.9973E-05 0.0911311 0.508833 9.9973E-05 0.260347 0.139389
9.9973E-05 9.9973E-05 0.133482 0.630561 9.9973E-05 0.0186306 0.217027
9.9973E-05 9.9973E-05 0.105845 0.817809 0.0175783 9.9973E-05 0.0584679
0.00512278 9.9973E-05 0.170619 0.731358 9.9973E-05 9.9973E-05 0.0926006
0.00983331 0.152821 0.353354 0.483692 9.9973E-05 9.9973E-05 9.9973E-05
9.9973E-05 0.0436327 0.462473 0.431345 0.0622499 9.9973E-05 9.9973E-05
0.281246 9.9982E-05 0.276779 0.0907399 0.103885 9.9982E-05 0.24715
0.430853 9.9982E-05 0.245685 0.101435 0.100375 9.9982E-05 0.121452
0.418466 9.997E-05 0.0793479 0.148665 9.997E-05 0.353221 9.997E-05
0.228866 0.00635623 0.46429 0.130395 9.9982E-05 0.169893 9.9982E-05
0.311325 9.9964E-05 0.35839 0.329885 9.9964E-05 9.9964E-05 9.9964E-05
9.9964E-05 9.9964E-05 9.9964E-05 0.865192 9.9964E-05 0.050595 0.0838136
9.99549E-05 9.99549E-05 9.99549E-05 0.609967 9.99549E-05 0.389534 9.99549E-05
0.0928129 9.9973E-05 0.244584 0.550269 9.9973E-05 0.112034 9.9973E-05
9.9973E-05 0.20093 0.0229294 0.432831 9.9973E-05 0.343009 9.9973E-05
9.9973E-05 0.0766099 0.165826 0.672857 9.9973E-05 0.084407 9.9973E-05
0.153682 0.041307 9.9991E-05 0.647127 0.0240099 0.0466657 0.0871083
0.15002 0.00631085 0.0992241 0.708794 0.0354513 9.9982E-05 9.9982E-05
0.0968783 9.9964E-05 9.9964E-05 0.411659 9.9964E-05 9.9964E-05 0.491063
9.9973E-05 0.0946133 0.327845 0.360444 9.9973E-05 9.9973E-05 0.216798
0.164997 0.124014 0.365085 0.34325 9.9982E-05 0.00245518 9.9982E-05
9.9973E-05 0.16581 0.0683446 0.243585 9.9973E-05 9.9973E-05 0.52196
0.0372125 9.9982E-05 0.261348 0.537958 0.0181976 9.9982E-05 0.145084
0.195429 0.0107706 0.163713 0.629788 9.9973E-05 9.9973E-05 9.9973E-05
0.653708 0.096171 9.9964E-05 0.249721 9.9964E-05 9.9964E-05 9.9964E-05
0.727517 0.00653877 9.9973E-05 9.9973E-05 9.9973E-05 0.139734 0.125911
0.852683 9.9964E-05 9.9964E-05 9.9964E-05 9.9964E-05 0.0546896 0.092228
0.7041 9.9964E-05 9.9964E-05 0.0224323 9.9964E-05 9.9964E-05 0.273068
0.79579 0.0397711 9.9964E-05 0.164039 9.9964E-05 9.9964E-05 9.9964E-05
0.192362 0.0127524 9.9982E-05 0.355047 0.129541 9.9982E-05 0.310097
0.499698 0.0798869 9.9964E-05 0.420016 9.9964E-05 9.9964E-05 9.9964E-05
0.126244 0.0739693 9.9973E-05 0.551593 9.9973E-05 9.9973E-05 0.247894
0.0647322 9.9973E-05 9.9973E-05 0.558632 0.0773903 9.9973E-05 0.298945
0.0650043 0.10458 0.201884 0.628231 9.9973E-05 9.9973E-05 9.9973E-05
9.9982E-05 0.123026 9.9982E-05 0.238641 0.452987 0.0723541 0.112792
9.9973E-05 0.220333 0.0670247 0.0928232 0.619519 9.9973E-05 9.9973E-05
9.9964E-05 0.880188 9.9964E-05 9.9964E-05 0.0533355 9.9964E-05 0.0660772
0.0578604 0.413905 9.9982E-05 9.9982E-05 0.347218 0.0706299 0.110187
9.9973E-05 0.528462 9.9973E-05 9.9973E-05 0.286424 0.172817 0.0119966
0.145869 0.685923 9.9973E-05 9.9973E-05 9.9973E-05 0.140619 0.027289
0.104709 9.99639E-05 9.99639E-05 9.99639E-05 0.109534 0.785358 9.99639E-05
9.9973E-05 0.187555 0.0126727 0.0513842 9.9973E-05 0.748088 9.9973E-05
9.9973E-05 0.063351 0.0383719 9.9973E-05 0.628661 0.269316 9.9973E-05
0.00728361 0.136741 9.9964E-05 9.9964E-05 0.855576 9.9964E-05 9.9964E-05
9.9982E-05 0.202601 0.0363347 0.160416 0.399101 0.201348 9.9982E-05
9.99641E-05 0.527689 9.99641E-05 0.102356 0.369555 9.99641E-05 9.99641E-05
9.9973E-05 0.199694 9.9973E-05 0.0514803 0.233521 0.515004 9.9973E-05
9.9973E-05 0.29282 9.9973E-05 0.0175191 0.476614 0.212747 9.9973E-05
9.9973E-05 0.152836 9.9973E-05 0.0615775 0.124913 0.660374 9.9973E-05
9.9982E-05 0.374951 0.00724392 0.075184 0.350764 0.191658 9.9982E-05
9.9973E-05 0.0552933 0.0308275 9.9973E-05 0.323009 0.59057 9.9973E-05
0.121804 0.696437 0.0216257 9.9982E-05 0.0621518 0.0977817 9.9982E-05
9.9973E-05 0.591017 9.9973E-05 0.211381 0.184484 0.0128184 9.9973E-05
0.115836 0.715899 9.9973E-05 9.9973E-05 0.0192723 0.148693 9.9973E-05
9.9964E-05 0.614233 0.02458 9.9964E-05 9.9964E-05 0.360787 9.9964E-05
9.9955E-05 0.950306 0.0491942 9.9955E-05 9.9955E-05 9.9955E-05 9.9955E-05
9.9964E-05 0.554324 9.9964E-05 9.9964E-05 0.391171 9.9964E-05 0.0541043
0.137868 0.145965 9.9973E-05 9.9973E-05 0.323751 0.392116 9.9973E-05
0.161021 0.650083 9.9973E-05 9.9973E-05 0.179233 0.00936324 9.9973E-05
0.0354519 0.0434584 0.823946 0.0377259 9.9982E-05 9.9982E-05 0.0592183
9.9964E-05 0.102425 0.0321435 9.9964E-05 9.9964E-05 9.9964E-05 0.865032
9.9964E-05 0.0983971 0.0832328 9.9964E-05 9.9964E-05 9.9964E-05 0.81797
0.15063 9.9964E-05 0.795389 9.9964E-05 0.0535815 9.9964E-05 9.9964E-05
0.330614 9.9973E-05 0.549451 9.9973E-05 0.0520551 9.9973E-05 0.06758
0.50195 9.99641E-05 9.99641E-05 9.99641E-05 9.99641E-05 0.194895 0.302755
0.144518 9.9982E-05 0.442568 0.00418316 9.9982E-05 0.210553 0.197978
0.132914 9.9991E-05 0.374231 0.090405 0.039379 0.117228 0.245743
0.166995 9.9964E-05 0.766616 9.9964E-05 9.9964E-05 0.065989 9.9964E-05
0.115235 9.997E-05 0.486055 9.997E-05 9.997E-05 0.135897 0.262513
9.9973E-05 0.103661 0.810318 0.00269695 9.9973E-05 0.0830238 9.9973E-05
9.997E-05 0.040091 0.623027 0.302693 9.997E-05 0.0338892 9.997E-05
0.0227178 9.9973E-05 0.705843 0.229192 0.0419477 9.9973E-05 9.9973E-05
0.0418584 0.0168096 0.644319 0.167248 9.9982E-05 0.129565 9.9982E-05
0.477609 9.9964E-05 0.413768 9.9964E-05 9.9964E-05 0.108223 9.9964E-05
0.179954 9.9982E-05 0.558937 0.216944 0.0372888 0.0066756 9.9982E-05
9.9973E-05 0.0765501 0.798533 0.105855 9.9973E-05 0.0187617 9.9973E-05
9.9964E-05 9.9964E-05 0.693738 0.191135 9.9964E-05 0.114727 9.9964E-05
9.9982E-05 9.9982E-05 0.557591 0.254392 0.000388147 0.073909 0.11352
0.262427 9.9964E-05 0.346891 9.9964E-05 9.9964E-05 9.9964E-05 0.390282
0.0771466 9.9973E-05 0.547834 0.0147449 9.9973E-05 9.9973E-05 0.359974
0.0616955 9.9973E-05 0.32726 0.060216 9.9973E-05 9.9973E-05 0.550529
0.0215757 9.9964E-05 0.382463 9.9964E-05 9.9964E-05 9.9964E-05 0.595562
0.189975 9.9973E-05 0.750833 9.9973E-05 0.00909527 9.9973E-05 0.0497973
0.0853077 9.9964E-05 0.823324 0.0909685 9.9964E-05 9.9964E-05 9.9964E-05
0.15424 9.9973E-05 0.594362 0.173357 9.9973E-05 9.9973E-05 0.0777404
0.0638644 9.9973E-05 0.838774 9.9973E-05 0.0362562 9.9973E-05 0.0608052
0.0601916 9.9964E-05 0.876498 9.9964E-05 9.9964E-05 0.0629101 9.9964E-05
9.9964E-05 9.9964E-05 0.939098 9.9964E-05 9.9964E-05 0.00815485 0.0523476
9.9973E-05 0.0120445 0.847021 0.100348 9.9973E-05 9.9973E-05 0.0402857
9.9955E-05 9.9955E-05 0.833934 9.9955E-05 9.9955E-05 9.9955E-05 0.165566
0.173475 9.997E-05 0.473524 0.169227 9.997E-05 9.997E-05 0.183474
0.161035 0.0600211 0.466691 9.9973E-05 9.9973E-05 9.9973E-05 0.311953
0.0890835 9.9973E-05 0.686595 0.0882996 9.9973E-05 9.9973E-05 0.135722
0.0769082 9.9973E-05 0.789712 9.9973E-05 9.9973E-05 0.0685158 0.0645637
0.0772901 9.99641E-05 0.767692 9.99641E-05 9.99641E-05 9.99641E-05 0.154618
0.0110724 0.0178099 0.726592 9.9973E-05 9.9973E-05 9.9973E-05 0.244226
0.0999119 9.9964E-05 0.779176 9.9964E-05 9.9964E-05 9.9964E-05 0.120512
9.9964E-05 9.9964E-05 0.242289 9.9964E-05 9.9964E-05 0.13292 0.624392
9.9964E-05 9.9964E-05 0.360315 9.9964E-05 9.9964E-05 0.0618529 0.577432
9.9964E-05 9.9964E-05 0.527514 9.9964E-05 9.9964E-05 0.0650913 0.406995
9.9973E-05 0.00266393 0.893292 0.00413111 9.9973E-05 9.9973E-05 0.099613
9.9982E-05 0.00888725 0.776082 0.0683416 9.9982E-05 0.0786024 0.0678865
9.9973E-05 9.9973E-05 0.74455 0.0617524 9.9973E-05 0.0523428 0.141055
0.0211815 9.9982E-05 0.825583 9.9982E-05 0.00209662 0.0214159 0.129523
9.9973E-05 0.0566371 0.636035 0.0698202 0.237208 9.9973E-05 9.9973E-05
9.9982E-05 0.250007 0.574955 9.9982E-05 0.0685141 0.051751 0.0545731
0.151711 9.9964E-05 0.670577 9.9964E-05 9.9964E-05 9.9964E-05 0.177312
0.0406123 9.9964E-05 0.272201 9.9964E-05 9.9964E-05 9.9964E-05 0.686787
9.9973E-05 9.9973E-05 0.448915 9.9973E-05 0.00362175 0.129719 0.417445
9.9982E-05 9.9982E-05 0.401364 0.0159709 0.0221419 0.00632196 0.554001
0.095944 9.9964E-05 9.9964E-05 0.0242246 9.9964E-05 9.9964E-05 0.879432
0.0848962 9.9964E-05 0.72416 9.9964E-05 9.9964E-05 9.9964E-05 0.190544
9.9964E-05 9.9964E-05 0.376277 9.9964E-05 0.0213279 9.9964E-05 0.601995
9.9973E-05 9.9973E-05 0.669286 0.0436634 0.000384768 9.9973E-05 0.286366
0.153113 9.9973E-05 0.536017 0.0455828 9.9973E-05 9.9973E-05 0.264987
9.9964E-05 9.9964E-05 0.460573 9.9964E-05 9.9964E-05 0.0574388 0.481589
9.9973E-05 0.174355 9.9973E-05 9.9973E-05 0.0181778 0.684327 0.122841
0.0343382 0.395089 9.9973E-05 9.9973E-05 0.331289 0.238984 9.9973E-05
0.0825136 0.224712 9.997E-05 9.997E-05 0.413962 0.278513 9.997E-05
0.128937 0.570734 0.0476184 9.9982E-05 0.201211 9.9982E-05 0.0512997
0.0442874 0.682631 0.104565 9.998E-05 0.111185 0.057132 9.998E-05
0.0274357 0.747341 0.00851997 9.9982E-05 0.211429 0.00507404 9.9982E-05
9.9982E-05 0.336548 0.00955249 9.9982E-05 0.311193 0.299236 0.0432705
9.9964E-05 0.209619 9.9964E-05 9.9964E-05 0.197477 0.592504 9.9964E-05
9.995E-05 9.995E-05 9.995E-05 9.995E-05 9.995E-05 0.9994 9.995E-05
0.0234696 0.597157 0.0772218 9.9991E-05 0.233784 0.0351824 0.0330858
9.99551E-05 0.919339 9.99551E-05 0.0801615 9.99551E-05 9.99551E-05 9.99551E-05
9.9964E-05 0.934848 9.9964E-05 0.050571 9.9964E-05 9.9964E-05 0.0141815
9.99731E-05 0.887497 0.0172556 0.0144827 0.0804652 9.99731E-05 9.99731E-05
