0.355001 0.166956 0.477944 9.9991E-05
0.346304 0.530932 0.122664 9.9991E-05
0.403201 0.178816 0.408733 0.00925018
0.322311 0.113782 0.560858 0.00304951
0.681093 9.9991E-05 0.267766 0.0510406
0.402087 9.9982E-05 0.597713 9.9982E-05
9.9982E-05 0.535836 9.9982E-05 0.463964
0.126222 0.333263 0.0115921 0.528924
9.9982E-05 0.376506 9.9982E-05 0.623294
9.9982E-05 0.381723 9.9982E-05 0.618077
9.9982E-05 0.499539 9.9982E-05 0.500261
0.00129082 0.482685 9.9991E-05 0.515924
9.9982E-05 0.238001 9.9982E-05 0.761799
9.9982E-05 0.204528 9.9982E-05 0.795272
9.9982E-05 0.421496 9.9982E-05 0.578304
9.9982E-05 0.479651 9.9982E-05 0.520149
0.307363 0.120928 0.555295 0.0164138
0.0246817 0.461067 0.462178 0.0520732
0.0126256 0.167088 0.784228 0.0360583
0.185975 9.9991E-05 0.710438 0.103487
0.193597 0.258775 0.530889 0.016739
9.9982E-05 0.201625 0.798175 9.9982E-05
0.189957 0.283051 0.477615 0.0493769
0.363295 0.00565703 0.530814 0.100234
0.179652 9.9991E-05 0.736537 0.0837107
0.181715 0.0192105 0.798974 9.9991E-05
0.236446 9.9991E-05 0.600941 0.162513
0.369011 9.9991E-05 0.490086 0.140802
0.566499 0.252617 0.16007 0.0208133
0.387508 0.289716 0.254433 0.068343
9.9982E-05 0.5738 0.426 9.9982E-05
0.351907 0.258982 0.331485 0.0576256
0.263227 0.195498 0.541175 9.9991E-05
9.9991E-05 0.112818 0.867227 0.0198555
9.9982E-05 0.410988 0.588812 9.9982E-05
0.138711 0.15148 0.657756 0.0520537
9.9991E-05 0.243728 0.489232 0.26694
0.114707 0.0847761 0.682186 0.118332
9.9991E-05 0.247279 0.696149 0.0564722
0.0252547 0.0697456 0.830371 0.0746289
0.272638 0.271477 0.455785 9.9991E-05
0.476136 0.0672855 0.383513 0.0730657
0.230007 0.112968 0.532946 0.124079
0.541482 0.072823 0.226497 0.159198
0.304389 0.138961 0.55655 9.9991E-05
0.10484 0.143901 0.751159 9.9991E-05
9.9991E-05 0.410767 0.505742 0.0833904
0.091035 0.644422 0.264443 9.9991E-05
0.0906055 0.744846 0.164449 9.9991E-05
0.234863 0.52171 0.243327 9.9991E-05
9.9982E-05 0.494457 0.505343 9.9982E-05
0.183979 0.266674 0.477904 0.0714429
9.9991E-05 0.238679 0.702711 0.0585109
0.0793298 0.177538 0.73749 0.00564193
0.0200024 0.228723 0.749178 0.00209741
0.0705328 9.9991E-05 0.892927 0.03644
0.00829652 0.283268 0.162115 0.546321
0.021078 0.135469 0.12834 0.715113
0.0695209 9.9982E-05 9.9982E-05 0.930279
9.9991E-05 0.231751 0.0487094 0.719439
9.9982E-05 0.172285 9.9982E-05 0.827516
0.0155098 0.180774 0.0803087 0.723408
9.9982E-05 0.80722 9.9982E-05 0.19258
9.9991E-05 0.48965 0.0579273 0.452323
9.9982E-05 0.39042 9.9982E-05 0.60938
9.9982E-05 0.276053 9.9982E-05 0.723747
9.9991E-05 0.251832 0.11846 0.629608
9.99821E-05 9.99821E-05 0.0864989 0.913301
9.9991E-05 0.424261 0.0268471 0.548792
0.0155166 0.23702 0.00642467 0.741038
9.9991E-05 0.441847 0.0581734 0.49988
9.9991E-05 0.152459 0.0782993 0.769141
0.0238963 0.461792 9.9991E-05 0.514211
0.0411092 0.0926778 0.0329495 0.833263
9.9982E-05 9.9982E-05 0.205429 0.794371
9.9991E-05 0.0990828 0.0938312 0.806986
0.0162286 0.192101 9.9991E-05 0.79157
0.0114207 9.9991E-05 0.000230734 0.988249
9.9982E-05 0.127683 9.9982E-05 0.872117
9.9982E-05 0.472129 9.9982E-05 0.527671
0.0433706 0.0616503 0.0726941 0.822285
0.845899 9.9991E-05 0.103693 0.0503078
0.769743 0.176471 0.00784988 0.0459367
0.817626 0.15205 9.9991E-05 0.0302244
0.845462 0.0182603 0.0343287 0.101949
0.757761 0.181751 0.0396109 0.0208771
0.249865 0.749935 9.9982E-05 9.9982E-05
0.595223 0.289629 0.0767536 0.0383944
0.488329 0.350179 0.156619 0.0048728
0.749922 0.0779183 0.134283 0.0378764
0.735498 0.264302 9.9982E-05 9.9982E-05
0.754417 9.9991E-05 0.0660959 0.179388
0.45987 9.9991E-05 0.486157 0.0538732
0.609759 9.9991E-05 0.341513 0.0486289
0.571986 0.0629074 0.324547 0.0405598
0.387503 0.40597 0.206426 9.9991E-05
0.454473 0.116659 0.424337 0.00453055
0.693876 9.9991E-05 0.165157 0.140867
0.56513 9.9991E-05 0.297822 0.136949
0.619607 0.0795066 0.273871 0.0270153
0.677606 0.221767 0.100528 9.9991E-05
0.850732 0.0790667 0.0701018 9.9991E-05
0.821217 0.11742 0.0612628 9.9991E-05
0.784836 0.214964 9.9982E-05 9.9982E-05
0.821608 0.118417 9.9991E-05 0.0598756
0.817704 9.9991E-05 0.144295 0.0379008
0.728255 9.9991E-05 0.252783 0.018862
0.910029 9.9982E-05 9.9982E-05 0.0897713
0.851735 0.00486307 0.0385172 0.104884
0.868816 9.9991E-05 0.0959156 0.0351688
0.818 9.9991E-05 0.119983 0.0619165
0.980726 9.9991E-05 0.00191537 0.0172587
0.628494 0.112654 0.258752 9.9991E-05
0.754237 0.0889925 0.116359 0.040412
0.768766 0.118978 0.112156 9.9991E-05
0.827879 0.0255616 0.0924536 0.0541054
0.944778 0.00900236 0.00684085 0.0393791
0.937824 9.9991E-05 0.0172977 0.0447782
0.913986 0.0823475 0.00339598 0.000270278
0.745941 0.253859 9.9982E-05 9.9982E-05
0.770442 0.229358 9.9982E-05 9.9982E-05
0.866307 0.117009 9.9991E-05 0.0165839
0.965588 9.9991E-05 0.0325346 0.00177764
0.782735 9.9991E-05 0.119605 0.0975596
0.853487 9.9991E-05 0.0752224 0.071191
0.934421 0.0156008 9.9991E-05 0.0498785
0.59979 9.9991E-05 0.0765375 0.323572
0.60166 9.9982E-05 9.9982E-05 0.39814
0.906291 0.0935087 9.9982E-05 9.9982E-05
0.755078 0.244722 9.9982E-05 9.9982E-05
0.803786 0.196014 9.9982E-05 9.9982E-05
0.845718 0.154082 9.9982E-05 9.9982E-05
0.668925 0.330875 9.9982E-05 9.9982E-05
0.963012 0.000471766 9.9991E-05 0.0364164
0.832366 0.167434 9.9982E-05 9.9982E-05
0.912029 0.0358474 0.0520241 9.9991E-05
0.785253 0.144407 0.0702394 9.9991E-05
0.829699 0.170101 9.9982E-05 9.9982E-05
9.9982E-05 0.610542 9.9982E-05 0.389259
9.9982E-05 0.301501 9.9982E-05 0.698299
9.9982E-05 0.428713 9.9982E-05 0.571087
0.0274357 0.17958 0.0690718 0.723912
0.11442 0.0521229 9.9991E-05 0.833357
0.0161864 0.0508336 9.9991E-05 0.93288
0.00697198 0.277079 9.9991E-05 0.715849
9.9982E-05 0.458973 9.9982E-05 0.540828
9.9982E-05 0.888203 9.9982E-05 0.111597
0.076746 0.0993945 9.9991E-05 0.82376
9.9982E-05 9.9982E-05 0.0758786 0.923921
9.9982E-05 9.9982E-05 0.0821052 0.917695
9.9982E-05 9.9982E-05 0.0535459 0.946254
