9.9973E-05 9.9973E-05 0.275187 0.465366 9.9973E-05 0.18496 0.0741865
0.00792117 9.9991E-05 0.128555 0.139647 0.0819059 0.322204 0.319668
9.9973E-05 9.9973E-05 0.447428 0.296173 9.9973E-05 0.0650118 0.191087
9.999E-05 0.0541125 0.328269 0.356601 0.10164 0.0870855 0.0721919
9.9955E-05 9.9955E-05 0.745035 0.254465 9.9955E-05 9.9955E-05 9.9955E-05
9.9982E-05 0.00403277 0.420325 0.460913 0.103197 0.0113326 9.9982E-05
0.746598 9.9973E-05 9.9973E-05 9.9973E-05 0.0897375 0.00650916 0.156856
0.719991 9.9973E-05 0.0667534 9.9973E-05 0.0860283 0.126927 9.9973E-05
0.835382 9.9982E-05 0.0150591 9.9982E-05 0.00639459 0.0221384 0.120826
0.871119 9.9982E-05 9.9982E-05 0.0500808 0.051339 0.00106824 0.0261929
0.737769 9.9964E-05 9.9964E-05 9.9964E-05 9.9964E-05 0.0283445 0.233486
0.532538 0.00347715 0.0534103 9.99729E-05 9.99729E-05 9.99729E-05 0.410275
0.813653 0.142643 0.034328 9.9973E-05 9.9973E-05 9.9973E-05 0.00907623
0.935303 0.0559679 9.9964E-05 9.9964E-05 0.00832905 9.9964E-05 9.9964E-05
0.812207 9.9973E-05 9.9973E-05 9.9973E-05 0.0569336 0.0152168 0.115342
0.80155 9.9973E-05 9.9973E-05 9.9973E-05 0.0233247 0.106587 0.0682376
9.9982E-05 0.0101505 0.323952 0.44407 0.193349 9.9982E-05 0.0282782
9.9982E-05 0.0937103 0.0468678 0.149455 0.674261 0.0355056 9.9982E-05
9.999E-05 0.0675593 0.00759962 0.66813 0.21957 0.00416516 0.0328753
9.9973E-05 0.0808251 0.229828 0.532792 0.156255 9.9973E-05 9.9973E-05
0.0504194 9.9973E-05 0.235041 0.217926 0.496313 9.9973E-05 9.9973E-05
9.99639E-05 0.0517919 9.99639E-05 0.502575 0.445233 9.99639E-05 9.99639E-05
9.9973E-05 9.9973E-05 0.113625 0.493597 9.9973E-05 0.171027 0.221452
9.9973E-05 9.9973E-05 0.191775 0.538352 9.9973E-05 0.200755 0.0688192
0.0281373 9.9973E-05 0.0888125 0.831722 9.9973E-05 0.0510282 9.9973E-05
9.9973E-05 9.9973E-05 0.0921123 0.733354 0.00489111 0.169343 9.9973E-05
0.0015272 0.12284 0.391792 0.471183 0.0124579 9.9982E-05 9.9982E-05
0.0956475 9.9964E-05 0.422458 0.481495 9.9964E-05 9.9964E-05 9.9964E-05
0.108509 9.9973E-05 0.369895 9.9973E-05 0.310493 0.210804 9.9973E-05
0.133832 9.9982E-05 0.272942 0.0813168 0.422942 0.0887668 9.9982E-05
9.9973E-05 9.9973E-05 0.0885085 0.160892 0.348157 9.9973E-05 0.402142
9.9982E-05 0.0062505 0.475512 0.150085 0.192226 9.9982E-05 0.175726
9.9973E-05 9.9973E-05 0.365883 0.329896 0.296352 9.9973E-05 0.0075684
0.0257272 9.9973E-05 9.9973E-05 0.8375 9.9973E-05 0.104684 0.0317886
9.99639E-05 9.99639E-05 9.99639E-05 0.582376 9.99639E-05 0.0187956 0.398428
0.0317258 0.0151902 0.24304 0.532957 0.0975299 9.9991E-05 0.0794574
9.9973E-05 0.216412 0.0244487 0.417605 9.9973E-05 9.9973E-05 0.341234
9.9973E-05 0.0940347 0.193036 0.597248 9.9973E-05 9.9973E-05 0.115381
9.9982E-05 0.0215325 9.9982E-05 0.64482 0.179029 0.0957937 0.0586248
0.036379 0.0110484 0.0934701 0.690649 0.168254 9.9982E-05 9.9982E-05
9.99641E-05 9.99641E-05 9.99641E-05 0.386235 0.0848137 0.528552 9.99641E-05
9.9982E-05 0.0968275 0.29516 0.375042 0.0288463 0.203924 9.9982E-05
9.9982E-05 0.0910194 0.325524 0.395064 0.187631 9.9982E-05 0.000561009
9.9973E-05 0.170387 0.0971288 0.2098 9.9973E-05 0.522384 9.9973E-05
0.0243473 9.9982E-05 0.211934 0.533075 0.0533287 0.177115 9.9982E-05
9.9973E-05 9.9973E-05 0.213895 0.621123 0.157555 9.9973E-05 0.0071273
9.9964E-05 0.109722 9.9964E-05 0.254567 0.635311 9.9964E-05 9.9964E-05
9.9964E-05 9.9964E-05 9.9964E-05 9.9964E-05 0.768129 0.134936 0.096535
9.9964E-05 9.9964E-05 9.9964E-05 9.9964E-05 0.823592 0.0747748 0.101233
9.9955E-05 9.9955E-05 9.9955E-05 9.9955E-05 0.735133 0.264367 9.9955E-05
0.0131739 0.0324945 9.9973E-05 0.18406 0.769972 9.9973E-05 9.9973E-05
0.111535 0.0274292 9.9982E-05 0.372028 0.160451 0.328357 9.9982E-05
9.9964E-05 0.10614 9.9964E-05 0.38045 0.51301 9.9964E-05 9.9964E-05
9.9973E-05 0.035192 9.9973E-05 0.563216 0.106864 0.294428 9.9973E-05
0.0618259 9.9973E-05 9.9973E-05 0.560055 0.0969032 0.280916 9.9973E-05
9.9973E-05 0.0859349 0.234891 0.64092 0.0379545 9.9973E-05 9.9973E-05
0.391798 0.158659 9.9982E-05 0.216921 9.9982E-05 0.0495823 0.182841
0.609075 0.196566 0.00301759 0.161743 9.9982E-05 0.0293982 9.9982E-05
9.9982E-05 0.903409 0.00504176 0.0141319 9.9982E-05 0.0688839 0.00833324
0.252464 0.434158 9.9982E-05 9.9982E-05 0.0564549 0.109641 0.147082
0.222029 0.582027 9.9964E-05 9.9964E-05 9.9964E-05 9.9964E-05 0.195545
9.9973E-05 0.703249 9.9973E-05 9.9973E-05 0.135652 0.0317296 0.12907
0.0967854 9.99639E-05 9.99639E-05 9.99639E-05 0.067954 9.99639E-05 0.834861
0.076665 0.203088 0.00913045 0.0620493 9.9982E-05 9.9982E-05 0.648867
0.535895 0.0957067 0.013495 9.9973E-05 9.9973E-05 9.9973E-05 0.354603
0.822716 0.1138 9.9982E-05 0.0018463 0.0180621 9.9982E-05 0.0433753
0.51669 0.134059 0.0232927 0.128392 0.00631266 9.9991E-05 0.191153
0.373972 0.531655 9.99641E-05 0.0939732 9.99641E-05 9.99641E-05 9.99641E-05
0.1806 0.189938 9.9973E-05 0.0811086 9.9973E-05 9.9973E-05 0.548053
0.45966 0.315287 9.9973E-05 9.9973E-05 9.9973E-05 0.0126745 0.212078
0.226765 0.0948033 9.9973E-05 0.120235 9.9973E-05 9.9973E-05 0.557897
0.334672 0.387955 0.0313689 0.0749319 9.998E-05 9.998E-05 0.170872
0.164211 0.155982 9.9964E-05 9.9964E-05 9.9964E-05 9.9964E-05 0.679407
0.0773661 0.690563 0.0279807 9.9982E-05 0.0760355 9.9982E-05 0.127855
0.200412 0.615598 9.9973E-05 0.178587 9.9973E-05 9.9973E-05 0.0051025
9.9973E-05 0.732599 9.9973E-05 0.0032485 0.0668815 9.9973E-05 0.196971
0.0660593 0.557173 0.0773806 9.9982E-05 0.0224174 9.9982E-05 0.27677
9.9955E-05 0.981721 0.0177796 9.9955E-05 9.9955E-05 9.9955E-05 9.9955E-05
0.335819 0.569456 9.9973E-05 9.9973E-05 9.9973E-05 0.0154916 0.078934
0.277732 0.203114 9.9973E-05 9.9973E-05 0.0406637 9.9973E-05 0.478191
9.9973E-05 0.736904 0.00570778 9.9973E-05 0.162986 9.9973E-05 0.0941026
9.9982E-05 0.0411792 0.796771 0.0771566 0.0124046 0.0722889 9.9982E-05
9.9964E-05 0.0995311 0.0215286 9.9964E-05 9.9964E-05 0.87854 9.9964E-05
9.9964E-05 0.128722 0.12364 9.9964E-05 9.9964E-05 0.747238 9.9964E-05
0.0279147 9.9964E-05 0.863581 9.9964E-05 0.108104 9.9964E-05 9.9964E-05
0.0615445 9.9973E-05 0.592562 9.9973E-05 0.299425 0.0461681 9.9973E-05
9.99641E-05 9.99641E-05 9.99641E-05 9.99641E-05 0.49258 0.235738 0.271281
9.9982E-05 9.9982E-05 0.519788 0.0275826 0.135683 0.0999107 0.216836
0.0108346 9.9991E-05 0.266603 0.123085 0.20018 0.290356 0.108843
9.9964E-05 9.9964E-05 0.803374 9.9964E-05 0.180467 9.9964E-05 0.0157589
9.9973E-05 9.9973E-05 0.525434 9.9973E-05 0.140435 0.188232 0.145599
9.9973E-05 0.0770383 0.806238 0.044864 9.9973E-05 9.9973E-05 0.0715597
9.9964E-05 0.0689643 0.591541 0.339095 9.9964E-05 9.9964E-05 9.9964E-05
0.0465875 9.9973E-05 0.668184 0.249255 0.0356733 9.9973E-05 9.9973E-05
9.9973E-05 9.9973E-05 0.616234 0.198801 0.037822 9.9973E-05 0.146843
9.9964E-05 9.9964E-05 0.42785 9.9964E-05 0.466963 9.9964E-05 0.104786
9.9973E-05 9.9973E-05 0.551273 0.249678 0.179603 9.9973E-05 0.0191459
0.0220098 0.0459064 0.782672 0.135388 9.9982E-05 9.9982E-05 0.0138242
9.9973E-05 0.0301102 0.674586 0.213584 9.9973E-05 9.9973E-05 0.0814199
0.00537517 9.9982E-05 0.544731 0.269643 9.9982E-05 0.137964 0.0420867
0.0207793 9.9982E-05 0.364645 0.0358317 0.263227 0.315317 9.9982E-05
9.9973E-05 9.9973E-05 0.421521 0.0409077 0.108181 0.429091 9.9973E-05
9.9973E-05 9.9973E-05 0.370853 0.0249743 0.0861744 0.517698 9.9973E-05
9.9964E-05 9.9964E-05 0.381606 9.9964E-05 0.045821 0.572173 9.9964E-05
9.9973E-05 9.9973E-05 0.709396 9.9973E-05 0.220117 0.0219163 0.0482704
9.9964E-05 9.9964E-05 0.853451 0.0758954 0.0702538 9.9964E-05 9.9964E-05
9.9973E-05 9.9973E-05 0.625981 0.165889 0.144248 0.0635817 9.9973E-05
0.0332162 9.9973E-05 0.861766 9.9973E-05 0.093706 0.0110123 9.9973E-05
0.0255377 0.00796815 0.898634 9.9982E-05 0.0561914 9.9982E-05 0.0114683
9.9973E-05 9.9973E-05 0.89745 0.0195197 9.9973E-05 0.0555474 0.0271835
9.9973E-05 0.0202155 0.819427 0.125657 9.9973E-05 0.0344007 9.9973E-05
9.9955E-05 9.9955E-05 0.886969 9.9955E-05 9.9955E-05 0.112531 9.9955E-05
9.9973E-05 9.9973E-05 0.437053 0.130232 0.169056 0.263359 9.9973E-05
9.9973E-05 0.0583298 0.481969 9.9973E-05 0.137783 0.321619 9.9973E-05
9.9982E-05 9.9982E-05 0.668821 0.0934245 0.0463853 0.110805 0.0803645
9.99731E-05 9.99731E-05 0.776565 9.99731E-05 0.0927924 0.102015 0.0283269
0.00801636 9.9973E-05 0.714301 9.9973E-05 0.102229 0.175153 9.9973E-05
9.9973E-05 0.00106564 0.832811 9.9973E-05 0.00219019 0.163634 9.9973E-05
9.9973E-05 9.9973E-05 0.827109 9.9973E-05 0.0805776 0.0626751 0.0293379
9.9973E-05 9.9973E-05 0.180793 0.0362602 9.9973E-05 0.677168 0.105479
9.9964E-05 9.9964E-05 0.299731 9.9964E-05 9.9964E-05 0.620616 0.0792533
9.9964E-05 9.9964E-05 0.502452 9.9964E-05 9.9964E-05 0.420086 0.0770617
9.9955E-05 9.9955E-05 0.860519 9.9955E-05 9.9955E-05 0.138982 9.9955E-05
9.9982E-05 0.044274 0.766082 0.074914 9.9982E-05 0.0373523 0.0771773
9.9982E-05 0.0186417 0.745343 0.0906538 9.9982E-05 0.126132 0.0190304
9.9973E-05 9.9973E-05 0.866084 9.9973E-05 0.00828883 0.0827109 0.0426159
0.178939 0.0866763 0.614393 0.0564874 9.9982E-05 0.0633038 9.9982E-05
0.0579826 0.247923 0.593621 9.9982E-05 9.9982E-05 0.0455872 0.0546866
9.9973E-05 9.9973E-05 0.684483 9.9973E-05 0.0936268 0.217949 0.00364148
9.9964E-05 9.9964E-05 0.24415 9.9964E-05 0.0983568 0.657094 9.9964E-05
9.9964E-05 9.9964E-05 0.478979 9.9964E-05 9.9964E-05 0.423218 0.0974038
9.9973E-05 9.9973E-05 0.363944 0.0128123 9.9973E-05 0.5983 0.0246437
9.9955E-05 9.9955E-05 9.9955E-05 9.9955E-05 0.118547 0.880953 9.9955E-05
9.9964E-05 9.9964E-05 0.747713 9.9964E-05 0.105785 0.146103 9.9964E-05
0.0066645 9.9982E-05 0.300868 0.0222769 0.0265253 0.643465 9.9982E-05
9.9964E-05 9.9964E-05 0.644078 0.0417524 9.9964E-05 0.313769 9.9964E-05
9.9973E-05 9.9973E-05 0.453592 0.062159 0.132858 0.351091 9.9973E-05
9.9973E-05 9.9973E-05 0.457948 9.9973E-05 0.0275093 0.502507 0.0117351
9.9964E-05 0.225007 9.9964E-05 9.9964E-05 9.9964E-05 0.102336 0.672257
0.282603 0.416431 9.9973E-05 9.9973E-05 0.0320703 9.9973E-05 0.268596
0.315373 0.267715 9.99729E-05 9.99729E-05 0.0793211 9.99729E-05 0.337292
0.0440698 0.66814 9.9982E-05 9.9982E-05 0.063368 0.057215 0.167007
0.0609789 0.704599 0.0366726 9.9982E-05 9.9982E-05 0.067133 0.130416
0.107414 0.799512 9.9973E-05 9.9973E-05 0.0014638 9.9973E-05 0.0913103
0.335062 0.291244 9.9973E-05 9.9973E-05 9.9973E-05 0.0670531 0.306341
0.188015 0.220872 0.0195726 9.9973E-05 9.9973E-05 9.9973E-05 0.571241
9.995E-05 9.995E-05 9.995E-05 9.995E-05 9.995E-05 9.995E-05 0.9994
0.199266 0.632569 0.0627148 9.9982E-05 9.9982E-05 0.0244452 0.0808052
0.0288333 0.903511 9.99641E-05 0.067256 9.99641E-05 9.99641E-05 9.99641E-05
9.9955E-05 0.922809 9.9955E-05 0.0766916 9.9955E-05 9.9955E-05 9.9955E-05
0.0969492 0.884194 0.0140199 0.00453643 9.9973E-05 9.9973E-05 9.9973E-05
