9.9991E-05 0.254275 0.286779 0.0829532 0.375893
9.9991E-05 0.283086 0.190579 0.456679 0.0695562
9.999E-05 0.441998 0.0907883 0.114089 0.353025
0.0020468 0.315458 0.173065 0.0789656 0.430465
0.0212421 0.754614 9.9982E-05 9.9982E-05 0.223943
9.9982E-05 0.351745 0.147178 9.9982E-05 0.500877
0.45533 9.9973E-05 9.9973E-05 0.54437 9.9973E-05
0.498386 0.116487 0.0303795 0.354648 9.9991E-05
0.639285 9.9973E-05 9.9973E-05 0.360415 9.9973E-05
0.606091 9.9982E-05 0.000472374 0.393236 9.9982E-05
0.54148 9.99729E-05 9.99729E-05 0.45822 9.99729E-05
0.511816 0.0129204 9.9982E-05 0.475064 9.9982E-05
0.768648 9.9973E-05 9.9973E-05 0.231053 9.9973E-05
0.810541 9.9973E-05 9.9973E-05 0.189159 9.9973E-05
0.575137 9.9973E-05 9.9973E-05 0.424564 9.9973E-05
0.467031 9.9973E-05 9.9973E-05 0.532669 9.9973E-05
9.999E-05 0.333492 0.024771 0.100991 0.540646
9.9982E-05 0.140332 9.9982E-05 0.450426 0.409042
0.0423422 0.0584044 9.9991E-05 0.126494 0.77266
0.0359408 0.281706 9.9982E-05 9.9982E-05 0.682153
9.9982E-05 0.313905 9.9982E-05 0.241164 0.444731
0.0152364 0.0158591 9.9991E-05 0.211738 0.757066
0.025257 0.0888521 0.188523 0.22022 0.477148
0.0624685 0.134521 0.342681 9.9991E-05 0.460229
0.0724551 0.0579115 0.158153 9.9991E-05 0.71138
9.9982E-05 0.0707537 0.237411 9.9982E-05 0.691635
0.100688 0.345127 9.9982E-05 9.9982E-05 0.553985
0.0665348 0.485395 9.9982E-05 9.9982E-05 0.44787
0.0204083 0.42093 0.250335 0.200106 0.108221
0.0289688 0.436373 9.9991E-05 0.333123 0.201435
9.9982E-05 0.148766 9.9982E-05 0.553946 0.297089
0.0044554 0.483633 9.9991E-05 0.259068 0.252744
9.9982E-05 0.396787 9.9982E-05 0.189791 0.413222
0.0556006 9.9982E-05 0.22574 9.9982E-05 0.718459
9.9982E-05 9.9982E-05 0.12163 0.290584 0.587586
9.9982E-05 0.247928 9.9982E-05 0.144735 0.607137
0.262289 0.0297072 9.9991E-05 0.186026 0.521878
0.0975586 0.111562 0.0423347 0.0942224 0.654322
0.0196027 9.9991E-05 0.211107 0.123552 0.645639
0.00760093 0.105333 0.0129677 0.0654482 0.80865
9.9982E-05 9.9982E-05 0.581401 0.0630087 0.35539
0.0742102 0.438124 0.210882 9.9991E-05 0.276684
0.0974012 0.404985 9.9991E-05 0.106021 0.391493
0.177091 0.201381 0.47395 9.9991E-05 0.147479
9.9991E-05 0.274095 0.200662 0.0203605 0.504782
9.9991E-05 0.226058 0.0414707 0.0959092 0.636462
0.0310426 9.9982E-05 9.9982E-05 0.389433 0.579325
9.9991E-05 0.133587 0.011345 0.667462 0.187506
9.9982E-05 0.0176452 9.9982E-05 0.784905 0.197249
9.9991E-05 0.0630486 0.256606 0.478595 0.20165
9.9982E-05 0.0598277 9.9982E-05 0.471627 0.468345
0.0992072 9.9991E-05 0.370903 0.0794285 0.450361
0.0542369 0.0337062 0.000738801 0.21547 0.695849
0.0129599 9.9982E-05 0.329499 9.9982E-05 0.657341
0.0739991 9.9982E-05 0.361452 9.9982E-05 0.564348
0.0250936 0.20374 9.9982E-05 9.9982E-05 0.770966
0.569413 9.9991E-05 0.159299 0.186627 0.084562
0.73444 0.00757333 0.099017 0.075909 0.0830606
0.910386 0.0590818 9.9982E-05 9.9982E-05 0.030332
0.711507 9.9991E-05 0.126451 0.144874 0.0170681
0.823585 0.00872337 9.9982E-05 0.167491 9.9982E-05
0.70865 9.9991E-05 0.016675 0.181901 0.0926746
0.186707 9.99729E-05 9.99729E-05 0.812993 9.99729E-05
0.435543 0.0270627 9.9991E-05 0.500087 0.0372078
0.60638 9.99729E-05 9.99729E-05 0.39332 9.99729E-05
0.756481 9.9973E-05 9.9973E-05 0.243219 9.9973E-05
0.619496 0.0332048 9.9991E-05 0.27303 0.0741692
0.892549 9.99821E-05 0.0129379 9.99821E-05 0.0943127
0.573288 9.9991E-05 0.00716762 0.415779 0.00366603
0.758128 9.9991E-05 0.00583072 0.231504 0.00443741
0.442585 0.0792694 9.9982E-05 0.477945 9.9982E-05
0.741998 0.0199755 0.00683067 0.145424 0.0857712
0.519953 9.9973E-05 9.9973E-05 0.479747 9.9973E-05
0.781995 0.0848224 9.9982E-05 0.132983 9.9982E-05
0.789985 0.0321493 9.9982E-05 9.9982E-05 0.177666
0.801112 0.0245882 9.9991E-05 0.100506 0.0736938
0.753086 0.0455843 9.9982E-05 0.20113 9.9982E-05
0.955113 0.0445872 9.9973E-05 9.9973E-05 9.9973E-05
0.87539 9.9982E-05 0.0308784 0.0935322 9.9982E-05
0.516188 9.99729E-05 9.99729E-05 0.483512 9.99729E-05
0.755288 0.0351269 9.9991E-05 0.104904 0.104582
0.00426141 0.776641 0.0609191 9.9991E-05 0.158079
0.078561 0.091788 0.829451 9.9982E-05 9.9982E-05
0.0943949 0.140788 0.764617 9.9982E-05 9.9982E-05
0.0382193 0.895777 9.9991E-05 0.056463 0.00944112
9.9991E-05 0.688198 0.0498173 0.24232 0.0195643
9.99821E-05 0.150712 0.0933439 0.755744 9.99821E-05
0.0164252 0.582708 0.0219132 0.301691 0.0772627
9.9991E-05 0.45887 0.180687 0.251362 0.108981
9.9982E-05 0.862136 9.9982E-05 0.120457 0.017207
9.9982E-05 0.573626 0.208175 0.217998 9.9982E-05
0.125418 0.874282 9.9973E-05 9.9973E-05 9.9973E-05
0.0068072 0.651671 9.9982E-05 9.9982E-05 0.341321
9.9982E-05 0.714552 9.9982E-05 0.0133165 0.271932
0.0367013 0.713063 9.9991E-05 0.0609334 0.189202
9.9982E-05 0.492863 9.9982E-05 0.460665 0.0462729
9.9982E-05 0.608628 9.9982E-05 0.116562 0.27461
0.0771831 0.827656 9.9982E-05 9.9982E-05 0.0949608
0.0591553 0.782557 9.9982E-05 9.9982E-05 0.158087
0.0190737 0.57913 0.164656 0.0474769 0.189664
9.9991E-05 0.418238 0.358683 0.123162 0.0998176
9.9982E-05 0.585398 0.385781 9.9982E-05 0.0286216
9.9982E-05 0.387199 0.564966 9.9982E-05 0.0476353
9.9973E-05 0.418593 0.581107 9.9973E-05 9.9973E-05
9.9973E-05 0.787249 9.9973E-05 0.212451 9.9973E-05
9.9973E-05 0.876775 9.9973E-05 9.9973E-05 0.122925
9.9982E-05 0.599703 0.148132 9.9982E-05 0.251965
9.9982E-05 0.959679 0.0323037 0.00781715 9.9982E-05
0.00367092 0.921069 9.9991E-05 0.0502139 0.0249466
9.9991E-05 0.864527 0.0678192 0.0128362 0.0547177
9.9982E-05 0.844002 0.0620393 9.9982E-05 0.0937586
9.9973E-05 0.843486 0.156214 9.9973E-05 9.9973E-05
9.9991E-05 0.434942 0.321088 0.038641 0.205229
0.0495526 0.533883 0.350453 9.9991E-05 0.0660122
9.9991E-05 0.661978 0.196705 0.0725893 0.0686275
9.9991E-05 0.895523 0.0151462 0.0742047 0.015026
9.9991E-05 0.800126 0.181305 0.00451816 0.0139508
9.9982E-05 0.779677 0.182149 9.9982E-05 0.0379733
9.9982E-05 0.847246 0.0827504 0.0698035 9.9982E-05
9.9982E-05 0.296377 0.685241 0.0181818 9.9982E-05
9.9982E-05 0.363278 0.576658 0.0598641 9.9982E-05
0.00855063 0.540167 0.451082 9.9982E-05 9.9982E-05
9.9973E-05 0.874663 0.125037 9.9973E-05 9.9973E-05
0.0805463 0.730571 0.133802 9.9991E-05 0.0549801
0.0231908 0.801498 0.154358 9.9991E-05 0.0208539
9.9982E-05 0.846368 0.130538 0.0228942 9.9982E-05
0.288413 0.569549 0.100961 9.9991E-05 0.0409775
0.378383 0.621318 9.9973E-05 9.9973E-05 9.9973E-05
9.9982E-05 0.752229 0.180586 0.0669855 9.9982E-05
9.9982E-05 0.306928 0.625083 0.0677883 9.9982E-05
9.9982E-05 0.489921 0.406415 0.103464 9.9982E-05
0.0224016 0.31093 0.666469 9.9982E-05 9.9982E-05
9.9982E-05 9.9982E-05 0.943765 0.0239106 0.032124
9.9973E-05 0.829276 0.170424 9.9973E-05 9.9973E-05
0.011649 0.326263 0.65045 0.0115372 9.9991E-05
9.9973E-05 0.638885 0.360815 9.9973E-05 9.9973E-05
9.9991E-05 0.453174 0.385526 0.0237662 0.137434
9.9982E-05 0.45981 0.493942 0.0460479 9.9982E-05
0.354401 9.9982E-05 0.0632576 0.582142 9.9982E-05
0.677131 9.9973E-05 9.9973E-05 0.32257 9.9973E-05
0.564099 9.99729E-05 9.99729E-05 0.435601 9.99729E-05
0.726879 0.0770533 0.0330941 0.138114 0.0248596
0.783367 0.191288 0.00143263 0.0238117 9.9991E-05
0.932095 0.0508074 9.9982E-05 0.0168976 9.9982E-05
0.703791 9.9982E-05 0.0575416 0.238467 9.9982E-05
0.519857 9.99729E-05 9.99729E-05 0.479843 9.99729E-05
0.143898 9.99731E-05 9.99731E-05 0.855802 9.99731E-05
0.808503 0.0801958 9.9982E-05 0.111101 9.9982E-05
0.919059 9.99731E-05 9.99731E-05 9.99731E-05 0.0806412
0.88956 9.9973E-05 9.9973E-05 9.9973E-05 0.11014
0.927751 0.0586517 9.9982E-05 9.9982E-05 0.0133977
