0.0866378 0.528169 9.99729E-05 9.99729E-05 0.0551665 0.0598545 0.269872 9.99729E-05
0.209229 0.317101 0.0812711 9.9973E-05 9.9973E-05 0.290649 0.10145 9.9973E-05
9.9973E-05 0.348326 9.9973E-05 9.9973E-05 0.155895 0.134485 0.316551 0.0444433
0.139469 0.101398 9.9991E-05 0.0061622 0.507117 0.0608116 0.0114983 0.173443
9.9964E-05 0.234302 9.9964E-05 0.01637 0.0762183 9.9964E-05 0.67271 9.9964E-05
0.0785849 0.292396 9.9973E-05 9.9973E-05 0.369421 9.9973E-05 0.158278 0.10102
0.0484883 9.9955E-05 0.950516 9.9955E-05 9.9955E-05 9.9955E-05 9.9955E-05 0.000495541
0.0611177 9.9973E-05 0.669561 0.0355342 9.9973E-05 9.9973E-05 0.0764794 0.157008
0.061325 9.9964E-05 0.754901 0.166796 0.0165785 9.9964E-05 9.9964E-05 9.9964E-05
0.0065234 9.99641E-05 0.797749 0.0930362 9.99641E-05 9.99641E-05 9.99641E-05 0.102292
0.0467172 0.0117108 0.916732 9.9964E-05 0.0244406 9.9964E-05 9.9964E-05 9.9964E-05
9.9955E-05 0.0224881 0.890529 9.9955E-05 9.9955E-05 9.9955E-05 0.0864827 9.9955E-05
9.99551E-05 9.99551E-05 0.666019 0.303162 0.0303194 9.99551E-05 9.99551E-05 9.99551E-05
9.99551E-05 9.99551E-05 0.638282 0.273959 9.99551E-05 9.99551E-05 9.99551E-05 0.0872592
9.9982E-05 0.011897 0.831512 0.0627744 0.0289745 0.031811 9.9982E-05 0.0328316
0.0470247 9.99462E-05 0.952376 9.99462E-05 9.99462E-05 9.99462E-05 9.99462E-05 9.99462E-05
0.0554236 0.0602243 9.9973E-05 9.9973E-05 9.9973E-05 0.00552532 0.344773 0.533754
9.9964E-05 9.9964E-05 9.9964E-05 0.0185362 9.9964E-05 0.384557 0.0756112 0.520895
9.9982E-05 0.309779 9.9982E-05 0.0276112 0.143102 0.0810539 0.0176158 0.420639
9.9964E-05 9.9964E-05 9.9964E-05 0.0012139 0.182527 9.9964E-05 0.17738 0.638479
9.99639E-05 9.99639E-05 9.99639E-05 9.99639E-05 0.0205175 0.220385 0.240489 0.518209
9.9955E-05 9.9955E-05 9.9955E-05 9.9955E-05 0.096977 0.131589 9.9955E-05 0.770934
0.0334467 0.664203 0.0691694 9.9973E-05 9.9973E-05 0.0725911 0.16029 9.9973E-05
0.0538209 0.70651 9.9964E-05 0.011228 9.9964E-05 9.9964E-05 0.228041 9.9964E-05
9.9973E-05 0.760738 9.9973E-05 0.00259035 0.0286371 9.9973E-05 0.117187 0.0905475
0.23411 0.110479 9.9964E-05 9.9964E-05 0.225063 9.9964E-05 9.9964E-05 0.429949
9.9964E-05 0.0544169 9.9964E-05 0.00590673 9.9964E-05 9.9964E-05 0.359599 0.579678
9.9973E-05 0.150039 9.9973E-05 0.0460592 0.119635 9.9973E-05 0.367365 0.316601
0.22023 9.9973E-05 0.0288488 9.9973E-05 9.9973E-05 0.186456 0.330215 0.23395
0.0508419 9.9991E-05 0.0163467 0.048273 0.0351911 0.3308 0.27018 0.248268
9.9964E-05 9.9964E-05 0.119839 9.9964E-05 0.264474 0.39539 9.9964E-05 0.219897
9.99729E-05 9.99729E-05 0.114573 9.99729E-05 0.161811 0.127026 0.314125 0.282165
0.0533358 9.9973E-05 9.9973E-05 9.9973E-05 0.406169 0.088283 0.0875089 0.364403
9.9955E-05 0.868937 9.9955E-05 9.9955E-05 0.00924172 9.9955E-05 9.9955E-05 0.121322
9.99549E-05 0.823111 0.0458837 9.99549E-05 9.99549E-05 0.130506 9.99549E-05 9.99549E-05
9.9982E-05 0.173557 0.0491772 9.9982E-05 0.0690469 0.00864694 0.262099 0.437273
9.9973E-05 0.405674 9.9973E-05 0.316546 0.0608625 0.187974 9.9973E-05 0.0286444
9.9964E-05 0.508104 9.9964E-05 0.0555408 9.9964E-05 9.9964E-05 0.169358 0.266597
0.104475 0.424849 9.9973E-05 0.0314117 9.9973E-05 0.167712 9.9973E-05 0.271253
9.9964E-05 0.190374 9.9964E-05 9.9964E-05 0.166238 9.9964E-05 0.0598973 0.583091
0.517722 0.0355458 9.9964E-05 9.9964E-05 0.417569 9.9964E-05 9.9964E-05 0.028764
0.231126 9.9973E-05 9.9973E-05 0.0831568 0.594333 9.9973E-05 0.00160363 0.089481
9.9982E-05 0.0621671 9.9982E-05 0.119289 0.568137 0.136447 0.0303995 0.0833602
0.494773 0.0881307 9.9964E-05 0.149589 0.267108 9.9964E-05 9.9964E-05 9.9964E-05
0.217126 9.99551E-05 9.99551E-05 9.99551E-05 0.561573 9.99551E-05 9.99551E-05 0.220801
9.9964E-05 0.167932 9.9964E-05 9.9964E-05 0.570746 0.0696617 9.9964E-05 0.19126
9.9955E-05 9.9955E-05 0.0529915 9.9955E-05 9.9955E-05 0.323305 9.9955E-05 0.623204
0.0765856 9.99639E-05 0.095586 9.99639E-05 9.99639E-05 0.561399 9.99639E-05 0.26603
9.9946E-05 9.9946E-05 9.9946E-05 9.9946E-05 9.9946E-05 0.830776 9.9946E-05 0.168625
0.179312 9.99549E-05 9.99549E-05 9.99549E-05 9.99549E-05 0.601698 9.99549E-05 0.218489
9.99549E-05 9.99549E-05 9.99549E-05 0.00380467 9.99549E-05 0.516119 9.99549E-05 0.479577
0.400011 0.0732776 0.103931 9.9964E-05 9.9964E-05 9.9964E-05 9.9964E-05 0.42238
0.0378545 0.0515547 9.9973E-05 0.0284956 9.9973E-05 0.212852 9.9973E-05 0.668943
0.353339 0.0710959 9.9955E-05 9.9955E-05 9.9955E-05 9.9955E-05 9.9955E-05 0.575065
0.370965 0.0379433 9.99549E-05 9.99549E-05 9.99549E-05 9.99549E-05 9.99549E-05 0.590592
0.0516771 9.9964E-05 9.9964E-05 9.9964E-05 0.281321 9.9964E-05 0.0221297 0.644472
0.104059 0.232432 0.425508 0.237602 9.9964E-05 9.9964E-05 9.9964E-05 9.9964E-05
0.0134071 0.183364 0.270979 0.518351 9.9973E-05 0.0135989 9.9973E-05 9.9973E-05
0.0614239 0.0260105 9.9955E-05 0.912066 9.9955E-05 9.9955E-05 9.9955E-05 9.9955E-05
0.143623 9.9964E-05 0.275359 0.486784 9.9964E-05 9.9964E-05 9.9964E-05 0.0938332
0.031199 9.9964E-05 0.383316 0.583885 0.00120013 9.9964E-05 9.9964E-05 9.9964E-05
0.0737715 9.9973E-05 0.196221 0.608154 9.9973E-05 0.0399332 9.9973E-05 0.0816208
9.99549E-05 0.0626886 0.577275 9.99549E-05 9.99549E-05 0.359537 9.99549E-05 9.99549E-05
9.9973E-05 0.069891 0.798967 9.9973E-05 0.100192 9.9973E-05 0.00783003 0.0228197
9.9955E-05 9.9955E-05 0.806579 0.0894102 0.103511 9.9955E-05 9.9955E-05 9.9955E-05
9.9955E-05 0.0578938 0.595428 0.346178 9.9955E-05 9.9955E-05 9.9955E-05 9.9955E-05
9.9982E-05 0.0878889 0.569168 0.198008 0.042314 9.9982E-05 0.0145882 0.0878331
9.99551E-05 0.21671 0.185178 0.597612 9.99551E-05 9.99551E-05 9.99551E-05 9.99551E-05
9.9964E-05 0.202113 0.618034 0.167483 9.9964E-05 0.0119697 9.9964E-05 9.9964E-05
9.9964E-05 0.111205 0.602897 0.282781 9.9964E-05 9.9964E-05 9.9964E-05 0.00271685
9.9973E-05 0.168305 0.687961 9.9973E-05 0.0115814 0.0786882 0.0531641 9.9973E-05
9.9955E-05 0.178375 0.436792 0.384333 9.9955E-05 9.9955E-05 9.9955E-05 9.9955E-05
9.9955E-05 0.0582418 0.859972 9.9955E-05 9.9955E-05 9.9955E-05 0.0812865 9.9955E-05
9.9973E-05 9.9973E-05 0.258984 0.584209 0.0327427 9.9973E-05 0.0361377 0.0876271
9.99551E-05 9.99551E-05 0.142666 0.650187 9.99551E-05 9.99551E-05 9.99551E-05 0.206647
9.9964E-05 9.9964E-05 0.0566292 0.770415 9.9964E-05 0.125111 9.9964E-05 0.0474448
9.9964E-05 9.9964E-05 0.359171 0.519785 0.10821 0.0124334 9.9964E-05 9.9964E-05
9.9955E-05 9.9955E-05 9.9955E-05 0.938982 0.0204222 9.9955E-05 0.0400965 9.9955E-05
0.0156144 0.0378215 0.30668 0.639484 9.9964E-05 9.9964E-05 9.9964E-05 9.9964E-05
9.9973E-05 0.00390859 0.646246 0.181959 9.9973E-05 0.128347 9.9973E-05 0.0392401
9.9955E-05 9.9955E-05 9.9955E-05 0.776545 0.0572775 0.165677 9.9955E-05 9.9955E-05
9.99731E-05 0.0631711 9.99731E-05 0.0139613 9.99731E-05 0.0441428 0.808748 0.0696766
0.905374 9.9955E-05 9.9955E-05 0.0698691 9.9955E-05 9.9955E-05 9.9955E-05 0.0242567
0.769744 9.9955E-05 9.9955E-05 0.0970933 9.9955E-05 9.9955E-05 0.132663 9.9955E-05
9.9973E-05 0.0101533 9.9973E-05 0.0595285 0.0705498 0.111965 0.747504 9.9973E-05
0.0162825 9.9973E-05 9.9973E-05 9.9973E-05 0.0598653 0.323451 0.576923 0.0231787
0.0195031 9.99461E-05 9.99461E-05 9.99461E-05 9.99461E-05 0.979897 9.99461E-05 9.99461E-05
0.118046 9.997E-05 0.0541098 9.997E-05 0.537036 0.230409 0.0600996 9.997E-05
0.18349 0.0698452 0.0435588 9.9973E-05 0.46397 0.238836 9.9973E-05 9.9973E-05
0.00466 9.9973E-05 0.00961753 9.9973E-05 0.49961 0.122278 0.363535 9.9973E-05
0.101545 9.996E-05 9.996E-05 9.996E-05 0.18991 0.318892 0.389253 9.996E-05
9.9955E-05 9.9955E-05 9.9955E-05 0.0478373 0.730542 9.9955E-05 0.221121 9.9955E-05
9.9955E-05 9.9955E-05 9.9955E-05 9.9955E-05 0.877577 9.9955E-05 0.107739 0.0141849
9.99549E-05 0.155037 9.99549E-05 9.99549E-05 0.455096 9.99549E-05 0.389367 9.99549E-05
9.9973E-05 0.0834428 9.9973E-05 0.00604664 0.528214 0.0772865 0.30471 9.9973E-05
9.99549E-05 9.99549E-05 0.00999549 9.99549E-05 0.560617 0.428887 9.99549E-05 9.99549E-05
9.9973E-05 0.0593676 9.9973E-05 9.9973E-05 0.666116 0.134115 0.0927878 0.0473133
9.9964E-05 9.9964E-05 0.0347898 0.0122711 0.670587 9.9964E-05 0.281952 9.9964E-05
9.9973E-05 0.0304687 9.9973E-05 0.021171 0.62611 9.9973E-05 0.280669 0.0412812
0.19192 0.0276013 0.0449588 9.9973E-05 0.538348 9.9973E-05 0.196872 9.9973E-05
0.289709 9.9964E-05 9.9964E-05 9.9964E-05 9.9964E-05 0.234271 0.412266 0.0633551
0.424272 9.9955E-05 9.9955E-05 9.9955E-05 9.9955E-05 0.0227072 0.552521 9.9955E-05
0.442832 0.0739293 9.9964E-05 9.9964E-05 9.9964E-05 0.0360848 0.446754 9.9964E-05
0.520108 9.9955E-05 9.9955E-05 9.9955E-05 0.00506649 9.9955E-05 0.474325 9.9955E-05
9.99549E-05 9.99549E-05 9.99549E-05 0.00865382 9.99549E-05 0.256313 0.734534 9.99549E-05
9.9955E-05 0.0252706 9.9955E-05 9.9955E-05 9.9955E-05 9.9955E-05 0.866819 0.10741
0.0458009 0.0994854 9.9973E-05 9.9973E-05 9.9973E-05 0.0127985 0.680437 0.161178
9.9964E-05 9.9964E-05 0.0202418 9.9964E-05 9.9964E-05 0.000382403 0.939855 0.0391208
9.9964E-05 0.0531015 9.9964E-05 0.0437796 9.9964E-05 0.0328845 0.869835 9.9964E-05
0.0263797 0.0017064 0.0110648 9.9982E-05 0.0913338 9.9982E-05 0.809128 0.0601878
0.00804442 0.168483 9.9955E-05 9.9955E-05 9.9955E-05 9.9955E-05 0.822973 9.9955E-05
0.0728238 0.0524544 9.9955E-05 9.9955E-05 9.9955E-05 9.9955E-05 0.874222 9.9955E-05
0.273152 9.9973E-05 9.9973E-05 9.9973E-05 0.167514 0.0637073 0.386824 0.108504
0.235579 9.9964E-05 9.9964E-05 9.9964E-05 9.9964E-05 0.0518628 0.570538 0.14162
0.111104 0.10596 9.9973E-05 9.9973E-05 0.11774 0.0859697 0.578926 9.9973E-05
9.99641E-05 0.0946603 9.99641E-05 9.99641E-05 0.0837343 0.0715072 0.749698 9.99641E-05
0.115822 9.99731E-05 9.99731E-05 9.99731E-05 0.102613 0.0813329 0.695016 0.00491693
0.0456691 0.0594721 9.9964E-05 9.9964E-05 9.9964E-05 0.036284 0.858175 9.9964E-05
0.0313987 9.99639E-05 9.99639E-05 9.99639E-05 0.182672 0.145834 0.639695 9.99639E-05
0.532678 0.21901 9.9964E-05 9.9964E-05 9.9964E-05 0.00481008 0.243102 9.9964E-05
0.494007 0.0486557 9.9964E-05 9.9964E-05 9.9964E-05 0.106554 0.350384 9.9964E-05
0.33549 0.0346154 9.9973E-05 0.0179602 9.9973E-05 0.0361418 0.575492 9.9973E-05
0.136472 9.9955E-05 9.9955E-05 9.9955E-05 0.137155 9.9955E-05 0.725873 9.9955E-05
0.0548968 0.0345821 0.0136186 0.0566465 0.0998109 9.9991E-05 0.729305 0.0110397
0.0451938 0.160587 9.9955E-05 9.9955E-05 9.9955E-05 9.9955E-05 0.79372 9.9955E-05
0.0842917 9.9973E-05 0.0386776 9.9973E-05 0.0402905 9.9973E-05 0.821037 0.0154034
9.9964E-05 0.186265 0.0467365 0.167146 9.9964E-05 9.9964E-05 0.599452 9.9964E-05
9.9955E-05 9.9955E-05 0.110313 0.274677 9.9955E-05 9.9955E-05 0.61451 9.9955E-05
0.114737 9.9955E-05 9.9955E-05 9.9955E-05 9.9955E-05 0.136804 0.74796 9.9955E-05
0.604739 9.99549E-05 9.99549E-05 9.99549E-05 9.99549E-05 0.093417 0.301344 9.99549E-05
0.31765 0.128405 0.0515195 9.9973E-05 9.9973E-05 0.0322364 0.469889 9.9973E-05
0.507804 0.101885 9.9955E-05 9.9955E-05 9.9955E-05 9.9955E-05 0.389811 9.9955E-05
0.909187 9.9964E-05 9.9964E-05 9.9964E-05 9.9964E-05 0.0224877 0.0532088 0.0147172
0.108661 9.9955E-05 9.9955E-05 9.9955E-05 9.9955E-05 0.0625385 0.8283 9.9955E-05
0.601953 0.0298319 9.9973E-05 9.9973E-05 0.0428306 0.000551062 0.324534 9.9973E-05
0.317776 9.9964E-05 9.9964E-05 9.9964E-05 0.114444 9.9964E-05 0.555283 0.0120972
0.332668 0.0434333 9.9982E-05 9.9982E-05 0.116664 0.1246 0.37635 0.00608396
0.417223 9.9964E-05 0.0080439 9.9964E-05 9.9964E-05 0.044086 0.530248 9.9964E-05
0.159937 9.9964E-05 0.557271 0.0715779 9.9964E-05 0.210814 9.9964E-05 9.9964E-05
9.9973E-05 0.0105942 0.476917 0.421433 9.9973E-05 0.0873811 0.00337544 9.9973E-05
0.054443 9.9973E-05 0.541308 0.291186 9.9973E-05 0.108415 9.9973E-05 0.00434783
0.0725355 9.9982E-05 0.128209 0.65163 0.0104849 0.112301 9.9982E-05 0.0246403
9.9973E-05 9.9973E-05 0.171598 0.688892 0.00496645 0.0376866 0.0965577 9.9973E-05
0.0126818 9.9964E-05 0.156193 0.822623 9.9964E-05 9.9964E-05 0.00810221 9.9964E-05
0.0511651 0.00158642 0.611987 0.296946 0.0380157 9.9973E-05 9.9973E-05 9.9973E-05
9.9973E-05 9.9973E-05 0.787583 0.115085 0.0310345 0.0562053 0.00979243 9.9973E-05
0.0289109 9.99551E-05 0.566194 9.99551E-05 9.99551E-05 0.404396 9.99551E-05 9.99551E-05
9.9964E-05 9.9964E-05 0.224992 0.661292 9.9964E-05 0.035913 0.0774023 9.9964E-05
9.99462E-05 9.99462E-05 9.99462E-05 0.932469 9.99462E-05 9.99462E-05 9.99462E-05 0.0669315
9.99461E-05 0.0431727 9.99461E-05 0.956228 9.99461E-05 9.99461E-05 9.99461E-05 9.99461E-05
9.99551E-05 9.99551E-05 9.99551E-05 0.913897 9.99551E-05 9.99551E-05 0.0526381 0.0329653
