0.220041 0.259627 9.9991E-05 0.00507211 0.494348 0.0208125
0.157178 0.350614 9.9991E-05 0.185648 0.0707673 0.235693
0.413044 0.0863216 9.9991E-05 0.166154 0.329912 0.00446819
0.371414 0.0473366 0.00207053 0.231298 0.347781 9.9991E-05
0.762342 9.9973E-05 0.0219978 9.9973E-05 0.215361 9.9973E-05
0.407669 0.0377382 9.9982E-05 0.118327 0.436066 9.9982E-05
9.9973E-05 0.020357 9.9973E-05 0.0709479 9.9973E-05 0.908395
0.0828324 0.11105 0.135977 0.0752192 9.999E-05 0.594822
0.00769063 0.0349504 0.201601 9.9982E-05 9.9982E-05 0.755557
9.9973E-05 9.9973E-05 0.122432 9.9973E-05 0.0133432 0.863925
9.9973E-05 0.0420432 0.0475605 9.9973E-05 9.9973E-05 0.910096
0.0893004 9.9973E-05 9.9973E-05 9.9973E-05 0.00630526 0.904094
9.9964E-05 9.9964E-05 0.381577 9.9964E-05 9.9964E-05 0.618023
9.9973E-05 9.9973E-05 0.387609 9.9973E-05 0.00760626 0.604484
9.9973E-05 9.9973E-05 0.191398 0.124169 9.9973E-05 0.684133
9.99731E-05 0.0668175 0.0189018 9.99731E-05 9.99731E-05 0.913981
0.321384 9.9982E-05 0.00929109 0.212816 0.456309 9.9982E-05
0.0504362 0.0143783 0.0754358 0.71661 0.14304 9.9991E-05
0.0448984 9.9982E-05 0.0762245 0.22417 0.654507 9.9982E-05
0.278152 9.9982E-05 0.0908893 0.144045 0.486714 9.9982E-05
0.289672 9.9982E-05 0.0177702 0.502521 0.189837 9.9982E-05
0.0103728 9.9982E-05 0.0428485 0.460791 0.485788 9.9982E-05
0.0783278 0.194437 9.9982E-05 9.9982E-05 0.550097 0.176938
0.190627 0.192755 0.0233781 9.9982E-05 0.59304 9.9982E-05
0.162131 9.99731E-05 0.0158694 9.99731E-05 0.8217 9.99731E-05
0.167472 0.115204 9.9982E-05 0.0249049 0.692219 9.9982E-05
0.354871 9.9973E-05 0.13467 9.9973E-05 0.51016 9.9973E-05
0.48396 9.9973E-05 0.0715957 9.9973E-05 0.444144 9.9973E-05
0.292788 0.301419 0.0645471 0.337403 0.00374329 9.9991E-05
0.252881 0.119474 0.0741808 0.47903 0.0664388 0.00799519
0.0855158 9.9982E-05 9.9982E-05 0.675675 0.130472 0.108137
0.474745 9.9982E-05 9.9982E-05 0.346652 0.0604307 0.117973
0.355804 9.9973E-05 9.9973E-05 0.383418 0.260478 9.9973E-05
9.9973E-05 0.0894746 9.9973E-05 9.9973E-05 0.877344 0.0328819
9.9973E-05 0.110776 9.9973E-05 9.9973E-05 0.676779 0.212145
0.265683 9.9982E-05 9.9982E-05 0.132536 0.503865 0.0977167
0.0857212 9.999E-05 0.190927 0.166772 0.41129 0.145189
0.136393 9.9982E-05 0.0494452 9.9982E-05 0.682472 0.13149
9.999E-05 0.118104 0.00538531 0.183252 0.615879 0.0772793
0.127446 9.9982E-05 0.0516464 0.167043 0.653665 9.9982E-05
9.9973E-05 0.537824 9.9973E-05 0.0851782 0.376698 9.9973E-05
0.338021 0.231113 0.111824 0.0457887 0.273153 9.999E-05
0.393317 9.9982E-05 0.117083 0.23781 0.251591 9.9982E-05
0.156496 0.455178 0.18525 9.998E-05 0.202876 9.998E-05
0.284713 0.173925 9.998E-05 0.0100725 0.53109 9.998E-05
0.197665 9.9973E-05 9.9973E-05 0.217618 0.584417 9.9973E-05
9.9973E-05 9.9973E-05 0.104604 0.632537 0.26256 9.9973E-05
9.9973E-05 0.140452 0.0211484 0.8381 9.9973E-05 9.9973E-05
9.9964E-05 0.0887682 9.9964E-05 0.910832 9.9964E-05 9.9964E-05
9.9964E-05 0.350923 9.9964E-05 0.648677 9.9964E-05 9.9964E-05
0.0202881 9.9982E-05 0.0314219 0.767986 0.180104 9.9982E-05
9.9991E-05 0.303671 0.0595174 0.154496 0.444047 0.0381686
0.0289375 9.9982E-05 0.0836847 0.453727 0.433451 9.9982E-05
9.998E-05 0.256845 0.0835676 0.0927234 0.566664 9.998E-05
9.998E-05 0.281007 0.0373589 0.124836 0.556599 9.998E-05
0.184877 9.998E-05 0.0944168 0.0760967 0.644409 9.998E-05
9.998E-05 0.095628 0.245038 9.998E-05 0.199365 0.459769
9.9982E-05 0.00607989 0.393603 9.9982E-05 0.211389 0.388728
9.997E-05 0.0668324 0.922199 0.0106687 9.997E-05 9.997E-05
9.9991E-05 0.13181 0.495053 0.04117 0.0148303 0.317037
9.9973E-05 0.0397817 0.589767 9.9973E-05 9.9973E-05 0.370152
9.9982E-05 0.0620386 0.682545 0.152066 9.9982E-05 0.103151
9.9973E-05 0.077612 9.9973E-05 0.187644 9.9973E-05 0.734444
0.058826 9.999E-05 0.0381589 0.100573 0.0576391 0.744703
0.0593066 9.997E-05 0.116687 9.997E-05 9.997E-05 0.823707
9.9964E-05 9.9964E-05 0.357454 9.9964E-05 9.9964E-05 0.642146
0.0332271 9.9982E-05 0.212856 9.9982E-05 0.131525 0.622191
9.997E-05 9.997E-05 0.569717 9.997E-05 0.129629 0.300354
9.9982E-05 0.023786 0.121853 9.9982E-05 0.0953083 0.758852
9.997E-05 9.997E-05 0.310496 9.997E-05 0.0969866 0.592217
0.0985783 9.9973E-05 9.9973E-05 9.9973E-05 0.114633 0.786489
0.0584275 9.9982E-05 0.387251 9.9982E-05 0.0879506 0.466171
0.0698576 9.9973E-05 0.0280294 9.9973E-05 9.9973E-05 0.901813
0.0165863 9.9982E-05 0.649223 0.109017 9.9982E-05 0.224973
0.0361742 9.999E-05 0.65385 0.0304484 0.121773 0.157654
0.00166417 9.998E-05 0.738862 0.13753 9.998E-05 0.121744
0.0845265 9.9973E-05 0.504841 9.9973E-05 9.9973E-05 0.410332
0.0212525 9.9964E-05 0.978348 9.9964E-05 9.9964E-05 9.9964E-05
9.9973E-05 0.0449871 0.614459 9.9973E-05 9.9973E-05 0.340254
9.9982E-05 9.9982E-05 0.106597 0.130806 0.0210493 0.741348
9.9973E-05 9.9973E-05 0.723266 0.194219 9.9973E-05 0.0822156
0.726589 0.133856 0.0360439 9.9982E-05 0.10331 9.9982E-05
0.0368187 0.830026 0.132855 9.997E-05 9.997E-05 9.997E-05
0.14825 0.734618 0.116832 9.997E-05 9.997E-05 9.997E-05
0.829914 9.9982E-05 0.00613243 0.145461 9.9982E-05 0.0182933
0.572797 0.112312 9.9973E-05 0.314591 9.9973E-05 9.9973E-05
9.99641E-05 0.368392 9.99641E-05 0.631209 9.99641E-05 9.99641E-05
0.487635 0.141554 9.9982E-05 0.258584 9.9982E-05 0.112027
0.384262 0.238168 9.999E-05 0.255216 0.0638903 0.058363
0.78978 9.9964E-05 9.9964E-05 0.209821 9.9964E-05 9.9964E-05
0.487569 0.318234 9.9973E-05 0.193898 9.9973E-05 9.9973E-05
0.83763 9.9982E-05 0.113672 0.0226188 9.9982E-05 0.0258793
0.642308 9.9982E-05 0.0622052 0.0121573 0.28313 9.9982E-05
0.72804 9.9982E-05 0.00677447 0.0487984 0.216187 9.9982E-05
0.699808 9.9991E-05 0.00227107 0.13527 0.134018 0.0285337
0.42731 9.9973E-05 9.9973E-05 0.550176 9.9973E-05 0.0222145
0.533253 9.998E-05 9.998E-05 0.222474 0.229524 0.0145497
0.811824 9.9973E-05 0.0724937 9.9973E-05 0.115382 9.9973E-05
0.786899 9.9982E-05 0.0595193 0.0119219 0.14146 9.9982E-05
0.579945 0.118879 9.998E-05 9.998E-05 0.217938 0.0830376
0.37611 0.357904 9.998E-05 0.205259 0.0605275 9.998E-05
0.550919 0.423612 9.9973E-05 0.0251686 9.9973E-05 9.9973E-05
0.381392 0.545037 9.998E-05 0.0452016 0.0281695 9.998E-05
0.430823 0.568777 9.9964E-05 9.9964E-05 9.9964E-05 9.9964E-05
0.716853 0.0554595 9.9982E-05 0.215716 9.9982E-05 0.0117722
0.843365 9.997E-05 9.997E-05 0.0494673 0.106868 9.997E-05
0.571105 0.096778 9.998E-05 0.0983039 0.233613 9.998E-05
0.897722 0.0372226 9.9973E-05 0.064755 9.9973E-05 9.9973E-05
0.87708 0.0159398 0.00863115 0.0981488 9.9982E-05 9.9982E-05
0.888949 0.0719841 9.9982E-05 9.9982E-05 0.0358935 0.00297372
0.852816 0.0652464 9.9973E-05 9.9973E-05 0.0816373 9.9973E-05
0.842747 0.156853 9.9964E-05 9.9964E-05 9.9964E-05 9.9964E-05
0.448754 0.247005 9.998E-05 0.134549 0.169492 9.998E-05
0.533003 0.274355 0.050468 0.141974 9.998E-05 9.998E-05
0.630219 0.209744 9.9982E-05 0.0747892 0.0850482 9.9982E-05
0.772308 0.0988011 9.9982E-05 0.107235 0.021456 9.9982E-05
0.737888 0.188714 9.99731E-05 0.0730978 9.99731E-05 9.99731E-05
0.7967 0.194962 9.9973E-05 0.00803814 9.9973E-05 9.9973E-05
0.759397 0.15378 9.9973E-05 0.0865235 9.9973E-05 9.9973E-05
0.297412 0.606195 9.998E-05 9.998E-05 0.0319957 0.0641974
0.374212 0.61495 9.9973E-05 0.0105378 9.9973E-05 9.9973E-05
0.585953 0.381355 9.9973E-05 9.9973E-05 9.9973E-05 0.0323919
0.838869 0.160731 9.9964E-05 9.9964E-05 9.9964E-05 9.9964E-05
0.771095 0.072539 0.0547409 9.9991E-05 0.0589199 0.0426048
0.749162 0.171438 0.0394461 9.9982E-05 0.0397544 9.9982E-05
0.811621 0.14814 9.9973E-05 0.0399392 9.9973E-05 9.9973E-05
0.571841 0.0948306 0.16484 9.9991E-05 0.0781885 0.0902001
0.593305 0.0649406 0.222653 9.9982E-05 9.9982E-05 0.118902
0.657958 0.216741 9.9973E-05 0.125001 9.9973E-05 9.9973E-05
0.256641 0.665197 9.9973E-05 0.0778624 9.9973E-05 9.9973E-05
0.44225 0.482643 9.998E-05 9.998E-05 0.00840642 0.0665003
0.391442 0.585901 0.00202998 9.9991E-05 0.0132404 0.00728706
9.9973E-05 0.894702 9.9973E-05 0.0766228 0.0283754 9.9973E-05
0.705418 0.238089 9.9973E-05 0.0561931 9.9973E-05 9.9973E-05
0.326854 0.633276 9.9991E-05 0.00213297 0.00865904 0.0289776
0.62531 0.367821 9.9973E-05 9.9973E-05 0.00656891 9.9973E-05
0.409653 0.404706 9.9982E-05 0.126032 0.0594093 9.9982E-05
0.443898 0.50693 9.9973E-05 9.9973E-05 9.9973E-05 0.0488725
9.9982E-05 0.176424 0.0420793 0.13562 9.9982E-05 0.645677
0.0400601 9.9982E-05 0.322703 0.00302385 9.9982E-05 0.634013
9.9982E-05 0.0184906 0.246204 0.161129 9.9982E-05 0.573977
9.9982E-05 0.0863085 0.698789 0.0598758 9.9982E-05 0.154826
0.0731977 0.0534145 0.770624 0.00302516 9.9991E-05 0.0996387
9.9973E-05 9.9973E-05 0.786379 0.035541 9.9973E-05 0.17778
9.9973E-05 0.0548513 0.34322 9.9973E-05 9.9973E-05 0.601628
0.0584166 9.9973E-05 0.130479 9.9973E-05 9.9973E-05 0.810805
9.99731E-05 0.167951 9.99731E-05 0.10424 9.99731E-05 0.727509
0.0920692 9.9973E-05 0.648269 9.9973E-05 9.9973E-05 0.259362
9.99641E-05 9.99641E-05 0.916221 9.99641E-05 0.0833792 9.99641E-05
9.99641E-05 9.99641E-05 0.93896 9.99641E-05 0.0606406 9.99641E-05
0.0558262 9.997E-05 0.924359 0.0195147 9.997E-05 9.997E-05
