0.0559852 0.408143 9.9982E-05 0.215286 9.9982E-05 0.303225 0.0171596
0.391482 0.13571 9.9991E-05 0.257102 0.0738606 0.137257 0.00448812
0.138097 0.257554 9.9982E-05 0.222513 9.9982E-05 0.333755 0.0478806
0.0917739 0.116297 9.9982E-05 0.0284649 9.9982E-05 0.713736 0.0495282
9.9973E-05 0.139771 0.0240202 0.526704 9.9973E-05 0.309205 9.9973E-05
9.9973E-05 0.209868 9.9973E-05 0.101724 9.9973E-05 0.649516 0.0385914
0.106081 9.9964E-05 9.9964E-05 9.9964E-05 0.77743 9.9964E-05 0.116089
9.9973E-05 0.0222453 9.9973E-05 0.163141 0.64397 9.9973E-05 0.170344
0.000908896 9.9973E-05 9.9973E-05 0.00905955 0.903642 0.0860894 9.9973E-05
9.9964E-05 9.9964E-05 9.9964E-05 9.9964E-05 0.87928 0.0222785 0.0980417
0.141022 9.9964E-05 9.9964E-05 9.9964E-05 0.806247 0.0523309 9.9964E-05
0.149015 0.0720732 9.99729E-05 0.0149645 0.763647 9.99729E-05 9.99729E-05
9.99641E-05 9.99641E-05 0.144288 9.99641E-05 0.806877 0.0484348 9.99641E-05
9.9973E-05 9.9973E-05 0.126517 0.0192204 0.816442 9.9973E-05 0.0375204
0.0364408 9.9964E-05 9.9964E-05 9.9964E-05 0.838698 9.9964E-05 0.124462
0.0916242 9.99731E-05 9.99731E-05 0.0564788 0.830062 9.99731E-05 0.0215355
9.9973E-05 0.364427 9.9973E-05 0.334171 9.9973E-05 0.0309904 0.270112
0.0173587 0.0107486 0.0470551 0.119321 9.9991E-05 0.0860391 0.719377
9.9964E-05 0.565296 9.9964E-05 9.9964E-05 9.9964E-05 0.149922 0.284382
9.9982E-05 0.284161 0.0830991 0.0236792 9.9982E-05 0.344465 0.264397
9.9973E-05 9.9973E-05 9.9973E-05 0.161204 0.0360767 0.269226 0.533194
9.9964E-05 0.164146 9.9964E-05 9.9964E-05 9.9964E-05 0.269441 0.566014
0.177309 0.576332 9.9982E-05 0.153659 0.0643779 0.028122 9.9982E-05
9.9955E-05 0.733844 9.9955E-05 0.265656 9.9955E-05 9.9955E-05 9.9955E-05
9.9964E-05 0.835165 9.9964E-05 0.0654921 9.9964E-05 0.0989434 9.9964E-05
9.9973E-05 0.403604 9.9973E-05 0.00926729 9.9973E-05 0.494101 0.0927281
9.9973E-05 0.444073 0.101528 0.318325 9.9973E-05 9.9973E-05 0.135775
9.9982E-05 0.380311 0.0691576 0.292404 0.0135057 0.244422 9.9982E-05
0.00956521 9.9982E-05 9.9982E-05 0.549695 0.0746983 0.0741059 0.291736
0.0267731 9.9982E-05 9.9982E-05 0.302953 0.0915914 0.134965 0.443517
0.344616 9.9973E-05 0.0171525 9.9973E-05 9.9973E-05 0.358222 0.27971
0.0652126 9.9991E-05 0.00540356 0.192921 0.0509275 0.420511 0.264925
0.0475133 0.0288669 9.9982E-05 0.0912549 9.9982E-05 0.589307 0.242858
9.9964E-05 0.894826 9.9964E-05 9.9964E-05 0.0339751 0.0707991 9.9964E-05
0.288155 0.711345 9.99549E-05 9.99549E-05 9.99549E-05 9.99549E-05 9.99549E-05
9.9982E-05 0.431605 9.9982E-05 0.202146 0.0148421 0.119157 0.23205
0.212429 0.402981 0.280446 9.9973E-05 9.9973E-05 0.103844 9.9973E-05
9.9982E-05 0.683485 0.0816668 0.0705803 9.9982E-05 0.0712887 0.092779
0.114166 0.491697 0.0447603 9.9982E-05 9.9982E-05 0.1568 0.192377
9.9973E-05 0.45307 0.0459116 9.9973E-05 9.9973E-05 0.273135 0.227583
0.263625 0.163891 9.9973E-05 0.0163102 9.9973E-05 0.555874 9.9973E-05
0.062041 0.150688 0.0750535 0.249207 9.9991E-05 0.452655 0.0102554
0.0544341 0.117088 0.121627 9.9982E-05 9.9982E-05 0.656447 0.0502041
0.0797167 0.250625 0.104696 0.327783 9.9982E-05 0.23698 9.9982E-05
0.0349775 0.161862 9.99731E-05 9.99731E-05 9.99731E-05 0.747423 0.0554379
0.0711444 0.202272 9.9973E-05 9.9973E-05 9.9973E-05 0.659542 0.0667419
9.9964E-05 0.142816 0.015459 9.9964E-05 9.9964E-05 9.9964E-05 0.841325
0.273831 9.9973E-05 9.9973E-05 0.135144 9.9973E-05 0.00959152 0.581133
0.406311 9.9955E-05 9.9955E-05 9.9955E-05 9.9955E-05 9.9955E-05 0.593189
0.28177 9.9964E-05 9.9964E-05 0.227984 9.9964E-05 9.9964E-05 0.489847
0.0456922 9.9973E-05 9.9973E-05 9.9973E-05 0.0343308 0.218244 0.701433
0.0361077 0.396486 9.9982E-05 0.168666 0.0206057 9.9982E-05 0.377934
9.9973E-05 0.204707 0.0247378 0.0704879 9.9973E-05 9.9973E-05 0.699768
9.9973E-05 0.554273 0.00579118 0.178152 9.9973E-05 9.9973E-05 0.261484
9.9964E-05 0.553564 9.9964E-05 0.128441 9.9964E-05 9.9964E-05 0.317595
9.9973E-05 0.31128 0.0330126 9.9973E-05 9.9973E-05 0.425117 0.23029
0.0350622 0.235563 0.156097 9.9982E-05 0.502244 0.0708335 9.9982E-05
9.9973E-05 0.206167 0.229206 0.00152817 0.5628 9.9973E-05 9.9973E-05
9.9964E-05 0.0207451 0.950779 0.0280755 9.9964E-05 9.9964E-05 9.9964E-05
0.0760128 0.0135366 0.481336 9.9982E-05 0.272389 9.9982E-05 0.156525
0.0980013 9.9964E-05 0.550606 9.9964E-05 0.350993 9.9964E-05 9.9964E-05
0.115436 9.99729E-05 0.720298 9.99729E-05 0.0118769 9.99729E-05 0.15209
0.541773 0.0227561 9.99729E-05 9.99729E-05 0.414092 9.99729E-05 0.0210789
0.312328 0.113186 0.231853 9.99819E-05 0.335029 9.99819E-05 0.00740317
0.0724704 9.9964E-05 9.9964E-05 9.9964E-05 0.823582 0.103548 9.9964E-05
9.9964E-05 9.9964E-05 0.117833 9.9964E-05 0.848178 9.9964E-05 0.0335889
0.0442596 0.163003 0.124667 9.9982E-05 0.650777 0.0170924 9.9982E-05
9.99641E-05 0.1443 0.437985 9.99641E-05 0.417315 9.99641E-05 9.99641E-05
0.324288 0.102628 0.280414 9.9973E-05 0.29237 9.9973E-05 9.9973E-05
0.0125247 0.177236 0.221823 9.9973E-05 0.588117 9.9973E-05 9.9973E-05
0.260079 0.183077 0.0773391 9.997E-05 0.479204 9.997E-05 9.997E-05
9.9964E-05 0.156646 0.317492 9.9964E-05 0.525463 9.9964E-05 9.9964E-05
0.202303 0.0829534 0.0649978 0.0242039 0.625342 9.9982E-05 9.9982E-05
9.9973E-05 9.9973E-05 0.671352 0.0552769 0.180983 9.9973E-05 0.0920882
9.9982E-05 0.139668 0.545054 9.9982E-05 0.225479 0.0237557 0.0658432
0.0882397 9.9973E-05 0.758573 9.9973E-05 0.0163697 9.9973E-05 0.136518
0.136425 9.9973E-05 0.615982 9.9973E-05 0.183099 0.0641932 9.9973E-05
0.0153042 9.9955E-05 0.984196 9.9955E-05 9.9955E-05 9.9955E-05 9.9955E-05
0.0196295 0.0413536 0.575181 9.9973E-05 0.363536 9.9973E-05 9.9973E-05
0.172794 9.99729E-05 0.158116 9.99729E-05 0.559355 9.99729E-05 0.109435
0.100025 9.9973E-05 0.770764 9.9973E-05 9.9973E-05 0.0500541 0.0788563
9.9982E-05 0.0655563 0.0657323 0.717063 9.9982E-05 0.125627 0.025822
0.213531 0.0624777 0.0243548 0.699337 9.9973E-05 9.9973E-05 9.9973E-05
0.184901 0.00993385 0.0688608 0.736004 9.9973E-05 9.9973E-05 9.9973E-05
9.9982E-05 9.9982E-05 0.00282051 0.714897 0.0684116 0.12437 0.0893009
9.9973E-05 9.9973E-05 9.9973E-05 0.630467 0.0339246 0.100647 0.234661
0.708765 9.9964E-05 9.9964E-05 0.182735 9.9964E-05 9.9964E-05 0.108099
0.30207 9.9973E-05 0.0237448 0.205756 9.9973E-05 0.46813 9.9973E-05
0.260958 9.9973E-05 9.9973E-05 0.155146 0.0611987 0.522398 9.9973E-05
0.0576282 9.9973E-05 9.9973E-05 0.348271 0.00707741 0.586724 9.9973E-05
0.28177 9.99639E-05 9.99639E-05 0.531986 9.99639E-05 0.185845 9.99639E-05
9.9964E-05 9.9964E-05 0.0894436 0.195834 9.9964E-05 0.714322 9.9964E-05
9.9964E-05 0.0201665 0.05622 9.9964E-05 9.9964E-05 0.923214 9.9964E-05
9.9973E-05 0.0297592 9.9973E-05 0.2711 0.0485382 0.650303 9.9973E-05
0.056099 0.0151382 0.0510939 0.152217 9.9982E-05 0.725252 9.9982E-05
0.224506 9.99639E-05 9.99639E-05 9.99639E-05 9.99639E-05 0.624702 0.150392
0.0356496 0.00783713 9.9991E-05 0.100839 0.0158433 0.717446 0.122285
9.9964E-05 9.9964E-05 0.0561783 0.236468 9.9964E-05 0.706954 9.9964E-05
9.9973E-05 0.0567339 0.0537626 0.256227 9.9973E-05 0.632976 9.9973E-05
0.0230973 0.0759849 9.9982E-05 0.250493 0.0608318 0.589393 9.9982E-05
0.0976701 9.9973E-05 9.9973E-05 0.61463 9.9973E-05 0.0642235 0.223176
9.996E-05 9.996E-05 9.996E-05 0.75923 9.996E-05 0.153798 0.0865721
0.0614239 0.136284 9.9973E-05 0.756862 9.9973E-05 9.9973E-05 0.0451301
0.131344 0.0893537 9.9964E-05 0.778903 9.9964E-05 9.9964E-05 9.9964E-05
0.0427237 9.9982E-05 9.9982E-05 0.743891 0.0655253 0.0316156 0.116044
9.9973E-05 0.0793427 9.9973E-05 0.75431 9.9973E-05 0.106962 0.0590855
9.9973E-05 0.152423 9.9973E-05 0.670598 9.9973E-05 0.0118719 0.164807
9.9973E-05 9.9973E-05 9.9973E-05 0.858221 0.0427752 0.0415304 0.0571739
9.9973E-05 9.9973E-05 0.0776549 0.796546 9.9973E-05 0.0782275 0.0472721
9.9964E-05 9.9964E-05 0.0243437 0.705149 9.9964E-05 0.270108 9.9964E-05
9.9973E-05 0.0775564 0.0425645 0.776349 9.9973E-05 0.103231 9.9973E-05
9.9964E-05 0.0810696 9.9964E-05 0.889366 9.9964E-05 0.0291643 9.9964E-05
0.0346927 0.00537789 9.9982E-05 0.421662 9.9982E-05 0.426731 0.111336
9.9973E-05 9.9973E-05 0.0438504 0.692646 9.9973E-05 0.0695619 0.193642
0.0626587 0.0417552 9.9982E-05 0.610632 9.9982E-05 0.220671 0.0640835
0.0189008 0.0538328 9.9982E-05 0.758338 9.9982E-05 0.142698 0.0260306
0.0119688 9.9982E-05 9.9982E-05 0.750176 0.0136144 0.173709 0.0503322
9.9964E-05 0.0743642 0.0359412 0.889295 9.9964E-05 9.9964E-05 9.9964E-05
0.0321722 9.9982E-05 9.9982E-05 0.693689 0.0136771 0.256385 0.00387688
0.260777 0.240023 9.9964E-05 0.4988 9.9964E-05 9.9964E-05 9.9964E-05
0.270972 0.0561647 9.9964E-05 0.672463 9.9964E-05 9.9964E-05 9.9964E-05
0.139446 0.0701051 9.9964E-05 0.790049 9.9964E-05 9.9964E-05 9.9964E-05
9.9955E-05 9.9955E-05 9.9955E-05 0.789218 9.9955E-05 0.210282 9.9955E-05
9.9982E-05 0.039059 0.0283145 0.636503 0.0677164 0.228207 9.9982E-05
9.9973E-05 0.095774 0.0504442 0.733992 9.9973E-05 0.11949 9.9973E-05
9.9973E-05 9.9973E-05 9.9973E-05 0.833595 0.0419572 0.114054 0.0100941
9.997E-05 0.193146 0.17032 0.551452 0.0847814 9.997E-05 9.997E-05
9.9964E-05 9.9964E-05 0.311933 0.625929 0.0617388 9.9964E-05 9.9964E-05
0.100054 9.996E-05 9.996E-05 0.825792 9.996E-05 9.996E-05 0.0737536
0.188513 0.0253172 9.9964E-05 0.78577 9.9964E-05 9.9964E-05 9.9964E-05
0.184922 0.0930209 9.9982E-05 0.655807 0.020572 0.0454775 9.9982E-05
0.146445 0.125449 9.9964E-05 0.727706 9.9964E-05 9.9964E-05 9.9964E-05
0.285635 0.0810707 9.9964E-05 0.632895 9.9964E-05 9.9964E-05 9.9964E-05
9.9955E-05 9.9955E-05 9.9955E-05 0.90984 9.9955E-05 9.9955E-05 0.0896606
0.189531 0.0767901 9.9973E-05 0.669919 9.9973E-05 0.0634603 9.9973E-05
9.9964E-05 9.9964E-05 9.9964E-05 0.754957 0.016866 0.227778 9.9964E-05
0.102458 9.9973E-05 9.9973E-05 0.611093 9.9973E-05 0.213106 0.0730425
0.191263 9.9955E-05 9.9955E-05 0.808238 9.9955E-05 9.9955E-05 9.9955E-05
0.478146 0.0230665 0.290816 0.0192456 0.188526 9.9982E-05 9.9982E-05
0.167426 0.00502187 0.536107 9.9973E-05 0.291145 9.9973E-05 9.9973E-05
0.183555 9.997E-05 0.232049 9.997E-05 0.468577 9.997E-05 0.115519
0.109041 9.9982E-05 0.602663 0.018486 0.149909 0.1197 9.9982E-05
0.0496889 9.998E-05 0.738642 0.101685 0.0836123 9.998E-05 0.026172
0.0152064 9.9973E-05 0.829913 9.9973E-05 0.143048 9.9973E-05 0.0115323
0.146913 0.0527126 0.298755 9.9973E-05 0.50132 9.9973E-05 9.9973E-05
0.289179 9.996E-05 0.196408 9.996E-05 0.514013 9.996E-05 9.996E-05
0.746739 9.9955E-05 9.9955E-05 9.9955E-05 0.252761 9.9955E-05 9.9955E-05
9.9973E-05 9.9973E-05 0.646863 0.0858512 0.207254 9.9973E-05 0.0597318
9.99551E-05 0.0793031 0.920197 9.99551E-05 9.99551E-05 9.99551E-05 9.99551E-05
9.99551E-05 0.0575471 0.941953 9.99551E-05 9.99551E-05 9.99551E-05 9.99551E-05
9.9973E-05 0.0326883 0.86581 0.020497 0.0807047 9.9973E-05 9.9973E-05
