0.0517626 9.9973E-05 9.9973E-05 0.284502 9.9973E-05 0.430555 0.232881
0.366353 0.0641564 9.9982E-05 0.261149 9.9982E-05 0.130888 0.177254
0.146805 0.0572707 9.9982E-05 0.155338 9.9982E-05 0.24611 0.394277
0.0101033 0.175082 0.00300455 9.9982E-05 9.9982E-05 0.225767 0.585843
9.997E-05 9.997E-05 0.0386315 0.296588 9.997E-05 0.118497 0.545984
9.9973E-05 0.0755025 9.9973E-05 0.0160742 9.9973E-05 0.34947 0.558654
0.302971 0.0687439 9.9964E-05 9.9964E-05 0.627885 9.9964E-05 9.9964E-05
0.0999346 0.0831063 0.1225 0.218649 0.47561 9.9982E-05 9.9982E-05
0.126956 9.9964E-05 9.9964E-05 9.9964E-05 0.816892 9.9964E-05 0.0557519
0.10795 0.0559684 9.9964E-05 9.9964E-05 0.835681 9.9964E-05 9.9964E-05
0.342083 9.99549E-05 9.99549E-05 9.99549E-05 0.657417 9.99549E-05 9.99549E-05
0.531885 9.9982E-05 0.0945659 0.0454117 0.326783 0.00115392 9.9982E-05
0.117816 9.9973E-05 0.222393 9.9973E-05 0.643217 9.9973E-05 0.0162734
9.99641E-05 0.0171378 0.0577095 9.99641E-05 0.924753 9.99641E-05 9.99641E-05
0.143868 0.107682 9.9964E-05 9.9964E-05 0.748049 9.9964E-05 9.9964E-05
0.337239 0.0400206 0.0730581 0.0261478 0.523335 9.9982E-05 9.9982E-05
9.9982E-05 0.216598 0.0411218 0.14761 9.9982E-05 0.376376 0.218094
9.998E-05 0.71349 0.103912 0.110475 9.998E-05 0.0597084 0.0122152
9.997E-05 0.259256 0.0899061 9.997E-05 9.997E-05 0.54664 0.103898
9.997E-05 0.210103 0.0911508 9.997E-05 9.997E-05 0.375492 0.322953
9.9973E-05 0.52895 9.9973E-05 9.9973E-05 0.0690317 0.0777171 0.324001
9.9973E-05 0.500042 0.0631269 9.9973E-05 9.9973E-05 0.342014 0.0945172
0.24028 9.9973E-05 9.9973E-05 0.166622 9.9973E-05 0.535845 0.0569532
9.9964E-05 9.9964E-05 9.9964E-05 0.278855 9.9964E-05 0.661384 0.0593612
9.9973E-05 9.9973E-05 0.0101732 9.9973E-05 0.0254862 0.823128 0.140912
9.997E-05 0.0605518 9.997E-05 0.140854 9.997E-05 0.66807 0.130225
9.998E-05 0.0534357 0.20466 0.247317 9.998E-05 0.37257 0.121817
9.997E-05 9.997E-05 0.110605 0.128757 9.997E-05 0.408081 0.352257
9.997E-05 0.20237 9.997E-05 0.547205 0.152918 9.997E-05 0.0972074
9.997E-05 0.404262 9.997E-05 0.271631 0.144526 9.997E-05 0.179281
0.350632 0.322453 9.9964E-05 9.9964E-05 9.9964E-05 9.9964E-05 0.326515
0.158136 0.242387 0.0167893 9.9973E-05 9.9973E-05 9.9973E-05 0.582388
9.9964E-05 0.300922 9.9964E-05 9.9964E-05 9.9964E-05 0.170803 0.527875
0.00154176 9.9973E-05 9.9973E-05 0.0087772 0.053168 0.936213 9.9973E-05
0.328677 9.99549E-05 9.99549E-05 9.99549E-05 9.99549E-05 0.670824 9.99549E-05
0.0042337 0.161745 0.0450077 0.0853521 9.9991E-05 0.467344 0.236217
0.271235 0.0177756 0.227281 9.9982E-05 9.9982E-05 0.360618 0.12289
0.0730439 0.00298393 0.119223 0.0406877 9.9991E-05 0.606154 0.157807
0.0428507 0.172597 0.061398 0.0880909 0.0204979 0.560246 0.0543196
9.997E-05 0.161918 0.0632091 9.997E-05 9.997E-05 0.578107 0.196466
0.0411688 0.0839797 9.998E-05 0.298911 9.998E-05 0.397519 0.178221
9.9982E-05 0.0675136 0.0735509 0.24024 9.9982E-05 0.239308 0.379188
0.0154525 0.132878 0.0973679 9.9982E-05 9.9982E-05 0.191738 0.562364
9.9973E-05 9.9973E-05 0.130651 0.399303 9.9973E-05 0.28845 0.181296
9.998E-05 0.0714867 9.998E-05 0.103639 0.00634982 0.366672 0.451652
9.9964E-05 0.188303 9.9964E-05 9.9964E-05 9.9964E-05 0.382471 0.428827
9.9964E-05 0.739322 0.110799 9.9964E-05 9.9964E-05 0.149479 9.9964E-05
0.15623 0.738311 0.00683447 0.0983248 9.9973E-05 9.9973E-05 9.9973E-05
0.190988 0.771014 9.996E-05 0.0375989 9.996E-05 9.996E-05 9.996E-05
9.9955E-05 0.674959 9.9955E-05 0.324541 9.9955E-05 9.9955E-05 9.9955E-05
9.9973E-05 0.814748 9.9973E-05 9.9973E-05 0.0443984 0.0404351 0.100119
9.997E-05 0.271338 9.997E-05 0.255037 0.110001 0.363324 9.997E-05
9.998E-05 0.518552 0.126677 0.0188451 9.998E-05 0.33335 0.00237621
9.997E-05 0.196718 0.0495901 0.170714 9.997E-05 0.582678 9.997E-05
9.998E-05 0.154197 0.00566927 0.199979 0.066778 0.573177 9.998E-05
9.997E-05 0.110929 0.121071 9.997E-05 9.997E-05 0.47863 0.28907
0.119348 9.998E-05 0.092923 0.0645584 0.512095 0.210875 9.998E-05
9.998E-05 9.998E-05 0.0776359 0.0375017 0.745083 0.106293 0.0332872
9.9964E-05 9.9964E-05 0.928848 0.0445806 9.9964E-05 0.0261711 9.9964E-05
0.136541 0.124772 0.512667 9.9982E-05 0.182492 0.0433275 9.9982E-05
0.23255 9.9964E-05 0.625323 9.9964E-05 0.141727 9.9964E-05 9.9964E-05
0.213251 0.112951 0.654138 0.0193602 9.997E-05 9.997E-05 9.997E-05
0.85782 0.0621643 9.996E-05 9.996E-05 0.0796162 9.996E-05 9.996E-05
0.697401 9.99729E-05 0.244139 9.99729E-05 9.99729E-05 0.041573 0.0165863
0.294669 9.997E-05 0.0307694 9.997E-05 0.613712 9.997E-05 0.0605497
0.0233481 0.0227911 0.0190061 9.9973E-05 0.934555 9.9973E-05 9.9973E-05
0.17149 0.0224885 0.101314 9.999E-05 0.531111 0.0717811 0.101716
9.99641E-05 9.99641E-05 0.278108 9.99641E-05 0.677846 0.0436468 9.99641E-05
0.472637 9.997E-05 0.210886 9.997E-05 0.240732 0.075446 9.997E-05
0.203863 9.9973E-05 0.335501 9.9973E-05 0.401318 0.0590177 9.9973E-05
0.592319 9.998E-05 0.209202 9.998E-05 0.10543 0.062442 0.0304067
0.161046 9.9973E-05 0.344558 9.9973E-05 0.362417 0.131679 9.9973E-05
0.657426 9.9964E-05 0.212912 9.9964E-05 0.129262 9.9964E-05 9.9964E-05
0.144367 0.0740837 0.743348 9.9982E-05 0.000770617 9.9982E-05 0.0372305
9.998E-05 0.0267209 0.623895 9.998E-05 0.179498 0.160212 0.0094737
0.128409 0.065792 0.749875 9.9982E-05 9.9982E-05 0.0132721 0.0424516
0.24902 9.997E-05 0.674433 9.997E-05 0.00442648 9.997E-05 0.0718209
9.9955E-05 9.9955E-05 0.950285 9.9955E-05 9.9955E-05 9.9955E-05 0.0492156
0.0890314 9.9964E-05 0.561224 9.9964E-05 0.349345 9.9964E-05 9.9964E-05
0.532277 0.0393193 0.303003 9.99729E-05 0.125101 9.99729E-05 9.99729E-05
0.0724111 0.121098 0.640218 9.998E-05 0.123149 9.998E-05 0.0429247
9.9973E-05 9.9973E-05 0.0753031 0.601656 9.9973E-05 0.0726746 0.250066
0.0858829 0.0107209 0.0454757 0.818269 9.998E-05 0.0394513 9.998E-05
0.0848422 9.9964E-05 0.0736923 0.841066 9.9964E-05 9.9964E-05 9.9964E-05
9.9982E-05 0.100968 0.0118704 0.389542 0.054724 9.9982E-05 0.442696
9.997E-05 0.242966 9.997E-05 0.528853 0.0537787 9.997E-05 0.174103
0.378062 0.359919 9.99641E-05 0.261619 9.99641E-05 9.99641E-05 9.99641E-05
0.195078 0.0879927 9.997E-05 0.161542 9.997E-05 9.997E-05 0.555088
0.196576 0.071294 9.999E-05 0.14738 0.00654755 0.027584 0.550519
0.0238741 0.115533 9.9973E-05 0.129295 9.9973E-05 9.9973E-05 0.730997
0.0981719 0.10963 9.997E-05 0.445423 9.997E-05 9.997E-05 0.346475
9.99551E-05 9.99551E-05 0.0208174 9.99551E-05 9.99551E-05 9.99551E-05 0.978683
9.9964E-05 9.9964E-05 0.0185121 9.9964E-05 9.9964E-05 0.0912708 0.889817
9.998E-05 0.0046005 9.998E-05 0.085014 0.0335231 0.0679667 0.808696
0.110092 0.0321655 9.9973E-05 9.9973E-05 9.9973E-05 0.0750109 0.782432
0.093541 0.346908 9.99639E-05 9.99639E-05 9.99639E-05 9.99639E-05 0.559151
0.0492329 0.117139 9.9973E-05 9.9973E-05 9.9973E-05 0.0960467 0.737282
9.9973E-05 9.9973E-05 0.0488779 0.0559274 0.0114702 9.9973E-05 0.883425
9.9973E-05 9.9973E-05 0.0500717 0.0352166 9.9973E-05 0.0312539 0.883158
9.9973E-05 9.9973E-05 9.9973E-05 0.209779 0.0368531 0.190723 0.562345
9.998E-05 0.22019 9.998E-05 0.609947 0.0635353 0.0574993 0.0486285
9.9973E-05 0.0708629 9.9973E-05 0.730187 9.9973E-05 0.000514216 0.198136
9.9973E-05 0.0300179 9.9973E-05 0.770768 9.9973E-05 0.167837 0.0310773
0.0156041 9.9973E-05 9.9973E-05 0.863545 9.9973E-05 0.0524891 0.0680616
9.9973E-05 0.119557 9.9973E-05 0.520092 0.0215231 9.9973E-05 0.338528
9.9982E-05 0.00966763 0.0227054 0.524364 9.9982E-05 0.087859 0.355204
9.9982E-05 0.0650407 0.0311482 0.566276 9.9982E-05 0.221871 0.115463
9.9973E-05 0.0254013 0.044025 0.619035 9.9973E-05 9.9973E-05 0.311239
9.998E-05 0.0211276 0.0468879 0.509659 0.0236743 9.998E-05 0.398452
9.99549E-05 9.99549E-05 9.99549E-05 0.490146 9.99549E-05 9.99549E-05 0.509355
9.997E-05 9.997E-05 0.0564748 0.514803 9.997E-05 0.0603064 0.368116
9.9964E-05 9.9964E-05 9.9964E-05 0.656924 9.9964E-05 0.00167112 0.341005
9.9973E-05 0.122928 9.9973E-05 0.412979 9.9973E-05 0.107947 0.355846
9.997E-05 0.105304 0.0919834 0.600784 9.997E-05 9.997E-05 0.201629
0.0265812 0.0536284 9.9982E-05 0.473783 9.9982E-05 0.0636241 0.382183
9.9982E-05 0.0320826 0.0195422 0.512515 9.9982E-05 0.0292613 0.406398
9.9982E-05 0.0209822 0.00558899 0.615187 0.0138273 9.9982E-05 0.344214
9.9973E-05 9.9973E-05 0.0578761 0.707126 9.9973E-05 0.0282896 0.206408
9.99639E-05 0.0198557 9.99639E-05 0.529183 9.99639E-05 9.99639E-05 0.450562
0.129869 9.9964E-05 9.9964E-05 0.751681 9.9964E-05 0.118051 9.9964E-05
0.119623 9.997E-05 9.997E-05 0.730881 9.997E-05 0.035949 0.113247
0.0524773 9.998E-05 0.0210638 0.724729 9.998E-05 0.0412194 0.160311
9.9964E-05 9.9964E-05 0.00742607 0.561759 9.9964E-05 9.9964E-05 0.430415
9.9982E-05 9.9982E-05 0.0540436 0.400928 0.0440709 0.00218419 0.498573
9.9973E-05 9.9973E-05 0.0392456 0.53123 9.9973E-05 0.069552 0.359672
9.9964E-05 9.9964E-05 0.0359973 0.598211 9.9964E-05 9.9964E-05 0.365392
9.998E-05 9.998E-05 0.169042 0.412927 0.107258 0.139117 0.171456
0.000716746 9.9973E-05 0.351583 0.441818 9.9973E-05 9.9973E-05 0.205583
9.9964E-05 0.0592417 9.9964E-05 0.698641 9.9964E-05 9.9964E-05 0.241718
0.0755437 0.0140203 9.9982E-05 0.868077 9.9982E-05 0.0275736 0.0145849
0.0728965 9.9973E-05 9.9973E-05 0.639986 9.9973E-05 0.0838704 0.202947
0.00636453 9.9982E-05 9.9982E-05 0.759859 0.0212408 0.138359 0.0739769
0.0364296 0.0307666 9.9973E-05 0.84601 9.9973E-05 0.0864934 9.9973E-05
9.9973E-05 0.0511785 0.0263873 0.678459 9.9973E-05 9.9973E-05 0.243675
0.013552 9.9982E-05 9.9982E-05 0.733104 0.00767203 0.131458 0.114014
9.9982E-05 9.9982E-05 0.0074009 0.623868 0.00180524 0.0694933 0.297232
9.9973E-05 0.107057 9.9973E-05 0.588069 9.9973E-05 0.0632552 0.24132
0.0799043 9.9973E-05 0.0142015 0.904696 9.9973E-05 9.9973E-05 0.000898263
0.696398 9.996E-05 0.212085 0.091117 9.996E-05 9.996E-05 9.996E-05
0.299413 0.0875003 0.461445 9.9973E-05 0.151342 9.9973E-05 9.9973E-05
0.344992 0.10556 0.297766 9.997E-05 0.251382 9.997E-05 9.997E-05
0.0741611 0.00859175 0.592944 0.12209 0.164585 9.999E-05 0.0375279
0.10544 9.9973E-05 0.655136 9.9973E-05 0.134094 9.9973E-05 0.105031
0.0867837 9.9964E-05 0.799039 9.9964E-05 0.113778 9.9964E-05 9.9964E-05
0.373391 9.9964E-05 0.38568 9.9964E-05 0.240529 9.9964E-05 9.9964E-05
0.585038 9.9964E-05 0.285875 9.9964E-05 0.128687 9.9964E-05 9.9964E-05
0.9994 9.995E-05 9.995E-05 9.995E-05 9.995E-05 9.995E-05 9.995E-05
0.168119 9.997E-05 0.712581 0.0721708 0.0468287 9.997E-05 9.997E-05
9.996E-05 9.996E-05 0.878664 9.996E-05 0.083016 0.0379197 9.996E-05
9.99551E-05 9.99551E-05 0.920821 9.99551E-05 9.99551E-05 0.0786797 9.99551E-05
9.99641E-05 9.99641E-05 0.868795 9.99641E-05 0.0806282 9.99641E-05 0.0501775
