0.518458 9.9991E-05 0.481442
0.309296 0.150893 0.539811
0.458921 0.0348838 0.506195
0.56727 0.023498 0.409232
0.227111 9.9991E-05 0.772789
0.576458 9.9991E-05 0.423442
0.108368 0.825572 0.0660597
0.0575198 0.720851 0.22163
9.9991E-05 0.904652 0.0952484
0.115112 0.884788 9.9991E-05
0.0181714 0.865442 0.116387
0.0255929 0.833384 0.141024
9.9991E-05 0.941799 0.0581012
0.0415082 0.916005 0.0424869
0.0570078 0.889514 0.0534786
9.9991E-05 0.847017 0.152883
0.604315 0.0378584 0.357826
0.714007 0.142581 0.143412
0.881565 0.0766606 0.0417748
0.817796 0.0655941 0.116609
0.685503 0.0700255 0.244472
0.945148 0.0523644 0.00248727
0.586929 0.125934 0.287137
0.525025 0.0740423 0.400932
0.717576 0.0601072 0.222317
0.786837 9.9991E-05 0.213063
0.58332 0.107576 0.309104
0.479632 0.0748153 0.445553
0.192405 0.110643 0.696952
0.396102 0.148853 0.455045
0.755373 0.140819 0.103808
0.457388 0.117995 0.424616
0.651995 9.9991E-05 0.347905
0.862092 0.0467318 0.0911759
0.864128 0.135772 9.9991E-05
0.683892 0.0423258 0.273782
0.578955 0.391005 0.0300393
0.698576 0.153486 0.147938
0.773528 0.0975277 0.128944
0.8803 0.0303237 0.0893759
0.540075 9.9991E-05 0.459825
0.421189 0.0423893 0.536422
0.517915 0.137594 0.34449
0.18887 0.201103 0.610027
0.59127 9.9991E-05 0.408631
0.804008 9.9991E-05 0.195892
0.856356 0.143544 9.9991E-05
0.539046 0.217431 0.243523
0.655318 0.114169 0.230513
0.60799 9.9991E-05 0.39191
0.816364 0.125086 0.0585497
0.632989 0.131858 0.235153
0.910632 0.0539254 0.0354427
0.829113 0.0224074 0.148479
0.800155 0.0137607 0.186085
0.822735 0.0171152 0.16015
0.232712 0.69689 0.0703977
0.110934 0.822403 0.0666631
9.9991E-05 0.976258 0.0236421
0.127097 0.845014 0.0278888
9.9991E-05 0.982604 0.0172961
0.155242 0.836475 0.00828283
0.266232 0.64259 0.0911781
0.201001 0.736828 0.062171
9.9991E-05 0.895401 0.104499
0.079684 0.920216 9.9991E-05
0.209686 0.755442 0.0348724
0.0443659 0.955534 9.9991E-05
0.200224 0.799676 9.9991E-05
0.0320447 0.952153 0.0158025
0.162459 0.712414 0.125128
0.0998721 0.87201 0.0281179
9.9991E-05 0.825078 0.174822
0.0540111 0.911214 0.0347749
0.171943 0.827957 9.9991E-05
0.102689 0.897211 9.9991E-05
0.00216292 0.923083 0.0747543
9.999E-05 0.9998 9.999E-05
0.0201189 0.979781 9.9991E-05
0.162362 0.837538 9.9991E-05
0.114179 0.885721 9.9991E-05
0.0438169 0.0329533 0.92323
0.0460309 0.0807923 0.873177
9.9991E-05 0.0933202 0.90658
0.0411969 0.103289 0.855514
0.121954 0.0744404 0.803605
0.0599131 0.20254 0.737547
0.22551 0.102411 0.672078
0.228491 0.110893 0.660616
0.136581 0.0554792 0.80794
0.139104 9.9991E-05 0.860796
0.116778 0.0858308 0.797391
0.460305 0.0330618 0.506633
0.349208 0.0127677 0.638024
0.308923 0.0695866 0.621491
0.404119 0.122163 0.473717
0.468354 0.0176507 0.513996
0.218628 0.0794791 0.701893
0.262275 0.057457 0.680268
0.281714 0.0258904 0.692396
0.24404 9.9991E-05 0.75586
0.105388 9.9991E-05 0.894512
0.106487 9.9991E-05 0.893413
0.0214548 9.9991E-05 0.978445
9.9991E-05 0.109897 0.890003
0.128375 9.9991E-05 0.871525
0.262053 9.9991E-05 0.737847
9.9991E-05 0.0597096 0.94019
0.00529895 0.100171 0.89453
0.0452191 9.9991E-05 0.954681
0.108177 0.00813753 0.883686
9.999E-05 9.999E-05 0.9998
0.270057 9.9991E-05 0.729843
0.115464 0.0473154 0.837221
0.189414 9.9991E-05 0.810486
0.0595913 0.0424879 0.897921
9.9991E-05 0.0391829 0.960717
0.0182958 0.00343658 0.978268
0.00622326 0.018898 0.974879
9.9991E-05 0.030321 0.969579
9.9991E-05 0.063677 0.936223
0.00104095 0.0352169 0.963742
9.999E-05 9.999E-05 0.9998
0.0427456 0.124273 0.832981
0.000618714 0.05101 0.948371
9.9991E-05 0.0400132 0.959887
9.9991E-05 0.320905 0.678995
9.9991E-05 0.341468 0.658432
9.9991E-05 0.011037 0.988863
0.0679985 9.9991E-05 0.931901
9.9991E-05 0.0489552 0.950945
9.9991E-05 0.0478993 0.952001
0.0909072 9.9991E-05 0.908993
9.9991E-05 0.0179898 0.98191
0.0602039 0.0151327 0.924663
9.9991E-05 0.00917962 0.99072
0.201181 9.9991E-05 0.798719
9.9991E-05 0.0122885 0.987611
0.0577258 0.717226 0.225049
9.9991E-05 0.927278 0.0726222
0.122785 0.831735 0.0454794
0.092181 0.783419 0.1244
9.9991E-05 0.876359 0.123541
9.999E-05 0.9998 9.999E-05
0.0501722 0.884438 0.0653895
9.9991E-05 0.875418 0.124482
0.107916 0.714569 0.177515
9.9991E-05 0.92043 0.0794704
0.0242645 0.975635 9.9991E-05
0.0512078 0.948692 9.9991E-05
0.0302435 0.969656 9.9991E-05
