0.388178 0.1439 0.467822 9.9991E-05
0.371136 0.495697 0.133067 9.9991E-05
0.439719 0.183509 0.376672 9.9991E-05
0.371322 0.104792 0.499601 0.0242845
0.652167 9.9991E-05 0.279036 0.0686968
0.384016 9.9982E-05 0.615784 9.9982E-05
9.9982E-05 0.579736 9.9982E-05 0.420064
0.114029 0.329325 0.0589247 0.497721
9.9982E-05 0.384336 9.9982E-05 0.615464
9.999E-05 0.419022 0.00716888 0.573709
9.9982E-05 0.501037 9.9982E-05 0.498763
0.0228608 0.487816 9.9991E-05 0.489224
9.9982E-05 0.236271 9.9982E-05 0.763529
9.999E-05 0.186653 0.0373522 0.775895
9.9982E-05 0.447636 9.9982E-05 0.552164
9.9982E-05 0.515963 9.9982E-05 0.483837
0.317705 0.0921991 0.558351 0.0317454
0.062676 0.385368 0.494074 0.0578819
9.9991E-05 0.117346 0.79384 0.0887133
0.187866 9.9991E-05 0.683847 0.128187
0.218854 0.173536 0.592574 0.0150359
9.9991E-05 0.1688 0.812435 0.0186655
0.206914 0.214372 0.53547 0.0432444
0.329049 0.0153321 0.577035 0.0785836
0.125697 9.9991E-05 0.795531 0.0786725
0.168851 0.00547121 0.825578 9.9991E-05
0.267396 9.9991E-05 0.585833 0.146671
0.321735 9.9991E-05 0.548026 0.13014
0.553283 0.203321 0.230266 0.0131302
0.352613 0.346345 0.242229 0.0588132
9.9982E-05 0.550894 0.448906 9.9982E-05
0.376564 0.237772 0.315739 0.0699254
0.289257 0.164196 0.546447 9.9991E-05
9.9991E-05 0.108609 0.875554 0.0157372
9.9982E-05 0.365864 0.633936 9.9982E-05
0.169637 0.138979 0.648578 0.0428057
9.9991E-05 0.22692 0.473971 0.299009
0.0769614 0.0852299 0.720087 0.117722
9.9991E-05 0.237382 0.742839 0.0196792
0.0460153 0.0819023 0.8654 0.00668199
0.300511 0.216788 0.482601 9.9991E-05
0.405898 0.0665445 0.463075 0.0644823
0.308204 0.0527503 0.494936 0.144109
0.528312 0.0885223 0.224107 0.159059
0.34056 0.10057 0.55877 9.9991E-05
0.0913522 0.132057 0.776491 9.9991E-05
9.9991E-05 0.459701 0.492239 0.0479603
0.134361 0.599866 0.265673 9.9991E-05
0.109353 0.733901 0.156646 9.9991E-05
0.230025 0.496552 0.273323 9.9991E-05
9.9991E-05 0.430477 0.550283 0.0191396
0.186128 0.265437 0.507663 0.0407721
9.9991E-05 0.17696 0.752001 0.0709389
0.0912548 0.160295 0.721818 0.0266327
0.0707606 0.19808 0.73106 9.9991E-05
0.115427 9.9991E-05 0.846274 0.0381984
0.0108258 0.27164 0.184781 0.532754
0.0685607 0.111565 0.112257 0.707617
0.0273624 9.9991E-05 0.0462657 0.926272
9.9991E-05 0.209409 0.0623238 0.728167
0.0170307 0.148077 9.9991E-05 0.834792
0.0507015 0.166625 0.0592088 0.723465
9.9982E-05 0.807886 9.9982E-05 0.191914
9.9991E-05 0.496642 0.0664439 0.436814
9.9982E-05 0.385104 9.9982E-05 0.614696
9.9982E-05 0.283178 9.9982E-05 0.716622
9.9991E-05 0.275716 0.106195 0.617989
9.9991E-05 0.0355786 0.0584797 0.905842
9.9991E-05 0.446604 0.0227044 0.530592
9.9982E-05 0.253925 9.9982E-05 0.745875
9.9991E-05 0.487782 0.077393 0.434725
0.00311572 0.177732 0.0644873 0.754665
9.9982E-05 0.507292 9.9982E-05 0.492508
0.0731492 0.079216 0.0173751 0.83026
9.9982E-05 9.9982E-05 0.177163 0.822638
9.9991E-05 0.115792 0.0671469 0.816961
0.0346134 0.16172 9.9991E-05 0.803566
0.0124336 9.9982E-05 9.9982E-05 0.987366
9.9982E-05 0.143377 9.9982E-05 0.856423
9.9982E-05 0.463277 9.9982E-05 0.536523
0.0248155 0.112424 0.0963587 0.766401
0.777077 9.9991E-05 0.121061 0.101762
0.739156 0.211808 0.0400036 0.00903262
0.825478 0.14167 9.9991E-05 0.0327514
0.847334 9.9991E-05 0.0264764 0.126089
0.723675 0.175806 0.0627907 0.0377283
0.300285 0.699516 9.9982E-05 9.9982E-05
0.539519 0.27694 0.112449 0.0710924
0.561575 0.309812 0.128513 9.9991E-05
0.780962 0.0470221 0.0939917 0.0780241
0.749723 0.250077 9.9982E-05 9.9982E-05
0.706995 9.9991E-05 0.0847331 0.208172
0.535676 9.9991E-05 0.405631 0.0585933
0.604361 9.9991E-05 0.363056 0.0324831
0.644559 0.0387532 0.255529 0.0611593
0.410055 0.368336 0.221509 9.9991E-05
0.472151 0.0980933 0.422567 0.00718942
0.702896 9.9991E-05 0.168664 0.12834
0.671005 9.9991E-05 0.219576 0.10932
0.608549 0.0442021 0.291586 0.0556623
0.622494 0.22119 0.156216 9.9991E-05
0.849482 0.0580597 0.0923584 9.9991E-05
0.807558 0.112552 0.07979 9.9991E-05
0.836408 0.163392 9.9982E-05 9.9982E-05
0.804514 0.153405 9.9991E-05 0.0419804
0.811546 9.9991E-05 0.183482 0.00487202
0.688364 9.9991E-05 0.281082 0.030454
0.911007 9.9982E-05 9.9982E-05 0.0887928
0.862583 9.9991E-05 0.0553512 0.0819656
0.913576 9.9991E-05 0.0555815 0.0307427
0.829339 9.9991E-05 0.126835 0.0437259
0.980676 9.9982E-05 9.9982E-05 0.0191243
0.648602 0.0862164 0.265082 9.9991E-05
0.797208 0.0380799 0.0977156 0.0669966
0.775898 0.140956 0.0830459 9.9991E-05
0.890978 0.01416 0.0481133 0.0467484
0.904206 0.0801791 9.9991E-05 0.015515
0.966055 9.9991E-05 0.00971668 0.0241278
0.917329 0.0493453 0.0264348 0.00689057
0.749342 0.250458 9.9982E-05 9.9982E-05
0.814629 0.185171 9.9982E-05 9.9982E-05
0.866821 0.132979 9.9982E-05 9.9982E-05
0.955251 9.9991E-05 0.020219 0.0244305
0.788423 9.9991E-05 0.104273 0.107203
0.833879 9.9991E-05 0.0896609 0.0763604
0.928751 9.9982E-05 9.9982E-05 0.0710491
0.633729 9.9991E-05 0.0629241 0.303247
0.616928 9.9982E-05 9.9982E-05 0.382872
0.890802 0.108998 9.9982E-05 9.9982E-05
0.782384 0.217416 9.9982E-05 9.9982E-05
0.818148 0.181652 9.9982E-05 9.9982E-05
0.847645 0.152155 9.9982E-05 9.9982E-05
0.68697 0.31283 9.9982E-05 9.9982E-05
0.925004 0.0142325 9.9991E-05 0.0606638
0.792999 0.20151 0.00539164 9.9991E-05
0.929695 0.0505073 9.9991E-05 0.0196974
0.752147 0.138714 0.109039 9.9991E-05
0.828019 0.171781 9.9982E-05 9.9982E-05
0.0654104 0.565567 9.9991E-05 0.368922
9.9982E-05 0.290048 9.9982E-05 0.709752
9.9982E-05 0.426087 9.9982E-05 0.573713
0.142994 0.115752 9.9991E-05 0.741154
0.133716 0.060546 9.9991E-05 0.805638
0.0141967 0.0466694 9.9991E-05 0.939034
0.0382137 0.302571 9.9991E-05 0.659115
9.9982E-05 0.475047 9.9982E-05 0.524753
9.9982E-05 0.908838 9.9982E-05 0.0909617
0.0851907 0.117321 9.9991E-05 0.797388
9.99821E-05 9.99821E-05 0.0616182 0.938182
9.9982E-05 9.9982E-05 0.0279346 0.971865
0.0290584 9.9991E-05 0.036842 0.934
