9.99369E-05 0.641126 0.331839 9.99369E-05 0.0263351 9.99369E-05 9.99369E-05 9.99369E-05 9.99369E-05 9.99369E-05
9.9955E-05 0.311875 0.113226 9.9955E-05 0.239549 9.9955E-05 0.211086 9.9955E-05 9.9955E-05 0.123764
9.9964E-05 0.326036 0.339129 0.066055 0.108042 9.9964E-05 0.0767257 0.0836121 9.9964E-05 9.9964E-05
9.9964E-05 0.409089 0.0582238 0.060856 9.9964E-05 9.9964E-05 0.116346 0.339286 0.0157992 9.9964E-05
0.167409 0.11193 0.515108 9.9946E-05 9.9946E-05 9.9946E-05 9.9946E-05 0.204954 9.9946E-05 9.9946E-05
9.9955E-05 0.353616 0.122399 0.116749 9.9955E-05 9.9955E-05 9.9955E-05 0.379827 9.9955E-05 0.0269102
9.9946E-05 9.9946E-05 9.9946E-05 0.0279072 0.129426 0.781806 0.060261 9.9946E-05 9.9946E-05 9.9946E-05
0.255947 9.9937E-05 9.9937E-05 9.9937E-05 9.9937E-05 0.6658 9.9937E-05 9.9937E-05 9.9937E-05 0.0775537
9.9937E-05 9.9937E-05 9.9937E-05 9.9937E-05 9.9937E-05 0.918132 0.038609 0.042559 9.9937E-05 9.9937E-05
9.99281E-05 9.99281E-05 9.99281E-05 0.124895 9.99281E-05 0.874305 9.99281E-05 9.99281E-05 9.99281E-05 9.99281E-05
9.99459E-05 0.0441509 9.99459E-05 9.99459E-05 0.16063 0.779741 9.99459E-05 9.99459E-05 9.99459E-05 0.0148779
0.14839 9.99459E-05 0.000856082 9.99459E-05 0.507279 0.342875 9.99459E-05 9.99459E-05 9.99459E-05 9.99459E-05
0.0670449 9.9955E-05 9.9955E-05 9.9955E-05 0.0167445 0.707967 9.9955E-05 0.0140593 0.193685 9.9955E-05
9.99461E-05 9.99461E-05 9.99461E-05 0.0454535 9.99461E-05 0.898197 9.99461E-05 0.00678516 0.0489643 9.99461E-05
9.9964E-05 9.9964E-05 0.00585933 0.0589677 0.0595199 0.855383 0.000444796 0.0194258 9.9964E-05 9.9964E-05
9.99371E-05 9.99371E-05 9.99371E-05 9.99371E-05 0.147063 0.788643 9.99371E-05 9.99371E-05 9.99371E-05 0.063594
0.569036 9.99459E-05 0.0868551 0.17274 9.99459E-05 9.99459E-05 9.99459E-05 9.99459E-05 9.99459E-05 0.17077
9.9955E-05 9.9955E-05 9.9955E-05 0.723339 0.0267661 0.0224852 0.0802937 9.9955E-05 9.9955E-05 0.146616
0.140551 0.398185 9.9973E-05 0.282799 0.029887 9.9973E-05 9.9973E-05 0.0965502 0.0424535 0.00927355
0.244879 0.0937521 0.0603863 0.398061 9.9964E-05 9.9964E-05 9.9964E-05 0.155776 0.0467453 9.9964E-05
9.9955E-05 9.9955E-05 0.264917 0.671856 9.9955E-05 0.00177429 0.0579256 0.00302792 9.9955E-05 9.9955E-05
0.145352 0.00820569 9.9946E-05 0.760478 9.9946E-05 9.9946E-05 9.9946E-05 0.0853648 9.9946E-05 9.9946E-05
0.627106 0.124208 9.9946E-05 9.9946E-05 0.172692 9.9946E-05 9.9946E-05 9.9946E-05 9.9946E-05 0.0753941
0.139026 0.584427 0.124227 9.9955E-05 0.030056 9.9955E-05 9.9955E-05 9.9955E-05 9.9955E-05 0.121764
0.536196 0.447943 9.99371E-05 9.99371E-05 9.99371E-05 9.99371E-05 9.99371E-05 9.99371E-05 9.99371E-05 0.0151614
0.149723 0.495216 0.0968547 0.20378 9.9964E-05 9.9964E-05 9.9964E-05 0.0101843 9.9964E-05 0.0438417
0.867713 9.9937E-05 0.124712 9.9937E-05 9.9937E-05 9.9937E-05 9.9937E-05 9.9937E-05 0.00687513 9.9937E-05
0.749716 9.9937E-05 0.201273 9.9937E-05 9.9937E-05 9.9937E-05 9.9937E-05 0.0483119 9.9937E-05 9.9937E-05
0.00656082 9.9964E-05 0.388956 0.202967 9.9964E-05 0.0987972 0.147123 9.9964E-05 9.9964E-05 0.155196
0.118858 9.9964E-05 0.206125 0.25506 9.9964E-05 0.0990813 0.320161 9.9964E-05 9.9964E-05 0.00031457
9.994E-05 9.994E-05 9.994E-05 0.381897 0.282352 9.994E-05 0.15832 0.176832 9.994E-05 9.994E-05
9.99459E-05 9.99459E-05 0.256632 0.371673 0.107763 9.99459E-05 9.99459E-05 0.263333 9.99459E-05 9.99459E-05
9.9946E-05 0.013518 0.193687 0.431562 9.9946E-05 9.9946E-05 9.9946E-05 0.360634 9.9946E-05 9.9946E-05
0.118542 0.86059 9.99369E-05 9.99369E-05 9.99369E-05 0.0201683 9.99369E-05 9.99369E-05 9.99369E-05 9.99369E-05
0.0601846 0.650661 9.99369E-05 9.99369E-05 0.288455 9.99369E-05 9.99369E-05 9.99369E-05 9.99369E-05 9.99369E-05
0.451082 0.109866 0.160511 0.193112 0.0849282 9.9955E-05 9.9955E-05 9.9955E-05 9.9955E-05 9.9955E-05
0.120294 0.220984 9.9973E-05 0.0702867 0.26147 9.9973E-05 0.0106473 0.154624 0.161394 9.9973E-05
0.652217 0.216346 9.9955E-05 9.9955E-05 0.0648294 9.9955E-05 9.9955E-05 0.0589138 0.00719381 9.9955E-05
0.17157 0.467828 9.9955E-05 0.039761 9.9955E-05 9.9955E-05 0.228553 9.9955E-05 0.0917876 9.9955E-05
0.777623 0.0939744 9.9946E-05 0.111757 9.9946E-05 9.9946E-05 0.0160454 9.9946E-05 9.9946E-05 9.9946E-05
9.994E-05 0.51303 9.994E-05 9.994E-05 9.994E-05 9.994E-05 0.153821 0.0765698 9.994E-05 0.25598
9.9964E-05 0.357886 0.228411 9.9964E-05 9.9964E-05 9.9964E-05 0.10886 0.189361 0.0839083 0.0311735
9.9964E-05 0.335797 0.0333483 0.00365458 9.9964E-05 9.9964E-05 0.14013 0.365783 0.120887 9.9964E-05
0.0713437 0.0879584 9.9964E-05 9.9964E-05 9.9964E-05 0.0301056 9.9964E-05 0.167227 0.120055 0.522911
9.9955E-05 0.489474 0.118586 0.149453 9.9955E-05 0.0120196 9.9955E-05 0.229967 9.9955E-05 9.9955E-05
9.9946E-05 0.541443 9.9946E-05 0.140148 9.9946E-05 9.9946E-05 0.0999076 0.217903 9.9946E-05 9.9946E-05
0.0116468 9.9955E-05 9.9955E-05 0.83256 0.0615659 9.9955E-05 0.0603801 9.9955E-05 0.0333472 9.9955E-05
9.99459E-05 9.99459E-05 9.99459E-05 0.397501 0.147911 9.99459E-05 0.352598 9.99459E-05 9.99459E-05 0.10139
9.9937E-05 9.9937E-05 9.9937E-05 0.212171 0.0995286 9.9937E-05 0.687601 9.9937E-05 9.9937E-05 9.9937E-05
0.0803238 0.117494 9.99369E-05 9.99369E-05 9.99369E-05 9.99369E-05 0.801482 9.99369E-05 9.99369E-05 9.99369E-05
0.0191744 9.99459E-05 9.99459E-05 0.539296 9.99459E-05 9.99459E-05 0.40293 9.99459E-05 0.0380008 9.99459E-05
9.994E-05 0.143172 9.994E-05 0.413765 9.994E-05 0.0935503 9.994E-05 9.994E-05 9.994E-05 0.348913
9.9955E-05 0.117367 0.114613 0.696947 9.9955E-05 9.9955E-05 0.0024789 9.9955E-05 0.0680942 9.9955E-05
9.994E-05 0.381207 9.994E-05 0.336189 9.994E-05 9.994E-05 9.994E-05 9.994E-05 0.0169878 0.265017
0.163313 0.220461 9.99459E-05 0.344048 9.99459E-05 9.99459E-05 9.99459E-05 9.99459E-05 9.99459E-05 0.271578
0.202268 0.223133 0.113756 0.358123 9.996E-05 9.996E-05 9.996E-05 0.076747 0.0255737 9.996E-05
0.0179386 0.289477 9.9955E-05 9.9955E-05 0.138486 0.357399 9.9955E-05 9.9955E-05 0.1962 9.9955E-05
9.9946E-05 0.182932 0.018839 9.9946E-05 9.9946E-05 0.476036 9.9946E-05 9.9946E-05 0.321593 9.9946E-05
0.0779868 9.9946E-05 9.9946E-05 9.9946E-05 9.9946E-05 0.0301138 9.9946E-05 9.9946E-05 0.822396 0.0689035
9.995E-05 9.995E-05 9.995E-05 0.122901 0.111659 0.304501 9.995E-05 9.995E-05 0.39151 0.0689286
9.99459E-05 9.99459E-05 9.99459E-05 9.99459E-05 0.209234 0.2033 9.99459E-05 9.99459E-05 0.5528 0.0340664
9.9955E-05 9.9955E-05 0.032854 0.147796 0.218884 9.9955E-05 9.9955E-05 9.9955E-05 0.574068 0.0258988
9.99369E-05 9.99369E-05 9.99369E-05 9.99369E-05 0.813538 0.0302938 0.155469 9.99369E-05 9.99369E-05 9.99369E-05
9.99459E-05 9.99459E-05 9.99459E-05 0.102789 0.749225 9.99459E-05 9.99459E-05 0.0557949 0.091591 9.99459E-05
9.9946E-05 9.9946E-05 9.9946E-05 9.9946E-05 0.316602 0.514668 9.9946E-05 0.0820748 0.0860555 9.9946E-05
9.9946E-05 0.0487361 9.9946E-05 9.9946E-05 0.0708466 0.690329 9.9946E-05 9.9946E-05 0.189488 9.9946E-05
9.9946E-05 0.209804 9.9946E-05 9.9946E-05 0.188119 0.347423 9.9946E-05 9.9946E-05 0.254054 9.9946E-05
9.99372E-05 0.172848 9.99372E-05 9.99372E-05 9.99372E-05 0.311336 9.99372E-05 9.99372E-05 0.515117 9.99372E-05
9.9946E-05 0.130036 9.9946E-05 9.9946E-05 0.560524 0.10784 9.9946E-05 9.9946E-05 0.201 9.9946E-05
0.110408 9.9946E-05 9.9946E-05 9.9946E-05 0.235098 0.312643 9.9946E-05 9.9946E-05 0.341252 9.9946E-05
0.0589648 0.0386904 0.0181394 9.9964E-05 0.68759 0.107088 9.9964E-05 9.9964E-05 0.0891275 9.9964E-05
0.0729459 0.0847441 9.9955E-05 9.9955E-05 0.287147 0.10341 9.9955E-05 9.9955E-05 0.451254 9.9955E-05
0.0456879 9.9946E-05 9.9946E-05 9.9946E-05 0.788417 0.0528913 9.9946E-05 9.9946E-05 0.112404 9.9946E-05
0.0455124 9.9955E-05 9.9955E-05 0.0584393 0.205799 0.0460665 9.9955E-05 9.9955E-05 0.643683 9.9955E-05
0.0349126 0.0523858 9.9964E-05 0.116207 0.00302007 0.115733 9.9964E-05 9.9964E-05 0.677341 9.9964E-05
0.0278307 9.99549E-05 9.99549E-05 0.0497221 0.135696 9.99549E-05 0.078548 9.99549E-05 0.707703 9.99549E-05
9.99369E-05 9.99369E-05 9.99369E-05 9.99369E-05 0.328882 9.99369E-05 9.99369E-05 0.101954 0.568464 9.99369E-05
9.9937E-05 9.9937E-05 0.0640163 9.9937E-05 9.9937E-05 0.0126494 9.9937E-05 9.9937E-05 0.922635 9.9937E-05
9.9955E-05 0.00523972 9.9955E-05 9.9955E-05 0.0841483 0.343538 9.9955E-05 9.9955E-05 0.530153 0.0364211
0.062173 9.9955E-05 9.9955E-05 0.0375935 0.594827 0.140376 9.9955E-05 9.9955E-05 0.16453 9.9955E-05
9.9964E-05 0.025317 9.9964E-05 0.0370269 0.0817314 0.0734465 0.10627 9.9964E-05 0.675808 9.9964E-05
0.0266939 0.135025 0.786586 0.0157918 9.99551E-05 9.99551E-05 9.99551E-05 9.99551E-05 0.0354037 9.99551E-05
0.0664663 9.9937E-05 9.9937E-05 9.9937E-05 9.9937E-05 9.9937E-05 9.9937E-05 9.9937E-05 0.0440762 0.888758
9.9946E-05 9.9946E-05 0.00551399 9.9946E-05 9.9946E-05 9.9946E-05 9.9946E-05 0.021869 0.098417 0.8736
0.0282407 9.9964E-05 0.611132 9.9964E-05 9.9964E-05 0.0427217 0.107372 0.189396 0.0207373 9.9964E-05
0.148542 9.99459E-05 0.415223 9.99459E-05 9.99459E-05 0.00318795 0.432447 9.99459E-05 9.99459E-05 9.99459E-05
9.99281E-05 9.99281E-05 9.99281E-05 9.99281E-05 0.079476 9.99281E-05 0.919725 9.99281E-05 9.99281E-05 9.99281E-05
9.99461E-05 9.99461E-05 9.99461E-05 9.99461E-05 9.99461E-05 0.0392074 0.250284 0.527051 9.99461E-05 0.182857
9.9955E-05 0.125093 9.9955E-05 9.9955E-05 9.9955E-05 0.0675006 0.286993 0.422856 9.9955E-05 0.0970569
9.9946E-05 9.9946E-05 0.33254 9.9946E-05 9.9946E-05 9.9946E-05 0.129021 0.531561 9.9946E-05 0.00627856
0.0104732 9.99549E-05 0.215528 9.99549E-05 9.99549E-05 9.99549E-05 0.337576 0.221767 9.99549E-05 0.214156
9.9946E-05 9.9946E-05 0.102956 9.9946E-05 9.9946E-05 9.9946E-05 9.9946E-05 0.837486 0.0229419 0.0360165
0.0328369 0.0264149 9.9946E-05 0.0173324 9.9946E-05 9.9946E-05 9.9946E-05 0.922816 9.9946E-05 9.9946E-05
9.99549E-05 0.133582 0.275168 0.0703282 9.99549E-05 0.0392509 9.99549E-05 0.481171 9.99549E-05 9.99549E-05
0.0753631 9.9964E-05 0.00548055 0.0293007 9.9964E-05 9.9964E-05 0.0732566 0.7226 9.9964E-05 0.0935993
9.99459E-05 9.99459E-05 9.99459E-05 0.0726035 9.99459E-05 0.0304824 0.36041 0.535905 9.99459E-05 9.99459E-05
0.221616 0.00604943 9.99549E-05 0.0157607 9.99549E-05 9.99549E-05 0.182703 0.573371 9.99549E-05 9.99549E-05
0.0773689 9.9955E-05 0.21162 9.9955E-05 9.9955E-05 0.0100972 0.0171531 0.683261 9.9955E-05 9.9955E-05
0.101539 9.9937E-05 0.17935 9.9937E-05 9.9937E-05 9.9937E-05 9.9937E-05 0.718412 9.9937E-05 9.9937E-05
0.00845756 0.194495 0.172283 9.99639E-05 9.99639E-05 0.0111328 9.99639E-05 0.491353 9.99639E-05 0.121879
0.0925719 0.0662382 0.353196 9.99549E-05 9.99549E-05 9.99549E-05 0.360586 9.99549E-05 9.99549E-05 0.126908
9.9955E-05 0.125141 0.624492 0.0292131 9.9955E-05 9.9955E-05 0.0684891 9.9955E-05 9.9955E-05 0.152165
0.100863 9.9955E-05 0.347813 0.0592516 9.9955E-05 9.9955E-05 0.0397913 9.9955E-05 9.9955E-05 0.451781
9.9955E-05 0.00742486 0.471706 0.0544457 9.9955E-05 9.9955E-05 0.0261179 9.9955E-05 9.9955E-05 0.439806
9.9955E-05 9.9955E-05 0.6887 9.9955E-05 9.9955E-05 0.022497 0.233532 0.016682 0.0380885 9.9955E-05
0.076051 0.0540648 0.834432 0.0348522 9.9946E-05 9.9946E-05 9.9946E-05 9.9946E-05 9.9946E-05 9.9946E-05
0.183634 0.102899 0.63088 0.0523513 9.9955E-05 9.9955E-05 0.0297356 9.9955E-05 9.9955E-05 9.9955E-05
9.99371E-05 9.99371E-05 0.925092 0.0584811 9.99371E-05 0.015727 9.99371E-05 9.99371E-05 9.99371E-05 9.99371E-05
0.00920839 9.997E-05 0.824872 0.0387012 9.997E-05 0.00469174 0.031743 0.0492281 0.0412559 9.997E-05
0.0177964 0.0416531 0.682539 9.9964E-05 0.00703447 9.9964E-05 9.9964E-05 0.239201 9.9964E-05 0.0113768
9.9946E-05 0.138501 0.841184 9.9946E-05 9.9946E-05 9.9946E-05 9.9946E-05 9.9946E-05 0.00400336 0.0157115
9.9946E-05 0.0819649 0.773665 9.9946E-05 9.9946E-05 9.9946E-05 9.9946E-05 0.04247 9.9946E-05 0.1013
9.99549E-05 0.24902 0.532359 0.0013511 9.99549E-05 9.99549E-05 0.209574 9.99549E-05 9.99549E-05 0.00719621
0.0292604 9.9964E-05 0.330577 0.111084 9.9964E-05 9.9964E-05 9.9964E-05 0.132809 0.0212655 0.374604
0.0773011 0.0989166 0.583918 9.9964E-05 9.9964E-05 9.9964E-05 0.119041 0.0589637 9.9964E-05 0.0614596
0.029552 0.0703821 0.65617 9.9973E-05 0.0324978 9.9973E-05 0.0637693 0.131604 9.9973E-05 0.0157244
9.99551E-05 0.0164832 0.825878 9.99551E-05 9.99551E-05 0.0110846 0.144537 9.99551E-05 0.00151733 9.99551E-05
0.153619 9.9946E-05 0.70843 9.9946E-05 9.9946E-05 9.9946E-05 0.00204181 9.9946E-05 9.9946E-05 0.135309
0.100408 9.99549E-05 0.625346 9.99549E-05 9.99549E-05 9.99549E-05 0.188185 0.0664957 9.99549E-05 0.0190657
9.9946E-05 0.0701038 0.170663 9.9946E-05 0.0580506 9.9946E-05 9.9946E-05 9.9946E-05 9.9946E-05 0.700582
9.9955E-05 9.9955E-05 0.119204 9.9955E-05 0.0343494 9.9955E-05 0.000914053 0.138564 9.9955E-05 0.706469
0.103927 9.9955E-05 0.310326 9.9955E-05 0.0169581 9.9955E-05 9.9955E-05 0.0815203 9.9955E-05 0.486768
9.9946E-05 0.0180705 0.742178 9.9946E-05 9.9946E-05 9.9946E-05 9.9946E-05 0.176376 9.9946E-05 0.0627762
0.125605 0.016122 0.57478 9.997E-05 0.0377097 9.997E-05 9.997E-05 0.149745 0.0311577 0.0645816
0.0220477 0.0988531 0.695425 9.997E-05 0.0201129 9.997E-05 9.997E-05 0.11048 0.00836999 0.0444109
0.0330737 9.9964E-05 0.771099 0.0135298 0.0303561 9.9964E-05 9.9964E-05 0.0595827 9.9964E-05 0.0919584
0.143014 0.0871604 0.526678 9.9955E-05 9.9955E-05 0.218825 9.9955E-05 9.9955E-05 0.0238224 9.9955E-05
0.00751402 9.99459E-05 0.609282 9.99459E-05 0.101332 9.99459E-05 9.99459E-05 9.99459E-05 0.281272 9.99459E-05
9.996E-05 9.996E-05 0.693934 0.0158799 0.026818 9.996E-05 0.108093 0.0242912 9.996E-05 0.130584
9.99459E-05 0.0289724 0.2789 9.99459E-05 9.99459E-05 9.99459E-05 0.105503 9.99459E-05 9.99459E-05 0.586025
9.9955E-05 0.173923 0.4667 9.9955E-05 0.0718992 9.9955E-05 9.9955E-05 0.0166287 9.9955E-05 0.27035
9.9946E-05 0.162509 0.396161 9.9946E-05 9.9946E-05 9.9946E-05 0.028241 9.9946E-05 9.9946E-05 0.41249
9.99459E-05 0.134265 0.082104 9.99459E-05 9.99459E-05 9.99459E-05 0.194383 9.99459E-05 9.99459E-05 0.588648
9.9928E-05 9.9928E-05 0.862143 9.9928E-05 9.9928E-05 9.9928E-05 0.137058 9.9928E-05 9.9928E-05 9.9928E-05
9.9946E-05 0.154884 0.35599 9.9946E-05 9.9946E-05 9.9946E-05 0.0903191 9.9946E-05 9.9946E-05 0.398208
9.9964E-05 0.0774551 0.668091 9.9964E-05 9.9964E-05 0.0144188 0.00603927 0.0399557 9.9964E-05 0.19364
9.99639E-05 0.0903821 0.453788 0.0317302 9.99639E-05 9.99639E-05 0.138385 0.0391989 9.99639E-05 0.246116
9.9946E-05 9.9946E-05 0.586121 9.9946E-05 0.0664012 9.9946E-05 0.0738608 9.9946E-05 9.9946E-05 0.273018
9.9964E-05 9.9964E-05 9.9964E-05 0.0186861 0.732409 0.00238749 0.0409403 9.9964E-05 0.131781 0.0733963
9.9955E-05 0.00767271 9.9955E-05 0.0174487 0.399982 0.21554 9.9955E-05 9.9955E-05 0.358857 9.9955E-05
0.0108795 9.9964E-05 9.9964E-05 9.9964E-05 0.367368 0.262742 0.0991421 0.00290987 0.256559 9.9964E-05
9.99549E-05 9.99549E-05 9.99549E-05 9.99549E-05 0.0832709 0.115114 0.125661 9.99549E-05 0.587442 0.0880126
9.9964E-05 9.9964E-05 0.0730316 9.9964E-05 0.0539253 0.191387 9.9964E-05 0.0289977 0.608589 0.04367
9.9946E-05 9.9946E-05 0.0220787 9.9946E-05 0.106052 0.172276 9.9946E-05 9.9946E-05 0.698994 9.9946E-05
9.9946E-05 9.9946E-05 9.9946E-05 9.9946E-05 0.387082 0.263648 9.9946E-05 9.9946E-05 0.302491 0.0461784
9.9937E-05 9.9937E-05 9.9937E-05 9.9937E-05 0.578824 0.252802 9.9937E-05 9.9937E-05 0.167675 9.9937E-05
9.99282E-05 9.99282E-05 9.99282E-05 9.99282E-05 0.878223 9.99282E-05 0.120978 9.99282E-05 9.99282E-05 9.99282E-05
0.00646994 9.99639E-05 0.0290309 9.99639E-05 0.145249 0.0791752 9.99639E-05 9.99639E-05 0.682837 0.0568382
9.99372E-05 0.0413633 9.99372E-05 0.0384822 9.99372E-05 9.99372E-05 9.99372E-05 9.99372E-05 0.919455 9.99372E-05
0.0504041 9.99281E-05 9.99281E-05 9.99281E-05 9.99281E-05 9.99281E-05 9.99281E-05 9.99281E-05 0.948797 9.99281E-05
0.124789 9.99371E-05 9.99371E-05 9.99371E-05 9.99371E-05 0.0324619 9.99371E-05 9.99371E-05 0.84205 9.99371E-05
