0.165772 9.9982E-05 0.507604 0.0356011 9.9982E-05 0.290823
0.105847 9.9991E-05 0.113996 0.334147 0.114377 0.331533
0.340863 9.9991E-05 0.246904 0.0738082 0.103763 0.234562
0.588975 9.9973E-05 0.261394 9.9973E-05 0.149332 9.9973E-05
0.542211 0.00948549 0.169511 9.9982E-05 9.9982E-05 0.278593
0.498139 9.9982E-05 0.388748 9.9982E-05 0.0519356 0.0609779
9.9973E-05 0.0462931 9.9973E-05 0.892458 0.0609492 9.9973E-05
9.9991E-05 0.222755 0.0237387 0.550781 0.0224351 0.18019
0.00413689 0.301393 9.9973E-05 0.69417 9.9973E-05 9.9973E-05
9.9973E-05 0.252753 0.078414 0.668533 9.9973E-05 9.9973E-05
9.9982E-05 0.127139 0.0115641 0.86054 9.9982E-05 0.000557504
9.9982E-05 0.0508495 0.0497827 0.885056 9.9982E-05 0.0141115
9.9964E-05 0.421018 9.9964E-05 0.578582 9.9964E-05 9.9964E-05
9.9973E-05 0.465511 0.00276982 0.531419 9.9973E-05 9.9973E-05
9.9982E-05 0.282751 0.00314697 0.680666 0.0332364 9.9982E-05
9.99731E-05 0.147631 9.99731E-05 0.806345 9.99731E-05 0.0457248
0.11645 0.0339882 0.510306 9.9991E-05 0.125485 0.213671
0.00426235 0.0999184 0.243228 9.9991E-05 0.610608 0.0418835
0.102527 0.0916761 0.61397 9.9982E-05 0.191627 9.9982E-05
0.262674 0.0912773 0.510538 9.9982E-05 0.135311 9.9982E-05
0.238279 0.0607777 0.222817 9.9991E-05 0.466722 0.0113047
0.0817705 0.0911049 0.429978 9.9982E-05 0.396947 9.9982E-05
9.9973E-05 9.9973E-05 0.575729 0.210589 9.9973E-05 0.213382
9.9964E-05 9.9964E-05 0.690935 9.9964E-05 9.9964E-05 0.308665
0.0411577 9.9973E-05 0.886292 9.9973E-05 9.9973E-05 0.0722506
0.12384 9.9982E-05 0.705602 9.9982E-05 0.0249151 0.145443
0.145263 0.169288 0.485873 9.9982E-05 9.9982E-05 0.199376
0.318973 0.0921239 0.43328 9.9982E-05 9.9982E-05 0.155423
0.0424265 0.0861151 0.0803287 9.9991E-05 0.266321 0.524709
0.0211072 0.130218 0.142825 0.0147942 0.374901 0.316154
0.25849 9.9982E-05 0.0811013 0.193735 0.466475 9.9982E-05
0.56701 9.9982E-05 0.0957032 0.100783 0.236304 9.9982E-05
0.460419 9.9973E-05 0.256905 9.9973E-05 0.282376 9.9973E-05
9.9964E-05 9.9964E-05 0.946084 0.0535165 9.9964E-05 9.9964E-05
9.9973E-05 9.9973E-05 0.692984 0.272246 0.0344702 9.9973E-05
0.172678 0.0459099 0.526353 0.0265593 0.133151 0.0953486
0.181634 0.213873 0.324039 0.176156 0.104198 9.9991E-05
0.0975686 0.0721142 0.678029 0.0877823 9.9991E-05 0.0644055
9.9991E-05 0.0430693 0.647426 0.073935 0.219646 0.0158238
0.14174 0.0678909 0.667985 9.9982E-05 0.122184 9.9982E-05
0.177754 9.9982E-05 0.36074 9.9982E-05 0.165718 0.295588
0.392042 0.0886676 0.194586 9.999E-05 0.0756136 0.248991
0.531891 0.106413 0.170707 9.9982E-05 0.190788 9.9982E-05
0.159143 0.118708 0.284284 0.0243583 9.9991E-05 0.413407
0.369697 9.9991E-05 0.433385 0.00475822 0.0734943 0.118566
0.341888 9.9973E-05 0.508558 9.9973E-05 0.149254 9.9973E-05
9.9973E-05 0.139898 0.27659 9.9973E-05 0.583213 9.9973E-05
0.0502726 0.0843573 9.9982E-05 9.9982E-05 0.789209 0.0759614
9.9964E-05 9.9964E-05 9.9964E-05 9.9964E-05 0.988011 0.0115894
9.9973E-05 9.9973E-05 0.0582947 9.9973E-05 0.6868 0.254605
9.99729E-05 0.105505 0.165561 9.99729E-05 0.728634 9.99729E-05
9.9991E-05 0.0168867 0.472339 0.0627433 0.226977 0.220954
9.9973E-05 0.115793 0.487138 9.9973E-05 0.396769 9.9973E-05
9.998E-05 0.0310872 0.689878 9.998E-05 0.138092 0.140743
9.9982E-05 9.9982E-05 0.69501 0.0132053 0.14426 0.147325
0.246223 0.0988504 0.613542 9.9982E-05 0.0411845 9.9982E-05
0.00587186 0.327421 0.208647 0.423568 9.9991E-05 0.0343923
9.9973E-05 0.522907 0.13317 0.343623 9.9973E-05 9.9973E-05
9.9982E-05 0.905713 0.00997563 0.00699638 9.9982E-05 0.0771154
9.9991E-05 0.528099 0.0735108 0.339679 0.0396045 0.0190066
9.9964E-05 0.574614 9.9964E-05 0.424986 9.9964E-05 9.9964E-05
9.9991E-05 0.592235 0.0153491 0.196351 0.182182 0.013783
9.9964E-05 9.9964E-05 9.9964E-05 0.803819 0.195781 9.9964E-05
0.090592 0.0772332 0.0675568 0.764418 9.9982E-05 9.9982E-05
0.0554455 0.227378 9.9973E-05 0.716876 9.9973E-05 9.9973E-05
9.9964E-05 0.443425 9.9964E-05 0.556175 9.9964E-05 9.9964E-05
9.9973E-05 0.338733 0.158033 0.502934 9.9973E-05 9.9973E-05
9.99731E-05 0.667746 0.0999293 0.232025 9.99731E-05 9.99731E-05
9.9973E-05 0.205413 0.150368 0.643919 9.9973E-05 9.9973E-05
9.9973E-05 0.381161 0.112907 0.505632 9.9973E-05 9.9973E-05
0.0716034 0.0386051 0.104624 0.784968 9.9982E-05 9.9982E-05
0.0556425 0.45843 0.0700232 0.415704 9.9982E-05 9.9982E-05
0.0521479 0.0526347 9.9982E-05 0.866003 9.9982E-05 0.0290141
0.0416256 0.675285 9.9982E-05 0.209504 0.0733859 9.9982E-05
9.9982E-05 0.71756 0.162855 0.100047 0.0193377 9.9982E-05
0.0157746 0.742415 9.9982E-05 0.119462 0.122148 9.9982E-05
0.105415 0.516953 9.997E-05 0.377332 9.997E-05 9.997E-05
0.0448719 0.954728 9.9964E-05 9.9964E-05 9.9964E-05 9.9964E-05
9.9973E-05 0.69472 0.000396888 0.304583 9.9973E-05 9.9973E-05
9.9973E-05 0.201829 9.9973E-05 0.740305 0.0575661 9.9973E-05
0.0419964 0.707176 9.9982E-05 0.107659 0.142968 9.9982E-05
0.258818 0.0487395 0.107969 9.9982E-05 9.9982E-05 0.584274
9.99731E-05 9.99731E-05 0.0555447 0.108877 9.99731E-05 0.835278
9.9973E-05 0.0523754 9.9973E-05 0.072429 9.9973E-05 0.874896
0.349422 0.0726455 9.998E-05 9.998E-05 0.0613563 0.516376
0.184697 0.045653 9.998E-05 9.998E-05 0.266128 0.503321
9.99731E-05 9.99731E-05 9.99731E-05 0.0644955 0.709951 0.225254
0.517915 9.99821E-05 9.99821E-05 0.114939 0.169369 0.197577
0.497479 9.9982E-05 9.9982E-05 0.0993119 0.248601 0.154409
0.762953 9.9973E-05 9.9973E-05 9.9973E-05 0.13439 0.102357
0.303858 9.9973E-05 9.9973E-05 9.9973E-05 0.236874 0.458969
0.951615 0.0247447 9.9973E-05 0.02334 9.9973E-05 9.9973E-05
0.920463 9.9964E-05 0.079137 9.9964E-05 9.9964E-05 9.9964E-05
0.720223 9.997E-05 0.188569 9.997E-05 9.997E-05 0.0909075
0.812868 9.9991E-05 0.0700477 0.0134908 0.0475613 0.0559319
0.55196 9.9973E-05 9.9973E-05 0.0196776 0.428063 9.9973E-05
0.75408 9.9973E-05 0.0980082 9.9973E-05 0.147612 9.9973E-05
0.917915 0.0320631 9.9982E-05 0.0192065 9.9982E-05 0.030615
0.899444 0.00699829 0.093258 9.9973E-05 9.9973E-05 9.9973E-05
0.579002 9.9982E-05 0.208111 0.0202654 9.9982E-05 0.192421
0.0551946 9.9982E-05 0.0350685 9.9982E-05 0.251725 0.657812
0.158522 9.9982E-05 0.0555669 9.9982E-05 0.0507156 0.734995
9.9982E-05 0.00101433 0.0857446 9.9982E-05 0.0597631 0.853278
0.0762765 9.9982E-05 0.0562521 9.9982E-05 0.0283976 0.838874
0.282736 0.0331987 9.9982E-05 9.9982E-05 0.147385 0.53648
0.253349 0.0412985 0.0813636 9.9982E-05 9.9982E-05 0.623789
0.0703931 0.0598793 0.240196 9.9991E-05 0.00547032 0.623961
0.280401 0.0657556 9.9982E-05 9.9982E-05 0.00837578 0.645267
0.325022 0.0549073 9.9982E-05 9.9982E-05 0.0110679 0.608803
0.478767 0.00909912 9.9973E-05 9.9973E-05 9.9973E-05 0.511834
0.351064 0.0191408 0.0779041 9.9982E-05 9.9982E-05 0.551691
0.276879 9.9964E-05 9.9964E-05 9.9964E-05 9.9964E-05 0.722722
0.257668 9.998E-05 0.1377 9.998E-05 0.132493 0.471939
0.250682 0.0724579 9.998E-05 9.998E-05 0.0673213 0.609339
0.324816 9.9982E-05 0.114349 9.9982E-05 0.0695775 0.491058
0.377889 0.00615057 0.0054349 9.9991E-05 0.0659124 0.544514
0.261838 0.00231353 9.9982E-05 9.9982E-05 0.0442203 0.691428
0.169089 0.0277325 0.0382898 9.9982E-05 9.9982E-05 0.764688
0.383053 9.9973E-05 9.9973E-05 9.9973E-05 0.0580406 0.558607
9.9973E-05 9.9973E-05 0.039702 0.104397 9.9973E-05 0.855601
0.0952127 9.9991E-05 0.0229576 0.038869 0.0445261 0.798335
0.161397 9.9982E-05 0.0162546 0.0607607 9.9982E-05 0.761387
0.351657 0.00412797 9.9973E-05 9.9973E-05 9.9973E-05 0.643915
0.40347 0.0724112 0.0261465 9.9982E-05 9.9982E-05 0.497773
0.349674 0.0472559 0.0424589 9.9982E-05 9.9982E-05 0.560411
0.378749 0.0147134 9.9982E-05 9.9982E-05 0.0129178 0.59342
0.0885578 0.26131 0.128451 9.9982E-05 9.9982E-05 0.521482
0.196959 0.337429 9.9982E-05 0.0331972 9.9982E-05 0.432215
0.260228 9.997E-05 9.997E-05 9.997E-05 0.075343 0.664129
9.9973E-05 9.9973E-05 9.9973E-05 0.00170846 0.120457 0.877535
0.18968 9.9973E-05 9.9973E-05 0.112335 9.9973E-05 0.697685
0.0615229 9.9982E-05 0.0675968 0.0378176 9.9982E-05 0.832863
9.997E-05 9.997E-05 0.0408519 9.997E-05 0.173625 0.785223
0.280863 0.0399364 9.9982E-05 9.9982E-05 0.0259571 0.653043
0.108937 9.9991E-05 0.0351808 0.0458247 0.0465035 0.763454
0.268489 9.9982E-05 0.0594715 0.00136332 9.9982E-05 0.670476
0.210231 9.998E-05 0.055133 9.998E-05 0.147181 0.587255
0.00569173 9.9973E-05 9.9973E-05 0.0966661 9.9973E-05 0.897342
9.9982E-05 0.0911033 9.9982E-05 0.719977 0.0936165 0.0951031
0.0215512 0.417384 9.9973E-05 0.560764 9.9973E-05 9.9973E-05
0.00781734 0.263794 9.998E-05 0.602476 0.125713 9.998E-05
0.000277176 0.629897 9.9991E-05 0.234445 0.0805082 0.0547728
0.104885 0.707693 9.9991E-05 0.124217 0.0444812 0.0186234
9.9964E-05 0.768986 9.9964E-05 0.230614 9.9964E-05 9.9964E-05
0.0494197 0.327661 0.0259262 0.596793 9.9982E-05 9.9982E-05
0.0435625 0.174903 9.9973E-05 0.781235 9.9973E-05 9.9973E-05
9.996E-05 9.996E-05 9.996E-05 0.847636 0.151964 9.996E-05
9.9973E-05 0.656344 9.9973E-05 0.268296 9.9973E-05 0.0750597
9.99641E-05 0.953321 0.0462787 9.99641E-05 9.99641E-05 9.99641E-05
9.996E-05 0.969176 0.0304243 9.996E-05 9.996E-05 9.996E-05
0.0401127 0.922923 9.9973E-05 9.9973E-05 0.0366644 9.9973E-05
