0.208881 9.9991E-05 0.791019
0.547405 9.9991E-05 0.452495
0.190421 0.0639943 0.745584
0.154781 0.109054 0.736165
9.9991E-05 0.102434 0.897466
0.0362334 0.0886463 0.87512
0.597112 0.402788 9.9991E-05
0.332591 0.53008 0.137328
0.381307 0.618593 9.9991E-05
0.391257 0.608643 9.9991E-05
0.464112 0.535788 9.9991E-05
0.501295 0.498605 9.9991E-05
0.230891 0.769009 9.9991E-05
0.213485 0.786415 9.9991E-05
0.421987 0.577913 9.9991E-05
0.495004 0.504896 9.9991E-05
0.124516 0.114214 0.76127
0.442425 0.124354 0.433221
0.207105 0.257072 0.535823
9.9991E-05 0.262524 0.737376
0.289892 0.108593 0.601515
0.278561 0.205039 0.516401
0.306136 0.123607 0.570256
0.0357522 0.206467 0.757781
0.00385963 0.243078 0.753063
0.0589301 0.121228 0.819841
9.9991E-05 0.258998 0.740902
9.9991E-05 0.23461 0.76529
0.291675 0.0414146 0.666911
0.299732 0.11437 0.585898
0.622316 0.0275847 0.350099
0.2969 0.104167 0.598934
0.257651 0.0248038 0.717546
0.12662 0.231633 0.641747
0.510099 0.0982409 0.391661
0.18941 0.142996 0.667594
0.248104 0.40536 0.346536
0.115423 0.268588 0.61599
0.301044 0.195416 0.50354
0.103839 0.237659 0.658502
0.305421 9.9991E-05 0.694479
0.0569173 0.144309 0.798774
0.0605284 0.245865 0.693606
0.0977529 0.196601 0.705646
0.137824 0.0189209 0.843255
0.104426 0.138962 0.756613
0.524437 0.205931 0.269632
0.675857 0.0276887 0.296455
0.788783 9.9991E-05 0.211117
0.540083 9.9991E-05 0.459817
0.516822 0.110616 0.372562
0.304507 0.180112 0.515381
0.273532 0.237064 0.489404
0.178375 0.159342 0.662283
0.249344 0.153189 0.597467
9.9991E-05 0.264399 0.735501
0.282792 0.582799 0.134409
0.139545 0.703138 0.157317
9.9991E-05 0.916872 0.083028
0.270534 0.705554 0.0239117
0.174946 0.824954 9.9991E-05
0.190145 0.721321 0.0885341
0.834697 0.165203 9.9991E-05
0.550286 0.449614 9.9991E-05
0.404318 0.595582 9.9991E-05
0.280709 0.719191 9.9991E-05
0.304263 0.633464 0.0622731
0.0126118 0.985872 0.00151647
0.471662 0.528238 9.9991E-05
0.276132 0.723768 9.9991E-05
0.494896 0.45828 0.0468232
0.145886 0.797776 0.0563388
0.506201 0.493699 9.9991E-05
0.075229 0.84894 0.0758315
0.00601089 0.888166 0.105823
0.10458 0.858723 0.0366969
0.193543 0.782485 0.0239717
9.999E-05 0.9998 9.999E-05
0.11199 0.88791 9.9991E-05
0.505956 0.493944 9.9991E-05
0.131362 0.793515 0.0751233
9.9991E-05 0.0408437 0.959056
0.18122 9.9991E-05 0.81868
0.15739 0.0165367 0.826073
0.00711721 0.101662 0.89122
0.185689 0.0119508 0.80236
0.788326 9.9991E-05 0.211574
0.340762 9.9991E-05 0.659138
0.327431 0.00790671 0.664663
0.0720658 0.0605831 0.867351
0.227253 9.9991E-05 0.772647
9.9991E-05 0.146511 0.853389
9.9991E-05 0.127304 0.872596
9.9991E-05 0.116956 0.882944
0.0861514 0.0957379 0.818111
0.422281 0.0116151 0.566104
0.159856 0.0517025 0.788442
9.9991E-05 0.144262 0.855638
9.9991E-05 0.127741 0.872159
0.077383 0.0507492 0.871868
0.206684 9.9991E-05 0.793216
0.0781548 9.9991E-05 0.921745
0.117658 9.9991E-05 0.882242
0.149453 9.9991E-05 0.850447
0.162801 9.9991E-05 0.837099
9.9991E-05 0.0250971 0.974803
9.9991E-05 0.0623166 0.937583
9.9991E-05 0.0454867 0.954413
0.0178881 0.0498597 0.932252
9.9991E-05 0.0174551 0.982445
9.9991E-05 0.0380696 0.96183
9.999E-05 9.999E-05 0.9998
0.155279 9.9991E-05 0.844621
0.103481 0.042626 0.853893
0.152683 9.9991E-05 0.847217
0.0836978 0.000823253 0.915479
0.0437428 0.0120506 0.944207
9.9991E-05 0.00340896 0.996491
0.0784455 0.0111395 0.910415
0.267352 9.9991E-05 0.732548
0.223696 9.9991E-05 0.776204
0.103523 9.9991E-05 0.896377
9.999E-05 9.999E-05 0.9998
9.9991E-05 0.108234 0.891666
9.9991E-05 0.0477873 0.952113
0.00738598 0.0105801 0.982034
9.9991E-05 0.311595 0.688305
9.9991E-05 0.378556 0.621344
0.0992057 9.9991E-05 0.900694
0.216754 9.9991E-05 0.783146
0.239489 9.9991E-05 0.760411
0.170756 9.9991E-05 0.829144
0.317886 9.9991E-05 0.682014
0.0326562 9.9991E-05 0.967244
0.179696 9.9991E-05 0.820204
0.0193367 0.00703447 0.973629
0.143756 9.9991E-05 0.856144
0.211604 9.9991E-05 0.788296
0.618254 0.381646 9.9991E-05
0.310064 0.689836 9.9991E-05
0.462116 0.537784 9.9991E-05
0.158832 0.719982 0.121186
0.099322 0.773454 0.127224
0.066578 0.931491 0.00193147
0.307984 0.677517 0.0144986
0.485053 0.514847 9.9991E-05
0.888064 0.111836 9.9991E-05
0.0871027 0.845498 0.0673989
9.999E-05 0.9998 9.999E-05
9.999E-05 0.9998 9.999E-05
9.9991E-05 0.965818 0.0340825
