0.164028 9.9991E-05 0.416673 0.419199
0.542477 9.9991E-05 0.342031 0.115391
0.198273 9.9991E-05 0.412731 0.388896
0.111016 0.0328346 0.410068 0.446082
9.999E-05 0.0492614 0.70582 0.244819
9.9982E-05 9.9982E-05 0.43394 0.56586
0.550641 0.449159 9.9982E-05 9.9982E-05
0.296956 0.569199 0.10299 0.0308557
0.333248 0.666552 9.9982E-05 9.9982E-05
0.353995 0.634279 9.9991E-05 0.011626
0.454485 0.545315 9.9982E-05 9.9982E-05
0.454924 0.544876 9.9982E-05 9.9982E-05
0.229331 0.770469 9.9982E-05 9.9982E-05
0.180701 0.811966 9.9991E-05 0.00723332
0.413975 0.585825 9.9982E-05 9.9982E-05
0.472647 0.527153 9.9982E-05 9.9982E-05
0.0939822 0.0253133 0.290376 0.590328
0.385598 0.0488242 0.0442199 0.521358
0.137963 0.110359 9.9991E-05 0.751577
9.9991E-05 0.0751194 0.145244 0.779536
0.240494 9.99966E-05 0.197174 0.562232
0.179498 0.0155342 9.9991E-05 0.804867
0.276005 0.0450917 0.196113 0.48279
9.9991E-05 0.082585 0.338048 0.579267
9.9991E-05 0.0650488 0.11708 0.817771
0.0477988 9.9991E-05 0.22783 0.724271
9.9991E-05 0.104815 0.276132 0.618953
9.9991E-05 0.101758 0.331836 0.566305
0.266156 0.0277958 0.565898 0.14015
0.31139 0.0938749 0.349035 0.245701
0.538178 9.9991E-05 0.0023708 0.459352
0.230885 0.073442 0.342671 0.353002
0.154615 9.9991E-05 0.298528 0.546756
0.108604 0.0210317 0.034415 0.835949
0.37376 9.9982E-05 9.9982E-05 0.62604
0.126228 0.0367198 0.162571 0.674481
0.196512 0.306798 9.9991E-05 0.49659
0.0903783 0.111004 0.0690197 0.729598
0.260723 0.00872926 0.0187348 0.711813
0.0810137 0.0484479 9.9991E-05 0.870438
0.290248 9.9991E-05 0.325114 0.384538
0.0605342 0.0883096 0.448387 0.402769
0.0701476 0.137478 0.288758 0.503616
0.0824853 0.157652 0.57209 0.187772
0.127262 9.9991E-05 0.298631 0.574007
0.151417 9.9991E-05 0.1217 0.726783
0.359336 0.0255292 9.9991E-05 0.615035
0.649094 9.9991E-05 0.113351 0.237455
0.751118 9.9991E-05 0.0494509 0.199331
0.511714 9.9991E-05 0.215129 0.273056
0.449031 9.9982E-05 9.9982E-05 0.550769
0.268455 0.0560427 0.164295 0.511208
0.213499 0.0554658 0.00468614 0.726349
0.17162 9.9991E-05 0.0473041 0.780976
0.253379 9.9982E-05 9.9982E-05 0.746422
9.9991E-05 0.0726946 0.114233 0.812972
0.220798 0.55596 0.0774967 0.145745
0.119374 0.755887 0.0421795 0.0825603
9.9991E-05 0.943056 0.0390479 0.0177956
0.244935 0.72666 9.9991E-05 0.0283052
0.142971 0.856829 9.9982E-05 9.9982E-05
0.146691 0.753222 9.9991E-05 0.0999871
0.779004 0.220796 9.9982E-05 9.9982E-05
0.461537 0.475355 9.9991E-05 0.0630086
0.350604 0.649196 9.9982E-05 9.9982E-05
0.244903 0.754897 9.9982E-05 9.9982E-05
0.262201 0.609073 9.9991E-05 0.128626
9.99821E-05 0.931456 9.99821E-05 0.0683445
0.405998 0.593802 9.9982E-05 9.9982E-05
0.217195 0.743792 9.9991E-05 0.0389127
0.421864 0.477334 0.00908179 0.0917203
0.157445 0.742456 0.0518518 0.0482471
0.440143 0.559657 9.9982E-05 9.9982E-05
0.0969465 0.808381 0.033727 0.0609455
9.9982E-05 0.817074 9.9982E-05 0.182726
0.104049 0.84133 9.9991E-05 0.0545211
0.130633 0.825239 0.0440277 9.9991E-05
9.9982E-05 0.985674 0.014126 9.9982E-05
0.114179 0.885621 9.9982E-05 9.9982E-05
0.451336 0.548464 9.9982E-05 9.9982E-05
0.0682123 0.843154 0.0479419 0.0406919
9.9991E-05 0.0657659 0.83521 0.0989241
0.255003 9.9982E-05 0.744797 9.9982E-05
0.132529 0.0571372 0.810234 9.9991E-05
0.00942905 0.113494 0.818635 0.0584422
0.155426 0.0476758 0.774513 0.022385
0.744008 9.9982E-05 0.255792 9.9982E-05
0.265207 0.0549523 0.602975 0.0768657
0.340168 9.9991E-05 0.491163 0.168569
0.0608891 0.0649821 0.817235 0.0568934
0.266161 9.9982E-05 0.733639 9.9982E-05
9.9991E-05 0.151418 0.723683 0.124799
9.9991E-05 0.0521777 0.538218 0.409504
9.9991E-05 0.046773 0.645894 0.307233
0.0429586 0.0615149 0.611426 0.284101
0.392252 9.9991E-05 0.395166 0.212482
0.139055 9.9991E-05 0.474414 0.386431
9.9991E-05 0.133732 0.713836 0.152331
9.9991E-05 0.103834 0.589432 0.306634
0.0650118 0.0431119 0.635303 0.256573
0.208997 9.9991E-05 0.665208 0.125696
0.107285 9.9991E-05 0.853706 0.038909
0.111667 9.9991E-05 0.849411 0.0388221
0.164889 9.9982E-05 0.834911 9.9982E-05
0.138932 0.0470377 0.813931 9.9991E-05
9.9991E-05 0.0123364 0.824181 0.163382
9.9991E-05 0.00803715 0.712124 0.279739
9.9982E-05 0.0658564 0.933944 9.9982E-05
9.9991E-05 0.0875857 0.869633 0.0426812
9.9991E-05 0.0483358 0.900177 0.051387
9.9991E-05 0.0194043 0.837137 0.143359
9.998E-05 9.998E-05 0.9997 9.998E-05
0.147349 9.9991E-05 0.620933 0.231618
0.0995184 0.0597221 0.771973 0.0687869
0.109438 9.9991E-05 0.779709 0.110753
0.047456 0.0431925 0.803088 0.106263
0.0551738 0.00658597 0.93814 9.9991E-05
9.9982E-05 0.0215557 0.978244 9.9982E-05
0.0400024 0.0386509 0.921247 9.9991E-05
0.283313 9.9982E-05 0.716487 9.9982E-05
0.223 9.9982E-05 0.7768 9.9982E-05
0.116208 0.0201285 0.863563 9.9991E-05
9.9982E-05 0.0144473 0.985353 9.9982E-05
9.9991E-05 0.118607 0.793079 0.0882146
9.9991E-05 0.0675901 0.834687 0.0976229
0.0312573 0.0661153 0.902527 9.9991E-05
9.9991E-05 0.337674 0.639295 0.0229306
9.9982E-05 0.389962 0.609838 9.9982E-05
0.100283 9.9982E-05 0.899517 9.9982E-05
0.26733 9.9982E-05 0.73247 9.9982E-05
0.193761 0.00211401 0.804025 9.9991E-05
0.153293 9.9982E-05 0.846507 9.9982E-05
0.333819 9.9982E-05 0.665981 9.9982E-05
0.0310935 0.02424 0.944567 9.9991E-05
0.19187 9.9982E-05 0.80793 9.9982E-05
0.0593911 0.0265556 0.881019 0.0330339
0.188538 9.9991E-05 0.741923 0.0694395
0.200584 9.9982E-05 0.799216 9.9982E-05
0.579553 0.399887 0.0204602 9.9991E-05
0.284834 0.714966 9.9982E-05 9.9982E-05
0.409618 0.590182 9.9982E-05 9.9982E-05
0.128767 0.730156 0.140977 9.9991E-05
0.0130793 0.835108 0.151713 9.9991E-05
0.0253144 0.961433 0.0131531 9.9991E-05
0.307602 0.692198 9.9982E-05 9.9982E-05
0.450311 0.549489 9.9982E-05 9.9982E-05
0.860086 0.139714 9.9982E-05 9.9982E-05
0.0666491 0.841336 0.0919151 9.9991E-05
9.9982E-05 0.889581 9.9982E-05 0.110219
9.9982E-05 0.95299 9.9982E-05 0.0468103
9.9982E-05 0.912237 9.9982E-05 0.087563
