0.245653 9.998E-05 9.998E-05 0.159123 0.538298 0.0457169 0.0110084
0.224024 0.216141 9.9973E-05 9.9973E-05 0.355938 9.9973E-05 0.203598
0.205441 0.0584236 0.017514 0.262201 0.407063 0.0362586 0.013098
9.9982E-05 0.146584 0.0299832 0.522445 0.268754 0.0320341 9.9982E-05
0.412446 9.9973E-05 9.9973E-05 0.371878 0.0747602 0.140616 9.9973E-05
0.061292 0.00275958 9.9982E-05 0.447135 0.290779 0.197834 9.9982E-05
9.9964E-05 0.0390692 9.9964E-05 9.9964E-05 9.9964E-05 0.0492153 0.911316
0.132014 9.9973E-05 0.0906743 9.9973E-05 9.9973E-05 0.174887 0.602125
9.9973E-05 0.0182327 0.237804 0.0664343 9.9973E-05 9.9973E-05 0.677229
9.99641E-05 9.99641E-05 0.157092 9.99641E-05 9.99641E-05 0.0904401 0.752068
9.9964E-05 9.9964E-05 0.0339739 9.9964E-05 0.0724609 9.9964E-05 0.893165
0.0046477 9.9973E-05 9.9973E-05 0.0597724 9.9973E-05 0.0641673 0.871113
9.9964E-05 9.9964E-05 0.36777 0.0257188 9.9964E-05 9.9964E-05 0.606111
9.99641E-05 9.99641E-05 0.370037 9.99641E-05 9.99641E-05 0.086172 0.543392
9.997E-05 0.0232897 0.0961176 0.0427291 9.997E-05 9.997E-05 0.837564
0.0477535 9.99641E-05 0.0134432 9.99641E-05 9.99641E-05 9.99641E-05 0.938403
0.203788 0.0514983 9.9982E-05 0.131135 0.0172739 0.596104 9.9982E-05
0.00400635 0.438393 0.00286071 9.9982E-05 9.9982E-05 0.545848 0.00869104
9.998E-05 0.0576392 0.0338829 0.163006 0.307122 0.43815 9.998E-05
9.9955E-05 9.9955E-05 9.9955E-05 0.317485 9.9955E-05 0.682015 9.9955E-05
0.051934 0.267174 9.9973E-05 0.209961 9.9973E-05 0.470632 9.9973E-05
9.996E-05 0.231758 9.996E-05 0.029805 9.996E-05 0.738037 9.996E-05
0.147515 9.9973E-05 9.9973E-05 9.9973E-05 0.450769 0.240447 0.160969
0.240451 9.9973E-05 0.0661968 9.9973E-05 0.622606 0.0704463 9.9973E-05
0.0125483 9.9973E-05 9.9973E-05 0.116347 0.463214 0.407591 9.9973E-05
0.0929713 9.9973E-05 9.9973E-05 0.154698 0.273007 0.479023 9.9973E-05
0.182126 9.9973E-05 0.00630299 0.0755424 9.9973E-05 0.735728 9.9973E-05
0.173754 9.9982E-05 0.022886 0.275949 0.0500067 0.477204 9.9982E-05
0.501478 0.217257 9.9973E-05 9.9973E-05 9.9973E-05 0.247202 0.0337633
0.299738 0.286979 0.0430749 0.0302411 9.9991E-05 0.299721 0.0401457
9.998E-05 0.418476 9.998E-05 0.221651 0.0148242 0.175616 0.169233
0.0549963 0.179536 9.9982E-05 0.407567 9.9982E-05 0.2485 0.109201
0.0153984 0.14761 9.9982E-05 0.464445 0.0151649 0.357181 9.9982E-05
9.99639E-05 9.99639E-05 0.05 9.99639E-05 0.847511 0.102089 9.99639E-05
9.9964E-05 0.0300198 9.9964E-05 9.9964E-05 0.83092 9.9964E-05 0.13866
0.178927 0.014608 9.9991E-05 0.0682223 0.177719 0.504074 0.0563496
9.9973E-05 0.129791 0.333558 0.0980177 0.438334 9.9973E-05 9.9973E-05
0.00849227 9.9991E-05 0.0612196 0.115497 0.439541 0.357006 0.018144
9.997E-05 0.17002 0.0372724 9.997E-05 0.527913 0.264494 9.997E-05
9.9973E-05 0.0373188 9.9973E-05 0.142379 0.200375 0.619627 9.9973E-05
0.0925024 0.185403 9.997E-05 0.232743 0.489051 9.997E-05 9.997E-05
0.229218 0.048111 0.0981315 0.330652 0.293687 9.9982E-05 9.9982E-05
9.9982E-05 0.160984 0.128816 0.448493 0.208131 0.053377 9.9982E-05
0.304862 9.9973E-05 0.132857 0.207358 0.354623 9.9973E-05 9.9973E-05
0.0830999 0.0386477 9.9982E-05 0.410188 0.253212 0.214653 9.9982E-05
9.9973E-05 0.108844 9.9973E-05 0.393462 0.313226 0.184168 9.9973E-05
9.9973E-05 0.372548 0.0172354 9.9973E-05 9.9973E-05 0.597467 0.0124487
9.997E-05 0.674048 9.997E-05 0.0144787 9.997E-05 0.185548 0.125626
9.9955E-05 0.870045 9.9955E-05 9.9955E-05 9.9955E-05 0.129455 9.9955E-05
0.0993646 0.668335 9.9973E-05 9.9973E-05 0.111668 0.120333 9.9973E-05
9.99639E-05 0.553192 0.0277187 9.99639E-05 9.99639E-05 0.41869 9.99639E-05
0.212954 0.0775425 9.9982E-05 9.9982E-05 0.267996 0.341995 0.0993116
9.9973E-05 0.243784 0.0690483 9.9973E-05 0.0820064 0.604861 9.9973E-05
0.108974 0.0626366 9.9982E-05 0.00187014 0.436385 0.389934 9.9982E-05
0.146288 0.0108413 9.998E-05 9.998E-05 0.310572 0.474413 0.0576862
0.00341283 9.9982E-05 0.020922 0.243051 0.102452 0.629963 9.9982E-05
9.9964E-05 9.9964E-05 0.321166 9.9964E-05 0.294931 9.9964E-05 0.383504
0.0344456 9.997E-05 0.514839 9.997E-05 0.170862 9.997E-05 0.279554
0.0572243 9.9964E-05 0.891414 9.9964E-05 0.050962 9.9964E-05 9.9964E-05
9.9982E-05 0.023584 0.470857 9.9982E-05 0.042223 0.111334 0.351802
9.9964E-05 9.9964E-05 0.565742 0.0371276 9.9964E-05 9.9964E-05 0.396731
0.0143442 0.0973346 0.626891 9.998E-05 9.998E-05 0.0653609 0.19587
9.99639E-05 0.30455 9.99639E-05 9.99639E-05 0.0139239 9.99639E-05 0.681126
9.9973E-05 9.9973E-05 9.9973E-05 0.14142 0.0210751 0.0486247 0.78858
9.9964E-05 9.9964E-05 0.138763 0.106495 9.9964E-05 9.9964E-05 0.754342
9.9955E-05 9.9955E-05 0.402198 9.9955E-05 9.9955E-05 9.9955E-05 0.597303
9.9982E-05 0.0107656 0.276591 9.9982E-05 0.139177 0.0701069 0.50316
9.996E-05 9.996E-05 0.669738 9.996E-05 0.148781 9.996E-05 0.181082
9.9964E-05 9.9964E-05 0.170265 9.9964E-05 0.243586 9.9964E-05 0.585749
9.9973E-05 9.9973E-05 0.299417 9.9973E-05 0.0502878 0.069217 0.580778
9.9964E-05 9.9964E-05 9.9964E-05 0.138036 0.0962353 9.9964E-05 0.765329
9.998E-05 9.998E-05 0.48079 0.0390346 0.0490112 0.00673299 0.424231
0.074014 9.9973E-05 9.9973E-05 9.9973E-05 0.00094914 0.0310234 0.893714
9.9973E-05 9.9973E-05 0.568535 0.0216028 9.9973E-05 0.126291 0.283272
9.9973E-05 9.9973E-05 0.650318 0.00731668 9.9973E-05 0.21458 0.127485
9.9973E-05 0.131145 0.740112 9.9973E-05 9.9973E-05 0.0473818 0.0810611
9.9973E-05 0.00584491 0.514915 0.13028 9.9973E-05 9.9973E-05 0.34866
9.9964E-05 0.00219127 0.930208 0.0672011 9.9964E-05 9.9964E-05 9.9964E-05
9.9964E-05 9.9964E-05 0.680966 9.9964E-05 0.0225141 9.9964E-05 0.29612
9.997E-05 0.0543989 0.112717 9.997E-05 9.997E-05 0.0901739 0.74241
9.998E-05 0.171018 0.772771 0.00248888 0.000714895 9.998E-05 0.0528073
0.644391 9.9973E-05 0.0272703 0.183187 9.9973E-05 0.144852 9.9973E-05
0.691248 0.0318317 9.9973E-05 9.9973E-05 0.233957 9.9973E-05 0.042664
0.730108 9.997E-05 0.0168627 9.997E-05 0.194958 9.997E-05 0.0577709
0.506748 0.062539 0.056809 0.338321 9.998E-05 0.035383 9.998E-05
0.531444 0.239714 0.0296615 0.114454 9.998E-05 0.0845266 9.998E-05
0.0921691 0.907331 9.9955E-05 9.9955E-05 9.9955E-05 9.9955E-05 9.9955E-05
0.0899395 0.263638 9.998E-05 0.516199 0.0821844 9.998E-05 0.0478397
0.066187 0.280115 9.998E-05 0.422371 0.218496 9.998E-05 0.0126315
0.21858 0.109457 9.9964E-05 0.671564 9.9964E-05 9.9964E-05 9.9964E-05
0.337908 0.300052 9.9973E-05 0.327298 0.0344432 9.9973E-05 9.9973E-05
9.99551E-05 9.99551E-05 9.99551E-05 0.969552 9.99551E-05 9.99551E-05 0.0299486
9.9964E-05 9.9964E-05 9.9964E-05 0.934793 0.0214127 0.0433941 9.9964E-05
0.104303 9.9973E-05 9.9973E-05 0.708719 0.098999 0.0876792 9.9973E-05
0.0294315 0.0686515 9.9982E-05 0.792835 0.098861 9.9982E-05 0.0100214
9.99639E-05 0.459898 9.99639E-05 0.531748 9.99639E-05 9.99639E-05 0.00795481
9.9973E-05 0.139722 9.9973E-05 0.629936 0.112655 0.117388 9.9973E-05
0.108795 9.997E-05 0.0140168 0.862242 9.997E-05 9.997E-05 0.0146467
0.08011 9.9973E-05 9.9973E-05 0.838901 0.0523792 0.0283095 9.9973E-05
0.208826 9.9973E-05 9.9973E-05 0.592782 0.16854 9.9973E-05 0.0295518
0.579059 0.207046 9.998E-05 0.0223874 0.075867 0.11544 9.998E-05
0.730922 0.029198 9.9982E-05 0.0585821 0.173798 0.00730043 9.9982E-05
0.741409 0.0493194 9.9964E-05 9.9964E-05 0.208872 9.9964E-05 9.9964E-05
0.817849 0.0514911 9.9964E-05 9.9964E-05 0.13026 9.9964E-05 9.9964E-05
0.600289 0.17851 0.0443291 0.176573 9.9973E-05 9.9973E-05 9.9973E-05
0.625036 9.996E-05 9.996E-05 0.160676 9.996E-05 0.213888 9.996E-05
0.647184 9.9973E-05 9.9973E-05 0.0261048 0.0466158 0.279795 9.9973E-05
0.750504 9.997E-05 9.997E-05 0.130445 9.997E-05 0.106401 0.0123513
0.639769 9.9973E-05 0.0538483 0.244623 9.9973E-05 0.0614598 9.9973E-05
0.553022 9.9964E-05 9.9964E-05 0.363659 9.9964E-05 0.0829184 9.9964E-05
0.673877 9.9982E-05 0.00421965 0.239785 0.0206433 0.0612755 9.9982E-05
0.770226 9.9973E-05 0.0142035 0.202203 0.0130677 9.9973E-05 9.9973E-05
0.471867 0.160524 9.998E-05 0.177183 0.0971034 0.0931229 9.998E-05
0.602777 0.0776437 9.997E-05 0.149908 9.997E-05 0.169372 9.997E-05
0.524328 0.0393568 9.9982E-05 0.257264 0.137839 0.041012 9.9982E-05
0.592993 0.00331682 9.9982E-05 0.287735 0.0191801 0.0965752 9.9982E-05
0.745076 0.0398014 9.997E-05 0.162359 9.997E-05 0.0524639 9.997E-05
0.791904 9.9964E-05 9.9964E-05 0.105199 9.9964E-05 0.102497 9.9964E-05
0.52922 0.0907141 9.99729E-05 0.368703 9.99729E-05 0.0110629 9.99729E-05
0.658788 9.9955E-05 9.9955E-05 9.9955E-05 0.340713 9.9955E-05 9.9955E-05
0.598887 0.131428 9.9973E-05 0.0480779 0.221307 9.9973E-05 9.9973E-05
0.716248 0.0473352 0.0329548 0.103259 0.100002 9.9982E-05 9.9982E-05
0.696471 9.9955E-05 9.9955E-05 0.303029 9.9955E-05 9.9955E-05 9.9955E-05
0.550366 9.998E-05 0.0637583 0.310589 9.998E-05 0.0617588 0.0133286
0.559615 9.997E-05 0.0184898 0.286707 0.134888 9.997E-05 9.997E-05
0.679521 9.9964E-05 9.9964E-05 0.248087 9.9964E-05 0.0719924 9.9964E-05
0.552979 9.9991E-05 0.235121 0.00472252 0.0971448 0.0902389 0.0196935
0.522927 9.998E-05 0.355321 0.0774749 9.998E-05 0.00230488 0.0417723
0.754727 0.0931408 9.9964E-05 0.151733 9.9964E-05 9.9964E-05 9.9964E-05
0.674461 0.161932 9.99639E-05 9.99639E-05 0.163207 9.99639E-05 9.99639E-05
0.620796 9.997E-05 9.997E-05 0.0470114 0.292249 9.997E-05 0.0396443
0.742206 9.9955E-05 9.9955E-05 9.9955E-05 0.257294 9.9955E-05 9.9955E-05
0.589762 0.162337 9.9964E-05 9.9964E-05 0.247501 9.9964E-05 9.9964E-05
0.810198 0.0353233 0.0121464 0.135055 9.998E-05 0.00707758 9.998E-05
0.713071 0.0636183 9.9964E-05 9.9964E-05 0.22291 9.9964E-05 9.9964E-05
0.722859 9.9973E-05 9.9973E-05 0.190157 0.0855048 0.00117897 9.9973E-05
0.518131 0.176585 9.99729E-05 0.111758 0.193226 9.99729E-05 9.99729E-05
0.891369 0.0627188 9.9964E-05 9.9964E-05 9.9964E-05 9.9964E-05 0.0455123
0.0993612 0.204216 0.0393435 9.998E-05 0.0284983 9.998E-05 0.628381
9.997E-05 0.0594946 0.39901 9.997E-05 0.0172906 9.997E-05 0.523905
9.9973E-05 0.1329 0.284895 9.9973E-05 9.9973E-05 0.0376443 0.54426
0.0423704 0.125608 0.589412 0.00217621 9.999E-05 0.0273187 0.213015
0.044009 0.0134699 0.698049 0.089186 9.998E-05 9.998E-05 0.155086
0.00281111 0.0128153 0.792796 0.00954478 9.998E-05 9.998E-05 0.181832
0.0191464 9.998E-05 0.309761 0.0443344 0.0333377 9.998E-05 0.59322
9.9973E-05 0.0201618 0.109062 0.0700055 9.9973E-05 9.9973E-05 0.800471
9.99641E-05 0.288232 9.99641E-05 9.99641E-05 0.000196618 9.99641E-05 0.711171
0.0767425 0.039177 0.665016 9.997E-05 9.997E-05 9.997E-05 0.218765
9.99551E-05 9.99551E-05 0.943307 9.99551E-05 9.99551E-05 0.0561935 9.99551E-05
9.9955E-05 9.9955E-05 0.957207 9.9955E-05 0.0422935 9.9955E-05 9.9955E-05
0.00455413 9.997E-05 0.927581 0.0248847 9.997E-05 0.0426802 9.997E-05
