0.22714 0.00893347 0.397823 9.99639E-05 9.99639E-05 0.212816 9.99639E-05 0.152888 9.99639E-05
0.3816 0.082708 9.9973E-05 9.9973E-05 0.0630503 0.234653 0.23572 0.00196794 9.9973E-05
9.9955E-05 9.9955E-05 0.2326 9.9955E-05 9.9955E-05 0.252691 0.15516 0.35905 9.9955E-05
0.159451 0.00600834 0.156371 0.0215689 0.0671951 0.581022 9.9982E-05 9.9982E-05 0.00818306
9.9946E-05 9.9946E-05 0.232434 9.9946E-05 9.9946E-05 0.186153 9.9946E-05 0.580814 9.9946E-05
0.0751128 9.9964E-05 0.340837 9.9964E-05 0.00992162 0.495868 9.9964E-05 0.0778606 9.9964E-05
0.00507011 0.851112 9.9955E-05 9.9955E-05 0.0598542 9.9955E-05 0.0834637 9.9955E-05 9.9955E-05
9.9964E-05 0.698634 0.0644517 0.0200518 0.0437622 9.9964E-05 9.9964E-05 0.1727 9.9964E-05
9.9946E-05 0.843332 9.9946E-05 0.0645972 9.9946E-05 0.0914712 9.9946E-05 9.9946E-05 9.9946E-05
9.99461E-05 0.932001 0.0486544 9.99461E-05 0.0187453 9.99461E-05 9.99461E-05 9.99461E-05 9.99461E-05
9.9946E-05 0.826986 9.9946E-05 9.9946E-05 9.9946E-05 0.0459268 0.126488 9.9946E-05 9.9946E-05
9.99729E-05 0.429624 0.0426999 0.0817594 9.99729E-05 9.99729E-05 0.411122 0.0250988 0.00939601
9.9946E-05 0.567048 9.9946E-05 9.9946E-05 9.9946E-05 9.9946E-05 0.0941962 9.9946E-05 0.338156
9.9937E-05 0.690481 9.9937E-05 9.9937E-05 9.9937E-05 9.9937E-05 9.9937E-05 9.9937E-05 0.30882
9.9964E-05 0.916032 9.9964E-05 9.9964E-05 0.008528 0.0362697 9.9964E-05 0.0105342 0.0282358
9.99461E-05 0.853974 9.99461E-05 9.99461E-05 9.99461E-05 9.99461E-05 0.0995261 0.0459004 9.99461E-05
9.9955E-05 9.9955E-05 0.482421 9.9955E-05 0.12901 9.9955E-05 0.0267486 0.361321 9.9955E-05
9.9973E-05 9.9973E-05 0.131652 0.0540114 0.633448 0.0171722 9.9973E-05 0.125769 0.0376476
9.9964E-05 9.9964E-05 0.617468 9.9964E-05 0.158891 0.106357 0.0686213 9.9964E-05 0.0482626
9.9964E-05 9.9964E-05 0.50522 9.9964E-05 0.106522 0.133088 9.9964E-05 0.161574 0.0931964
9.99549E-05 9.99549E-05 0.219492 9.99549E-05 0.482243 0.0899644 9.99549E-05 0.207801 9.99549E-05
9.99549E-05 9.99549E-05 0.455465 0.0130783 0.424228 0.10673 9.99549E-05 9.99549E-05 9.99549E-05
0.0773977 9.9955E-05 0.513744 9.9955E-05 9.9955E-05 9.9955E-05 0.243796 0.164562 9.9955E-05
0.0858346 9.9955E-05 0.611105 9.9955E-05 9.9955E-05 9.9955E-05 0.0540805 0.24848 9.9955E-05
9.99551E-05 9.99551E-05 0.802608 9.99551E-05 9.99551E-05 0.0365504 9.99551E-05 0.148381 0.0119614
0.16199 9.9946E-05 0.597989 9.9946E-05 9.9946E-05 0.239422 9.9946E-05 9.9946E-05 9.9946E-05
9.9946E-05 9.9946E-05 0.543475 0.0823854 9.9946E-05 9.9946E-05 9.9946E-05 0.37354 9.9946E-05
9.9964E-05 9.9964E-05 0.470937 0.0226168 9.9964E-05 0.0886889 9.9964E-05 0.370458 0.0468996
0.171215 0.147856 9.9964E-05 9.9964E-05 0.238801 0.0370104 9.9964E-05 0.404718 9.9964E-05
0.129001 0.0637608 9.9973E-05 9.9973E-05 0.378867 0.0523432 9.9973E-05 0.283149 0.0925791
9.9946E-05 9.9946E-05 9.9946E-05 9.9946E-05 0.373783 0.324571 0.301046 9.9946E-05 9.9946E-05
9.99729E-05 9.99729E-05 0.0437032 0.0182542 0.204812 0.329512 0.131334 0.272085 9.99729E-05
9.9955E-05 9.9955E-05 0.179802 9.9955E-05 0.217865 0.484533 9.9955E-05 0.1173 9.9955E-05
0.148581 0.0466771 0.79735 9.9955E-05 9.9955E-05 9.9955E-05 0.00689219 9.9955E-05 9.9955E-05
0.0445635 9.9946E-05 0.594152 9.9946E-05 9.9946E-05 9.9946E-05 0.360685 9.9946E-05 9.9946E-05
9.999E-05 0.0197228 0.512109 0.0156004 0.103044 0.0467784 0.0403425 0.255346 0.0069569
9.9955E-05 9.9955E-05 0.294452 9.9955E-05 9.9955E-05 0.197309 0.324238 9.9955E-05 0.183502
9.9964E-05 9.9964E-05 0.721253 0.0434544 9.9964E-05 0.0026686 0.088299 0.143925 9.9964E-05
0.225059 0.0313126 0.507125 9.9973E-05 0.108288 9.9973E-05 0.0174364 9.9973E-05 0.110478
9.9973E-05 0.0352166 0.660546 0.0306994 0.11999 0.115841 9.9973E-05 0.037407 9.9973E-05
0.534309 9.9946E-05 0.120366 9.9946E-05 9.9946E-05 0.344725 9.9946E-05 9.9946E-05 9.9946E-05
0.279402 9.9973E-05 0.053885 9.9973E-05 0.0224593 0.472892 9.9973E-05 0.0419604 0.129102
0.023832 9.9964E-05 0.0774381 9.9964E-05 0.142209 0.590165 9.9964E-05 9.9964E-05 0.165955
0.54561 9.9964E-05 0.112806 0.0666077 9.9964E-05 0.166015 9.9964E-05 9.9964E-05 0.108562
0.175991 0.0459759 0.277663 9.99551E-05 9.99551E-05 0.49987 9.99551E-05 9.99551E-05 9.99551E-05
0.0720206 9.9964E-05 0.352938 9.9964E-05 0.0661027 0.481786 9.9964E-05 9.9964E-05 0.0267533
9.9946E-05 9.9946E-05 0.246474 0.0864373 0.666489 9.9946E-05 9.9946E-05 9.9946E-05 9.9946E-05
0.175047 9.9964E-05 9.9964E-05 0.0118265 0.731384 0.0123883 0.0689545 9.9964E-05 9.9964E-05
0.0870452 9.9946E-05 9.9946E-05 9.9946E-05 0.830518 9.9946E-05 0.0818369 9.9946E-05 9.9946E-05
0.412612 9.9937E-05 9.9937E-05 9.9937E-05 0.586688 9.9937E-05 9.9937E-05 9.9937E-05 9.9937E-05
9.9964E-05 9.9964E-05 0.107788 0.0486027 0.755545 0.0766773 9.9964E-05 0.0109871 9.9964E-05
0.33807 0.0696568 0.401893 0.0503026 0.139678 9.9964E-05 9.9964E-05 9.9964E-05 9.9964E-05
9.9955E-05 9.9955E-05 0.391687 9.9955E-05 0.464243 9.9955E-05 9.9955E-05 0.0719413 0.0716298
0.324481 9.9955E-05 0.529631 9.9955E-05 0.0371855 9.9955E-05 9.9955E-05 9.9955E-05 0.108203
0.314785 0.0242945 0.562835 9.99549E-05 0.0975859 9.99549E-05 9.99549E-05 9.99549E-05 9.99549E-05
9.99639E-05 9.99639E-05 0.553831 9.99639E-05 0.0161259 0.18567 9.99639E-05 0.146302 0.0976713
0.0952172 0.44714 0.206525 0.242022 9.9964E-05 9.9964E-05 0.00869556 9.9964E-05 9.9964E-05
0.0728498 0.464533 0.0354599 9.9964E-05 9.9964E-05 9.9964E-05 9.9964E-05 0.00872871 0.418028
9.9946E-05 9.9946E-05 0.00642885 0.644177 9.9946E-05 9.9946E-05 9.9946E-05 9.9946E-05 0.348794
0.0975454 0.242197 0.0362489 0.623509 9.9955E-05 9.9955E-05 9.9955E-05 9.9955E-05 9.9955E-05
9.9946E-05 0.134568 9.9946E-05 0.751668 9.9946E-05 9.9946E-05 0.113164 9.9946E-05 9.9946E-05
9.9946E-05 9.9946E-05 0.0352059 0.86034 0.103855 9.9946E-05 9.9946E-05 9.9946E-05 9.9946E-05
9.99459E-05 0.136687 9.99459E-05 9.99459E-05 0.145557 9.99459E-05 0.717156 9.99459E-05 9.99459E-05
9.99639E-05 9.99639E-05 0.0448297 0.00508183 9.99639E-05 0.00223502 0.736457 9.99639E-05 0.210997
9.9964E-05 0.538786 9.9964E-05 0.169108 9.9964E-05 0.0453751 0.214641 9.9964E-05 0.0316897
9.9955E-05 0.718966 9.9955E-05 0.0520301 9.9955E-05 9.9955E-05 0.00019029 9.9955E-05 0.228314
9.9964E-05 0.347144 0.0782746 9.9964E-05 9.9964E-05 0.0387206 0.254767 9.9964E-05 0.280694
9.99461E-05 0.270336 9.99461E-05 9.99461E-05 9.99461E-05 9.99461E-05 0.05107 9.99461E-05 0.677994
9.9955E-05 0.165397 0.0556562 9.9955E-05 9.9955E-05 9.9955E-05 0.527831 9.9955E-05 0.250616
9.9964E-05 0.281609 0.0733104 0.217822 9.9964E-05 9.9964E-05 0.193752 9.9964E-05 0.233108
9.9955E-05 0.0339044 0.122558 9.9955E-05 9.9955E-05 9.9955E-05 0.691117 9.9955E-05 0.151921
9.9973E-05 0.196673 0.0566892 0.190147 9.9973E-05 9.9973E-05 0.207036 0.0120887 0.337067
9.9964E-05 0.183443 0.0479197 0.138855 9.9964E-05 9.9964E-05 0.611588 0.0177944 9.9964E-05
9.9964E-05 9.9964E-05 9.9964E-05 0.51881 0.0474228 9.9964E-05 0.106524 0.0397644 0.287078
9.99459E-05 9.99459E-05 9.99459E-05 9.99459E-05 0.0338618 9.99459E-05 0.184021 9.99459E-05 0.781518
9.9964E-05 9.9964E-05 9.9964E-05 0.692362 0.10149 0.0254123 0.00295327 9.9964E-05 0.177382
9.99549E-05 9.99549E-05 9.99549E-05 0.466533 9.99549E-05 0.0315107 0.264619 9.99549E-05 0.236837
9.9937E-05 9.9937E-05 9.9937E-05 0.692542 9.9937E-05 9.9937E-05 9.9937E-05 9.9937E-05 0.306758
9.9955E-05 0.270135 0.0223204 0.543583 9.9955E-05 9.9955E-05 9.9955E-05 9.9955E-05 0.163462
9.99549E-05 0.146316 9.99549E-05 0.351861 0.111533 9.99549E-05 0.389791 9.99549E-05 9.99549E-05
9.99641E-05 0.0136109 9.99641E-05 0.735592 0.0670981 0.0490633 9.99641E-05 9.99641E-05 0.134236
0.023204 9.99641E-05 0.134997 9.99641E-05 9.99641E-05 0.00803276 9.99641E-05 0.818503 0.0148631
0.725059 9.9946E-05 9.9946E-05 0.100836 9.9946E-05 9.9946E-05 9.9946E-05 0.173505 9.9946E-05
0.613146 9.994E-05 9.994E-05 0.0856599 9.994E-05 9.994E-05 9.994E-05 0.300594 9.994E-05
9.9955E-05 9.9955E-05 9.9955E-05 9.9955E-05 0.130872 0.0930664 9.9955E-05 0.699715 0.0758464
0.125294 0.0289843 9.9955E-05 9.9955E-05 0.266838 9.9955E-05 9.9955E-05 0.578384 9.9955E-05
0.349506 9.99461E-05 9.99461E-05 9.99461E-05 0.407151 9.99461E-05 0.242744 9.99461E-05 9.99461E-05
0.121527 9.99641E-05 9.99641E-05 9.99641E-05 0.0148255 0.667044 0.164305 0.0318982 9.99641E-05
0.323104 0.0333909 9.9964E-05 9.9964E-05 0.0724863 0.487677 0.0829422 9.9964E-05 9.9964E-05
0.0405834 9.9964E-05 9.9964E-05 9.9964E-05 0.0306046 0.593767 0.021793 0.312852 9.9964E-05
0.227891 9.9964E-05 9.9964E-05 9.9964E-05 0.0649767 0.258696 0.126109 0.321927 9.9964E-05
9.9946E-05 9.9946E-05 9.9946E-05 9.9946E-05 9.9946E-05 0.740179 9.9946E-05 0.214167 0.045054
9.9955E-05 9.9955E-05 0.00679899 9.9955E-05 9.9955E-05 0.92757 9.9955E-05 0.0199984 0.0451331
9.99549E-05 0.0240051 0.117174 9.99549E-05 9.99549E-05 0.534097 9.99549E-05 0.324224 9.99549E-05
0.0014852 9.9973E-05 0.0345534 0.0156208 9.9973E-05 0.609059 0.0792334 0.259748 9.9973E-05
9.99459E-05 0.0139646 9.99459E-05 9.99459E-05 0.343871 0.641565 9.99459E-05 9.99459E-05 9.99459E-05
0.037996 0.0554128 0.0382334 9.9973E-05 0.0376394 0.769522 9.9973E-05 0.0608965 9.9973E-05
9.9946E-05 9.9946E-05 9.9946E-05 9.9946E-05 9.9946E-05 0.671789 9.9946E-05 0.267631 0.0599807
9.9964E-05 9.9964E-05 0.0530427 9.9964E-05 9.9964E-05 0.642722 0.0240938 0.266752 0.0129897
0.194858 0.00389756 0.0982701 9.9973E-05 9.9973E-05 0.507859 0.00102875 0.193787 9.9973E-05
0.372565 9.9955E-05 9.9955E-05 9.9955E-05 0.215179 0.018745 9.9955E-05 0.393011 9.9955E-05
0.330295 9.995E-05 9.995E-05 9.995E-05 0.0457795 0.0907466 9.995E-05 0.53268 9.995E-05
0.393562 9.9955E-05 0.0500725 9.9955E-05 0.0473276 9.9955E-05 9.9955E-05 0.508538 9.9955E-05
0.598179 9.9937E-05 9.9937E-05 9.9937E-05 9.9937E-05 9.9937E-05 9.9937E-05 0.401122 9.9937E-05
9.9946E-05 9.9946E-05 9.9946E-05 9.9946E-05 0.178348 9.9946E-05 0.0419851 0.779067 9.9946E-05
9.9946E-05 9.9946E-05 0.0776607 9.9946E-05 0.087945 9.9946E-05 9.9946E-05 0.833795 9.9946E-05
9.9946E-05 9.9946E-05 0.225958 9.9946E-05 0.129029 9.9946E-05 9.9946E-05 0.644413 9.9946E-05
9.9946E-05 9.9946E-05 9.9946E-05 9.9946E-05 0.107612 9.9946E-05 9.9946E-05 0.889525 0.00226374
9.9964E-05 9.9964E-05 9.9964E-05 9.9964E-05 0.060573 0.0729294 0.00275743 0.841835 0.021505
0.0815101 9.99549E-05 9.99549E-05 9.99549E-05 9.99549E-05 0.192941 0.0155564 0.709493 9.99549E-05
0.0192929 9.9955E-05 0.0727352 9.9955E-05 9.9955E-05 0.0811964 9.9955E-05 0.826276 9.9955E-05
0.0453129 9.9955E-05 0.0527107 9.9955E-05 9.9955E-05 0.0209298 9.9955E-05 0.880547 9.9955E-05
0.308464 9.996E-05 0.0366088 9.996E-05 0.0820492 0.315653 9.996E-05 0.256825 9.996E-05
0.253505 9.996E-05 9.996E-05 0.028725 0.130067 0.0629573 9.996E-05 0.524347 9.996E-05
0.204797 9.9973E-05 0.0585454 9.9973E-05 0.0333811 0.204091 0.0185962 0.480289 9.9973E-05
9.99641E-05 9.99641E-05 0.0234598 9.99641E-05 0.0941288 0.0970083 0.02861 0.756393 9.99641E-05
0.195585 0.0232963 9.99641E-05 9.99641E-05 0.0314542 0.060195 9.99641E-05 0.68907 9.99641E-05
0.0253753 9.99461E-05 0.0484878 9.99461E-05 9.99461E-05 9.99461E-05 9.99461E-05 0.925537 9.99461E-05
0.11129 9.99549E-05 9.99549E-05 9.99549E-05 0.0381597 0.221374 9.99549E-05 0.628677 9.99549E-05
0.49207 9.9946E-05 9.9946E-05 9.9946E-05 9.9946E-05 9.9946E-05 0.139687 0.367644 9.9946E-05
0.513342 9.9955E-05 9.9955E-05 9.9955E-05 9.9955E-05 0.0167635 0.0844748 0.38492 9.9955E-05
0.27485 9.9946E-05 9.9946E-05 9.9946E-05 9.9946E-05 9.9946E-05 0.111192 0.613358 9.9946E-05
0.0828824 9.9946E-05 9.9946E-05 9.9946E-05 9.9946E-05 0.172278 9.9946E-05 0.74424 9.9946E-05
0.0451348 9.9973E-05 0.00808092 9.9973E-05 9.9973E-05 0.165714 0.0458723 0.686959 0.0479397
0.0890654 9.9964E-05 0.0495685 0.0433271 9.9964E-05 0.10451 9.9964E-05 0.713129 9.9964E-05
0.0291988 9.9964E-05 9.9964E-05 9.9964E-05 0.042643 0.0422177 0.0237068 0.861834 9.9964E-05
9.9955E-05 0.123083 0.17195 0.128387 9.9955E-05 9.9955E-05 9.9955E-05 0.576081 9.9955E-05
9.9955E-05 0.0160928 9.9955E-05 0.335703 9.9955E-05 9.9955E-05 0.0249772 0.622727 9.9955E-05
0.14376 9.9946E-05 9.9946E-05 9.9946E-05 0.107766 9.9946E-05 9.9946E-05 0.747875 9.9946E-05
0.611774 9.99459E-05 9.99459E-05 9.99459E-05 0.0382996 9.99459E-05 9.99459E-05 0.349327 9.99459E-05
0.397003 0.0169376 9.9955E-05 9.9955E-05 9.9955E-05 9.9955E-05 0.127191 0.458369 9.9955E-05
0.520028 0.0323743 0.00928663 9.9964E-05 9.9964E-05 0.073619 9.9964E-05 0.364292 9.9964E-05
0.860762 9.99459E-05 9.99459E-05 9.99459E-05 0.0471896 9.99459E-05 9.99459E-05 0.0914484 9.99459E-05
0.145568 9.9946E-05 9.9946E-05 9.9946E-05 0.0910016 9.9946E-05 9.9946E-05 0.762831 9.9946E-05
0.624525 9.9955E-05 0.00924277 9.9955E-05 9.9955E-05 9.9955E-05 9.9955E-05 0.356954 0.00877818
0.323975 9.9955E-05 9.9955E-05 9.9955E-05 9.9955E-05 0.122619 9.9955E-05 0.546883 0.00602324
0.339291 9.9964E-05 0.0234137 9.9964E-05 0.0878965 0.1811 9.9964E-05 0.367898 9.9964E-05
0.373041 9.9955E-05 9.9955E-05 9.9955E-05 0.00480951 9.9955E-05 0.0794671 0.542183 9.9955E-05
0.0988052 9.9946E-05 9.9946E-05 0.253536 9.9946E-05 9.9946E-05 0.647059 9.9946E-05 9.9946E-05
0.0346646 0.186485 9.9973E-05 0.540232 9.9973E-05 0.0401395 0.177941 0.020238 9.9973E-05
9.99549E-05 0.250203 9.99549E-05 0.410178 0.118086 9.99549E-05 0.221033 9.99549E-05 9.99549E-05
0.0382705 0.139163 9.9964E-05 0.747522 9.9964E-05 0.0642309 9.9964E-05 0.0104138 9.9964E-05
9.9964E-05 0.0840078 9.9964E-05 0.716917 9.9964E-05 0.0564714 9.9964E-05 0.0650505 0.0771535
9.9946E-05 0.0546051 9.9946E-05 0.845842 9.9946E-05 9.9946E-05 9.9946E-05 9.9946E-05 0.0989536
0.019744 0.190636 9.9964E-05 0.214021 9.9964E-05 9.9964E-05 0.349791 9.9964E-05 0.225407
9.9955E-05 0.183021 9.9955E-05 0.194402 9.9955E-05 9.9955E-05 0.561041 9.9955E-05 0.0610363
0.0451532 9.99371E-05 9.99371E-05 9.99371E-05 9.99371E-05 9.99371E-05 0.954147 9.99371E-05 9.99371E-05
9.9964E-05 0.127708 9.9964E-05 0.535524 9.9964E-05 9.9964E-05 0.0106792 0.0973602 0.228329
9.993E-05 9.993E-05 9.993E-05 9.993E-05 9.993E-05 9.993E-05 9.993E-05 9.993E-05 0.999201
9.9937E-05 9.9937E-05 9.9937E-05 0.523743 9.9937E-05 9.9937E-05 9.9937E-05 9.9937E-05 0.475557
9.9964E-05 9.9964E-05 9.9964E-05 0.253146 0.0126867 0.0651926 9.9964E-05 0.00943123 0.659143
