0.228608 0.0325493 0.254926 0.446439 0.0373777 9.9991E-05
0.103413 0.204336 0.395526 0.0788194 0.217805 9.9991E-05
0.435497 0.14471 0.108244 0.287199 0.0100309 0.0143191
0.396067 0.164378 0.0613312 0.355023 9.9991E-05 0.0231003
0.761124 9.9973E-05 9.9973E-05 0.236061 9.9973E-05 0.00251486
0.38025 0.0680897 0.0865477 0.464913 9.9982E-05 9.9982E-05
9.9973E-05 0.0532081 0.0233505 9.9973E-05 0.923141 9.9973E-05
0.115562 9.9991E-05 0.0644067 0.0283797 0.698718 0.092834
0.0218599 9.9982E-05 0.0331769 9.9982E-05 0.790856 0.153907
9.9973E-05 9.9973E-05 9.9973E-05 0.0741461 0.803569 0.121985
9.9973E-05 9.9973E-05 0.0891876 9.9973E-05 0.889654 0.020858
0.0791026 9.9973E-05 9.9973E-05 0.0218628 0.898735 9.9973E-05
0.0202497 9.9973E-05 9.9973E-05 9.9973E-05 0.651089 0.328361
9.9973E-05 9.9973E-05 9.9973E-05 0.045789 0.591734 0.362177
0.0108717 0.0632711 9.9982E-05 9.9982E-05 0.797931 0.127727
9.99641E-05 9.99641E-05 0.0491475 9.99641E-05 0.950453 9.99641E-05
0.33594 0.166511 9.9982E-05 0.473662 0.0236872 9.9982E-05
0.0557949 0.601319 9.9982E-05 0.244815 9.9982E-05 0.0978708
0.0750149 0.224611 9.9982E-05 0.616892 9.9982E-05 0.0832822
0.22646 0.107041 9.9982E-05 0.590924 9.9982E-05 0.0753752
0.219596 0.416636 9.9982E-05 0.301438 9.9982E-05 0.0621297
9.9973E-05 0.374084 9.9973E-05 0.578536 9.9973E-05 0.0470802
0.0043612 9.9982E-05 0.299087 0.52769 0.168662 9.9982E-05
0.118728 9.9982E-05 0.240311 0.608575 9.9982E-05 0.0321859
0.0708615 9.9982E-05 0.0874548 0.830035 9.9982E-05 0.0114484
0.0830997 9.9973E-05 0.196976 0.719625 9.9973E-05 9.9973E-05
0.364812 9.9973E-05 9.9973E-05 0.549651 9.9973E-05 0.0852371
0.435293 9.9973E-05 9.9973E-05 0.496164 9.9973E-05 0.0682437
0.364348 0.303009 0.192036 0.100077 9.9991E-05 0.040431
0.265744 0.418236 0.0736932 0.13179 0.0532419 0.057295
0.0673791 0.615405 9.9982E-05 0.223493 0.0935231 9.9982E-05
0.457235 0.289298 9.9982E-05 0.172729 0.0805373 9.9982E-05
0.335234 0.339315 9.9973E-05 0.325152 9.9973E-05 9.9973E-05
9.9973E-05 9.9973E-05 0.108311 0.831336 0.060053 9.9973E-05
9.9982E-05 0.0265135 0.139259 0.620337 0.213691 9.9982E-05
0.250438 0.127399 9.9982E-05 0.550331 0.0716323 9.9982E-05
9.9982E-05 0.210574 9.9982E-05 0.434488 0.133719 0.221019
0.159715 0.0218849 9.9991E-05 0.6688 0.119906 0.0295939
9.9991E-05 0.159848 0.118879 0.617136 0.093654 0.0103827
0.108183 0.112583 9.9991E-05 0.721083 0.00227725 0.0557739
9.9973E-05 0.100801 0.496332 0.402567 9.9973E-05 9.9973E-05
0.422326 0.11988 0.0774817 0.315308 9.9991E-05 0.0649051
0.361439 0.187644 9.9982E-05 0.315384 9.9982E-05 0.135334
0.220474 9.9982E-05 0.424871 0.208868 9.9982E-05 0.145587
0.318572 0.0384136 0.166708 0.476106 9.9982E-05 9.9982E-05
0.170069 0.193254 9.9973E-05 0.636376 9.9973E-05 9.9973E-05
9.9973E-05 0.604698 9.9973E-05 0.301869 9.9973E-05 0.0931335
9.9991E-05 0.786895 0.0981785 0.0385294 0.00309435 0.0732029
9.9964E-05 0.935458 0.0641421 9.9964E-05 9.9964E-05 9.9964E-05
9.9973E-05 0.687095 0.194004 0.118601 9.9973E-05 9.9973E-05
9.99729E-05 0.729906 9.99729E-05 0.219539 9.99729E-05 0.050255
9.9991E-05 0.124072 0.34997 0.409185 0.0468165 0.0698569
0.028145 0.384332 0.00890242 0.481755 9.9991E-05 0.0967659
9.9982E-05 0.0189516 0.280574 0.659454 9.9982E-05 0.0408197
9.9991E-05 0.0307209 0.304295 0.608322 0.0424205 0.0141417
0.226553 0.0148065 9.9982E-05 0.649131 9.9982E-05 0.109309
9.9982E-05 9.9982E-05 0.121453 0.192987 0.452134 0.233226
0.0528022 9.9991E-05 0.00735015 0.148409 0.378173 0.413166
9.9964E-05 9.9964E-05 0.0879069 9.9964E-05 9.9964E-05 0.911693
9.9982E-05 0.0353863 0.121719 9.9982E-05 0.298926 0.543768
9.9973E-05 9.9973E-05 0.0360341 9.9973E-05 0.385728 0.577938
9.9982E-05 0.16163 0.0396638 9.9982E-05 0.134396 0.664111
9.99639E-05 0.297734 9.99639E-05 9.99639E-05 0.701866 9.99639E-05
0.0585504 0.101792 9.9991E-05 0.0692626 0.708164 0.0621312
0.100549 9.9973E-05 9.9973E-05 9.9973E-05 0.776561 0.12259
9.9973E-05 9.9973E-05 9.9973E-05 0.00895782 0.695887 0.294856
0.00677348 9.9982E-05 9.9982E-05 0.182955 0.542866 0.267206
9.99731E-05 9.99731E-05 9.99731E-05 0.106631 0.276413 0.616656
9.9982E-05 9.9982E-05 0.0549822 0.0924691 0.63223 0.220119
9.9973E-05 9.9973E-05 9.9973E-05 0.050546 0.597516 0.351638
0.0470686 9.9973E-05 9.9973E-05 0.153782 0.79885 9.9973E-05
0.0464149 9.9982E-05 9.9982E-05 0.0942024 0.454915 0.404268
0.111076 9.9973E-05 9.9973E-05 9.9973E-05 0.851508 0.0371161
0.0252264 0.112137 9.9982E-05 9.9982E-05 0.172952 0.689484
9.9973E-05 9.9973E-05 9.9973E-05 0.186639 0.133365 0.679695
9.9973E-05 0.18936 9.9973E-05 9.9973E-05 0.0648731 0.745467
0.070215 0.0514015 9.9982E-05 9.9982E-05 0.30958 0.568603
0.0647016 9.9964E-05 9.9964E-05 9.9964E-05 9.9964E-05 0.934899
9.9973E-05 9.9973E-05 0.0342774 9.9973E-05 0.29993 0.665493
9.9973E-05 0.151731 9.9973E-05 9.9973E-05 0.67914 0.168829
9.9973E-05 0.213223 9.9973E-05 9.9973E-05 0.0455746 0.740903
0.778975 0.0402223 0.0757619 0.0821038 9.9991E-05 0.0228365
0.0326185 9.9973E-05 0.851097 9.9973E-05 9.9973E-05 0.115984
0.161315 9.9973E-05 0.741824 9.9973E-05 9.9973E-05 0.0965617
0.816346 0.118405 0.0135165 9.9991E-05 0.0180951 0.0335374
0.606598 0.307517 0.0855846 9.9973E-05 9.9973E-05 9.9973E-05
9.99641E-05 0.782011 0.217589 9.99641E-05 9.99641E-05 9.99641E-05
0.428236 0.278488 0.198186 9.9982E-05 0.0948897 9.9982E-05
0.331279 0.240103 0.301577 0.0331994 0.0937418 9.9991E-05
0.780174 0.205435 9.9973E-05 9.9973E-05 9.9973E-05 0.0140906
0.49892 0.280609 0.220171 9.9973E-05 9.9973E-05 9.9973E-05
0.827454 0.0457155 9.9973E-05 9.9973E-05 9.9973E-05 0.126531
0.675807 0.0117122 9.9982E-05 0.288044 9.9982E-05 0.024237
0.721276 0.0223483 9.9982E-05 0.219498 0.0366781 9.9982E-05
0.673344 0.13219 9.9991E-05 0.123521 0.0256011 0.0452436
0.447382 0.541767 9.9973E-05 9.9973E-05 0.0105506 9.9973E-05
0.514751 0.234391 9.9973E-05 0.250559 9.9973E-05 9.9973E-05
0.808715 9.9982E-05 9.9982E-05 0.130605 0.0479322 0.0125481
0.728534 0.0085285 9.9982E-05 0.225582 9.9982E-05 0.0371561
0.591643 9.9982E-05 0.135955 0.219232 0.0529696 9.9982E-05
0.412192 0.241667 0.317028 0.0289123 9.9982E-05 9.9982E-05
0.553059 0.0272727 0.406363 0.0131055 9.9982E-05 9.9982E-05
0.329204 0.0181807 0.586587 0.039361 9.9991E-05 0.0265664
0.453871 9.9964E-05 0.545729 9.9964E-05 9.9964E-05 9.9964E-05
0.765588 0.234012 9.9964E-05 9.9964E-05 9.9964E-05 9.9964E-05
0.867381 0.0373457 9.9973E-05 0.094973 9.9973E-05 9.9973E-05
0.582556 0.0957556 0.11677 0.204719 9.9982E-05 9.9982E-05
0.904814 0.0514105 0.0434757 9.99794E-05 9.99794E-05 9.99794E-05
0.914519 0.0596138 0.00137994 9.9991E-05 0.023383 0.00100464
0.865475 0.00258342 0.0844865 0.0472555 9.9982E-05 9.9982E-05
0.797314 9.9973E-05 0.0935249 0.108862 9.9973E-05 9.9973E-05
0.847649 9.9964E-05 0.151951 9.9964E-05 9.9964E-05 9.9964E-05
0.433364 0.143221 0.292999 0.130215 9.9982E-05 9.9982E-05
0.512884 0.0568208 0.343991 9.9982E-05 9.9982E-05 0.0861037
0.60871 0.102315 0.210201 0.0785739 9.9982E-05 9.9982E-05
0.755619 0.0994229 0.10659 0.0381683 9.9982E-05 9.9982E-05
0.761311 0.0728531 0.165536 9.9973E-05 9.9973E-05 9.9973E-05
0.802439 9.9964E-05 0.197161 9.9964E-05 9.9964E-05 9.9964E-05
0.788076 0.127012 0.084612 9.9973E-05 9.9973E-05 9.9973E-05
0.230266 9.9982E-05 0.70823 0.0191189 0.0421852 9.9982E-05
0.353814 0.0399099 0.588822 9.9982E-05 0.0172547 9.9982E-05
0.484707 0.000285589 0.480359 9.9982E-05 9.9982E-05 0.0344482
0.82211 9.9973E-05 0.17066 0.00693044 9.9973E-05 9.9973E-05
0.813913 0.00168643 0.03671 0.0750057 0.0686056 0.00407924
0.713274 9.9982E-05 0.21166 0.0354741 9.9982E-05 0.0393925
0.813932 0.0738742 0.111894 9.9973E-05 9.9973E-05 9.9973E-05
0.523544 9.9991E-05 0.126806 0.115464 0.123329 0.110757
0.574473 9.9982E-05 0.0861196 9.9982E-05 0.0949694 0.244238
0.656539 0.117814 0.225346 9.9973E-05 9.9973E-05 9.9973E-05
0.264095 0.0603165 0.675289 9.9973E-05 9.9973E-05 9.9973E-05
0.459581 9.9973E-05 0.459438 9.9973E-05 0.0806817 9.9973E-05
0.402812 9.9973E-05 0.56731 9.9973E-05 0.0295788 9.9973E-05
0.0129091 0.0992679 0.886822 0.000801035 9.9982E-05 9.9982E-05
0.771386 0.102561 0.125752 9.9973E-05 9.9973E-05 9.9973E-05
0.383071 0.0107168 0.600318 0.00569457 9.9982E-05 9.9982E-05
0.630602 9.9982E-05 0.304289 0.0632532 0.00165547 9.9982E-05
0.40363 0.159285 0.357973 0.078912 9.9982E-05 9.9982E-05
0.466301 0.0341323 0.499267 9.9973E-05 9.9973E-05 9.9973E-05
9.9982E-05 0.195047 0.132458 9.9982E-05 0.580795 0.0915
9.9982E-05 0.0634543 0.0197343 9.9982E-05 0.51999 0.396621
9.9973E-05 0.183359 9.9973E-05 9.9973E-05 0.55266 0.263681
9.9982E-05 0.07791 0.130726 9.9982E-05 0.118172 0.672992
0.088489 0.0639738 0.00175425 9.9991E-05 0.134569 0.711114
0.00523041 0.0404868 9.9982E-05 9.9982E-05 0.153571 0.800512
0.0418995 9.9982E-05 0.0554281 9.9982E-05 0.574071 0.328401
0.0836828 0.00165752 9.9982E-05 9.9982E-05 0.815027 0.0994331
9.99731E-05 0.226217 0.106862 9.99731E-05 0.666621 9.99731E-05
0.114354 0.00674248 9.9982E-05 9.9982E-05 0.23772 0.640983
9.99641E-05 9.99641E-05 9.99641E-05 0.0607932 9.99641E-05 0.938807
9.9973E-05 9.9973E-05 0.0160269 0.0626953 9.9973E-05 0.920978
0.0772749 9.9973E-05 9.9973E-05 9.9973E-05 0.021153 0.901272
