0.360272 0.557647 9.9982E-05 9.9982E-05 0.0818809
0.40887 0.0825805 0.166225 9.9991E-05 0.342224
0.459468 0.364817 0.0459014 9.9991E-05 0.129714
0.359985 0.45767 0.124016 0.0582287 9.9991E-05
0.681119 0.276022 9.9982E-05 0.0426599 9.9982E-05
0.390945 0.530185 0.044384 0.0343855 9.9991E-05
9.9982E-05 9.9982E-05 0.0046013 0.0363975 0.958801
0.095424 0.0378756 0.0127557 0.191019 0.662925
9.9973E-05 9.9973E-05 9.9973E-05 0.267908 0.731792
9.9982E-05 0.0456153 9.9982E-05 0.275134 0.67905
9.9973E-05 9.9973E-05 9.9973E-05 0.111265 0.888436
0.0227317 0.0572412 9.9991E-05 0.135974 0.783953
9.9973E-05 9.9973E-05 9.9973E-05 0.450935 0.548765
9.9973E-05 9.9973E-05 9.9973E-05 0.464791 0.534909
9.9982E-05 0.0299219 9.9982E-05 0.22609 0.743789
9.99731E-05 9.99731E-05 9.99731E-05 0.0909527 0.908747
0.327029 0.492887 0.136092 0.0421875 0.00180415
9.9982E-05 0.270528 0.600016 0.129255 9.9982E-05
9.9982E-05 0.731121 0.18075 0.0879294 9.9982E-05
0.115667 0.633931 0.120081 0.130221 9.9991E-05
0.150108 0.410773 0.369556 0.0694631 9.9991E-05
9.9982E-05 0.607113 0.308179 0.0845086 9.9982E-05
0.171744 0.512494 9.9982E-05 9.9982E-05 0.315562
0.271381 0.654889 9.9982E-05 9.9982E-05 0.0735303
0.0800374 0.901306 9.9982E-05 9.9982E-05 0.0184562
0.168191 0.813186 0.0184234 9.9982E-05 9.9982E-05
0.295386 0.524541 9.9982E-05 0.179873 9.9982E-05
0.3451 0.525201 9.9991E-05 0.102846 0.0267532
0.55475 0.0295638 0.284846 0.0465604 0.084279
0.347817 0.144535 0.352092 0.0871106 0.0684451
9.9982E-05 0.251368 0.561832 9.9982E-05 0.1866
0.350655 0.239862 0.245409 0.0449951 0.119079
0.287424 0.436847 0.275529 9.9982E-05 9.9982E-05
9.9973E-05 0.87786 9.9973E-05 9.9973E-05 0.12184
9.9982E-05 0.644468 0.0177273 9.9982E-05 0.337605
0.168353 0.63588 0.0941959 9.9991E-05 0.101471
9.9991E-05 0.51729 0.0762431 0.212949 0.193418
0.0690602 0.745492 9.9991E-05 0.0458216 0.139526
9.9991E-05 0.656497 0.194036 0.0501642 0.0992025
0.0357041 0.776372 0.0897657 0.0725059 0.0256522
0.322915 0.466488 0.210397 9.9982E-05 9.9982E-05
0.417984 0.405288 0.0635856 0.113043 9.9991E-05
0.278726 0.379003 0.142352 0.199819 9.9991E-05
0.536942 0.272681 9.9991E-05 0.0966382 0.0936388
0.307494 0.623574 0.0276214 9.9991E-05 0.0412108
0.147811 0.690607 0.151284 0.0101975 9.9991E-05
9.9982E-05 0.28265 0.575341 0.141809 9.9982E-05
0.0511974 0.0568946 0.811375 0.0572193 0.0233141
9.9973E-05 9.9973E-05 0.98963 9.9973E-05 0.0100703
0.116108 0.126845 0.756847 9.9982E-05 9.9982E-05
9.9982E-05 0.231177 0.691923 0.0766996 9.9982E-05
0.171981 0.514326 0.132819 9.9991E-05 0.180775
9.9982E-05 0.454108 0.381529 0.164163 9.9982E-05
0.0220525 0.762692 0.181345 0.0338105 9.9991E-05
0.0307939 0.704502 0.180883 9.9991E-05 0.0837216
0.142006 0.695553 0.0329675 0.129374 9.9991E-05
9.9982E-05 0.231245 9.9982E-05 0.310567 0.457988
9.9982E-05 0.145057 9.9982E-05 0.502827 0.351916
0.080573 0.00174387 9.9991E-05 0.882346 0.0352376
9.9991E-05 0.0402116 0.0391047 0.52351 0.397074
9.9973E-05 9.9973E-05 9.9973E-05 0.597446 0.402255
0.0252373 9.9991E-05 0.153465 0.650933 0.170265
9.9973E-05 9.9973E-05 0.212929 9.9973E-05 0.786771
0.00700328 0.0979413 0.00156948 0.117625 0.775861
9.9973E-05 9.9973E-05 9.9973E-05 0.253327 0.746373
9.9973E-05 9.9973E-05 9.9973E-05 0.446025 0.553675
9.9982E-05 0.150056 9.9982E-05 0.347123 0.502621
9.99821E-05 0.0715174 9.99821E-05 0.68377 0.244513
9.9982E-05 0.103588 9.9982E-05 0.232841 0.663372
9.9982E-05 0.006264 9.9982E-05 0.461432 0.532104
0.0181044 0.150222 9.9991E-05 0.138288 0.693286
0.0417683 0.0757238 9.9991E-05 0.529482 0.352926
0.0170123 9.9982E-05 9.9982E-05 0.0902766 0.892511
0.0311516 9.9991E-05 0.123546 0.71079 0.134412
9.9991E-05 0.1612 0.0104844 0.720413 0.107802
9.9982E-05 9.9982E-05 0.166712 0.780984 0.052104
0.044837 9.9991E-05 0.0360287 0.608925 0.310109
0.0348684 9.9982E-05 9.9982E-05 0.961446 0.00348578
9.9973E-05 9.9973E-05 9.9973E-05 0.660024 0.339676
9.9982E-05 9.9982E-05 0.0733261 0.217512 0.708962
9.9982E-05 9.9982E-05 0.131299 0.732437 0.136065
0.805645 0.104723 9.9982E-05 0.0894321 9.9982E-05
0.77724 9.9982E-05 0.0355615 9.9982E-05 0.186998
0.838503 9.9982E-05 9.9982E-05 0.00256235 0.158734
0.824407 9.9982E-05 0.047251 0.128142 9.9982E-05
0.708207 9.9982E-05 0.22819 0.0634022 9.9982E-05
0.175803 9.99821E-05 0.749995 9.99821E-05 0.0740015
0.592024 0.0446684 0.210513 9.9991E-05 0.152695
0.49505 0.138459 0.193839 9.9991E-05 0.172552
0.734018 0.0158644 0.166315 0.0837029 9.9991E-05
0.710606 9.9973E-05 0.289094 9.9973E-05 9.9973E-05
0.752374 0.0488789 9.9982E-05 0.198547 9.9982E-05
0.494291 0.39435 9.9982E-05 0.111158 9.9982E-05
0.626639 0.324455 9.9982E-05 0.0487055 9.9982E-05
0.578727 0.224348 0.0873322 0.109493 9.9991E-05
0.371759 0.0879329 0.481326 0.0194622 0.0395199
0.436136 0.322821 0.200312 0.0330615 0.00766972
0.686059 0.157929 9.9982E-05 0.155812 9.9982E-05
0.615117 0.26106 9.9982E-05 0.123623 9.9982E-05
0.642948 0.294886 9.9982E-05 9.9982E-05 0.0619664
0.638717 0.0595112 0.287791 0.0124709 0.0015105
0.857411 0.0613247 0.0810642 9.9982E-05 9.9982E-05
0.818293 0.0522097 0.129297 9.9982E-05 9.9982E-05
0.843482 0.0216564 0.116258 9.9991E-05 0.018504
0.754958 9.9982E-05 0.178521 0.0663218 9.9982E-05
0.817003 0.141832 9.9982E-05 0.0409658 9.9982E-05
0.649501 0.243879 0.0606895 0.0458301 9.9991E-05
0.909866 9.9973E-05 9.9973E-05 0.0898338 9.9973E-05
0.841405 0.0215187 0.0354502 0.101526 9.9991E-05
0.918827 0.0317394 9.9982E-05 0.0492341 9.9982E-05
0.782068 0.157083 9.9982E-05 0.0606493 9.9982E-05
0.962164 0.0168607 9.9982E-05 0.0207757 9.9982E-05
0.626233 0.231071 0.142496 9.9982E-05 9.9982E-05
0.786741 0.00648243 0.123053 0.0836235 9.9991E-05
0.778061 0.102903 0.0560317 9.9991E-05 0.0629042
0.815055 0.0828641 0.0644197 0.0375616 9.9991E-05
0.884059 9.9982E-05 0.0690855 0.0466551 9.9982E-05
0.938707 0.0340331 9.9982E-05 0.0270595 9.9982E-05
0.868894 9.9982E-05 0.1104 0.0205068 9.9982E-05
0.829115 9.99731E-05 9.99731E-05 9.99731E-05 0.170585
0.854453 9.9982E-05 0.0836148 9.9982E-05 0.0617322
0.849663 9.9982E-05 0.0694486 9.9982E-05 0.0806883
0.967175 0.00338978 9.9982E-05 0.0292355 9.9982E-05
0.79825 0.0764803 9.9991E-05 0.120081 0.00508911
0.841726 0.0637756 9.9991E-05 0.0777023 0.016696
0.937912 9.9982E-05 9.9982E-05 0.0605686 0.00131958
0.581517 0.135276 9.9991E-05 0.243313 0.0397943
0.600561 9.9982E-05 9.9982E-05 0.326625 0.0726137
0.87394 9.9973E-05 0.12576 9.9973E-05 9.9973E-05
0.81095 9.9982E-05 0.153372 9.9982E-05 0.0354774
0.831696 9.9973E-05 9.9973E-05 9.9973E-05 0.168004
0.845491 0.00985569 9.9982E-05 9.9982E-05 0.144453
0.691512 0.0266438 0.246386 9.9991E-05 0.0353584
0.912403 9.9982E-05 0.0620687 0.0253287 9.9982E-05
0.837078 0.0109799 0.107421 9.9991E-05 0.0444206
0.926475 0.0444719 0.00935824 9.9991E-05 0.0195954
0.775429 0.0617101 0.162661 9.9982E-05 9.9982E-05
0.856355 9.9982E-05 0.0587463 9.9982E-05 0.0846984
0.0639482 9.9991E-05 0.117643 0.122336 0.695972
0.0682458 9.9982E-05 9.9982E-05 0.42986 0.501694
9.9982E-05 9.9982E-05 0.128123 0.333286 0.538391
0.051704 9.9991E-05 0.0844253 0.630419 0.233351
0.0878437 9.9991E-05 0.0255769 0.668889 0.21759
9.9973E-05 9.9973E-05 9.9973E-05 0.79745 0.20225
0.0323757 9.9982E-05 9.9982E-05 0.35641 0.611015
9.9973E-05 9.9973E-05 9.9973E-05 0.166935 0.832765
9.99731E-05 9.99731E-05 0.135256 9.99731E-05 0.864444
0.0841501 9.9982E-05 9.9982E-05 0.678486 0.237164
9.99731E-05 0.0288399 9.99731E-05 0.97086 9.99731E-05
9.9973E-05 0.0432893 9.9973E-05 0.956411 9.9973E-05
0.0502319 0.000544681 0.00243488 0.946689 9.9991E-05
