0.123248 0.161648 9.99549E-05 9.99549E-05 0.239964 9.99549E-05 9.99549E-05 9.99549E-05 0.0418085 0.432832
0.132744 0.00672504 9.9973E-05 0.0865311 0.364066 0.0661881 9.9973E-05 9.9973E-05 0.282095 0.0613507
0.264237 0.257506 9.9964E-05 9.9964E-05 0.0310888 0.0224995 9.9964E-05 9.9964E-05 0.160311 0.263958
0.612036 0.0119978 0.0767785 9.9964E-05 0.117772 0.0225665 9.9964E-05 9.9964E-05 9.9964E-05 0.158449
0.158733 0.592975 9.9937E-05 9.9937E-05 9.9937E-05 9.9937E-05 9.9937E-05 9.9937E-05 9.9937E-05 0.247592
0.45422 0.0649991 9.9955E-05 9.9955E-05 0.091402 0.0359504 9.9955E-05 9.9955E-05 9.9955E-05 0.352929
9.9946E-05 9.9946E-05 0.165765 0.688911 9.9946E-05 0.0686504 9.9946E-05 9.9946E-05 0.0760743 9.9946E-05
9.9946E-05 0.118763 9.9946E-05 0.757059 9.9946E-05 9.9946E-05 9.9946E-05 0.0456566 9.9946E-05 0.0779223
0.0556583 9.9946E-05 0.175501 0.710412 9.9946E-05 9.9946E-05 9.9946E-05 0.0578289 9.9946E-05 9.9946E-05
9.9937E-05 9.9937E-05 0.497146 0.450248 9.9937E-05 0.0519064 9.9937E-05 9.9937E-05 9.9937E-05 9.9937E-05
0.026021 9.99459E-05 0.0902097 0.701693 9.99459E-05 9.99459E-05 9.99459E-05 9.99459E-05 0.181477 9.99459E-05
9.99549E-05 0.0595992 0.218256 0.238529 9.99549E-05 9.99549E-05 9.99549E-05 0.0681108 0.415005 9.99549E-05
9.9955E-05 9.9955E-05 0.262449 0.365862 9.9955E-05 9.9955E-05 0.259044 0.0447989 0.0673476 9.9955E-05
9.9937E-05 9.9937E-05 0.0178411 0.694819 9.9937E-05 9.9937E-05 0.28664 9.9937E-05 9.9937E-05 9.9937E-05
0.0381351 9.9955E-05 0.148873 0.797519 9.9955E-05 0.0066391 9.9955E-05 0.00833376 9.9955E-05 9.9955E-05
9.99281E-05 9.99281E-05 9.99281E-05 0.916488 9.99281E-05 9.99281E-05 9.99281E-05 9.99281E-05 0.0827124 9.99281E-05
9.9946E-05 0.34237 9.9946E-05 9.9946E-05 9.9946E-05 0.11587 9.9946E-05 9.9946E-05 0.0319766 0.509184
9.9982E-05 0.0300544 9.9982E-05 0.0185207 0.00854737 0.613934 0.0606029 0.0133622 0.0304007 0.224378
0.184986 9.9964E-05 0.0557958 9.9964E-05 9.9964E-05 0.127046 0.00612038 9.9964E-05 0.0573696 0.568282
0.144139 0.141623 9.9955E-05 9.9955E-05 9.9955E-05 0.129409 0.0988359 9.9955E-05 9.9955E-05 0.485494
0.079748 0.178137 9.99549E-05 9.99549E-05 9.99549E-05 0.494712 0.0454433 9.99549E-05 9.99549E-05 0.20146
0.0517363 9.9946E-05 9.9946E-05 0.0333663 9.9946E-05 0.371693 9.9946E-05 9.9946E-05 9.9946E-05 0.542605
9.9946E-05 0.104986 9.9946E-05 9.9946E-05 0.134662 9.9946E-05 9.9946E-05 9.9946E-05 0.192917 0.566834
9.9955E-05 0.183519 0.0521877 9.9955E-05 0.162777 9.9955E-05 9.9955E-05 9.9955E-05 0.0389655 0.562051
0.0520139 0.0664419 9.99461E-05 9.99461E-05 0.0444394 9.99461E-05 9.99461E-05 9.99461E-05 9.99461E-05 0.836505
0.177939 9.9937E-05 9.9937E-05 9.9937E-05 0.134088 9.9937E-05 9.9937E-05 9.9937E-05 9.9937E-05 0.687273
9.9946E-05 0.340404 9.9946E-05 9.9946E-05 9.9946E-05 9.9946E-05 0.0153369 0.0991919 9.9946E-05 0.544467
0.0110194 0.428516 0.0369866 9.9964E-05 9.9964E-05 9.9964E-05 0.0470842 0.00425735 9.9964E-05 0.471737
9.9955E-05 0.38157 9.9955E-05 0.145655 0.181952 0.22389 9.9955E-05 9.9955E-05 9.9955E-05 0.0664322
0.0189849 0.309688 0.105248 9.9973E-05 0.0790943 0.409444 0.0544303 9.9973E-05 9.9973E-05 0.0228119
0.33901 9.9946E-05 9.9946E-05 9.9946E-05 9.9946E-05 0.236493 9.9946E-05 9.9946E-05 0.382076 0.0418205
0.312706 0.242125 9.99729E-05 0.0151912 9.99729E-05 0.138811 9.99729E-05 0.0201305 0.16072 0.110016
0.463061 0.0609217 9.9955E-05 9.9955E-05 9.9955E-05 0.169645 9.9955E-05 9.9955E-05 0.00681785 0.299055
0.00412383 9.99459E-05 0.108983 9.99459E-05 0.135903 9.99459E-05 9.99459E-05 9.99459E-05 9.99459E-05 0.75039
9.9937E-05 9.9937E-05 9.9937E-05 9.9937E-05 0.0118478 9.9937E-05 9.9937E-05 9.9937E-05 0.391247 0.596205
0.0467124 0.205686 9.9964E-05 9.9964E-05 9.9964E-05 0.0961472 9.9964E-05 0.022161 0.0673428 0.561551
0.157003 9.9955E-05 9.9955E-05 9.9955E-05 9.9955E-05 0.0130949 0.222573 9.9955E-05 0.305525 0.301304
0.0157838 0.0999229 9.9955E-05 9.9955E-05 9.9955E-05 9.9955E-05 9.9955E-05 0.0822568 0.0935353 0.708001
0.020738 9.9973E-05 0.0436438 9.9973E-05 0.185432 0.136287 0.0800795 9.9973E-05 0.00929742 0.524222
0.109541 0.0443886 9.9955E-05 9.9955E-05 9.9955E-05 0.0635437 9.9955E-05 0.0735382 9.9955E-05 0.708489
0.26551 9.99461E-05 9.99461E-05 9.99461E-05 0.576645 9.99461E-05 0.00268451 9.99461E-05 9.99461E-05 0.154561
0.311541 0.138606 9.9964E-05 9.9964E-05 0.242857 0.0164997 0.145534 9.9964E-05 9.9964E-05 0.144563
0.575838 9.9946E-05 9.9946E-05 9.9946E-05 9.9946E-05 0.148418 0.178853 9.9946E-05 9.9946E-05 0.0962916
0.224547 9.9955E-05 9.9955E-05 9.9955E-05 0.510032 9.9955E-05 0.122187 0.0277419 9.9955E-05 0.114992
0.412337 9.99461E-05 9.99461E-05 0.0268151 0.217678 9.99461E-05 9.99461E-05 9.99461E-05 9.99461E-05 0.342571
0.490915 9.9955E-05 0.018171 9.9955E-05 0.0501526 0.0557291 9.9955E-05 9.9955E-05 9.9955E-05 0.384533
9.9937E-05 9.9937E-05 9.9937E-05 9.9937E-05 9.9937E-05 0.597748 9.9937E-05 0.113825 9.9937E-05 0.287727
9.99459E-05 9.99459E-05 9.99459E-05 9.99459E-05 0.143185 0.712342 9.99459E-05 0.0387712 0.105103 9.99459E-05
9.9937E-05 9.9937E-05 9.9937E-05 9.9937E-05 0.0559014 0.859273 9.9937E-05 9.9937E-05 0.0841257 9.9937E-05
9.9946E-05 9.9946E-05 0.00740446 9.9946E-05 0.323653 0.666098 9.9946E-05 9.9946E-05 9.9946E-05 0.00224471
0.00419069 9.99459E-05 0.0433236 9.99459E-05 9.99459E-05 0.761004 9.99459E-05 9.99459E-05 9.99459E-05 0.190882
9.9955E-05 9.9955E-05 9.9955E-05 0.0976106 0.297489 0.173361 9.9955E-05 0.0329982 9.9955E-05 0.398041
9.9955E-05 0.00679236 9.9955E-05 9.9955E-05 9.9955E-05 0.46929 0.0524141 0.0494146 9.9955E-05 0.421589
9.9946E-05 9.9946E-05 9.9946E-05 9.9946E-05 0.349197 0.0581227 0.101152 9.9946E-05 9.9946E-05 0.490928
9.995E-05 9.995E-05 9.995E-05 0.0210656 0.280742 0.0613963 9.995E-05 0.0420774 9.995E-05 0.594219
0.168604 0.107607 9.9946E-05 9.9946E-05 9.9946E-05 9.9946E-05 0.114873 9.9946E-05 9.9946E-05 0.608317
9.994E-05 9.994E-05 0.686945 9.994E-05 0.17207 9.994E-05 9.994E-05 0.0976454 9.994E-05 0.04274
9.9964E-05 0.0561089 0.805212 0.00480655 0.036333 9.9964E-05 0.0896107 9.9964E-05 9.9964E-05 0.00752897
0.0037069 0.00344548 9.9964E-05 0.0290929 9.9964E-05 9.9964E-05 0.414586 0.537998 9.9964E-05 0.0107712
9.9955E-05 9.9955E-05 0.0274748 0.145421 0.100633 9.9955E-05 9.9955E-05 0.718314 9.9955E-05 0.00765813
9.9946E-05 9.9946E-05 0.0949457 0.0564283 9.9946E-05 9.9946E-05 9.9946E-05 0.784667 0.0633593 9.9946E-05
9.9937E-05 9.9937E-05 9.9937E-05 9.9937E-05 9.9937E-05 0.0874709 9.9937E-05 0.861659 9.9937E-05 0.0501708
9.99459E-05 9.99459E-05 0.0578768 0.0798147 9.99459E-05 0.154056 9.99459E-05 9.99459E-05 0.707653 9.99459E-05
0.00792576 9.99459E-05 9.99459E-05 9.99459E-05 9.99459E-05 9.99459E-05 0.175589 0.083258 0.732628 9.99459E-05
0.053461 9.99549E-05 0.643851 0.0794159 9.99549E-05 9.99549E-05 9.99549E-05 0.0332515 0.189521 9.99549E-05
9.9937E-05 9.9937E-05 0.954703 0.00232675 9.9937E-05 0.042271 9.9937E-05 9.9937E-05 9.9937E-05 9.9937E-05
9.9946E-05 0.0851936 0.834775 9.9946E-05 9.9946E-05 9.9946E-05 9.9946E-05 9.9946E-05 0.027867 0.0515644
9.99461E-05 9.99461E-05 0.460296 0.0266205 0.0122648 9.99461E-05 0.500219 9.99461E-05 9.99461E-05 9.99461E-05
9.9955E-05 9.9955E-05 0.416448 9.9955E-05 9.9955E-05 9.9955E-05 0.11475 0.0241035 0.423793 0.0204054
9.995E-05 9.995E-05 0.388355 0.129357 9.995E-05 9.995E-05 9.995E-05 0.290985 0.095607 0.0951961
9.9973E-05 0.0116408 0.17357 0.00381359 9.9973E-05 9.9973E-05 0.0912841 0.0260594 0.634534 0.0587982
9.9964E-05 0.0673347 0.68317 9.9964E-05 9.9964E-05 9.9964E-05 0.022956 0.143604 0.0480244 0.0345112
9.99459E-05 0.0158714 0.313564 9.99459E-05 9.99459E-05 9.99459E-05 9.99459E-05 0.117257 0.552708 9.99459E-05
9.9973E-05 0.00175467 0.0419884 0.0339747 9.9973E-05 0.0542019 0.257297 0.54782 0.0626636 9.9973E-05
9.9955E-05 9.9955E-05 0.202334 9.9955E-05 9.9955E-05 0.0952866 0.646511 9.9955E-05 0.0548642 0.000504024
9.9955E-05 9.9955E-05 0.169042 9.9955E-05 9.9955E-05 0.0641952 0.0713573 0.688311 9.9955E-05 0.00659431
0.029981 9.9955E-05 0.283399 9.9955E-05 9.9955E-05 9.9955E-05 0.034857 0.472079 0.179183 9.9955E-05
0.0121943 9.9937E-05 9.9937E-05 9.9937E-05 9.9937E-05 9.9937E-05 0.360063 0.627044 9.9937E-05 9.9937E-05
9.9946E-05 9.9946E-05 0.2312 0.171218 9.9946E-05 9.9946E-05 0.0664901 0.530492 9.9946E-05 9.9946E-05
9.99549E-05 9.99549E-05 0.19957 0.0322699 9.99549E-05 0.094744 9.99549E-05 0.359087 0.31383 9.99549E-05
0.0671308 9.99641E-05 0.0603766 9.99641E-05 9.99641E-05 0.0545289 0.0831005 0.727161 9.99641E-05 0.00730244
9.99461E-05 0.769816 9.99461E-05 9.99461E-05 9.99461E-05 0.102371 0.0376607 9.99461E-05 9.99461E-05 0.0895523
9.9946E-05 0.0621664 9.9946E-05 9.9946E-05 0.844129 9.9946E-05 0.0658543 0.0272505 9.9946E-05 9.9946E-05
9.9946E-05 0.17595 9.9946E-05 9.9946E-05 0.729619 9.9946E-05 0.0185667 0.0752654 9.9946E-05 9.9946E-05
0.151958 0.666029 9.9946E-05 9.9946E-05 9.9946E-05 0.108615 0.0727992 9.9946E-05 9.9946E-05 9.9946E-05
0.0320614 0.57535 9.9955E-05 0.0464723 0.0435423 0.302074 9.9955E-05 9.9955E-05 9.9955E-05 9.9955E-05
9.99371E-05 9.99371E-05 9.99371E-05 9.99371E-05 0.296243 0.438923 9.99371E-05 9.99371E-05 0.264134 9.99371E-05
0.612063 9.99461E-05 9.99461E-05 9.99461E-05 0.202207 0.0587152 9.99461E-05 9.99461E-05 0.126415 9.99461E-05
0.505878 9.9955E-05 0.0135439 0.0670005 0.313036 0.100042 9.9955E-05 9.9955E-05 9.9955E-05 9.9955E-05
0.603498 0.325285 9.9946E-05 9.9946E-05 0.0034243 0.0671936 9.9946E-05 9.9946E-05 9.9946E-05 9.9946E-05
0.283248 0.299061 9.9955E-05 9.9955E-05 0.252593 0.0472069 9.9955E-05 9.9955E-05 0.117392 9.9955E-05
0.849777 0.0920816 9.9946E-05 9.9946E-05 9.9946E-05 9.9946E-05 0.0487879 0.00875407 9.9946E-05 9.9946E-05
0.872658 9.9937E-05 9.9937E-05 9.9937E-05 9.9937E-05 9.9937E-05 0.069325 9.9937E-05 9.9937E-05 0.0573173
0.548977 0.30228 9.99459E-05 0.0235197 9.99459E-05 9.99459E-05 9.99459E-05 9.99459E-05 9.99459E-05 0.124623
0.728326 0.161858 9.9955E-05 9.9955E-05 9.9955E-05 9.9955E-05 9.9955E-05 0.00762686 0.0472339 0.0544559
0.625477 9.99369E-05 9.99369E-05 9.99369E-05 9.99369E-05 0.340409 9.99369E-05 9.99369E-05 0.0334153 9.99369E-05
0.682135 9.9964E-05 9.9964E-05 0.0234896 0.0404867 0.0942842 9.9964E-05 0.00320519 9.9964E-05 0.156
0.67128 0.247128 0.0609718 9.99459E-05 9.99459E-05 9.99459E-05 0.0200203 9.99459E-05 9.99459E-05 9.99459E-05
0.658105 0.232149 9.9946E-05 9.9946E-05 9.9946E-05 9.9946E-05 0.046431 9.9946E-05 9.9946E-05 0.0627158
0.527916 0.104957 0.0214216 0.00775668 0.230868 9.996E-05 9.996E-05 9.996E-05 9.996E-05 0.106681
0.0491511 0.388297 0.0133275 9.9964E-05 0.301493 0.238433 9.9964E-05 9.9964E-05 9.9964E-05 0.0088983
0.0748887 0.473326 9.9955E-05 9.9955E-05 0.394911 0.0458475 9.9955E-05 9.9955E-05 9.9955E-05 0.010527
9.9946E-05 0.426019 9.9946E-05 9.9946E-05 0.441978 0.0892858 9.9946E-05 9.9946E-05 9.9946E-05 0.0421177
0.00339064 0.432402 9.9946E-05 9.9946E-05 0.528155 0.035453 9.9946E-05 9.9946E-05 9.9946E-05 9.9946E-05
9.9937E-05 0.771031 9.9937E-05 9.9937E-05 9.9937E-05 0.160264 9.9937E-05 9.9937E-05 0.0680054 9.9937E-05
9.9937E-05 0.827334 9.9937E-05 9.9937E-05 9.9937E-05 0.0500002 9.9937E-05 9.9937E-05 9.9937E-05 0.121966
9.9937E-05 0.649635 9.9937E-05 9.9937E-05 9.9937E-05 0.136428 9.9937E-05 9.9937E-05 9.9937E-05 0.213237
9.9955E-05 0.852541 0.000800668 9.9955E-05 0.0139698 0.0796402 0.0525481 9.9955E-05 9.9955E-05 9.9955E-05
0.059658 0.839468 9.9955E-05 9.9955E-05 9.9955E-05 0.0321644 0.0349009 9.9955E-05 0.0333088 9.9955E-05
0.22181 0.762776 9.9946E-05 0.00474064 9.9946E-05 9.9946E-05 9.9946E-05 9.9946E-05 9.9946E-05 0.0100737
9.9937E-05 0.860528 9.9937E-05 9.9937E-05 0.0107859 9.9937E-05 9.9937E-05 9.9937E-05 9.9937E-05 0.127986
0.0654452 0.830297 9.9946E-05 9.9946E-05 0.0916388 9.9946E-05 9.9946E-05 9.9946E-05 9.9946E-05 0.0120192
0.219671 0.301203 9.99549E-05 9.99549E-05 0.285613 0.113279 9.99549E-05 9.99549E-05 9.99549E-05 0.0797345
0.115778 0.493373 9.9964E-05 9.9964E-05 0.225907 0.0874218 9.9964E-05 0.0709659 9.9964E-05 0.00615365
0.16362 0.504966 9.9964E-05 9.9964E-05 0.16248 0.0136159 9.9964E-05 9.9964E-05 0.0367861 0.118132
0.18685 0.689744 9.99641E-05 9.99641E-05 0.0219615 0.0542781 9.99641E-05 9.99641E-05 0.0211809 0.0255855
0.0493498 0.757921 9.99461E-05 9.99461E-05 0.113145 0.0789846 9.99461E-05 9.99461E-05 9.99461E-05 9.99461E-05
9.99461E-05 0.823277 9.99461E-05 9.99461E-05 0.0722595 0.0266923 9.99461E-05 9.99461E-05 9.99461E-05 0.0771713
0.154253 0.68911 9.99459E-05 9.99459E-05 0.0864955 0.0695419 9.99459E-05 9.99459E-05 9.99459E-05 9.99459E-05
9.9946E-05 0.315013 9.9946E-05 9.9946E-05 0.558054 9.9946E-05 9.9946E-05 9.9946E-05 0.10032 0.0260138
0.0921306 0.342133 9.9946E-05 9.9946E-05 0.483844 9.9946E-05 9.9946E-05 9.9946E-05 0.0812927 9.9946E-05
0.0523705 0.541787 9.9946E-05 9.9946E-05 0.284607 9.9946E-05 9.9946E-05 9.9946E-05 0.120636 9.9946E-05
0.150822 0.778605 9.9946E-05 9.9946E-05 0.0659493 9.9946E-05 0.00402375 9.9946E-05 9.9946E-05 9.9946E-05
0.135229 0.696558 0.0665651 9.9973E-05 0.00568415 9.9973E-05 0.0233356 9.9973E-05 0.0319229 0.0404058
0.162848 0.644242 9.9955E-05 9.9955E-05 0.113557 9.9955E-05 9.9955E-05 0.0353497 9.9955E-05 0.0435026
0.0145956 0.917321 9.9955E-05 9.9955E-05 9.9955E-05 0.0134081 9.9955E-05 9.9955E-05 0.0506033 0.00357193
9.9955E-05 0.57294 0.0547709 0.0616736 9.9955E-05 9.9955E-05 9.9955E-05 0.140451 9.9955E-05 0.169665
9.9937E-05 0.629751 9.9937E-05 0.0428007 9.9937E-05 9.9937E-05 9.9937E-05 0.326749 9.9937E-05 9.9937E-05
9.9946E-05 0.704171 9.9946E-05 9.9946E-05 0.155639 0.134578 9.9946E-05 9.9946E-05 0.00501166 9.9946E-05
9.9937E-05 0.309538 9.9937E-05 9.9937E-05 0.625618 0.0641447 9.9937E-05 9.9937E-05 9.9937E-05 9.9937E-05
0.0369602 0.442621 0.0066292 0.00755386 0.422739 9.9964E-05 9.9964E-05 9.9964E-05 0.0830963 9.9964E-05
0.0477987 0.398207 0.0105453 0.00724797 0.535701 9.9955E-05 9.9955E-05 9.9955E-05 9.9955E-05 9.9955E-05
9.9946E-05 0.0987665 9.9946E-05 9.9946E-05 0.826545 0.0617525 9.9946E-05 9.9946E-05 9.9946E-05 0.0123363
9.9946E-05 0.840223 0.0122984 9.9946E-05 0.0415908 0.105288 9.9946E-05 9.9946E-05 9.9946E-05 9.9946E-05
0.0949312 0.283187 0.00717813 9.9955E-05 0.610021 0.00418333 9.9955E-05 9.9955E-05 9.9955E-05 9.9955E-05
0.0915929 0.554019 9.9946E-05 9.9946E-05 0.341233 9.9946E-05 0.0125559 9.9946E-05 9.9946E-05 9.9946E-05
0.115982 0.412366 9.99549E-05 9.99549E-05 0.345761 0.101357 9.99549E-05 9.99549E-05 9.99549E-05 0.0240348
9.99371E-05 0.6098 9.99371E-05 9.99371E-05 0.296127 9.99371E-05 9.99371E-05 9.99371E-05 0.0933731 9.99371E-05
9.9946E-05 9.9946E-05 9.9946E-05 9.9946E-05 0.0654383 0.000799787 9.9946E-05 0.313534 0.619628 9.9946E-05
9.9937E-05 9.9937E-05 0.305908 9.9937E-05 9.9937E-05 9.9937E-05 9.9937E-05 0.523451 0.169942 9.9937E-05
9.9964E-05 9.9964E-05 0.363858 0.0114501 0.0339844 0.0838212 9.9964E-05 0.346397 0.160089 9.9964E-05
0.0944138 9.9964E-05 0.144413 0.0397878 0.0544963 9.9964E-05 0.0356489 0.63084 9.9964E-05 9.9964E-05
0.0588533 0.0617607 0.0446864 0.0679118 9.9964E-05 9.9964E-05 0.079866 0.686522 9.9964E-05 9.9964E-05
9.9946E-05 9.9946E-05 0.0334871 0.0522686 9.9946E-05 9.9946E-05 0.111707 0.801938 9.9946E-05 9.9946E-05
9.99459E-05 9.99459E-05 9.99459E-05 0.271282 9.99459E-05 9.99459E-05 0.195241 0.236748 0.29613 9.99459E-05
9.99549E-05 9.99549E-05 0.0192876 0.173662 9.99549E-05 9.99549E-05 0.120456 0.181513 0.504581 9.99549E-05
9.99201E-05 9.99201E-05 9.99201E-05 9.99201E-05 9.99201E-05 9.99201E-05 9.99201E-05 9.99201E-05 0.999101 9.99201E-05
9.99549E-05 0.0470953 9.99549E-05 0.150547 9.99549E-05 9.99549E-05 0.294711 0.460309 0.0468384 9.99549E-05
9.99201E-05 9.99201E-05 9.99201E-05 9.99201E-05 9.99201E-05 9.99201E-05 0.999101 9.99201E-05 9.99201E-05 9.99201E-05
9.9928E-05 9.9928E-05 9.9928E-05 9.9928E-05 9.9928E-05 9.9928E-05 0.47587 0.523331 9.9928E-05 9.9928E-05
9.9937E-05 9.9937E-05 9.9937E-05 0.0213241 9.9937E-05 9.9937E-05 0.777741 0.200235 9.9937E-05 9.9937E-05
