0.048624 0.096079 0.303196 9.99549E-05 9.99549E-05 9.99549E-05 9.99549E-05 9.99549E-05 0.334475 0.217126
0.422955 0.190499 0.0881735 9.99639E-05 9.99639E-05 9.99639E-05 9.99639E-05 0.0665231 0.0970831 0.134367
0.113871 0.228897 0.0245693 9.9973E-05 0.0136547 0.0535066 9.9973E-05 9.9973E-05 0.216635 0.348565
0.0819392 9.9955E-05 0.359931 9.9955E-05 0.0388739 0.0239876 9.9955E-05 9.9955E-05 9.9955E-05 0.494769
9.9946E-05 0.340837 9.9946E-05 9.9946E-05 0.0061179 9.9946E-05 9.9946E-05 9.9946E-05 0.223733 0.428713
9.9955E-05 0.045278 0.15682 9.9955E-05 9.9955E-05 0.083427 9.9955E-05 9.9955E-05 0.282426 0.431549
0.121584 9.99459E-05 9.99459E-05 0.0716232 9.99459E-05 0.0687101 9.99459E-05 0.737483 9.99459E-05 9.99459E-05
9.9946E-05 0.141952 9.9946E-05 9.9946E-05 9.9946E-05 0.0869936 0.135975 0.634479 9.9946E-05 9.9946E-05
0.00748601 9.9946E-05 9.9946E-05 0.257876 9.9946E-05 9.9946E-05 9.9946E-05 0.685577 9.9946E-05 0.0484606
9.9955E-05 9.9955E-05 0.0364639 0.158832 9.9955E-05 0.0247031 0.0154141 0.764088 9.9955E-05 9.9955E-05
0.15127 9.99459E-05 0.0152808 0.110554 9.99459E-05 9.99459E-05 9.99459E-05 0.722295 9.99459E-05 9.99459E-05
0.188843 9.99549E-05 9.99549E-05 0.281564 9.99549E-05 9.99549E-05 0.0657466 0.38091 0.0824366 9.99549E-05
9.99281E-05 9.99281E-05 9.99281E-05 9.99281E-05 9.99281E-05 9.99281E-05 0.473705 0.525496 9.99281E-05 9.99281E-05
9.9928E-05 9.9928E-05 9.9928E-05 9.9928E-05 0.220485 9.9928E-05 9.9928E-05 0.778715 9.9928E-05 9.9928E-05
0.0652415 9.9964E-05 9.9964E-05 0.0183733 0.0529837 0.056202 9.9964E-05 0.766262 9.9964E-05 0.040538
0.136735 0.0075149 9.99371E-05 9.99371E-05 9.99371E-05 9.99371E-05 9.99371E-05 0.85505 9.99371E-05 9.99371E-05
9.9955E-05 0.233796 9.9955E-05 9.9955E-05 9.9955E-05 0.209879 0.0335638 9.9955E-05 0.401009 0.121253
9.9973E-05 0.0730615 0.0305951 9.9973E-05 0.0392778 0.755587 0.0271518 0.0286428 9.9973E-05 0.0453838
9.9955E-05 9.9955E-05 0.131926 9.9955E-05 9.9955E-05 0.226639 0.116095 9.9955E-05 0.420774 0.104066
9.99549E-05 9.99549E-05 0.0562956 9.99549E-05 0.0907439 0.299283 9.99549E-05 9.99549E-05 0.222341 0.330836
9.9964E-05 0.0875019 9.9964E-05 9.9964E-05 0.00880924 0.614893 9.9964E-05 0.0146757 0.048836 0.224884
9.99549E-05 9.99549E-05 0.153897 9.99549E-05 9.99549E-05 0.601217 0.0450032 9.99549E-05 0.0978558 0.101527
0.163248 0.043774 9.99549E-05 9.99549E-05 9.99549E-05 9.99549E-05 9.99549E-05 0.0077404 0.69946 0.0852784
9.9946E-05 0.177281 0.150972 9.9946E-05 9.9946E-05 9.9946E-05 0.0245562 9.9946E-05 0.646591 9.9946E-05
9.99371E-05 9.99371E-05 0.0819437 9.99371E-05 9.99371E-05 9.99371E-05 9.99371E-05 9.99371E-05 0.845357 0.0720001
9.99549E-05 9.99549E-05 0.554649 9.99549E-05 0.0117981 0.074603 9.99549E-05 9.99549E-05 0.274794 0.0836561
9.9955E-05 0.242392 9.9955E-05 9.9955E-05 9.9955E-05 0.0133008 0.148121 9.9955E-05 0.560786 0.0349002
9.9973E-05 0.15783 0.0202184 9.9973E-05 9.9973E-05 0.0077547 0.0966563 0.0128521 0.416173 0.288215
9.9946E-05 0.482727 0.104033 9.9946E-05 9.9946E-05 0.310769 9.9946E-05 0.101872 9.9946E-05 9.9946E-05
9.9955E-05 0.254703 0.105355 9.9955E-05 9.9955E-05 0.397482 9.9955E-05 0.128433 9.9955E-05 0.113528
0.375895 9.99369E-05 9.99369E-05 9.99369E-05 9.99369E-05 0.28292 9.99369E-05 9.99369E-05 9.99369E-05 0.340486
0.0989618 0.0572099 9.99639E-05 9.99639E-05 0.00344119 0.24097 9.99639E-05 0.0538434 9.99639E-05 0.545174
0.00767066 9.9955E-05 0.0854993 9.9955E-05 9.9955E-05 0.313986 9.9955E-05 9.9955E-05 0.0342689 0.558075
9.9937E-05 9.9937E-05 0.24336 9.9937E-05 9.9937E-05 9.9937E-05 9.9937E-05 0.0192511 0.73669 9.9937E-05
0.328239 9.99279E-05 9.99279E-05 9.99279E-05 9.99279E-05 9.99279E-05 9.99279E-05 9.99279E-05 0.670962 9.99279E-05
9.9964E-05 0.0848891 0.0392063 9.9964E-05 9.9964E-05 0.194502 0.0824822 9.9964E-05 0.417388 0.181132
0.173959 9.9964E-05 9.9964E-05 9.9964E-05 0.0401191 0.0255244 0.321107 9.9964E-05 0.376683 0.062207
9.9964E-05 0.061098 9.9964E-05 9.9964E-05 0.0143443 0.0885011 0.0464189 9.9964E-05 0.684461 0.104777
0.111136 9.9955E-05 0.281882 9.9955E-05 9.9955E-05 0.103806 0.107838 9.9955E-05 0.394838 9.9955E-05
9.995E-05 9.995E-05 0.0262896 0.0321327 9.995E-05 0.187341 9.995E-05 9.995E-05 0.526367 0.22737
0.0734508 9.9937E-05 0.903363 9.9937E-05 9.9937E-05 9.9937E-05 9.9937E-05 9.9937E-05 9.9937E-05 0.0224871
9.9946E-05 0.140944 0.57085 9.9946E-05 9.9946E-05 9.9946E-05 0.139321 9.9946E-05 9.9946E-05 0.148285
9.99459E-05 9.99459E-05 0.315557 9.99459E-05 9.99459E-05 0.0686689 0.225481 9.99459E-05 9.99459E-05 0.389693
9.9973E-05 0.170537 0.454511 0.0728276 0.0771545 9.9973E-05 9.9973E-05 0.0125566 0.0127843 0.199329
9.9937E-05 9.9937E-05 0.747567 9.9937E-05 9.9937E-05 9.9937E-05 9.9937E-05 0.0333147 9.9937E-05 0.218419
9.9955E-05 9.9955E-05 0.563216 9.9955E-05 9.9955E-05 0.101217 0.064874 9.9955E-05 0.0439516 0.226242
9.9937E-05 9.9937E-05 9.9937E-05 0.0974028 9.9937E-05 0.745508 9.9937E-05 9.9937E-05 0.156389 9.9937E-05
0.23756 0.0506468 9.9964E-05 0.0235201 9.9964E-05 0.657805 0.02623 9.9964E-05 9.9964E-05 0.00383828
0.31909 9.9928E-05 9.9928E-05 9.9928E-05 9.9928E-05 0.68011 9.9928E-05 9.9928E-05 9.9928E-05 9.9928E-05
0.131224 0.167911 0.14119 9.9946E-05 9.9946E-05 0.559076 9.9946E-05 9.9946E-05 9.9946E-05 9.9946E-05
9.9946E-05 9.9946E-05 9.9946E-05 9.9946E-05 9.9946E-05 0.835215 9.9946E-05 0.0798133 0.00386974 0.0805021
9.9964E-05 0.108839 0.276206 0.0350473 9.9964E-05 0.276956 9.9964E-05 0.0922518 0.210301 9.9964E-05
9.9955E-05 0.0762778 0.00337987 9.9955E-05 0.0970598 0.580293 9.9955E-05 9.9955E-05 0.24249 9.9955E-05
9.9955E-05 0.0062813 0.552881 9.9955E-05 0.0852648 0.122131 9.9955E-05 9.9955E-05 0.232943 9.9955E-05
9.9964E-05 0.0530701 0.329351 0.0400439 9.9964E-05 0.223018 9.9964E-05 0.0163431 0.337774 9.9964E-05
9.99549E-05 9.99549E-05 0.340212 9.99549E-05 0.12593 0.146273 9.99549E-05 9.99549E-05 0.181669 0.205416
9.9964E-05 9.9964E-05 0.100333 0.401815 9.9964E-05 9.9964E-05 0.222999 0.118964 0.15157 0.00391929
9.9964E-05 0.0379858 0.0991587 0.00793142 0.012193 9.9964E-05 0.470628 0.371703 9.9964E-05 9.9964E-05
9.9937E-05 9.9937E-05 9.9937E-05 0.217709 0.757478 9.9937E-05 9.9937E-05 9.9937E-05 9.9937E-05 0.0241137
9.9946E-05 9.9946E-05 0.0817203 0.812913 0.0826764 9.9946E-05 9.9946E-05 0.0220903 9.9946E-05 9.9946E-05
9.9946E-05 9.9946E-05 9.9946E-05 0.649839 0.137773 9.9946E-05 0.210808 9.9946E-05 9.9946E-05 0.000979596
9.9937E-05 9.9937E-05 9.9937E-05 0.760111 0.18411 0.0550799 9.9937E-05 9.9937E-05 9.9937E-05 9.9937E-05
0.579268 9.99458E-05 9.99458E-05 0.353226 9.99458E-05 0.0179089 9.99458E-05 0.0489977 9.99458E-05 9.99458E-05
0.327213 9.99639E-05 9.99639E-05 0.14386 9.99639E-05 9.99639E-05 0.423001 0.0136192 0.0296061 0.0623016
0.108348 9.99549E-05 9.99549E-05 0.206785 9.99549E-05 9.99549E-05 0.247978 0.371991 9.99549E-05 0.0643976
9.9937E-05 9.9937E-05 9.9937E-05 0.347168 9.9937E-05 9.9937E-05 0.264792 0.38734 9.9937E-05 9.9937E-05
0.050264 9.9964E-05 0.0613694 9.9964E-05 9.9964E-05 0.0149442 0.675667 0.179669 0.0176873 9.9964E-05
9.99371E-05 9.99371E-05 9.99371E-05 9.99371E-05 0.547336 9.99371E-05 9.99371E-05 0.384375 0.0675894 9.99371E-05
0.367476 9.99549E-05 9.99549E-05 9.99549E-05 0.121561 9.99549E-05 0.450783 0.0490449 0.0106345 9.99549E-05
9.9946E-05 9.9946E-05 9.9946E-05 0.147792 9.9946E-05 9.9946E-05 0.477282 0.272478 0.101848 9.9946E-05
0.391074 9.99549E-05 9.99549E-05 9.99549E-05 0.110558 9.99549E-05 0.292175 0.0891893 0.116504 9.99549E-05
9.9955E-05 9.9955E-05 9.9955E-05 0.207541 9.9955E-05 9.9955E-05 0.69589 0.0437212 0.0390501 0.0132984
0.269188 9.99549E-05 9.99549E-05 0.24392 9.99549E-05 9.99549E-05 0.295192 0.135687 0.0555144 9.99549E-05
9.9946E-05 9.9946E-05 9.9946E-05 0.155145 0.113307 0.0207422 0.710206 9.9946E-05 9.9946E-05 9.9946E-05
9.9937E-05 9.9937E-05 9.9937E-05 9.9937E-05 0.348562 0.0385976 0.612141 9.9937E-05 9.9937E-05 9.9937E-05
9.9946E-05 9.9946E-05 9.9946E-05 0.277023 0.089443 0.0378135 0.595121 9.9946E-05 9.9946E-05 9.9946E-05
9.9928E-05 9.9928E-05 9.9928E-05 0.214568 9.9928E-05 9.9928E-05 0.784633 9.9928E-05 9.9928E-05 9.9928E-05
9.9946E-05 9.9946E-05 9.9946E-05 0.268998 0.634574 9.9946E-05 0.0814327 9.9946E-05 9.9946E-05 0.0143948
9.9955E-05 9.9955E-05 9.9955E-05 0.511774 0.320211 9.9955E-05 0.0137265 0.1528 0.000988435 9.9955E-05
0.145732 9.9955E-05 9.9955E-05 0.639697 9.9955E-05 0.0445523 0.14936 9.9955E-05 0.0201601 9.9955E-05
9.9937E-05 9.9937E-05 0.0874031 0.530106 0.381792 9.9937E-05 9.9937E-05 9.9937E-05 9.9937E-05 9.9937E-05
9.99641E-05 0.576562 0.0841521 9.99641E-05 0.0470589 9.99641E-05 0.00634351 9.99641E-05 0.101042 0.184442
0.131967 0.574358 0.248844 9.9946E-05 0.0442307 9.9946E-05 9.9946E-05 9.9946E-05 9.9946E-05 9.9946E-05
0.13521 0.699066 0.112313 9.9946E-05 0.0528119 9.9946E-05 9.9946E-05 9.9946E-05 9.9946E-05 9.9946E-05
9.99549E-05 0.527676 9.99549E-05 9.99549E-05 0.0904108 0.0563308 9.99549E-05 9.99549E-05 0.0155185 0.309564
9.9955E-05 0.596692 9.9955E-05 0.0127879 9.9955E-05 0.232884 9.9955E-05 0.0533675 9.9955E-05 0.103769
0.614059 0.24343 9.9937E-05 9.9937E-05 9.9937E-05 0.141811 9.9937E-05 9.9937E-05 9.9937E-05 9.9937E-05
0.24002 0.150379 0.0820688 9.99461E-05 9.99461E-05 9.99461E-05 9.99461E-05 9.99461E-05 9.99461E-05 0.526932
0.219038 0.185481 0.0709219 9.9964E-05 9.9964E-05 0.0512117 9.9964E-05 0.0368681 9.9964E-05 0.436079
0.0353244 0.261929 9.9946E-05 9.9946E-05 9.9946E-05 0.0703329 9.9946E-05 9.9946E-05 9.9946E-05 0.631814
0.254047 0.404933 9.99369E-05 9.99369E-05 9.99369E-05 9.99369E-05 9.99369E-05 9.99369E-05 9.99369E-05 0.34032
9.99371E-05 0.0458214 9.99371E-05 9.99371E-05 0.0676334 9.99371E-05 9.99371E-05 9.99371E-05 9.99371E-05 0.885846
9.99371E-05 9.99371E-05 0.060519 9.99371E-05 9.99371E-05 9.99371E-05 0.0138875 9.99371E-05 9.99371E-05 0.924894
9.99459E-05 0.181269 9.99459E-05 9.99459E-05 9.99459E-05 9.99459E-05 9.99459E-05 0.0371615 0.081096 0.699874
0.0185221 0.0257037 9.9964E-05 0.0610192 9.9964E-05 0.0237924 9.9964E-05 9.9964E-05 0.0319228 0.83864
0.124211 9.99459E-05 9.99459E-05 0.0238951 9.99459E-05 0.245518 9.99459E-05 9.99459E-05 9.99459E-05 0.605776
9.9946E-05 9.9946E-05 0.0490142 0.0412554 9.9946E-05 0.0790963 9.9946E-05 9.9946E-05 9.9946E-05 0.830034
9.9955E-05 0.135792 0.025498 0.00337293 9.9955E-05 9.9955E-05 0.041229 9.9955E-05 9.9955E-05 0.793609
9.9955E-05 0.0625068 9.9955E-05 9.9955E-05 0.0286546 9.9955E-05 0.00849063 9.9955E-05 0.0706048 0.829243
9.9964E-05 0.109569 0.227538 0.0107244 9.9964E-05 9.9964E-05 9.9964E-05 0.0123872 0.0596532 0.579729
0.0226609 0.600613 0.146837 9.9964E-05 9.9964E-05 0.172744 9.9964E-05 0.0323206 9.9964E-05 0.0244243
9.9946E-05 0.650012 0.17878 9.9946E-05 9.9946E-05 0.0453347 9.9946E-05 9.9946E-05 9.9946E-05 0.125273
0.0126598 0.742597 0.051655 0.00560359 9.9964E-05 0.0914625 9.9964E-05 9.9964E-05 0.095622 9.9964E-05
0.0332045 0.756204 0.209892 9.9937E-05 9.9937E-05 9.9937E-05 9.9937E-05 9.9937E-05 9.9937E-05 9.9937E-05
9.9955E-05 0.669228 9.9955E-05 0.0574546 9.9955E-05 0.088538 0.00507496 9.9955E-05 9.9955E-05 0.179205
9.9946E-05 0.684736 9.9946E-05 9.9946E-05 9.9946E-05 0.0258547 9.9946E-05 9.9946E-05 0.13743 0.151379
9.9946E-05 0.566803 9.9946E-05 9.9946E-05 9.9946E-05 0.125338 9.9946E-05 9.9946E-05 0.261659 0.0456003
9.9946E-05 0.708796 9.9946E-05 9.9946E-05 9.9946E-05 0.0192622 0.0693421 9.9946E-05 9.9946E-05 0.202
9.99549E-05 0.62446 9.99549E-05 9.99549E-05 0.0117086 9.99549E-05 0.0598944 9.99549E-05 0.0315349 0.271902
9.99369E-05 0.552156 9.99369E-05 9.99369E-05 9.99369E-05 9.99369E-05 9.99369E-05 9.99369E-05 0.028306 0.418839
9.9955E-05 0.614795 0.0111985 9.9955E-05 9.9955E-05 9.9955E-05 0.0171487 9.9955E-05 0.129679 0.226678
9.9937E-05 0.753782 9.9937E-05 9.9937E-05 9.9937E-05 9.9937E-05 9.9937E-05 9.9937E-05 0.071137 0.174381
9.99459E-05 0.443246 0.26409 9.99459E-05 9.99459E-05 0.0895514 9.99459E-05 9.99459E-05 9.99459E-05 0.202514
9.99461E-05 0.672626 9.99461E-05 9.99461E-05 9.99461E-05 0.143215 0.0580019 9.99461E-05 9.99461E-05 0.125557
0.093991 0.447845 9.9955E-05 9.9955E-05 9.9955E-05 0.0155856 9.9955E-05 9.9955E-05 0.0834345 0.358645
9.99461E-05 0.535794 9.99461E-05 9.99461E-05 9.99461E-05 0.0579427 9.99461E-05 9.99461E-05 0.121121 0.284543
9.99551E-05 0.642475 0.148472 9.99551E-05 9.99551E-05 0.0145283 9.99551E-05 0.00141555 9.99551E-05 0.192609
9.9946E-05 0.791249 9.9946E-05 9.9946E-05 9.9946E-05 9.9946E-05 0.0293987 9.9946E-05 0.103778 0.0749744
9.9937E-05 0.604669 9.9937E-05 9.9937E-05 9.9937E-05 0.0173946 9.9937E-05 9.9937E-05 9.9937E-05 0.377237
0.174591 0.608454 9.9937E-05 9.9937E-05 9.9937E-05 9.9937E-05 9.9937E-05 9.9937E-05 0.216256 9.9937E-05
0.204929 0.610383 0.029898 9.9955E-05 9.9955E-05 9.9955E-05 9.9955E-05 9.9955E-05 0.0818652 0.0724245
0.0925053 0.691598 9.9946E-05 9.9946E-05 9.9946E-05 9.9946E-05 9.9946E-05 9.9946E-05 0.109496 0.105802
9.9946E-05 0.642115 0.029795 9.9946E-05 0.00189932 9.9946E-05 9.9946E-05 9.9946E-05 9.9946E-05 0.325591
9.99459E-05 0.522326 9.99459E-05 9.99459E-05 9.99459E-05 9.99459E-05 0.100777 9.99459E-05 0.00566721 0.37063
9.9946E-05 0.561476 9.9946E-05 0.0189385 9.9946E-05 9.9946E-05 9.9946E-05 9.9946E-05 0.153487 0.265499
9.9946E-05 0.735153 9.9946E-05 0.0632469 9.9946E-05 0.0175277 9.9946E-05 9.9946E-05 9.9946E-05 0.183473
9.9964E-05 0.406019 9.9964E-05 0.108501 0.0254325 9.9964E-05 9.9964E-05 0.104037 0.277181 0.0784287
9.99459E-05 0.487372 9.99459E-05 0.274652 0.13439 9.99459E-05 9.99459E-05 9.99459E-05 9.99459E-05 0.102988
0.0197852 0.729705 9.9946E-05 9.9946E-05 9.9946E-05 0.0838121 9.9946E-05 9.9946E-05 9.9946E-05 0.166098
0.161965 0.710463 0.126872 9.99369E-05 9.99369E-05 9.99369E-05 9.99369E-05 9.99369E-05 9.99369E-05 9.99369E-05
0.120626 0.629433 0.125684 0.0120535 9.9964E-05 9.9964E-05 9.9964E-05 9.9964E-05 0.0645574 0.0472458
0.063541 0.668224 0.202528 9.9955E-05 9.9955E-05 9.9955E-05 9.9955E-05 0.0111789 0.0540285 9.9955E-05
0.175718 0.503718 0.319865 9.99369E-05 9.99369E-05 9.99369E-05 9.99369E-05 9.99369E-05 9.99369E-05 9.99369E-05
9.9946E-05 0.808699 9.9946E-05 9.9946E-05 9.9946E-05 0.049188 0.0186501 9.9946E-05 9.9946E-05 0.122863
0.108601 0.60869 0.28201 9.9937E-05 9.9937E-05 9.9937E-05 9.9937E-05 9.9937E-05 9.9937E-05 9.9937E-05
9.99459E-05 0.57486 0.173481 9.99459E-05 9.99459E-05 9.99459E-05 0.00334802 9.99459E-05 9.99459E-05 0.247711
0.0583923 0.479081 0.136404 9.9955E-05 9.9955E-05 0.0914155 9.9955E-05 9.9955E-05 9.9955E-05 0.234208
0.169963 0.829237 9.9928E-05 9.9928E-05 9.9928E-05 9.9928E-05 9.9928E-05 9.9928E-05 9.9928E-05 9.9928E-05
0.405751 0.0771862 9.9946E-05 0.46971 0.0467525 9.9946E-05 9.9946E-05 9.9946E-05 9.9946E-05 9.9946E-05
0.0343313 9.9937E-05 9.9937E-05 0.924175 9.9937E-05 9.9937E-05 9.9937E-05 0.0407938 9.9937E-05 9.9937E-05
0.0766926 9.9946E-05 9.9946E-05 0.828264 9.9946E-05 0.0606256 0.0338182 9.9946E-05 9.9946E-05 9.9946E-05
9.9937E-05 9.9937E-05 9.9937E-05 0.611903 0.292744 9.9937E-05 9.9937E-05 9.9937E-05 9.9937E-05 0.0946542
9.9955E-05 0.0665815 9.9955E-05 0.393815 0.434083 9.9955E-05 9.9955E-05 0.0518846 9.9955E-05 0.0531363
9.9928E-05 9.9928E-05 9.9928E-05 0.598752 0.400448 9.9928E-05 9.9928E-05 9.9928E-05 9.9928E-05 9.9928E-05
0.229288 9.99549E-05 9.99549E-05 0.197601 0.363588 9.99549E-05 9.99549E-05 0.200796 9.99549E-05 0.00822768
0.289334 9.99549E-05 9.99549E-05 0.198644 0.0727163 9.99549E-05 0.201695 0.237111 9.99549E-05 9.99549E-05
0.854653 9.9946E-05 9.9946E-05 9.9946E-05 0.00149249 9.9946E-05 0.0955581 0.0476962 9.9946E-05 9.9946E-05
9.99549E-05 0.0962725 9.99549E-05 0.216306 0.435451 9.99549E-05 0.188577 0.0628937 9.99549E-05 9.99549E-05
9.99201E-05 9.99201E-05 9.99201E-05 9.99201E-05 0.999101 9.99201E-05 9.99201E-05 9.99201E-05 9.99201E-05 9.99201E-05
9.9946E-05 9.9946E-05 9.9946E-05 0.0744838 0.863929 0.0116145 0.0493733 9.9946E-05 9.9946E-05 9.9946E-05
9.9937E-05 9.9937E-05 9.9937E-05 9.9937E-05 0.724862 0.00555774 0.26888 9.9937E-05 9.9937E-05 9.9937E-05
