0.0267221 0.208671 0.764607
9.999E-05 0.547963 0.451937
0.0394068 0.234854 0.725739
0.086643 0.159112 0.754245
0.121332 9.9991E-05 0.878568
0.0927378 0.0222639 0.884998
0.4434 0.5565 9.9991E-05
0.515171 0.335863 0.148966
0.678955 0.320945 9.9991E-05
0.622274 0.377626 9.9991E-05
0.52391 0.47599 9.9991E-05
0.513693 0.486207 9.9991E-05
0.806905 0.192995 9.9991E-05
0.794137 0.205763 9.9991E-05
0.575945 0.423955 9.9991E-05
0.537067 0.462833 9.9991E-05
0.129356 0.148618 0.722025
0.0988501 0.508155 0.392995
0.234018 0.256378 0.509604
0.253089 0.0664806 0.68043
0.105315 0.290375 0.60431
0.195941 0.299462 0.504597
0.12822 0.303169 0.568611
0.179339 0.0499968 0.770664
0.227477 0.0607534 0.711769
0.130452 0.0662162 0.803331
0.28361 9.9991E-05 0.71629
0.231869 9.9991E-05 0.768031
0.04423 0.242568 0.713202
0.0700366 0.357129 0.572835
0.0526941 0.610994 0.336312
0.127489 0.252279 0.620232
0.00718236 0.243331 0.749487
0.232335 0.148854 0.618811
0.0992301 0.548148 0.352622
0.171512 0.177432 0.651056
0.397073 0.269126 0.333801
0.288259 0.158592 0.55315
0.169243 0.335873 0.494883
0.249501 0.122442 0.628057
9.9991E-05 0.324214 0.675686
0.16019 0.0735041 0.766306
0.212137 0.125077 0.662786
0.221805 0.0813675 0.696827
0.0373457 0.1784 0.784254
0.128625 0.17393 0.697446
0.179977 0.533844 0.28618
0.00377334 0.678517 0.31771
9.9991E-05 0.808403 0.191497
9.9991E-05 0.555789 0.444111
0.102229 0.545269 0.352502
0.16262 0.320477 0.516903
0.18721 0.319478 0.493313
0.151186 0.26626 0.582554
0.12115 0.295877 0.582973
0.273184 0.0192011 0.707615
0.577324 0.261468 0.161208
0.782845 0.127064 0.0900918
0.938063 9.9991E-05 0.0618372
0.745622 0.254278 9.9991E-05
0.866843 0.130016 0.00314111
0.75944 0.152663 0.0878965
0.179873 0.820027 9.9991E-05
0.464083 0.508972 0.026945
0.638096 0.361804 9.9991E-05
0.770364 0.229536 9.9991E-05
0.649044 0.319179 0.0317769
0.971387 0.0285133 9.9991E-05
0.530425 0.469475 9.9991E-05
0.756423 0.243477 9.9991E-05
0.468793 0.501374 0.0298329
0.737006 0.202573 0.0604215
0.492171 0.507729 9.9991E-05
0.868737 0.0725251 0.0587377
0.896325 0.00521426 0.0984604
0.838102 0.108874 0.053024
0.819323 0.166185 0.0144923
0.9998 9.999E-05 9.999E-05
0.874936 0.124964 9.9991E-05
0.533292 0.466608 9.9991E-05
0.83473 0.0948009 0.0704693
0.0707339 9.9991E-05 0.929166
9.9991E-05 0.234376 0.765524
0.045662 0.173724 0.780614
0.109117 0.0212178 0.869665
9.9991E-05 0.183565 0.816335
9.9991E-05 0.781505 0.218395
9.9991E-05 0.321023 0.678877
9.9991E-05 0.338127 0.661773
0.0272603 0.111459 0.861281
9.9991E-05 0.247031 0.752869
0.159957 9.9991E-05 0.839943
0.157939 9.9991E-05 0.841961
0.0959198 9.9991E-05 0.90398
0.104004 0.0603836 0.835613
0.012178 0.418974 0.568848
0.056467 0.158313 0.78522
0.147138 9.9991E-05 0.852762
0.142239 9.9991E-05 0.857661
0.0422237 0.105354 0.852422
9.9991E-05 0.19171 0.80819
9.9991E-05 0.0500233 0.949877
9.9991E-05 0.0894158 0.910484
9.9991E-05 0.152125 0.847775
0.0504194 0.18184 0.76774
0.0369706 9.9991E-05 0.962929
0.0602183 9.9991E-05 0.939682
0.0561154 9.9991E-05 0.943785
0.0918733 9.9991E-05 0.908027
0.0059945 9.9991E-05 0.993906
0.0264348 9.9991E-05 0.973465
9.999E-05 9.999E-05 0.9998
9.9991E-05 0.123475 0.876425
0.0473309 0.0788704 0.873799
9.9991E-05 0.147585 0.852315
0.048962 0.0650436 0.885994
0.0136657 0.0275733 0.958761
9.999E-05 9.999E-05 0.9998
9.9991E-05 0.0818544 0.918046
9.9991E-05 0.269117 0.730783
9.9991E-05 0.204507 0.795393
9.9991E-05 0.129577 0.870323
9.999E-05 9.999E-05 0.9998
0.112929 9.9991E-05 0.886971
0.0674749 9.9991E-05 0.932425
0.0245374 0.0371772 0.938285
0.316178 9.9991E-05 0.683722
0.391457 9.9991E-05 0.608443
9.9991E-05 0.0895618 0.910338
9.9991E-05 0.216529 0.783372
9.9991E-05 0.200238 0.799662
9.9991E-05 0.155713 0.844187
9.9991E-05 0.341305 0.658595
0.000160462 0.0317386 0.968101
9.9991E-05 0.170438 0.829462
9.999E-05 9.999E-05 0.9998
9.9991E-05 0.140919 0.858981
9.9991E-05 0.17333 0.82657
0.358033 0.623943 0.0180243
0.725622 0.274278 9.9991E-05
0.582495 0.417405 9.9991E-05
0.740898 0.156462 0.10264
0.819727 0.0585805 0.121692
0.964583 0.0353169 9.9991E-05
0.687617 0.305554 0.00682875
0.509419 0.490481 9.9991E-05
0.0876056 0.912294 9.9991E-05
0.866376 0.0759871 0.0576372
0.9998 9.999E-05 9.999E-05
0.9998 9.999E-05 9.999E-05
0.980553 9.9991E-05 0.0193471
