0.104506 0.2588 0.0379678 9.9982E-05 0.391699 0.189588 9.9982E-05 0.0172387
0.127738 0.376092 0.00260328 9.9991E-05 0.0320036 0.0666892 0.094995 0.299779
0.218422 0.167896 9.9982E-05 9.9982E-05 0.244359 0.238906 0.0331717 0.0970454
0.623574 0.146377 0.0623349 9.9973E-05 0.165543 9.9973E-05 0.00187056 9.9973E-05
0.149967 9.9964E-05 9.9964E-05 9.9964E-05 0.177942 0.663343 9.9964E-05 0.00834887
0.525543 0.0902291 9.9964E-05 9.9964E-05 0.285477 0.0983515 9.9964E-05 9.9964E-05
9.99549E-05 9.99549E-05 0.65778 9.99549E-05 9.99549E-05 9.99549E-05 0.115889 0.225831
9.999E-05 0.00866684 0.569695 0.016954 0.0385263 0.174829 0.018843 0.172386
0.0223602 0.076059 0.852296 9.9964E-05 9.9964E-05 9.9964E-05 9.9964E-05 0.0488852
9.9955E-05 9.9955E-05 0.846408 9.9955E-05 9.9955E-05 9.9955E-05 0.0947853 0.0583074
9.99549E-05 0.0459198 0.698278 9.99549E-05 9.99549E-05 9.99549E-05 9.99549E-05 0.255303
9.9973E-05 9.9973E-05 0.355447 0.0104728 0.0472107 0.0281002 9.9973E-05 0.558469
0.0143811 9.9973E-05 0.775193 0.15839 9.9973E-05 0.000182994 9.9973E-05 0.0515523
9.99641E-05 9.99641E-05 0.892055 0.0910286 9.99641E-05 0.00906798 0.00744847 9.99641E-05
0.0116253 0.0301454 0.806319 9.9973E-05 9.9973E-05 9.9973E-05 0.0705351 0.0810752
9.9964E-05 0.0201702 0.592146 9.9964E-05 9.9964E-05 9.9964E-05 0.0129976 0.374286
9.9964E-05 9.9964E-05 9.9964E-05 9.9964E-05 0.49108 0.329887 0.159321 0.019312
0.0654724 0.0468475 9.9982E-05 0.102204 0.0516788 0.0716622 0.661935 9.9982E-05
0.130461 9.9964E-05 9.9964E-05 0.0581297 0.647403 9.9964E-05 0.163607 9.9964E-05
0.150253 9.9973E-05 9.9973E-05 0.047478 0.44673 0.208317 0.146923 9.9973E-05
0.105727 9.99729E-05 0.0109609 9.99729E-05 0.191805 0.168565 0.522642 9.99729E-05
0.142103 9.9964E-05 9.9964E-05 0.0244902 0.400137 9.9964E-05 0.43287 9.9964E-05
9.9964E-05 0.221663 9.9964E-05 9.9964E-05 0.526574 0.0499737 9.9964E-05 0.20139
9.9955E-05 0.14813 9.9955E-05 9.9955E-05 0.633506 0.217864 9.9955E-05 9.9955E-05
0.00239542 9.99551E-05 9.99551E-05 9.99551E-05 0.841495 0.155609 9.99551E-05 9.99551E-05
0.224254 0.174102 9.9973E-05 9.9973E-05 0.572027 0.0205386 0.00877866 9.9973E-05
9.9955E-05 9.9955E-05 9.9955E-05 0.10191 0.505281 0.392309 9.9955E-05 9.9955E-05
0.0828272 9.9973E-05 0.0262705 0.0320665 0.473799 0.384737 9.9973E-05 9.9973E-05
9.9973E-05 0.202512 0.100526 9.9973E-05 0.00377902 0.413392 0.279491 9.9973E-05
0.0249433 0.0911067 0.152822 9.9973E-05 9.9973E-05 0.324677 0.406152 9.9973E-05
0.389424 9.9955E-05 9.9955E-05 9.9955E-05 9.9955E-05 9.9955E-05 0.292405 0.31767
0.381908 9.9973E-05 9.9973E-05 9.9973E-05 0.0458855 0.237442 0.174475 0.159989
0.481649 9.9964E-05 9.9964E-05 9.9964E-05 0.157942 0.154433 0.205577 9.9964E-05
0.0156196 0.136361 0.0623619 9.9964E-05 0.785257 9.9964E-05 9.9964E-05 9.9964E-05
9.99549E-05 0.136759 9.99549E-05 9.99549E-05 0.590755 9.99549E-05 9.99549E-05 0.271986
0.0479331 9.9973E-05 9.9973E-05 9.9973E-05 0.508905 0.247357 0.133388 0.0621174
0.166952 9.9973E-05 9.9973E-05 0.194625 0.383213 9.9973E-05 0.000392915 0.254518
0.0103143 9.9973E-05 9.9973E-05 0.0269688 0.704939 0.14882 9.9973E-05 0.108659
0.0638819 0.185975 0.0493944 0.0206692 0.551218 9.9982E-05 0.128661 9.9982E-05
0.13577 9.9973E-05 9.9973E-05 0.0237961 0.64809 0.0395226 0.152521 9.9973E-05
0.379113 0.525496 9.9955E-05 9.9955E-05 0.0948904 9.9955E-05 9.9955E-05 9.9955E-05
0.467718 0.235462 9.9973E-05 0.093461 0.175209 0.0278494 9.9973E-05 9.9973E-05
0.644523 9.9973E-05 9.9973E-05 0.101508 0.0848611 0.0262372 0.142571 9.9973E-05
0.240392 0.462506 0.0229356 0.15748 0.116386 9.9973E-05 9.9973E-05 9.9973E-05
0.545945 0.169944 0.00900996 9.9973E-05 0.243117 9.9973E-05 0.0316845 9.9973E-05
0.554819 0.0344002 9.9964E-05 9.9964E-05 0.301582 9.9964E-05 0.108799 9.9964E-05
9.9955E-05 9.9955E-05 9.9955E-05 0.0807461 0.238136 9.9955E-05 0.680618 9.9955E-05
9.9955E-05 0.126385 9.9955E-05 9.9955E-05 9.9955E-05 9.9955E-05 0.734872 0.138243
9.9955E-05 0.143632 9.9955E-05 9.9955E-05 9.9955E-05 9.9955E-05 0.828955 0.0269128
9.9946E-05 0.340265 9.9946E-05 9.9946E-05 9.9946E-05 9.9946E-05 0.659135 9.9946E-05
0.0236258 9.9973E-05 0.0214959 9.9973E-05 0.114955 0.0176508 0.821973 9.9973E-05
9.9982E-05 0.301114 0.10862 0.00296787 0.450165 0.00124072 0.135693 9.9982E-05
9.9964E-05 9.9964E-05 9.9964E-05 0.0883421 0.390408 0.0563212 0.464529 9.9964E-05
9.9964E-05 0.260669 9.9964E-05 0.0647343 0.582601 9.9964E-05 0.0915958 9.9964E-05
9.9973E-05 0.249317 0.0209104 0.0199861 0.592849 9.9973E-05 0.116637 9.9973E-05
0.246161 9.9973E-05 9.9973E-05 0.0753307 0.513389 0.13242 0.0323998 9.9973E-05
9.9973E-05 0.0994593 0.404476 0.156036 0.176299 9.9973E-05 9.9973E-05 0.163429
9.9964E-05 9.9964E-05 0.648761 0.128083 0.113382 0.109375 9.9964E-05 9.9964E-05
9.9955E-05 0.09791 0.0216419 0.879948 9.9955E-05 9.9955E-05 9.9955E-05 9.9955E-05
9.998E-05 0.117967 0.175346 0.501565 0.0140711 9.998E-05 0.0382338 0.152617
9.9964E-05 0.0156982 0.11615 0.607706 9.9964E-05 9.9964E-05 9.9964E-05 0.260046
9.99639E-05 0.0286423 9.99639E-05 0.624267 9.99639E-05 9.99639E-05 0.120893 0.225797
9.9964E-05 0.0239121 0.0175658 9.9964E-05 9.9964E-05 9.9964E-05 0.0603633 0.897759
0.0621976 9.9973E-05 9.9973E-05 0.13532 0.0604127 0.0224144 9.9973E-05 0.719355
0.0737445 9.9964E-05 0.572399 0.026257 9.9964E-05 9.9964E-05 9.9964E-05 0.327199
9.9964E-05 9.9964E-05 0.836799 0.0804937 9.9964E-05 9.9964E-05 0.032607 0.0497009
0.0260383 9.9982E-05 0.477597 0.153319 0.153192 9.9982E-05 0.0181778 0.171477
9.99552E-05 9.99552E-05 0.437059 0.468862 0.0935788 9.99552E-05 9.99552E-05 9.99552E-05
9.9973E-05 0.000622893 0.268235 0.122152 0.0906439 9.9973E-05 9.9973E-05 0.518047
9.9964E-05 9.9964E-05 0.213994 0.3731 0.101815 9.9964E-05 9.9964E-05 0.310692
9.9973E-05 9.9973E-05 0.156663 0.101051 0.0652008 0.064232 9.9973E-05 0.612553
9.9973E-05 9.9973E-05 0.225308 0.377975 0.11641 0.0264211 9.9973E-05 0.253585
9.9964E-05 9.9964E-05 0.10436 0.105867 9.9964E-05 0.00513834 9.9964E-05 0.784236
9.9964E-05 9.9964E-05 9.9964E-05 0.689117 9.9964E-05 0.0445757 0.0835323 0.182375
0.025399 9.9982E-05 0.157668 0.636693 0.143138 0.0146847 0.0222164 9.9982E-05
9.9964E-05 9.9964E-05 9.9964E-05 0.730441 0.0347287 9.9964E-05 0.0914181 0.143013
0.0448117 9.9964E-05 0.0116066 0.563938 9.9964E-05 9.9964E-05 9.9964E-05 0.379244
0.026685 9.99551E-05 0.0222819 0.950533 9.99551E-05 9.99551E-05 9.99551E-05 9.99551E-05
9.9964E-05 0.0323814 0.328259 0.5468 9.9964E-05 9.9964E-05 9.9964E-05 0.0921596
9.9973E-05 9.9973E-05 0.0766529 0.225967 0.000278214 9.9973E-05 0.0850529 0.611749
0.0836421 9.9973E-05 0.11464 0.621642 9.9973E-05 9.9973E-05 0.0933768 0.0863998
9.99641E-05 9.99641E-05 9.99641E-05 0.00539528 0.0920228 0.870979 0.0312033 9.99641E-05
9.9955E-05 0.838159 9.9955E-05 0.115205 9.9955E-05 0.0461359 9.9955E-05 9.9955E-05
9.9955E-05 0.711744 9.9955E-05 0.105114 9.9955E-05 0.182642 9.9955E-05 9.9955E-05
0.14147 9.996E-05 0.0499298 9.996E-05 9.996E-05 0.71914 0.0890604 9.996E-05
9.9964E-05 0.123887 0.0643191 9.9964E-05 9.9964E-05 0.547865 0.263529 9.9964E-05
9.99551E-05 0.413155 9.99551E-05 9.99551E-05 9.99551E-05 9.99551E-05 0.408392 0.177953
0.619143 0.244075 0.0325897 9.9982E-05 9.9982E-05 0.00998665 0.0299993 0.0640068
0.542357 0.324417 0.0559262 9.9973E-05 9.9973E-05 9.9973E-05 0.0685804 0.00841997
0.573181 9.9955E-05 9.9955E-05 9.9955E-05 9.9955E-05 0.362079 0.0642408 9.9955E-05
0.239751 0.333694 9.9973E-05 9.9973E-05 9.9973E-05 0.312002 0.0556669 0.0585868
0.695669 9.9955E-05 9.9955E-05 0.0639607 9.9955E-05 0.239871 9.9955E-05 9.9955E-05
0.836494 9.9964E-05 9.9964E-05 0.0250197 0.118115 0.0199715 9.9964E-05 9.9964E-05
0.496409 9.9964E-05 0.0229661 9.9964E-05 0.114911 0.365314 9.9964E-05 9.9964E-05
0.674319 0.0517304 9.9982E-05 0.00296755 0.0255594 0.195619 9.9982E-05 0.0496043
0.657248 9.99549E-05 9.99549E-05 9.99549E-05 9.99549E-05 9.99549E-05 0.330823 0.0114285
0.71431 0.00215158 9.9973E-05 9.9973E-05 0.0839941 0.12502 0.0742249 9.9973E-05
0.65575 9.9964E-05 0.00280043 0.0457529 9.9964E-05 0.295296 9.9964E-05 9.9964E-05
0.55364 9.9973E-05 9.9973E-05 0.00927948 0.110064 0.2942 9.9973E-05 0.0325166
0.517467 0.135499 9.9964E-05 9.9964E-05 0.137893 0.208741 9.9964E-05 9.9964E-05
0.00700753 0.341566 0.0138448 9.9982E-05 0.016426 0.409416 0.21154 9.9982E-05
0.0332785 0.357279 9.9964E-05 9.9964E-05 9.9964E-05 0.585019 0.0240238 9.9964E-05
9.9964E-05 0.462987 9.9964E-05 9.9964E-05 0.0363942 0.459014 0.0412049 9.9964E-05
9.9955E-05 0.513732 9.9955E-05 9.9955E-05 9.9955E-05 0.48025 0.00551809 9.9955E-05
0.0432139 0.0176507 9.9973E-05 9.9973E-05 9.9973E-05 0.744047 0.171295 0.0234934
9.9955E-05 9.9955E-05 9.9955E-05 9.9955E-05 0.110251 0.829931 0.0593183 9.9955E-05
9.9964E-05 0.0547552 9.9964E-05 9.9964E-05 0.174037 0.691018 0.0797902 9.9964E-05
9.9955E-05 9.9955E-05 0.00583354 9.9955E-05 9.9955E-05 0.913444 0.0802228 9.9955E-05
0.0194268 9.9982E-05 0.00909638 0.0282544 9.9982E-05 0.890098 0.0333646 0.0195598
0.176503 0.0543435 0.00479988 9.9964E-05 9.9964E-05 0.763954 9.9964E-05 9.9964E-05
0.0295829 9.9955E-05 9.9955E-05 9.9955E-05 0.0914189 0.878498 9.9955E-05 9.9955E-05
9.99551E-05 0.0912994 9.99551E-05 9.99551E-05 0.0244361 0.883765 9.99551E-05 9.99551E-05
0.243744 0.24449 9.9973E-05 9.9973E-05 0.0558333 0.36817 0.0874627 9.9973E-05
0.066615 0.234747 9.9973E-05 0.0451423 9.9973E-05 0.520292 0.132904 9.9973E-05
0.145165 0.208011 9.9982E-05 9.9982E-05 0.0352242 0.564246 0.0323571 0.0147967
0.144496 0.0541996 9.9973E-05 9.9973E-05 9.9973E-05 0.687467 0.0512033 0.0623349
0.0269444 0.139711 0.00455863 9.9973E-05 9.9973E-05 0.745889 0.0825976 9.9973E-05
9.9955E-05 0.124233 9.9955E-05 9.9955E-05 0.0561484 0.819119 9.9955E-05 9.9955E-05
0.158702 0.106927 9.99639E-05 9.99639E-05 9.99639E-05 0.667075 0.066896 9.99639E-05
9.9964E-05 0.62882 9.9964E-05 9.9964E-05 0.0639964 0.262147 9.9964E-05 0.0446369
0.0745226 0.54655 9.9964E-05 9.9964E-05 9.9964E-05 0.329214 9.9964E-05 0.049313
0.00979549 0.281325 9.9964E-05 9.9964E-05 9.9964E-05 0.634725 9.9964E-05 0.0737547
0.168493 0.0329083 9.9955E-05 9.9955E-05 9.9955E-05 0.798099 9.9955E-05 9.9955E-05
0.167817 0.0205807 0.0485273 0.0105011 0.0417336 0.673917 9.9991E-05 0.036824
0.0243832 0.142002 9.9982E-05 0.043102 0.0669621 0.722307 9.9982E-05 0.00104334
0.0401458 0.0232027 9.9973E-05 9.9973E-05 9.9973E-05 0.872701 0.0325742 0.0310765
9.9973E-05 0.0387295 0.152501 0.0575891 0.150055 0.600826 9.9973E-05 9.9973E-05
9.9955E-05 9.9955E-05 9.9955E-05 0.250063 9.9955E-05 0.633011 9.9955E-05 0.116426
9.9964E-05 0.13146 9.9964E-05 9.9964E-05 9.9964E-05 0.70914 0.143521 0.0154796
9.9955E-05 0.672546 9.9955E-05 9.9955E-05 9.9955E-05 0.288101 0.0388539 9.9955E-05
0.0396424 0.381674 9.9964E-05 9.9964E-05 9.9964E-05 0.495354 9.9964E-05 0.08293
0.0215035 0.532633 0.00771794 9.9973E-05 0.027448 0.410398 9.9973E-05 9.9973E-05
9.9955E-05 0.810935 9.9955E-05 9.9955E-05 9.9955E-05 0.134448 0.0541166 9.9955E-05
9.9955E-05 0.0618299 9.9955E-05 9.9955E-05 9.9955E-05 0.823254 0.114416 9.9955E-05
0.0860316 0.563757 0.0366286 9.9964E-05 9.9964E-05 0.313183 9.9964E-05 9.9964E-05
0.0781095 0.253292 0.0178639 9.9964E-05 9.9964E-05 0.650335 9.9964E-05 9.9964E-05
0.112945 0.3817 9.99639E-05 9.99639E-05 9.99639E-05 0.424864 0.0800913 9.99639E-05
9.9964E-05 0.381917 9.9964E-05 9.9964E-05 9.9964E-05 0.555884 0.00516857 0.056631
9.9964E-05 0.110109 9.9964E-05 0.148235 9.9964E-05 9.9964E-05 0.0368053 0.70445
9.9964E-05 9.9964E-05 0.215188 0.429718 9.9964E-05 0.0207969 9.9964E-05 0.333897
9.99729E-05 0.0276554 0.298512 0.252254 9.99729E-05 9.99729E-05 0.127033 0.294245
0.0515592 0.125867 0.0824482 0.684909 9.9982E-05 9.9982E-05 0.0216207 0.0333962
0.062317 0.0756987 0.0878801 0.695157 9.9982E-05 0.0372909 9.9982E-05 0.0414563
9.9964E-05 9.9964E-05 0.0865888 0.802509 9.9964E-05 0.0318906 9.9964E-05 0.0786119
0.0496324 0.00435459 0.241752 0.326894 9.997E-05 9.997E-05 9.997E-05 0.377067
0.0129787 9.9964E-05 0.259287 0.158858 9.9964E-05 9.9964E-05 9.9964E-05 0.568477
9.99462E-05 0.0856858 9.99462E-05 9.99462E-05 9.99462E-05 9.99462E-05 9.99462E-05 0.913715
9.9964E-05 9.9964E-05 0.0618985 0.649829 9.9964E-05 0.0883227 9.9964E-05 0.19955
9.99551E-05 9.99551E-05 0.015203 0.914319 0.0699782 9.99551E-05 9.99551E-05 9.99551E-05
9.99461E-05 9.99461E-05 9.99461E-05 0.946879 0.0525216 9.99461E-05 9.99461E-05 9.99461E-05
0.0650184 9.9964E-05 0.0898186 0.836427 9.9964E-05 0.00833636 9.9964E-05 9.9964E-05
