0.383482 9.9991E-05 0.303205 0.235756 0.0774576
0.078814 9.9991E-05 0.272142 0.184143 0.464801
0.327547 9.9991E-05 0.04787 0.45577 0.168713
0.404808 9.9991E-05 0.00936002 0.448616 0.137116
0.218419 0.0116063 0.0591453 0.71073 9.9991E-05
0.540311 9.9982E-05 0.114394 0.345095 9.9982E-05
9.9973E-05 0.481112 9.9973E-05 9.9973E-05 0.518588
9.999E-05 0.562064 0.148486 0.0275485 0.261802
9.9982E-05 0.643084 0.00470568 9.9982E-05 0.35201
0.000594193 0.651321 0.0165515 9.9991E-05 0.331434
9.9973E-05 0.541709 9.9973E-05 9.9973E-05 0.457991
9.999E-05 0.561884 0.00782487 0.0282215 0.40197
9.9973E-05 0.819902 9.9973E-05 9.9973E-05 0.179798
9.9982E-05 0.798028 0.0767982 9.9982E-05 0.124973
9.9973E-05 0.618958 9.9973E-05 9.9973E-05 0.380742
9.9973E-05 0.554447 9.9973E-05 9.9973E-05 0.445253
0.506073 9.9991E-05 0.0221661 0.389101 0.08256
0.478096 9.9982E-05 9.9982E-05 0.113502 0.408202
0.689694 0.0859111 0.0611168 0.0404092 0.122868
0.679624 0.0768817 9.9982E-05 0.243295 9.9982E-05
0.492597 9.9982E-05 9.9982E-05 0.26916 0.238043
0.776438 9.9973E-05 9.9973E-05 9.9973E-05 0.223262
0.410458 0.0759891 0.376914 0.00468916 0.13195
0.450569 0.0762476 0.448754 0.0243287 9.9991E-05
0.658827 0.0611135 0.27986 9.9982E-05 9.9982E-05
0.706757 9.9982E-05 0.22398 0.0690639 9.9982E-05
0.50585 0.105338 9.9982E-05 0.388612 9.9982E-05
0.467154 0.0815249 9.9982E-05 0.451121 9.9982E-05
0.192895 9.9991E-05 0.212369 0.352232 0.242404
0.255889 0.0242254 0.0331822 0.360765 0.325938
0.393328 9.9982E-05 9.9982E-05 0.0374168 0.569055
0.276965 0.0435216 9.9991E-05 0.427528 0.251885
0.495413 9.9982E-05 9.9982E-05 0.317282 0.187105
0.626635 0.0721105 0.301055 9.9982E-05 9.9982E-05
0.534467 9.9982E-05 0.176114 9.9982E-05 0.289219
0.59402 0.00665521 0.00827702 0.279755 0.111293
0.469478 0.307024 9.9991E-05 0.0241424 0.199256
0.614876 0.127977 0.140569 0.0623515 0.0542268
0.58058 0.0502364 0.224088 9.9991E-05 0.144995
0.801712 0.0201744 0.0673727 0.0757028 0.0350378
0.412585 9.9982E-05 0.527348 9.9982E-05 0.0598678
0.413684 0.0211996 0.109875 0.413571 0.0416707
0.426261 0.115486 9.9991E-05 0.411815 0.0463383
0.18257 0.144106 0.516063 0.15716 9.9991E-05
0.498035 9.9991E-05 0.238736 0.243269 0.0198601
0.727712 9.9991E-05 0.0617969 0.14292 0.0674713
0.582093 0.0522202 9.9982E-05 9.9982E-05 0.365486
0.246203 9.9982E-05 9.9982E-05 0.113887 0.63971
0.20303 9.9982E-05 9.9982E-05 0.0335595 0.76321
0.234331 9.9991E-05 0.127226 0.10349 0.534852
0.510325 9.9982E-05 9.9982E-05 0.0185737 0.470901
0.387307 0.110717 0.428362 9.9991E-05 0.0735143
0.654501 0.082127 0.0378119 0.0371521 0.188408
0.61741 0.0156924 0.366698 9.9982E-05 9.9982E-05
0.549014 0.0664557 0.38433 9.9982E-05 9.9982E-05
0.785991 0.0346269 9.9982E-05 0.179182 9.9982E-05
0.0826433 0.553523 0.21451 9.9991E-05 0.149224
9.9991E-05 0.781999 0.124368 0.049178 0.0443547
0.0252247 0.884745 9.9982E-05 0.0898302 9.9982E-05
0.0221767 0.69855 0.158505 9.9991E-05 0.120669
9.9982E-05 0.840101 9.9982E-05 0.0527173 0.106982
0.0668158 0.729577 9.9991E-05 0.0589765 0.144531
9.99729E-05 0.215919 9.99729E-05 9.99729E-05 0.783781
0.0167395 0.494648 9.9991E-05 0.0251059 0.463406
9.9982E-05 0.628438 9.9982E-05 0.0244551 0.346907
9.9973E-05 0.76256 9.9973E-05 9.9973E-05 0.23714
0.0932572 0.639046 9.9991E-05 0.0175269 0.25007
0.012507 0.917527 0.069766 9.99821E-05 9.99821E-05
0.0150503 0.564192 9.9982E-05 9.9982E-05 0.420558
9.9982E-05 0.745454 0.103023 9.9982E-05 0.151323
0.0154801 0.468518 9.9991E-05 0.0612536 0.454648
0.0623032 0.798644 9.9991E-05 0.0127891 0.126164
9.9982E-05 0.543993 9.9982E-05 0.0173847 0.438422
0.0405643 0.785302 9.9991E-05 0.111266 0.0627686
0.239876 0.759824 9.9973E-05 9.9973E-05 9.9973E-05
0.131881 0.81875 9.9982E-05 9.9982E-05 0.0491694
9.9982E-05 0.767464 9.9982E-05 0.0509274 0.181409
9.9973E-05 0.96549 9.9973E-05 0.0342098 9.9973E-05
9.9982E-05 0.901971 0.0535126 9.9982E-05 0.0443168
9.99729E-05 0.552387 9.99729E-05 9.99729E-05 0.447313
0.119518 0.7534 9.9991E-05 0.0132597 0.113722
0.0978767 0.0375005 0.0594624 0.80506 9.9991E-05
0.039138 0.0524637 0.908198 9.9982E-05 9.9982E-05
9.9982E-05 0.0734646 0.775002 0.151333 9.9982E-05
9.9982E-05 0.0751931 9.9982E-05 0.860852 0.0637547
0.0377101 9.9991E-05 0.00976049 0.717596 0.234834
9.9982E-05 9.9982E-05 0.00109205 0.182321 0.816387
0.0755412 0.00959451 0.0333952 0.547408 0.334061
0.142315 9.9991E-05 0.166886 0.416604 0.274095
0.0625265 9.9982E-05 9.9982E-05 0.816675 0.120599
9.9982E-05 9.9982E-05 0.0843226 0.65994 0.255538
0.0397855 0.126927 9.9982E-05 0.833088 9.9982E-05
0.356935 0.0223235 9.9982E-05 0.620542 9.9982E-05
0.293072 0.00253063 9.9982E-05 0.704197 9.9982E-05
0.181825 0.0208167 9.9991E-05 0.719686 0.077573
0.169965 9.9982E-05 9.9982E-05 0.446631 0.383204
0.313547 9.9982E-05 9.9982E-05 0.551456 0.134798
0.111155 0.0963698 9.9982E-05 0.792275 9.9982E-05
0.187355 0.0750821 9.9982E-05 0.737363 9.9982E-05
0.177455 0.0388673 0.176747 0.606831 9.9991E-05
0.113937 9.9991E-05 0.316888 0.427349 0.141725
0.0434683 9.9982E-05 0.432614 0.523717 9.9982E-05
0.0795627 9.9982E-05 0.597107 0.32313 9.9982E-05
9.9973E-05 9.9973E-05 0.513514 0.486186 9.9973E-05
9.9973E-05 9.9973E-05 9.9973E-05 0.799943 0.199757
0.140168 9.9973E-05 9.9973E-05 0.859533 9.9973E-05
0.233786 9.9982E-05 0.164011 0.602004 9.9982E-05
9.9991E-05 0.0140001 0.0184727 0.929379 0.0380486
0.0335951 0.0302673 9.9991E-05 0.888324 0.0477139
0.0516944 9.9982E-05 0.0784906 0.869615 9.9982E-05
0.0488868 0.0174848 0.0870989 0.84643 9.9991E-05
0.0132984 9.9982E-05 0.177223 0.809278 9.9982E-05
0.18018 9.9991E-05 0.16591 0.52602 0.127789
0.0348363 0.0828994 0.306199 0.575965 9.9991E-05
0.0632427 9.9991E-05 0.11198 0.703112 0.121566
0.0252916 9.9991E-05 0.103121 0.805704 0.0657834
0.0348535 9.9991E-05 0.100667 0.815091 0.0492888
0.00962359 9.9982E-05 0.167656 0.822521 9.9982E-05
9.9973E-05 9.9973E-05 9.9973E-05 0.850977 0.148723
9.9982E-05 9.9982E-05 0.77464 0.205956 0.019204
9.9982E-05 9.9982E-05 0.585284 0.366072 0.0484438
9.9973E-05 9.9973E-05 0.437001 0.562699 9.9973E-05
9.9973E-05 9.9973E-05 0.106586 0.893115 9.9973E-05
0.0788987 0.0672065 0.0131947 0.820189 0.0205116
9.99876E-05 0.0452969 0.192717 0.761786 9.99876E-05
9.9973E-05 9.9973E-05 0.0894658 0.910234 9.9973E-05
9.9982E-05 0.305862 0.153279 0.540659 9.9982E-05
9.9982E-05 0.353761 0.0364821 0.609557 9.9982E-05
9.9982E-05 9.9982E-05 0.102302 0.816917 0.0805812
9.9982E-05 9.9982E-05 0.605115 0.320188 0.0744967
9.9982E-05 9.9982E-05 0.431924 0.470982 0.0968942
9.9973E-05 9.9973E-05 0.593884 0.405816 9.9973E-05
9.9982E-05 9.9982E-05 0.896771 0.0539266 0.0491027
9.9982E-05 9.9982E-05 0.0866266 0.847685 0.0654879
0.0217131 9.9991E-05 0.640596 0.322966 0.0146245
0.0115256 0.0100046 0.288866 0.689504 9.9991E-05
0.100462 9.9991E-05 0.348369 0.48483 0.066239
9.9982E-05 9.9982E-05 0.3692 0.531296 0.0993037
9.9982E-05 0.36346 0.0931731 9.9982E-05 0.543166
9.9982E-05 0.713948 0.00237057 9.9982E-05 0.283482
0.00910554 0.606721 9.9982E-05 9.9982E-05 0.383974
9.9991E-05 0.753948 0.0146425 0.132094 0.0992153
9.9982E-05 0.777635 9.9982E-05 0.181739 0.040426
9.9982E-05 0.94154 9.9982E-05 0.0555801 0.00267966
9.9982E-05 0.684805 0.0791482 9.9982E-05 0.235846
9.99729E-05 0.539268 9.99729E-05 9.99729E-05 0.460432
9.99731E-05 0.175256 9.99731E-05 9.99731E-05 0.824444
9.9982E-05 0.81568 9.9982E-05 0.139468 0.0446523
0.0403836 0.959316 9.99731E-05 9.99731E-05 9.99731E-05
0.0808289 0.918871 9.9973E-05 9.9973E-05 9.9973E-05
0.0572617 0.904496 9.9982E-05 0.0380428 9.9982E-05
