0.0625121 9.99549E-05 9.99549E-05 9.99549E-05 0.0948817 0.0801404 9.99549E-05 9.99549E-05 0.20459 0.557376
0.21132 9.9964E-05 0.00478806 9.9964E-05 0.0856612 0.3005 0.140003 9.9964E-05 9.9964E-05 0.257328
0.0557646 9.9964E-05 9.9964E-05 9.9964E-05 0.270959 9.9964E-05 0.0767702 0.0867828 0.253892 0.255431
0.000649781 9.9973E-05 0.0194807 0.028199 0.614069 0.13307 9.9973E-05 0.115527 9.9973E-05 0.0887051
9.9946E-05 9.9946E-05 9.9946E-05 9.9946E-05 0.161938 9.9946E-05 9.9946E-05 0.0496445 0.59738 0.190438
9.9955E-05 9.9955E-05 9.9955E-05 0.0131598 0.476665 9.9955E-05 9.9955E-05 0.0923 0.0994697 0.317906
0.0602994 9.9946E-05 0.726521 9.9946E-05 9.9946E-05 0.0190398 0.193541 9.9946E-05 9.9946E-05 9.9946E-05
9.9964E-05 0.0354837 0.544662 9.9964E-05 9.9964E-05 0.0318947 0.128692 0.133729 0.125138 9.9964E-05
0.039322 9.9946E-05 0.821963 0.113188 0.0249273 9.9946E-05 9.9946E-05 9.9946E-05 9.9946E-05 9.9946E-05
0.00576279 9.9964E-05 0.927475 9.9964E-05 9.9964E-05 0.0081697 0.00714276 0.045248 9.9964E-05 0.00580222
9.99459E-05 9.99459E-05 0.778539 9.99459E-05 9.99459E-05 0.00943141 0.180021 9.99459E-05 9.99459E-05 0.031409
9.9964E-05 0.033457 0.2556 9.9964E-05 9.9964E-05 9.9964E-05 0.655165 0.0243067 0.0279662 0.00310505
9.9946E-05 0.258004 0.559472 9.9946E-05 9.9946E-05 9.9946E-05 0.175293 9.9946E-05 0.00663084 9.9946E-05
9.9937E-05 0.214878 0.739962 9.9937E-05 9.9937E-05 9.9937E-05 9.9937E-05 0.0444604 9.9937E-05 9.9937E-05
0.0448351 9.9964E-05 0.866014 0.012564 0.0156056 9.9964E-05 0.0523268 9.9964E-05 0.00825459 9.9964E-05
0.0263104 9.99461E-05 0.655158 9.99461E-05 9.99461E-05 0.0234656 0.294466 9.99461E-05 9.99461E-05 9.99461E-05
9.9964E-05 9.9964E-05 9.9964E-05 9.9964E-05 0.00255964 0.0303967 0.0437609 0.583682 0.323072 0.0161291
0.362221 9.9964E-05 0.0266001 0.0216669 9.9964E-05 9.9964E-05 0.0191358 0.553039 0.0169373 9.9964E-05
0.0627544 0.0562566 9.9955E-05 9.9955E-05 0.107122 9.9955E-05 9.9955E-05 0.423899 9.9955E-05 0.349469
9.9937E-05 9.9937E-05 9.9937E-05 9.9937E-05 0.193465 9.9937E-05 9.9937E-05 0.720651 0.0851842 9.9937E-05
0.300599 9.99549E-05 0.0237149 9.99549E-05 0.0839466 9.99549E-05 9.99549E-05 0.448203 0.143037 9.99549E-05
0.14458 9.99369E-05 9.99369E-05 9.99369E-05 0.113151 9.99369E-05 9.99369E-05 0.741569 9.99369E-05 9.99369E-05
0.0469636 9.9946E-05 9.9946E-05 9.9946E-05 9.9946E-05 9.9946E-05 0.0993536 9.9946E-05 0.156983 0.6961
9.9946E-05 9.9946E-05 9.9946E-05 9.9946E-05 9.9946E-05 0.00838733 0.0152346 9.9946E-05 0.292864 0.682914
9.9946E-05 0.0208552 9.9946E-05 9.9946E-05 9.9946E-05 9.9946E-05 9.9946E-05 0.114342 0.105876 0.758327
9.9955E-05 9.9955E-05 9.9955E-05 9.9955E-05 0.174577 0.10034 9.9955E-05 0.452207 0.0444339 0.227942
9.9946E-05 0.0609939 9.9946E-05 9.9946E-05 9.9946E-05 9.9946E-05 9.9946E-05 0.555946 0.329191 0.0532689
9.9955E-05 0.0666577 9.9955E-05 9.9955E-05 0.0927116 9.9955E-05 9.9955E-05 0.306613 0.383507 0.15001
0.224976 9.9955E-05 0.0876397 9.9955E-05 9.9955E-05 0.122583 9.9955E-05 0.189579 0.374723 9.9955E-05
0.322385 9.9964E-05 0.134402 9.9964E-05 0.0410873 0.0217453 9.9964E-05 0.203793 0.276188 9.9964E-05
0.203773 9.9946E-05 9.9946E-05 9.9946E-05 0.424321 9.9946E-05 0.264583 0.106724 9.9946E-05 9.9946E-05
0.0208826 9.99549E-05 9.99549E-05 9.99549E-05 0.327216 9.99549E-05 0.202153 0.219471 0.229777 9.99549E-05
0.0956185 9.9946E-05 9.9946E-05 9.9946E-05 0.522158 9.9946E-05 9.9946E-05 0.31914 0.0624837 9.9946E-05
9.9937E-05 0.0314586 9.9937E-05 9.9937E-05 9.9937E-05 9.9937E-05 9.9937E-05 0.0328584 9.9937E-05 0.934983
0.0521788 9.99369E-05 9.99369E-05 9.99369E-05 9.99369E-05 9.99369E-05 0.180908 9.99369E-05 9.99369E-05 0.766214
9.9955E-05 9.9955E-05 9.9955E-05 9.9955E-05 0.120272 9.9955E-05 0.0713385 0.396555 0.214209 0.197127
0.112441 0.236183 9.99549E-05 9.99549E-05 0.0378779 9.99549E-05 0.203724 9.99549E-05 9.99549E-05 0.409276
9.9964E-05 0.0414683 9.9964E-05 9.9964E-05 0.0575494 9.9964E-05 0.0889941 0.224598 0.0717111 0.515279
0.188179 0.119014 9.9964E-05 9.9964E-05 0.0626602 0.0306251 9.9964E-05 0.159056 9.9964E-05 0.440065
9.9955E-05 9.9955E-05 9.9955E-05 0.0466104 0.173503 9.9955E-05 9.9955E-05 0.491588 0.0185098 0.269288
9.9946E-05 9.9946E-05 9.9946E-05 9.9946E-05 0.342533 0.500594 9.9946E-05 0.0857139 9.9946E-05 0.0705592
9.9955E-05 0.100297 9.9955E-05 9.9955E-05 0.445619 0.261471 9.9955E-05 0.125758 0.0663548 9.9955E-05
0.156282 0.151804 9.99459E-05 9.99459E-05 0.558812 9.99459E-05 9.99459E-05 9.99459E-05 9.99459E-05 0.132503
9.9955E-05 0.144125 9.9955E-05 0.0292628 0.203497 0.597668 9.9955E-05 9.9955E-05 9.9955E-05 0.0249478
9.99551E-05 9.99551E-05 0.0366632 9.99551E-05 0.495969 0.217032 9.99551E-05 0.184699 9.99551E-05 0.065138
0.0314909 9.9946E-05 9.9946E-05 9.9946E-05 0.519162 9.9946E-05 9.9946E-05 0.247541 9.9946E-05 0.201206
0.263349 9.9946E-05 9.9946E-05 0.0113259 9.9946E-05 9.9946E-05 0.0609976 0.663728 9.9946E-05 9.9946E-05
0.539036 9.99459E-05 9.99459E-05 9.99459E-05 9.99459E-05 0.0529955 0.0848988 0.32247 9.99459E-05 9.99459E-05
0.835736 9.9937E-05 9.9937E-05 9.9937E-05 9.9937E-05 9.9937E-05 0.0158889 0.147676 9.9937E-05 9.9937E-05
0.67388 9.9946E-05 9.9946E-05 9.9946E-05 9.9946E-05 0.106811 9.9946E-05 0.131917 9.9946E-05 0.0867924
0.530042 9.99459E-05 0.00720718 0.0170963 9.99459E-05 9.99459E-05 9.99459E-05 0.445055 9.99459E-05 9.99459E-05
0.0423064 9.9964E-05 0.0575225 0.029211 9.9964E-05 0.340171 9.9964E-05 0.508234 9.9964E-05 0.0221548
0.210373 9.9955E-05 9.9955E-05 0.0720015 9.9955E-05 9.9955E-05 9.9955E-05 0.624968 0.019277 0.0728811
9.9946E-05 0.0411921 9.9946E-05 9.9946E-05 9.9946E-05 0.321587 9.9946E-05 0.568808 9.9946E-05 0.0678132
9.99369E-05 9.99369E-05 9.99369E-05 9.99369E-05 9.99369E-05 0.368325 9.99369E-05 0.589568 9.99369E-05 0.0414073
9.99549E-05 0.0748632 9.99549E-05 9.99549E-05 0.294434 9.99549E-05 9.99549E-05 0.559149 0.0682414 0.00281333
9.9955E-05 9.9955E-05 0.329832 0.329275 9.9955E-05 0.0486402 0.00654197 9.9955E-05 9.9955E-05 0.285211
9.9964E-05 0.278813 0.491126 0.0378994 9.9964E-05 0.0145963 9.9964E-05 9.9964E-05 0.0167629 0.160402
9.995E-05 0.489146 9.995E-05 0.491418 9.995E-05 0.00983281 9.995E-05 9.995E-05 0.00152365 0.00757954
9.9955E-05 9.9955E-05 0.149914 0.697254 9.9955E-05 0.089702 0.00221787 0.0604129 9.9955E-05 9.9955E-05
9.9946E-05 0.0984421 0.0382949 0.691864 9.9946E-05 9.9946E-05 0.1708 9.9946E-05 9.9946E-05 9.9946E-05
9.9946E-05 9.9946E-05 9.9946E-05 0.844107 9.9946E-05 0.0536791 0.0063229 0.0952911 9.9946E-05 9.9946E-05
0.187908 9.99369E-05 9.99369E-05 9.99369E-05 9.99369E-05 9.99369E-05 0.806675 9.99369E-05 9.99369E-05 0.00471733
9.99459E-05 0.100349 9.99459E-05 9.99459E-05 0.0499828 9.99459E-05 0.815835 0.0332338 9.99459E-05 9.99459E-05
9.99459E-05 9.99459E-05 0.453707 0.16444 0.0265048 9.99459E-05 0.354748 9.99459E-05 9.99459E-05 9.99459E-05
9.9937E-05 9.9937E-05 0.681283 0.24324 9.9937E-05 9.9937E-05 9.9937E-05 9.9937E-05 9.9937E-05 0.0747779
9.9964E-05 0.231871 0.284841 9.9964E-05 0.000891962 9.9964E-05 0.295173 0.0861187 9.9964E-05 0.100706
9.99371E-05 0.5258 0.351631 9.99371E-05 9.99371E-05 9.99371E-05 9.99371E-05 9.99371E-05 9.99371E-05 0.12187
9.9946E-05 0.213693 0.131092 9.9946E-05 9.9946E-05 9.9946E-05 0.522706 9.9946E-05 9.9946E-05 0.13191
9.9955E-05 0.282511 0.107508 0.088801 9.9955E-05 9.9955E-05 0.432329 9.9955E-05 9.9955E-05 0.0883508
9.995E-05 0.117943 0.118544 9.995E-05 9.995E-05 9.995E-05 0.669253 9.995E-05 0.0185203 0.0752399
9.996E-05 0.40181 0.0667507 0.068938 9.996E-05 9.996E-05 0.325583 9.996E-05 0.00962921 0.12689
9.9946E-05 9.9946E-05 0.0661889 0.062913 9.9946E-05 9.9946E-05 0.819914 9.9946E-05 0.0503842 9.9946E-05
9.99459E-05 0.375464 9.99459E-05 0.290832 9.99459E-05 9.99459E-05 0.219923 0.113182 9.99459E-05 9.99459E-05
9.9937E-05 0.73145 9.9937E-05 9.9937E-05 9.9937E-05 9.9937E-05 0.179968 0.0878821 9.9937E-05 9.9937E-05
9.9955E-05 0.255782 9.9955E-05 0.58095 0.0419584 9.9955E-05 0.0862055 0.0346048 9.9955E-05 9.9955E-05
9.9946E-05 0.319049 9.9946E-05 0.331162 0.0695541 9.9946E-05 0.279636 9.9946E-05 9.9946E-05 9.9946E-05
9.9937E-05 0.430293 9.9937E-05 0.556593 9.9937E-05 9.9937E-05 9.9937E-05 9.9937E-05 0.012414 9.9937E-05
9.9946E-05 0.180484 0.197557 0.598212 9.9946E-05 9.9946E-05 9.9946E-05 9.9946E-05 9.9946E-05 0.0231474
0.0641598 9.9964E-05 0.0207811 0.392519 9.9964E-05 9.9964E-05 0.497824 0.0102642 9.9964E-05 0.0140518
9.99461E-05 0.00769175 9.99461E-05 0.897042 0.0896774 9.99461E-05 9.99461E-05 9.99461E-05 9.99461E-05 0.00498874
0.00123134 0.00384076 9.99731E-05 9.99731E-05 0.0150339 0.0224807 9.99731E-05 0.119166 0.797998 0.0399491
9.9964E-05 0.0277245 9.9964E-05 0.0697851 0.0048394 0.863093 9.9964E-05 0.0333211 0.000837472 9.9964E-05
9.9937E-05 0.0786363 9.9937E-05 9.9937E-05 9.9937E-05 0.79389 9.9937E-05 9.9937E-05 0.126774 9.9937E-05
0.158521 0.0621116 9.9955E-05 9.9955E-05 0.0966627 9.9955E-05 9.9955E-05 9.9955E-05 0.674065 0.00813963
0.348677 9.99369E-05 0.065267 9.99369E-05 9.99369E-05 9.99369E-05 9.99369E-05 9.99369E-05 0.585356 9.99369E-05
0.914148 9.99281E-05 9.99281E-05 9.99281E-05 9.99281E-05 0.0850527 9.99281E-05 9.99281E-05 9.99281E-05 9.99281E-05
0.177565 9.99641E-05 9.99641E-05 0.00436657 0.565417 0.181239 0.0542336 9.99641E-05 0.0167789 9.99641E-05
0.191762 9.9955E-05 0.0576523 9.9955E-05 0.48925 0.192278 9.9955E-05 9.9955E-05 9.9955E-05 0.068558
0.0540252 9.9955E-05 9.9955E-05 9.9955E-05 0.514774 0.016409 0.0547382 9.9955E-05 0.359554 9.9955E-05
0.303518 9.99459E-05 9.99459E-05 9.99459E-05 0.220069 0.184691 9.99459E-05 9.99459E-05 0.291122 9.99459E-05
9.99371E-05 9.99371E-05 9.99371E-05 0.0311868 0.760295 9.99371E-05 9.99371E-05 9.99371E-05 0.207819 9.99371E-05
9.9946E-05 0.0539861 9.9946E-05 9.9946E-05 0.845517 9.9946E-05 9.9946E-05 0.0333128 0.066584 9.9946E-05
9.99459E-05 9.99459E-05 0.045369 9.99459E-05 0.483295 9.99459E-05 9.99459E-05 9.99459E-05 0.316384 0.154353
0.0421275 9.9964E-05 9.9964E-05 9.9964E-05 0.624751 0.0420711 0.0623323 9.9964E-05 0.186361 0.041957
0.411367 9.99369E-05 9.99369E-05 0.0136617 0.574272 9.99369E-05 9.99369E-05 9.99369E-05 9.99369E-05 9.99369E-05
0.116942 9.9964E-05 0.0244962 0.0020572 0.686695 9.9964E-05 9.9964E-05 9.9964E-05 0.0710218 0.0983879
9.9955E-05 0.0343261 0.0243726 0.0120105 0.636046 9.9955E-05 9.9955E-05 9.9955E-05 0.292745 9.9955E-05
9.9955E-05 0.054565 9.9955E-05 9.9955E-05 0.609891 9.9955E-05 0.0143902 9.9955E-05 0.301946 0.0187088
9.99549E-05 9.99549E-05 0.0165524 9.99549E-05 0.475358 0.18723 9.99549E-05 9.99549E-05 0.187489 0.13287
0.277254 9.99639E-05 0.00678562 9.99639E-05 9.99639E-05 0.206671 9.99639E-05 0.0547761 0.377872 0.0762418
0.0438654 9.9955E-05 9.9955E-05 9.9955E-05 0.0921347 0.323413 9.9955E-05 9.9955E-05 0.487257 0.0528295
0.0906041 9.9946E-05 9.9946E-05 9.9946E-05 9.9946E-05 0.393003 9.9946E-05 9.9946E-05 0.398397 0.117396
9.9928E-05 9.9928E-05 9.9928E-05 9.9928E-05 9.9928E-05 0.577263 9.9928E-05 9.9928E-05 0.421938 9.9928E-05
0.278377 9.99369E-05 9.99369E-05 0.0282659 9.99369E-05 9.99369E-05 9.99369E-05 9.99369E-05 0.692658 9.99369E-05
9.9937E-05 9.9937E-05 9.9937E-05 9.9937E-05 9.9937E-05 9.9937E-05 9.9937E-05 0.0838711 0.858959 0.0564699
0.0498361 9.9946E-05 9.9946E-05 9.9946E-05 9.9946E-05 9.9946E-05 9.9946E-05 0.0795096 0.669711 0.200344
0.0656354 0.005924 0.00610234 9.995E-05 9.995E-05 9.995E-05 9.995E-05 0.00966028 0.912178 9.995E-05
0.0812428 9.9955E-05 9.9955E-05 0.0201474 0.0254972 9.9955E-05 9.9955E-05 9.9955E-05 0.835456 0.037157
9.9946E-05 9.9946E-05 9.9946E-05 9.9946E-05 0.206771 0.0549423 9.9946E-05 9.9946E-05 0.731832 0.00585472
9.9937E-05 9.9937E-05 9.9937E-05 9.9937E-05 0.0357069 9.9937E-05 9.9937E-05 9.9937E-05 0.848725 0.114869
9.9946E-05 9.9946E-05 9.9946E-05 9.9946E-05 0.0162887 0.0447072 9.9946E-05 9.9946E-05 0.884321 0.054083
0.109084 9.9964E-05 9.9964E-05 9.9964E-05 0.233984 0.182037 9.9964E-05 0.00339608 0.369507 0.101592
0.023389 9.996E-05 9.996E-05 0.0280301 0.0291266 0.352064 9.996E-05 0.139884 0.427106 9.996E-05
0.0197092 9.9964E-05 9.9964E-05 9.9964E-05 0.257046 0.163748 9.9964E-05 0.0605721 0.434599 0.0639255
0.104026 9.99461E-05 9.99461E-05 9.99461E-05 0.102488 9.99461E-05 9.99461E-05 9.99461E-05 0.712839 0.0800471
0.140579 9.99461E-05 9.99461E-05 9.99461E-05 0.0255806 0.040606 9.99461E-05 9.99461E-05 0.792635 9.99461E-05
9.9955E-05 9.9955E-05 9.9955E-05 9.9955E-05 9.9955E-05 0.1249 0.0124481 0.0261985 0.820992 0.0149616
0.0901164 9.99459E-05 9.99459E-05 9.99459E-05 0.14708 0.0686619 9.99459E-05 9.99459E-05 0.693542 9.99459E-05
9.9946E-05 9.9946E-05 9.9946E-05 9.9946E-05 9.9946E-05 0.574847 0.0203288 9.9946E-05 0.217554 0.18667
9.9955E-05 9.9955E-05 9.9955E-05 9.9955E-05 0.03261 0.591611 0.0717726 9.9955E-05 0.286183 0.0173236
9.9955E-05 9.9955E-05 9.9955E-05 9.9955E-05 0.0330039 0.384342 0.0537684 9.9955E-05 0.512531 0.0158548
9.9937E-05 9.9937E-05 9.9937E-05 9.9937E-05 0.162463 0.0555337 9.9937E-05 9.9937E-05 0.781303 9.9937E-05
9.9964E-05 0.049284 9.9964E-05 9.9964E-05 0.172182 0.0664904 0.0337854 0.0544957 0.623363 9.9964E-05
9.9955E-05 9.9955E-05 9.9955E-05 0.00931679 0.080006 0.0981037 9.9955E-05 9.9955E-05 0.636503 0.175571
9.9946E-05 9.9946E-05 9.9946E-05 9.9946E-05 9.9946E-05 0.0509234 0.0529078 0.0479682 0.847601 9.9946E-05
9.9946E-05 9.9946E-05 0.110594 0.118382 9.9946E-05 9.9946E-05 9.9946E-05 9.9946E-05 0.577136 0.193289
9.9955E-05 0.0371778 9.9955E-05 0.282373 9.9955E-05 9.9955E-05 0.0807102 0.0105099 0.58873 9.9955E-05
0.0973424 9.9937E-05 9.9937E-05 9.9937E-05 9.9937E-05 0.172885 9.9937E-05 9.9937E-05 0.729073 9.9937E-05
0.145028 9.99369E-05 9.99369E-05 9.99369E-05 9.99369E-05 0.6231 9.99369E-05 9.99369E-05 0.231173 9.99369E-05
0.0253582 9.9964E-05 9.9964E-05 9.9964E-05 0.0142148 0.320087 0.0377098 9.9964E-05 0.463371 0.138859
9.9946E-05 9.9946E-05 9.9946E-05 9.9946E-05 0.00571875 0.500493 9.9946E-05 9.9946E-05 0.312767 0.180421
0.100488 9.9946E-05 9.9946E-05 9.9946E-05 9.9946E-05 0.829137 9.9946E-05 0.027192 0.0425833 9.9946E-05
0.119615 9.9937E-05 9.9937E-05 9.9937E-05 9.9937E-05 0.0688641 9.9937E-05 9.9937E-05 0.810821 9.9937E-05
0.0272632 9.9955E-05 9.9955E-05 9.9955E-05 0.0625524 0.597173 9.9955E-05 9.9955E-05 0.256495 0.0560165
9.9946E-05 9.9946E-05 0.00772489 9.9946E-05 0.133836 0.313609 9.9946E-05 9.9946E-05 0.544231 9.9946E-05
0.14896 9.99549E-05 9.99549E-05 9.99549E-05 0.0817896 0.271973 9.99549E-05 9.99549E-05 0.394092 0.102685
0.0540077 9.9946E-05 9.9946E-05 9.9946E-05 9.9946E-05 0.367248 0.0339656 9.9946E-05 0.54418 9.9946E-05
0.00729545 9.9946E-05 9.9946E-05 0.132241 9.9946E-05 0.119257 0.740607 9.9946E-05 9.9946E-05 9.9946E-05
9.9946E-05 9.9946E-05 0.00738136 0.656462 9.9946E-05 9.9946E-05 0.268943 9.9946E-05 9.9946E-05 0.0666143
0.0820328 9.9955E-05 0.116404 0.546328 9.9955E-05 0.040481 0.214254 9.9955E-05 9.9955E-05 9.9955E-05
9.9964E-05 0.0442578 0.0809479 0.758593 0.0214737 0.061705 9.9964E-05 9.9964E-05 9.9964E-05 0.0326231
9.9955E-05 0.0928174 0.0786571 0.690031 0.0147084 9.9955E-05 9.9955E-05 9.9955E-05 0.123287 9.9955E-05
9.9928E-05 0.118372 9.9928E-05 0.880829 9.9928E-05 9.9928E-05 9.9928E-05 9.9928E-05 9.9928E-05 9.9928E-05
9.9955E-05 0.279458 0.155647 0.0995466 9.9955E-05 0.0401356 0.424713 9.9955E-05 9.9955E-05 9.9955E-05
9.9955E-05 0.0735886 0.169634 0.092322 9.9955E-05 9.9955E-05 0.643156 9.9955E-05 0.0207993 9.9955E-05
0.165746 9.99282E-05 9.99282E-05 9.99282E-05 9.99282E-05 9.99282E-05 0.833455 9.99282E-05 9.99282E-05 9.99282E-05
0.00852069 0.41809 9.99549E-05 0.313639 9.99549E-05 9.99549E-05 0.195637 9.99549E-05 0.0636133 9.99549E-05
9.99201E-05 0.999101 9.99201E-05 9.99201E-05 9.99201E-05 9.99201E-05 9.99201E-05 9.99201E-05 9.99201E-05 9.99201E-05
9.9937E-05 0.665481 9.9937E-05 0.319395 9.9937E-05 9.9937E-05 9.9937E-05 0.0144243 9.9937E-05 9.9937E-05
0.0463511 0.938596 0.000371669 0.00118768 0.0129942 9.9955E-05 9.9955E-05 9.9955E-05 9.9955E-05 9.9955E-05
