0.064296 9.99549E-05 0.150929 9.99549E-05 9.99549E-05 0.434876 0.140839 9.99549E-05 9.99549E-05 0.208561
0.183364 9.9964E-05 0.0538316 9.9964E-05 9.9964E-05 0.244137 0.233765 0.189985 9.9964E-05 0.0945161
0.127356 9.9973E-05 0.199404 9.9973E-05 0.116857 0.220428 0.00667931 0.025141 9.9973E-05 0.303836
9.9946E-05 9.9946E-05 0.604488 9.9946E-05 0.124989 9.9946E-05 0.231724 9.9946E-05 0.038199 9.9946E-05
9.9946E-05 9.9946E-05 0.278356 9.9946E-05 9.9946E-05 0.162524 9.9946E-05 9.9946E-05 0.0027976 0.555723
9.9955E-05 9.9955E-05 0.555113 9.9955E-05 0.10214 0.124614 0.110079 9.9955E-05 9.9955E-05 0.107555
0.0218228 9.9946E-05 9.9946E-05 0.762605 0.0213432 9.9946E-05 9.9946E-05 0.193629 9.9946E-05 9.9946E-05
9.9946E-05 9.9946E-05 9.9946E-05 0.679623 0.137597 9.9946E-05 9.9946E-05 0.0554558 9.9946E-05 0.126725
0.0453572 0.135825 0.00172402 0.816495 9.9946E-05 9.9946E-05 9.9946E-05 9.9946E-05 9.9946E-05 9.9946E-05
9.99461E-05 9.99461E-05 9.99461E-05 0.909801 0.0242933 0.0453047 0.0200014 9.99461E-05 9.99461E-05 9.99461E-05
9.9955E-05 9.9955E-05 0.0142621 0.784796 9.9955E-05 0.00278381 0.0311891 0.166469 9.9955E-05 9.9955E-05
9.99549E-05 0.0850234 9.99549E-05 0.28651 9.99549E-05 0.035287 9.99549E-05 0.565426 9.99549E-05 0.0272545
9.9937E-05 9.9937E-05 9.9937E-05 0.564217 9.9937E-05 9.9937E-05 9.9937E-05 0.130973 0.304111 9.9937E-05
9.9937E-05 9.9937E-05 9.9937E-05 0.735788 0.0206771 9.9937E-05 9.9937E-05 9.9937E-05 0.242835 9.9937E-05
0.10397 9.9946E-05 9.9946E-05 0.85711 9.9946E-05 0.0304207 9.9946E-05 0.00789962 9.9946E-05 9.9946E-05
9.99281E-05 9.99281E-05 9.99281E-05 0.700323 9.99281E-05 9.99281E-05 9.99281E-05 0.298878 9.99281E-05 9.99281E-05
9.9955E-05 9.9955E-05 9.9955E-05 9.9955E-05 0.479905 0.13052 0.00247779 0.0482629 9.9955E-05 0.338334
0.190571 9.9946E-05 9.9946E-05 9.9946E-05 0.687535 9.9946E-05 0.0472689 0.0740249 9.9946E-05 9.9946E-05
9.995E-05 9.995E-05 0.169514 9.995E-05 0.417894 0.331046 9.995E-05 0.0462217 0.0348249 9.995E-05
9.9955E-05 9.9955E-05 0.16248 9.9955E-05 0.610583 0.0149186 9.9955E-05 9.9955E-05 0.0578863 0.153633
0.166981 9.99549E-05 0.0111525 0.0334947 0.549661 9.99549E-05 9.99549E-05 9.99549E-05 9.99549E-05 0.238211
0.0244663 9.9946E-05 0.154207 0.044708 0.776019 9.9946E-05 9.9946E-05 9.9946E-05 9.9946E-05 9.9946E-05
0.0746526 9.9955E-05 9.9955E-05 0.00410885 9.9955E-05 0.680234 9.9955E-05 0.0725532 9.9955E-05 0.167951
9.9946E-05 0.00702698 9.9946E-05 9.9946E-05 9.9946E-05 0.65682 0.095867 9.9946E-05 9.9946E-05 0.239686
9.99371E-05 9.99371E-05 0.079104 9.99371E-05 9.99371E-05 0.786667 9.99371E-05 9.99371E-05 9.99371E-05 0.133529
9.9946E-05 9.9946E-05 0.226283 9.9946E-05 0.411309 0.191647 0.170161 9.9946E-05 9.9946E-05 9.9946E-05
9.9946E-05 9.9946E-05 9.9946E-05 9.9946E-05 0.337552 0.240955 9.9946E-05 9.9946E-05 0.0705615 0.350332
9.9964E-05 9.9964E-05 0.108956 0.0182669 0.111446 0.267413 9.9964E-05 9.9964E-05 0.0897743 0.403743
0.13455 9.9955E-05 9.9955E-05 0.138277 0.243942 9.9955E-05 0.161319 9.9955E-05 9.9955E-05 0.321412
0.274635 9.99461E-05 9.99461E-05 0.147011 0.2863 9.99461E-05 9.99461E-05 9.99461E-05 9.99461E-05 0.291454
0.191833 9.9946E-05 0.309188 9.9946E-05 0.170891 9.9946E-05 9.9946E-05 0.327488 9.9946E-05 9.9946E-05
0.0304116 9.99549E-05 0.279446 9.99549E-05 0.280052 9.99549E-05 9.99549E-05 0.170541 9.99549E-05 0.23905
9.9955E-05 9.9955E-05 0.480792 9.9955E-05 0.337335 9.9955E-05 0.0201348 0.0337819 9.9955E-05 0.127457
9.9946E-05 9.9946E-05 0.067397 0.0273792 9.9946E-05 0.840878 0.0637458 9.9946E-05 9.9946E-05 9.9946E-05
0.167966 9.99369E-05 9.99369E-05 9.99369E-05 9.99369E-05 0.727733 9.99369E-05 0.103601 9.99369E-05 9.99369E-05
9.995E-05 9.995E-05 0.0589237 9.995E-05 0.352518 0.277011 9.995E-05 0.0909749 9.995E-05 0.220073
0.137592 9.99549E-05 0.0936667 9.99549E-05 9.99549E-05 0.361952 9.99549E-05 0.192216 0.214074 9.99549E-05
0.00403253 9.9973E-05 0.0203622 9.9973E-05 0.157644 0.61543 9.9973E-05 0.0148837 0.042447 0.144901
0.189645 9.9964E-05 0.0464389 9.9964E-05 0.152341 0.478257 0.0394524 9.9964E-05 0.0934659 9.9964E-05
9.9955E-05 0.0279198 0.184 9.9955E-05 0.344056 0.381713 9.9955E-05 9.9955E-05 9.9955E-05 0.0618108
0.00602874 9.99551E-05 0.342449 9.99551E-05 0.073964 0.0183216 0.558737 9.99551E-05 9.99551E-05 9.99551E-05
9.9955E-05 9.9955E-05 0.36064 9.9955E-05 0.0920417 9.9955E-05 0.282584 9.9955E-05 0.128512 0.135723
0.138078 9.9946E-05 0.614166 9.9946E-05 0.0479867 9.9946E-05 9.9946E-05 9.9946E-05 0.19917 9.9946E-05
9.99549E-05 0.0364987 0.24469 9.99549E-05 9.99549E-05 0.0701386 0.521447 9.99549E-05 0.126726 9.99549E-05
9.99461E-05 9.99461E-05 0.550315 0.0444477 0.229956 9.99461E-05 0.174681 9.99461E-05 9.99461E-05 9.99461E-05
0.0498993 9.9946E-05 0.566184 9.9946E-05 0.249727 0.133591 9.9946E-05 9.9946E-05 9.9946E-05 9.9946E-05
0.084265 0.0262538 9.9946E-05 9.9946E-05 0.793472 9.9946E-05 9.9946E-05 0.0954099 9.9946E-05 9.9946E-05
0.364357 9.99459E-05 9.99459E-05 9.99459E-05 0.387519 9.99459E-05 0.0736991 0.173826 9.99459E-05 9.99459E-05
0.743613 9.9937E-05 9.9937E-05 9.9937E-05 0.228548 9.9937E-05 9.9937E-05 0.0271398 9.9937E-05 9.9937E-05
0.611957 9.99459E-05 9.99459E-05 9.99459E-05 0.238081 0.0485144 0.100849 9.99459E-05 9.99459E-05 9.99459E-05
0.396978 9.99369E-05 9.99369E-05 0.0474009 0.554922 9.99369E-05 9.99369E-05 9.99369E-05 9.99369E-05 9.99369E-05
9.9955E-05 0.0268694 9.9955E-05 0.0920371 0.368618 0.150234 0.361742 9.9955E-05 9.9955E-05 9.9955E-05
0.0606024 0.0551575 9.9964E-05 9.9964E-05 0.780726 0.0285706 0.0553778 9.9964E-05 9.9964E-05 0.0191659
9.9946E-05 9.9946E-05 9.9946E-05 9.9946E-05 0.483588 0.137444 0.323843 9.9946E-05 0.0545265 9.9946E-05
9.99459E-05 9.99459E-05 9.99459E-05 0.0130005 0.490371 0.16573 0.330298 9.99459E-05 9.99459E-05 9.99459E-05
9.99549E-05 9.99549E-05 0.21432 9.99549E-05 0.504662 0.095662 9.99549E-05 9.99549E-05 0.0781466 0.10671
9.9955E-05 0.350646 9.9955E-05 0.303735 9.9955E-05 0.28887 0.0484879 0.00776144 9.9955E-05 9.9955E-05
0.0221924 0.110341 9.9964E-05 0.432941 9.9964E-05 0.153134 9.9964E-05 9.9964E-05 0.253508 0.0274833
9.9946E-05 0.522983 9.9946E-05 9.9946E-05 9.9946E-05 0.00300432 9.9946E-05 9.9946E-05 0.450473 0.0229402
9.9955E-05 0.678553 9.9955E-05 0.140078 0.0358279 9.9955E-05 0.1303 0.0147421 9.9955E-05 9.9955E-05
9.9937E-05 0.838824 9.9937E-05 0.0961073 9.9937E-05 9.9937E-05 9.9937E-05 0.0643691 9.9937E-05 9.9937E-05
9.9937E-05 0.839749 9.9937E-05 9.9937E-05 0.141266 9.9937E-05 9.9937E-05 0.018285 9.9937E-05 9.9937E-05
0.160852 9.99279E-05 9.99279E-05 9.99279E-05 9.99279E-05 9.99279E-05 9.99279E-05 0.838349 9.99279E-05 9.99279E-05
9.99369E-05 9.99369E-05 9.99369E-05 9.99369E-05 0.0608785 9.99369E-05 9.99369E-05 0.833396 0.105026 9.99369E-05
9.9946E-05 0.198795 0.0761595 0.447939 9.9946E-05 9.9946E-05 9.9946E-05 0.276507 9.9946E-05 9.9946E-05
9.9955E-05 0.21324 9.9955E-05 0.672425 9.9955E-05 0.0161915 9.9955E-05 0.03882 0.0588235 9.9955E-05
0.0105412 9.9973E-05 9.9973E-05 0.296256 0.0314172 0.0934726 9.9973E-05 0.304794 0.260799 0.00242082
9.99371E-05 9.99371E-05 9.99371E-05 0.334392 9.99371E-05 0.140499 9.99371E-05 9.99371E-05 0.52441 9.99371E-05
9.9955E-05 0.00395359 9.9955E-05 0.0777973 9.9955E-05 0.0917495 9.9955E-05 0.602012 0.223988 9.9955E-05
9.9955E-05 0.119088 9.9955E-05 0.218096 9.9955E-05 0.106044 9.9955E-05 0.330152 0.226122 9.9955E-05
9.9955E-05 9.9955E-05 9.9955E-05 0.156725 9.9955E-05 0.123675 9.9955E-05 0.634282 0.0574406 0.0273772
9.9955E-05 0.178618 9.9955E-05 0.137974 9.9955E-05 0.0598899 9.9955E-05 0.302968 0.32005 9.9955E-05
9.9955E-05 0.146681 9.9955E-05 0.0860302 9.9955E-05 0.0245203 9.9955E-05 0.738528 9.9955E-05 0.00374072
9.99459E-05 0.352401 9.99459E-05 9.99459E-05 0.104974 9.99459E-05 9.99459E-05 0.211618 0.330406 9.99459E-05
9.99369E-05 9.99369E-05 9.99369E-05 9.99369E-05 0.0588972 9.99369E-05 9.99369E-05 0.199271 0.741132 9.99369E-05
9.9955E-05 0.588785 0.0264348 9.9955E-05 0.0542522 9.9955E-05 9.9955E-05 0.0941996 0.235828 9.9955E-05
9.994E-05 0.25836 0.0291571 9.994E-05 9.994E-05 9.994E-05 9.994E-05 0.397152 0.314731 9.994E-05
9.9928E-05 0.639516 9.9928E-05 9.9928E-05 9.9928E-05 9.9928E-05 9.9928E-05 9.9928E-05 0.359684 9.9928E-05
9.9946E-05 0.649309 9.9946E-05 0.184435 9.9946E-05 0.0317648 9.9946E-05 9.9946E-05 0.133891 9.9946E-05
9.9946E-05 0.308056 9.9946E-05 0.0931886 0.0830119 9.9946E-05 9.9946E-05 0.515143 9.9946E-05 9.9946E-05
0.0983589 0.713863 0.0346854 9.99461E-05 9.99461E-05 9.99461E-05 9.99461E-05 9.99461E-05 0.152493 9.99461E-05
9.99551E-05 9.99551E-05 0.0570343 9.99551E-05 0.0864216 9.99551E-05 0.0579201 9.99551E-05 0.0420053 0.756119
9.9955E-05 0.0425339 9.9955E-05 9.9955E-05 0.0213457 9.9955E-05 0.869005 9.9955E-05 0.0428396 0.0237758
9.9946E-05 0.0223783 9.9946E-05 9.9946E-05 9.9946E-05 9.9946E-05 0.740914 9.9946E-05 0.0485612 0.187547
0.103269 9.9955E-05 0.0793838 9.9955E-05 9.9955E-05 0.0247273 9.9955E-05 9.9955E-05 0.0770069 0.715113
0.300452 9.99549E-05 0.00220579 0.0835971 0.0214567 9.99549E-05 9.99549E-05 9.99549E-05 9.99549E-05 0.591789
0.999101 9.99201E-05 9.99201E-05 9.99201E-05 9.99201E-05 9.99201E-05 9.99201E-05 9.99201E-05 9.99201E-05 9.99201E-05
0.217003 9.99641E-05 0.55381 0.0143007 9.99641E-05 9.99641E-05 0.0680276 0.0504514 9.99641E-05 0.0960077
0.229312 9.9955E-05 0.484082 0.0762177 9.9955E-05 0.0301396 0.179748 9.9955E-05 9.9955E-05 9.9955E-05
0.0703057 9.9955E-05 0.523286 9.9955E-05 9.9955E-05 9.9955E-05 0.0144785 0.0573053 9.9955E-05 0.334125
0.376395 9.99549E-05 0.135748 9.99549E-05 9.99549E-05 0.00933629 0.0539072 9.99549E-05 9.99549E-05 0.424113
9.9946E-05 0.0423289 0.683969 9.9946E-05 9.9946E-05 9.9946E-05 9.9946E-05 0.0101813 9.9946E-05 0.262921
9.9937E-05 9.9937E-05 0.869971 9.9937E-05 9.9937E-05 9.9937E-05 9.9937E-05 9.9937E-05 0.0385057 0.0908239
0.00713039 9.99639E-05 0.579949 0.0514433 0.00444828 0.0707034 9.99639E-05 9.99639E-05 9.99639E-05 0.285926
0.0443205 0.0271532 0.632826 9.9964E-05 9.9964E-05 0.030166 9.9964E-05 0.0427676 9.9964E-05 0.222367
0.326682 0.0281821 0.596136 0.0483999 9.99459E-05 9.99459E-05 9.99459E-05 9.99459E-05 9.99459E-05 9.99459E-05
0.0884891 9.9964E-05 0.66059 0.0517857 0.0281363 0.0555258 9.9964E-05 9.9964E-05 9.9964E-05 0.115073
9.9946E-05 9.9946E-05 0.648214 9.9946E-05 9.9946E-05 9.9946E-05 9.9946E-05 0.00819532 0.0260886 0.316903
9.9946E-05 9.9946E-05 0.640482 9.9946E-05 9.9946E-05 0.0181677 9.9946E-05 0.0811196 9.9946E-05 0.259632
9.99549E-05 9.99549E-05 0.557006 0.0452541 9.99549E-05 0.0392199 0.170199 9.99549E-05 9.99549E-05 0.187822
0.214825 9.9964E-05 0.0419646 0.019381 0.0788989 9.9964E-05 0.272418 9.9964E-05 9.9964E-05 0.372113
9.9946E-05 9.9946E-05 0.0982656 9.9946E-05 0.0212386 9.9946E-05 0.383492 9.9946E-05 9.9946E-05 0.496404
0.0735378 9.9955E-05 9.9955E-05 9.9955E-05 0.017693 0.0676125 0.405004 9.9955E-05 9.9955E-05 0.435653
0.00518417 9.9946E-05 9.9946E-05 9.9946E-05 9.9946E-05 9.9946E-05 0.59017 0.00220056 9.9946E-05 0.401845
0.26916 0.00575993 9.9946E-05 0.0105208 9.9946E-05 9.9946E-05 9.9946E-05 9.9946E-05 9.9946E-05 0.71396
9.9946E-05 9.9946E-05 9.9946E-05 9.9946E-05 0.0673637 0.0549836 9.9946E-05 9.9946E-05 0.0106206 0.866433
0.0166254 9.9955E-05 9.9955E-05 9.9955E-05 0.147736 0.0975179 0.0247858 9.9955E-05 9.9955E-05 0.712835
0.00781635 9.99551E-05 9.99551E-05 0.0117588 0.0320504 9.99551E-05 9.99551E-05 9.99551E-05 0.00987753 0.937997
0.0796086 0.0157497 0.0239565 9.9964E-05 9.9964E-05 0.00542727 9.9964E-05 9.9964E-05 0.00878795 0.86607
9.9946E-05 0.00738477 0.164934 9.9946E-05 9.9946E-05 9.9946E-05 0.0893685 9.9946E-05 9.9946E-05 0.737713
9.9946E-05 9.9946E-05 0.0594674 9.9946E-05 9.9946E-05 0.0881469 0.0586315 9.9946E-05 9.9946E-05 0.793154
9.9937E-05 9.9937E-05 9.9937E-05 9.9937E-05 9.9937E-05 0.0488992 0.107107 9.9937E-05 9.9937E-05 0.843294
0.0699901 9.99549E-05 0.260915 9.99549E-05 0.0834712 9.99549E-05 0.276476 9.99549E-05 9.99549E-05 0.308648
9.995E-05 0.0381932 0.12736 9.995E-05 0.155084 9.995E-05 0.306322 9.995E-05 9.995E-05 0.372542
0.0973725 9.9955E-05 0.154942 9.9955E-05 9.9955E-05 0.080809 0.0846015 9.9955E-05 9.9955E-05 0.581775
0.0715237 9.99551E-05 0.111813 9.99551E-05 9.99551E-05 0.049263 9.99551E-05 9.99551E-05 0.00491524 0.761985
0.0653799 9.99551E-05 0.0444614 0.00230997 9.99551E-05 9.99551E-05 0.0759792 9.99551E-05 9.99551E-05 0.81137
0.0103523 9.9946E-05 9.9946E-05 9.9946E-05 9.9946E-05 0.0672598 0.0450807 9.9946E-05 9.9946E-05 0.876708
0.137807 9.99459E-05 0.164658 9.99459E-05 9.99459E-05 9.99459E-05 0.0138173 9.99459E-05 9.99459E-05 0.683118
0.00845445 9.9955E-05 9.9955E-05 9.9955E-05 9.9955E-05 0.183633 0.505649 0.02841 9.9955E-05 0.273354
0.0884634 9.9964E-05 0.00367091 9.9964E-05 9.9964E-05 0.010618 0.535224 0.0665512 9.9964E-05 0.295073
9.9946E-05 9.9946E-05 0.0402783 9.9946E-05 9.9946E-05 9.9946E-05 0.33084 0.079568 9.9946E-05 0.548714
9.9937E-05 9.9937E-05 0.175717 9.9937E-05 9.9937E-05 9.9937E-05 0.139511 9.9937E-05 9.9937E-05 0.684072
9.9964E-05 9.9964E-05 0.135007 9.9964E-05 9.9964E-05 0.00692639 0.0695979 0.02509 0.0889313 0.674047
9.996E-05 0.0211401 0.146331 9.996E-05 9.996E-05 0.0990326 0.0962242 0.0165192 9.996E-05 0.620353
9.9955E-05 9.9955E-05 0.0476377 9.9955E-05 0.0434171 9.9955E-05 0.0676856 0.0102081 9.9955E-05 0.830552
9.9946E-05 0.153263 9.9946E-05 0.0954568 9.9946E-05 0.184198 9.9946E-05 9.9946E-05 9.9946E-05 0.566483
9.9937E-05 0.336833 9.9937E-05 9.9937E-05 9.9937E-05 9.9937E-05 9.9937E-05 0.0403188 9.9937E-05 0.622149
0.104353 9.9946E-05 9.9946E-05 9.9946E-05 0.00619033 9.9946E-05 0.146939 9.9946E-05 9.9946E-05 0.741919
0.122582 9.99369E-05 9.99369E-05 9.99369E-05 9.99369E-05 9.99369E-05 0.552853 9.99369E-05 9.99369E-05 0.323866
0.0604125 9.9964E-05 0.00491425 9.9964E-05 9.9964E-05 0.118367 0.369139 0.0161054 9.9964E-05 0.430662
0.0271249 0.00743781 0.0494226 9.9964E-05 9.9964E-05 0.0319975 0.50101 9.9964E-05 9.9964E-05 0.382608
0.0736 9.9946E-05 9.9946E-05 9.9946E-05 0.0434239 9.9946E-05 0.833226 9.9946E-05 9.9946E-05 0.0491507
0.0784393 9.9937E-05 9.9937E-05 9.9937E-05 9.9937E-05 9.9937E-05 0.100316 9.9937E-05 9.9937E-05 0.820545
0.0324902 9.9946E-05 0.10956 9.9946E-05 9.9946E-05 9.9946E-05 0.531237 9.9946E-05 9.9946E-05 0.326113
9.99459E-05 9.99459E-05 0.107634 0.0117628 9.99459E-05 9.99459E-05 0.306491 9.99459E-05 9.99459E-05 0.573512
0.0960242 9.99549E-05 0.127327 9.99549E-05 0.0277162 9.99549E-05 0.352194 9.99549E-05 9.99549E-05 0.396239
0.0699609 9.9946E-05 9.9946E-05 9.9946E-05 9.9946E-05 9.9946E-05 0.347261 0.0471921 9.9946E-05 0.534986
0.0028222 0.150035 9.9946E-05 9.9946E-05 9.9946E-05 9.9946E-05 0.133333 0.71321 9.9946E-05 9.9946E-05
9.9955E-05 0.584284 0.00278463 0.126145 9.9955E-05 0.015785 9.9955E-05 0.270502 9.9955E-05 9.9955E-05
0.101922 0.546888 9.99459E-05 0.149705 9.99459E-05 9.99459E-05 9.99459E-05 0.200885 9.99459E-05 9.99459E-05
0.0554401 0.850889 0.0219369 9.9964E-05 0.0200594 0.0129715 9.9964E-05 9.9964E-05 0.038303 9.9964E-05
0.0721588 0.701617 9.9955E-05 0.0435199 9.9955E-05 9.9955E-05 9.9955E-05 9.9955E-05 0.127244 0.0549606
9.9928E-05 0.902069 9.9928E-05 9.9928E-05 9.9928E-05 9.9928E-05 9.9928E-05 9.9928E-05 0.097132 9.9928E-05
9.9955E-05 0.224547 9.9955E-05 0.240135 9.9955E-05 9.9955E-05 0.0289313 0.345239 0.160648 9.9955E-05
9.9946E-05 0.110566 9.9946E-05 0.163699 9.9946E-05 9.9946E-05 9.9946E-05 0.654078 0.0710578 9.9946E-05
0.16736 9.99371E-05 9.99371E-05 9.99371E-05 9.99371E-05 9.99371E-05 0.0104681 0.821472 9.99371E-05 9.99371E-05
9.99549E-05 0.410601 9.99549E-05 0.0533289 9.99549E-05 9.99549E-05 9.99549E-05 0.130753 0.325677 0.0791403
9.99201E-05 9.99201E-05 9.99201E-05 9.99201E-05 9.99201E-05 9.99201E-05 9.99201E-05 9.99201E-05 0.999101 9.99201E-05
9.9928E-05 0.446151 9.9928E-05 9.9928E-05 9.9928E-05 9.9928E-05 9.9928E-05 9.9928E-05 0.553049 9.9928E-05
9.9946E-05 0.0933949 9.9946E-05 0.0354964 9.9946E-05 9.9946E-05 9.9946E-05 9.9946E-05 0.848883 0.0216255
