9.99549E-05 9.99549E-05 0.291143 9.99549E-05 0.00286773 9.99549E-05 0.187843 9.99549E-05 0.517647
0.132098 9.9973E-05 0.0296887 9.9973E-05 0.211143 0.189168 0.166402 9.9973E-05 0.2712
9.9973E-05 0.116259 0.169811 9.9973E-05 0.0886495 0.235849 9.9973E-05 0.168319 0.220813
9.9973E-05 0.0252762 9.9973E-05 0.0265908 0.0937282 9.9973E-05 0.274705 0.530264 0.0491365
9.997E-05 0.115695 0.403494 0.00118293 9.997E-05 0.155227 9.997E-05 0.219074 0.105026
9.997E-05 0.116606 0.0858472 9.997E-05 9.997E-05 0.0671651 0.0830432 0.41289 0.234148
0.850629 9.9946E-05 9.9946E-05 9.9946E-05 0.0495861 9.9946E-05 0.0991854 9.9946E-05 9.9946E-05
0.669881 0.190115 0.0849492 9.9955E-05 9.9955E-05 9.9955E-05 0.0545553 9.9955E-05 9.9955E-05
0.71363 9.9973E-05 9.9973E-05 0.184707 0.01997 9.9973E-05 0.0332696 0.0286541 0.0194695
0.848427 0.101427 9.9964E-05 0.0111213 9.9964E-05 9.9964E-05 0.0276493 9.9964E-05 0.0109757
0.884813 9.9964E-05 9.9964E-05 0.00723525 0.0127024 9.9964E-05 0.0487612 9.9964E-05 0.0460878
0.853125 9.99369E-05 9.99369E-05 9.99369E-05 9.99369E-05 0.146175 9.99369E-05 9.99369E-05 9.99369E-05
0.641586 9.99551E-05 0.0424878 0.311337 9.99551E-05 9.99551E-05 9.99551E-05 0.00408942 9.99551E-05
0.638144 0.124538 9.99461E-05 0.236718 9.99461E-05 9.99461E-05 9.99461E-05 9.99461E-05 9.99461E-05
0.774377 9.9973E-05 0.00897762 0.07876 0.0364964 9.9973E-05 0.0727154 9.9973E-05 0.028374
0.894836 0.010744 9.99551E-05 9.99551E-05 9.99551E-05 0.00106674 0.0928539 9.99551E-05 9.99551E-05
9.99369E-05 0.583352 9.99369E-05 9.99369E-05 9.99369E-05 0.415949 9.99369E-05 9.99369E-05 9.99369E-05
9.9946E-05 0.51251 9.9946E-05 9.9946E-05 0.318745 0.168145 9.9946E-05 9.9946E-05 9.9946E-05
9.9955E-05 0.441579 9.9955E-05 9.9955E-05 0.0849556 9.9955E-05 9.9955E-05 0.124059 0.348906
9.9946E-05 0.719951 0.104938 9.9946E-05 9.9946E-05 9.9946E-05 9.9946E-05 0.174511 9.9946E-05
9.99459E-05 0.493368 0.289767 9.99459E-05 0.216266 9.99459E-05 9.99459E-05 9.99459E-05 9.99459E-05
9.99459E-05 0.724345 9.99459E-05 9.99459E-05 0.17671 9.99459E-05 9.99459E-05 0.0983453 9.99459E-05
0.0805827 9.9955E-05 0.136313 9.9955E-05 9.9955E-05 0.127433 9.9955E-05 9.9955E-05 0.655172
9.997E-05 0.0533368 0.101816 0.0164716 9.997E-05 0.134031 0.11405 9.997E-05 0.579995
9.99551E-05 0.162127 0.111767 9.99551E-05 9.99551E-05 0.026596 9.99551E-05 9.99551E-05 0.69901
9.99549E-05 0.441262 9.99549E-05 9.99549E-05 9.99549E-05 9.99549E-05 0.323901 0.109545 0.124792
9.9964E-05 0.617962 0.0765322 0.0198212 9.9964E-05 0.259 9.9964E-05 9.9964E-05 0.026285
0.0187287 0.365433 0.308893 9.9964E-05 9.9964E-05 9.9964E-05 9.9964E-05 0.198447 0.108098
0.0814756 0.161898 0.46293 9.9964E-05 0.151572 9.9964E-05 0.141725 9.9964E-05 9.9964E-05
0.099751 0.227581 0.368406 9.9964E-05 0.282665 9.9964E-05 0.0211974 9.9964E-05 9.9964E-05
0.0865808 0.136249 9.995E-05 9.995E-05 0.445144 9.995E-05 9.995E-05 0.331526 9.995E-05
0.0738982 0.267804 0.198634 9.99639E-05 0.159195 9.99639E-05 9.99639E-05 0.300069 9.99639E-05
9.9973E-05 0.279476 0.0744839 9.9973E-05 0.0942597 9.9973E-05 0.117231 0.407172 0.0270771
9.9946E-05 0.0808481 9.9946E-05 9.9946E-05 9.9946E-05 9.9946E-05 0.0875096 9.9946E-05 0.831043
0.00325884 9.99459E-05 9.99459E-05 9.99459E-05 0.175027 9.99459E-05 9.99459E-05 9.99459E-05 0.821114
0.0498242 0.404464 0.247503 9.9973E-05 0.0394489 9.9973E-05 0.00996403 9.9973E-05 0.248496
9.997E-05 0.0156152 9.997E-05 0.272276 0.178539 0.0370324 9.997E-05 0.0804332 0.415804
9.9973E-05 0.265894 0.0282858 0.0580617 9.9973E-05 0.0767899 9.9973E-05 0.0335149 0.537154
9.9964E-05 0.209487 9.9964E-05 0.0386378 0.164316 9.9964E-05 0.0823186 9.9964E-05 0.50484
9.9964E-05 0.479742 0.0198714 9.9964E-05 0.0278552 9.9964E-05 9.9964E-05 0.184125 0.288006
9.99371E-05 9.99371E-05 9.99371E-05 9.99371E-05 9.99371E-05 9.99371E-05 0.79369 0.20561 9.99371E-05
9.996E-05 0.101212 0.0349781 0.0849399 9.996E-05 9.996E-05 0.470936 0.307534 9.996E-05
9.9973E-05 0.135195 9.9973E-05 0.0903013 0.0780255 9.9973E-05 0.112096 0.541593 0.0424882
9.996E-05 9.996E-05 9.996E-05 0.142102 9.996E-05 0.15026 0.428518 0.229226 0.0494933
9.9946E-05 0.219018 9.9946E-05 9.9946E-05 9.9946E-05 9.9946E-05 0.435073 0.34531 9.9946E-05
9.996E-05 0.179568 9.996E-05 9.996E-05 0.0369357 9.996E-05 0.260356 0.389042 0.133698
0.0182708 0.628025 9.9955E-05 0.00396306 0.349241 9.9955E-05 9.9955E-05 9.9955E-05 9.9955E-05
0.0774763 0.271728 9.99639E-05 9.99639E-05 0.57805 0.0564313 0.0159144 9.99639E-05 9.99639E-05
9.99369E-05 0.142871 9.99369E-05 9.99369E-05 0.856429 9.99369E-05 9.99369E-05 9.99369E-05 9.99369E-05
9.996E-05 0.123308 0.0970999 9.996E-05 0.631704 9.996E-05 0.118104 9.996E-05 0.029384
9.99459E-05 0.483212 9.99459E-05 0.00713411 0.509055 9.99459E-05 9.99459E-05 9.99459E-05 9.99459E-05
0.13819 0.3792 9.9964E-05 9.9964E-05 9.9964E-05 0.109778 0.344326 9.9964E-05 0.0281059
9.997E-05 0.660846 0.0462661 0.00890322 0.221435 9.997E-05 0.011849 9.997E-05 0.0504009
9.9946E-05 0.534404 9.9946E-05 9.9946E-05 9.9946E-05 9.9946E-05 0.413721 9.9946E-05 0.051276
9.99459E-05 0.542504 9.99459E-05 9.99459E-05 9.99459E-05 9.99459E-05 0.415538 9.99459E-05 0.0413589
9.9955E-05 0.636667 9.9955E-05 0.00411386 9.9955E-05 9.9955E-05 0.166729 0.19199 9.9955E-05
0.440371 9.9955E-05 9.9955E-05 0.218666 9.9955E-05 9.9955E-05 0.0578681 9.9955E-05 0.282595
0.326517 9.9955E-05 0.0400013 0.419876 9.9955E-05 9.9955E-05 9.9955E-05 9.9955E-05 0.213106
9.9937E-05 9.9937E-05 9.9937E-05 0.886355 9.9937E-05 0.112945 9.9937E-05 9.9937E-05 9.9937E-05
0.402812 9.9946E-05 9.9946E-05 0.417713 9.9946E-05 9.9946E-05 0.178876 9.9946E-05 9.9946E-05
0.394662 9.996E-05 9.996E-05 0.542909 9.996E-05 0.0403617 0.00180694 0.0198607 9.996E-05
0.100265 0.0743587 9.99639E-05 0.665107 0.113122 9.99639E-05 0.0467478 9.99639E-05 9.99639E-05
0.615783 9.99459E-05 9.99459E-05 9.99459E-05 0.344835 9.99459E-05 9.99459E-05 9.99459E-05 0.0387819
0.747495 0.0442098 9.995E-05 9.995E-05 9.995E-05 0.140879 9.995E-05 0.0669165 9.995E-05
0.792057 9.9946E-05 9.9946E-05 0.0400106 9.9946E-05 9.9946E-05 9.9946E-05 0.167333 9.9946E-05
0.694692 9.9946E-05 9.9946E-05 0.235885 9.9946E-05 9.9946E-05 9.9946E-05 9.9946E-05 0.0688234
0.619843 0.105156 9.9973E-05 0.128415 9.9973E-05 0.000470357 9.9973E-05 0.0737588 0.0720568
0.226136 9.99461E-05 9.99461E-05 0.556099 9.99461E-05 9.99461E-05 9.99461E-05 9.99461E-05 0.217165
0.594581 9.99551E-05 9.99551E-05 0.135248 0.0634382 9.99551E-05 9.99551E-05 9.99551E-05 0.206233
0.597834 0.0260358 9.9964E-05 0.248786 9.9964E-05 0.0549451 9.9964E-05 9.9964E-05 0.0719991
0.705573 9.9955E-05 9.9955E-05 9.9955E-05 9.9955E-05 0.140462 9.9955E-05 0.0234513 0.130014
0.541546 0.0541973 0.0169366 0.291521 9.9964E-05 9.9964E-05 9.9964E-05 9.9964E-05 0.0953992
0.856056 9.9946E-05 9.9946E-05 9.9946E-05 9.9946E-05 0.113019 9.9946E-05 9.9946E-05 0.030325
0.296124 0.147211 9.9955E-05 0.530057 9.9955E-05 0.0261086 9.9955E-05 9.9955E-05 9.9955E-05
0.209399 0.205979 9.9946E-05 0.584023 9.9946E-05 9.9946E-05 9.9946E-05 9.9946E-05 9.9946E-05
0.1145 0.00442937 9.9964E-05 0.759502 0.0952391 9.9964E-05 9.9964E-05 0.0259297 9.9964E-05
0.437642 9.9946E-05 9.9946E-05 0.410014 9.9946E-05 9.9946E-05 9.9946E-05 0.151745 9.9946E-05
9.9946E-05 9.9946E-05 0.0181373 0.962759 9.9946E-05 9.9946E-05 9.9946E-05 0.0185043 9.9946E-05
0.344376 9.9955E-05 9.9955E-05 0.591349 0.00435753 9.9955E-05 9.9955E-05 9.9955E-05 0.0594174
0.800643 0.0807781 9.9964E-05 0.0345928 0.0673359 9.9964E-05 9.9964E-05 9.9964E-05 0.0162508
0.0357183 9.9955E-05 9.9955E-05 0.72349 0.184047 9.9955E-05 9.9955E-05 9.9955E-05 0.0562454
9.99551E-05 0.154669 0.587393 0.00721837 9.99551E-05 0.25022 9.99551E-05 9.99551E-05 9.99551E-05
9.9946E-05 9.9946E-05 9.9946E-05 0.0380892 9.9946E-05 0.301343 0.659969 9.9946E-05 9.9946E-05
9.995E-05 9.995E-05 0.0577341 0.0801938 9.995E-05 0.350056 0.511516 9.995E-05 9.995E-05
9.9973E-05 0.0327867 0.544257 0.0586059 9.9973E-05 0.201985 9.9973E-05 0.149144 0.0129214
0.00955858 0.00757211 0.711255 0.00140296 0.243253 9.997E-05 0.0266576 9.997E-05 9.997E-05
9.99461E-05 9.99461E-05 0.000773866 9.99461E-05 0.941735 0.056891 9.99461E-05 9.99461E-05 9.99461E-05
0.0310255 9.99641E-05 9.99641E-05 9.99641E-05 0.22729 0.149557 0.0476328 0.544094 9.99641E-05
0.0112254 9.9982E-05 0.0202537 9.9982E-05 0.227913 0.00348656 0.188773 0.454905 0.0932427
9.9964E-05 9.9964E-05 0.310146 9.9964E-05 0.118371 0.0300608 0.00557665 0.535446 9.9964E-05
9.99549E-05 9.99549E-05 0.186992 9.99549E-05 0.269272 0.319557 9.99549E-05 0.223679 9.99549E-05
0.000530549 9.9946E-05 0.163944 9.9946E-05 9.9946E-05 9.9946E-05 9.9946E-05 0.834926 9.9946E-05
9.9946E-05 0.0781601 9.9946E-05 9.9946E-05 9.9946E-05 0.0535397 9.9946E-05 0.867701 9.9946E-05
9.995E-05 9.995E-05 0.335991 9.995E-05 0.0023921 9.995E-05 9.995E-05 0.475725 0.185392
9.9964E-05 9.9964E-05 0.128999 9.9964E-05 0.0671493 0.0699165 9.9964E-05 0.66908 0.0644551
9.99369E-05 9.99369E-05 9.99369E-05 9.99369E-05 0.406935 9.99369E-05 9.99369E-05 0.592365 9.99369E-05
9.9973E-05 0.0166945 0.0807736 9.9973E-05 0.120003 9.9973E-05 0.0526671 0.658175 0.0713872
9.9955E-05 9.9955E-05 0.260444 0.0181374 9.9955E-05 9.9955E-05 0.000263362 0.720656 9.9955E-05
9.9964E-05 0.011598 0.228357 9.9964E-05 9.9964E-05 0.0155069 9.9964E-05 0.683554 0.0605842
0.0269008 9.99639E-05 0.236431 9.99639E-05 9.99639E-05 9.99639E-05 0.233117 0.449092 0.0540598
9.996E-05 0.0216101 0.530997 9.996E-05 0.207796 9.996E-05 0.200153 9.996E-05 0.0390435
9.9946E-05 9.9946E-05 0.619516 9.9946E-05 9.9946E-05 9.9946E-05 0.363432 9.9946E-05 0.0164525
9.9964E-05 9.9964E-05 0.516546 9.9964E-05 0.0800649 0.0909705 0.198935 9.9964E-05 0.113084
9.9946E-05 9.9946E-05 0.416788 9.9946E-05 9.9946E-05 0.159269 0.423343 9.9946E-05 9.9946E-05
9.99459E-05 9.99459E-05 0.755169 0.0140723 0.230159 9.99459E-05 9.99459E-05 9.99459E-05 9.99459E-05
9.9946E-05 0.0641302 0.88749 9.9946E-05 9.9946E-05 9.9946E-05 9.9946E-05 9.9946E-05 0.0477805
9.9946E-05 0.077146 0.742393 9.9946E-05 9.9946E-05 9.9946E-05 9.9946E-05 9.9946E-05 0.179861
0.0228692 0.0425098 0.934021 9.99461E-05 9.99461E-05 9.99461E-05 9.99461E-05 9.99461E-05 9.99461E-05
9.9964E-05 9.9964E-05 0.760872 0.0466497 9.9964E-05 0.0912756 9.9964E-05 0.0360137 0.0647895
0.0111237 9.9964E-05 0.667773 9.9964E-05 9.9964E-05 0.139163 9.9964E-05 0.155398 0.0261431
9.9973E-05 0.0335664 0.632093 9.9973E-05 9.9973E-05 0.20172 0.0183362 0.062422 0.0515625
9.9955E-05 9.9955E-05 0.657139 9.9955E-05 9.9955E-05 0.297778 9.9955E-05 0.0358377 0.00874518
9.99639E-05 9.99639E-05 0.45142 9.99639E-05 0.0674214 9.99639E-05 0.325133 0.123918 0.0317072
9.9973E-05 0.157977 0.419476 9.9973E-05 0.0463267 0.163522 0.127105 0.0852945 9.9973E-05
9.9964E-05 9.9964E-05 0.433624 9.9964E-05 0.0451266 0.327507 9.9964E-05 0.128389 0.0649533
9.99551E-05 0.0422384 0.464924 9.99551E-05 9.99551E-05 0.351074 9.99551E-05 0.141265 9.99551E-05
9.99551E-05 9.99551E-05 0.815994 9.99551E-05 0.0120894 9.99551E-05 0.141819 0.0295982 9.99551E-05
9.9955E-05 0.0473283 0.724511 9.9955E-05 9.9955E-05 0.199378 9.9955E-05 9.9955E-05 0.0282822
9.99639E-05 9.99639E-05 0.670342 9.99639E-05 0.0879708 0.0470362 0.026291 0.16796 9.99639E-05
9.9946E-05 9.9946E-05 9.9946E-05 9.9946E-05 9.9946E-05 0.852505 0.0513144 9.9946E-05 0.0955806
9.99459E-05 9.99459E-05 9.99459E-05 9.99459E-05 0.0337844 0.912559 0.0530574 9.99459E-05 9.99459E-05
9.9964E-05 0.022332 0.208571 0.0144125 9.9964E-05 0.70059 9.9964E-05 0.0536943 9.9964E-05
9.9955E-05 9.9955E-05 0.570202 9.9955E-05 9.9955E-05 0.174157 0.100452 0.154689 9.9955E-05
9.99763E-05 0.0438247 0.540335 0.0276835 9.99763E-05 0.160124 9.99763E-05 0.174285 0.0534482
9.99549E-05 9.99549E-05 0.539082 9.99549E-05 9.99549E-05 0.214256 9.99549E-05 0.0946777 0.151485
9.9955E-05 0.0431178 0.721254 9.9955E-05 9.9955E-05 0.179351 9.9955E-05 0.0557774 9.9955E-05
0.0311695 9.9964E-05 0.508788 0.152088 9.9964E-05 0.0511977 9.9964E-05 9.9964E-05 0.256357
0.0684401 0.0238093 0.633762 0.273489 9.9955E-05 9.9955E-05 9.9955E-05 9.9955E-05 9.9955E-05
9.9946E-05 9.9946E-05 0.766749 9.9946E-05 0.103476 0.129175 9.9946E-05 9.9946E-05 9.9946E-05
9.99549E-05 9.99549E-05 0.402729 9.99549E-05 0.0901555 0.129001 0.377615 9.99549E-05 9.99549E-05
0.00452351 9.9973E-05 0.401725 9.9973E-05 0.0124181 0.251587 0.221142 9.9973E-05 0.108305
9.9964E-05 9.9964E-05 0.42793 9.9964E-05 0.00618281 0.23349 0.264916 9.9964E-05 0.0670808
9.99549E-05 9.99549E-05 0.152022 9.99549E-05 0.101604 0.0205362 0.725338 9.99549E-05 9.99549E-05
9.9946E-05 9.9946E-05 0.877929 9.9946E-05 0.0474368 9.9946E-05 0.0740347 9.9946E-05 9.9946E-05
9.9964E-05 9.9964E-05 0.4512 9.9964E-05 0.00102998 9.9964E-05 0.482102 0.0222215 0.0430458
9.99549E-05 9.99549E-05 0.501119 9.99549E-05 9.99549E-05 0.116953 0.310252 0.0711769 9.99549E-05
9.99729E-05 9.99729E-05 0.415452 9.99729E-05 0.119711 0.135673 0.270734 0.0243186 0.0338116
9.9946E-05 9.9946E-05 0.597324 9.9946E-05 0.078269 9.9946E-05 0.323807 9.9946E-05 9.9946E-05
0.516363 9.9955E-05 9.9955E-05 0.0877845 0.213298 0.182054 9.9955E-05 9.9955E-05 9.9955E-05
0.544303 9.9955E-05 9.9955E-05 0.353642 9.9955E-05 0.0781567 9.9955E-05 9.9955E-05 0.0233984
0.566509 9.996E-05 9.996E-05 0.230522 0.153313 9.996E-05 0.0347383 0.014518 9.996E-05
0.0557947 9.99549E-05 9.99549E-05 0.714484 0.161225 9.99549E-05 0.067996 9.99549E-05 9.99549E-05
0.0811943 9.9973E-05 0.0624699 0.747972 0.0390462 0.0632659 9.9973E-05 0.00575206 9.9973E-05
0.166392 9.9955E-05 0.0271701 0.779712 0.0262259 9.9955E-05 9.9955E-05 9.9955E-05 9.9955E-05
0.567132 9.9955E-05 9.9955E-05 0.278517 9.9955E-05 0.0192953 0.134556 9.9955E-05 9.9955E-05
0.733386 9.9964E-05 9.9964E-05 0.0983945 0.0940092 0.0612517 9.9964E-05 9.9964E-05 0.0125586
0.532758 9.99461E-05 9.99461E-05 9.99461E-05 0.455411 9.99461E-05 0.0112313 9.99461E-05 9.99461E-05
0.27313 9.9955E-05 0.100508 0.61321 0.0126531 9.9955E-05 9.9955E-05 9.9955E-05 9.9955E-05
9.99372E-05 0.0889895 9.99372E-05 0.910311 9.99372E-05 9.99372E-05 9.99372E-05 9.99372E-05 9.99372E-05
9.9946E-05 9.9946E-05 9.9946E-05 0.934604 9.9946E-05 9.9946E-05 0.0431311 9.9946E-05 0.0216655
0.000471595 0.0768085 0.0130091 0.909211 9.99551E-05 9.99551E-05 9.99551E-05 9.99551E-05 9.99551E-05
