0.382563 0.466634 0.150703 9.9991E-05
0.366634 0.111304 0.521962 9.9991E-05
0.412298 0.41865 0.158453 0.0105985
0.37678 0.46434 0.115642 0.0432381
0.72377 0.220284 9.9991E-05 0.0558464
0.414215 0.568317 0.0173682 9.9991E-05
9.9982E-05 9.9982E-05 0.528646 0.471154
0.159346 0.000423853 0.316051 0.524178
9.9982E-05 9.9982E-05 0.340887 0.658913
9.9982E-05 9.9982E-05 0.374973 0.624827
9.9982E-05 9.9982E-05 0.48448 0.51532
0.0101205 9.9991E-05 0.462615 0.527164
9.9982E-05 9.9982E-05 0.212068 0.787732
9.9991E-05 0.0538249 0.162425 0.78365
9.9982E-05 9.9982E-05 0.414439 0.585361
9.9982E-05 9.9982E-05 0.489905 0.509895
0.290206 0.580183 0.102074 0.0275368
0.0170654 0.549696 0.384963 0.0482752
9.9991E-05 0.800059 0.126558 0.073283
0.17201 0.746898 9.9991E-05 0.0809926
0.191433 0.56269 0.210717 0.0351601
9.9991E-05 0.808213 0.167971 0.0237156
0.194022 0.485338 0.260702 0.0599378
0.366203 0.535536 0.0104683 0.0877933
0.186075 0.739177 9.9991E-05 0.0746478
0.234808 0.749629 0.0154635 9.9991E-05
0.28511 0.571479 9.9991E-05 0.143312
0.340191 0.544762 9.9991E-05 0.114947
0.571335 0.160901 0.236099 0.0316651
0.336167 0.307964 0.307441 0.0484282
9.9982E-05 0.445789 0.554011 9.9982E-05
0.311342 0.387487 0.240443 0.0607283
0.269468 0.526544 0.203889 9.9991E-05
0.0175964 0.82304 0.10915 0.050213
9.9982E-05 0.617811 0.381989 9.9982E-05
0.147542 0.722626 0.125781 0.00405115
9.9991E-05 0.475213 0.210088 0.314599
0.12326 0.703145 0.0530515 0.120544
9.9991E-05 0.734613 0.242976 0.0223116
0.0284847 0.839881 0.0663997 0.0652349
0.351206 0.40181 0.246883 9.9991E-05
0.486352 0.40323 0.0472291 0.0631888
0.341868 0.468045 0.0555175 0.134569
0.508898 0.25175 0.0570033 0.182349
0.336162 0.588153 0.0755851 9.9991E-05
0.170504 0.736064 0.0933324 9.9991E-05
9.9991E-05 0.567449 0.378511 0.0539396
0.0832257 0.271368 0.645262 0.000144386
0.0406447 0.210372 0.748884 9.9991E-05
0.239893 0.248889 0.511117 9.9991E-05
9.9991E-05 0.544214 0.45254 0.00314532
0.18549 0.525472 0.239444 0.0495943
0.0111198 0.739911 0.165576 0.0833923
0.074566 0.787342 0.137992 9.9991E-05
0.0711262 0.747535 0.181239 9.9991E-05
0.147999 0.766244 9.9991E-05 0.085657
0.0799471 0.151851 0.196604 0.571598
0.0758249 0.0847235 0.135875 0.703577
0.0428867 0.0322615 9.9991E-05 0.924752
9.9991E-05 0.0310811 0.235052 0.733767
9.9982E-05 9.9982E-05 0.153563 0.846237
0.00376662 0.0892173 0.168937 0.73808
9.9982E-05 9.9982E-05 0.77572 0.22408
9.9991E-05 0.053402 0.469901 0.476597
9.9982E-05 9.9982E-05 0.372444 0.627356
9.9982E-05 9.9982E-05 0.224518 0.775282
9.9991E-05 0.12697 0.233943 0.638987
9.99821E-05 0.127525 9.99821E-05 0.872276
9.9991E-05 0.0223569 0.418174 0.559369
9.9982E-05 9.9982E-05 0.28537 0.71443
0.00544829 0.0471092 0.44274 0.504703
0.0196871 0.0764188 0.147971 0.755923
9.9982E-05 9.9982E-05 0.471112 0.528688
0.0541068 0.0359402 0.0981812 0.811772
9.9982E-05 0.227912 9.9982E-05 0.771888
9.9991E-05 0.0699535 0.0982271 0.831719
0.0489899 9.9991E-05 0.150773 0.800137
0.00906803 9.9982E-05 9.9982E-05 0.990732
9.9982E-05 9.9982E-05 0.125298 0.874502
9.9982E-05 9.9982E-05 0.462757 0.537043
0.0151556 0.0776754 0.0981979 0.808971
0.81802 0.11025 9.9991E-05 0.0716295
0.743329 0.0390986 0.211885 0.00568788
0.809888 9.9991E-05 0.13595 0.0540615
0.827768 0.0531642 9.9991E-05 0.118968
0.728883 0.0404281 0.202067 0.0286222
0.243488 9.9982E-05 0.756312 9.9982E-05
0.581995 0.117981 0.267846 0.0321782
0.533854 0.173012 0.2839 0.00923419
0.704241 0.130319 0.0783595 0.0870803
0.750965 9.9982E-05 0.248835 9.9982E-05
0.775961 0.0514733 9.9991E-05 0.172466
0.540663 0.367953 9.9991E-05 0.0912837
0.646778 0.298451 9.9991E-05 0.0546713
0.627727 0.242325 0.0486544 0.0812942
0.381324 0.218701 0.385326 0.0146494
0.537306 0.365186 0.0723757 0.0251326
0.701213 0.149584 9.9991E-05 0.149103
0.611457 0.288651 9.9991E-05 0.0997925
0.677081 0.223769 0.0303772 0.0687729
0.630037 0.146244 0.223619 9.9991E-05
0.826205 0.0847082 0.0889873 9.9991E-05
0.797742 0.114031 0.0881266 9.9991E-05
0.802893 9.9982E-05 0.196907 9.9982E-05
0.821364 9.9991E-05 0.132701 0.0458351
0.79091 0.160146 9.9991E-05 0.0488433
0.722333 0.262434 9.9991E-05 0.0151329
0.915072 9.9982E-05 9.9982E-05 0.0847281
0.87835 9.9982E-05 9.9982E-05 0.12145
0.913831 0.0517134 9.9991E-05 0.0343561
0.831184 0.126461 9.9991E-05 0.0422552
0.986628 0.00893302 9.9991E-05 0.0043386
0.676341 0.224084 0.0994746 9.9991E-05
0.816289 0.0566825 0.0611775 0.0658509
0.772349 0.116921 0.11063 9.9991E-05
0.821878 0.075483 0.0544424 0.0481967
0.939104 0.00100959 0.00801561 0.0518713
0.913692 0.0582405 0.00278718 0.0252807
0.905883 0.0172897 0.0600687 0.016759
0.735702 9.9982E-05 0.264098 9.9982E-05
0.787533 9.9982E-05 0.212267 9.9982E-05
0.829028 9.9991E-05 0.146096 0.0247761
0.954969 0.000196047 9.9991E-05 0.0447352
0.812932 0.079525 9.9991E-05 0.107443
0.905005 0.0027776 9.9991E-05 0.0921177
0.935911 9.9982E-05 9.9982E-05 0.0638889
0.684486 0.0142472 9.9991E-05 0.301166
0.601262 9.9982E-05 9.9982E-05 0.398538
0.901521 9.9982E-05 0.0982795 9.9982E-05
0.753074 9.9982E-05 0.246726 9.9982E-05
0.760731 9.9982E-05 0.239069 9.9982E-05
0.817885 9.9982E-05 0.181915 9.9982E-05
0.69029 9.9982E-05 0.30951 9.9982E-05
0.958421 9.9982E-05 9.9982E-05 0.0413795
0.823541 9.9982E-05 0.176259 9.9982E-05
0.91005 0.059454 0.0133013 0.0171943
0.726298 0.115364 0.158238 9.9991E-05
0.841608 9.9982E-05 0.158192 9.9982E-05
9.9982E-05 9.9982E-05 0.601321 0.398479
9.9982E-05 9.9982E-05 0.264919 0.734881
0.0028579 9.9991E-05 0.405235 0.591807
0.0627617 0.0849941 0.125941 0.726303
0.146844 9.9991E-05 0.0310634 0.821992
0.00430799 9.9991E-05 0.0232946 0.972297
9.9982E-05 9.9982E-05 0.342926 0.656875
9.9982E-05 9.9982E-05 0.447731 0.552069
9.9982E-05 9.9982E-05 0.847586 0.152214
0.0803843 9.9991E-05 0.108334 0.811182
9.99821E-05 0.0737876 9.99821E-05 0.926012
9.9982E-05 0.0700194 9.9982E-05 0.929781
9.9982E-05 0.0663056 9.9982E-05 0.933494
