0.0132007 0.490715 9.99549E-05 9.99549E-05 0.253196 9.99549E-05 9.99549E-05 9.99549E-05 0.218251 0.0241374
0.239665 0.225606 9.9955E-05 0.221373 0.0778525 9.9955E-05 9.9955E-05 9.9955E-05 9.9955E-05 0.235004
0.046544 0.223209 9.9982E-05 0.0891676 0.232418 9.9982E-05 0.117042 0.156849 0.101918 0.0326516
0.0579636 0.022405 9.9973E-05 9.9973E-05 9.9973E-05 0.018858 0.0536752 0.303227 0.511016 0.0325549
9.9955E-05 0.140937 9.9955E-05 9.9955E-05 0.517824 9.9955E-05 0.0615237 0.260522 9.9955E-05 0.0186933
9.9964E-05 0.195604 9.9964E-05 9.9964E-05 0.0531312 9.9964E-05 0.0331946 0.323219 0.366628 0.0278227
0.0295798 9.9955E-05 9.9955E-05 0.18333 9.9955E-05 0.729799 9.9955E-05 9.9955E-05 0.0128878 0.0439028
9.9955E-05 9.9955E-05 9.9955E-05 0.103356 0.0641292 0.570033 0.197607 9.9955E-05 9.9955E-05 0.0643747
0.0437278 9.9946E-05 9.9946E-05 9.9946E-05 9.9946E-05 0.867349 9.9946E-05 0.0849871 9.9946E-05 0.00333612
0.0279189 0.0548572 9.9946E-05 0.0181814 9.9946E-05 0.898443 9.9946E-05 9.9946E-05 9.9946E-05 9.9946E-05
9.9946E-05 9.9946E-05 9.9946E-05 0.184 9.9946E-05 0.734775 9.9946E-05 9.9946E-05 0.00235876 0.0782671
9.99459E-05 0.0381578 9.99459E-05 0.554144 0.0211052 0.385994 9.99459E-05 9.99459E-05 9.99459E-05 9.99459E-05
9.99461E-05 9.99461E-05 0.17588 0.10064 9.99461E-05 0.685719 9.99461E-05 0.0371617 9.99461E-05 9.99461E-05
9.99371E-05 9.99371E-05 0.0515749 9.99371E-05 9.99371E-05 0.847534 0.100192 9.99371E-05 9.99371E-05 9.99371E-05
0.0574352 9.9964E-05 9.9964E-05 0.0852574 9.9964E-05 0.787252 0.0200465 0.0272507 9.9964E-05 0.0223582
9.99371E-05 9.99371E-05 9.99371E-05 0.273078 9.99371E-05 0.646029 9.99371E-05 9.99371E-05 9.99371E-05 0.0801933
9.99549E-05 0.00848232 9.99549E-05 9.99549E-05 0.1712 9.99549E-05 0.602558 0.102757 9.99549E-05 0.114503
0.305431 9.9946E-05 9.9946E-05 0.0702486 9.9946E-05 9.9946E-05 0.595224 9.9946E-05 0.0284967 9.9946E-05
0.0317035 0.362129 9.9946E-05 9.9946E-05 9.9946E-05 9.9946E-05 0.403895 0.201673 9.9946E-05 9.9946E-05
9.9946E-05 9.9946E-05 9.9946E-05 9.9946E-05 0.0789625 9.9946E-05 0.618546 0.268265 0.0336267 9.9946E-05
0.237244 9.99549E-05 9.99549E-05 9.99549E-05 0.167836 0.00232555 0.489716 9.99549E-05 0.102379 9.99549E-05
0.0386663 9.9946E-05 9.9946E-05 9.9946E-05 9.9946E-05 0.0383351 0.63219 9.9946E-05 0.290208 9.9946E-05
0.0269781 0.666583 9.9964E-05 0.089265 0.0588049 9.9964E-05 9.9964E-05 0.0585438 9.9964E-05 0.0994252
9.9937E-05 0.664573 9.9937E-05 9.9937E-05 0.285994 9.9937E-05 9.9937E-05 9.9937E-05 0.0487331 9.9937E-05
9.9964E-05 0.770262 0.010999 9.9964E-05 0.0548609 9.9964E-05 0.0357721 0.0855786 0.0421275 9.9964E-05
9.9955E-05 0.0887345 9.9955E-05 9.9955E-05 0.0662758 9.9955E-05 0.237969 9.9955E-05 0.582633 0.0238877
9.9955E-05 0.13592 0.0518788 9.9955E-05 0.323729 9.9955E-05 0.482031 0.00594169 9.9955E-05 9.9955E-05
9.9973E-05 0.162885 0.00365707 9.9973E-05 0.275097 0.0535207 0.244034 0.242766 0.0177406 9.9973E-05
0.142021 9.9964E-05 9.9964E-05 9.9964E-05 0.424639 0.0806639 0.193562 9.9964E-05 0.0354766 0.123238
0.296904 9.9955E-05 9.9955E-05 9.9955E-05 0.316536 0.106285 0.176449 9.9955E-05 0.103326 9.9955E-05
0.207153 9.9955E-05 9.9955E-05 0.330095 9.9955E-05 9.9955E-05 0.214403 0.148301 0.0995479 9.9955E-05
0.0029855 9.99549E-05 9.99549E-05 0.181742 0.239344 9.99549E-05 0.3269 0.248529 9.99549E-05 9.99549E-05
0.0112634 9.9964E-05 9.9964E-05 0.0385145 0.120088 9.9964E-05 0.3396 0.251436 0.238698 9.9964E-05
9.99369E-05 0.8036 9.99369E-05 9.99369E-05 9.99369E-05 0.040713 9.99369E-05 9.99369E-05 0.154988 9.99369E-05
0.0333551 0.82598 9.99369E-05 0.139965 9.99369E-05 9.99369E-05 9.99369E-05 9.99369E-05 9.99369E-05 9.99369E-05
9.9964E-05 0.226115 9.9964E-05 0.0235738 0.259743 9.9964E-05 0.442549 0.0446789 0.0029405 9.9964E-05
0.0895701 0.379154 0.230685 0.133889 9.9973E-05 9.9973E-05 0.0772225 0.0257136 0.0634656 9.9973E-05
9.9955E-05 0.540241 0.0461246 9.9955E-05 0.0130113 9.9955E-05 0.242097 0.158026 9.9955E-05 9.9955E-05
0.173488 0.486244 0.077055 9.9964E-05 9.9964E-05 0.00800375 0.102947 9.9964E-05 0.151862 9.9964E-05
9.9937E-05 0.32699 9.9937E-05 9.9937E-05 9.9937E-05 9.9937E-05 0.473227 0.199083 9.9937E-05 9.9937E-05
9.9928E-05 9.9928E-05 9.9928E-05 9.9928E-05 9.9928E-05 9.9928E-05 9.9928E-05 9.9928E-05 0.703239 0.295962
0.00787001 9.9964E-05 0.0962444 9.9964E-05 0.171649 9.9964E-05 9.9964E-05 0.107012 0.539371 0.0774544
0.150356 9.99549E-05 0.136706 9.99549E-05 0.0234814 9.99549E-05 9.99549E-05 0.198931 0.490025 9.99549E-05
9.9955E-05 9.9955E-05 0.0957138 9.9955E-05 9.9955E-05 0.0731197 9.9955E-05 0.221622 0.178871 0.430174
9.9928E-05 9.9928E-05 9.9928E-05 9.9928E-05 0.0200971 9.9928E-05 9.9928E-05 9.9928E-05 0.979104 9.9928E-05
0.0116174 9.9955E-05 0.0382887 0.00110191 9.9955E-05 9.9955E-05 0.0380022 9.9955E-05 0.91049 9.9955E-05
0.215777 9.9937E-05 9.9937E-05 0.0274696 9.9937E-05 9.9937E-05 0.756054 9.9937E-05 9.9937E-05 9.9937E-05
0.524349 9.99459E-05 9.99459E-05 0.12752 9.99459E-05 9.99459E-05 0.307958 9.99459E-05 9.99459E-05 0.0395734
0.801911 9.9937E-05 9.9937E-05 0.0560218 9.9937E-05 9.9937E-05 0.141368 9.9937E-05 9.9937E-05 9.9937E-05
0.756836 0.0966147 9.9946E-05 9.9946E-05 9.9946E-05 9.9946E-05 0.0757912 9.9946E-05 9.9946E-05 0.0701584
0.53715 9.99459E-05 9.99459E-05 9.99459E-05 9.99459E-05 0.0165572 0.424868 9.99459E-05 0.0208253 9.99459E-05
9.9955E-05 0.0938342 9.9955E-05 9.9955E-05 9.9955E-05 0.119519 0.377181 9.9955E-05 0.0965433 0.312423
0.190014 0.0948471 0.0383445 9.9955E-05 0.0275874 9.9955E-05 0.648707 9.9955E-05 9.9955E-05 9.9955E-05
9.9946E-05 0.137529 9.9946E-05 9.9946E-05 9.9946E-05 9.9946E-05 0.50803 9.9946E-05 0.0975523 0.25629
9.99369E-05 0.151512 9.99369E-05 9.99369E-05 9.99369E-05 9.99369E-05 0.545617 9.99369E-05 9.99369E-05 0.302171
9.99549E-05 9.99549E-05 0.0215439 9.99549E-05 0.0723612 9.99549E-05 0.576562 0.0636557 0.265378 9.99549E-05
0.0252186 0.290086 0.157503 0.0215061 9.9964E-05 0.4658 9.9964E-05 9.9964E-05 9.9964E-05 0.0394865
9.9955E-05 0.151874 0.245521 9.9955E-05 0.0510288 0.534139 9.9955E-05 9.9955E-05 0.0169375 9.9955E-05
9.9955E-05 0.0276108 0.860594 9.9955E-05 9.9955E-05 0.0418119 9.9955E-05 0.00451249 9.9955E-05 0.0649708
9.99549E-05 9.99549E-05 0.479456 0.153561 9.99549E-05 0.186529 0.0563279 9.99549E-05 9.99549E-05 0.123627
9.9946E-05 9.9946E-05 0.606314 0.22683 9.9946E-05 0.111787 9.9946E-05 9.9946E-05 9.9946E-05 0.0544689
0.00251406 9.9955E-05 0.578374 0.262165 9.9955E-05 9.9955E-05 0.127645 9.9955E-05 9.9955E-05 0.0288016
0.146203 0.00522835 9.99459E-05 0.806944 9.99459E-05 0.0410251 9.99459E-05 9.99459E-05 9.99459E-05 9.99459E-05
9.99459E-05 9.99459E-05 0.0940589 0.779452 9.99459E-05 9.99459E-05 0.107275 0.0186142 9.99459E-05 9.99459E-05
9.99369E-05 9.99369E-05 9.99369E-05 0.25225 9.99369E-05 0.625268 9.99369E-05 0.121782 9.99369E-05 9.99369E-05
9.9937E-05 0.0550128 0.106029 9.9937E-05 9.9937E-05 0.838258 9.9937E-05 9.9937E-05 9.9937E-05 9.9937E-05
9.9964E-05 0.0524153 0.122486 0.165987 9.9964E-05 0.467351 0.110653 9.9964E-05 0.0807085 9.9964E-05
9.99372E-05 0.150811 0.470971 9.99372E-05 9.99372E-05 0.377519 9.99372E-05 9.99372E-05 9.99372E-05 9.99372E-05
9.994E-05 0.125958 0.177841 0.446744 9.994E-05 0.248857 9.994E-05 9.994E-05 9.994E-05 9.994E-05
9.9955E-05 0.0461767 0.372982 0.355252 9.9955E-05 0.217641 0.00744814 9.9955E-05 9.9955E-05 9.9955E-05
9.9955E-05 0.106289 0.0745131 0.687404 9.9955E-05 0.0888065 9.9955E-05 0.0424869 9.9955E-05 9.9955E-05
9.9955E-05 0.136532 0.433105 0.255689 0.0539486 0.120225 9.9955E-05 9.9955E-05 9.9955E-05 9.9955E-05
9.9955E-05 0.0229492 0.072698 0.741178 0.0326583 0.130017 9.9955E-05 9.9955E-05 9.9955E-05 9.9955E-05
9.9955E-05 9.9955E-05 0.586236 0.189509 0.0180563 0.0609622 0.144736 9.9955E-05 9.9955E-05 9.9955E-05
9.9955E-05 9.9955E-05 0.561245 0.062478 9.9955E-05 0.144179 0.180904 9.9955E-05 0.0506947 9.9955E-05
0.0478044 9.9955E-05 0.684776 0.20343 9.9955E-05 9.9955E-05 0.0543452 0.00914495 9.9955E-05 9.9955E-05
9.9937E-05 9.9937E-05 0.528166 0.387252 9.9937E-05 9.9937E-05 9.9937E-05 0.0838824 9.9937E-05 9.9937E-05
9.99281E-05 9.99281E-05 0.947348 9.99281E-05 0.0518523 9.99281E-05 9.99281E-05 9.99281E-05 9.99281E-05 9.99281E-05
9.9955E-05 0.0109272 0.565476 0.0519535 9.9955E-05 0.334024 9.9955E-05 9.9955E-05 9.9955E-05 0.03712
0.0200722 0.00967066 0.202758 0.575886 9.9964E-05 0.157409 0.0338045 9.9964E-05 9.9964E-05 9.9964E-05
0.11192 9.9946E-05 0.576658 9.9946E-05 9.9946E-05 0.178031 9.9946E-05 9.9946E-05 0.132792 9.9946E-05
9.99461E-05 9.99461E-05 0.0214816 9.99461E-05 0.827296 9.99461E-05 0.0544453 9.99461E-05 0.0961776 9.99461E-05
9.9937E-05 9.9937E-05 0.0828033 9.9937E-05 9.9937E-05 9.9937E-05 9.9937E-05 9.9937E-05 0.0846774 0.83182
9.9946E-05 9.9946E-05 0.102076 9.9946E-05 0.0449525 9.9946E-05 0.0315929 9.9946E-05 9.9946E-05 0.820779
0.153882 0.026476 9.9955E-05 9.9955E-05 0.658123 0.0612097 9.9955E-05 0.0998093 9.9955E-05 9.9955E-05
0.328454 9.99369E-05 9.99369E-05 9.99369E-05 0.597497 0.0733494 9.99369E-05 9.99369E-05 9.99369E-05 9.99369E-05
0.885235 9.99371E-05 9.99371E-05 0.040836 9.99371E-05 9.99371E-05 9.99371E-05 9.99371E-05 9.99371E-05 0.0732295
0.24438 9.9964E-05 9.9964E-05 0.0387006 9.9964E-05 0.0152641 9.9964E-05 0.41863 0.152299 0.130327
0.236718 0.105072 9.9964E-05 9.9964E-05 9.9964E-05 0.0352888 9.9964E-05 0.416008 0.0404947 0.166019
0.116004 9.9955E-05 9.9955E-05 0.00883916 0.25632 9.9955E-05 9.9955E-05 0.544266 0.0740712 9.9955E-05
0.251971 9.99459E-05 9.99459E-05 9.99459E-05 0.0930611 9.99459E-05 9.99459E-05 0.382482 9.99459E-05 0.271886
9.9955E-05 9.9955E-05 0.00245264 9.9955E-05 0.0241705 0.0166531 9.9955E-05 0.954928 9.9955E-05 0.00129556
9.99371E-05 9.99371E-05 9.99371E-05 9.99371E-05 9.99371E-05 9.99371E-05 0.0199808 0.885217 0.0941026 9.99371E-05
0.0288969 0.166572 9.9958E-05 9.9958E-05 0.295366 9.9958E-05 0.00244892 0.506217 9.9958E-05 9.9958E-05
0.0471529 0.0197228 9.9955E-05 9.9955E-05 9.9955E-05 9.9955E-05 0.0226908 0.850497 9.9955E-05 0.0594364
0.448743 9.99459E-05 9.99459E-05 9.99459E-05 9.99459E-05 0.000281936 9.99459E-05 0.44166 0.108716 9.99459E-05
0.171413 0.0671983 9.9955E-05 9.9955E-05 0.0327295 9.9955E-05 9.9955E-05 0.584548 0.143611 9.9955E-05
9.9946E-05 9.9946E-05 9.9946E-05 9.9946E-05 0.174441 0.0418179 9.9946E-05 0.778143 0.00499799 9.9946E-05
9.9955E-05 0.0555741 9.9955E-05 0.00315819 0.114655 9.9955E-05 0.0231394 0.802973 9.9955E-05 9.9955E-05
9.9964E-05 0.0445136 9.9964E-05 9.9964E-05 0.127894 0.0281599 9.9964E-05 0.469054 0.187377 0.142602
0.251163 0.0782612 9.9973E-05 9.9973E-05 0.294804 0.01994 9.9973E-05 0.0424245 0.00822411 0.304883
0.012077 9.9946E-05 9.9946E-05 9.9946E-05 0.585518 9.9946E-05 9.9946E-05 9.9946E-05 0.140395 0.261409
0.0593043 0.0959618 9.9946E-05 9.9946E-05 0.397203 9.9946E-05 9.9946E-05 9.9946E-05 9.9946E-05 0.446931
9.9946E-05 9.9946E-05 9.9946E-05 9.9946E-05 0.354649 9.9946E-05 0.0195459 0.0427542 9.9946E-05 0.582451
0.241484 9.9964E-05 0.0149975 0.0141577 0.694462 0.011121 9.9964E-05 0.0233775 9.9964E-05 9.9964E-05
9.9946E-05 0.0514271 9.9946E-05 9.9946E-05 0.831906 9.9946E-05 0.0516215 9.9946E-05 0.0644461 9.9946E-05
0.0705102 0.19326 9.9946E-05 9.9946E-05 0.662717 9.9946E-05 0.0729124 9.9946E-05 9.9946E-05 9.9946E-05
0.017162 9.99461E-05 9.99461E-05 9.99461E-05 0.941064 0.0219912 0.0191826 9.99461E-05 9.99461E-05 9.99461E-05
0.0691786 0.0413596 0.0374087 9.9955E-05 0.83138 9.9955E-05 9.9955E-05 0.0201732 9.9955E-05 9.9955E-05
9.9955E-05 0.0445522 9.9955E-05 9.9955E-05 0.659763 9.9955E-05 9.9955E-05 0.202099 0.0264609 0.0666252
9.9964E-05 0.035735 0.0133393 9.9964E-05 0.853406 9.9964E-05 9.9964E-05 0.00589191 0.0772251 0.0140028
9.9955E-05 0.0534163 9.9955E-05 9.9955E-05 0.842552 9.9955E-05 9.9955E-05 0.0343997 0.022726 0.0464058
0.100873 0.00361781 9.99549E-05 9.99549E-05 0.395794 9.99549E-05 9.99549E-05 9.99549E-05 0.388992 0.110225
0.0125881 9.9964E-05 0.0306337 9.9964E-05 0.296492 9.9964E-05 0.170203 0.147155 9.9964E-05 0.342528
0.0616669 0.115335 9.9964E-05 9.9964E-05 0.564829 9.9964E-05 9.9964E-05 0.0780413 0.0372592 0.142469
0.0682987 0.0508979 9.9973E-05 0.0301779 0.689531 9.9973E-05 9.9973E-05 0.13647 0.0170853 0.00723939
0.122471 9.99461E-05 9.99461E-05 9.99461E-05 0.763983 9.99461E-05 9.99461E-05 9.99461E-05 0.0949228 0.0180233
0.00670119 0.0825547 9.9955E-05 0.0248198 0.812679 9.9955E-05 9.9955E-05 9.9955E-05 9.9955E-05 0.0727451
0.118398 9.99549E-05 9.99549E-05 9.99549E-05 0.641961 9.99549E-05 9.99549E-05 0.143266 0.0315216 0.0643537
9.9937E-05 0.201282 9.9937E-05 9.9937E-05 0.139095 9.9937E-05 9.9937E-05 9.9937E-05 9.9937E-05 0.658923
9.9937E-05 9.9937E-05 9.9937E-05 9.9937E-05 0.0580316 9.9937E-05 9.9937E-05 0.22592 9.9937E-05 0.715349
9.9955E-05 9.9955E-05 9.9955E-05 0.0270882 0.310624 9.9955E-05 0.0333177 0.164984 9.9955E-05 0.463486
9.9946E-05 9.9946E-05 9.9946E-05 9.9946E-05 0.757901 9.9946E-05 9.9946E-05 0.0836614 0.0805794 0.0772585
9.9964E-05 9.9964E-05 9.9964E-05 0.0174 0.543626 0.0282594 0.0756175 0.240934 9.9964E-05 0.0937635
9.9946E-05 0.148039 9.9946E-05 9.9946E-05 0.641535 9.9946E-05 9.9946E-05 0.112671 9.9946E-05 0.0971551
9.9955E-05 9.9955E-05 9.9955E-05 0.024536 0.752876 9.9955E-05 0.025399 0.104795 9.9955E-05 0.0918944
9.99459E-05 0.199563 0.124948 9.99459E-05 0.574662 0.100228 9.99459E-05 9.99459E-05 9.99459E-05 9.99459E-05
9.9955E-05 9.9955E-05 0.266595 0.0956451 0.551265 9.9955E-05 0.0123451 0.0736497 9.9955E-05 9.9955E-05
0.106312 9.9955E-05 9.9955E-05 9.9955E-05 0.582664 9.9955E-05 0.0266701 0.0728077 9.9955E-05 0.211046
0.112208 0.00858388 9.99459E-05 9.99459E-05 0.251483 9.99459E-05 9.99459E-05 9.99459E-05 9.99459E-05 0.627126
9.9955E-05 0.12435 9.9955E-05 0.062333 0.441954 9.9955E-05 9.9955E-05 9.9955E-05 0.00908038 0.361783
9.9946E-05 0.100147 9.9946E-05 9.9946E-05 0.33637 9.9946E-05 9.9946E-05 9.9946E-05 0.101065 0.461818
0.0313682 9.9946E-05 9.9946E-05 9.9946E-05 0.0853921 9.9946E-05 9.9946E-05 9.9946E-05 0.103634 0.779006
0.129603 9.9937E-05 9.9937E-05 9.9937E-05 0.834945 9.9937E-05 9.9937E-05 9.9937E-05 9.9937E-05 0.0347521
0.0228439 9.9964E-05 9.9964E-05 9.9964E-05 0.285369 0.0138793 9.9964E-05 0.073085 0.0763462 0.528076
9.9946E-05 9.9946E-05 9.9946E-05 9.9946E-05 0.639188 0.0104947 9.9946E-05 9.9946E-05 0.134614 0.215104
0.118975 9.9955E-05 9.9955E-05 9.9955E-05 0.440231 9.9955E-05 9.9955E-05 0.0153953 0.147529 0.27737
9.99371E-05 9.99371E-05 9.99371E-05 0.0571935 0.50102 9.99371E-05 9.99371E-05 9.99371E-05 9.99371E-05 0.441087
0.0536397 9.9946E-05 0.145483 0.674523 9.9946E-05 9.9946E-05 9.9946E-05 9.9946E-05 9.9946E-05 0.125755
9.9955E-05 9.9955E-05 0.418385 0.324532 0.0191493 0.211459 9.9955E-05 9.9955E-05 9.9955E-05 0.0259759
0.115306 9.99639E-05 0.271606 0.31557 9.99639E-05 0.288215 0.00402825 9.99639E-05 0.00487416 9.99639E-05
0.113406 0.0509659 0.688607 9.99549E-05 9.99549E-05 0.084647 9.99549E-05 9.99549E-05 9.99549E-05 0.0618749
0.0595621 9.9964E-05 0.655908 0.0317365 9.9964E-05 0.133516 9.9964E-05 0.0671488 9.9964E-05 0.051729
9.9955E-05 9.9955E-05 0.814475 0.0546719 0.00436941 0.096753 9.9955E-05 9.9955E-05 9.9955E-05 0.0292304
9.9946E-05 9.9946E-05 0.353517 0.411409 9.9946E-05 0.177036 9.9946E-05 9.9946E-05 9.9946E-05 0.0574383
9.9946E-05 9.9946E-05 0.149874 0.581062 0.0102779 0.258186 9.9946E-05 9.9946E-05 9.9946E-05 9.9946E-05
0.0931851 9.99282E-05 9.99282E-05 0.906015 9.99282E-05 9.99282E-05 9.99282E-05 9.99282E-05 9.99282E-05 9.99282E-05
0.00248309 9.99549E-05 0.651362 0.171744 0.0961318 0.0777796 9.99549E-05 9.99549E-05 9.99549E-05 9.99549E-05
9.99372E-05 9.99372E-05 0.953281 9.99372E-05 9.99372E-05 0.0161961 0.0298238 9.99372E-05 9.99372E-05 9.99372E-05
9.9946E-05 0.0206659 0.929223 9.9946E-05 9.9946E-05 9.9946E-05 0.0314513 9.9946E-05 0.0180603 9.9946E-05
9.99551E-05 9.99551E-05 0.846418 9.99551E-05 0.0228174 0.0554429 0.0130055 0.0618167 9.99551E-05 9.99551E-05
