0.489425 9.9982E-05 0.113123 0.381853 9.9982E-05 0.0153992
0.133935 9.9982E-05 0.444776 0.324561 0.0965279 9.9982E-05
0.356623 9.9982E-05 0.149388 0.437012 0.0567775 9.9982E-05
0.403396 0.0700812 0.0233881 0.401244 0.101791 9.9991E-05
0.261552 0.0835482 9.9973E-05 0.6546 9.9973E-05 9.9973E-05
0.513596 0.0429196 9.9982E-05 0.387146 0.056139 9.9982E-05
9.9973E-05 9.9973E-05 0.203684 9.9973E-05 0.116333 0.679683
0.00837111 9.9991E-05 0.0423026 0.149325 0.130634 0.669268
9.9973E-05 9.9973E-05 0.0690382 0.0454177 9.9973E-05 0.885244
9.9973E-05 9.9973E-05 0.0526487 9.9973E-05 0.0864577 0.860594
9.99639E-05 9.99639E-05 0.274519 9.99639E-05 9.99639E-05 0.725081
0.0366416 0.0958917 0.410051 9.9982E-05 9.9982E-05 0.457215
9.9973E-05 0.128407 9.9973E-05 0.0222346 9.9973E-05 0.849058
9.9964E-05 0.00251824 9.9964E-05 9.9964E-05 9.9964E-05 0.997082
9.9973E-05 9.9973E-05 0.156501 9.9973E-05 0.088492 0.754707
9.9973E-05 9.9973E-05 0.263452 9.9973E-05 0.0411606 0.695087
0.450111 0.0306021 9.9982E-05 0.286102 0.232985 9.9982E-05
0.102018 0.0882932 9.9982E-05 0.0767878 0.732701 9.9982E-05
0.637345 0.100191 9.9973E-05 9.9973E-05 0.262165 9.9973E-05
0.536 0.116366 9.9982E-05 0.131369 0.216065 9.9982E-05
0.214098 0.0527939 9.9991E-05 0.201449 0.513721 0.0178381
0.457058 0.0536684 9.9973E-05 9.9973E-05 0.488974 9.9973E-05
0.611828 9.9973E-05 0.269773 0.118098 9.9973E-05 9.9973E-05
0.702368 9.9973E-05 0.0833619 0.21397 9.9973E-05 9.9973E-05
0.880626 9.99731E-05 9.99731E-05 0.0520509 9.99731E-05 0.0670227
0.738609 9.9973E-05 9.9973E-05 0.165939 0.0951522 9.9973E-05
0.461347 0.18984 9.9982E-05 0.2651 0.0835134 9.9982E-05
0.513655 0.0543736 9.9982E-05 0.337222 9.9982E-05 0.0945489
0.0234676 9.9982E-05 9.9982E-05 0.540948 0.348581 0.0868034
0.0754104 9.9982E-05 9.9982E-05 0.382224 0.405838 0.136327
0.248149 9.9982E-05 0.341163 0.0131091 0.397378 9.9982E-05
0.183326 0.0782183 0.0861742 0.361884 0.290297 9.9991E-05
0.375166 9.9973E-05 9.9973E-05 0.298327 0.326208 9.9973E-05
0.881323 9.9973E-05 0.0598138 9.9973E-05 9.9973E-05 0.058563
0.609529 9.99639E-05 0.390071 9.99639E-05 9.99639E-05 9.99639E-05
0.570495 0.0370617 0.0796171 0.159851 0.144095 0.00888053
0.442675 0.278493 0.278532 9.9973E-05 9.9973E-05 9.9973E-05
0.676599 0.111803 0.0998483 0.111549 9.998E-05 9.998E-05
0.676072 0.00608891 0.12691 0.000153525 0.170375 0.0204002
0.706385 0.0471042 9.9991E-05 0.0406082 0.180992 0.0248106
0.51032 9.998E-05 0.165751 0.290532 0.033197 9.998E-05
0.370126 0.0947313 0.0226584 0.485446 0.0269385 9.9991E-05
0.435495 0.141054 0.00499668 0.28282 0.135534 9.9991E-05
0.326014 0.0822079 0.143347 0.443723 9.999E-05 0.00460882
0.613061 9.9982E-05 9.9982E-05 0.292629 0.0825151 0.0115956
0.670131 9.9982E-05 0.0222053 0.141427 0.166037 9.9982E-05
0.137991 0.118152 9.9973E-05 9.9973E-05 0.743557 9.9973E-05
9.9973E-05 9.9973E-05 0.165145 0.0892372 0.745318 9.9973E-05
9.9964E-05 9.9964E-05 0.188412 9.9964E-05 0.811188 9.9964E-05
0.00468591 9.998E-05 0.0130916 0.268162 0.71386 9.998E-05
0.14121 0.0179696 9.9982E-05 9.9982E-05 0.770255 0.0703655
0.414182 9.9991E-05 0.0536057 0.158755 0.257126 0.116232
0.386809 0.0987887 9.9973E-05 9.9973E-05 0.514102 9.9973E-05
0.66596 9.9973E-05 9.9973E-05 0.0464228 0.287317 9.9973E-05
0.614132 9.9991E-05 0.0752721 0.0484498 0.190863 0.0711835
0.639509 0.112335 9.998E-05 0.126984 0.120972 9.998E-05
0.23617 0.184082 0.181433 9.9982E-05 9.9982E-05 0.398115
0.125528 0.170659 9.9973E-05 9.9973E-05 9.9973E-05 0.703513
0.0305649 0.868418 9.9982E-05 0.0465329 9.9982E-05 0.0542841
0.0259864 0.507279 0.172047 9.9991E-05 0.0950042 0.199584
9.9973E-05 0.637599 0.183215 9.9973E-05 9.9973E-05 0.178886
9.9973E-05 0.707019 0.140366 9.9973E-05 0.152314 9.9973E-05
9.99729E-05 9.99729E-05 0.769313 9.99729E-05 0.0910996 0.139288
0.0285689 0.322166 0.609423 9.998E-05 9.998E-05 0.0396417
9.9982E-05 0.0817644 0.257593 0.00464182 9.9982E-05 0.655801
9.9982E-05 0.117614 0.00706764 9.9982E-05 0.0586183 0.8165
0.158069 0.170801 0.118232 9.9982E-05 9.9982E-05 0.552698
0.102273 0.309332 9.99731E-05 9.99731E-05 9.99731E-05 0.588095
0.0924049 0.233606 0.447685 9.998E-05 9.998E-05 0.226104
0.00884968 0.41642 0.19364 9.9982E-05 9.9982E-05 0.380891
0.103194 0.226482 0.57399 9.9982E-05 9.9982E-05 0.0961352
0.112077 0.405822 0.119772 9.9982E-05 9.9982E-05 0.36213
0.00156338 0.205221 0.567496 0.00901398 9.9991E-05 0.216605
9.9991E-05 0.730132 0.0906889 0.0253873 0.079641 0.0740512
0.153573 0.57443 9.9982E-05 9.9982E-05 0.0246876 0.247109
9.9982E-05 0.799464 0.133694 9.9982E-05 0.0622574 0.00438515
9.9973E-05 0.713749 0.256852 9.9973E-05 9.9973E-05 0.0290989
9.9964E-05 0.962407 9.9964E-05 0.0371931 9.9964E-05 9.9964E-05
9.9973E-05 0.509058 0.0502378 9.9973E-05 9.9973E-05 0.440404
9.9982E-05 0.304416 0.434957 9.9982E-05 0.0543355 0.206092
9.9973E-05 0.766531 0.0473762 9.9973E-05 0.185793 9.9973E-05
0.0379918 0.101337 9.998E-05 0.827582 0.0328892 9.998E-05
0.062704 9.99731E-05 0.219087 0.717909 9.99731E-05 9.99731E-05
9.9973E-05 0.0206332 0.229268 0.749799 9.9973E-05 9.9973E-05
9.9982E-05 0.0740297 9.9982E-05 0.786809 0.0746114 0.0643495
9.997E-05 9.997E-05 9.997E-05 0.644966 0.262111 0.0926233
9.997E-05 9.997E-05 0.431514 0.198757 0.369429 9.997E-05
0.117828 0.0300543 0.227567 0.56045 0.0640005 9.9991E-05
0.179585 9.9991E-05 0.223749 0.479863 0.104974 0.0117297
0.0248332 0.0665597 0.00146305 0.768884 0.13816 9.9991E-05
9.9973E-05 9.9973E-05 0.222784 0.749883 0.0270337 9.9973E-05
0.100906 0.173467 9.9973E-05 0.725327 9.9973E-05 9.9973E-05
0.403419 0.1067 9.9973E-05 0.489581 9.9973E-05 9.9973E-05
0.328164 0.0591823 9.9982E-05 0.59054 0.021914 9.9982E-05
0.263837 0.0815327 0.0665049 0.556179 0.0318458 9.9991E-05
9.9982E-05 0.0400875 0.0909873 0.396322 0.472403 9.9982E-05
0.362862 0.0291264 9.998E-05 0.425627 0.182185 9.998E-05
0.202356 0.141761 9.9973E-05 0.655583 9.9973E-05 9.9973E-05
0.27712 0.10336 9.9973E-05 0.61922 9.9973E-05 9.9973E-05
0.30884 9.9982E-05 0.0171008 0.605641 9.9982E-05 0.0682182
0.00273752 9.9982E-05 9.9982E-05 0.66556 0.25483 0.0766721
0.0282642 9.9973E-05 9.9973E-05 0.853569 0.117867 9.9973E-05
0.0496511 9.9982E-05 0.0478256 0.813211 0.0891126 9.9982E-05
0.0338487 9.9973E-05 0.118709 0.847142 9.9973E-05 9.9973E-05
9.9973E-05 9.9973E-05 9.9973E-05 0.727873 0.203804 0.0680239
0.100654 0.043993 9.9982E-05 0.806637 0.0485166 9.9982E-05
0.188973 9.998E-05 9.998E-05 0.659256 0.122386 0.0291848
9.998E-05 0.0178332 9.998E-05 0.861887 0.0671979 0.0528824
0.0435979 0.10714 9.9982E-05 0.832838 0.0162249 9.9982E-05
0.0500941 0.0773914 9.9982E-05 0.867147 9.9982E-05 0.00516744
0.12915 0.0539674 9.997E-05 0.816583 9.997E-05 9.997E-05
9.9964E-05 0.0406274 9.9964E-05 0.958973 9.9964E-05 9.9964E-05
0.163117 9.9973E-05 9.9973E-05 0.665125 0.171458 9.9973E-05
9.9973E-05 0.0615598 9.9973E-05 0.761053 0.177088 9.9973E-05
0.0975801 9.998E-05 0.0716956 0.749336 0.0811883 9.998E-05
0.0435503 0.0477293 9.998E-05 0.833339 0.0751818 9.998E-05
9.99731E-05 9.99731E-05 9.99731E-05 0.895069 0.0331467 0.0714839
0.00752405 0.0532684 9.9973E-05 0.938908 9.9973E-05 9.9973E-05
0.0238688 0.016397 0.00720588 0.867643 0.0847856 9.9991E-05
0.0252516 9.9973E-05 0.274495 0.699954 9.9973E-05 9.9973E-05
9.9964E-05 9.9964E-05 0.245002 0.754598 9.9964E-05 9.9964E-05
0.0178614 0.0263647 0.114981 0.840593 9.998E-05 9.998E-05
0.0409101 0.0247623 9.9973E-05 0.934028 9.9973E-05 9.9973E-05
0.0609128 0.119458 9.9982E-05 0.786924 9.9982E-05 0.0325057
0.100863 0.0663941 0.00735457 0.825188 9.9982E-05 9.9982E-05
9.9973E-05 0.048674 9.9973E-05 0.920462 0.0305643 9.9973E-05
0.163813 0.110466 9.998E-05 0.546764 9.998E-05 0.178757
9.9982E-05 0.344251 0.0239447 0.569516 9.9982E-05 0.0620887
9.9973E-05 9.9973E-05 0.0317115 0.861588 0.106401 9.9973E-05
9.9973E-05 9.9973E-05 0.199542 0.77954 0.0206182 9.9973E-05
0.078679 9.9973E-05 0.191013 0.730009 9.9973E-05 9.9973E-05
0.0545817 9.9973E-05 0.135967 0.809152 9.9973E-05 9.9973E-05
0.0247056 9.9982E-05 0.256482 0.659613 0.0590001 9.9982E-05
9.9982E-05 0.0296863 9.9982E-05 0.891347 0.076367 0.00239957
0.0463024 9.9982E-05 0.126425 0.816036 9.9982E-05 0.0110364
0.0519166 9.9982E-05 0.00188215 0.891508 9.9982E-05 0.0544936
0.116793 9.998E-05 0.0606168 0.679078 0.143313 9.998E-05
9.9964E-05 9.9964E-05 0.175304 0.824296 9.9964E-05 9.9964E-05
9.997E-05 0.293608 0.670194 0.0358983 9.997E-05 9.997E-05
9.9973E-05 0.496192 0.324389 9.9973E-05 9.9973E-05 0.179119
9.9982E-05 0.322625 0.332174 9.9982E-05 0.0849848 0.260016
9.999E-05 0.620843 0.129559 0.101032 0.0326512 0.115814
9.9982E-05 0.623325 0.0826368 0.106845 9.9982E-05 0.186993
9.9982E-05 0.808171 0.0866265 0.00643382 9.9982E-05 0.0985688
0.0203558 0.33655 0.316789 9.9982E-05 9.9982E-05 0.326106
9.997E-05 0.257804 0.46041 9.997E-05 9.997E-05 0.281486
9.99641E-05 9.99641E-05 0.973467 9.99641E-05 9.99641E-05 0.0261336
9.998E-05 0.666436 0.119589 0.0616676 9.998E-05 0.152107
0.0337863 0.859197 9.99731E-05 9.99731E-05 9.99731E-05 0.106717
0.0496943 0.949906 9.99641E-05 9.99641E-05 9.99641E-05 9.99641E-05
0.0249754 0.899806 9.9982E-05 0.0172727 9.9982E-05 0.057746
