0.00456804 0.273462 0.141996 9.9982E-05 0.487149 9.9982E-05 0.0926245
9.9973E-05 0.302803 0.137524 9.9973E-05 0.145654 9.9973E-05 0.413719
9.9982E-05 0.321295 0.258299 9.9982E-05 0.253491 0.0213268 0.145389
0.0107038 0.0936804 0.570384 9.9991E-05 0.190875 0.0821966 0.0520601
9.9973E-05 0.403352 0.395154 0.0466777 0.154517 9.9973E-05 9.9973E-05
9.9973E-05 0.112267 0.501327 9.9973E-05 0.322275 0.0638301 9.9973E-05
0.747642 9.99639E-05 9.99639E-05 9.99639E-05 9.99639E-05 0.0745312 0.177427
0.639652 0.173592 9.9982E-05 0.0353324 9.9982E-05 0.1324 0.018823
0.898859 9.9973E-05 0.0317601 0.0124229 9.9973E-05 9.9973E-05 0.0566585
0.93286 9.9964E-05 9.9964E-05 9.9964E-05 9.9964E-05 0.0550181 0.0117223
0.761259 9.99549E-05 9.99549E-05 9.99549E-05 9.99549E-05 9.99549E-05 0.238241
0.530567 0.0157291 9.9982E-05 0.0753944 0.0328781 9.9982E-05 0.345232
0.745141 9.9973E-05 0.018814 0.195182 9.9973E-05 9.9973E-05 0.0405624
0.955565 9.9964E-05 0.000640193 0.043395 9.9964E-05 9.9964E-05 9.9964E-05
0.837258 0.0132577 0.00254697 9.9982E-05 9.9982E-05 0.0361603 0.110577
0.727745 0.0184052 9.9973E-05 9.9973E-05 9.9973E-05 0.0229972 0.230553
9.9982E-05 0.287805 0.0667372 0.0532691 0.384626 0.207363 9.9982E-05
9.9982E-05 0.0653708 0.0903373 0.109525 0.036582 0.697985 9.9982E-05
9.9973E-05 9.9973E-05 0.157948 0.0908275 0.490584 0.260341 9.9973E-05
9.9973E-05 9.9973E-05 0.316158 0.0859354 0.352986 0.24462 9.9973E-05
9.9982E-05 0.093075 0.219609 0.0267906 0.0747614 0.585564 9.9982E-05
9.9973E-05 9.9973E-05 0.134294 0.040388 0.260088 0.564929 9.9973E-05
0.0027737 0.150654 0.0332363 9.9982E-05 0.561033 9.9982E-05 0.252103
9.9964E-05 0.301535 9.9964E-05 0.03183 0.666235 9.9964E-05 9.9964E-05
9.9973E-05 0.0579133 0.0498078 0.00638595 0.885593 9.9973E-05 9.9973E-05
9.9973E-05 0.157574 0.183395 9.9973E-05 0.58883 0.0699008 9.9973E-05
9.9973E-05 0.260878 9.9973E-05 0.177502 0.467333 0.0939867 9.9973E-05
9.9973E-05 0.259348 0.254545 0.103358 0.382449 9.9973E-05 9.9973E-05
0.130886 0.57029 0.00598649 9.9982E-05 0.00538249 0.287255 9.9982E-05
0.137068 0.3285 0.141984 9.9973E-05 9.9973E-05 0.392148 9.9973E-05
9.9964E-05 9.9964E-05 0.346371 9.9964E-05 9.9964E-05 0.226406 0.426823
9.999E-05 0.0962758 0.521632 0.0133672 0.00690474 0.228537 0.133183
9.9982E-05 0.0409461 0.576777 9.9982E-05 0.0878503 0.2879 0.00632671
0.0360649 0.0242693 9.9964E-05 9.9964E-05 0.939266 9.9964E-05 9.9964E-05
9.99549E-05 9.99549E-05 9.99549E-05 9.99549E-05 0.671767 9.99549E-05 0.327733
9.9982E-05 0.146629 0.15611 0.0682021 0.403435 0.225424 9.9982E-05
9.9973E-05 9.9973E-05 0.13842 0.248514 0.352339 9.9973E-05 0.260427
9.9982E-05 0.070488 0.0916136 0.117739 0.643524 0.0764351 9.9982E-05
9.999E-05 0.0594214 0.0539179 0.0395203 0.630592 0.117389 0.0990592
0.00570371 9.9982E-05 0.237585 0.0429708 0.539126 0.174415 9.9982E-05
9.99731E-05 0.200185 0.290847 9.99731E-05 0.35016 9.99731E-05 0.158507
9.9982E-05 0.315121 0.376273 0.127686 0.179484 0.00123588 9.9982E-05
9.9973E-05 9.9973E-05 0.585279 0.106075 0.177128 0.131218 9.9973E-05
0.111208 0.336216 0.245019 0.0196693 0.280587 9.9991E-05 0.00720067
9.9973E-05 0.0333095 0.513594 9.9973E-05 0.351227 0.10157 9.9973E-05
9.9964E-05 9.9964E-05 0.471672 9.9964E-05 0.375118 0.15281 9.9964E-05
9.9964E-05 9.9964E-05 9.9964E-05 0.085577 0.114253 0.79977 9.9964E-05
9.9973E-05 0.0989231 0.0131353 9.9973E-05 9.9973E-05 0.668789 0.218853
9.9964E-05 0.0161781 9.9964E-05 9.9964E-05 9.9964E-05 0.708492 0.27493
9.9973E-05 0.31896 9.9973E-05 9.9973E-05 0.0154606 0.595779 0.0695004
0.0637417 9.9973E-05 0.0887192 9.9973E-05 0.0419735 0.805266 9.9973E-05
0.13265 0.253387 9.9973E-05 9.9973E-05 0.362042 0.251621 9.9973E-05
9.9973E-05 0.0851041 9.9973E-05 0.0937631 0.29103 0.529803 9.9973E-05
9.9973E-05 0.159594 9.9973E-05 0.00588938 0.639967 0.194249 9.9973E-05
0.0523003 0.163306 9.9973E-05 9.9973E-05 0.569076 0.215017 9.9973E-05
9.9973E-05 9.9973E-05 0.300192 0.09092 0.45126 0.157328 9.9973E-05
0.454291 9.9973E-05 9.9973E-05 0.156877 0.231078 9.9973E-05 0.157455
0.616686 0.0051711 9.9973E-05 0.212912 0.164931 9.9973E-05 9.9973E-05
0.0769299 0.018867 9.9973E-05 0.847807 0.0560961 9.9973E-05 9.9973E-05
0.226916 9.9982E-05 9.9982E-05 0.485443 0.0496483 0.0810838 0.156709
0.113261 9.9973E-05 0.000575483 0.681826 9.9973E-05 9.9973E-05 0.204037
9.99639E-05 9.99639E-05 9.99639E-05 0.697761 9.99639E-05 0.160472 0.141367
0.200066 9.99639E-05 9.99639E-05 9.99639E-05 9.99639E-05 0.0285683 0.770966
0.11347 9.9982E-05 0.0497729 0.256563 0.0354334 9.9982E-05 0.544561
0.649422 9.9973E-05 0.0464101 0.0905562 9.9973E-05 9.9973E-05 0.213312
0.867768 9.9973E-05 9.9973E-05 0.0742432 0.00779637 0.0498926 9.9973E-05
0.464644 9.9982E-05 0.0150063 0.215302 0.153172 9.9982E-05 0.151676
0.421005 9.99641E-05 9.99641E-05 0.452989 0.125606 9.99641E-05 9.99641E-05
0.163026 9.9973E-05 9.9973E-05 0.265574 0.116877 9.9973E-05 0.454223
0.417791 9.997E-05 9.997E-05 0.329462 0.0960864 9.997E-05 0.15636
0.187641 9.9973E-05 9.9973E-05 0.187348 0.110162 9.9973E-05 0.514549
0.343805 9.9973E-05 9.9973E-05 0.420499 0.158736 9.9973E-05 0.0766596
0.237474 9.99729E-05 9.99729E-05 0.233777 0.0153465 9.99729E-05 0.513102
0.0662116 9.9982E-05 0.0582222 0.705351 9.9982E-05 0.0935015 0.0765135
0.101445 9.9982E-05 9.9982E-05 0.700759 0.13944 0.0482774 0.00987893
9.9982E-05 9.9982E-05 0.0124352 0.781238 0.019229 0.0556489 0.131249
0.0559692 9.9973E-05 0.0835738 0.627353 9.9973E-05 9.9973E-05 0.232804
9.9955E-05 9.9955E-05 0.0596609 0.939839 9.9955E-05 9.9955E-05 9.9955E-05
0.360019 9.9973E-05 9.9973E-05 0.554733 0.0120162 9.9973E-05 0.0729319
0.17878 9.99729E-05 9.99729E-05 0.325816 9.99729E-05 0.0585237 0.436581
0.0747397 9.9982E-05 0.0452344 0.72083 9.9982E-05 0.0659357 0.0930605
9.9982E-05 0.729177 0.127946 0.115526 0.0253759 0.00177473 9.9982E-05
0.0338773 0.775602 9.9973E-05 9.9973E-05 0.0284124 9.9973E-05 0.161809
9.9973E-05 0.781135 9.9973E-05 0.0592859 0.0257063 9.9973E-05 0.133573
0.0514357 0.601587 0.227246 0.0172492 9.9982E-05 0.102282 9.9982E-05
0.0676483 0.631784 0.0778223 9.9973E-05 9.9973E-05 0.222445 9.9973E-05
9.99641E-05 0.255815 9.99641E-05 9.99641E-05 9.99641E-05 0.155281 0.588505
9.99641E-05 0.288741 0.443305 9.99641E-05 9.99641E-05 9.99641E-05 0.267553
0.0272758 0.268116 0.453648 9.9991E-05 0.00291155 0.0443484 0.2036
9.9973E-05 0.307979 0.622725 9.9973E-05 9.9973E-05 0.038257 0.0307391
9.9973E-05 0.533344 0.232117 9.9973E-05 9.9973E-05 0.0303587 0.203879
9.9964E-05 0.110779 0.834764 0.0540575 9.9964E-05 9.9964E-05 9.9964E-05
9.9955E-05 9.9955E-05 0.944734 9.9955E-05 0.0547664 9.9955E-05 9.9955E-05
0.0546167 0.240543 0.635651 9.9973E-05 0.0688894 9.9973E-05 9.9973E-05
9.9982E-05 0.0988253 0.814429 0.0156152 0.0227916 9.9982E-05 0.048139
9.99639E-05 9.99639E-05 0.638733 9.99639E-05 9.99639E-05 0.243598 0.117269
0.00941305 0.0562214 0.737312 9.9991E-05 0.0528586 0.118537 0.0255574
0.0395831 0.16979 0.781026 0.0093009 9.9973E-05 9.9973E-05 9.9973E-05
9.9973E-05 0.0746881 0.850205 0.0231152 0.0516914 9.9973E-05 9.9973E-05
0.033807 0.300679 0.508025 9.9973E-05 0.15719 9.9973E-05 9.9973E-05
0.0569208 0.70024 0.0214744 9.9982E-05 0.0323038 0.188861 9.9982E-05
9.9973E-05 0.818455 0.0645456 9.9973E-05 0.0594843 0.0572154 9.9973E-05
9.9964E-05 0.800109 9.9964E-05 9.9964E-05 0.115082 0.0844087 9.9964E-05
9.9964E-05 0.875604 9.9964E-05 9.9964E-05 0.0384076 9.9964E-05 0.0855882
0.0235967 0.722653 0.0831949 0.0502562 9.9991E-05 0.112528 0.00767148
9.9982E-05 0.771667 0.0521864 0.0454785 0.0782301 0.0522377 9.9982E-05
9.9973E-05 0.653663 9.9973E-05 0.000899391 0.199751 0.145386 9.9973E-05
9.9973E-05 0.796131 0.11213 0.0497566 9.9973E-05 0.0416824 9.9973E-05
9.9973E-05 0.737285 0.169396 0.0813748 9.9973E-05 0.0116452 9.9973E-05
9.9973E-05 0.660209 0.317163 0.0133621 0.00896607 9.9973E-05 9.9973E-05
9.9973E-05 0.726788 0.12953 0.0780207 0.0653607 9.9973E-05 9.9973E-05
9.9973E-05 0.87127 0.10541 0.0055163 0.0175042 9.9973E-05 9.9973E-05
9.9973E-05 0.580093 0.204918 9.9973E-05 0.0964112 0.118277 9.9973E-05
9.9973E-05 0.645349 0.138458 0.0697018 9.9973E-05 0.146192 9.9973E-05
9.9982E-05 0.654643 0.210973 9.9982E-05 0.0561702 0.0319021 0.0461114
9.9982E-05 0.645208 0.220952 0.0415938 9.9982E-05 0.0736534 0.0183931
0.0463932 0.745643 0.143344 9.9973E-05 9.9973E-05 0.0643197 9.9973E-05
9.9973E-05 0.870057 0.0101743 0.0584877 0.0609816 9.9973E-05 9.9973E-05
0.00593667 0.702583 0.267433 0.0136866 9.9982E-05 9.9982E-05 0.0101607
9.9964E-05 0.696043 9.9964E-05 9.9964E-05 0.1226 9.9964E-05 0.180957
9.9964E-05 0.775866 9.9964E-05 9.9964E-05 0.0283669 9.9964E-05 0.195367
9.9982E-05 0.816508 0.0115533 0.0280084 0.061775 9.9982E-05 0.0819552
9.9973E-05 0.765032 0.180778 0.0382428 0.0156469 9.9973E-05 9.9973E-05
0.00942572 0.606286 0.275629 0.107881 0.000579222 9.9982E-05 9.9982E-05
9.997E-05 0.727099 0.14133 0.0488468 0.0824244 9.997E-05 9.997E-05
9.9964E-05 0.777784 0.178373 0.0434433 9.9964E-05 9.9964E-05 9.9964E-05
0.139276 0.547725 9.9973E-05 0.163598 0.149101 9.9973E-05 9.9973E-05
0.0228767 0.552826 0.0495448 0.373015 0.00153793 9.9982E-05 9.9982E-05
9.9973E-05 0.804716 0.104907 9.9973E-05 9.9973E-05 0.0873081 0.00276899
9.9973E-05 0.820579 9.9973E-05 9.9973E-05 0.0152341 0.0123804 0.151507
9.9973E-05 0.703203 0.0711084 9.9973E-05 0.0755983 9.9973E-05 0.149791
0.0197636 0.765734 0.0477971 9.9982E-05 0.113714 9.9982E-05 0.0527912
9.9973E-05 0.732592 9.9973E-05 9.9973E-05 0.0579867 0.00933422 0.199787
0.00471246 0.861512 0.0459994 0.0388938 9.9982E-05 0.0486826 9.9982E-05
9.9973E-05 0.796306 0.00141161 9.9973E-05 0.0583584 9.9973E-05 0.143624
0.0515288 0.820878 0.107272 9.9973E-05 0.0200212 9.9973E-05 9.9973E-05
9.9982E-05 0.662545 0.140393 9.9982E-05 0.0695893 0.0739029 0.0533698
9.9955E-05 0.874043 9.9955E-05 9.9955E-05 9.9955E-05 9.9955E-05 0.125457
9.9964E-05 0.0519974 9.9964E-05 0.313668 9.9964E-05 9.9964E-05 0.633935
0.268399 9.99639E-05 9.99639E-05 0.467763 9.99639E-05 9.99639E-05 0.263438
0.337953 9.9982E-05 0.0217869 0.300271 9.9982E-05 0.037277 0.302512
0.0996063 0.060905 0.0681815 0.614725 9.9982E-05 9.9982E-05 0.156382
0.129631 0.0933531 9.9973E-05 0.702695 9.9973E-05 9.9973E-05 0.0740201
0.164729 0.00347122 9.9973E-05 0.751543 9.9973E-05 9.9973E-05 0.0799565
0.255022 0.00105445 9.9982E-05 0.400422 0.0444143 9.9982E-05 0.298888
0.252155 9.99639E-05 9.99639E-05 0.294859 9.99639E-05 9.99639E-05 0.452586
9.99551E-05 9.99551E-05 9.99551E-05 0.034669 9.99551E-05 9.99551E-05 0.964831
0.112115 0.0838364 9.9973E-05 0.712976 9.9973E-05 9.9973E-05 0.0907729
0.0354307 9.99641E-05 9.99641E-05 0.886334 0.0778354 9.99641E-05 9.99641E-05
9.99551E-05 9.99551E-05 9.99551E-05 0.958632 0.0408681 9.99551E-05 9.99551E-05
0.107098 9.9973E-05 0.0602339 0.828395 9.9973E-05 0.00397309 9.9973E-05
