0.0312491 0.171593 0.797157
9.999E-05 0.500409 0.499491
0.027982 0.200317 0.771701
0.109324 0.186311 0.704365
0.0979171 9.9991E-05 0.901983
0.0816471 9.9991E-05 0.918253
0.408425 0.591475 9.9991E-05
0.52366 0.353483 0.122857
0.639801 0.360099 9.9991E-05
0.583754 0.416146 9.9991E-05
0.508378 0.491522 9.9991E-05
0.487486 0.512414 9.9991E-05
0.761477 0.238423 9.9991E-05
0.786055 0.213845 9.9991E-05
0.52257 0.47733 9.9991E-05
0.477606 0.522294 9.9991E-05
0.118343 0.1357 0.745957
0.127697 0.420482 0.451822
0.254646 0.175872 0.569483
0.281164 9.9991E-05 0.718736
0.126641 0.205557 0.667802
0.244852 0.185668 0.569481
0.115924 0.293652 0.590424
0.206052 0.0219943 0.771954
0.264735 9.9991E-05 0.735165
0.147535 0.0153815 0.837083
0.27346 9.9991E-05 0.72644
0.242365 9.9991E-05 0.757535
0.0571608 0.253453 0.689386
0.0963142 0.326191 0.577495
0.0528338 0.556717 0.390449
0.109129 0.281872 0.608999
0.0267585 0.222966 0.750276
0.220484 0.145106 0.63441
0.110586 0.488326 0.401088
0.174059 0.172219 0.653722
0.410529 0.251089 0.338381
0.265486 0.0991459 0.635368
0.189528 0.28044 0.530031
0.236108 0.075634 0.688258
9.9991E-05 0.293523 0.706377
0.151748 0.0567362 0.791516
0.228385 0.0939785 0.677637
0.208609 0.0803035 0.711087
0.0758705 0.0983463 0.825783
0.166915 0.110662 0.722423
0.225713 0.450824 0.323463
0.0207351 0.63859 0.340675
9.9991E-05 0.789427 0.210473
9.9991E-05 0.538276 0.461624
0.105779 0.478911 0.41531
0.19768 0.298031 0.504289
0.233338 0.202909 0.563753
0.189049 0.168182 0.642769
0.194662 0.206584 0.598755
0.263401 9.9991E-05 0.736499
0.565567 0.279773 0.154661
0.725823 0.123123 0.151054
0.937488 9.9991E-05 0.0624117
0.703708 0.245978 0.0503147
0.80242 0.19748 9.9991E-05
0.735457 0.176165 0.088378
0.149732 0.850168 9.9991E-05
0.456009 0.532874 0.0111175
0.592871 0.407029 9.9991E-05
0.714875 0.285025 9.9991E-05
0.626834 0.318356 0.0548104
0.953411 0.00252894 0.04406
0.52024 0.47966 9.9991E-05
0.714138 0.285762 9.9991E-05
0.438307 0.537488 0.0242042
0.755427 0.227983 0.0165895
0.483342 0.516558 9.9991E-05
0.817479 0.0964895 0.086031
0.895807 0.0237958 0.0803976
0.842425 0.0971602 0.0604152
0.782004 0.215981 0.00201479
0.988173 9.9991E-05 0.0117268
0.874465 0.125435 9.9991E-05
0.514263 0.485637 9.9991E-05
0.822275 0.092255 0.0854704
0.0617748 9.9991E-05 0.938125
9.9991E-05 0.189763 0.810137
0.0241677 0.140044 0.835788
0.0769827 9.9991E-05 0.922917
0.0086494 0.184908 0.806443
9.9991E-05 0.717919 0.281981
0.0437505 0.293609 0.66264
0.011401 0.334675 0.653924
0.0418973 0.0860692 0.872034
9.9991E-05 0.226208 0.773692
0.186277 9.9991E-05 0.813623
0.159337 9.9991E-05 0.840563
0.114609 9.9991E-05 0.885291
0.118171 0.0724293 0.8094
0.0167283 0.393469 0.589803
0.0820171 0.12507 0.792913
0.154732 9.9991E-05 0.845168
0.153466 9.9991E-05 0.846434
0.068784 0.0774628 0.853753
9.9991E-05 0.208631 0.791269
9.9991E-05 0.0447696 0.95513
9.9991E-05 0.0779563 0.921944
9.9991E-05 0.142506 0.857394
0.0115877 0.160657 0.827755
0.0345884 9.9991E-05 0.965312
0.0516018 9.9991E-05 0.948298
0.0633573 9.9991E-05 0.936543
0.078066 9.9991E-05 0.921834
0.0206756 9.9991E-05 0.979224
0.0375509 9.9991E-05 0.962349
9.999E-05 9.999E-05 0.9998
9.9991E-05 0.112006 0.887894
0.0632233 0.0670382 0.869739
9.9991E-05 0.127425 0.872475
0.0386776 9.9991E-05 0.961222
0.0219189 9.9991E-05 0.977981
9.999E-05 9.999E-05 0.9998
9.9991E-05 0.0724478 0.927452
9.9991E-05 0.261384 0.738516
9.9991E-05 0.237661 0.762239
9.9991E-05 0.131191 0.868709
9.999E-05 9.999E-05 0.9998
0.146872 9.9991E-05 0.853028
0.0683159 9.9991E-05 0.931584
0.0343956 0.00964889 0.955956
0.318782 9.9991E-05 0.681118
0.364463 9.9991E-05 0.635437
9.9991E-05 0.0853125 0.914587
9.9991E-05 0.197105 0.802795
9.9991E-05 0.194129 0.805771
9.9991E-05 0.174041 0.825859
9.9991E-05 0.303296 0.696604
9.9991E-05 0.0375167 0.962383
9.9991E-05 0.170272 0.829628
9.9991E-05 0.0641792 0.935721
9.9991E-05 0.129893 0.870007
9.9991E-05 0.18169 0.81821
0.360438 0.63055 0.00901235
0.689251 0.307767 0.00298208
0.576683 0.423217 9.9991E-05
0.772349 0.111711 0.11594
0.812668 0.036108 0.151224
0.941095 0.030851 0.0280537
0.667065 0.328114 0.00482093
0.497205 0.502695 9.9991E-05
0.0657698 0.93413 9.9991E-05
0.811035 0.105517 0.0834482
0.9998 9.999E-05 9.999E-05
0.9998 9.999E-05 9.999E-05
0.954015 9.9991E-05 0.0458852
