0.0105104 0.226355 0.763134
9.999E-05 0.562208 0.437692
0.0378249 0.230137 0.732038
0.0805109 0.172991 0.746498
0.0842114 9.9991E-05 0.915689
0.0924415 0.0605136 0.847045
0.438878 0.561022 9.9991E-05
0.503132 0.31062 0.186248
0.673676 0.326224 9.9991E-05
0.623829 0.376071 9.9991E-05
0.53617 0.46373 9.9991E-05
0.538573 0.45716 0.00426659
0.791132 0.208768 9.9991E-05
0.827362 0.172538 9.9991E-05
0.574691 0.425209 9.9991E-05
0.493558 0.506342 9.9991E-05
0.125221 0.146504 0.728275
0.092582 0.519042 0.388376
0.196192 0.306588 0.49722
0.238702 0.0645562 0.696742
0.105367 0.328028 0.566605
0.144276 0.333264 0.522461
0.107964 0.317784 0.574252
0.171396 0.0776763 0.750927
0.222323 0.0677214 0.709956
0.105901 0.118788 0.775311
0.27643 9.9991E-05 0.72347
0.229889 9.9991E-05 0.770011
0.0331435 0.280906 0.68595
0.0868596 0.328607 0.584533
9.9991E-05 0.654259 0.345641
0.0896889 0.315265 0.595046
9.9991E-05 0.283641 0.716259
0.201046 0.209574 0.58938
0.0935002 0.549283 0.357216
0.154877 0.224248 0.620875
0.385136 0.300545 0.314319
0.25042 0.159878 0.589702
0.144845 0.334575 0.52058
0.168261 0.189146 0.642592
9.9991E-05 0.328005 0.671895
0.100678 0.107331 0.791991
0.214643 0.121645 0.663712
0.209645 0.0864544 0.7039
0.0182068 0.214026 0.767767
0.109823 0.214017 0.67616
0.151815 0.608445 0.23974
9.9991E-05 0.741088 0.258813
9.9991E-05 0.801304 0.198596
9.9991E-05 0.554358 0.445542
0.0777848 0.578197 0.344018
0.135199 0.31116 0.55364
0.157718 0.366364 0.475918
0.103742 0.291893 0.604366
0.0978828 0.326897 0.575221
0.233911 0.0121289 0.75396
0.570683 0.265227 0.16409
0.754084 0.153714 0.0922015
0.917973 9.9991E-05 0.0819272
0.725423 0.263104 0.0114727
0.852258 0.147642 9.9991E-05
0.75755 0.164805 0.0776445
0.17697 0.82293 9.9991E-05
0.460441 0.539459 9.9991E-05
0.612856 0.387044 9.9991E-05
0.766728 0.233172 9.9991E-05
0.63218 0.313897 0.0539233
0.964299 0.0356013 9.9991E-05
0.535027 0.464873 9.9991E-05
0.769806 0.230094 9.9991E-05
0.510318 0.442633 0.047049
0.767337 0.229809 0.00285387
0.52146 0.47844 9.9991E-05
0.838931 0.0821716 0.0788974
0.891164 0.0257118 0.0831244
0.802674 0.148426 0.0488999
0.787564 0.193502 0.0189348
0.9947 9.9991E-05 0.00519991
0.857959 0.141941 9.9991E-05
0.539988 0.459912 9.9991E-05
0.755512 0.148168 0.0963201
0.0655649 9.9991E-05 0.934335
0.00339284 0.199182 0.797425
0.0590412 0.0817332 0.859226
0.0933199 0.00625775 0.900422
0.00132109 0.160822 0.837857
9.9991E-05 0.690533 0.309367
0.038087 0.283128 0.678785
9.9991E-05 0.347883 0.652017
0.0604791 0.0559782 0.883543
9.9991E-05 0.212732 0.787168
0.173261 9.9991E-05 0.826639
0.156893 9.9991E-05 0.843007
0.0972623 9.9991E-05 0.902638
0.11631 0.0520358 0.831654
0.00277572 0.380992 0.616232
0.0713264 0.137752 0.790922
0.127146 9.9991E-05 0.872754
0.156384 9.9991E-05 0.843516
0.0782675 0.053101 0.868631
9.9991E-05 0.213075 0.786825
9.9991E-05 0.0259354 0.973965
9.9991E-05 0.0819115 0.917989
9.9991E-05 0.13258 0.86732
0.0253159 0.13017 0.844514
0.0122628 9.9991E-05 0.987637
0.0332355 0.0171552 0.949609
0.0584119 9.9991E-05 0.941488
0.0690258 9.9991E-05 0.930874
0.0418877 9.9991E-05 0.958012
0.0617049 9.9991E-05 0.938195
9.999E-05 9.999E-05 0.9998
9.9991E-05 0.123246 0.876654
0.0209473 0.117848 0.861204
9.9991E-05 0.0971742 0.902726
0.0178803 0.0561155 0.926004
9.9991E-05 0.0388773 0.961023
9.999E-05 9.999E-05 0.9998
9.9991E-05 0.0280305 0.971869
9.9991E-05 0.224366 0.775534
9.9991E-05 0.177173 0.822727
9.9991E-05 0.0855285 0.914371
9.999E-05 9.999E-05 0.9998
0.113766 9.9991E-05 0.886134
0.0770128 9.9991E-05 0.922887
0.0468807 9.9991E-05 0.953019
0.30454 9.9991E-05 0.69536
0.360152 9.9991E-05 0.639748
9.9991E-05 0.0957277 0.904172
9.9991E-05 0.216386 0.783514
9.9991E-05 0.222715 0.777185
9.9991E-05 0.110395 0.889505
9.9991E-05 0.299222 0.700678
0.0195119 0.0100628 0.970425
9.9991E-05 0.164162 0.835738
9.999E-05 9.999E-05 0.9998
9.9991E-05 0.134601 0.865299
9.9991E-05 0.133094 0.866806
0.394491 0.588884 0.0166248
0.691623 0.308277 9.9991E-05
0.583031 0.416869 9.9991E-05
0.732876 0.187099 0.0800247
0.833803 0.0171211 0.149076
0.95788 0.0420198 9.9991E-05
0.690659 0.303467 0.00587402
0.547945 0.451955 9.9991E-05
0.121596 0.878304 9.9991E-05
0.83264 0.066975 0.100385
0.9998 9.999E-05 9.999E-05
0.99932 9.9991E-05 0.000580334
0.973786 9.9991E-05 0.0261137
