0.269524 9.9973E-05 0.0325744 9.9973E-05 0.264906 0.432696 9.9973E-05
0.12582 0.121869 0.0190489 0.28498 0.368686 0.0794951 9.9991E-05
0.445451 0.0579708 9.9982E-05 0.163099 0.0674311 0.265849 9.9982E-05
0.359066 0.174699 9.9982E-05 9.9982E-05 0.102869 0.346227 0.0169388
0.730242 9.9973E-05 9.9973E-05 9.9973E-05 0.00623477 0.236295 0.0269283
0.458442 0.100754 9.9973E-05 9.9973E-05 0.0024481 0.438056 9.9973E-05
9.9973E-05 0.147268 0.733551 0.111109 0.00777162 9.9973E-05 9.9973E-05
0.118341 0.135784 0.655032 9.9982E-05 0.0585499 9.9982E-05 0.0320935
0.0422375 9.9973E-05 0.885961 0.0501491 0.0213526 9.9973E-05 9.9973E-05
9.9973E-05 0.0691614 0.923337 9.9973E-05 0.00320243 0.00399958 9.9973E-05
9.996E-05 9.996E-05 0.732291 0.222824 0.044485 9.996E-05 9.996E-05
0.0356077 9.99729E-05 0.425292 0.497887 9.99729E-05 9.99729E-05 0.0409129
0.00558298 9.9973E-05 0.735916 0.0323144 9.9973E-05 9.9973E-05 0.225886
9.9964E-05 0.014044 0.872742 9.9964E-05 9.9964E-05 9.9964E-05 0.112814
9.9964E-05 0.104013 0.813484 0.0821029 9.9964E-05 9.9964E-05 9.9964E-05
9.9973E-05 0.0240755 0.71397 0.201575 0.0600795 9.9973E-05 9.9973E-05
0.334936 0.222263 9.9982E-05 0.0503749 9.9982E-05 0.385776 0.00645056
0.0683814 0.722772 9.9982E-05 9.9982E-05 0.028358 0.105909 0.074379
0.0208188 0.227492 9.9982E-05 0.0712025 9.9982E-05 0.641505 0.0387818
0.230331 0.212393 9.9973E-05 9.9973E-05 9.9973E-05 0.45247 0.104506
0.266438 0.54534 0.015372 9.9982E-05 9.9982E-05 0.161937 0.0107121
0.00830278 0.512706 9.9973E-05 9.9973E-05 9.9973E-05 0.446067 0.0326242
0.0867515 9.9982E-05 0.00258501 0.197366 0.162532 0.550565 9.9982E-05
0.15699 9.9973E-05 9.9973E-05 0.0312056 0.166856 0.644648 9.9973E-05
0.112075 9.9982E-05 0.00263735 0.00132403 0.0257929 0.857971 9.9982E-05
0.142459 0.0738227 9.9973E-05 9.9973E-05 0.118442 0.664976 9.9973E-05
0.346314 0.0261459 9.9973E-05 9.9973E-05 9.9973E-05 0.465646 0.161594
0.427881 9.9973E-05 0.0769757 9.9973E-05 9.9973E-05 0.479793 0.0150504
0.323912 0.295621 0.120175 9.9982E-05 0.224964 0.0351279 9.9982E-05
0.304109 0.454387 0.125263 9.9982E-05 0.107548 0.00849378 9.9982E-05
0.131064 0.438603 9.9973E-05 0.37008 9.9973E-05 0.0599528 9.9973E-05
0.484655 0.273957 9.9973E-05 0.168812 9.9973E-05 0.0722758 9.9973E-05
0.445907 0.315828 9.9964E-05 9.9964E-05 9.9964E-05 0.237865 9.9964E-05
9.9964E-05 9.9964E-05 0.0439179 9.9964E-05 0.126036 0.829646 9.9964E-05
9.996E-05 9.996E-05 9.996E-05 0.356996 0.0140521 0.628552 9.996E-05
0.236266 0.160801 0.0042151 0.0567816 9.9991E-05 0.492291 0.0495458
9.9973E-05 0.0363175 9.9973E-05 0.290615 9.9973E-05 0.44693 0.225838
0.111027 9.9973E-05 9.9973E-05 0.113136 9.9973E-05 0.700294 0.0752439
9.9982E-05 0.156653 9.9982E-05 0.0513224 0.140781 0.627372 0.0236725
0.0981789 0.223957 9.9973E-05 9.9973E-05 9.9973E-05 0.631686 0.0458786
9.9964E-05 0.0989452 9.9964E-05 9.9964E-05 0.515262 0.385393 9.9964E-05
0.352459 0.0616254 9.9982E-05 9.9982E-05 0.146953 0.348323 0.0904393
0.385685 0.177753 9.9982E-05 0.0117329 9.9982E-05 0.304767 0.119862
0.0873861 9.9973E-05 9.9973E-05 9.9973E-05 0.481714 0.261026 0.169574
0.249466 0.113128 9.9973E-05 9.9973E-05 0.13462 0.502487 9.9973E-05
0.228175 0.209603 9.9964E-05 9.9964E-05 9.9964E-05 0.561823 9.9964E-05
9.9964E-05 0.731043 9.9964E-05 9.9964E-05 9.9964E-05 0.191348 0.077209
9.9964E-05 0.718626 9.9964E-05 0.142905 0.138069 9.9964E-05 9.9964E-05
9.9964E-05 0.760412 9.9964E-05 0.123274 0.115915 9.9964E-05 9.9964E-05
9.9955E-05 0.651529 9.9955E-05 9.9955E-05 0.347971 9.9955E-05 9.9955E-05
0.0163762 0.824912 0.0266069 9.9982E-05 9.9982E-05 0.105735 0.0261696
9.997E-05 0.254918 0.118877 9.997E-05 0.30927 0.316635 9.997E-05
0.038592 0.555818 9.9973E-05 9.9973E-05 9.9973E-05 0.340969 0.0643204
9.9973E-05 0.176702 9.9973E-05 9.9973E-05 0.235981 0.550314 0.0367034
9.9973E-05 0.199014 0.0221261 9.9973E-05 0.218958 0.559601 9.9973E-05
0.183545 0.14482 9.9973E-05 9.9973E-05 9.9973E-05 0.574816 0.0965197
9.998E-05 9.998E-05 0.367383 0.119482 0.0871763 0.207528 0.218231
0.0617882 9.9973E-05 0.558957 9.9973E-05 9.9973E-05 0.135278 0.243677
9.997E-05 9.997E-05 0.057854 9.997E-05 0.0174865 0.0339803 0.890379
9.9982E-05 0.0378955 0.250817 0.0753055 0.112682 9.9982E-05 0.5231
9.9973E-05 9.9973E-05 0.191882 0.157834 0.0271678 9.9973E-05 0.622816
9.9973E-05 0.190389 9.9973E-05 0.0824619 0.0244782 9.9973E-05 0.702371
9.99639E-05 0.110432 0.0796177 0.80955 9.99639E-05 9.99639E-05 9.99639E-05
9.99729E-05 9.99729E-05 0.0338938 0.70251 9.99729E-05 0.0572012 0.206095
0.016415 9.997E-05 0.591392 0.299545 9.997E-05 9.997E-05 0.0923483
9.9973E-05 0.0279992 0.805749 0.011039 9.9973E-05 9.9973E-05 0.154913
9.9973E-05 9.9973E-05 0.453579 0.220206 9.9973E-05 0.126353 0.199562
9.99641E-05 9.99641E-05 0.536141 9.99641E-05 9.99641E-05 0.0921708 0.371288
9.9973E-05 9.9973E-05 0.198417 0.579248 9.9973E-05 0.0306079 0.191427
9.9973E-05 9.9973E-05 0.320109 0.246825 9.9973E-05 0.0483786 0.384387
9.9973E-05 9.9973E-05 0.164078 0.64127 9.9973E-05 0.113288 0.0810643
0.0319077 9.998E-05 0.224214 0.188928 9.998E-05 0.0966308 0.45812
9.9964E-05 9.9964E-05 0.155497 0.67751 9.9964E-05 9.9964E-05 0.166593
0.0208826 0.0746202 0.0624718 0.110112 9.9982E-05 9.9982E-05 0.731713
9.9973E-05 0.0229326 0.223981 9.9973E-05 9.9973E-05 0.128111 0.624676
9.9964E-05 0.110139 9.9964E-05 0.115655 9.9964E-05 9.9964E-05 0.773807
0.0254736 9.996E-05 9.996E-05 0.340623 9.996E-05 9.996E-05 0.633503
0.0365109 9.9955E-05 9.9955E-05 9.9955E-05 9.9955E-05 9.9955E-05 0.962989
9.9973E-05 9.9973E-05 0.390922 0.0228201 0.0451062 9.9973E-05 0.540852
9.9973E-05 0.0996421 0.165232 0.431189 9.9973E-05 9.9973E-05 0.303637
9.998E-05 0.153989 0.0839731 0.0382126 9.998E-05 0.0248101 0.698815
0.865389 0.0695491 9.99731E-05 9.99731E-05 0.0280614 9.99731E-05 0.0367009
9.9955E-05 9.9955E-05 9.9955E-05 9.9955E-05 0.891369 9.9955E-05 0.108131
0.048793 9.9964E-05 9.9964E-05 9.9964E-05 0.811089 9.9964E-05 0.139718
0.805954 0.110135 0.0835115 9.9964E-05 9.9964E-05 9.9964E-05 9.9964E-05
0.527947 0.290949 0.0563782 9.9973E-05 0.124426 9.9973E-05 9.9973E-05
9.99641E-05 0.443056 9.99641E-05 0.301892 0.254652 9.99641E-05 9.99641E-05
0.514785 0.227976 9.99731E-05 0.191437 0.0655015 9.99731E-05 9.99731E-05
0.384205 0.160865 0.0393894 0.102832 0.251502 0.0611056 9.999E-05
0.79437 0.101469 9.9964E-05 0.103761 9.9964E-05 9.9964E-05 9.9964E-05
0.517311 0.0766701 9.997E-05 0.161302 0.244416 9.997E-05 9.997E-05
0.807463 9.997E-05 9.997E-05 0.071484 9.997E-05 0.0294546 0.0912988
0.630795 9.9973E-05 9.9973E-05 0.0127828 9.9973E-05 0.320568 0.0355548
0.719678 0.0570452 0.0277645 9.9973E-05 9.9973E-05 0.195212 9.9973E-05
0.686851 0.0278313 9.9982E-05 0.12535 9.9982E-05 0.13397 0.0257985
0.453654 0.436571 9.9964E-05 0.109375 9.9964E-05 9.9964E-05 9.9964E-05
0.542271 0.194363 9.9973E-05 0.0515603 9.9973E-05 0.211506 9.9973E-05
0.73559 9.9982E-05 0.00452861 0.0232857 9.9982E-05 0.173493 0.0629021
0.702843 9.997E-05 9.997E-05 0.0290353 9.997E-05 0.215613 0.0522084
0.509103 9.9982E-05 0.00942376 0.0337537 0.182293 0.265226 9.9982E-05
0.440191 0.207297 0.00722464 9.9973E-05 0.344988 9.9973E-05 9.9973E-05
0.496851 0.0667408 9.9973E-05 9.9973E-05 0.435913 0.000195926 9.9973E-05
0.353509 0.0467245 9.9973E-05 9.9973E-05 0.510981 0.0884856 9.9973E-05
0.342752 0.0170716 9.9973E-05 9.9973E-05 0.6216 9.9973E-05 0.0182758
0.726081 0.190641 0.00723896 0.00246927 0.0733698 9.9982E-05 9.9982E-05
0.85642 0.0528871 9.9973E-05 9.9973E-05 0.000132567 0.0902601 9.9973E-05
0.647752 0.132869 9.9973E-05 9.9973E-05 0.0953921 0.123688 9.9973E-05
0.857754 0.0641798 0.023635 9.9973E-05 0.0541312 9.9973E-05 9.9973E-05
0.88963 0.0430502 0.0434336 0.0146224 9.998E-05 9.998E-05 0.00906394
0.905108 9.9964E-05 0.0167535 9.9964E-05 0.0777389 9.9964E-05 9.9964E-05
0.790465 9.9973E-05 9.9973E-05 9.9973E-05 0.07223 0.112927 0.0240776
0.859664 9.9955E-05 9.9955E-05 9.9955E-05 0.139836 9.9955E-05 9.9955E-05
0.507715 0.123735 9.9973E-05 9.9973E-05 0.247812 0.120437 9.9973E-05
0.511978 0.128491 9.9973E-05 9.9973E-05 0.296994 9.9973E-05 0.0622375
0.602954 0.0984658 9.9982E-05 0.0251152 0.213205 0.0600594 9.9982E-05
0.840705 0.10014 9.99731E-05 0.032912 0.0259428 9.99731E-05 9.99731E-05
0.760567 0.100059 9.99641E-05 9.99641E-05 0.138974 9.99641E-05 9.99641E-05
0.773563 9.9964E-05 9.9964E-05 9.9964E-05 0.221089 9.9964E-05 0.00494806
0.740794 0.0816597 9.996E-05 9.996E-05 0.177147 9.996E-05 9.996E-05
0.154696 9.9973E-05 9.9973E-05 0.102551 0.653566 0.0888874 9.9973E-05
0.319306 9.9964E-05 9.9964E-05 0.098164 0.58213 9.9964E-05 9.9964E-05
0.533067 9.9973E-05 9.9973E-05 0.120041 0.345456 9.9973E-05 0.0011355
0.872764 9.9955E-05 9.9955E-05 9.9955E-05 0.126737 9.9955E-05 9.9955E-05
0.762274 9.9991E-05 0.00647912 0.0477351 0.113967 0.00610633 0.0633386
0.688581 9.9973E-05 9.9973E-05 9.9973E-05 0.19114 0.088311 0.0316675
0.752671 0.0495658 0.0271058 9.9973E-05 0.170357 9.9973E-05 9.9973E-05
0.557103 9.9982E-05 0.163124 9.9982E-05 0.0942033 0.0888595 0.0965099
0.57483 9.9982E-05 0.0611634 0.0395641 0.0420516 9.9982E-05 0.282191
0.628458 0.120641 9.9964E-05 9.9964E-05 0.250501 9.9964E-05 9.9964E-05
0.260688 0.0394552 9.9964E-05 9.9964E-05 0.699457 9.9964E-05 9.9964E-05
0.458509 9.9973E-05 0.0282263 0.0456318 0.467333 9.9973E-05 9.9973E-05
0.314053 9.9973E-05 0.0114533 9.9973E-05 0.613937 0.0602566 9.9973E-05
9.9955E-05 0.098852 9.9955E-05 9.9955E-05 0.900648 9.9955E-05 9.9955E-05
0.705676 0.0612617 0.0180766 9.9973E-05 0.214686 9.9973E-05 9.9973E-05
0.318951 9.9973E-05 0.00863984 9.9973E-05 0.624372 0.047737 9.9973E-05
0.606527 9.9973E-05 0.0384993 9.9973E-05 0.353936 0.000738082 9.9973E-05
0.495375 0.134456 9.997E-05 9.997E-05 0.367391 0.00247813 9.997E-05
0.431278 0.0100874 9.9973E-05 0.0472358 0.511099 9.9973E-05 9.9973E-05
9.9973E-05 0.012439 9.9973E-05 0.65502 0.118282 9.9973E-05 0.213959
9.9982E-05 0.00275591 0.2445 0.258549 0.0377792 9.9982E-05 0.456216
9.9982E-05 0.0877361 0.222428 0.340941 0.00406572 9.9982E-05 0.344629
9.997E-05 0.00835604 0.123686 9.997E-05 0.176371 9.997E-05 0.691287
0.0880447 0.0263511 0.105327 0.105175 0.0116658 9.999E-05 0.663337
0.000761993 9.9982E-05 0.150824 0.0423567 0.00878956 9.9982E-05 0.797068
9.9973E-05 9.9973E-05 0.28062 0.350799 0.0016111 9.9973E-05 0.366671
9.9964E-05 9.9964E-05 0.288563 0.532111 9.9964E-05 9.9964E-05 0.178926
9.995E-05 9.995E-05 9.995E-05 0.9994 9.995E-05 9.995E-05 9.995E-05
0.0553457 0.00656871 0.155664 0.11204 9.998E-05 9.998E-05 0.670181
9.99641E-05 9.99641E-05 0.0614987 9.99641E-05 9.99641E-05 0.0741845 0.863917
9.99551E-05 9.99551E-05 9.99551E-05 9.99551E-05 9.99551E-05 0.0741063 0.925394
0.00805105 0.0154551 0.0898347 9.9982E-05 9.9982E-05 0.0159261 0.870533
