0.765803 0.0208873 0.21331
0.443232 9.9991E-05 0.556668
0.724298 0.0464449 0.229257
0.753514 0.0833986 0.163088
0.92494 0.0749604 9.9991E-05
0.896416 0.0986775 0.00490689
9.999E-05 0.443735 0.556165
0.0997571 0.563836 0.336407
9.9991E-05 0.652512 0.347388
9.9991E-05 0.615703 0.384197
9.9991E-05 0.522035 0.477865
0.00717017 0.501104 0.491726
9.9991E-05 0.806176 0.193724
9.9991E-05 0.810344 0.189556
9.9991E-05 0.551312 0.448588
9.9991E-05 0.539244 0.460656
0.740865 0.134804 0.124331
0.411549 0.127141 0.461309
0.545634 0.235379 0.218987
0.707291 0.282942 0.00976713
0.597533 0.135915 0.266552
0.561983 0.219432 0.218585
0.548869 0.155812 0.295318
0.779652 0.194389 0.0259592
0.748757 0.229795 0.0214487
0.84907 0.131166 0.0197642
0.738083 0.261817 9.9991E-05
0.785414 0.214486 9.9991E-05
0.672577 0.0383183 0.289105
0.555701 0.0711027 0.373196
0.347184 0.0411808 0.611635
0.632661 0.113451 0.253888
0.738596 0.0245938 0.23681
0.621547 0.241585 0.136868
0.360769 0.118641 0.52059
0.665994 0.193615 0.140391
0.309563 0.418921 0.271516
0.608527 0.287984 0.103489
0.537243 0.197431 0.265325
0.666711 0.231278 0.102011
0.718713 9.9991E-05 0.281187
0.808071 0.142837 0.049092
0.696659 0.222281 0.0810595
0.697058 0.185489 0.117453
0.79754 0.0530824 0.149378
0.707015 0.125749 0.167236
0.287414 0.184564 0.528023
0.268263 0.0185558 0.713181
0.173788 9.9991E-05 0.826112
0.409078 9.9991E-05 0.590822
0.353518 0.095627 0.550855
0.542425 0.144445 0.31313
0.509051 0.213895 0.277054
0.615528 0.154993 0.229478
0.575432 0.157201 0.267367
0.738538 0.261362 9.9991E-05
0.120828 0.603374 0.275798
0.110995 0.80229 0.0867153
0.0462582 0.953642 9.9991E-05
0.00188797 0.743373 0.254739
9.9991E-05 0.82649 0.17341
0.0967719 0.735575 0.167653
9.9991E-05 0.215764 0.784136
0.0263794 0.462917 0.510703
9.9991E-05 0.626951 0.372949
9.9991E-05 0.763473 0.236427
0.0483971 0.663278 0.288325
0.00402593 0.990594 0.00538046
9.9991E-05 0.564927 0.434973
9.9991E-05 0.689369 0.310531
0.0187824 0.478181 0.503037
0.0590753 0.767161 0.173764
9.9991E-05 0.512877 0.487023
0.0916251 0.82153 0.0868452
0.0951031 0.904797 9.9991E-05
0.0508011 0.852014 0.0971847
0.0441406 0.782549 0.173311
9.999E-05 0.9998 9.999E-05
9.9991E-05 0.869397 0.130503
9.9991E-05 0.558118 0.441782
0.0976828 0.804132 0.0981852
0.945618 0.0542824 9.9991E-05
0.738118 9.9991E-05 0.261782
0.80692 0.0279027 0.165177
0.870462 0.0909089 0.0386295
0.777434 0.00197251 0.220594
0.238781 9.9991E-05 0.761119
0.640576 0.0108037 0.348621
0.643246 0.037439 0.319315
0.839907 0.0568563 0.103237
0.7477 9.9991E-05 0.2522
0.82703 0.17287 9.9991E-05
0.844177 0.155723 9.9991E-05
0.910921 0.088979 9.9991E-05
0.79293 0.140223 0.066847
0.522836 0.0248237 0.452341
0.797638 0.0712719 0.13109
0.826016 0.173884 9.9991E-05
0.841116 0.158784 9.9991E-05
0.855191 0.0628724 0.0819368
0.756611 9.9991E-05 0.243289
0.941065 9.9991E-05 0.0588351
0.922098 9.9991E-05 0.077802
0.831439 9.9991E-05 0.168461
0.825404 0.0233082 0.151288
0.990772 0.00912804 9.9991E-05
0.962662 0.0372385 9.9991E-05
0.958723 0.0384701 0.00280712
0.903557 0.0633409 0.0331019
0.998113 0.00178653 9.9991E-05
0.973085 0.0268152 9.9991E-05
0.9998 9.999E-05 9.999E-05
0.845879 9.9991E-05 0.154021
0.876803 0.0040613 0.119136
0.857952 9.9991E-05 0.141948
0.927178 9.9991E-05 0.0727222
0.975182 0.00400203 0.0208164
0.987982 0.0119176 9.9991E-05
0.927413 9.9991E-05 0.0724875
0.726981 9.9991E-05 0.272919
0.78443 9.9991E-05 0.21547
0.847926 9.9991E-05 0.151974
0.9998 9.999E-05 9.999E-05
0.895413 0.101049 0.00353802
0.914828 0.0822748 0.00289712
0.966191 0.0137806 0.0200288
0.684782 0.315118 9.9991E-05
0.618805 0.381095 9.9991E-05
0.901316 9.9991E-05 0.0985837
0.737274 9.9991E-05 0.262626
0.763566 9.9991E-05 0.236334
0.850451 9.9991E-05 0.149449
0.703162 9.9991E-05 0.296738
0.978891 9.9991E-05 0.0210087
0.809678 9.9991E-05 0.190222
0.99504 9.9991E-05 0.00485989
0.833592 9.9991E-05 0.166308
0.81502 9.9991E-05 0.18488
0.0174873 0.37863 0.603883
9.9991E-05 0.722346 0.277554
9.9991E-05 0.576175 0.423725
0.11357 0.744747 0.141683
0.170693 0.815273 0.0140336
0.0113457 0.948126 0.0405282
9.9991E-05 0.692239 0.307661
9.9991E-05 0.558587 0.441313
9.9991E-05 0.130368 0.869532
0.0685618 0.83252 0.0989183
9.999E-05 0.9998 9.999E-05
0.00967552 0.990224 9.9991E-05
0.0553637 0.944536 9.9991E-05
