9.99639E-05 9.99639E-05 0.459745 0.244652 0.0569636 0.0681938 9.99639E-05 0.131863 0.0381825 9.99639E-05
9.9973E-05 9.9973E-05 0.22565 0.00626125 0.320779 0.218546 0.08728 9.9973E-05 0.0903956 0.0507889
0.110657 9.9964E-05 0.341949 0.262037 0.04981 0.0350265 9.9964E-05 9.9964E-05 0.20012 9.9964E-05
0.0257464 0.00296273 0.0565004 9.9973E-05 0.0922323 0.109606 9.9973E-05 0.305234 0.407418 9.9973E-05
0.00628383 0.00771105 0.19022 0.488579 9.9955E-05 9.9955E-05 9.9955E-05 9.9955E-05 0.306706 9.9955E-05
0.104861 9.9964E-05 0.224343 0.0227875 9.9964E-05 0.0934497 9.9964E-05 0.15155 0.402609 9.9964E-05
0.0564016 9.9955E-05 9.9955E-05 9.9955E-05 0.0341466 0.0169519 0.695491 9.9955E-05 9.9955E-05 0.196509
0.0754476 9.9946E-05 9.9946E-05 0.14468 9.9946E-05 0.0426172 0.736656 9.9946E-05 9.9946E-05 9.9946E-05
9.9955E-05 0.0612683 9.9955E-05 9.9955E-05 0.061625 9.9955E-05 0.836606 9.9955E-05 0.0276852 0.0123158
0.0465126 9.9955E-05 0.0272807 9.9955E-05 9.9955E-05 9.9955E-05 0.886617 0.00090663 9.9955E-05 0.0381837
9.9955E-05 9.9955E-05 9.9955E-05 9.9955E-05 0.0217957 0.0434933 0.826531 9.9955E-05 0.00639272 0.101287
9.9946E-05 9.9946E-05 0.00530656 0.0620581 9.9946E-05 9.9946E-05 0.291953 9.9946E-05 9.9946E-05 0.640083
9.9946E-05 0.242423 9.9946E-05 9.9946E-05 9.9946E-05 9.9946E-05 0.595553 0.0354663 9.9946E-05 0.125958
9.99371E-05 0.117539 9.99371E-05 9.99371E-05 9.99371E-05 9.99371E-05 0.839471 0.0422901 9.99371E-05 9.99371E-05
0.0530503 9.9955E-05 0.00294511 9.9955E-05 0.0154016 9.9955E-05 0.884599 9.9955E-05 0.0435046 9.9955E-05
9.99371E-05 9.99371E-05 9.99371E-05 9.99371E-05 9.99371E-05 0.0913487 0.781815 9.99371E-05 9.99371E-05 0.126137
0.257194 9.9973E-05 0.128212 0.280148 9.9973E-05 0.0189028 9.9973E-05 0.204226 0.0667073 0.04431
0.809491 0.0119443 9.9955E-05 9.9955E-05 9.9955E-05 0.15664 0.00285147 9.9955E-05 0.0185739 9.9955E-05
0.272846 0.032487 0.280945 9.9964E-05 0.0163152 9.9964E-05 9.9964E-05 0.350547 0.046459 9.9964E-05
0.170874 0.0466347 9.9955E-05 0.124826 9.9955E-05 9.9955E-05 9.9955E-05 0.595313 0.0618533 9.9955E-05
0.57153 9.99369E-05 9.99369E-05 0.33724 9.99369E-05 9.99369E-05 9.99369E-05 0.09053 9.99369E-05 9.99369E-05
0.524208 9.9946E-05 9.9946E-05 0.0542428 9.9946E-05 9.9946E-05 9.9946E-05 0.416081 0.00486889 9.9946E-05
0.0126965 9.9964E-05 0.746697 0.122239 9.9964E-05 0.0223777 0.0347283 9.9964E-05 9.9964E-05 0.0608619
9.9946E-05 9.9946E-05 0.644967 0.194506 9.9946E-05 0.0465519 9.9946E-05 0.113376 9.9946E-05 9.9946E-05
9.99461E-05 9.99461E-05 0.667638 0.00535433 9.99461E-05 9.99461E-05 9.99461E-05 0.289311 0.0370966 9.99461E-05
9.9946E-05 9.9946E-05 0.00461954 0.0286918 9.9946E-05 0.125129 9.9946E-05 0.84096 9.9946E-05 9.9946E-05
0.0940947 0.0814982 0.163913 0.32267 9.9955E-05 9.9955E-05 9.9955E-05 0.337324 9.9955E-05 9.9955E-05
9.9964E-05 0.0109696 0.0567957 0.30729 9.9964E-05 9.9964E-05 0.0665851 0.463189 0.0947708 9.9964E-05
0.21209 9.9964E-05 9.9964E-05 0.433149 0.107904 0.15915 0.0722817 0.0150254 9.9964E-05 9.9964E-05
0.27919 9.9955E-05 9.9955E-05 0.342433 0.159444 9.9955E-05 0.111764 0.10667 9.9955E-05 9.9955E-05
0.535191 9.9946E-05 9.9946E-05 9.9946E-05 0.0784411 9.9946E-05 9.9946E-05 9.9946E-05 0.231461 0.154307
0.409838 9.9946E-05 9.9946E-05 0.200885 9.9946E-05 9.9946E-05 9.9946E-05 9.9946E-05 0.303146 0.0855317
0.424196 9.99549E-05 0.0238543 0.0830385 9.99549E-05 0.0250411 9.99549E-05 9.99549E-05 0.44337 9.99549E-05
9.99279E-05 9.99279E-05 0.705154 9.99279E-05 9.99279E-05 9.99279E-05 9.99279E-05 0.294047 9.99279E-05 9.99279E-05
9.99369E-05 9.99369E-05 0.775501 9.99369E-05 0.115756 9.99369E-05 9.99369E-05 9.99369E-05 9.99369E-05 0.108043
0.228004 9.9964E-05 0.229432 0.222656 9.9964E-05 9.9964E-05 9.9964E-05 0.253754 0.00988967 0.0558641
0.145848 0.180098 0.382268 9.9955E-05 9.9955E-05 9.9955E-05 9.9955E-05 9.9955E-05 0.139163 0.152123
0.119766 0.0826597 0.67443 9.99459E-05 9.99459E-05 9.99459E-05 9.99459E-05 9.99459E-05 0.122545 9.99459E-05
9.9946E-05 0.0729952 0.375894 9.9946E-05 0.245271 9.9946E-05 9.9946E-05 0.30524 9.9946E-05 9.9946E-05
0.26773 0.0248453 0.273676 9.99549E-05 9.99549E-05 9.99549E-05 9.99549E-05 0.355105 0.0781444 9.99549E-05
9.9946E-05 9.9946E-05 9.9946E-05 9.9946E-05 0.148126 0.308225 9.9946E-05 0.518582 0.0244673 9.9946E-05
9.9964E-05 0.0330339 9.9964E-05 0.170496 0.06597 0.0577484 9.9964E-05 0.439324 0.233028 9.9964E-05
9.9955E-05 0.102801 9.9955E-05 0.0358448 0.139539 9.9955E-05 9.9955E-05 0.417627 0.303689 9.9955E-05
9.9946E-05 0.111355 9.9946E-05 9.9946E-05 9.9946E-05 0.452104 9.9946E-05 0.292711 0.14323 9.9946E-05
9.9955E-05 9.9955E-05 9.9955E-05 0.0710505 0.0364411 0.121819 9.9955E-05 0.707333 0.0628566 9.9955E-05
9.9937E-05 9.9937E-05 9.9937E-05 9.9937E-05 0.163402 9.9937E-05 9.9937E-05 0.668724 0.167175 9.9937E-05
0.921216 0.0314207 0.0206015 9.9946E-05 9.9946E-05 9.9946E-05 9.9946E-05 9.9946E-05 9.9946E-05 0.0261622
0.553505 9.99459E-05 9.99459E-05 9.99459E-05 0.246391 0.153123 9.99459E-05 9.99459E-05 9.99459E-05 0.0463809
0.468404 9.9937E-05 9.9937E-05 9.9937E-05 0.485419 0.045477 9.9937E-05 9.9937E-05 9.9937E-05 9.9937E-05
9.99369E-05 9.99369E-05 9.99369E-05 0.0680914 0.77538 9.99369E-05 9.99369E-05 0.155829 9.99369E-05 9.99369E-05
0.607108 9.99639E-05 0.0386983 0.00203215 0.28786 9.99639E-05 0.0316482 0.0322532 9.99639E-05 9.99639E-05
0.209038 9.9955E-05 0.0476114 9.9955E-05 9.9955E-05 0.33878 0.101239 0.302833 9.9955E-05 9.9955E-05
0.565681 0.0511028 0.13994 0.133704 9.9955E-05 9.9955E-05 9.9955E-05 0.109073 9.9955E-05 9.9955E-05
0.110683 9.9946E-05 9.9946E-05 9.9946E-05 9.9946E-05 0.201507 9.9946E-05 0.665578 9.9946E-05 0.0216329
0.170579 9.99459E-05 9.99459E-05 9.99459E-05 9.99459E-05 0.286699 0.0456083 0.496515 9.99459E-05 9.99459E-05
0.113774 0.0442827 9.99459E-05 0.144209 9.99459E-05 9.99459E-05 9.99459E-05 0.697135 9.99459E-05 9.99459E-05
9.9964E-05 0.229178 0.359199 9.9964E-05 0.0612319 0.0041902 0.181266 9.9964E-05 9.9964E-05 0.164535
9.9955E-05 0.358072 0.205729 0.0358565 9.9955E-05 9.9955E-05 0.39516 0.00468246 9.9955E-05 9.9955E-05
9.9946E-05 0.858626 0.0896578 9.9946E-05 9.9946E-05 0.032426 0.0186904 9.9946E-05 9.9946E-05 9.9946E-05
0.0930039 0.440846 0.0247125 9.9964E-05 9.9964E-05 0.103943 0.171499 9.9964E-05 9.9964E-05 0.165596
9.994E-05 0.536355 9.994E-05 9.994E-05 9.994E-05 0.0587953 0.151132 9.994E-05 9.994E-05 0.253118
0.164099 0.562756 9.99459E-05 9.99459E-05 9.99459E-05 0.0535859 9.99459E-05 9.99459E-05 9.99459E-05 0.21896
0.0255722 9.99369E-05 9.99369E-05 9.99369E-05 0.224076 9.99369E-05 9.99369E-05 9.99369E-05 9.99369E-05 0.749653
0.0596099 9.9937E-05 9.9937E-05 9.9937E-05 9.9937E-05 9.9937E-05 9.9937E-05 9.9937E-05 0.0773832 0.862307
9.9955E-05 0.108178 0.0198138 9.9955E-05 9.9955E-05 9.9955E-05 0.399196 9.9955E-05 0.0716132 0.400699
9.9955E-05 0.270581 0.0489872 9.9955E-05 0.0291992 9.9955E-05 0.565268 9.9955E-05 9.9955E-05 0.085465
9.9964E-05 0.179723 0.00200314 9.9964E-05 0.0195804 9.9964E-05 0.172207 0.218013 9.9964E-05 0.408074
9.99371E-05 0.588393 0.192511 9.99371E-05 9.99371E-05 9.99371E-05 0.218397 9.99371E-05 9.99371E-05 9.99371E-05
9.9955E-05 0.170284 0.139047 9.9955E-05 0.0233106 9.9955E-05 0.068522 9.9955E-05 9.9955E-05 0.598337
9.9946E-05 0.324461 0.120891 9.9946E-05 9.9946E-05 9.9946E-05 0.0743566 9.9946E-05 9.9946E-05 0.479692
9.9964E-05 0.00317185 0.129748 0.025447 9.9964E-05 9.9964E-05 0.0886547 9.9964E-05 0.0473707 0.705208
9.9955E-05 0.378065 0.159418 0.0606575 9.9955E-05 9.9955E-05 0.098416 9.9955E-05 9.9955E-05 0.302944
9.9937E-05 9.9937E-05 9.9937E-05 0.0646813 9.9937E-05 9.9937E-05 0.00959274 9.9937E-05 9.9937E-05 0.925026
0.124952 0.576144 9.9964E-05 0.0262151 9.9964E-05 9.9964E-05 0.0218516 9.9964E-05 0.0257965 0.22464
0.0456284 0.649735 9.9946E-05 9.9946E-05 9.9946E-05 9.9946E-05 9.9946E-05 0.158306 9.9946E-05 0.14573
0.0926908 0.623612 9.9955E-05 0.0292311 0.0206641 9.9955E-05 9.9955E-05 9.9955E-05 9.9955E-05 0.233303
9.9937E-05 0.481723 9.9937E-05 9.9937E-05 9.9937E-05 9.9937E-05 9.9937E-05 9.9937E-05 0.112042 0.405536
9.99371E-05 0.940803 9.99371E-05 9.99371E-05 0.00903753 9.99371E-05 9.99371E-05 9.99371E-05 0.0494601 9.99371E-05
9.9955E-05 0.614441 0.0843114 9.9955E-05 0.0181662 9.9955E-05 0.249394 9.9955E-05 9.9955E-05 0.0331875
0.102016 0.0948511 9.9946E-05 9.9946E-05 9.9946E-05 9.9946E-05 0.0862979 9.9946E-05 9.9946E-05 0.716236
0.0074772 0.744011 9.9955E-05 9.9955E-05 0.18186 9.9955E-05 0.0540162 0.0121358 9.9955E-05 9.9955E-05
0.0104013 0.0131497 0.0435161 0.824474 9.99731E-05 0.00230526 9.99731E-05 0.103744 0.00210937 9.99731E-05
0.0122519 0.0586926 9.9946E-05 9.9946E-05 9.9946E-05 0.928294 9.9946E-05 0.000161524 9.9946E-05 9.9946E-05
9.9937E-05 0.0887251 9.9937E-05 9.9937E-05 9.9937E-05 0.844779 9.9937E-05 9.9937E-05 0.0657966 9.9937E-05
9.9955E-05 9.9955E-05 0.0560248 0.650294 0.0704737 9.9955E-05 0.0338728 9.9955E-05 0.188835 9.9955E-05
9.99459E-05 9.99459E-05 9.99459E-05 0.602074 0.287729 9.99459E-05 0.0596554 0.0499419 9.99459E-05 9.99459E-05
9.99201E-05 9.99201E-05 9.99201E-05 9.99201E-05 0.999101 9.99201E-05 9.99201E-05 9.99201E-05 9.99201E-05 9.99201E-05
9.99551E-05 9.99551E-05 9.99551E-05 9.99551E-05 0.213415 0.153362 0.0644081 9.99551E-05 0.535862 0.032453
9.9955E-05 9.9955E-05 0.0995175 9.9955E-05 0.26327 0.147461 0.0500316 9.9955E-05 0.43922 9.9955E-05
9.9937E-05 9.9937E-05 9.9937E-05 0.280656 0.118614 9.9937E-05 9.9937E-05 9.9937E-05 0.60003 9.9937E-05
9.99459E-05 9.99459E-05 9.99459E-05 0.27847 0.302482 0.127946 9.99459E-05 9.99459E-05 0.290503 9.99459E-05
9.99461E-05 0.0423865 9.99461E-05 0.0858954 9.99461E-05 0.000861788 9.99461E-05 9.99461E-05 0.870257 9.99461E-05
9.9937E-05 0.00433772 9.9937E-05 9.9937E-05 9.9937E-05 9.9937E-05 9.9937E-05 0.122197 0.872766 9.9937E-05
0.006018 9.99639E-05 0.138896 0.233824 9.99639E-05 9.99639E-05 0.0342637 0.0380587 0.54854 9.99639E-05
0.0168286 0.00320927 0.0656367 0.030068 0.0587932 0.0367606 9.9973E-05 9.9973E-05 0.788404 9.9973E-05
0.150351 9.99459E-05 9.99459E-05 9.99459E-05 0.284205 9.99459E-05 0.00119011 9.99459E-05 0.563654 9.99459E-05
0.0735379 9.9964E-05 0.0521724 9.9964E-05 0.13776 0.00908663 9.9964E-05 0.0167001 0.710343 9.9964E-05
9.9955E-05 0.0340512 9.9955E-05 0.196556 9.9955E-05 9.9955E-05 0.00958003 0.0211236 0.73819 9.9955E-05
9.9946E-05 9.9946E-05 0.0789007 0.198734 9.9946E-05 9.9946E-05 9.9946E-05 9.9946E-05 0.71646 0.00530586
9.9964E-05 9.9964E-05 0.0160102 0.178374 9.9964E-05 0.170331 9.9964E-05 0.154526 0.462249 0.0181099
9.99549E-05 9.99549E-05 0.0048973 0.434251 0.272865 0.131941 9.99549E-05 0.155546 9.99549E-05 9.99549E-05
0.0249018 9.9964E-05 9.9964E-05 0.485755 0.00341662 0.361159 9.9964E-05 0.0516814 0.072686 9.9964E-05
0.035046 9.9955E-05 0.0929783 0.416915 0.0104467 0.444114 9.9955E-05 9.9955E-05 9.9955E-05 9.9955E-05
9.9946E-05 9.9946E-05 9.9946E-05 0.383322 0.0476331 0.463734 9.9946E-05 0.104712 9.9946E-05 9.9946E-05
9.99369E-05 9.99369E-05 9.99369E-05 0.736667 0.243698 9.99369E-05 9.99369E-05 9.99369E-05 9.99369E-05 0.018936
0.00808183 9.9946E-05 0.0905209 0.851013 9.9946E-05 9.9946E-05 9.9946E-05 0.0497845 9.9946E-05 9.9946E-05
0.0809968 9.99371E-05 0.18533 0.732973 9.99371E-05 9.99371E-05 9.99371E-05 9.99371E-05 9.99371E-05 9.99371E-05
0.0442134 9.99371E-05 9.99371E-05 0.940512 9.99371E-05 9.99371E-05 9.99371E-05 9.99371E-05 9.99371E-05 0.0145751
9.9955E-05 0.00504714 0.0475188 0.820505 0.0666366 9.9955E-05 9.9955E-05 9.9955E-05 0.0597928 9.9955E-05
9.99405E-05 9.99405E-05 9.99405E-05 0.619101 9.99405E-05 0.0984144 9.99405E-05 9.99405E-05 0.281785 9.99405E-05
9.9955E-05 9.9955E-05 0.110382 0.746347 9.9955E-05 0.0279355 9.9955E-05 0.0146575 0.100178 9.9955E-05
9.9946E-05 9.9946E-05 0.0435413 0.745033 9.9946E-05 0.128752 9.9946E-05 9.9946E-05 0.0820745 9.9946E-05
9.99549E-05 9.99549E-05 9.99549E-05 0.442419 0.129898 0.148214 9.99549E-05 0.191318 0.0876519 9.99549E-05
0.106224 0.0476601 9.9955E-05 0.337778 9.9955E-05 0.385842 9.9955E-05 9.9955E-05 0.121996 9.9955E-05
0.0763176 9.9964E-05 0.133697 0.375269 0.0342853 0.185019 9.9964E-05 9.9964E-05 0.195012 9.9964E-05
0.0210094 9.99641E-05 0.0906041 0.696966 0.0404258 0.00209712 9.99641E-05 9.99641E-05 0.148497 9.99641E-05
9.99371E-05 9.99371E-05 9.99371E-05 0.803065 0.116188 9.99371E-05 9.99371E-05 0.0800474 9.99371E-05 9.99371E-05
9.9946E-05 9.9946E-05 0.0946098 0.758088 0.0303711 0.116332 9.9946E-05 9.9946E-05 9.9946E-05 9.9946E-05
9.99549E-05 9.99549E-05 9.99549E-05 0.649402 0.16811 0.0109404 9.99549E-05 0.0117066 0.159341 9.99549E-05
9.9937E-05 9.9937E-05 0.258987 0.0529867 9.9937E-05 0.687327 9.9937E-05 9.9937E-05 9.9937E-05 9.9937E-05
9.9946E-05 9.9946E-05 9.9946E-05 0.0681089 0.0274787 0.694092 9.9946E-05 9.9946E-05 0.209721 9.9946E-05
9.9955E-05 9.9955E-05 0.0312467 0.269124 9.9955E-05 0.453965 9.9955E-05 9.9955E-05 0.209608 0.035556
9.9946E-05 9.9946E-05 9.9946E-05 0.6375 9.9946E-05 0.153476 9.9946E-05 0.013886 0.194538 9.9946E-05
9.9964E-05 9.9964E-05 0.0519549 0.59228 9.9964E-05 0.050564 9.9964E-05 0.00428421 0.229202 0.0713158
9.9946E-05 9.9946E-05 0.160948 0.495322 9.9946E-05 0.144458 9.9946E-05 9.9946E-05 0.198672 9.9946E-05
0.0431912 9.9955E-05 9.9955E-05 0.777214 9.9955E-05 0.0934026 9.9955E-05 9.9955E-05 0.0798143 0.00587796
9.9946E-05 0.0516842 0.24253 0.546461 9.9946E-05 9.9946E-05 0.158725 9.9946E-05 9.9946E-05 9.9946E-05
9.99369E-05 0.241971 9.99369E-05 0.621184 9.99369E-05 9.99369E-05 9.99369E-05 9.99369E-05 9.99369E-05 0.136146
9.9946E-05 9.9946E-05 9.9946E-05 0.660866 0.067008 0.225615 9.9946E-05 9.9946E-05 0.0459113 9.9946E-05
0.0202012 9.99549E-05 9.99549E-05 0.261123 0.0588936 0.6004 9.99549E-05 9.99549E-05 0.058882 9.99549E-05
9.9955E-05 9.9955E-05 0.111931 0.43212 0.0729745 0.329856 9.9955E-05 9.9955E-05 0.0526182 9.9955E-05
9.9955E-05 9.9955E-05 0.109553 0.329238 0.0577805 0.475779 9.9955E-05 9.9955E-05 0.0271499 9.9955E-05
0.0501728 9.9955E-05 9.9955E-05 0.0423854 0.104258 0.742236 9.9955E-05 0.060448 9.9955E-05 9.9955E-05
9.9937E-05 9.9937E-05 9.9937E-05 0.84599 0.10113 0.052181 9.9937E-05 9.9937E-05 9.9937E-05 9.9937E-05
9.9955E-05 9.9955E-05 9.9955E-05 0.320948 0.026043 0.500836 9.9955E-05 0.06493 0.0867426 9.9955E-05
9.99459E-05 9.99459E-05 9.99459E-05 0.542568 9.99459E-05 0.260288 9.99459E-05 0.128443 0.0681014 9.99459E-05
0.102603 9.9964E-05 0.0303388 0.304586 0.0291463 0.372187 9.9964E-05 9.9964E-05 0.160739 9.9964E-05
9.9946E-05 9.9946E-05 9.9946E-05 0.523135 0.0270204 0.424436 9.9946E-05 9.9946E-05 9.9946E-05 0.024809
0.0188952 0.0533163 9.9955E-05 9.9955E-05 0.0859649 0.101765 9.9955E-05 9.9955E-05 9.9955E-05 0.739559
0.00309722 0.395975 0.0226703 9.9973E-05 0.0540841 0.0464106 0.0897957 9.9973E-05 9.9973E-05 0.387667
0.0431351 0.256807 9.9964E-05 9.9964E-05 0.105751 9.9964E-05 0.0690004 0.0380435 9.9964E-05 0.486863
9.99639E-05 0.663604 9.99639E-05 9.99639E-05 0.163848 0.085653 0.00204065 0.0295531 9.99639E-05 0.0549011
9.9964E-05 0.650952 9.9964E-05 9.9964E-05 0.0272923 0.0198878 0.0556337 9.9964E-05 0.139571 0.106263
9.9937E-05 0.780239 9.9937E-05 9.9937E-05 9.9937E-05 0.0592592 9.9937E-05 9.9937E-05 9.9937E-05 0.159802
9.9964E-05 0.211785 9.9964E-05 9.9964E-05 9.9964E-05 0.0347325 0.232785 0.0251463 0.0359686 0.459182
9.9955E-05 0.0907783 9.9955E-05 0.0176291 0.0402062 9.9955E-05 0.229187 9.9955E-05 9.9955E-05 0.621699
9.99282E-05 9.99282E-05 9.99282E-05 9.99282E-05 0.296292 9.99282E-05 9.99282E-05 9.99282E-05 9.99282E-05 0.702908
9.99459E-05 0.600058 9.99459E-05 0.122168 9.99459E-05 9.99459E-05 0.133109 9.99459E-05 9.99459E-05 0.144066
9.99372E-05 0.895113 9.99372E-05 9.99372E-05 9.99372E-05 9.99372E-05 0.0259869 0.0782001 9.99372E-05 9.99372E-05
0.00246545 0.917769 0.014683 9.99461E-05 9.99461E-05 9.99461E-05 9.99461E-05 0.0644829 9.99461E-05 9.99461E-05
0.0306495 0.860986 9.9964E-05 0.00314749 9.9964E-05 9.9964E-05 0.0473551 0.0261382 0.0313234 9.9964E-05
