0.0205141 9.9973E-05 0.1936 9.9973E-05 9.9973E-05 0.173914 0.376957 0.234716
0.28601 0.0315574 0.0806073 0.0566432 9.9991E-05 0.122225 0.0613854 0.361471
0.149044 9.9973E-05 0.25715 9.9973E-05 9.9973E-05 0.344449 0.205825 0.0432321
0.000576711 9.9982E-05 0.708075 9.9982E-05 0.0325854 0.0423574 0.0513158 0.16489
9.9964E-05 9.9964E-05 0.16353 9.9964E-05 0.00322286 0.629134 0.203714 9.9964E-05
9.9964E-05 9.9964E-05 0.573913 9.9964E-05 9.9964E-05 0.151231 0.19933 0.0751259
0.118947 0.709952 9.9964E-05 0.156029 9.9964E-05 9.9964E-05 9.9964E-05 0.0146726
9.9973E-05 0.684384 9.9973E-05 0.140042 9.9973E-05 0.12712 0.00913451 0.0390198
0.0337057 0.902119 0.0161673 9.9973E-05 9.9973E-05 0.00710763 9.9973E-05 0.0406009
9.9964E-05 0.885296 9.9964E-05 0.0519673 9.9964E-05 9.9964E-05 0.025179 0.0371576
0.178978 0.779523 9.99549E-05 9.99549E-05 9.99549E-05 9.99549E-05 9.99549E-05 0.0409984
0.388792 0.509387 9.99639E-05 9.99639E-05 9.99639E-05 0.0341792 0.0672411 9.99639E-05
9.9964E-05 0.79117 9.9964E-05 9.9964E-05 0.177962 0.0115359 0.0189318 9.9964E-05
9.9955E-05 0.925478 9.9955E-05 0.0320756 0.0419462 9.9955E-05 9.9955E-05 9.9955E-05
0.0664162 0.795696 0.00845827 0.0911086 9.9973E-05 9.9973E-05 9.9973E-05 0.038021
0.118054 0.794914 9.9964E-05 0.0295442 9.9964E-05 9.9964E-05 9.9964E-05 0.0570886
9.9955E-05 9.9955E-05 9.9955E-05 0.196653 9.9955E-05 0.373794 0.429054 9.9955E-05
0.0243861 9.9991E-05 0.0873211 0.678398 0.0590408 0.0532519 0.0552601 0.0422421
9.9973E-05 9.9973E-05 0.121358 0.257774 0.0481984 0.0200981 0.552272 9.9973E-05
9.9973E-05 9.9973E-05 0.196672 0.173445 0.0875078 0.168838 0.373238 9.9973E-05
9.9973E-05 0.0125 0.156642 0.523195 9.9973E-05 0.22718 0.0801832 9.9973E-05
9.99549E-05 9.99549E-05 0.278393 0.454462 9.99549E-05 9.99549E-05 0.266646 9.99549E-05
0.181475 0.0156658 9.9973E-05 9.9973E-05 9.9973E-05 0.189629 0.554837 0.0580941
9.9955E-05 9.9955E-05 9.9955E-05 9.9955E-05 9.9955E-05 0.222505 0.640328 0.136667
9.99641E-05 9.99641E-05 0.00483591 9.99641E-05 9.99641E-05 0.167988 0.813601 0.0131753
9.9964E-05 9.9964E-05 0.428406 0.0136349 9.9964E-05 9.9964E-05 0.406301 0.151258
9.9964E-05 9.9964E-05 9.9964E-05 0.0771893 0.104402 0.331792 0.486217 9.9964E-05
9.9973E-05 0.0369476 0.0746384 9.9973E-05 0.0208155 0.404742 0.462557 9.9973E-05
9.9973E-05 0.0671372 0.0484655 0.292993 9.9973E-05 0.316396 9.9973E-05 0.274708
9.9973E-05 0.0947212 0.111833 0.431818 9.9973E-05 0.216022 9.9973E-05 0.145306
0.371964 9.9955E-05 0.412241 0.215295 9.9955E-05 9.9955E-05 9.9955E-05 9.9955E-05
0.166666 0.00496621 0.312512 0.167537 0.000778098 0.342567 0.00487389 9.9991E-05
0.0118351 9.9973E-05 0.531726 0.182186 9.9973E-05 0.160774 0.113178 9.9973E-05
9.9964E-05 0.0293898 0.0255316 9.9964E-05 9.9964E-05 9.9964E-05 0.845416 0.0992625
0.348579 9.99549E-05 9.99549E-05 9.99549E-05 9.99549E-05 9.99549E-05 0.648856 0.00206552
0.0310913 9.9982E-05 0.0765497 0.159763 0.0217205 0.243894 0.466782 9.9982E-05
0.263948 9.9964E-05 0.184734 9.9964E-05 0.207928 9.9964E-05 0.34299 9.9964E-05
0.0824914 9.9982E-05 0.0406205 0.036512 0.0647238 0.117222 0.65823 9.9982E-05
9.9982E-05 0.0204092 0.164811 0.118657 0.0263246 9.9982E-05 0.509278 0.16032
9.9973E-05 9.9973E-05 0.127483 0.189463 0.0180388 0.0887387 0.575977 9.9973E-05
9.99551E-05 9.99551E-05 0.451345 9.99551E-05 9.99551E-05 9.99551E-05 0.0163315 0.531823
9.9973E-05 9.9973E-05 0.442566 9.9973E-05 0.112657 0.134333 0.0653053 0.244839
0.0193355 0.0325362 0.637251 0.0595102 0.0868521 0.104113 0.0603015 9.9991E-05
9.9973E-05 9.9973E-05 0.147585 9.9973E-05 0.162756 0.0577206 0.119469 0.512169
9.9973E-05 0.0119197 0.733909 0.00385609 9.9973E-05 9.9973E-05 0.0932436 0.156772
9.9964E-05 9.9964E-05 0.804216 0.0425034 9.9964E-05 9.9964E-05 0.142949 0.00993172
9.9955E-05 9.9955E-05 9.9955E-05 0.748452 0.0265707 9.9955E-05 0.224477 9.9955E-05
0.150087 9.9964E-05 9.9964E-05 0.655522 9.9964E-05 0.0342068 9.9964E-05 0.159785
0.149002 9.9955E-05 9.9955E-05 0.725977 9.9955E-05 9.9955E-05 9.9955E-05 0.124521
9.9946E-05 9.9946E-05 9.9946E-05 0.567087 9.9946E-05 9.9946E-05 9.9946E-05 0.432313
9.9973E-05 0.0272015 0.135765 0.773696 9.9973E-05 0.0223189 0.0407191 9.9973E-05
9.9973E-05 0.10434 9.9973E-05 0.233979 9.9973E-05 0.013112 0.326335 0.321934
9.9964E-05 9.9964E-05 9.9964E-05 0.563556 0.0321992 0.102397 0.301448 9.9964E-05
9.9973E-05 9.9973E-05 0.064821 0.157148 0.0327106 9.9973E-05 0.476486 0.268535
9.9955E-05 9.9955E-05 9.9955E-05 0.182058 9.9955E-05 9.9955E-05 0.521603 0.295839
9.9973E-05 9.9973E-05 0.346732 0.0896298 0.0835407 0.0938258 0.385972 9.9973E-05
0.0376313 0.430322 9.9973E-05 9.9973E-05 0.198226 9.9973E-05 0.190552 0.142969
9.9964E-05 0.578546 9.9964E-05 9.9964E-05 0.21065 0.0240057 0.186398 9.9964E-05
9.99461E-05 9.99461E-05 9.99461E-05 9.99461E-05 0.922603 9.99461E-05 9.99461E-05 0.076797
0.122682 0.211727 9.9973E-05 0.0469259 0.511557 9.9973E-05 9.9973E-05 0.106808
0.177485 0.16146 9.99639E-05 9.99639E-05 0.633672 9.99639E-05 9.99639E-05 0.0269832
0.127131 9.99639E-05 9.99639E-05 0.145608 0.697466 9.99639E-05 9.99639E-05 0.0293962
0.82529 0.109317 9.99549E-05 0.0648933 9.99549E-05 9.99549E-05 9.99549E-05 9.99549E-05
0.629708 0.0548449 9.99639E-05 9.99639E-05 0.210895 9.99639E-05 0.104152 9.99639E-05
0.281137 0.637898 9.9964E-05 9.9964E-05 0.0670703 0.0134945 9.9964E-05 9.9964E-05
9.9955E-05 0.834945 9.9955E-05 0.0432855 0.12127 9.9955E-05 9.9955E-05 9.9955E-05
0.119077 0.587416 9.9973E-05 9.9973E-05 0.0996977 0.041223 0.152286 9.9973E-05
9.995E-05 0.518444 9.995E-05 9.995E-05 0.354709 9.995E-05 0.126347 9.995E-05
0.503079 0.185235 9.9964E-05 9.9964E-05 0.25077 9.9964E-05 0.0605157 9.9964E-05
0.154463 0.35764 9.9964E-05 9.9964E-05 0.344042 9.9964E-05 0.143455 9.9964E-05
0.557403 0.166728 9.9973E-05 9.9973E-05 0.134364 0.000363935 0.140841 9.9973E-05
0.121818 0.39993 9.9973E-05 9.9973E-05 0.327894 0.00388383 0.146174 9.9973E-05
0.620966 0.148765 9.99639E-05 9.99639E-05 0.20179 9.99639E-05 0.02808 9.99639E-05
0.0888578 0.100007 9.9973E-05 0.0761294 0.689493 0.0452127 9.9973E-05 9.9973E-05
9.9973E-05 0.20754 0.0960627 0.0163663 0.592286 9.9973E-05 0.0874447 9.9973E-05
0.138084 9.9964E-05 0.0297461 0.0793416 0.752428 9.9964E-05 9.9964E-05 9.9964E-05
0.272815 0.128314 0.0301537 9.9973E-05 0.555534 0.0128828 9.9973E-05 9.9973E-05
9.9946E-05 9.9946E-05 9.9946E-05 9.9946E-05 0.977581 0.0218194 9.9946E-05 9.9946E-05
0.0477975 0.368707 9.9964E-05 9.9964E-05 0.533952 9.9964E-05 9.9964E-05 0.0491437
0.42541 0.1894 9.99639E-05 0.121294 0.263496 9.99639E-05 9.99639E-05 9.99639E-05
0.0142074 0.122023 0.0921732 0.0874044 0.683892 9.9973E-05 9.9973E-05 9.9973E-05
9.9982E-05 9.9982E-05 0.0106719 0.0355592 0.0478815 0.775672 0.034958 0.0950572
9.9955E-05 9.9955E-05 9.9955E-05 9.9955E-05 0.0955042 0.0594684 9.9955E-05 0.844528
9.9955E-05 9.9955E-05 9.9955E-05 9.9955E-05 0.111553 0.160435 9.9955E-05 0.727512
9.9964E-05 0.067852 0.0253936 0.142134 9.9964E-05 0.764221 9.9964E-05 9.9964E-05
9.9964E-05 0.0527401 9.9964E-05 0.231 9.9964E-05 0.600096 9.9964E-05 0.115765
0.388839 9.99551E-05 9.99551E-05 0.254465 9.99551E-05 9.99551E-05 9.99551E-05 0.356196
0.149077 9.99731E-05 0.468664 0.0276061 9.99731E-05 0.129909 9.99731E-05 0.224444
0.142094 0.0172437 0.364073 0.03413 9.9982E-05 0.137718 9.9982E-05 0.304542
0.0890801 9.9964E-05 0.404251 9.9964E-05 9.9964E-05 0.505726 9.9964E-05 0.000543485
0.210774 9.9973E-05 0.0501553 0.00979382 9.9973E-05 0.536435 9.9973E-05 0.192543
9.9955E-05 9.9955E-05 0.450408 9.9955E-05 0.0652886 0.483804 9.9955E-05 9.9955E-05
9.9955E-05 9.9955E-05 0.736422 9.9955E-05 0.0474909 0.215587 9.9955E-05 9.9955E-05
9.99639E-05 0.0391829 0.407461 9.99639E-05 9.99639E-05 0.485381 0.0675751 9.99639E-05
0.084943 9.9973E-05 0.450524 9.9973E-05 0.0150928 0.412217 0.0369237 9.9973E-05
0.1191 9.99639E-05 0.500965 0.258298 9.99639E-05 0.121238 9.99639E-05 9.99639E-05
0.0149796 0.0218009 0.606155 0.0752539 9.9982E-05 0.26159 9.9982E-05 0.0200201
9.9964E-05 0.0270328 0.487406 9.9964E-05 0.0312225 0.453939 9.9964E-05 9.9964E-05
9.9964E-05 9.9964E-05 0.475701 9.9964E-05 0.0509762 0.451859 0.0210635 9.9964E-05
9.9973E-05 0.0190651 0.427394 9.9973E-05 9.9973E-05 0.287198 0.0843223 0.18172
9.9973E-05 0.046892 0.0281169 0.196506 9.9973E-05 0.369696 9.9973E-05 0.35849
9.996E-05 9.996E-05 0.0776087 0.0776379 9.996E-05 0.504887 9.996E-05 0.339467
9.9964E-05 9.9964E-05 9.9964E-05 0.0590913 9.9964E-05 0.45396 0.0825653 0.403984
9.9955E-05 9.9955E-05 9.9955E-05 0.0230838 9.9955E-05 0.356632 9.9955E-05 0.619785
0.115767 9.9955E-05 9.9955E-05 0.131448 9.9955E-05 0.752286 9.9955E-05 9.9955E-05
9.9955E-05 9.9955E-05 9.9955E-05 0.0922196 9.9955E-05 0.840321 0.0669601 9.9955E-05
9.9964E-05 9.9964E-05 9.9964E-05 0.136788 9.9964E-05 0.662671 0.196239 0.00390243
9.99461E-05 9.99461E-05 9.99461E-05 0.10157 9.99461E-05 0.89783 9.99461E-05 9.99461E-05
0.00453449 0.0189845 0.0076984 0.0613176 0.0298998 0.873131 0.00433423 9.9991E-05
0.0123414 9.9964E-05 0.172848 9.9964E-05 9.9964E-05 0.767561 9.9964E-05 0.0468496
9.9964E-05 9.9964E-05 0.0489985 9.9964E-05 9.9964E-05 0.817113 0.102735 0.0307542
9.9955E-05 9.9955E-05 9.9955E-05 9.9955E-05 9.9955E-05 0.915372 0.031333 0.052795
9.9964E-05 9.9964E-05 0.368052 0.0161258 9.9964E-05 0.329752 9.9964E-05 0.28567
9.997E-05 9.997E-05 0.0127748 0.141739 0.0686054 0.544579 9.997E-05 0.232002
0.0703442 9.9982E-05 0.117819 0.0179641 9.9982E-05 0.598087 0.0682681 0.127318
0.0850721 9.99731E-05 0.0601416 0.020195 9.99731E-05 0.79183 0.0424612 9.99731E-05
9.99641E-05 9.99641E-05 0.0534112 0.060587 9.99641E-05 0.696109 9.99641E-05 0.189493
9.9955E-05 9.9955E-05 9.9955E-05 9.9955E-05 9.9955E-05 0.8048 0.079902 0.114798
0.0274311 9.9973E-05 0.100548 0.0256222 9.9973E-05 0.713695 9.9973E-05 0.132404
0.122005 9.9964E-05 9.9964E-05 9.9964E-05 9.9964E-05 0.324439 0.0769137 0.476243
0.101498 9.9955E-05 9.9955E-05 9.9955E-05 9.9955E-05 0.415853 9.9955E-05 0.482149
0.0868376 9.9955E-05 9.9955E-05 9.9955E-05 9.9955E-05 0.650059 9.9955E-05 0.262604
9.9955E-05 9.9955E-05 0.0892916 9.9955E-05 9.9955E-05 0.877809 9.9955E-05 0.0323993
0.0610062 0.00135932 0.0623155 9.9973E-05 0.0894637 0.785555 9.9973E-05 9.9973E-05
0.0133599 9.9973E-05 9.9973E-05 9.9973E-05 0.00808579 0.764615 0.140828 0.0728106
0.0270237 0.00638826 0.0247037 0.0262022 9.9982E-05 0.886825 9.9982E-05 0.0286574
9.9964E-05 0.18584 9.9964E-05 9.9964E-05 0.0581931 0.58489 0.170677 9.9964E-05
0.0447636 0.0993977 9.9964E-05 9.9964E-05 0.238329 0.617109 9.9964E-05 9.9964E-05
0.00912823 9.9964E-05 9.9964E-05 0.100249 9.9964E-05 0.760449 9.9964E-05 0.129774
0.0135896 9.99639E-05 9.99639E-05 0.0256848 9.99639E-05 0.324469 9.99639E-05 0.635857
0.0524059 0.0562174 9.9964E-05 9.9964E-05 9.9964E-05 0.495751 9.9964E-05 0.395226
9.9964E-05 0.0148387 9.9964E-05 9.9964E-05 9.9964E-05 0.421904 0.0387952 0.524062
9.9955E-05 9.9955E-05 9.9955E-05 0.0883229 9.9955E-05 0.0382766 9.9955E-05 0.872901
9.9955E-05 9.9955E-05 9.9955E-05 0.0922444 9.9955E-05 0.781091 9.9955E-05 0.126165
9.9955E-05 9.9955E-05 0.0520008 9.9955E-05 9.9955E-05 0.325277 9.9955E-05 0.622223
9.9973E-05 0.00306146 0.0903362 9.9973E-05 9.9973E-05 0.636339 0.00637325 0.26359
0.0188109 9.9973E-05 0.154909 0.0628333 9.9973E-05 0.420691 9.9973E-05 0.342457
0.0672253 9.9964E-05 9.9964E-05 0.00638102 9.9964E-05 0.554807 9.9964E-05 0.371187
0.66943 9.9955E-05 9.9955E-05 9.9955E-05 0.255683 9.9955E-05 9.9955E-05 0.0743879
0.302396 0.205371 9.9973E-05 0.0014328 0.486851 9.9973E-05 9.9973E-05 0.00364939
0.265754 0.29391 9.99639E-05 0.129371 0.310565 9.99639E-05 9.99639E-05 9.99639E-05
0.102964 0.0483187 9.99729E-05 0.0114145 0.683978 9.99729E-05 9.99729E-05 0.153025
0.10092 0.0115255 9.9964E-05 9.9964E-05 0.769458 0.117696 9.9964E-05 9.9964E-05
0.112699 0.0920369 9.9955E-05 9.9955E-05 0.794764 9.9955E-05 9.9955E-05 9.9955E-05
0.310879 0.33056 9.9964E-05 9.9964E-05 0.348408 9.9964E-05 9.9964E-05 0.00975293
0.485108 0.356331 9.99549E-05 9.99549E-05 0.158061 9.99549E-05 9.99549E-05 9.99549E-05
0.9993 9.994E-05 9.994E-05 9.994E-05 9.994E-05 9.994E-05 9.994E-05 9.994E-05
0.0620954 0.21972 9.99639E-05 9.99639E-05 0.618811 0.0989731 9.99639E-05 9.99639E-05
9.99551E-05 0.0569654 9.99551E-05 9.99551E-05 0.857007 9.99551E-05 0.0855283 9.99551E-05
9.99461E-05 9.99461E-05 9.99461E-05 9.99461E-05 0.896657 9.99461E-05 0.102743 9.99461E-05
9.99641E-05 0.115353 0.0378097 9.99641E-05 0.840364 0.0060739 9.99641E-05 9.99641E-05
