0.0128486 9.9982E-05 0.204784 9.9982E-05 0.0348821 0.208484 0.0862924 0.452508
9.9982E-05 9.9982E-05 0.0869954 0.10983 0.335628 0.0542543 0.176987 0.236105
0.026252 9.9973E-05 0.278072 9.9973E-05 0.165138 0.201681 9.9973E-05 0.328557
0.125769 0.0135596 9.9973E-05 9.9973E-05 9.9973E-05 0.651118 0.176776 0.0324771
9.9955E-05 9.9955E-05 0.551163 9.9955E-05 9.9955E-05 0.257182 9.9955E-05 0.191155
0.0573506 9.9973E-05 0.061229 9.9973E-05 9.9973E-05 0.6265 0.0781898 0.176431
0.0554329 9.9964E-05 9.9964E-05 0.892561 0.00940117 9.9964E-05 0.0422049 9.9964E-05
0.170898 0.0439539 0.0427171 0.633927 9.9973E-05 9.9973E-05 0.108204 9.9973E-05
9.9964E-05 0.0989024 9.9964E-05 0.787981 9.9964E-05 0.0692494 0.0434675 9.9964E-05
0.10761 0.042715 9.9964E-05 0.818522 9.9964E-05 9.9964E-05 0.0307531 9.9964E-05
9.9955E-05 9.9955E-05 9.9955E-05 0.909564 9.9955E-05 0.0655164 0.0244196 9.9955E-05
9.99549E-05 9.99549E-05 0.075926 0.850691 9.99549E-05 9.99549E-05 9.99549E-05 0.0728835
9.996E-05 0.243143 0.0262451 0.707438 9.996E-05 0.0227743 9.996E-05 9.996E-05
0.0856693 0.239896 9.99551E-05 0.673935 9.99551E-05 9.99551E-05 9.99551E-05 9.99551E-05
0.0895087 0.0412522 9.9973E-05 0.819542 9.9973E-05 0.00136749 0.0480296 9.9973E-05
0.00179293 9.99551E-05 9.99551E-05 0.851034 9.99551E-05 9.99551E-05 0.146673 9.99551E-05
0.42401 9.9964E-05 0.361166 9.9964E-05 9.9964E-05 9.9964E-05 0.0182522 0.196172
0.536599 0.0123283 0.0540326 0.0724161 0.268984 0.0554395 9.9982E-05 9.9982E-05
0.370482 0.0367847 9.997E-05 9.997E-05 0.0601314 0.180326 9.997E-05 0.351976
0.595888 0.0150918 0.189453 9.9964E-05 9.9964E-05 0.199167 9.9964E-05 9.9964E-05
0.544754 9.99639E-05 0.215156 9.99639E-05 0.17391 0.0657806 9.99639E-05 9.99639E-05
0.727378 9.9955E-05 9.9955E-05 9.9955E-05 0.0516654 0.220456 9.9955E-05 9.9955E-05
0.0177334 9.9982E-05 0.161428 0.11793 0.0289139 9.9982E-05 0.0729005 0.600894
9.9955E-05 9.9955E-05 0.245477 9.9955E-05 9.9955E-05 9.9955E-05 0.0839122 0.670111
0.0907655 9.9955E-05 0.178315 9.9955E-05 9.9955E-05 9.9955E-05 9.9955E-05 0.730419
0.359429 9.9964E-05 9.9964E-05 9.9964E-05 9.9964E-05 0.295334 0.186553 0.158284
0.41283 0.0427577 0.349818 9.9964E-05 9.9964E-05 9.9964E-05 9.9964E-05 0.194194
0.210019 0.0467276 0.351741 9.9973E-05 9.9973E-05 0.211259 9.9973E-05 0.179953
0.240153 9.9973E-05 0.400159 0.0396084 0.111496 9.9973E-05 0.208283 9.9973E-05
0.314033 9.998E-05 0.253378 0.0792032 0.175968 0.0729395 0.104279 9.998E-05
0.26852 9.9964E-05 9.9964E-05 0.0896105 0.333697 0.307772 9.9964E-05 9.9964E-05
0.24465 9.9973E-05 0.230443 0.0899659 0.0876279 0.347013 9.9973E-05 9.9973E-05
0.307238 9.9973E-05 0.086843 9.9973E-05 0.0195854 0.518181 0.0678528 9.9973E-05
0.0898587 9.9964E-05 9.9964E-05 9.9964E-05 9.9964E-05 0.0840746 0.0326222 0.793045
9.99459E-05 9.99459E-05 9.99459E-05 9.99459E-05 0.201945 9.99459E-05 9.99459E-05 0.797455
0.371332 9.9991E-05 0.183544 0.0132367 0.00141272 0.13175 0.042526 0.256099
9.99639E-05 0.256295 9.99639E-05 9.99639E-05 0.202083 0.092811 9.99639E-05 0.448411
0.116147 0.0851733 0.117238 9.9973E-05 9.9973E-05 0.0387738 9.9973E-05 0.642368
0.244587 0.0603583 9.9982E-05 9.9982E-05 0.143521 0.0748356 0.0166732 0.459825
0.444893 9.9955E-05 9.9955E-05 9.9955E-05 9.9955E-05 0.243055 9.9955E-05 0.311553
9.9955E-05 9.9955E-05 9.9955E-05 9.9955E-05 0.0192125 0.414035 0.566252 9.9955E-05
0.0215811 0.118367 0.117621 9.9982E-05 9.9982E-05 0.476313 0.263779 0.00214016
0.117597 0.124713 0.0304512 9.9982E-05 0.105578 0.57429 9.9982E-05 0.0471712
9.9964E-05 0.150203 9.9964E-05 9.9964E-05 9.9964E-05 0.242002 0.522477 0.0849176
0.230901 9.9955E-05 9.9955E-05 9.9955E-05 9.9955E-05 0.55924 0.209359 9.9955E-05
0.200423 9.9973E-05 9.9973E-05 9.9973E-05 0.0443735 0.638618 0.0360913 0.0801944
0.783938 9.9955E-05 9.9955E-05 0.0106981 0.204864 9.9955E-05 9.9955E-05 9.9955E-05
0.404242 9.99639E-05 9.99639E-05 0.0567616 0.469327 9.99639E-05 0.0692695 9.99639E-05
0.255407 9.99459E-05 9.99459E-05 9.99459E-05 0.743993 9.99459E-05 9.99459E-05 9.99459E-05
0.304677 9.99639E-05 0.03525 9.99639E-05 0.502234 9.99639E-05 0.157439 9.99639E-05
0.56524 0.013833 9.99639E-05 9.99639E-05 0.365782 0.0547455 9.99639E-05 9.99639E-05
0.475555 9.9964E-05 9.9964E-05 0.0614548 9.9964E-05 9.9964E-05 0.418215 0.0443745
0.72933 0.0409802 0.0241306 9.9982E-05 0.0839072 9.9982E-05 0.106216 0.0152359
0.515131 9.9955E-05 9.9955E-05 9.9955E-05 9.9955E-05 9.9955E-05 0.375002 0.109367
0.518417 9.99549E-05 9.99549E-05 9.99549E-05 9.99549E-05 9.99549E-05 0.383563 0.0975194
0.535218 0.0202605 0.0336744 9.9973E-05 9.9973E-05 0.331911 9.9973E-05 0.0786358
9.9964E-05 0.264652 9.9964E-05 0.392015 9.9964E-05 9.9964E-05 0.0743398 0.268594
9.997E-05 0.407322 0.0361625 0.388982 9.997E-05 9.997E-05 0.0141306 0.153103
9.996E-05 0.904546 0.00872642 9.996E-05 9.996E-05 9.996E-05 0.0419478 0.04438
0.0597084 0.448335 9.9964E-05 0.347991 9.9964E-05 9.9964E-05 0.143566 9.9964E-05
9.9955E-05 0.559275 9.9955E-05 0.400701 9.9955E-05 9.9955E-05 0.0395246 9.9955E-05
0.112956 0.646443 9.9973E-05 0.134894 0.0821497 9.9973E-05 0.0232574 9.9973E-05
9.995E-05 9.995E-05 9.995E-05 0.583523 0.381704 9.995E-05 9.995E-05 0.0342735
0.0411512 9.9982E-05 0.00892387 0.737248 0.0324673 0.127757 9.9982E-05 0.0522526
9.9982E-05 0.0495033 0.0109261 0.825255 0.00243408 0.100809 9.9982E-05 0.0108722
9.9955E-05 0.269368 9.9955E-05 0.703039 9.9955E-05 9.9955E-05 9.9955E-05 0.0270925
0.0635594 0.136527 0.0171992 0.664033 9.9973E-05 9.9973E-05 9.9973E-05 0.118382
9.99551E-05 0.608867 9.99551E-05 0.21859 9.99551E-05 9.99551E-05 9.99551E-05 0.172043
9.9964E-05 0.143309 9.9964E-05 0.573877 0.0647158 9.9964E-05 9.9964E-05 0.217699
9.9955E-05 0.289275 9.9955E-05 0.561998 9.9955E-05 9.9955E-05 9.9955E-05 0.148227
9.9964E-05 9.9964E-05 0.0331012 0.605632 0.0744725 9.9964E-05 9.9964E-05 0.286394
9.9964E-05 0.351757 0.0267248 0.445955 9.9964E-05 9.9964E-05 9.9964E-05 0.175163
9.9964E-05 9.9964E-05 0.0443851 0.847963 0.0197523 9.9964E-05 9.9964E-05 0.0875003
0.0639471 0.579888 0.0376834 0.318081 9.9964E-05 9.9964E-05 9.9964E-05 9.9964E-05
0.107968 0.574295 0.0124671 0.222104 9.998E-05 0.00873442 9.998E-05 0.0742313
0.000464072 0.70431 0.00686484 0.147614 0.102826 0.0195038 9.9991E-05 0.0183168
9.9955E-05 0.507848 9.9955E-05 0.380396 9.9955E-05 0.111256 9.9955E-05 9.9955E-05
9.9946E-05 0.982132 0.0172688 9.9946E-05 9.9946E-05 9.9946E-05 9.9946E-05 9.9946E-05
9.9955E-05 0.650593 9.9955E-05 0.315705 9.9955E-05 9.9955E-05 0.0332018 9.9955E-05
0.137475 0.0206277 9.9964E-05 0.775808 0.0656896 9.9964E-05 9.9964E-05 9.9964E-05
9.9955E-05 0.799056 9.9955E-05 9.9955E-05 0.128624 0.0718211 9.9955E-05 9.9955E-05
0.0951419 0.0206448 0.790049 9.99821E-05 9.99821E-05 0.0630233 0.0213463 0.00959496
9.9964E-05 0.0753838 0.0730428 9.9964E-05 9.9964E-05 0.00372032 0.847453 9.9964E-05
9.995E-05 0.0725949 0.180743 9.995E-05 9.995E-05 9.995E-05 0.746162 9.995E-05
0.00429403 0.0515141 0.760452 9.9982E-05 0.0737012 0.0830114 9.9982E-05 0.0268276
0.144439 9.9964E-05 0.632776 9.9964E-05 0.216245 0.00614072 9.9964E-05 9.9964E-05
9.9946E-05 9.9946E-05 0.0116685 9.9946E-05 0.987732 9.9946E-05 9.9946E-05 9.9946E-05
9.9973E-05 9.9973E-05 0.064321 0.042367 0.227011 0.464531 0.20147 9.9973E-05
9.9982E-05 0.0172685 0.00599386 0.0807368 0.206789 0.471753 0.217258 9.9982E-05
9.9964E-05 9.9964E-05 0.385938 9.9964E-05 0.0675411 0.540332 0.00578865 9.9964E-05
9.997E-05 9.997E-05 0.438471 9.997E-05 0.387541 0.0975141 0.0533097 0.0228636
9.9955E-05 0.0772812 0.308349 9.9955E-05 9.9955E-05 0.61387 9.9955E-05 9.9955E-05
9.9964E-05 0.0134258 0.0452498 9.9964E-05 9.9964E-05 0.928451 9.9964E-05 0.0124739
0.0146934 9.99639E-05 0.387041 9.99639E-05 9.99639E-05 0.515031 9.99639E-05 0.0828349
9.9964E-05 9.9964E-05 0.237233 9.9964E-05 0.124802 0.604416 9.9964E-05 0.03315
9.99549E-05 9.99549E-05 9.99549E-05 0.0452987 0.358104 0.596098 9.99549E-05 9.99549E-05
0.0384582 9.9964E-05 0.131975 9.9964E-05 0.112188 0.71698 9.9964E-05 9.9964E-05
9.9964E-05 0.00822347 0.318898 0.0325774 9.9964E-05 0.639901 9.9964E-05 9.9964E-05
9.9964E-05 0.0388488 0.333534 9.9964E-05 9.9964E-05 0.611377 9.9964E-05 0.0158402
9.997E-05 9.997E-05 0.201933 0.0327644 9.997E-05 0.543561 0.205958 0.0154844
0.12397 9.9973E-05 0.385334 9.9973E-05 0.171482 0.0354996 0.283415 9.9973E-05
9.9955E-05 9.9955E-05 0.481796 9.9955E-05 9.9955E-05 0.109873 0.407832 9.9955E-05
0.0630428 9.9964E-05 0.422251 9.9964E-05 9.9964E-05 9.9964E-05 0.502465 0.0118416
0.00124997 9.9955E-05 0.411991 9.9955E-05 9.9955E-05 9.9955E-05 0.586259 9.9955E-05
9.9955E-05 0.0195136 0.743189 9.9955E-05 0.236797 9.9955E-05 9.9955E-05 9.9955E-05
0.112708 9.9955E-05 0.856685 9.9955E-05 9.9955E-05 9.9955E-05 9.9955E-05 0.0301076
0.213005 9.9964E-05 0.710903 9.9964E-05 9.9964E-05 9.9964E-05 0.00371656 0.0719763
0.0311814 9.9964E-05 0.951384 0.0145117 0.00252294 9.9964E-05 9.9964E-05 9.9964E-05
9.997E-05 0.0310009 0.844348 9.997E-05 0.0371347 0.0553242 9.997E-05 0.0318925
9.9964E-05 9.9964E-05 0.69052 9.9964E-05 9.9964E-05 0.240947 0.0415532 0.0265804
9.9964E-05 9.9964E-05 0.769025 9.9964E-05 9.9964E-05 0.083283 0.0558064 0.0914858
9.9955E-05 9.9955E-05 0.886915 9.9955E-05 9.9955E-05 9.9955E-05 0.0513902 0.0611948
0.0577745 9.9973E-05 0.303872 9.9973E-05 0.0680467 0.255975 0.314031 9.9973E-05
0.144522 0.0137626 0.43903 9.997E-05 9.997E-05 0.0850005 0.317386 9.997E-05
9.9973E-05 9.9973E-05 0.602264 9.9973E-05 0.0783488 0.17424 0.0511552 0.0936924
9.99641E-05 9.99641E-05 0.734895 9.99641E-05 0.104287 0.0943584 9.99641E-05 0.0660592
0.00315017 9.9973E-05 0.748854 9.9973E-05 0.0598317 0.0354947 0.152369 9.9973E-05
9.9955E-05 9.9955E-05 0.792245 9.9955E-05 9.9955E-05 9.9955E-05 0.0898562 0.117399
9.995E-05 9.995E-05 0.706675 9.995E-05 0.140354 0.152471 9.995E-05 9.995E-05
9.9964E-05 9.9964E-05 0.249924 9.9964E-05 0.0420964 9.9964E-05 0.527047 0.180534
9.9964E-05 9.9964E-05 0.357935 9.9964E-05 0.140783 9.9964E-05 0.451158 0.0497238
9.9973E-05 9.9973E-05 0.552971 9.9973E-05 0.046797 0.017218 0.352487 0.0302269
9.9955E-05 9.9955E-05 0.673703 9.9955E-05 9.9955E-05 0.20374 0.122058 9.9955E-05
9.999E-05 0.0515748 0.71048 0.0122499 0.0132104 0.147174 0.00951448 0.0556964
9.9973E-05 0.00339374 0.698903 9.9973E-05 9.9973E-05 0.0840759 0.0407796 0.172547
0.0281515 9.9973E-05 0.830361 0.0195823 9.9973E-05 0.0619198 0.0596849 9.9973E-05
9.9964E-05 0.154925 0.552531 0.0613756 9.9964E-05 9.9964E-05 9.9964E-05 0.230768
9.996E-05 0.275846 0.618205 0.104322 9.996E-05 9.996E-05 0.00122793 9.996E-05
9.9955E-05 9.9955E-05 0.786801 9.9955E-05 0.136618 9.9955E-05 0.0760819 9.9955E-05
9.99549E-05 9.99549E-05 0.359928 9.99549E-05 0.0820895 9.99549E-05 0.557483 9.99549E-05
9.9973E-05 9.9973E-05 0.444272 0.0134639 0.104706 9.9973E-05 0.325335 0.111923
9.9964E-05 9.9964E-05 0.347838 9.9964E-05 9.9964E-05 0.0699652 0.533425 0.048372
0.0170183 9.9964E-05 0.0834145 9.9964E-05 0.0855668 9.9964E-05 0.813601 9.9964E-05
9.9964E-05 0.0084147 0.826415 9.9964E-05 0.0868074 9.9964E-05 0.0779633 9.9964E-05
9.997E-05 9.997E-05 0.362361 0.0122194 9.997E-05 0.014464 0.603348 0.0073072
9.9955E-05 9.9955E-05 0.579516 9.9955E-05 9.9955E-05 0.119521 0.300464 9.9955E-05
0.0222173 9.998E-05 0.399749 9.998E-05 0.120884 0.133607 0.313619 0.00972316
9.9955E-05 9.9955E-05 0.605198 9.9955E-05 0.0751848 9.9955E-05 0.319117 9.9955E-05
9.9973E-05 0.0870575 9.9973E-05 0.575077 0.164842 9.9973E-05 0.119836 0.0528881
9.998E-05 0.390303 0.0220615 0.500455 0.0473261 9.998E-05 0.0191898 0.0204637
0.0170964 0.250085 9.9973E-05 0.600848 0.114828 0.0168431 9.9973E-05 9.9973E-05
9.99729E-05 0.648212 9.99729E-05 0.112796 0.140735 0.0596991 0.0382576 9.99729E-05
9.998E-05 0.728371 0.0736064 0.0566539 0.107557 0.0170205 0.0165917 9.998E-05
9.9955E-05 0.772862 9.9955E-05 0.211449 0.015189 9.9955E-05 9.9955E-05 9.9955E-05
9.9964E-05 0.263393 9.9964E-05 0.615336 9.9964E-05 0.0114259 0.109445 9.9964E-05
9.9973E-05 0.0905476 0.0212156 0.756281 0.065649 9.9973E-05 9.9973E-05 0.0660063
9.99461E-05 9.99461E-05 9.99461E-05 0.510815 0.488585 9.99461E-05 9.99461E-05 9.99461E-05
9.9964E-05 0.584625 0.118401 0.261473 0.0351002 9.9964E-05 9.9964E-05 9.9964E-05
0.0480678 0.945599 9.99551E-05 9.99551E-05 9.99551E-05 9.99551E-05 9.99551E-05 0.00583312
0.00911386 0.923414 9.9964E-05 9.9964E-05 9.9964E-05 9.9964E-05 0.0137175 0.0533546
0.014699 0.917322 0.0674795 9.99551E-05 9.99551E-05 9.99551E-05 9.99551E-05 9.99551E-05
