0.190707 0.451598 0.357595 9.9991E-05
0.526993 0.10844 0.364467 9.9991E-05
0.159897 0.378023 0.46198 9.9991E-05
0.091355 0.512938 0.375523 0.0201847
9.999E-05 0.2528 0.698011 0.0490895
9.9982E-05 0.594986 0.404814 9.9982E-05
0.5668 9.9982E-05 9.9982E-05 0.433001
0.349702 0.0370164 0.0851051 0.528177
0.372313 9.9982E-05 9.9982E-05 0.627487
0.384431 9.9982E-05 9.9982E-05 0.615369
0.503611 9.9982E-05 9.9982E-05 0.496189
0.477168 9.9991E-05 0.00377017 0.518962
0.226141 9.9982E-05 9.9982E-05 0.773659
0.228337 0.00923995 9.9991E-05 0.762323
0.427832 9.9982E-05 9.9982E-05 0.571968
0.51 9.998E-05 9.998E-05 0.489801
0.0861157 0.586522 0.280432 0.04693
0.416888 0.4966 0.0499185 0.036594
0.116964 0.785405 9.9991E-05 0.0975315
9.9991E-05 0.782352 0.114281 0.103266
0.206289 0.594094 0.170852 0.0287652
0.171221 0.799793 9.9991E-05 0.0288862
0.247217 0.528169 0.169743 0.0548707
9.9991E-05 0.534025 0.367343 0.0985326
9.9991E-05 0.818908 0.140707 0.0402855
0.00764385 0.839657 0.152599 9.9991E-05
9.9991E-05 0.634026 0.221231 0.144643
9.9991E-05 0.52311 0.327998 0.148792
0.269888 0.180906 0.541696 0.00751021
0.291525 0.254084 0.386117 0.0682736
0.534163 0.430494 0.0352431 9.9991E-05
0.255653 0.334376 0.347096 0.0628738
0.186614 0.530557 0.282729 9.9991E-05
0.12109 0.842427 0.022391 0.0140919
0.380024 0.619776 9.9982E-05 9.9982E-05
0.132821 0.63738 0.156453 0.0733461
0.180831 0.508163 9.9991E-05 0.310907
0.106145 0.67132 0.110066 0.11247
0.233644 0.70197 9.9991E-05 0.0642862
0.0553383 0.841936 0.04049 0.0622361
0.23617 0.465768 0.297962 9.9991E-05
0.0206773 0.422834 0.482843 0.0736452
0.0371581 0.479844 0.323239 0.15976
0.0859346 0.212692 0.535522 0.165852
0.10289 0.594774 0.302235 9.9991E-05
0.0745114 0.774331 0.151058 9.9991E-05
0.377179 0.550248 9.9991E-05 0.0724733
0.623075 0.269447 0.107378 9.9991E-05
0.759607 0.137497 0.102796 9.9991E-05
0.534743 0.230987 0.23417 9.9991E-05
0.4773 0.515334 9.9991E-05 0.00726649
0.231087 0.547595 0.163671 0.0576463
0.185116 0.687163 0.031246 0.0964752
0.171839 0.784371 0.04369 9.9991E-05
0.250655 0.733674 9.9991E-05 0.0155708
9.9991E-05 0.829618 0.0848436 0.0854384
0.222562 0.138609 0.0650474 0.573782
0.0884207 0.0910124 0.0630539 0.757513
9.9991E-05 0.00866991 0.055355 0.935875
0.213576 0.0841647 9.9991E-05 0.702159
0.189795 9.9982E-05 9.9982E-05 0.810005
0.126823 0.0795213 0.0363545 0.757301
0.792944 9.9982E-05 9.9982E-05 0.206856
0.475908 0.050782 9.9991E-05 0.47321
0.375687 9.9982E-05 9.9982E-05 0.624113
0.250123 9.9982E-05 9.9982E-05 0.749677
0.2513 0.119745 9.9991E-05 0.628856
0.0208112 0.0718258 9.9991E-05 0.907263
0.464584 9.9982E-05 9.9982E-05 0.535216
0.232353 9.9982E-05 9.9982E-05 0.767447
0.464113 0.0756674 9.9991E-05 0.460119
0.119598 0.0585086 0.0383514 0.783542
0.465561 9.9982E-05 9.9982E-05 0.534239
0.0818587 0.0197581 0.0585104 0.839873
9.9982E-05 0.204891 9.9982E-05 0.794909
0.101328 0.0540406 9.9991E-05 0.844532
0.203512 9.9991E-05 0.0433573 0.753031
9.9982E-05 9.9982E-05 0.0125566 0.987243
0.123504 9.9982E-05 9.9982E-05 0.876296
0.451981 9.9982E-05 9.9982E-05 0.547819
0.1106 0.0799245 9.9991E-05 0.809376
9.9991E-05 0.143483 0.798085 0.0583325
0.240285 0.0378312 0.720396 0.00148828
0.161175 9.9991E-05 0.786548 0.0521771
9.9982E-05 9.9982E-05 0.869206 0.130594
0.179258 0.00624558 0.772395 0.0421015
0.737306 9.99821E-05 0.262494 9.99821E-05
0.285995 0.0246251 0.613554 0.0758256
0.331033 0.146473 0.522394 9.9991E-05
0.0795872 0.0740378 0.790136 0.0562393
0.257202 0.0203825 0.722316 9.9991E-05
9.9991E-05 0.0815773 0.727791 0.190531
9.9991E-05 0.391834 0.540668 0.0673984
9.9991E-05 0.342206 0.632148 0.0255461
0.0501136 0.241551 0.6177 0.0906345
0.373513 0.162622 0.457875 0.00598977
0.0873241 0.322955 0.53294 0.0567805
9.9991E-05 0.157713 0.706396 0.135791
9.9991E-05 0.292639 0.604669 0.102592
0.0397957 0.287978 0.640927 0.0312996
0.218131 0.109232 0.672538 9.9991E-05
0.0627042 0.0433098 0.893886 9.9991E-05
0.0937311 0.0773714 0.828797 9.9991E-05
0.145169 0.00920975 0.845521 9.9991E-05
0.15201 9.9991E-05 0.804382 0.0435079
9.9991E-05 0.149078 0.832052 0.0187702
9.9991E-05 0.269391 0.713552 0.0169571
9.9991E-05 0.0332516 0.884679 0.0819689
9.9991E-05 0.0176526 0.894612 0.0876355
9.9991E-05 0.0102708 0.936186 0.0534432
9.9991E-05 0.0915743 0.865223 0.0431022
9.9982E-05 9.9982E-05 0.976245 0.0235546
0.120632 0.208395 0.670872 9.9991E-05
0.0627624 0.0587741 0.822088 0.0563759
0.108316 0.115415 0.776168 9.9991E-05
0.0195959 0.100354 0.839832 0.0402191
0.0258304 9.9991E-05 0.947835 0.0262341
9.9991E-05 0.0272502 0.950217 0.0224328
0.0664178 9.9991E-05 0.91663 0.0168524
0.274106 9.9982E-05 0.725694 9.9982E-05
0.215563 9.9982E-05 0.784237 9.9982E-05
0.107123 9.9991E-05 0.868663 0.0241132
9.9982E-05 9.9982E-05 0.975402 0.0243976
9.9991E-05 0.063756 0.809259 0.126885
9.9991E-05 0.012375 0.887952 0.0995731
9.9982E-05 9.9982E-05 0.938068 0.0617318
9.9991E-05 0.0494141 0.616864 0.333622
9.9982E-05 9.9982E-05 0.637508 0.362292
0.133249 9.9982E-05 0.866551 9.9982E-05
0.220243 9.9982E-05 0.779557 9.9982E-05
0.224824 9.9982E-05 0.774976 9.9982E-05
0.15168 9.9991E-05 0.847037 0.00118304
0.326797 0.0447418 0.628362 9.9991E-05
0.00763249 9.9991E-05 0.971918 0.0203493
0.216352 9.9982E-05 0.783448 9.9982E-05
0.0603547 0.0303064 0.909239 9.9991E-05
0.137546 0.0861841 0.77617 9.9991E-05
0.180192 9.9982E-05 0.819608 9.9982E-05
0.598593 9.9982E-05 9.9982E-05 0.401207
0.299553 9.9982E-05 9.9982E-05 0.700247
0.414471 9.9982E-05 9.9982E-05 0.58533
0.121706 9.9991E-05 0.101032 0.777162
0.0588838 9.9991E-05 0.123189 0.817827
0.0411148 9.9982E-05 9.9982E-05 0.958685
0.294071 9.9982E-05 9.9982E-05 0.705729
0.461304 9.9982E-05 9.9982E-05 0.538496
0.881607 9.9982E-05 9.9982E-05 0.118193
0.0540125 9.9991E-05 0.110925 0.834962
9.99821E-05 0.0366126 9.99821E-05 0.963187
9.9982E-05 0.0387818 9.9982E-05 0.961018
9.9991E-05 0.0616162 0.00322211 0.935062
