9.99459E-05 0.0270614 9.99459E-05 0.337021 9.99459E-05 9.99459E-05 0.310817 9.99459E-05 0.324501 9.99459E-05
0.143648 0.318576 9.99639E-05 0.0274912 0.099968 9.99639E-05 0.190373 9.99639E-05 0.219544 9.99639E-05
9.9964E-05 0.138523 9.9964E-05 0.0213156 9.9964E-05 9.9964E-05 0.234289 0.20604 0.280936 0.118497
9.9955E-05 0.0902572 0.0257031 0.477405 9.9955E-05 9.9955E-05 9.9955E-05 0.3793 9.9955E-05 0.0268351
9.9964E-05 9.9964E-05 0.0333214 9.9964E-05 0.0241863 9.9964E-05 0.367848 0.404653 0.141723 0.0278684
9.9964E-05 9.9964E-05 9.9964E-05 0.29892 0.028359 9.9964E-05 0.0420196 0.36731 0.150197 0.112795
0.857153 9.9937E-05 9.9937E-05 0.0264441 9.9937E-05 9.9937E-05 9.9937E-05 9.9937E-05 9.9937E-05 0.115703
0.590979 9.9955E-05 0.0972765 9.9955E-05 0.114027 9.9955E-05 0.0538241 9.9955E-05 9.9955E-05 0.143394
0.783263 9.9946E-05 0.170116 0.0231269 9.9946E-05 9.9946E-05 9.9946E-05 0.0228946 9.9946E-05 9.9946E-05
0.752694 9.9946E-05 0.130374 0.0814867 9.9946E-05 9.9946E-05 9.9946E-05 9.9946E-05 9.9946E-05 0.0348451
0.849098 9.9946E-05 0.0616378 0.0294192 0.0592454 9.9946E-05 9.9946E-05 9.9946E-05 9.9946E-05 9.9946E-05
0.815009 9.9955E-05 9.9955E-05 9.9955E-05 0.00710577 0.0137787 9.9955E-05 0.0424955 0.121111 9.9955E-05
0.604676 9.9937E-05 0.382194 9.9937E-05 9.9937E-05 9.9937E-05 0.0124307 9.9937E-05 9.9937E-05 9.9937E-05
0.520858 9.9946E-05 0.443485 9.9946E-05 0.00519551 9.9946E-05 9.9946E-05 9.9946E-05 9.9946E-05 0.0298618
0.785382 9.9946E-05 0.134481 9.9946E-05 0.0288781 9.9946E-05 9.9946E-05 9.9946E-05 9.9946E-05 0.0506593
0.889433 9.99371E-05 0.031159 9.99371E-05 0.0787088 9.99371E-05 9.99371E-05 9.99371E-05 9.99371E-05 9.99371E-05
9.99549E-05 9.99549E-05 9.99549E-05 9.99549E-05 0.131644 9.99549E-05 0.0789163 0.203312 0.19949 0.386138
0.0236165 0.0755422 9.9955E-05 9.9955E-05 0.17553 9.9955E-05 9.9955E-05 0.016145 9.9955E-05 0.708667
9.9955E-05 9.9955E-05 0.0152595 0.0756127 9.9955E-05 9.9955E-05 9.9955E-05 0.198371 0.381789 0.328468
9.9964E-05 9.9964E-05 0.062499 0.133574 9.9964E-05 9.9964E-05 0.00295304 0.286943 0.0835253 0.430106
9.9955E-05 0.0422632 9.9955E-05 0.085197 9.9955E-05 9.9955E-05 0.25123 0.0462744 9.9955E-05 0.574536
9.9937E-05 9.9937E-05 9.9937E-05 0.272828 9.9937E-05 9.9937E-05 9.9937E-05 0.0667491 9.9937E-05 0.659724
0.0958836 0.0205204 9.9955E-05 9.9955E-05 0.0753012 9.9955E-05 0.171066 9.9955E-05 0.636729 9.9955E-05
9.9946E-05 9.9946E-05 9.9946E-05 0.0652673 0.0550748 9.9946E-05 0.213636 9.9946E-05 0.665423 9.9946E-05
9.9964E-05 9.9964E-05 0.00705785 0.159031 9.9964E-05 9.9964E-05 0.0183277 0.114031 0.697083 0.00407014
9.9946E-05 9.9946E-05 9.9946E-05 0.653657 9.9946E-05 9.9946E-05 0.075787 9.9946E-05 0.100577 0.169379
9.9955E-05 9.9955E-05 0.0818865 9.9955E-05 9.9955E-05 9.9955E-05 0.293674 0.0239966 0.313623 0.28632
9.9964E-05 9.9964E-05 0.103203 0.0864637 9.9964E-05 9.9964E-05 0.291423 0.179988 0.24965 0.0888726
0.0727054 0.0594811 9.9964E-05 0.0602256 0.157575 9.9964E-05 0.421982 9.9964E-05 9.9964E-05 0.227631
0.0326992 0.187762 0.0843041 0.0726413 9.9964E-05 9.9964E-05 0.378171 9.9964E-05 9.9964E-05 0.244022
0.113447 0.29657 9.9946E-05 9.9946E-05 9.9946E-05 9.9946E-05 9.9946E-05 0.258404 9.9946E-05 0.330979
0.0714638 0.0128916 9.99549E-05 9.99549E-05 9.99549E-05 9.99549E-05 0.0852172 0.50157 9.99549E-05 0.328357
9.9964E-05 0.000476589 9.9964E-05 0.12133 0.0255814 9.9964E-05 0.0888473 0.385063 9.9964E-05 0.378301
9.9928E-05 9.9928E-05 9.9928E-05 0.254216 9.9928E-05 9.9928E-05 9.9928E-05 9.9928E-05 0.744984 9.9928E-05
9.99279E-05 0.219201 9.99279E-05 9.99279E-05 9.99279E-05 9.99279E-05 9.99279E-05 9.99279E-05 0.78 9.99279E-05
0.00215171 9.9964E-05 9.9964E-05 9.9964E-05 9.9964E-05 0.0200679 0.212906 0.103027 0.376712 0.284736
9.99549E-05 0.198168 0.206854 9.99549E-05 9.99549E-05 0.0988933 9.99549E-05 0.0804525 0.415133 9.99549E-05
9.9946E-05 9.9946E-05 0.0264987 9.9946E-05 9.9946E-05 9.9946E-05 9.9946E-05 0.209684 0.627472 0.135746
9.9955E-05 0.187074 0.0883354 0.189831 9.9955E-05 9.9955E-05 9.9955E-05 9.9955E-05 0.430685 0.103575
9.9964E-05 9.9964E-05 9.9964E-05 0.0510383 9.9964E-05 0.0364619 0.0533938 0.166336 0.406653 0.285717
9.9937E-05 0.104502 9.9937E-05 0.746008 0.14879 9.9937E-05 9.9937E-05 9.9937E-05 9.9937E-05 9.9937E-05
9.9964E-05 0.0363959 0.0807867 0.581532 0.0420308 9.9964E-05 0.214013 0.0448423 9.9964E-05 9.9964E-05
9.99549E-05 0.0906476 0.154509 0.454324 9.99549E-05 9.99549E-05 9.99549E-05 0.294264 9.99549E-05 0.00575599
9.9964E-05 9.9964E-05 0.100807 0.208558 0.468817 0.073704 9.9964E-05 0.113915 0.0337996 9.9964E-05
9.99201E-05 9.99201E-05 9.99201E-05 0.999101 9.99201E-05 9.99201E-05 9.99201E-05 9.99201E-05 9.99201E-05 9.99201E-05
9.9955E-05 0.0502 0.0596607 0.841049 9.9955E-05 0.000923563 9.9955E-05 0.0476672 9.9955E-05 9.9955E-05
0.00156496 0.0879567 9.9937E-05 9.9937E-05 9.9937E-05 9.9937E-05 9.9937E-05 9.9937E-05 9.9937E-05 0.909779
9.99459E-05 0.362317 9.99459E-05 9.99459E-05 0.143772 0.038324 9.99459E-05 9.99459E-05 9.99459E-05 0.454988
9.99369E-05 0.59228 9.99369E-05 9.99369E-05 0.0278877 9.99369E-05 9.99369E-05 9.99369E-05 9.99369E-05 0.379133
9.9964E-05 0.521575 9.9964E-05 0.0233508 0.00743942 9.9964E-05 0.157554 9.9964E-05 0.0447433 0.244937
9.99549E-05 0.29752 0.031202 0.0169186 9.99549E-05 9.99549E-05 0.0323381 9.99549E-05 9.99549E-05 0.621522
0.000761312 9.9964E-05 9.9964E-05 0.105112 0.326643 0.0277244 9.9964E-05 9.9964E-05 0.150875 0.388484
9.9955E-05 9.9955E-05 9.9955E-05 0.020073 0.0699101 9.9955E-05 0.0834829 9.9955E-05 0.0704577 0.755577
9.9955E-05 9.9955E-05 0.0174874 0.252461 0.222585 9.9955E-05 9.9955E-05 9.9955E-05 0.211829 0.295138
9.99459E-05 9.99459E-05 9.99459E-05 0.151362 0.318065 9.99459E-05 9.99459E-05 9.99459E-05 0.207418 0.322555
9.99639E-05 9.99639E-05 0.124571 0.348158 9.99639E-05 9.99639E-05 0.0959218 0.068651 0.0755887 0.28671
0.334214 9.9946E-05 9.9946E-05 0.0453323 9.9946E-05 0.326911 9.9946E-05 9.9946E-05 0.292943 9.9946E-05
0.428792 9.9955E-05 0.337692 9.9955E-05 9.9955E-05 0.0770306 0.0201694 9.9955E-05 0.135815 9.9955E-05
9.9946E-05 9.9946E-05 0.361443 9.9946E-05 0.0205428 0.611863 9.9946E-05 9.9946E-05 0.00555202 9.9946E-05
0.21227 9.9964E-05 9.9964E-05 0.0227876 0.056061 0.619006 9.9964E-05 9.9964E-05 0.00489914 0.0845765
0.176854 9.9946E-05 0.000398584 9.9946E-05 0.0197176 0.802431 9.9946E-05 9.9946E-05 9.9946E-05 9.9946E-05
9.9937E-05 9.9937E-05 9.9937E-05 0.0315519 9.9937E-05 0.842898 9.9937E-05 9.9937E-05 9.9937E-05 0.12485
0.673458 0.302227 9.99369E-05 9.99369E-05 9.99369E-05 9.99369E-05 9.99369E-05 9.99369E-05 0.0236155 9.99369E-05
0.712786 9.9946E-05 9.9946E-05 9.9946E-05 9.9946E-05 9.9946E-05 9.9946E-05 0.151445 0.0999911 0.0351791
0.712178 9.9946E-05 9.9946E-05 9.9946E-05 9.9946E-05 0.155706 9.9946E-05 0.0844622 0.0470542 9.9946E-05
0.608827 9.9937E-05 0.20699 9.9937E-05 9.9937E-05 0.183484 9.9937E-05 9.9937E-05 9.9937E-05 9.9937E-05
0.52179 9.9946E-05 0.291184 0.110627 9.9946E-05 9.9946E-05 9.9946E-05 9.9946E-05 0.0757986 9.9946E-05
0.242592 9.99371E-05 0.679948 9.99371E-05 9.99371E-05 9.99371E-05 9.99371E-05 9.99371E-05 0.0767604 9.99371E-05
0.579368 0.0848142 0.078147 9.9955E-05 9.9955E-05 0.103282 9.9955E-05 9.9955E-05 0.15389 9.9955E-05
0.353974 9.9955E-05 0.244982 9.9955E-05 0.0203751 0.270082 9.9955E-05 9.9955E-05 0.110086 9.9955E-05
0.508622 0.105562 9.9955E-05 9.9955E-05 9.9955E-05 0.121675 9.9955E-05 0.0117166 0.251925 9.9955E-05
0.348136 9.9946E-05 0.186047 9.9946E-05 9.9946E-05 0.263307 9.9946E-05 9.9946E-05 0.20191 9.9946E-05
0.768392 9.9955E-05 9.9955E-05 9.9955E-05 9.9955E-05 0.0950498 0.00187668 0.0585882 0.075594 9.9955E-05
0.160872 9.9955E-05 0.211858 9.9955E-05 9.9955E-05 0.521009 9.9955E-05 0.00750015 9.9955E-05 0.0982619
0.146335 9.9955E-05 0.734497 0.0201614 9.9955E-05 9.9955E-05 9.9955E-05 9.9955E-05 0.0262754 0.0722314
9.9955E-05 0.0752424 0.189297 9.9955E-05 9.9955E-05 0.693256 9.9955E-05 9.9955E-05 0.00109214 0.0406127
0.243693 9.9946E-05 0.0846631 9.9946E-05 9.9946E-05 0.538307 9.9946E-05 0.132737 9.9946E-05 9.9946E-05
9.9928E-05 9.9928E-05 0.30636 9.9928E-05 9.9928E-05 0.692841 9.9928E-05 9.9928E-05 9.9928E-05 9.9928E-05
0.195708 9.9946E-05 0.128929 9.9946E-05 9.9946E-05 0.633196 9.9946E-05 9.9946E-05 0.0415678 9.9946E-05
0.557197 0.0213947 9.9955E-05 9.9955E-05 9.9955E-05 0.29143 9.9955E-05 9.9955E-05 0.0191508 0.110328
9.99461E-05 0.0118186 0.0103921 0.158311 9.99461E-05 0.818878 9.99461E-05 9.99461E-05 9.99461E-05 9.99461E-05
9.99551E-05 9.99551E-05 0.028088 0.0730202 9.99551E-05 9.99551E-05 0.828066 9.99551E-05 0.03736 0.0329659
9.9955E-05 9.9955E-05 0.0298938 0.0399376 0.840232 0.0266081 9.9955E-05 9.9955E-05 9.9955E-05 0.0628282
9.9946E-05 9.9946E-05 0.0626529 9.9946E-05 0.833953 0.037149 9.9946E-05 0.0656452 9.9946E-05 9.9946E-05
9.9955E-05 0.0247509 0.0825197 9.9955E-05 9.9955E-05 9.9955E-05 0.681093 0.152816 9.9955E-05 0.0583203
9.9946E-05 0.183658 9.9946E-05 9.9946E-05 9.9946E-05 0.0181358 0.691048 9.9946E-05 9.9946E-05 0.106559
9.9928E-05 0.951214 9.9928E-05 9.9928E-05 9.9928E-05 9.9928E-05 0.0479864 9.9928E-05 9.9928E-05 9.9928E-05
9.9964E-05 0.288442 0.0227105 0.122132 0.121038 0.0227861 9.9964E-05 0.422492 9.9964E-05 9.9964E-05
0.00446119 0.297999 9.9964E-05 0.123345 0.103172 9.9964E-05 9.9964E-05 0.453562 0.0170612 9.9964E-05
9.9955E-05 0.0761735 9.9955E-05 0.0572502 0.0245613 9.9955E-05 0.266513 0.575003 9.9955E-05 9.9955E-05
9.99459E-05 0.299845 9.99459E-05 9.99459E-05 0.179385 9.99459E-05 0.120548 0.399622 9.99459E-05 9.99459E-05
9.99371E-05 9.99371E-05 0.0394055 9.99371E-05 0.013153 9.99371E-05 9.99371E-05 0.946742 9.99371E-05 9.99371E-05
9.99371E-05 9.99371E-05 0.0272213 0.106709 9.99371E-05 9.99371E-05 9.99371E-05 0.86537 9.99371E-05 9.99371E-05
9.99549E-05 9.99549E-05 9.99549E-05 0.0857829 9.99549E-05 9.99549E-05 0.201862 0.610903 0.0617968 0.039156
9.9955E-05 0.0552603 9.9955E-05 9.9955E-05 0.0438723 9.9955E-05 9.9955E-05 0.845293 0.00776682 0.0473081
9.99459E-05 0.292204 9.99459E-05 0.0671616 9.99459E-05 9.99459E-05 9.99459E-05 0.55849 9.99459E-05 0.0815439
0.0398285 0.0964895 9.9964E-05 0.203511 9.9964E-05 9.9964E-05 0.0154166 0.612247 9.9964E-05 0.0321083
9.9946E-05 9.9946E-05 0.0134819 0.0341095 9.9946E-05 9.9946E-05 0.150591 0.801218 9.9946E-05 9.9946E-05
9.9946E-05 9.9946E-05 0.0180886 9.9946E-05 9.9946E-05 9.9946E-05 0.0442291 0.873131 0.0639518 9.9946E-05
0.0108425 9.99639E-05 9.99639E-05 0.316645 0.100107 9.99639E-05 0.111527 0.446088 0.0143903 9.99639E-05
9.9955E-05 0.119446 9.9955E-05 0.0393686 0.19119 9.9955E-05 0.496935 9.9955E-05 9.9955E-05 0.152561
9.9946E-05 9.9946E-05 9.9946E-05 0.18507 0.216045 9.9946E-05 0.589413 9.9946E-05 9.9946E-05 0.00887215
9.9946E-05 9.9946E-05 9.9946E-05 9.9946E-05 0.463704 9.9946E-05 0.434587 9.9946E-05 0.0561758 0.0449335
9.9955E-05 9.9955E-05 9.9955E-05 0.0179369 0.573171 9.9955E-05 0.368441 0.00403082 9.9955E-05 0.0359212
9.99459E-05 0.170454 9.99459E-05 9.99459E-05 9.99459E-05 0.0277499 0.747662 0.0535336 9.99459E-05 9.99459E-05
9.9946E-05 9.9946E-05 9.9946E-05 0.0615302 9.9946E-05 9.9946E-05 0.854924 9.9946E-05 0.0404187 0.0425271
9.9937E-05 9.9937E-05 9.9937E-05 9.9937E-05 9.9937E-05 9.9937E-05 0.735276 9.9937E-05 0.123516 0.140509
9.9937E-05 9.9937E-05 0.0478447 9.9937E-05 9.9937E-05 9.9937E-05 0.910636 9.9937E-05 9.9937E-05 0.0408193
9.9955E-05 0.0262166 0.0491035 9.9955E-05 9.9955E-05 9.9955E-05 0.755118 0.155234 0.0138282 9.9955E-05
9.9955E-05 9.9955E-05 9.9955E-05 0.00243078 0.0331472 9.9955E-05 0.637519 0.312489 0.0139145 9.9955E-05
9.9946E-05 9.9946E-05 9.9946E-05 0.0757556 9.9946E-05 9.9946E-05 0.719566 0.0660888 0.13799 9.9946E-05
9.9946E-05 9.9946E-05 9.9946E-05 9.9946E-05 0.115336 9.9946E-05 0.777803 0.0811241 0.0251372 9.9946E-05
9.99459E-05 0.0848277 9.99459E-05 0.368657 0.0317776 9.99459E-05 0.514138 9.99459E-05 9.99459E-05 9.99459E-05
9.9946E-05 9.9946E-05 9.9946E-05 9.9946E-05 0.387467 9.9946E-05 0.1818 0.20892 9.9946E-05 0.221213
9.9964E-05 0.0847185 9.9964E-05 0.00933701 0.0772904 9.9964E-05 0.528491 0.191907 0.107856 9.9964E-05
9.9973E-05 0.0534898 9.9973E-05 9.9973E-05 0.0602351 0.00722105 0.564235 0.230797 0.0608067 0.0229149
9.99371E-05 0.0668079 9.99371E-05 0.116355 9.99371E-05 9.99371E-05 0.816138 9.99371E-05 9.99371E-05 9.99371E-05
9.9946E-05 9.9946E-05 9.9946E-05 9.9946E-05 0.166917 9.9946E-05 0.726125 0.0305371 0.0758209 9.9946E-05
9.99369E-05 0.111542 9.99369E-05 9.99369E-05 9.99369E-05 9.99369E-05 0.666748 0.221011 9.99369E-05 9.99369E-05
9.9946E-05 0.0235976 9.9946E-05 9.9946E-05 0.651368 9.9946E-05 0.148481 9.9946E-05 0.175954 9.9946E-05
9.9946E-05 0.064582 9.9946E-05 9.9946E-05 0.668709 9.9946E-05 0.0577241 0.208386 9.9946E-05 9.9946E-05
9.99371E-05 9.99371E-05 9.99371E-05 9.99371E-05 0.491386 9.99371E-05 0.239004 0.26891 9.99371E-05 9.99371E-05
9.9946E-05 9.9946E-05 9.9946E-05 0.10028 0.100101 9.9946E-05 0.671776 0.127244 9.9946E-05 9.9946E-05
9.9955E-05 9.9955E-05 0.0714341 9.9955E-05 0.123222 9.9955E-05 0.46715 0.307277 0.0304167 9.9955E-05
9.995E-05 9.995E-05 9.995E-05 9.995E-05 0.111458 0.0112165 0.515944 0.251907 0.108975 9.995E-05
0.015318 9.9955E-05 9.9955E-05 9.9955E-05 0.0858967 9.9955E-05 0.685737 0.178578 9.9955E-05 0.0339707
0.0496776 9.9946E-05 9.9946E-05 9.9946E-05 9.9946E-05 0.166358 0.524175 9.9946E-05 0.25919 9.9946E-05
0.0166706 9.9964E-05 9.9964E-05 9.9964E-05 0.00745688 0.360863 0.559757 0.040489 0.0143642 9.9964E-05
9.9955E-05 0.0478558 9.9955E-05 9.9955E-05 0.231391 9.9955E-05 0.554794 0.121887 9.9955E-05 0.0435722
9.99459E-05 0.0754067 9.99459E-05 0.0129426 0.626062 9.99459E-05 0.284989 9.99459E-05 9.99459E-05 9.99459E-05
9.9955E-05 0.10752 9.9955E-05 0.0851021 0.254135 9.9955E-05 0.448459 9.9955E-05 0.104284 9.9955E-05
9.9955E-05 9.9955E-05 9.9955E-05 0.154531 0.473464 9.9955E-05 0.339296 0.00280611 0.0294041 9.9955E-05
9.9946E-05 0.115314 9.9946E-05 0.150547 0.614035 9.9946E-05 0.119504 9.9946E-05 9.9946E-05 9.9946E-05
9.9955E-05 0.0734126 0.0179831 9.9955E-05 9.9955E-05 0.00944398 0.897351 9.9955E-05 9.9955E-05 0.0013093
9.9937E-05 9.9937E-05 9.9937E-05 0.164752 0.525019 9.9937E-05 0.30953 9.9937E-05 9.9937E-05 9.9937E-05
9.99459E-05 9.99459E-05 9.99459E-05 0.159796 0.187482 9.99459E-05 0.602291 0.0498309 9.99459E-05 9.99459E-05
9.99639E-05 0.10371 9.99639E-05 0.0644151 0.253511 9.99639E-05 0.459652 0.0843233 9.99639E-05 0.0339882
0.00494402 0.0871577 9.9946E-05 9.9946E-05 0.334686 9.9946E-05 0.572612 9.9946E-05 9.9946E-05 9.9946E-05
0.37869 0.193279 9.9955E-05 9.9955E-05 0.067178 0.258918 9.9955E-05 9.9955E-05 0.101435 9.9955E-05
0.265645 0.0310194 9.9955E-05 9.9955E-05 9.9955E-05 0.627368 9.9955E-05 0.0194985 0.0559691 9.9955E-05
0.405278 0.0860421 9.9946E-05 0.0690171 9.9946E-05 0.439063 9.9946E-05 9.9946E-05 9.9946E-05 9.9946E-05
0.0156249 0.0561724 0.0472494 0.00137168 0.00769426 0.767753 9.9982E-05 9.9982E-05 0.0513054 0.0526293
9.9964E-05 0.0167424 0.174549 9.9964E-05 0.0354899 0.696261 9.9964E-05 0.0428568 0.033701 9.9964E-05
0.0116143 9.9937E-05 0.086476 9.9937E-05 9.9937E-05 0.90121 9.9937E-05 9.9937E-05 9.9937E-05 9.9937E-05
0.526666 9.9946E-05 0.152716 9.9946E-05 0.101523 0.218495 9.9946E-05 9.9946E-05 9.9946E-05 9.9946E-05
0.741014 0.0285838 0.0089859 9.9964E-05 9.9964E-05 0.130176 9.9964E-05 0.0866879 0.00415242 9.9964E-05
0.570869 0.428331 9.99281E-05 9.99281E-05 9.99281E-05 9.99281E-05 9.99281E-05 9.99281E-05 9.99281E-05 9.99281E-05
0.11869 9.9955E-05 0.29038 9.9955E-05 0.0272653 0.509117 0.0540478 9.9955E-05 9.9955E-05 9.9955E-05
9.99201E-05 9.99201E-05 0.999101 9.99201E-05 9.99201E-05 9.99201E-05 9.99201E-05 9.99201E-05 9.99201E-05 9.99201E-05
9.9937E-05 9.9937E-05 0.544783 9.9937E-05 9.9937E-05 0.424998 9.9937E-05 9.9937E-05 0.0295187 9.9937E-05
9.9937E-05 9.9937E-05 0.775408 9.9937E-05 9.9937E-05 0.197759 9.9937E-05 0.026134 9.9937E-05 9.9937E-05
