0.292003 0.00723055 9.9982E-05 0.499164 0.00636129 9.9982E-05 0.195041
0.154794 9.9982E-05 0.0347377 0.156242 0.32423 9.9982E-05 0.329795
0.496963 9.9982E-05 0.104726 0.231628 0.0873484 9.9982E-05 0.0791341
0.388534 9.9991E-05 0.179903 0.322235 0.0115242 0.0252866 0.0724173
0.780913 9.9973E-05 9.9973E-05 0.163559 0.0301047 0.025124 9.9973E-05
0.434698 9.9973E-05 0.130411 0.419862 9.9973E-05 9.9973E-05 0.0147284
9.9964E-05 0.59502 0.0764481 9.9964E-05 0.328132 9.9964E-05 9.9964E-05
0.0912967 0.671346 0.0931469 9.9982E-05 0.0663667 9.9982E-05 0.0776441
9.9964E-05 0.842163 9.9964E-05 9.9964E-05 0.113393 9.9964E-05 0.0440445
9.9973E-05 0.791941 0.0566346 0.00649371 0.144631 9.9973E-05 9.9973E-05
9.99639E-05 0.677288 9.99639E-05 9.99639E-05 0.312037 9.99639E-05 0.0102747
0.0123209 0.367162 9.9982E-05 0.0654264 0.515005 0.0398858 9.9982E-05
0.0229843 0.757835 9.9973E-05 9.9973E-05 0.0565038 0.162377 9.9973E-05
9.9964E-05 0.941554 0.0212006 9.9964E-05 9.9964E-05 0.0368458 9.9964E-05
9.9973E-05 0.778741 0.0360486 9.9973E-05 0.159525 9.9973E-05 0.0253856
9.9964E-05 0.720869 9.9964E-05 9.9964E-05 0.21903 9.9964E-05 0.059701
0.405798 9.9982E-05 0.192599 0.356423 9.9982E-05 0.0393274 0.00565278
0.0808322 0.0153456 0.713357 0.1111 9.9991E-05 0.064745 0.0145202
0.0459147 9.9973E-05 0.249998 0.652611 9.9973E-05 0.0511767 9.9973E-05
0.244676 9.9973E-05 0.221588 0.441575 9.9973E-05 0.0918613 9.9973E-05
0.298981 0.0393909 0.521646 0.139681 9.9973E-05 9.9973E-05 9.9973E-05
0.0162665 9.9973E-05 0.449456 0.472375 9.9973E-05 0.0616027 9.9973E-05
0.101329 9.9973E-05 9.9973E-05 0.495105 0.247272 9.9973E-05 0.155994
0.190249 9.9973E-05 9.9973E-05 0.647282 0.0204201 9.9973E-05 0.141749
0.134468 0.052153 9.99641E-05 0.812979 9.99641E-05 9.99641E-05 9.99641E-05
0.0985899 9.9973E-05 0.0688658 0.717566 9.9973E-05 9.9973E-05 0.114678
0.359735 9.9973E-05 0.0734862 0.456689 9.9973E-05 0.109789 9.9973E-05
0.448541 0.0591007 9.9973E-05 0.446821 9.9973E-05 0.0452381 9.9973E-05
0.329041 0.11125 0.266421 9.9973E-05 9.9973E-05 9.9973E-05 0.292988
0.248336 0.173797 0.422075 9.9973E-05 9.9973E-05 9.9973E-05 0.155492
0.133478 9.9973E-05 0.512352 0.0410587 0.312812 9.9973E-05 9.9973E-05
0.520654 9.9973E-05 0.271884 0.00510241 0.202059 9.9973E-05 9.9973E-05
0.413699 9.9964E-05 0.383762 0.202139 9.9964E-05 9.9964E-05 9.9964E-05
9.9973E-05 0.0282181 9.9973E-05 0.905226 0.0403941 9.9973E-05 0.025862
9.9955E-05 9.9955E-05 9.9955E-05 0.679536 0.319964 9.9955E-05 9.9955E-05
0.286897 0.0279996 0.154991 0.426841 0.103071 9.9982E-05 9.9982E-05
0.0247485 9.9982E-05 0.0429969 0.425611 0.312361 0.194083 9.9982E-05
0.194782 9.9982E-05 0.021996 0.61937 0.0876809 0.0759711 9.9982E-05
9.999E-05 0.0536152 0.192231 0.574635 0.013664 0.0336674 0.132087
0.129286 9.9973E-05 0.179784 0.635816 9.9973E-05 0.0548145 9.9973E-05
9.99641E-05 9.99641E-05 0.0257903 0.450484 9.99641E-05 9.99641E-05 0.523326
0.369134 9.9982E-05 0.0569664 0.321077 9.9982E-05 0.097065 0.155558
0.395109 9.9973E-05 0.208685 0.286512 9.9973E-05 0.109394 9.9973E-05
0.0605023 9.9973E-05 9.9973E-05 0.249153 9.9973E-05 0.173197 0.516848
0.307786 0.00760034 0.0853447 0.465753 9.9982E-05 9.9982E-05 0.133315
0.238024 9.9964E-05 0.177097 0.584479 9.9964E-05 9.9964E-05 9.9964E-05
9.9964E-05 9.9964E-05 0.725828 0.163546 9.9964E-05 0.110225 9.9964E-05
9.9964E-05 9.9964E-05 0.729973 9.9964E-05 0.101327 9.9964E-05 0.1683
9.9964E-05 9.9964E-05 0.808405 9.9964E-05 0.101756 9.9964E-05 0.0894398
9.9955E-05 9.9955E-05 0.642025 9.9955E-05 9.9955E-05 9.9955E-05 0.357475
0.0740122 0.0628258 0.809148 0.0537139 9.9973E-05 9.9973E-05 9.9973E-05
9.9973E-05 0.159103 0.193805 0.380275 9.9973E-05 9.9973E-05 0.266516
0.0166275 9.9973E-05 0.514388 0.356939 9.9973E-05 0.111745 9.9973E-05
9.9973E-05 9.9973E-05 0.120966 0.616762 9.9973E-05 0.0519407 0.210032
9.9973E-05 0.0400913 0.13764 0.588188 9.9973E-05 9.9973E-05 0.233781
0.236234 9.9973E-05 0.111351 0.565466 9.9973E-05 0.086649 9.9973E-05
9.9982E-05 0.190188 9.9982E-05 0.201786 0.28927 0.265788 0.0527674
0.0238072 0.56568 9.9973E-05 0.182525 9.9973E-05 0.227687 9.9973E-05
9.9973E-05 0.00123447 9.9973E-05 9.9973E-05 0.0278602 0.890439 0.0801668
9.9982E-05 0.178468 0.0564516 9.9982E-05 0.151433 0.504842 0.108605
9.9964E-05 0.0487523 9.9964E-05 9.9964E-05 0.324535 0.626313 9.9964E-05
9.9973E-05 9.9973E-05 0.147214 9.9973E-05 0.2071 0.641624 0.00376136
9.9955E-05 9.9955E-05 0.063659 9.9955E-05 0.935841 9.9955E-05 9.9955E-05
0.0596994 9.9973E-05 9.9973E-05 0.0331093 0.703085 0.203807 9.9973E-05
0.0387278 0.410509 9.9973E-05 9.9973E-05 0.411346 0.139117 9.9973E-05
9.9964E-05 0.619297 9.9964E-05 9.9964E-05 0.177998 0.202305 9.9964E-05
9.9973E-05 0.378687 9.9973E-05 0.141783 0.30396 0.17527 9.9973E-05
9.99641E-05 0.440298 9.99641E-05 0.106425 9.99641E-05 0.452878 9.99641E-05
9.9973E-05 0.108597 9.9973E-05 0.0851129 0.591366 0.214624 9.9973E-05
9.9964E-05 0.370644 9.9964E-05 9.9964E-05 0.264321 0.364635 9.9964E-05
0.0197591 0.168081 9.9982E-05 0.0766256 0.638394 0.0969399 9.9982E-05
0.00835767 0.252023 9.998E-05 0.105703 0.223485 0.410231 9.998E-05
0.0306897 0.104376 9.9973E-05 9.9973E-05 0.721636 0.142997 9.9973E-05
0.0686394 0.0873137 0.0150877 9.9982E-05 0.175815 0.652944 9.9982E-05
9.9973E-05 0.210901 0.024836 0.120519 9.9973E-05 0.643444 9.9973E-05
9.9964E-05 9.9964E-05 0.136572 9.9964E-05 0.148287 0.714741 9.9964E-05
0.0665661 9.9964E-05 9.9964E-05 9.9964E-05 0.301675 0.631359 9.9964E-05
0.0552986 9.9955E-05 9.9955E-05 9.9955E-05 9.9955E-05 0.944202 9.9955E-05
9.9973E-05 0.256361 9.9973E-05 9.9973E-05 0.109375 0.62256 0.0114042
9.9973E-05 0.0806933 0.037431 9.9973E-05 0.638726 0.242849 9.9973E-05
9.9973E-05 0.0584387 0.134786 9.9973E-05 0.0869113 0.719564 9.9973E-05
0.805963 9.9982E-05 0.0554724 0.0167486 9.9982E-05 0.0267316 0.0948841
9.9955E-05 9.9955E-05 9.9955E-05 9.9955E-05 9.9955E-05 0.124646 0.874854
0.101333 9.9964E-05 9.9964E-05 9.9964E-05 9.9964E-05 0.11495 0.783318
0.805579 0.0635929 0.130428 9.9964E-05 9.9964E-05 9.9964E-05 9.9964E-05
0.461343 0.0648783 0.238791 9.9973E-05 9.9973E-05 9.9973E-05 0.234688
9.99641E-05 9.99641E-05 0.386012 9.99641E-05 0.206793 9.99641E-05 0.406795
0.464315 9.99731E-05 0.139574 9.99731E-05 0.178477 9.99731E-05 0.217334
0.360134 0.0696329 0.177249 0.0327033 0.0791629 9.9991E-05 0.281017
0.832508 9.9964E-05 0.159353 9.9964E-05 9.9964E-05 9.9964E-05 0.00773911
0.452766 9.9973E-05 0.0834318 9.9973E-05 0.111775 9.9973E-05 0.351727
0.87176 9.99641E-05 9.99641E-05 9.99641E-05 0.0261192 0.101721 9.99641E-05
0.68585 9.9964E-05 9.9964E-05 0.251718 9.9964E-05 0.0620319 9.9964E-05
0.733464 0.0176013 0.0559787 0.192656 9.9973E-05 9.9973E-05 9.9973E-05
0.679041 9.9982E-05 0.0938498 0.123869 0.0992975 9.9982E-05 0.00374277
0.443447 9.9964E-05 0.435928 9.9964E-05 0.120226 9.9964E-05 9.9964E-05
0.568159 9.9973E-05 0.146445 0.228386 0.0567098 9.9973E-05 9.9973E-05
0.836247 9.9973E-05 9.9973E-05 0.0516889 0.0648032 0.0469612 9.9973E-05
0.7702 9.9973E-05 9.9973E-05 0.110071 0.103816 0.0156123 9.9973E-05
0.594985 0.00687881 9.9982E-05 0.240045 0.0325505 9.9982E-05 0.125341
0.297901 0.00770163 0.210055 0.00613442 9.9982E-05 9.9982E-05 0.478007
0.53015 9.9973E-05 0.0583369 0.00245395 9.9973E-05 9.9973E-05 0.408759
0.320872 9.9973E-05 0.0482844 0.0396764 9.9973E-05 9.9973E-05 0.590868
0.321933 9.9973E-05 0.0029112 0.0035405 9.9973E-05 9.9973E-05 0.671316
0.660071 9.9973E-05 0.180232 9.9973E-05 0.0422056 9.9973E-05 0.117192
0.893371 9.9964E-05 0.0862168 0.0200118 9.9964E-05 9.9964E-05 9.9964E-05
0.578118 9.9973E-05 0.168291 0.132288 9.9973E-05 9.9973E-05 0.121003
0.829509 0.0203312 0.0652905 9.9973E-05 9.9973E-05 9.9973E-05 0.084569
0.823791 0.0331834 0.0925413 9.9991E-05 0.000434822 0.00217473 0.0477744
0.83204 0.0269097 9.9973E-05 0.0223505 9.9973E-05 9.9973E-05 0.1184
0.858765 9.9973E-05 9.9973E-05 0.0939789 9.9973E-05 0.015523 0.0314335
0.807124 9.9955E-05 9.9955E-05 9.9955E-05 9.9955E-05 9.9955E-05 0.192376
0.440892 9.9973E-05 0.152884 0.0898129 9.9973E-05 9.9973E-05 0.316111
0.432495 9.9973E-05 0.0993844 9.9973E-05 9.9973E-05 0.0838495 0.383971
0.608781 9.9982E-05 0.13178 0.0220783 0.0101864 9.9982E-05 0.226975
0.804411 9.99731E-05 0.0814796 9.99731E-05 0.021952 9.99731E-05 0.0918572
0.705091 0.00699537 0.0630914 9.9973E-05 9.9973E-05 9.9973E-05 0.224522
0.731785 9.9964E-05 0.00436543 9.9964E-05 9.9964E-05 9.9964E-05 0.26345
0.714395 9.99639E-05 0.0876045 9.99639E-05 9.99639E-05 9.99639E-05 0.1976
0.140166 9.9973E-05 9.9973E-05 0.0893144 0.0822261 9.9973E-05 0.687994
0.298269 9.9964E-05 9.9964E-05 9.9964E-05 0.0747783 9.9964E-05 0.626553
0.484279 9.9964E-05 9.9964E-05 9.9964E-05 0.0632381 9.9964E-05 0.452083
0.86751 9.9955E-05 9.9955E-05 9.9955E-05 9.9955E-05 9.9955E-05 0.13199
0.759719 0.0473757 9.9973E-05 9.9973E-05 9.9973E-05 0.0661332 0.126472
0.694424 9.997E-05 9.997E-05 0.0403529 9.997E-05 0.0677802 0.197143
0.770087 9.9973E-05 0.0418946 9.9973E-05 0.0198774 9.9973E-05 0.167841
0.590306 0.147378 9.9982E-05 0.085027 9.9982E-05 0.110182 0.0669061
0.495253 9.9973E-05 9.9973E-05 9.9973E-05 0.0719318 0.294338 0.138177
0.623687 9.9964E-05 0.0760719 9.9964E-05 9.9964E-05 9.9964E-05 0.299842
0.236313 9.9964E-05 0.0457019 9.9964E-05 9.9964E-05 9.9964E-05 0.717585
0.426885 0.024455 9.9982E-05 0.0266598 0.0465008 9.9982E-05 0.475299
0.300481 0.0057123 9.9973E-05 0.0434204 9.9973E-05 9.9973E-05 0.650087
9.996E-05 9.996E-05 0.101906 0.0415308 9.996E-05 9.996E-05 0.856164
0.676151 9.9964E-05 0.100776 9.9964E-05 9.9964E-05 9.9964E-05 0.222673
0.216883 0.0103792 9.9973E-05 0.0703725 9.9973E-05 9.9973E-05 0.702065
0.64303 0.0046823 9.9964E-05 9.9964E-05 9.9964E-05 9.9964E-05 0.351888
0.431245 9.997E-05 0.130245 0.0193841 9.997E-05 9.997E-05 0.418825
0.351938 9.9973E-05 0.0164954 9.9973E-05 0.0384676 9.9973E-05 0.5928
9.9973E-05 9.9973E-05 0.00315822 9.9973E-05 0.706437 0.177013 0.113092
0.0102504 0.0834526 0.0124891 9.9982E-05 0.417381 0.476227 9.9982E-05
9.9982E-05 0.077743 0.0545616 9.9982E-05 0.517223 0.335839 0.0144337
9.99729E-05 9.99729E-05 0.0514615 9.99729E-05 0.108235 0.685878 0.154125
0.138496 0.06998 9.9973E-05 9.9973E-05 0.12566 0.665564 9.9973E-05
9.9964E-05 0.0720825 9.9964E-05 9.9964E-05 0.127631 0.799886 9.9964E-05
9.9982E-05 0.211238 9.9982E-05 0.00579841 0.404719 0.358054 0.0199901
0.00579058 0.172611 9.9973E-05 9.9973E-05 0.605564 0.215735 9.9973E-05
9.99552E-05 9.99552E-05 9.99552E-05 9.99552E-05 0.963957 9.99552E-05 0.0355437
0.0680981 0.189065 9.9973E-05 9.9973E-05 0.139108 0.60343 9.9973E-05
9.99641E-05 0.0991087 9.99641E-05 0.0328894 9.99641E-05 0.867602 9.99641E-05
9.9955E-05 9.9955E-05 9.9955E-05 0.0773838 9.9955E-05 0.922116 9.9955E-05
0.0298788 0.187472 9.9964E-05 9.9964E-05 9.9964E-05 0.782249 9.9964E-05
